#BLTrackFile2 
#x y z Px Py Pz t PDGid EventID TrackID ParentID Weight Bx By Bz Ex Ey Ez ProperTime PathLength PolX PolY PolZ InitX InitY InitZ InitT InitKE
2.37774 20.9801 0 -7.08474 15.1575 95.6125 1.73772 -13 1 1 0 1
0.30454 33.2063 0 -4.70715 22.5869 91.5708 1.22197 -13 2 1 0 1
-7.89892 -8.97695 0 3.62428 -5.8962 86.2588 2.47973 -13 3 1 0 1
6.92517 -28.5898 0 -8.78656 -18.3003 82.2617 0.832689 -13 4 1 0 1
6.19452 16.852 0 -8.42586 11.8542 88.9974 1.16923 -13 5 1 0 1
3.86951 -36.9884 0 -6.6518 -24.2542 85.8593 1.35544 -13 6 1 0 1
9.10666 11.9281 0 -11.5249 8.42497 95.0335 1.72096 -13 7 1 0 1
13.3638 24.0821 0 -13.8749 16.1257 87.2386 1.31823 -13 8 1 0 1
-8.34974 0.303124 0 3.9963 0.354121 85.3418 1.19687 -13 9 1 0 1
7.20505 32.5612 0 -9.01464 20.9653 83.0233 0.776969 -13 10 1 0 1
3.90544 34.5454 0 -6.85533 23.7608 88.0125 1.64431 -13 11 1 0 1
-11.3192 9.9504 0 5.80209 6.43657 85.9038 -0.409604 -13 12 1 0 1
14.8684 -8.8042 0 -15.3477 -6.74618 94.2171 0.233394 -13 13 1 0 1
-1.54401 41.7278 0 -1.69615 26.2564 81.4123 1.11722 -13 14 1 0 1
-9.04681 2.87018 0 1.92959 2.35969 93.3799 0.701662 -13 15 1 0 1
-0.830605 -25.607 0 -1.36436 -16.4227 82.2566 1.1637 -13 16 1 0 1
18.407 23.0405 0 -16.9992 16.6676 98.377 1.24345 -13 17 1 0 1
-4.66132 -41.455 0 0.802072 -27.5921 82.4401 1.85592 -13 18 1 0 1
-5.98034 18.742 0 0.30475 12.4567 89.9128 2.31643 -13 19 1 0 1
4.8928 11.3716 0 -6.57765 6.15716 72.791 2.29564 -13 20 1 0 1
16.6824 25.195 0 -16.9255 16.1744 85.044 1.34553 -13 21 1 0 1
4.41182 -12.3458 0 -6.75323 -6.75539 69.1442 2.85871 -13 22 1 0 1
8.79861 -10.7163 0 -11.1779 -6.77713 81.3838 1.82773 -13 23 1 0 1
-1.77293 -17.2881 0 -1.45917 -11.6097 86.9547 1.21627 -13 24 1 0 1
8.94526 -0.26065 0 -11.8157 -0.087248 73.4502 0.735432 -13 25 1 0 1
-8.94658 0.646787 0 1.75644 0.761514 93.46 1.21295 -13 26 1 0 1
-2.43933 -4.0227 0 -2.7884 -2.34987 91.7592 1.59604 -13 27 1 0 1
-8.31457 -21.4871 0 3.74519 -14.1839 85.6547 1.95103 -13 28 1 0 1
-16.4377 19.2712 0 9.86601 12.4895 86.2941 2.15226 -13 29 1 0 1
15.9677 22.098 0 -17.4823 14.0883 80.0291 1.33103 -13 30 1 0 1
5.47154 -3.71331 0 -8.23706 -2.64356 93.4073 1.40171 -13 31 1 0 1
-10.555 -3.17376 0 4.36303 -1.74628 89.0325 1.07285 -13 32 1 0 1
8.26012 -14.1185 0 -10.8398 -9.8188 94.0114 2.06716 -13 33 1 0 1
-9.24672 1.21144 0 3.95236 0.30908 89.1066 2.35117 -13 34 1 0 1
-0.152367 -26.6908 0 -2.60742 -17.5531 80.7088 1.02504 -13 35 1 0 1
-14.4009 -19.7703 0 6.93777 -13.7821 90.1536 2.12001 -13 36 1 0 1
-0.480725 8.31844 0 -5.14491 5.80193 97.8036 1.35424 -13 37 1 0 1
1.99127 9.59598 0 -6.78391 6.83105 97.1378 1.35564 -13 38 1 0 1
-2.83216 25.5003 0 -0.0621216 16.1268 82.1626 1.62125 -13 39 1 0 1
5.77442 23.3736 0 -8.61383 15.8752 89.2183 0.859603 -13 40 1 0 1
-15.4695 3.08241 0 9.24333 2.46242 87.3372 2.44119 -13 41 1 0 1
-2.84373 28.8537 0 0.822175 17.7742 77.7008 1.73113 -13 42 1 0 1
2.77086 -5.37686 0 -4.76055 -3.51543 83.8296 1.76954 -13 43 1 0 1
10.943 21.2656 0 -13.9303 12.6335 74.2677 -0.288808 -13 44 1 0 1
-9.04327 -17.4357 0 5.2121 -11.8431 83.8466 1.97492 -13 45 1 0 1
-3.99861 -14.2049 0 -1.01981 -9.63118 90.8863 0.78172 -13 46 1 0 1
-4.4136 -10.0424 0 1.83552 -6.03856 80.6086 1.57829 -13 47 1 0 1
0.496134 27.8288 0 -4.69194 18.4673 91.0745 2.06343 -13 48 1 0 1
13.2287 -25.3991 0 -13.9892 -18.3273 94.1926 1.78884 -13 49 1 0 1
-0.530574 -16.7979 0 -2.37076 -10.3365 83.1946 0.803146 -13 50 1 0 1
-13.3711 -28.5718 0 8.37162 -18.4956 84.1048 1.55423 -13 51 1 0 1
-17.618 18.991 0 9.29963 13.3402 90.1442 2.04103 -13 52 1 0 1
6.8066 -29.447 0 -8.85348 -18.6459 82.8935 0.716934 -13 53 1 0 1
-4.8184 15.5755 0 -1.08833 10.6222 93.0362 2.67449 -13 54 1 0 1
2.37227 -22.9692 0 -4.93351 -14.6407 83.6208 1.63409 -13 55 1 0 1
2.54589 13.997 0 -6.0425 8.9714 90.5393 0.998804 -13 56 1 0 1
2.205 -19.618 0 -5.01167 -13.2377 82.8791 1.95065 -13 57 1 0 1
2.98501 18.5172 0 -5.06406 11.4376 82.093 0.859811 -13 58 1 0 1
0.853169 -10.0758 0 -5.93217 -7.29115 96.1512 1.84231 -13 59 1 0 1
3.18429 -20.5089 0 -6.79776 -13.9163 91.4729 2.27104 -13 60 1 0 1
8.30617 3.43364 0 -10.54 1.62651 75.8005 1.4084 -13 61 1 0 1
-10.5197 -34.9854 0 11.9942 -20.7198 69.404 0.39331 -13 62 1 0 1
1.87007 -38.5484 0 -5.59198 -26.6349 89.7436 1.65048 -13 63 1 0 1
6.33331 -9.66853 0 -9.42963 -6.95911 94.2688 1.99803 -13 64 1 0 1
-13.4802 -5.66981 0 6.12379 -2.80957 90.4962 1.12323 -13 65 1 0 1
-4.58525 -0.397472 0 -0.341868 -0.0171697 88.8991 1.67092 -13 66 1 0 1
18.7817 -9.51225 0 -17.7838 -6.89278 95.7515 2.22481 -13 67 1 0 1
0.216712 -33.7463 0 0.799791 -17.1662 56.3822 1.84823 -13 68 1 0 1
18.5343 0.260941 0 -17.545 0.352939 93.2996 1.79174 -13 69 1 0 1
-7.45681 5.05121 0 1.36551 4.12584 92.6092 1.4464 -13 70 1 0 1
6.91733 -16.9383 0 -9.13293 -10.8502 83.7925 1.11144 -13 71 1 0 1
-4.7412 -20.9988 0 4.13103 -12.7669 74.9679 0.982991 -13 72 1 0 1
-14.0394 -23.0538 0 8.20999 -15.3399 84.7419 0.0877749 -13 73 1 0 1
-2.02589 30.5443 0 -1.75972 19.8445 84.2661 1.54346 -13 74 1 0 1
-4.97725 9.24034 0 -0.221656 6.39433 89.0166 0.00580117 -13 75 1 0 1
-12.8651 30.1735 0 5.06851 20.8113 90.4486 1.52059 -13 76 1 0 1
-1.67698 16.1205 0 -2.18199 10.4504 87.6169 2.00024 -13 77 1 0 1
0.449721 6.66749 0 -4.74436 4.72768 91.0177 0.278489 -13 78 1 0 1
7.7898 -38.4424 0 -10.1441 -25.1446 83.3706 1.1324 -13 79 1 0 1
-9.29786 -36.4491 0 0.977416 -25.7399 93.7595 1.08445 -13 80 1 0 1
-0.00167071 25.5189 0 -4.34511 17.2388 90.4382 0.668173 -13 81 1 0 1
-7.4732 30.5844 0 0.837723 20.9205 91.2779 1.4085 -13 82 1 0 1
-4.99623 38.562 0 -1.30243 27.1754 92.3582 1.08313 -13 83 1 0 1
-8.26852 -19.1235 0 3.49621 -12.2005 87.9146 0.75056 -13 84 1 0 1
-0.646461 -16.5689 0 -4.24526 -11.8785 95.0011 1.10761 -13 85 1 0 1
-13.6936 -7.44043 0 5.46988 -4.96244 92.1901 1.05281 -13 86 1 0 1
0.275424 -27.6567 0 -4.54073 -19.0627 90.7616 1.57019 -13 87 1 0 1
-11.2219 -14.8087 0 12.0236 -8.89455 73.452 0.683126 -13 88 1 0 1
-9.83487 11.4174 0 -0.399446 7.69419 99.9953 1.92545 -13 89 1 0 1
12.5844 17.3681 0 -13.9155 11.7952 95.3931 0.792082 -13 90 1 0 1
3.86166 -25.8713 0 -6.435 -16.806 82.193 1.83048 -13 91 1 0 1
4.49747 40.6996 0 -6.28518 24.3548 70.9024 3.17179 -13 92 1 0 1
-9.67942 22.8124 0 5.46159 15.8156 84.2078 2.12783 -13 93 1 0 1
9.43849 5.54336 0 -11.3255 3.31951 82.0178 1.6353 -13 94 1 0 1
-12.5308 24.674 0 3.56482 17.4045 94.764 2.38668 -13 95 1 0 1
-10.2212 -19.3013 0 0.635285 -13.3107 98.673 0.453474 -13 96 1 0 1
-3.35556 -12.8741 0 -1.00242 -8.13728 89.0444 2.20417 -13 97 1 0 1
4.33612 6.17641 0 -6.32451 4.26203 83.7416 1.08361 -13 98 1 0 1
-8.16796 -4.33508 0 2.05023 -3.26053 91.8551 2.58924 -13 99 1 0 1
-12.3068 27.1449 0 11.8837 16.0282 75.4792 0.268678 -13 100 1 0 1
2.3917 -36.1532 0 -6.60692 -25.9729 90.8487 1.79077 -13 101 1 0 1
-7.01449 -39.8097 0 4.78506 -24.3592 77.2159 1.33462 -13 102 1 0 1
-7.94988 -27.2236 0 3.32695 -17.5468 85.0647 1.51278 -13 103 1 0 1
11.3451 17.3591 0 -12.4144 11.9638 88.3033 0.932907 -13 104 1 0 1
-1.39434 -22.5487 0 -0.760003 -14.8672 80.4497 1.9756 -13 105 1 0 1
2.75928 28.5961 0 -4.77485 18.1297 79.6349 0.456948 -13 106 1 0 1
12.5754 -5.47926 0 -13.782 -2.53675 92.0788 1.70122 -13 107 1 0 1
-4.34409 -13.9266 0 -0.0204764 -8.41541 88.5666 1.14695 -13 108 1 0 1
7.67967 -32.9097 0 -9.84363 -20.7893 79.2905 2.46893 -13 109 1 0 1
-3.95273 -10.499 0 0.924047 -7.10329 83.1394 3.52947 -13 110 1 0 1
-4.71639 -33.831 0 0.065958 -22.7633 86.7811 0.658707 -13 111 1 0 1
-4.27109 -20.7035 0 1.52185 -12.954 81.6117 1.47806 -13 112 1 0 1
-8.42674 32.8254 0 3.80626 21.7836 83.9396 2.44612 -13 113 1 0 1
-10.4212 3.57809 0 4.53576 2.18102 88.6605 1.43359 -13 114 1 0 1
11.1165 28.8469 0 -12.4956 20.3219 88.251 0.643746 -13 115 1 0 1
-6.60988 -30.9606 0 0.725836 -20.8254 89.7668 2.54419 -13 116 1 0 1
-2.60955 -10.8673 0 -1.50612 -6.60765 88.1176 0.778328 -13 117 1 0 1
-3.56484 4.24749 0 0.480302 3.50948 80.7993 1.50542 -13 118 1 0 1
-12.257 1.99917 0 6.3477 0.444098 87.5503 0.86571 -13 119 1 0 1
8.67573 11.0312 0 -10.3769 7.61508 90.4079 1.2994 -13 120 1 0 1
6.80164 10.4197 0 -10.0568 7.04741 98.9149 1.50539 -13 121 1 0 1
10.9641 -16.4877 0 -12.5034 -12.182 93.386 0.241105 -13 122 1 0 1
1.29883 13.9879 0 -4.6127 9.53697 90.3351 0.634372 -13 123 1 0 1
2.65505 33.9755 0 -5.49942 22.5009 85.4339 2.63671 -13 124 1 0 1
-11.5676 -21.0657 0 4.96633 -13.9424 89.0857 2.04078 -13 125 1 0 1
-10.2373 32.1701 0 5.07356 22.1814 86.0385 2.17877 -13 126 1 0 1
-7.58042 -14.4148 0 3.19969 -10.3128 87.3375 2.68899 -13 127 1 0 1
7.84382 -19.2803 0 -9.50342 -12.5764 82.3051 3.19359 -13 128 1 0 1
-12.5689 5.63239 0 11.4683 3.3988 76.2883 1.40082 -13 129 1 0 1
-1.13307 17.2558 0 -2.65308 11.2363 86.6989 1.32434 -13 130 1 0 1
-7.25703 -14.9358 0 2.16652 -10.1125 88.1665 1.66232 -13 131 1 0 1
-11.6009 -17.5972 0 3.06066 -12.715 94.6696 1.03147 -13 132 1 0 1
-3.30701 14.2744 0 -0.173823 9.19569 84.7394 3.11662 -13 133 1 0 1
-10.585 -30.7593 0 3.81334 -21.3414 89.8203 0.992213 -13 134 1 0 1
-1.4402 38.1098 0 -3.01347 25.3361 86.3296 1.38101 -13 135 1 0 1
11.9909 -3.03554 0 -13.8894 -1.86204 78.8717 2.77267 -13 136 1 0 1
2.73681 17.6552 0 -4.69469 10.8706 82.1453 1.60742 -13 137 1 0 1
-10.3383 9.7095 0 4.203 6.34229 89.7285 1.67841 -13 138 1 0 1
5.22308 3.1285 0 -8.08977 2.05596 92.0685 0.0209544 -13 139 1 0 1
1.47398 15.2998 0 -4.36898 9.42782 85.6177 0.90694 -13 140 1 0 1
-10.3974 -29.2084 0 7.80515 -17.8241 78.5914 1.82216 -13 141 1 0 1
6.64688 20.7116 0 -8.41417 12.6243 74.8867 0.453555 -13 142 1 0 1
8.64257 6.18471 0 -11.0023 4.46593 98.6962 1.60517 -13 143 1 0 1
6.24466 -11.0349 0 -9.50263 -7.79486 95.8475 1.82751 -13 144 1 0 1
12.6111 18.7745 0 -13.9121 11.8982 88.3797 1.71674 -13 145 1 0 1
4.70002 17.0913 0 -7.58345 9.9513 66.632 1.17974 -13 146 1 0 1
9.12828 23.425 0 -10.9434 15.0441 80.6195 0.750773 -13 147 1 0 1
8.94002 -12.0698 0 -11.7282 -6.90233 75.994 0.878282 -13 148 1 0 1
-11.1605 20.0061 0 5.49452 13.9406 86.6543 1.39945 -13 149 1 0 1
10.2565 -0.324224 0 -11.7188 -0.594334 88.0585 2.21003 -13 150 1 0 1
12.2005 -4.32281 0 -13.1503 -1.72596 91.9201 0.712364 -13 151 1 0 1
0.663403 -12.7176 0 -5.26874 -9.56724 94.2302 0.713159 -13 152 1 0 1
-0.743075 11.5842 0 -3.2128 7.77046 87.6824 0.527827 -13 153 1 0 1
7.64617 -5.87411 0 -9.7574 -3.83171 94.3793 0.800451 -13 154 1 0 1
-1.39025 -19.598 0 -1.04537 -12.5913 81.1305 1.46422 -13 155 1 0 1
-4.00419 -2.45953 0 -0.622501 -2.06493 89.6333 2.52453 -13 156 1 0 1
-11.413 -20.8208 0 5.66358 -13.9941 87.4471 2.65045 -13 157 1 0 1
16.1166 -18.2039 0 -16.2972 -13.4051 94.3965 2.07989 -13 158 1 0 1
-0.289089 -19.1117 0 -4.52479 -13.601 92.2569 1.03253 -13 159 1 0 1
-8.59145 34.4341 0 1.55107 23.7786 91.5792 1.00347 -13 160 1 0 1
-15.2798 -4.94671 0 8.76007 -3.40545 87.1888 1.4825 -13 161 1 0 1
-16.9128 2.06601 0 6.00618 1.18695 96.8144 0.969443 -13 162 1 0 1
-5.14984 -20.9022 0 3.09052 -13.9177 78.1953 3.63678 -13 163 1 0 1
6.24724 40.2019 0 -8.57757 25.9061 82.0577 1.78204 -13 164 1 0 1
8.35231 23.5138 0 -10.7013 14.978 82.6077 1.58111 -13 165 1 0 1
4.91497 -1.17709 0 -7.39477 -0.478512 76.0676 1.78044 -13 166 1 0 1
-7.28824 -25.5697 0 1.94462 -17.0535 87.6366 1.48608 -13 167 1 0 1
1.44644 23.7085 0 -5.43775 15.677 90.66 0.182731 -13 168 1 0 1
17.967 -14.4179 0 -18.0476 -9.69064 87.9759 2.91854 -13 169 1 0 1
-4.81862 -2.12065 0 -1.17878 -1.2331 92.3274 1.96864 -13 170 1 0 1
-16.8262 19.4031 0 11.0734 12.7943 84.9359 1.70667 -13 171 1 0 1
9.86768 -23.2649 0 -11.5494 -16.4941 90.6261 2.00262 -13 172 1 0 1
-16.5994 -18.1186 0 4.17933 -13.962 100.321 2.26075 -13 173 1 0 1
-11.9977 -1.14215 0 5.35533 -1.0254 89.9886 1.08152 -13 174 1 0 1
-9.82777 2.44764 0 10.5635 0.660152 73.0695 0.402331 -13 175 1 0 1
15.3481 -23.8733 0 -15.6603 -16.9705 90.6847 0.705063 -13 176 1 0 1
-3.57392 -25.069 0 1.99363 -15.3599 74.9636 2.61059 -13 177 1 0 1
14.5832 -18.5649 0 -15.0003 -11.6567 84.3043 1.90037 -13 178 1 0 1
-0.726536 -18.5404 0 -2.10277 -12.3298 81.8369 2.8465 -13 179 1 0 1
18.4801 -7.28641 0 -18.1966 -5.24778 86.0239 1.00581 -13 180 1 0 1
-14.0182 -22.3999 0 11.7383 -14.1887 78.2314 2.52514 -13 181 1 0 1
-4.24259 -41.4624 0 0.99646 -25.9461 80.6895 0.443419 -13 182 1 0 1
-16.4913 -10.8826 0 5.71765 -7.84134 96.5393 1.09992 -13 183 1 0 1
-7.55951 11.6648 0 4.89324 6.57772 79.5009 2.2515 -13 184 1 0 1
-13.6654 -7.71372 0 5.76476 -5.34214 91.9055 0.207944 -13 185 1 0 1
-3.53169 18.7536 0 -2.82657 12.8645 95.7373 0.449998 -13 186 1 0 1
8.78443 -21.54 0 -10.428 -13.6309 83.3861 0.69198 -13 187 1 0 1
15.5177 19.108 0 -15.5552 13.8693 96.5154 1.19562 -13 188 1 0 1
-1.4506 -10.6618 0 -0.679812 -7.1679 80.9426 1.23584 -13 189 1 0 1
11.4198 -4.19149 0 -13.6792 -2.16099 75.2051 3.18181 -13 190 1 0 1
-2.85236 15.1714 0 -2.65668 10.2147 93.4377 1.44676 -13 191 1 0 1
3.10578 -9.89218 0 -5.91153 -5.56181 83.561 1.82513 -13 192 1 0 1
-7.08893 15.0885 0 -1.86638 11.6858 99.498 2.49196 -13 193 1 0 1
-0.447094 -2.04222 0 -4.47878 -1.21109 94.026 0.957677 -13 194 1 0 1
-12.4756 -11.1475 0 13.1146 -6.94281 74.633 1.96965 -13 195 1 0 1
-2.23847 19.7929 0 0.475487 12.3454 78.439 2.34429 -13 196 1 0 1
-3.06232 39.8747 0 2.40065 23.2798 70.9261 0.0777641 -13 197 1 0 1
-5.30664 12.658 0 -1.96728 8.13025 97.3968 -0.12919 -13 198 1 0 1
5.53366 2.51382 0 -8.1543 1.46941 86.1929 0.576207 -13 199 1 0 1
-13.1011 21.6 0 4.43017 15.712 93.2921 0.68295 -13 200 1 0 1
-1.81589 20.1692 0 -4.10976 14.4341 95.6864 2.07564 -13 201 1 0 1
-6.86687 0.0355251 0 -1.99053 0.17312 99.3341 2.18708 -13 202 1 0 1
-10.7987 -29.2506 0 2.01837 -21.5182 95.5502 1.85286 -13 203 1 0 1
2.74671 30.7512 0 -6.83957 21.5474 93.0415 1.5338 -13 204 1 0 1
6.5128 22.3223 0 -8.15184 15.2089 84.8111 1.31284 -13 205 1 0 1
0.898389 -23.7683 0 -3.14898 -14.4778 76.2818 0.331761 -13 206 1 0 1
-6.95381 -20.442 0 0.862669 -13.768 91.8006 0.248739 -13 207 1 0 1
4.07804 -9.8736 0 -8.2418 -7.10793 97.2842 1.68797 -13 208 1 0 1
-4.07119 26.1762 0 -0.823485 18.4066 88.1926 1.63913 -13 209 1 0 1
-11.2092 26.1523 0 5.97938 17.3916 84.9029 2.06902 -13 210 1 0 1
-1.0077 8.07847 0 -4.19481 5.70407 93.5916 -0.0961738 -13 211 1 0 1
-8.46175 -32.6311 0 1.38031 -22.5861 90.9957 0.659187 -13 212 1 0 1
-5.07805 -10.9209 0 -1.76306 -7.87551 94.8434 1.27103 -13 213 1 0 1
1.65534 -19.9495 0 -4.28857 -12.8326 83.9212 2.19469 -13 214 1 0 1
9.22213 -36.9549 0 -11.192 -25.5922 89.26 0.726407 -13 215 1 0 1
-4.53197 19.7466 0 0.350787 12.8979 84.6112 1.74006 -13 216 1 0 1
-9.55935 -28.0986 0 7.80426 -16.8492 76.7527 1.58272 -13 217 1 0 1
-2.12512 23.6032 0 -1.6639 15.1231 85.109 1.45868 -13 218 1 0 1
-8.46778 2.47757 0 -0.399746 2.09165 99.9105 2.7031 -13 219 1 0 1
8.39118 -24.5868 0 -10.1587 -16.068 80.3139 -0.0912277 -13 220 1 0 1
8.70349 -13.7189 0 -10.7885 -9.5868 88.2159 0.0357367 -13 221 1 0 1
-3.93487 41.5415 0 1.28256 26.0148 77.3585 2.28861 -13 222 1 0 1
7.85171 -32.0926 0 -9.81263 -20.4325 84.9562 1.38103 -13 223 1 0 1
9.26648 14.4707 0 -11.346 10.4909 95.8232 2.00662 -13 224 1 0 1
-13.4549 -4.38747 0 14.4824 -2.2104 73.6898 2.24195 -13 225 1 0 1
-12.2489 9.80165 0 4.73916 6.80154 92.741 1.21843 -13 226 1 0 1
9.06963 29.9049 0 -10.5992 18.6771 77.348 1.63668 -13 227 1 0 1
-5.60594 -33.8811 0 7.27037 -19.1457 68.2731 2.44577 -13 228 1 0 1
-0.518168 15.3179 0 -3.97536 11.0121 93.0507 0.724244 -13 229 1 0 1
4.30017 3.35383 0 -6.50744 2.63288 75.3913 0.740588 -13 230 1 0 1
5.34115 24.6596 0 -8.35838 17.2545 88.4756 0.771171 -13 231 1 0 1
9.8283 5.19228 0 -11.1491 3.76122 81.1797 1.48387 -13 232 1 0 1
-6.44506 40.2519 0 2.82402 26.4673 80.6264 1.44036 -13 233 1 0 1
-0.756307 -33.5948 0 -2.07154 -21.4944 80.9361 1.65975 -13 234 1 0 1
8.4183 28.4474 0 -10.6509 17.4317 77.1564 2.80208 -13 235 1 0 1
4.37202 -41.328 0 -6.69801 -27.2116 82.9736 2.57762 -13 236 1 0 1
-14.1695 -29.2158 0 6.05597 -20.5511 89.8622 2.3239 -13 237 1 0 1
-0.852456 -40.2107 0 -3.05132 -26.7344 86.7806 2.3986 -13 238 1 0 1
-1.95983 33.2836 0 -4.1208 23.3752 94.6455 2.06923 -13 239 1 0 1
14.4049 20.1633 0 -15.2426 14.7907 94.3569 1.35774 -13 240 1 0 1
-3.58837 1.03789 0 3.52203 -0.254558 72.1708 2.27893 -13 241 1 0 1
0.278932 18.4625 0 -2.63169 12.0088 81.2126 1.22044 -13 242 1 0 1
-2.3993 0.704066 0 -1.29653 0.365814 86.8083 1.98002 -13 243 1 0 1
5.60659 40.8243 0 -8.30491 28.2746 88.314 1.13383 -13 244 1 0 1
-10.0212 -18.7432 0 1.67651 -13.2927 95.4997 2.02063 -13 245 1 0 1
8.34298 -36.8655 0 -10.4643 -25.4504 88.0163 1.73496 -13 246 1 0 1
11.8277 5.24552 0 -12.6436 3.33214 91.9829 1.46742 -13 247 1 0 1
1.87268 -25.9536 0 -4.71641 -18.1787 87.2609 1.60348 -13 248 1 0 1
4.71806 -15.8355 0 -7.66154 -10.6363 88.0579 1.0605 -13 249 1 0 1
2.90184 39.0619 0 -4.9572 23.1778 72.4001 2.72275 -13 250 1 0 1
-8.3759 -14.2947 0 -0.780658 -10.2477 99.0986 0.923795 -13 251 1 0 1
1.2871 0.833967 0 -3.8689 0.170818 82.0309 2.15405 -13 252 1 0 1
11.4463 -12.0064 0 -12.5435 -8.5985 88.6794 2.03578 -13 253 1 0 1
-2.52529 -25.8632 0 -1.10806 -16.5855 85.7142 2.97473 -13 254 1 0 1
-9.41513 -3.35837 0 2.03646 -2.72915 93.1778 1.37294 -13 255 1 0 1
3.67612 8.67923 0 -7.61059 5.97164 94.9869 1.29066 -13 256 1 0 1
7.25129 26.9707 0 -9.2237 16.546 77.7982 2.05625 -13 257 1 0 1
-7.20809 27.7557 0 0.977389 18.2597 90.2951 2.99565 -13 258 1 0 1
14.1079 -13.4497 0 -15.738 -8.45802 79.0446 1.44175 -13 259 1 0 1
8.37096 23.2994 0 -10.901 16.7416 90.6391 1.11209 -13 260 1 0 1
-2.87184 -16.0569 0 -1.55054 -10.5004 88.2949 1.67435 -13 261 1 0 1
-68.1913 30.1726 0 -27.1916 6.74703 87.7098 2.65501 -13 262 1 0 1
-4.00076 -27.5772 0 -2.14783 -19.4595 94.0982 0.702914 -13 263 1 0 1
-1.86924 -38.7612 0 -4.65559 -27.3005 96.3597 1.24519 -13 264 1 0 1
-6.83778 -13.6309 0 3.27281 -9.49935 83.662 0.38178 -13 265 1 0 1
5.27165 37.3851 0 -8.80193 25.8811 91.3153 2.91835 -13 266 1 0 1
-4.46422 8.81094 0 1.27286 6.19988 82.5629 1.68271 -13 267 1 0 1
1.15072 43.2131 0 -3.63778 27.3507 78.1301 2.75779 -13 268 1 0 1
14.6479 -25.8504 0 -16.3844 -16.359 79.2691 0.889172 -13 269 1 0 1
-7.37595 15.9382 0 6.77972 9.67495 74.9779 1.69158 -13 270 1 0 1
9.68062 -37.8992 0 -11.4934 -26.0445 86.6418 1.45096 -13 271 1 0 1
14.5835 -2.60107 0 -14.7118 -1.34956 94.6451 1.81341 -13 272 1 0 1
6.09206 1.68971 0 -8.57376 1.37871 91.5596 1.88196 -13 273 1 0 1
-20.7562 10.037 0 9.58008 6.6145 95.6503 1.56464 -13 274 1 0 1
-11.1326 -29.4069 0 4.42281 -19.3061 88.3386 2.23602 -13 275 1 0 1
5.1041 -20.8401 0 -7.07646 -14.1581 82.5121 3.00061 -13 276 1 0 1
-1.89279 -24.23 0 -2.26705 -16.2696 88.0389 1.73029 -13 277 1 0 1
1.34255 18.1442 0 -5.05345 12.576 89.7787 1.58192 -13 278 1 0 1
-3.46161 6.99659 0 -1.72877 4.35694 92.7083 0.88336 -13 279 1 0 1
-12.6492 -7.53376 0 8.65697 -4.53387 83.0023 2.01657 -13 280 1 0 1
-4.86811 25.9082 0 5.09393 15.1569 71.9601 1.94521 -13 281 1 0 1
-15.2033 -15.8678 0 4.26016 -11.6798 97.8638 1.41658 -13 282 1 0 1
-3.78843 -26.4313 0 -1.97161 -18.0968 92.3307 1.97117 -13 283 1 0 1
4.61279 15.1524 0 -6.95205 9.79017 84.5581 2.02079 -13 284 1 0 1
-6.76708 -4.77364 0 4.46643 -3.23508 78.9872 1.48807 -13 285 1 0 1
-2.36595 7.29565 0 -0.879807 4.0567 84.6779 1.1998 -13 286 1 0 1
-4.6895 0.660603 0 -1.48006 0.125192 94.2321 1.67773 -13 287 1 0 1
-4.04187 -29.1761 0 0.301128 -19.1345 85.2568 0.632629 -13 288 1 0 1
14.4209 28.7088 0 -15.1038 19.5986 87.4992 0.81057 -13 289 1 0 1
-9.76829 -7.53721 0 4.74878 -5.49225 87.278 1.72486 -13 290 1 0 1
7.3027 -26.437 0 -9.20412 -18.2301 88.1043 0.103633 -13 291 1 0 1
1.29822 0.101005 0 -4.0704 -0.0966204 82.212 2.96441 -13 292 1 0 1
-5.96105 -15.9537 0 3.07149 -10.3158 79.6085 0.485828 -13 293 1 0 1
1.06493 -33.2816 0 -3.64536 -22.085 82.5655 1.28841 -13 294 1 0 1
4.16177 35.8432 0 -6.11316 22.5412 79.4007 1.72606 -13 295 1 0 1
-1.91889 2.83941 0 -2.49958 2.11433 88.1866 2.41046 -13 296 1 0 1
6.71832 26.7597 0 -8.68776 16.9677 75.9995 2.87002 -13 297 1 0 1
6.26776 -22.3939 0 -8.77358 -14.9513 90.0254 1.90064 -13 298 1 0 1
19.0561 -10.2761 0 -18.0666 -6.58109 94.9715 0.958201 -13 299 1 0 1
-3.2764 -39.4252 0 -1.12333 -25.6981 83.8838 1.59294 -13 300 1 0 1
14.6638 -24.5395 0 -17.4517 -15.676 74.5647 2.31234 -13 301 1 0 1
-13.7356 2.73294 0 8.49899 2.80365 85.8331 0.281231 -13 302 1 0 1
-15.5009 -1.1672 0 10.8388 -0.648936 84.758 1.47585 -13 303 1 0 1
-8.12054 25.8162 0 4.19285 17.0596 84.9865 0.941667 -13 304 1 0 1
6.22889 31.457 0 -9.17776 22.1293 88.3792 1.63322 -13 305 1 0 1
7.60486 31.0665 0 -9.4029 20.1437 85.9249 0.765249 -13 306 1 0 1
7.64509 20.8963 0 -10.1307 14.3923 91.4702 1.14667 -13 307 1 0 1
5.19938 14.4315 0 -7.09828 8.67945 74.4453 0.800751 -13 308 1 0 1
-5.24782 -32.836 0 0.181707 -22.5402 88.1182 -0.222612 -13 309 1 0 1
-6.54486 -29.0832 0 -2.02882 -20.7059 95.432 1.17815 -13 310 1 0 1
-4.66948 30.976 0 -0.892496 20.5584 88.6239 1.4961 -13 311 1 0 1
-17.7986 6.54901 0 11.9388 4.36989 85.5144 2.13255 -13 312 1 0 1
7.77663 -14.5323 0 -10.6398 -9.90111 97.6479 1.22378 -13 313 1 0 1
9.89673 -37.7328 0 -11.6894 -26.2796 85.7883 0.165899 -13 314 1 0 1
-13.1805 -6.04276 0 5.62344 -4.59718 91.2062 1.65936 -13 315 1 0 1
11.6408 -33.9645 0 -13.003 -23.6504 89.3864 2.43473 -13 316 1 0 1
9.00221 7.51912 0 -11.3195 6.32152 90.4105 0.97122 -13 317 1 0 1
-3.40444 -32.7023 0 1.73672 -20.4971 79.1483 2.50204 -13 318 1 0 1
-21.0207 1.23211 0 10.2442 0.956089 93.9287 2.5669 -13 319 1 0 1
2.63863 -19.233 0 -5.99434 -12.2755 88.4339 2.81417 -13 320 1 0 1
-9.65022 -23.6381 0 3.61268 -16.0327 89.0534 1.7488 -13 321 1 0 1
2.65965 -4.07665 0 -6.55203 -2.26152 93.7753 1.75973 -13 322 1 0 1
-5.43575 -16.2582 0 -0.47757 -11.6237 91.2781 1.53 -13 323 1 0 1
-13.5249 21.9814 0 8.72693 13.6974 84.5499 1.58493 -13 324 1 0 1
-1.77882 -6.48307 0 -3.62643 -4.22687 95.3297 2.41103 -13 325 1 0 1
-0.479204 1.65667 0 -4.20004 1.31695 94.8521 1.90277 -13 326 1 0 1
-7.77153 38.8769 0 -0.633553 27.4741 94.7373 1.72861 -13 327 1 0 1
5.85491 30.3822 0 -8.11584 20.0202 85.5267 0.56007 -13 328 1 0 1
10.7799 -26.7342 0 -12.3499 -18.1213 87.9078 2.43997 -13 329 1 0 1
14.9757 4.85175 0 -15.4516 3.00407 86.0321 0.723387 -13 330 1 0 1
-12.6553 -33.0036 0 6.73737 -22.4547 85.0924 1.18793 -13 331 1 0 1
-4.64505 -17.2535 0 -1.62985 -12.3037 92.7914 3.61187 -13 332 1 0 1
-0.145521 -23.3337 0 -5.04048 -16.0692 95.2072 2.34517 -13 333 1 0 1
-16.2237 27.9549 0 8.758 18.661 88.7105 1.14272 -13 334 1 0 1
1.87961 -17.3602 0 -5.48237 -10.7408 89.6672 1.64444 -13 335 1 0 1
7.70993 0.609451 0 -9.48372 -0.105749 77.7853 2.25576 -13 336 1 0 1
4.68224 30.4184 0 -7.7614 19.194 85.1474 1.94977 -13 337 1 0 1
-1.78658 -3.41517 0 -0.985726 -2.16786 82.6654 1.48063 -13 338 1 0 1
1.81075 -21.6802 0 -4.75182 -14.7661 84.2206 1.3169 -13 339 1 0 1
-12.0765 -15.399 0 2.88174 -11.1696 95.4437 1.76433 -13 340 1 0 1
11.635 -3.71042 0 -12.6343 -2.24584 89.9374 0.573834 -13 341 1 0 1
4.47382 18.0661 0 -7.5875 12.1296 92.3012 1.21025 -13 342 1 0 1
15.2842 -19.6383 0 -16.2384 -13.4741 82.7188 1.11387 -13 343 1 0 1
13.974 8.9193 0 -14.7603 6.64808 98.9276 2.37325 -13 344 1 0 1
6.06283 14.9965 0 -9.06089 10.4357 93.4305 2.06748 -13 345 1 0 1
-10.9477 -11.3855 0 4.50971 -7.67124 89.0824 2.63 -13 346 1 0 1
4.50451 -1.28435 0 -7.0452 -1.35701 86.3798 1.57484 -13 347 1 0 1
2.86587 14.5202 0 -6.54627 9.80186 90.423 1.51146 -13 348 1 0 1
3.26017 -12.8699 0 -6.36646 -9.02793 89.4562 2.00033 -13 349 1 0 1
1.73861 25.0499 0 -4.05707 16.4726 82.9168 1.68596 -13 350 1 0 1
-0.942515 2.49249 0 -2.08127 1.51719 86.5877 2.34221 -13 351 1 0 1
0.606266 -16.5105 0 -4.8841 -12.2045 90.1787 1.66774 -13 352 1 0 1
1.58268 -39.9158 0 -4.20067 -25.0714 80.3306 3.47079 -13 353 1 0 1
-1.39124 31.3702 0 -1.2409 19.9227 80.728 2.196 -13 354 1 0 1
-3.95789 -12.7472 0 -2.97155 -9.58075 97.678 1.78874 -13 355 1 0 1
-8.96244 26.6519 0 7.36047 16.709 76.4729 1.68551 -13 356 1 0 1
-3.23409 -28.2229 0 -0.529768 -18.7968 84.9251 1.80215 -13 357 1 0 1
-18.4913 3.07868 0 11.678 2.12916 87.9472 2.74286 -13 358 1 0 1
-3.88406 -18.938 0 -2.69778 -13.4891 96.1162 1.98931 -13 359 1 0 1
13.6109 -21.5215 0 -14.4931 -14.9529 91.1936 2.38536 -13 360 1 0 1
1.5694 41.7134 0 -5.82039 29.148 90.2838 0.287838 -13 361 1 0 1
-10.7164 12.9248 0 5.65837 8.70182 85.3776 0.00846311 -13 362 1 0 1
-13.6304 15.8866 0 5.00428 11.3312 93.5401 1.9999 -13 363 1 0 1
8.39531 30.6128 0 -10.3575 19.6707 82.4844 1.80766 -13 364 1 0 1
-11.1497 -19.6539 0 3.44636 -13.732 93.0961 2.93722 -13 365 1 0 1
8.6995 -18.2046 0 -10.7577 -13.1981 93.7517 0.800326 -13 366 1 0 1
-2.65823 -10.7558 0 -1.04187 -7.27113 85.5461 0.848154 -13 367 1 0 1
14.222 -9.71554 0 -16.201 -6.09877 78.8311 1.52868 -13 368 1 0 1
-14.0614 -23.9853 0 7.99754 -15.27 85.9724 1.59352 -13 369 1 0 1
-5.55553 -16.6771 0 0.62358 -11.1322 87.8944 1.71167 -13 370 1 0 1
16.0168 20.4719 0 -17.3602 13.2444 81.9465 0.243214 -13 371 1 0 1
-14.8709 8.21878 0 11.2962 5.14152 82.2099 1.01891 -13 372 1 0 1
-16.43 -6.81471 0 8.88829 -4.47754 88.6936 1.82347 -13 373 1 0 1
7.92632 5.78277 0 -9.8777 3.51837 85.0616 0.994404 -13 374 1 0 1
6.03023 9.33514 0 -8.32765 5.5971 86.4841 2.27551 -13 375 1 0 1
-9.38128 -16.0194 0 3.15262 -10.8906 89.9585 2.43753 -13 376 1 0 1
-0.775309 -33.2748 0 -2.23397 -21.3882 85.0462 1.79293 -13 377 1 0 1
-10.4354 0.659273 0 1.72901 0.267945 96.8926 1.47048 -13 378 1 0 1
14.2186 27.7694 0 -14.8003 21.2448 95.1206 -0.106944 -13 379 1 0 1
-6.40203 -13.4518 0 0.566135 -9.31165 90.2421 0.656672 -13 380 1 0 1
-12.343 9.19652 0 8.40928 6.70511 82.6094 1.49732 -13 381 1 0 1
2.54429 -27.2707 0 -4.59427 -17.1679 76.8095 2.44406 -13 382 1 0 1
-8.30675 -30.229 0 0.474937 -21.7052 94.7651 2.18005 -13 383 1 0 1
-7.78316 -18.7203 0 -0.71724 -13.446 98.0594 1.36305 -13 384 1 0 1
-10.8859 -1.01198 0 6.53251 -1.15942 83.62 1.80805 -13 385 1 0 1
10.4462 18.3131 0 -12.8237 10.8441 73.5137 0.535113 -13 386 1 0 1
2.56053 2.24933 0 -5.31736 1.50333 89.2034 0.600163 -13 387 1 0 1
11.6366 -31.0802 0 -13.0812 -21.807 95.6901 1.95486 -13 388 1 0 1
-4.06392 -15.0538 0 -1.63828 -10.0139 91.8686 1.56573 -13 389 1 0 1
7.12064 -7.61018 0 -9.33945 -4.83845 88.0212 1.70938 -13 390 1 0 1
-3.0193 0.790423 0 -3.43039 0.397871 97.8087 1.61536 -13 391 1 0 1
-15.843 17.2455 0 9.6668 11.0021 86.5557 1.32869 -13 392 1 0 1
-14.0509 3.28453 0 7.15577 2.66286 89.5309 1.56378 -13 393 1 0 1
-10.0918 0.876983 0 1.78539 0.456872 95.2226 2.50367 -13 394 1 0 1
-1.06424 -31.6887 0 -3.34279 -21.8346 89.7347 2.53618 -13 395 1 0 1
2.65059 10.6439 0 -6.24038 7.0183 91.9351 0.907339 -13 396 1 0 1
-0.439948 26.9579 0 -3.48047 18.2761 87.3948 0.924902 -13 397 1 0 1
-2.09879 -16.9856 0 -6.23087 -11.8869 98.1988 0.680662 -13 398 1 0 1
-15.8103 -20.2854 0 11.043 -12.3688 83.3918 0.953483 -13 399 1 0 1
12.0322 5.80635 0 -13.5519 3.38324 96.7933 0.760266 -13 400 1 0 1
5.44181 -33.2285 0 -8.68094 -23.1457 90.559 3.52956 -13 401 1 0 1
3.75927 -9.25986 0 -6.66074 -5.60227 86.6688 1.27476 -13 402 1 0 1
-9.7855 -3.13246 0 2.63749 -2.29532 92.3471 0.70689 -13 403 1 0 1
3.27592 24.7432 0 -6.65862 16.7212 87.995 1.56643 -13 404 1 0 1
5.75001 -5.3968 0 -8.73813 -3.61051 89.6474 1.50719 -13 405 1 0 1
-10.457 20.7449 0 5.65447 13.744 85.149 1.43785 -13 406 1 0 1
-6.6992 -21.4977 0 5.8593 -13.0438 76.3665 1.12635 -13 407 1 0 1
0.146509 19.1471 0 -1.41072 10.9963 71.1848 2.46455 -13 408 1 0 1
-9.94173 -16.3011 0 4.61611 -10.4507 87.5433 1.44027 -13 409 1 0 1
2.86602 38.9591 0 -5.08677 24.7088 77.6139 1.63152 -13 410 1 0 1
-15.5746 29.7397 0 7.0527 20.705 90.6187 1.48125 -13 411 1 0 1
-1.59257 -14.2648 0 -2.95546 -9.53693 91.1431 1.84883 -13 412 1 0 1
-6.72618 33.0255 0 -1.23652 23.4158 96.3979 0.232668 -13 413 1 0 1
1.85727 -25.7074 0 -4.46696 -16.2575 79.8077 1.33416 -13 414 1 0 1
5.30187 -14.5346 0 -7.49611 -9.50339 81.6463 0.318502 -13 415 1 0 1
-11.3551 -33.2547 0 2.99829 -22.5167 92.6978 1.67853 -13 416 1 0 1
10.2961 10.39 0 -12.1867 7.21033 90.6456 0.127467 -13 417 1 0 1
-6.60846 -5.45592 0 1.13172 -4.63687 91.1389 1.864 -13 418 1 0 1
3.74572 -1.71745 0 -7.17822 -1.07294 94.0421 1.86646 -13 419 1 0 1
15.9556 1.44119 0 -16.4384 1.59149 85.982 1.46624 -13 420 1 0 1
-1.88971 15.2343 0 -3.76881 10.4205 93.8431 0.629252 -13 421 1 0 1
-1.05775 -19.5056 0 -5.03653 -14.1479 97.8867 0.996921 -13 422 1 0 1
-20.4715 -15.4501 0 9.50674 -9.68614 94.2767 2.82159 -13 423 1 0 1
-8.13832 -19.6691 0 4.57792 -12.4919 83.4992 2.17146 -13 424 1 0 1
-14.2974 6.42023 0 9.68935 4.26624 83.4497 1.07076 -13 425 1 0 1
-12.2751 -7.01049 0 4.6421 -5.35309 92.9728 2.33709 -13 426 1 0 1
-11.1853 -32.19 0 13.3061 -18.2854 69.4715 1.57481 -13 427 1 0 1
10.0983 -20.7934 0 -12.5069 -12.3384 77.3721 2.56162 -13 428 1 0 1
-1.59116 -0.225223 0 -1.10436 -0.662611 80.7918 1.5901 -13 429 1 0 1
1.16614 -22.456 0 -4.0169 -14.9065 85.0083 1.65878 -13 430 1 0 1
-10.0345 8.06271 0 4.91971 5.57459 87.2285 1.27956 -13 431 1 0 1
0.978392 29.1189 0 -4.03147 18.8762 83.3681 1.60608 -13 432 1 0 1
-11.3207 19.9203 0 7.26058 12.2087 83.299 0.682581 -13 433 1 0 1
-6.76902 -23.2591 0 3.58281 -15.2374 82.1862 2.00791 -13 434 1 0 1
4.50209 14.8348 0 -7.09396 10.0824 90.3394 1.59481 -13 435 1 0 1
5.93278 -21.9027 0 -7.929 -14.1404 80.6515 2.7797 -13 436 1 0 1
13.7961 -12.6166 0 -14.5491 -9.01628 85.6482 0.744773 -13 437 1 0 1
5.29075 -19.4485 0 -7.18876 -12.8652 84.3839 2.2353 -13 438 1 0 1
10.8585 -22.7855 0 -13.3515 -14.8361 76.8557 1.24464 -13 439 1 0 1
7.46698 -7.26866 0 -10.2669 -4.77875 70.1256 -0.834509 -13 440 1 0 1
-11.6173 14.5806 0 5.19833 8.89577 88.1524 1.57166 -13 441 1 0 1
-11.6069 3.69409 0 6.36853 2.19736 87.2985 0.163736 -13 442 1 0 1
3.10144 32.5576 0 -6.34552 16.9862 57.1378 3.02322 -13 443 1 0 1
-2.24189 42.5838 0 -2.52026 29.6625 88.1613 2.37425 -13 444 1 0 1
0.267038 -17.7227 0 -1.09172 -10.3677 72.7538 1.71648 -13 445 1 0 1
-12.1713 32.2049 0 1.80383 23.3186 96.0593 2.45973 -13 446 1 0 1
1.28463 22.4705 0 -5.98159 15.1918 93.3012 1.08236 -13 447 1 0 1
-2.56203 28.3613 0 -1.3101 18.4708 85.5119 1.22534 -13 448 1 0 1
-7.20205 -31.7884 0 3.60285 -20.92 82.4114 2.80463 -13 449 1 0 1
4.3006 -5.52765 0 -7.77 -4.22761 92.1217 2.2444 -13 450 1 0 1
4.3879 18.4905 0 -7.29053 12.0818 92.0144 1.77897 -13 451 1 0 1
-14.2682 2.39732 0 11.7135 1.4057 79.4585 1.12327 -13 452 1 0 1
4.04654 -0.445287 0 -8.34454 0.264089 98.8298 2.48903 -13 453 1 0 1
-1.97169 -37.4657 0 -3.12935 -25.8435 89.6249 1.03581 -13 454 1 0 1
17.7971 -8.31316 0 -17.4548 -6.00168 90.1863 0.793951 -13 455 1 0 1
12.1543 26.6298 0 -13.3813 18.3861 92.9678 1.34041 -13 456 1 0 1
15.1873 -8.55266 0 -15.7867 -6.13922 84.6303 1.58569 -13 457 1 0 1
5.09176 28.1923 0 -8.40369 19.9116 92.4178 2.15716 -13 458 1 0 1
-1.79895 17.2217 0 -2.39389 11.8273 88.7989 1.04548 -13 459 1 0 1
3.25176 -18.2742 0 -7.81239 -12.792 98.4283 1.18208 -13 460 1 0 1
4.27366 -10.501 0 -6.89369 -7.32012 87.5321 2.5438 -13 461 1 0 1
-11.5742 29.1154 0 2.01791 21.2231 96.9495 0.678615 -13 462 1 0 1
-3.43994 21.7168 0 3.09762 12.4157 71.3098 2.36054 -13 463 1 0 1
-6.24302 -11.3828 0 0.58399 -7.0437 90.3704 2.02758 -13 464 1 0 1
11.515 -26.7036 0 -13.0602 -17.5067 79.9039 2.08447 -13 465 1 0 1
8.56362 5.46519 0 -10.9739 4.06836 95.6597 1.60255 -13 466 1 0 1
9.5076 -12.1135 0 -12.7029 -9.17033 99.4538 2.43334 -13 467 1 0 1
-6.81469 34.2212 0 1.48325 22.3705 87.2458 2.76717 -13 468 1 0 1
-16.6041 -4.86756 0 12.2287 -3.82222 83.3449 1.20789 -13 469 1 0 1
-9.22574 37.705 0 4.12573 24.6934 84.557 2.61099 -13 470 1 0 1
-15.4913 22.942 0 5.3158 16.1527 95.2408 0.165093 -13 471 1 0 1
12.6542 -29.5172 0 -14.4197 -18.8658 78.8732 2.41258 -13 472 1 0 1
-0.0304856 37.1974 0 -1.91797 22.7019 77.2921 1.11938 -13 473 1 0 1
6.4181 -0.938119 0 -8.93152 -0.221889 93.8656 0.6669 -13 474 1 0 1
16.5291 2.58846 0 -16.9855 1.86343 88.9493 0.505315 -13 475 1 0 1
-18.0639 -11.1493 0 8.00454 -8.29329 94.1102 1.39817 -13 476 1 0 1
1.70565 26.8094 0 -5.1843 17.95 87.4239 1.48376 -13 477 1 0 1
-11.1999 19.127 0 4.25482 13.6989 91.7096 0.813209 -13 478 1 0 1
15.9487 24.7034 0 -16.0483 16.4653 86.5399 1.69693 -13 479 1 0 1
-1.27235 -30.0552 0 -2.42374 -20.3936 89.1176 1.63716 -13 480 1 0 1
-10.1845 1.40838 0 11.0115 0.252228 72.8335 1.08299 -13 481 1 0 1
7.31153 -16.5404 0 -9.44138 -11.0198 85.877 1.89105 -13 482 1 0 1
4.27297 18.6188 0 -7.11931 13.0035 90.5851 2.95937 -13 483 1 0 1
5.90484 20.7594 0 -8.5067 11.1502 68.7925 1.46602 -13 484 1 0 1
-2.2115 -7.98368 0 -1.65491 -5.30448 88.2725 0.989072 -13 485 1 0 1
-4.89194 32.0682 0 1.94858 20.4529 80.4234 1.27809 -13 486 1 0 1
8.39507 16.1947 0 -10.2413 10.6657 83.9116 1.05277 -13 487 1 0 1
0.949345 -18.3533 0 -2.70068 -11.1966 78.0043 1.63679 -13 488 1 0 1
-1.04342 -34.0401 0 -4.97351 -23.996 95.7329 1.24985 -13 489 1 0 1
2.21129 4.04979 0 -7.1028 2.82987 97.1335 1.34325 -13 490 1 0 1
-2.62722 -19.7427 0 -1.57688 -13.7448 88.0088 0.301906 -13 491 1 0 1
-15.7877 16.0449 0 4.61098 11.9594 98.4324 1.6631 -13 492 1 0 1
13.8591 -8.64904 0 -15.9457 -5.7505 77.0597 0.76669 -13 493 1 0 1
-0.584395 28.9144 0 -2.35652 19.4294 84.1042 1.35744 -13 494 1 0 1
-5.84511 -20.8929 0 0.357741 -13.7039 90.1977 1.89484 -13 495 1 0 1
-1.14841 36.4666 0 -3.99254 25.2075 91.0004 1.09387 -13 496 1 0 1
-8.46131 38.1876 0 1.50831 25.6015 90.6805 1.41234 -13 497 1 0 1
-1.9123 40.7366 0 -0.622254 24.9358 80.0555 1.07046 -13 498 1 0 1
-0.179252 -19.9677 0 -3.09209 -13.1254 86.3384 1.31306 -13 499 1 0 1
-12.7388 -27.6478 0 3.97863 -18.3123 93.3972 1.66634 -13 500 1 0 1
-3.11367 -37.4039 0 1.33658 -22.9673 74.3069 1.02261 -13 501 1 0 1
-14.5738 -18.8572 0 6.463 -12.337 91.8278 0.416839 -13 502 1 0 1
6.78568 -19.9398 0 -9.08406 -13.5595 86.9003 1.8078 -13 503 1 0 1
7.06972 29.1991 0 -9.57697 17.7333 73.2408 2.9261 -13 504 1 0 1
-14.6299 15.9426 0 9.51827 10.7968 83.8621 2.24893 -13 505 1 0 1
2.56649 -14.6454 0 -5.44819 -9.86224 87.5377 1.28436 -13 506 1 0 1
11.1674 -14.9144 0 -12.7414 -10.1228 91.3379 2.05069 -13 507 1 0 1
18.866 -0.425736 0 -18.6137 -1.17794 89.6653 -0.0293775 -13 508 1 0 1
3.25538 19.8902 0 -7.27462 14.3751 94.0888 1.11873 -13 509 1 0 1
9.56833 -15.928 0 -11.6926 -10.6888 86.4503 1.9442 -13 510 1 0 1
-19.0846 9.81076 0 9.47639 7.1259 92.983 0.127411 -13 511 1 0 1
9.06787 11.8601 0 -10.7281 9.07928 88.7871 0.292479 -13 512 1 0 1
-3.14699 15.0648 0 -0.0205689 9.71284 83.107 1.67544 -13 513 1 0 1
-2.27707 36.279 0 -1.04988 22.9691 82.5702 1.0068 -13 514 1 0 1
9.60041 -5.74679 0 -10.8652 -3.50006 81.0444 1.21924 -13 515 1 0 1
1.29693 -18.5306 0 -5.51122 -12.6253 92.1169 0.829479 -13 516 1 0 1
12.5029 -11.0172 0 -14.3483 -6.73124 98.2104 1.25075 -13 517 1 0 1
11.3403 -5.52647 0 -12.3846 -3.58372 87.9339 0.0373219 -13 518 1 0 1
-1.07709 37.7155 0 -2.56306 24.3894 83.8113 1.33119 -13 519 1 0 1
-9.58358 2.34457 0 -0.63884 2.78591 100.652 2.54393 -13 520 1 0 1
-10.7114 6.20749 0 7.18894 4.11369 81.7836 2.16864 -13 521 1 0 1
-3.91162 -37.9193 0 -0.422163 -24.7858 83.7595 0.845491 -13 522 1 0 1
12.606 -18.127 0 -14.1883 -11.9224 84.2091 0.542322 -13 523 1 0 1
-12.4675 -32.9164 0 8.51019 -21.2623 80.6712 1.79211 -13 524 1 0 1
17.1953 -4.61162 0 -16.8989 -2.68233 91.4279 0.492465 -13 525 1 0 1
-3.32702 12.022 0 -2.09932 8.77794 92.8665 1.03704 -13 526 1 0 1
-9.76387 4.62 0 0.0232045 3.36723 101.306 1.46724 -13 527 1 0 1
-0.0755798 32.7779 0 -2.45078 20.6832 79.3187 0.517073 -13 528 1 0 1
-10.8911 17.8064 0 3.71439 12.2236 90.8576 2.00214 -13 529 1 0 1
-7.48063 -4.38852 0 2.22903 -2.77681 90.0921 1.32224 -13 530 1 0 1
-5.324 -19.5002 0 1.50759 -11.6887 84.0651 2.06309 -13 531 1 0 1
10.3891 25.6264 0 -11.7448 18.2637 91.848 0.931409 -13 532 1 0 1
13.3182 7.41192 0 -14.1687 5.72027 89.7045 1.48828 -13 533 1 0 1
-3.29095 -0.580231 0 -1.29104 0.169799 90.1826 2.22577 -13 534 1 0 1
-9.8186 17.2601 0 2.22726 11.626 93.8214 1.17864 -13 535 1 0 1
14.0213 -23.6126 0 -15.1056 -16.7772 96.2426 1.09584 -13 536 1 0 1
7.76339 13.2044 0 -9.86802 8.94954 82.2465 2.60943 -13 537 1 0 1
-18.0287 6.07811 0 11.0315 3.73838 87.7004 3.02286 -13 538 1 0 1
9.51642 32.2024 0 -12.8811 23.849 95.0028 1.7653 -13 539 1 0 1
4.344 -22.0069 0 -8.05941 -15.3146 93.8252 1.44599 -13 540 1 0 1
-2.08636 -16.0063 0 -0.0876307 -9.45102 77.3786 1.43476 -13 541 1 0 1
3.52926 28.562 0 -7.20581 21.4139 95.1634 1.4395 -13 542 1 0 1
10.9937 21.4423 0 -13.6906 12.5679 74.1895 0.996555 -13 543 1 0 1
6.56253 -15.8706 0 -8.24035 -9.29247 76.409 0.204965 -13 544 1 0 1
-6.37398 6.84997 0 1.39966 4.47562 88.139 2.17719 -13 545 1 0 1
-7.93486 -19.7316 0 9.64565 -11.6442 73.188 1.81202 -13 546 1 0 1
0.966765 -21.3993 0 -3.86609 -13.8724 82.3918 1.82116 -13 547 1 0 1
-0.32508 20.7832 0 -2.30197 13.5652 81.6667 1.09678 -13 548 1 0 1
-18.8625 -7.04285 0 10.3933 -4.85507 90.6536 0.956415 -13 549 1 0 1
3.79234 -17.6579 0 -6.66632 -11.8943 87.6387 0.845998 -13 550 1 0 1
5.1589 17.1275 0 -8.91876 12.0704 97.2363 0.169966 -13 551 1 0 1
-8.97544 26.1584 0 5.03019 17.0654 82.7904 1.83054 -13 552 1 0 1
3.99541 -42.2317 0 -6.18833 -27.0038 79.2935 0.960894 -13 553 1 0 1
3.53137 -4.77657 0 -7.92556 -2.87084 99.4065 0.517787 -13 554 1 0 1
6.3595 28.8176 0 -8.91077 19.04 87.3972 2.0327 -13 555 1 0 1
7.90208 -8.99714 0 -10.1591 -6.11983 77.2837 1.70532 -13 556 1 0 1
13.5089 4.4386 0 -14.7786 3.29001 98.3316 2.01751 -13 557 1 0 1
3.65121 14.1988 0 -5.34232 9.21498 78.4202 1.18322 -13 558 1 0 1
-0.922381 -31.0532 0 -4.23239 -21.201 93.547 0.678533 -13 559 1 0 1
1.14855 -17.363 0 -5.11607 -12.0438 91.3179 0.878973 -13 560 1 0 1
1.72069 31.7588 0 -5.07585 20.8743 87.2558 1.32878 -13 561 1 0 1
-15.8263 -12.2637 0 6.39194 -7.98902 93.5698 0.260429 -13 562 1 0 1
2.11409 -37.845 0 -5.25392 -24.6405 85.2495 2.62069 -13 563 1 0 1
2.22256 -21.9338 0 -5.44263 -14.0686 85.6576 1.6409 -13 564 1 0 1
-3.29828 29.978 0 -0.686447 19.3805 84.8793 2.94268 -13 565 1 0 1
12.5876 0.322635 0 -15.0286 0.871246 76.1066 1.27449 -13 566 1 0 1
-10.221 -21.5293 0 3.13928 -14.6361 90.9209 1.30117 -13 567 1 0 1
9.65009 27.5189 0 -11.5966 16.6995 74.2174 1.91425 -13 568 1 0 1
-8.7688 -4.06893 0 4.07704 -3.23993 87.0125 2.63073 -13 569 1 0 1
6.91132 -21.8066 0 -9.17966 -15.608 91.8506 1.01246 -13 570 1 0 1
3.10761 2.38284 0 -5.51152 1.32155 83.388 1.24905 -13 571 1 0 1
-13.4798 -29.5302 0 6.28337 -19.4346 88.5477 1.57458 -13 572 1 0 1
9.02055 -24.5424 0 -9.89897 -16.0963 85.446 2.18515 -13 573 1 0 1
13.2714 -24.696 0 -14.0846 -15.7252 89.0767 0.921651 -13 574 1 0 1
-4.45858 -31.9509 0 0.871074 -21.2459 81.8353 2.25264 -13 575 1 0 1
6.57462 32.1049 0 -8.87738 21.9825 88.9202 1.37292 -13 576 1 0 1
1.60161 3.92876 0 -3.97704 2.27206 81.614 3.07891 -13 577 1 0 1
-1.86189 -5.93155 0 -3.57446 -3.67201 94.1607 2.11843 -13 578 1 0 1
-11.717 -4.75225 0 4.6834 -3.48873 91.2251 0.749944 -13 579 1 0 1
-2.4506 -24.304 0 -2.16782 -16.0921 88.5036 1.76637 -13 580 1 0 1
-4.51953 35.3199 0 -2.25453 23.8555 93.1962 1.8569 -13 581 1 0 1
6.77823 16.1836 0 -9.16166 10.6363 89.7527 1.50145 -13 582 1 0 1
-8.96137 -12.6604 0 1.07993 -8.67029 95.3476 2.58053 -13 583 1 0 1
3.72161 -18.6735 0 -7.31813 -13.4477 93.9334 0.818499 -13 584 1 0 1
2.21602 -12.1626 0 -4.72581 -8.75895 85.6028 1.41679 -13 585 1 0 1
-16.4341 17.9045 0 10.6582 11.5976 85.0978 1.19534 -13 586 1 0 1
-1.68883 -20.2649 0 -1.32569 -13.0374 81.0184 1.20793 -13 587 1 0 1
-8.97937 12.8786 0 5.81017 8.60791 80.9185 2.10665 -13 588 1 0 1
5.56756 40.4099 0 -7.88561 26.4881 82.174 1.48881 -13 589 1 0 1
-13.1051 -17.053 0 5.82493 -11.2213 89.955 1.06394 -13 590 1 0 1
0.738853 -11.0972 0 -4.77159 -8.41313 91.713 1.79561 -13 591 1 0 1
1.31424 -27.7939 0 -2.67923 -17.3101 77.3327 1.42481 -13 592 1 0 1
-3.67374 6.83842 0 4.29698 3.76606 67.4376 0.192133 -13 593 1 0 1
-16.5719 7.57744 0 9.91691 5.3471 86.411 1.9286 -13 594 1 0 1
8.48802 37.1074 0 -10.4002 24.5612 86.6486 0.683566 -13 595 1 0 1
-9.54858 21.7393 0 5.50958 14.0827 82.0475 1.56103 -13 596 1 0 1
-8.78778 -13.6562 0 7.91859 -7.99168 75.5665 1.99897 -13 597 1 0 1
14.6522 -2.65311 0 -15.0409 -2.23223 94.9199 2.06375 -13 598 1 0 1
-8.2649 27.1895 0 1.13861 18.5968 93.5445 1.8625 -13 599 1 0 1
-8.97386 -7.26901 0 2.88998 -4.81137 89.2091 0.780236 -13 600 1 0 1
9.57324 21.6558 0 -11.5051 13.9793 87.4351 2.94837 -13 601 1 0 1
18.1061 2.41648 0 -18.0409 1.25685 89.5706 2.25792 -13 602 1 0 1
7.23962 22.5627 0 -9.67134 14.4977 89.2952 3.49848 -13 603 1 0 1
-1.8093 -4.70379 0 -1.7735 -3.07441 86.0256 1.63278 -13 604 1 0 1
0.969755 -16.1762 0 -5.91435 -11.8662 97.6666 0.815086 -13 605 1 0 1
-7.64781 31.5405 0 0.183995 22.5149 93.7394 2.30336 -13 606 1 0 1
-12.1905 23.1802 0 6.94514 15.1245 86.0413 1.70188 -13 607 1 0 1
-14.0387 -4.27425 0 11.4108 -2.75947 80.3219 1.36801 -13 608 1 0 1
3.83516 -38.1288 0 -6.82563 -26.1009 83.7981 2.9465 -13 609 1 0 1
7.99271 15.0927 0 -10.0864 10.0486 86.4323 2.26785 -13 610 1 0 1
4.45234 22.1044 0 -6.46701 14.4204 83.6675 1.76494 -13 611 1 0 1
-7.78435 36.756 0 0.107767 26.2469 93.0868 0.903693 -13 612 1 0 1
-10.0548 13.6952 0 7.25091 10.0824 80.7676 3.14136 -13 613 1 0 1
8.38701 -31.7278 0 -11.0589 -19.5571 74.5176 1.76094 -13 614 1 0 1
-10.5254 6.29104 0 4.01717 4.80211 89.7531 0.803359 -13 615 1 0 1
13.0603 26.6776 0 -13.6182 18.2752 86.7957 2.07699 -13 616 1 0 1
7.30333 3.78389 0 -9.65288 2.65547 88.4337 1.80309 -13 617 1 0 1
-13.3108 19.042 0 4.82663 13.6825 92.3165 1.13743 -13 618 1 0 1
-6.15069 13.3998 0 4.74708 7.88587 77.3355 1.31117 -13 619 1 0 1
-12.7396 22.6449 0 11.0259 13.5799 77.5474 1.73452 -13 620 1 0 1
5.80744 38.9371 0 -8.14144 24.4255 77.8234 2.49546 -13 621 1 0 1
-14.004 10.9696 0 8.36833 7.39005 86.2746 1.74484 -13 622 1 0 1
-12.5915 -17.3968 0 6.35241 -11.1583 87.782 1.79837 -13 623 1 0 1
6.81936 -19.9042 0 -8.81954 -12.3839 84.1467 1.04094 -13 624 1 0 1
-13.3918 20.194 0 9.42249 12.6806 82.01 0.45902 -13 625 1 0 1
6.10823 9.98763 0 -9.45795 6.56594 95.9274 1.70024 -13 626 1 0 1
3.32486 -5.75365 0 -7.51433 -3.7681 96.2841 1.69758 -13 627 1 0 1
-8.20509 -32.9936 0 2.28516 -21.8544 89.2508 1.45516 -13 628 1 0 1
1.76005 11.6982 0 -5.60859 8.27146 91.5535 0.768205 -13 629 1 0 1
4.24003 29.2849 0 -6.51651 16.779 68.8356 1.50221 -13 630 1 0 1
-3.91549 -31.1043 0 -1.20653 -21.6234 88.2377 2.37818 -13 631 1 0 1
-3.19556 -7.61826 0 -2.94365 -5.81684 95.5507 1.02029 -13 632 1 0 1
-5.40306 -7.62515 0 2.1927 -5.38108 82.8169 1.7136 -13 633 1 0 1
-0.691365 -3.41719 0 -3.50285 -3.18238 92.1436 2.4255 -13 634 1 0 1
0.344244 10.1566 0 -5.56746 7.39343 97.7836 1.8375 -13 635 1 0 1
-2.1129 -14.5184 0 -3.65362 -9.69687 95.6146 1.69987 -13 636 1 0 1
-6.14697 17.579 0 2.09492 11.3371 86.7784 2.36311 -13 637 1 0 1
12.2003 -21.9098 0 -13.1247 -14.26 85.1719 2.27994 -13 638 1 0 1
6.31477 -15.7698 0 -9.76355 -10.9611 96.8241 1.02532 -13 639 1 0 1
-9.56534 12.2959 0 0.73662 8.79404 97.7281 2.12232 -13 640 1 0 1
-0.141442 21.3695 0 -4.61552 15.3369 92.8707 1.15908 -13 641 1 0 1
5.90017 6.83837 0 -7.55879 3.91949 80.7479 1.68449 -13 642 1 0 1
1.93549 4.61752 0 -5.21484 2.88113 89.3749 1.23434 -13 643 1 0 1
6.48598 -37.0533 0 -8.21311 -23.0566 76.3078 1.33353 -13 644 1 0 1
-2.51063 -7.36113 0 -0.580772 -4.69726 83.3149 1.25363 -13 645 1 0 1
13.8076 11.8622 0 -14.5484 7.69975 87.9523 2.74636 -13 646 1 0 1
-13.2648 -27.7787 0 10.0852 -18.3094 80.0805 2.9249 -13 647 1 0 1
-14.1203 10.5687 0 6.6877 7.2846 89.7447 0.378706 -13 648 1 0 1
2.71057 -9.06679 0 -6.53312 -6.23176 93.6105 1.49751 -13 649 1 0 1
-10.9262 12.2238 0 3.21659 8.51287 92.2018 1.0046 -13 650 1 0 1
-1.8218 37.1748 0 -0.128394 22.7198 77.2846 2.58798 -13 651 1 0 1
-10.3832 26.573 0 5.10133 17.3138 85.35 1.03576 -13 652 1 0 1
-4.24849 5.74689 0 -1.63008 3.54734 91.4443 1.15704 -13 653 1 0 1
0.443597 28.3267 0 -3.61097 19.7186 83.8698 2.3241 -13 654 1 0 1
-9.2908 -25.8828 0 3.71651 -16.7986 86.8419 1.01584 -13 655 1 0 1
1.29707 9.64676 0 -4.10596 6.74552 81.3272 0.894667 -13 656 1 0 1
-5.09465 3.431 0 -0.00540187 2.18761 89.3537 0.696625 -13 657 1 0 1
-8.45008 23.3203 0 2.13687 16.1051 90.6606 2.03028 -13 658 1 0 1
-10.8227 4.92336 0 4.2243 4.11027 90.6315 0.341702 -13 659 1 0 1
5.45998 32.631 0 -8.13527 22.1268 84.6851 0.458983 -13 660 1 0 1
6.9051 38.8529 0 -10.3224 27.2342 93.2045 2.34826 -13 661 1 0 1
7.92849 37.3894 0 -10.2643 26.1525 89.004 0.352331 -13 662 1 0 1
-0.895758 3.2407 0 -4.0411 2.15535 94.8274 1.17484 -13 663 1 0 1
-1.34576 -11.4294 0 -0.22272 -7.11736 76.004 1.86156 -13 664 1 0 1
-4.74007 -31.5567 0 -0.543891 -20.4972 88.2596 0.762811 -13 665 1 0 1
-13.8631 11.3668 0 7.42344 8.08004 89.2821 1.16245 -13 666 1 0 1
3.87083 30.4588 0 -6.53759 19.1354 85.3323 2.71493 -13 667 1 0 1
-2.44075 13.8117 0 -0.500418 8.74105 80.1408 0.429148 -13 668 1 0 1
7.03165 -11.3693 0 -9.58823 -7.54304 90.8374 0.0453611 -13 669 1 0 1
8.112 -11.1751 0 -9.7016 -7.74572 85.2939 0.913319 -13 670 1 0 1
1.32694 -21.433 0 -4.86222 -14.1409 88.5934 1.42131 -13 671 1 0 1
3.30305 17.3075 0 -7.20512 12.4337 93.7396 1.85125 -13 672 1 0 1
6.11421 -16.3974 0 -9.00674 -11.0102 91.8601 1.10553 -13 673 1 0 1
4.34448 15.8892 0 -7.3344 11.4738 90.6487 0.248608 -13 674 1 0 1
-4.85559 12.6726 0 -1.83452 8.59505 96.4951 0.771507 -13 675 1 0 1
-8.74959 18.5341 0 3.09755 12.3206 89.12 1.43227 -13 676 1 0 1
-6.35093 5.56483 0 -0.0182039 4.23892 93.1793 2.25325 -13 677 1 0 1
7.30162 3.52234 0 -9.17745 1.96313 89.2904 1.86817 -13 678 1 0 1
-2.74122 0.832837 0 -1.66017 0.00228549 87.9641 2.41605 -13 679 1 0 1
8.29698 -13.3524 0 -10.362 -9.19451 89.4651 1.9384 -13 680 1 0 1
-6.54142 19.5447 0 1.62389 12.9142 86.7355 0.564897 -13 681 1 0 1
-7.83047 -38.519 0 1.73208 -26.0323 88.7734 1.98508 -13 682 1 0 1
-4.52168 25.9003 0 2.87251 16.6227 76.2402 2.47085 -13 683 1 0 1
9.51463 -10.3739 0 -11.2903 -6.82632 84.3767 1.58771 -13 684 1 0 1
-6.37152 11.8175 0 0.297707 8.18626 92.8502 3.40632 -13 685 1 0 1
-11.0981 -28.8541 0 4.46085 -18.9959 89.3037 1.05736 -13 686 1 0 1
-12.4667 -27.8973 0 5.77268 -18.9635 89.4685 1.79743 -13 687 1 0 1
0.111865 2.6987 0 -4.16926 2.15777 91.095 2.2527 -13 688 1 0 1
0.174367 -39.532 0 -2.84383 -25.5288 80.395 1.87828 -13 689 1 0 1
1.89633 -34.9191 0 -5.37284 -23.8288 90.6693 1.93261 -13 690 1 0 1
6.59933 -4.76372 0 -9.47211 -3.56778 92.7076 0.580086 -13 691 1 0 1
-1.20299 38.4462 0 -4.31936 27.0656 91.7526 0.0810513 -13 692 1 0 1
-1.59293 -0.224921 0 -3.48332 -0.434892 92.6783 1.62389 -13 693 1 0 1
-17.134 -24.1194 0 6.59418 -17.9843 94.9984 1.53368 -13 694 1 0 1
10.406 -9.57458 0 -11.8691 -6.70812 96.1369 1.14273 -13 695 1 0 1
-9.86205 -28.29 0 9.19125 -17.7311 74.9332 0.818556 -13 696 1 0 1
-3.93593 -34.1485 0 -0.910951 -22.9608 86.1727 2.00855 -13 697 1 0 1
7.99455 -10.2199 0 -10.275 -6.00253 79.3708 0.860892 -13 698 1 0 1
-19.6605 -7.48458 0 10.6357 -5.08221 90.8309 2.87722 -13 699 1 0 1
0.863952 34.3088 0 -5.9028 24.0093 93.2646 2.02089 -13 700 1 0 1
16.9582 6.46975 0 -16.3233 4.56825 90.3806 0.423889 -13 701 1 0 1
10.6109 -14.9736 0 -12.0704 -10.3711 91.1333 1.40969 -13 702 1 0 1
6.99166 -30.0893 0 -9.1378 -18.7729 81.857 1.25773 -13 703 1 0 1
14.2325 27.6861 0 -15.134 18.4945 84.0056 2.50628 -13 704 1 0 1
-15.1859 24.8645 0 9.11935 16.5663 85.9372 1.9956 -13 705 1 0 1
5.7548 -20.3808 0 -8.13425 -13.4292 86.9103 1.52234 -13 706 1 0 1
-0.324052 -27.1335 0 -4.34089 -19.1972 92.8749 0.948792 -13 707 1 0 1
-3.428 42.1682 0 -1.72586 28.9542 87.482 1.26814 -13 708 1 0 1
-16.7821 -29.0465 0 5.97739 -20.4048 94.8021 1.5082 -13 709 1 0 1
1.05055 -9.01229 0 -5.17028 -6.27199 93.2153 1.26014 -13 710 1 0 1
10.7683 6.32698 0 -12.0382 3.8161 97.4485 2.68119 -13 711 1 0 1
-7.40925 20.7446 0 1.93029 14.0375 88.8561 3.08852 -13 712 1 0 1
-2.62006 -13.0479 0 -1.63976 -7.99017 88.8574 -0.0831892 -13 713 1 0 1
3.89607 -5.69036 0 -6.66501 -3.84627 85.9746 2.00954 -13 714 1 0 1
14.5459 21.4552 0 -15.1611 15.7632 93.0525 2.63092 -13 715 1 0 1
-1.45084 14.0076 0 -3.60338 8.89493 92.3889 0.233413 -13 716 1 0 1
2.43652 39.7253 0 -8.00866 27.8102 95.2796 1.66986 -13 717 1 0 1
-16.1069 -17.0895 0 6.5556 -12.0778 94.737 1.41963 -13 718 1 0 1
15.2316 -23.5481 0 -16.3557 -15.0708 82.8382 2.53082 -13 719 1 0 1
1.467 -13.172 0 -4.05538 -8.22664 82.5989 2.5455 -13 720 1 0 1
-12.1959 -18.6919 0 5.20137 -12.8298 89.6979 2.52712 -13 721 1 0 1
-13.0711 32.9848 0 7.49907 21.2291 84.3368 -0.121461 -13 722 1 0 1
-0.291839 -4.4043 0 -2.18327 -2.51892 82.2876 1.11338 -13 723 1 0 1
-1.23671 26.4997 0 -4.10744 18.692 93.9816 1.46966 -13 724 1 0 1
10.3823 19.7131 0 -12.1683 13.9028 92.9272 2.09737 -13 725 1 0 1
-6.87417 -21.6702 0 4.53511 -13.9212 77.0506 1.07101 -13 726 1 0 1
17.4372 -18.2626 0 -17.0165 -11.9726 88.5341 0.411488 -13 727 1 0 1
15.0679 -13.4015 0 -15.8338 -10.5216 98.7776 1.34373 -13 728 1 0 1
3.82373 0.412744 0 -6.53775 -0.104454 87.3903 2.47288 -13 729 1 0 1
6.00239 1.48946 0 -8.65512 1.98213 92.8755 1.83808 -13 730 1 0 1
-0.912709 -19.3809 0 -3.13143 -12.6884 88.2571 1.98921 -13 731 1 0 1
8.87488 8.12168 0 -10.8443 5.84396 92.7111 1.30865 -13 732 1 0 1
-6.97724 30.7333 0 2.92204 20.1897 82.7644 1.00429 -13 733 1 0 1
-0.610524 7.04038 0 -2.9153 4.55176 87.013 1.86278 -13 734 1 0 1
-1.99429 26.8826 0 -2.90344 18.4153 90.809 0.708729 -13 735 1 0 1
-2.63012 34.8469 0 0.958379 20.6579 74.3966 2.53284 -13 736 1 0 1
7.36768 -32.5708 0 -9.57624 -22.7254 92.1145 0.754455 -13 737 1 0 1
9.07085 19.7994 0 -10.6214 13.4591 85.6658 1.17094 -13 738 1 0 1
5.59316 -11.0963 0 -8.55244 -7.88671 93.7183 1.22869 -13 739 1 0 1
-7.83009 -7.50051 0 3.98208 -5.00024 82.5408 1.0859 -13 740 1 0 1
-14.7881 0.284274 0 7.44691 1.0114 89.6153 0.128366 -13 741 1 0 1
12.217 24.0401 0 -13.1802 15.4407 83.7873 0.705497 -13 742 1 0 1
-1.74577 -27.5971 0 -2.86916 -18.8263 88.345 2.80572 -13 743 1 0 1
-0.459135 36.5089 0 -3.30003 23.9909 86.1732 0.78648 -13 744 1 0 1
4.32375 16.2994 0 -8.35391 12.3895 95.8446 1.38302 -13 745 1 0 1
-0.898586 27.6811 0 -5.87748 19.8451 98.3544 1.27343 -13 746 1 0 1
-5.54938 -14.4287 0 1.89865 -8.96248 84.2465 1.5431 -13 747 1 0 1
0.591443 -2.02164 0 -5.90433 -1.96093 99.2058 0.908564 -13 748 1 0 1
-9.82433 5.74487 0 5.54938 3.89894 85.3205 1.62076 -13 749 1 0 1
-10.6788 5.52368 0 2.02035 4.19385 96.3458 0.921554 -13 750 1 0 1
-11.6526 11.6961 0 1.55823 8.82869 98.9892 1.24796 -13 751 1 0 1
-0.603329 -1.45939 0 -3.60777 -0.497973 89.2679 0.478925 -13 752 1 0 1
13.6908 -1.29339 0 -14.3763 -0.673066 89.1788 1.55203 -13 753 1 0 1
-7.05591 0.0715035 0 4.07249 -0.360453 81.5335 2.43704 -13 754 1 0 1
7.70016 -27.315 0 -9.97306 -17.937 87.1083 1.98516 -13 755 1 0 1
-4.27131 8.44355 0 7.30953 4.84391 64.6805 1.00609 -13 756 1 0 1
4.70481 15.9469 0 -7.5289 10.7197 90.06 1.86422 -13 757 1 0 1
-14.003 16.5699 0 12.7585 9.42429 78.0145 1.1209 -13 758 1 0 1
-3.81338 22.3113 0 -3.10501 15.12 97.341 1.83301 -13 759 1 0 1
-4.39734 37.8187 0 0.603645 24.5263 83.7603 1.74733 -13 760 1 0 1
17.511 10.2755 0 -17.8147 7.14282 86.5098 2.59734 -13 761 1 0 1
1.02274 -20.6343 0 -6.48317 -14.4888 98.3821 1.58773 -13 762 1 0 1
1.21754 -8.40449 0 -3.41492 -5.34549 76.426 2.00926 -13 763 1 0 1
-8.82256 15.9398 0 2.45026 11.2685 90.5463 1.37171 -13 764 1 0 1
10.5989 32.8413 0 -12.5892 22.5475 86.0859 1.53822 -13 765 1 0 1
-15.6106 -4.04804 0 12.9567 -2.41217 79.7521 1.29891 -13 766 1 0 1
3.79007 12.6673 0 -6.23195 7.65774 81.9932 1.85616 -13 767 1 0 1
-12.2351 4.74684 0 6.36747 3.97472 86.0647 1.41737 -13 768 1 0 1
-4.1071 -40.5688 0 -0.257475 -26.5772 84.5477 1.96257 -13 769 1 0 1
1.74472 39.5525 0 -3.43311 23.001 70.1033 0.708532 -13 770 1 0 1
-16.886 11.8597 0 12.8289 7.79415 82.5937 2.3975 -13 771 1 0 1
-15.1678 4.20241 0 8.95917 2.81603 87.1483 1.60355 -13 772 1 0 1
4.15923 10.3498 0 -6.38312 6.11493 73.7598 1.96368 -13 773 1 0 1
-3.59272 -4.53176 0 -0.305088 -2.90239 86.286 1.55443 -13 774 1 0 1
-6.6315 12.9783 0 2.9024 9.11511 84.1899 1.40137 -13 775 1 0 1
1.75987 -6.96166 0 -4.16262 -4.75409 84.946 0.418262 -13 776 1 0 1
-2.81027 4.86584 0 -1.15999 3.29322 88.0366 1.37843 -13 777 1 0 1
12.685 23.8334 0 -16.0181 14.5973 73.1515 0.758857 -13 778 1 0 1
-3.38144 10.8189 0 -2.34786 8.19147 92.9288 1.03896 -13 779 1 0 1
-3.80673 15.9365 0 0.0666853 10.9403 87.7244 0.759482 -13 780 1 0 1
3.85719 4.28753 0 -6.87108 3.22921 89.2426 1.51093 -13 781 1 0 1
-1.71129 37.5328 0 -2.64544 25.5881 86.9833 1.50449 -13 782 1 0 1
0.453598 -11.0388 0 -1.63858 -6.55468 76.0438 1.61466 -13 783 1 0 1
-11.6761 -10.7806 0 6.17752 -7.53817 87.1022 1.86613 -13 784 1 0 1
-9.17856 11.3053 0 9.98429 6.99471 72.413 1.40316 -13 785 1 0 1
1.0437 -12.4054 0 -5.35123 -8.85888 92.1558 1.77644 -13 786 1 0 1
-11.9334 -22.5914 0 5.89224 -15.0966 87.8125 2.8329 -13 787 1 0 1
-11.5018 -18.4189 0 3.98292 -12.8907 91.818 1.32371 -13 788 1 0 1
1.49535 -14.3152 0 -4.75037 -9.00149 89.0577 1.76816 -13 789 1 0 1
-7.87294 -18.4991 0 4.87258 -11.5861 82.136 1.77836 -13 790 1 0 1
4.17455 4.33665 0 -7.64823 2.63871 92.4488 1.5999 -13 791 1 0 1
-2.85377 40.8219 0 0.42766 25.256 75.1494 1.36015 -13 792 1 0 1
0.0760641 -11.1271 0 -3.96835 -8.09765 90.0635 1.8149 -13 793 1 0 1
5.22503 15.3173 0 -7.2372 9.05338 76.7258 1.83311 -13 794 1 0 1
-9.65532 -11.5313 0 6.71265 -7.33095 80.4927 1.48485 -13 795 1 0 1
-14.4986 21.3591 0 4.53121 14.7035 95.4777 1.84674 -13 796 1 0 1
1.43371 10.5944 0 -0.597218 5.37296 55.7377 1.69456 -13 797 1 0 1
-11.9914 -23.2787 0 12.1249 -14.2883 73.9894 0.679364 -13 798 1 0 1
-0.941935 -5.58572 0 -3.48019 -4.27577 89.5947 1.46701 -13 799 1 0 1
6.48878 37.5932 0 -8.4738 24.5941 81.6862 2.20785 -13 800 1 0 1
12.6983 0.756113 0 -13.4223 0.552636 90.0301 1.83909 -13 801 1 0 1
-1.4629 12.2342 0 -3.25639 7.97194 91.6388 1.50272 -13 802 1 0 1
-4.18595 -18.4176 0 2.38436 -11.3292 76.2874 1.12449 -13 803 1 0 1
-1.49775 -13.7927 0 -2.59278 -8.87138 89.8918 1.83151 -13 804 1 0 1
1.23204 -16.2767 0 -4.21528 -10.9063 83.3957 1.69849 -13 805 1 0 1
-7.64771 16.3019 0 4.08134 11.1014 82.842 0.327638 -13 806 1 0 1
-5.44609 38.5401 0 -0.521823 26.923 88.7465 2.27725 -13 807 1 0 1
2.80928 -32.7446 0 -5.30317 -21.0779 82.1 0.854417 -13 808 1 0 1
-2.66722 16.5287 0 -3.3708 11.2691 95.4042 0.661063 -13 809 1 0 1
-4.6304 0.970685 0 -1.87371 0.127083 94.9944 1.97771 -13 810 1 0 1
-10.8357 -4.63042 0 7.12676 -3.50884 82.3635 2.1607 -13 811 1 0 1
-1.01933 -21.2205 0 -3.3046 -14.5599 90.3324 1.5149 -13 812 1 0 1
2.77216 -31.0211 0 -5.53949 -19.6192 82.7163 0.973252 -13 813 1 0 1
5.93832 21.8573 0 -8.54972 14.4494 92.3581 2.05263 -13 814 1 0 1
8.35322 -5.99481 0 -10.9065 -4.43772 98.3681 1.76856 -13 815 1 0 1
-2.88875 17.6085 0 -0.0730384 11.7813 82.0647 3.8557 -13 816 1 0 1
-2.18765 -2.18453 0 -2.52097 -1.25382 89.8451 1.12961 -13 817 1 0 1
8.74711 -4.34045 0 -11.5323 -2.81552 95.5178 1.54299 -13 818 1 0 1
-6.32811 -0.527291 0 1.232 -1.40807 90.441 2.49002 -13 819 1 0 1
-4.88492 -6.80285 0 1.02395 -4.96609 85.7434 1.0364 -13 820 1 0 1
-10.9223 10.8962 0 3.59828 7.63321 91.4411 1.88662 -13 821 1 0 1
2.64478 -18.8035 0 -4.72196 -11.6268 78.9993 1.30011 -13 822 1 0 1
11.8472 -27.7719 0 -12.8622 -19.4441 94.8185 2.17644 -13 823 1 0 1
-4.08394 3.51975 0 1.56163 2.67326 81.4776 0.307361 -13 824 1 0 1
0.536061 6.06655 0 -3.96947 3.97478 86.9297 1.17312 -13 825 1 0 1
-1.22109 -14.6292 0 -2.30975 -10.0235 86.2813 2.41482 -13 826 1 0 1
2.22772 4.69979 0 -4.86346 2.22345 84.0844 2.63855 -13 827 1 0 1
-1.23428 -13.6302 0 -4.78857 -10.566 96.2871 -0.753644 -13 828 1 0 1
9.29576 -32.9171 0 -10.8352 -22.986 91.9964 0.932379 -13 829 1 0 1
1.9708 27.663 0 -5.21877 18.3219 83.2725 1.4845 -13 830 1 0 1
7.38164 -11.1377 0 -9.29979 -7.7279 89.292 0.523968 -13 831 1 0 1
-3.73469 -28.3822 0 -2.5523 -19.052 94.4533 0.881798 -13 832 1 0 1
-6.3866 3.17756 0 2.74443 2.18113 84.0227 2.5928 -13 833 1 0 1
-5.25659 4.07821 0 -1.35624 2.29634 94.8483 1.25732 -13 834 1 0 1
7.25903 38.4022 0 -9.02808 25.3587 83.8307 1.22789 -13 835 1 0 1
-15.9341 -13.3024 0 9.55116 -7.96063 87.7421 1.31425 -13 836 1 0 1
1.04556 19.5111 0 -5.03253 12.2147 91.3171 0.756461 -13 837 1 0 1
-9.09513 -9.52508 0 4.18665 -5.88116 86.5532 2.21575 -13 838 1 0 1
2.69902 14.723 0 -4.73234 7.4152 58.7538 0.932419 -13 839 1 0 1
8.30059 -33.1738 0 -10.4992 -21.6388 82.0312 0.631293 -13 840 1 0 1
-16.7209 -2.22171 0 10.0904 -1.71332 87.7234 1.50818 -13 841 1 0 1
3.69499 -15.4896 0 -7.57158 -10.8244 94.8348 2.96263 -13 842 1 0 1
-1.02292 33.9472 0 -3.74512 23.3184 90.5036 0.60854 -13 843 1 0 1
-3.87505 -2.93458 0 1.73317 -2.29672 79.9826 2.07553 -13 844 1 0 1
-17.9538 14.6379 0 11.3891 9.72001 86.9722 1.55399 -13 845 1 0 1
4.97058 -1.19047 0 -8.13538 -0.757216 95.0061 2.57036 -13 846 1 0 1
4.57706 -12.0436 0 -7.40116 -8.32679 87.2599 2.0312 -13 847 1 0 1
13.7823 -0.313913 0 -14.9913 0.473468 87.1235 1.86943 -13 848 1 0 1
-9.67429 -21.6308 0 13.2632 -12.6698 67.8518 1.44939 -13 849 1 0 1
-1.36599 -8.80518 0 -2.39494 -5.85335 87.2099 1.23374 -13 850 1 0 1
5.56778 6.69985 0 -8.33606 4.46777 92.3349 2.47519 -13 851 1 0 1
-1.14133 -16.9957 0 -4.27628 -12.0493 96.8451 1.9986 -13 852 1 0 1
-3.0894 23.7156 0 -3.47524 16.7432 95.9686 0.519687 -13 853 1 0 1
-11.6339 -10.3448 0 10.442 -5.6787 77.0602 1.3699 -13 854 1 0 1
13.5976 -12.4545 0 -16.4536 -7.77619 75.3584 2.35034 -13 855 1 0 1
10.0843 19.3245 0 -11.5436 12.7095 83.6992 0.653804 -13 856 1 0 1
-12.5011 27.4823 0 7.06685 17.4171 84.7588 0.160136 -13 857 1 0 1
-3.78075 -19.6156 0 -1.30056 -13.5834 89.0201 1.25452 -13 858 1 0 1
-11.1154 -18.9781 0 2.09409 -13.7497 96.4452 1.88514 -13 859 1 0 1
15.0208 9.21918 0 -15.7869 6.10629 83.8959 1.05454 -13 860 1 0 1
2.05215 18.109 0 -4.77826 12.4671 86.447 1.11778 -13 861 1 0 1
16.7766 -9.24456 0 -16.2229 -6.80512 97.3378 -0.424404 -13 862 1 0 1
-14.8251 -7.30379 0 9.78171 -5.28482 85.428 2.05209 -13 863 1 0 1
11.7038 20.4704 0 -13.2082 14.0592 88.9237 -0.26939 -13 864 1 0 1
12.6994 23.504 0 -13.7393 15.8206 86.4335 1.61568 -13 865 1 0 1
-10.8878 -12.4361 0 2.80312 -8.65463 94.1236 0.880261 -13 866 1 0 1
-2.84321 -38.4661 0 -0.0513264 -23.9556 79.183 2.21166 -13 867 1 0 1
0.176105 12.3252 0 -2.90261 8.28007 82.8759 1.68647 -13 868 1 0 1
-12.2106 19.7765 0 6.49521 13.1982 87.5659 1.09255 -13 869 1 0 1
-0.817536 14.3821 0 -3.60492 9.86356 90.3138 0.83632 -13 870 1 0 1
-3.47356 -40.3181 0 2.18512 -24.0151 74.4014 0.756392 -13 871 1 0 1
4.98842 28.4917 0 -7.42787 16.9024 69.5699 1.68421 -13 872 1 0 1
-8.90245 -10.6955 0 4.16873 -7.16639 85.815 2.08685 -13 873 1 0 1
4.70199 -9.38644 0 -7.56914 -6.43781 87.1197 0.729349 -13 874 1 0 1
6.91923 -11.0152 0 -9.16422 -6.75254 86.7387 0.830341 -13 875 1 0 1
14.3427 -8.68838 0 -14.8315 -5.76246 93.8529 1.41215 -13 876 1 0 1
4.11352 -37.342 0 -5.82086 -23.1297 73.312 0.365272 -13 877 1 0 1
-3.78308 -6.37046 0 1.60787 -3.76941 79.4203 2.01931 -13 878 1 0 1
7.53652 15.121 0 -9.8629 10.4778 91.0136 1.12955 -13 879 1 0 1
-13.1253 -8.27297 0 6.46488 -5.4978 89.0505 1.19698 -13 880 1 0 1
3.87853 -12.6956 0 -7.55589 -8.94556 95.0531 0.456516 -13 881 1 0 1
1.59548 -2.59782 0 -4.88591 -1.86232 87.2147 1.97749 -13 882 1 0 1
9.61613 -24.8576 0 -11.2628 -15.4636 83.1004 1.86217 -13 883 1 0 1
18.1361 12.2189 0 -17.7927 8.91082 90.5289 0.369773 -13 884 1 0 1
4.49623 -19.7839 0 -6.72199 -11.5838 79.2706 0.0562218 -13 885 1 0 1
-12.2357 -0.955216 0 8.17716 -1.10115 83.2129 1.23343 -13 886 1 0 1
-17.0605 -15.7704 0 7.64456 -10.6955 92.8132 2.00647 -13 887 1 0 1
14.9742 -6.75343 0 -16.6812 -4.20583 80.9417 1.48765 -13 888 1 0 1
-8.93684 -18.6837 0 4.6226 -12.453 85.1328 1.31787 -13 889 1 0 1
8.36866 3.19856 0 -10.375 2.29964 94.1519 1.51037 -13 890 1 0 1
7.03151 0.0222497 0 -10.3289 -0.118524 99.6495 1.42109 -13 891 1 0 1
-2.56496 11.1827 0 -2.25817 7.27586 91.7282 1.24763 -13 892 1 0 1
5.2236 -13.6379 0 -8.54778 -10.5261 92.4907 1.11571 -13 893 1 0 1
-6.10832 14.0114 0 2.63251 9.36696 83.6144 1.47363 -13 894 1 0 1
-3.99782 -20.3967 0 -0.26576 -13.3185 86.8886 1.14223 -13 895 1 0 1
-2.55635 -13.9679 0 0.4006 -8.66683 79.915 2.46097 -13 896 1 0 1
-16.3132 10.2128 0 7.66432 7.25001 92.342 0.511635 -13 897 1 0 1
-5.96161 -8.71707 0 3.05201 -4.8714 82.6457 2.1319 -13 898 1 0 1
-1.74357 -14.1604 0 0.631098 -8.60939 72.7978 1.5308 -13 899 1 0 1
-10.1463 30.632 0 6.89078 19.1374 80.3244 1.10035 -13 900 1 0 1
-4.39949 2.00266 0 4.33937 1.08597 71.6409 0.339176 -13 901 1 0 1
6.24509 7.55755 0 -9.21647 4.97354 91.6919 0.522169 -13 902 1 0 1
-1.81377 27.9812 0 -1.59822 18.5619 83.8882 2.48258 -13 903 1 0 1
-8.47442 -12.5607 0 6.17025 -7.97196 79.2846 1.81851 -13 904 1 0 1
-7.39951 -4.82717 0 1.20326 -4.08194 92.502 1.24316 -13 905 1 0 1
13.0825 2.50422 0 -14.072 1.93367 93.7844 0.671844 -13 906 1 0 1
6.67887 -0.0340436 0 -9.56377 -0.0123927 91.1949 1.98416 -13 907 1 0 1
-0.919127 32.5245 0 -1.89403 20.6694 81.3153 0.657136 -13 908 1 0 1
3.80879 -13.0183 0 -10.1055 -10.2414 98.4596 2.18533 -13 909 1 0 1
-4.31053 -13.1509 0 -1.3772 -8.78954 92.2228 1.76531 -13 910 1 0 1
-10.9985 16.3916 0 1.42043 11.4951 97.3611 0.693749 -13 911 1 0 1
0.125414 11.5248 0 -4.04593 8.68222 89.0898 1.35129 -13 912 1 0 1
-4.80157 33.319 0 -2.84549 24.1491 96.1089 1.62212 -13 913 1 0 1
15.0486 14.1629 0 -17.8477 8.07659 75.4684 2.23729 -13 914 1 0 1
12.7213 -3.33983 0 -13.8238 -1.66409 85.2433 1.24244 -13 915 1 0 1
15.1043 9.67433 0 -15.6323 6.5434 96.7848 1.53484 -13 916 1 0 1
8.22207 2.02584 0 -10.3014 1.44706 81.4376 1.08495 -13 917 1 0 1
-12.2959 15.0433 0 4.32234 11.6034 93.0914 1.44914 -13 918 1 0 1
-8.03445 -5.86892 0 -0.364294 -4.5127 97.0431 1.5227 -13 919 1 0 1
3.63681 36.8141 0 -6.60266 24.8637 87.421 2.00335 -13 920 1 0 1
-1.31088 39.734 0 -0.617985 23.5448 73.601 1.8046 -13 921 1 0 1
2.23227 -9.07087 0 -6.05459 -6.33726 91.5696 3.5489 -13 922 1 0 1
7.23321 8.74733 0 -10.1178 5.79117 95.3105 2.74374 -13 923 1 0 1
-9.5054 22.3616 0 0.518863 15.6498 97.7486 -0.0415181 -13 924 1 0 1
5.23298 25.0853 0 -7.16116 16.3048 83.1204 0.403291 -13 925 1 0 1
17.6928 11.721 0 -17.4522 7.87648 89.6845 1.41191 -13 926 1 0 1
-7.31621 10.3225 0 3.37657 6.96854 84.129 1.61296 -13 927 1 0 1
-6.34871 39.1843 0 5.61235 24.4109 74.41 0.82199 -13 928 1 0 1
-4.02465 -9.983 0 1.21114 -6.79931 81.7144 1.39828 -13 929 1 0 1
4.10991 -22.353 0 -6.31522 -13.4369 72.8051 3.97048 -13 930 1 0 1
-4.40119 -7.09102 0 2.01597 -4.70032 81.3249 0.793455 -13 931 1 0 1
-6.53773 33.4718 0 0.752393 23.2078 89.4193 0.949269 -13 932 1 0 1
8.12649 -19.8208 0 -10.2899 -12.5488 92.474 0.915417 -13 933 1 0 1
2.39508 5.36306 0 -7.39197 4.26243 98.9375 1.26629 -13 934 1 0 1
17.4498 -0.259254 0 -17.0321 -0.0822715 89.7213 1.36038 -13 935 1 0 1
-3.28633 23.7292 0 0.736764 15.0528 82.3592 1.76029 -13 936 1 0 1
-15.7446 -6.4633 0 9.64413 -4.78106 86.2263 0.8601 -13 937 1 0 1
-5.0601 -14.6959 0 2.48553 -9.43753 80.2708 1.14855 -13 938 1 0 1
0.812675 -2.93642 0 -7.35833 -1.93506 99.728 1.52391 -13 939 1 0 1
-2.2095 -33.446 0 -3.4541 -23.8787 91.7758 2.37418 -13 940 1 0 1
-7.21145 -24.3016 0 5.91208 -14.6641 76.8997 1.01193 -13 941 1 0 1
-14.4427 17.418 0 8.1557 11.4463 87.5293 0.694377 -13 942 1 0 1
5.06066 12.0442 0 -9.60137 8.56268 99.3053 0.865386 -13 943 1 0 1
16.0083 -2.49791 0 -16.2901 -1.91478 91.5585 1.90329 -13 944 1 0 1
4.04768 -39.5173 0 -6.35719 -25.776 81.6929 1.84992 -13 945 1 0 1
-7.7831 -33.3039 0 2.22184 -22.0113 87.3621 1.77833 -13 946 1 0 1
8.05089 -28.0454 0 -10.5006 -19.2637 88.8622 2.32557 -13 947 1 0 1
17.1363 -18.8512 0 -17.5929 -12.3157 83.1383 2.23584 -13 948 1 0 1
-16.6569 13.9734 0 7.6977 10.0221 92.6671 2.68644 -13 949 1 0 1
-10.673 -20.668 0 2.98799 -14.4904 92.1534 1.55645 -13 950 1 0 1
11.8839 14.3537 0 -13.5794 8.82785 79.6719 0.642537 -13 951 1 0 1
-12.3676 -3.475 0 6.19041 -1.87557 88.37 0.918593 -13 952 1 0 1
8.82431 -22.421 0 -12.5341 -12.853 70.0876 2.70744 -13 953 1 0 1
-8.66911 -2.98516 0 2.4146 -2.10606 90.4316 1.47603 -13 954 1 0 1
-2.71587 -3.25856 0 -1.53936 -2.28825 88.8526 1.92675 -13 955 1 0 1
10.8569 -15.5062 0 -12.0006 -10.0777 89.3406 1.07739 -13 956 1 0 1
-11.2811 -37.5233 0 0.93931 -26.4199 96.6353 1.05273 -13 957 1 0 1
-4.82015 25.839 0 -1.5293 17.9246 92.3618 1.4747 -13 958 1 0 1
12.2933 31.7573 0 -13.9432 20.4369 81.0316 1.90527 -13 959 1 0 1
4.95671 26.5292 0 -6.23732 17.0832 78.6859 1.18217 -13 960 1 0 1
-11.0996 -10.1063 0 6.14425 -6.23667 84.8312 1.61084 -13 961 1 0 1
11.5712 12.0387 0 -12.4561 8.43522 85.585 0.917807 -13 962 1 0 1
8.08707 7.71929 0 -10.4502 6.01324 96.5496 2.28089 -13 963 1 0 1
-7.24016 -33.5016 0 0.402451 -23.4873 90.6483 0.304394 -13 964 1 0 1
-7.70458 4.92574 0 5.12387 4.16748 80.891 2.10656 -13 965 1 0 1
10.6309 -13.1354 0 -12.2423 -8.06455 91.696 1.32261 -13 966 1 0 1
-4.11841 -20.0937 0 -3.42269 -14.7523 97.1968 0.300035 -13 967 1 0 1
10.9801 28.9081 0 -12.6882 19.4152 88.8759 1.50588 -13 968 1 0 1
7.89932 -10.7161 0 -10.4911 -6.77989 83.1567 -0.23848 -13 969 1 0 1
-3.45681 -5.13651 0 1.16361 -2.95841 79.9341 0.212066 -13 970 1 0 1
-3.68121 11.2557 0 -2.49205 8.44289 94.929 0.686976 -13 971 1 0 1
-6.21194 -32.1198 0 -2.3308 -23.2996 97.7247 1.55384 -13 972 1 0 1
-11.2347 -7.13609 0 7.2442 -5.48864 83.3608 1.48391 -13 973 1 0 1
11.1712 13.4003 0 -13.0592 8.99928 98.1361 1.67507 -13 974 1 0 1
-6.19553 11.9363 0 1.32745 8.1123 86.5467 1.31103 -13 975 1 0 1
11.5851 -4.40358 0 -12.4899 -3.03555 86.0587 1.43067 -13 976 1 0 1
-8.42678 11.1417 0 5.26307 7.88252 81.9931 1.64915 -13 977 1 0 1
16.3255 -16.8408 0 -17.2449 -11.5178 83.6353 1.2742 -13 978 1 0 1
0.363298 -34.9081 0 -4.86668 -23.1966 91.4257 1.99988 -13 979 1 0 1
10.3395 -4.10416 0 -11.9619 -3.06088 93.8407 1.67178 -13 980 1 0 1
-9.09258 15.171 0 9.37985 9.3148 73.4521 1.25891 -13 981 1 0 1
-8.76612 5.544 0 0.569826 4.80633 96.3574 1.7742 -13 982 1 0 1
9.57139 8.24289 0 -11.1028 5.90665 93.036 1.20135 -13 983 1 0 1
-3.72485 26.7656 0 -2.78068 19.3221 95.5817 1.80109 -13 984 1 0 1
-0.0527752 7.3474 0 -2.17448 4.76686 80.5196 0.670604 -13 985 1 0 1
2.19312 -22.9264 0 -5.10114 -15.2834 84.5862 2.61661 -13 986 1 0 1
7.71835 -6.07648 0 -9.83943 -3.48142 84.8977 0.416194 -13 987 1 0 1
2.86861 27.6759 0 -5.22808 17.927 82.4446 1.38344 -13 988 1 0 1
7.81161 -22.8254 0 -10.1585 -13.448 76.6613 1.50869 -13 989 1 0 1
-1.86862 24.2909 0 -3.60912 18.3914 94.4691 -0.639206 -13 990 1 0 1
-1.99439 -27.5713 0 -1.69611 -18.7364 86.1841 1.49472 -13 991 1 0 1
-8.41472 -18.1693 0 8.82124 -10.9279 72.6902 2.25286 -13 992 1 0 1
2.70112 13.6221 0 -4.73805 8.21688 80.4748 2.5676 -13 993 1 0 1
2.26745 18.3077 0 -4.41476 11.9236 79.0057 1.6169 -13 994 1 0 1
-14.6435 8.06797 0 3.97549 6.59193 98.3424 1.77938 -13 995 1 0 1
16.3794 0.60813 0 -18.2656 -0.305646 78.7306 0.614888 -13 996 1 0 1
-6.40608 -0.726088 0 -1.07571 -0.376085 96.1478 1.19483 -13 997 1 0 1
2.49224 37.1553 0 -5.55384 24.2001 85.1777 2.6001 -13 998 1 0 1
-11.1483 25.979 0 6.65262 16.7771 83.9842 2.11502 -13 999 1 0 1
11.0391 -18.439 0 -12.3101 -12.1223 92.0639 0.954304 -13 1000 1 0 1
-10.4093 0.254517 0 7.85061 0.30536 80.1996 1.93114 -13 1001 1 0 1
-5.0211 0.472063 0 0.842379 0.767931 87.2331 2.30152 -13 1002 1 0 1
-7.55276 12.8749 0 6.90761 8.15449 75.8534 0.871093 -13 1003 1 0 1
11.1397 -5.62198 0 -12.3214 -4.05585 96.8521 1.0607 -13 1004 1 0 1
-6.16597 18.9825 0 0.028048 13.7765 92.9014 0.28728 -13 1005 1 0 1
-7.29198 -24.4255 0 2.57669 -15.4827 85.2852 0.78197 -13 1006 1 0 1
11.4396 -0.284267 0 -13.213 -1.22437 97.4558 0.759799 -13 1007 1 0 1
4.85046 -19.0787 0 -7.48318 -12.6367 84.3302 2.01109 -13 1008 1 0 1
12.335 -8.63243 0 -14.4319 -5.69765 79.4737 1.3601 -13 1009 1 0 1
-11.5431 10.671 0 2.78084 8.62806 96.1608 1.63542 -13 1010 1 0 1
-7.03993 23.783 0 -0.0684374 16.001 93.9887 0.878669 -13 1011 1 0 1
-5.44991 -11.0929 0 -1.37195 -8.63187 95.2356 1.3482 -13 1012 1 0 1
-7.42983 13.3098 0 -0.986189 9.46812 99.2724 1.43675 -13 1013 1 0 1
-7.82872 19.4674 0 5.13793 12.1485 80.3357 1.43162 -13 1014 1 0 1
-5.89763 -7.64724 0 -0.475651 -5.07135 92.4391 2.17184 -13 1015 1 0 1
-12.5156 28.5013 0 6.35973 19.125 86.9426 0.917733 -13 1016 1 0 1
-10.9863 5.74406 0 8.14086 2.64648 80.7445 1.46105 -13 1017 1 0 1
-10.9179 14.7664 0 1.53033 11.1397 96.9082 1.58691 -13 1018 1 0 1
0.966092 38.148 0 -3.34291 23.9697 76.4709 2.49287 -13 1019 1 0 1
15.4863 16.3245 0 -16.9917 10.4642 81.6764 0.11999 -13 1020 1 0 1
0.27611 -20.6817 0 -5.18242 -14.659 93.7466 1.29692 -13 1021 1 0 1
-9.0003 -14.926 0 4.43827 -9.93369 84.3537 2.35144 -13 1022 1 0 1
-11.6902 1.69195 0 7.30704 1.22527 84.4679 2.67315 -13 1023 1 0 1
-5.99688 11.9654 0 5.20401 6.38566 75.2433 1.64943 -13 1024 1 0 1
-15.2056 1.59966 0 7.64236 0.768104 90.5412 1.19526 -13 1025 1 0 1
9.15579 24.8402 0 -11.0494 15.9792 83.8156 2.46226 -13 1026 1 0 1
5.90946 31.0591 0 -8.39204 19.9256 86.4707 1.47245 -13 1027 1 0 1
18.6543 -4.83618 0 -17.996 -3.21211 92.0705 1.852 -13 1028 1 0 1
7.88442 -34.5188 0 -10.3458 -21.1951 72.9941 0.399187 -13 1029 1 0 1
-0.823126 10.2344 0 -2.22899 6.49084 82.5179 1.64769 -13 1030 1 0 1
-7.94221 24.4481 0 0.932829 16.0678 93.5192 1.70017 -13 1031 1 0 1
10.1313 -26.2818 0 -12.5054 -16.1953 77.3978 0.732389 -13 1032 1 0 1
-1.49388 -8.95566 0 -1.03123 -5.71864 81.6408 0.820621 -13 1033 1 0 1
9.42075 34.9119 0 -13.0593 19.5871 67.3068 3.02867 -13 1034 1 0 1
2.00616 28.048 0 -3.98748 17.0317 80.7099 1.37402 -13 1035 1 0 1
7.40774 21.1417 0 -9.61814 14.2124 86.6665 1.60357 -13 1036 1 0 1
-16.3967 10.6527 0 12.3371 6.67575 82.1135 2.44527 -13 1037 1 0 1
-14.4095 20.5673 0 3.99159 14.6113 97.2018 0.346951 -13 1038 1 0 1
10.284 11.0117 0 -11.9989 6.87132 87.1422 1.23459 -13 1039 1 0 1
-2.50577 23.7426 0 -0.467392 15.297 80.8499 2.0516 -13 1040 1 0 1
8.20654 -36.0957 0 -10.481 -24.9184 89.7652 1.73464 -13 1041 1 0 1
6.29429 -13.2945 0 -8.83621 -9.26018 92.6803 0.71477 -13 1042 1 0 1
5.89869 -0.767389 0 -7.71704 -0.310765 79.5248 1.83648 -13 1043 1 0 1
-7.57622 23.1666 0 0.608048 16.1444 92.4809 2.38879 -13 1044 1 0 1
10.3683 -35.1902 0 -12.0914 -22.9091 82.903 1.25674 -13 1045 1 0 1
-15.0773 15.7923 0 9.96925 10.5988 84.6967 2.165 -13 1046 1 0 1
-8.43153 12.7408 0 0.850775 8.67736 95.549 1.91499 -13 1047 1 0 1
-8.54622 -25.5232 0 4.27645 -16.5083 83.9781 -0.1958 -13 1048 1 0 1
16.0652 -3.71439 0 -15.7237 -1.91537 94.2462 1.16925 -13 1049 1 0 1
-6.83971 28.5213 0 2.37453 19.0914 86.5005 2.06697 -13 1050 1 0 1
5.86218 -31.0201 0 -8.53158 -20.8482 87.3929 1.40238 -13 1051 1 0 1
1.74076 40.4387 0 -4.54243 26.267 84.7859 0.268817 -13 1052 1 0 1
6.81522 -22.5484 0 -8.73918 -15.4898 84.0917 1.09642 -13 1053 1 0 1
-8.13857 -39.5875 0 3.78338 -25.908 82.6788 3.02568 -13 1054 1 0 1
4.34604 2.49756 0 -7.11028 0.672781 89.7068 3.17052 -13 1055 1 0 1
-0.305647 6.69606 0 -4.23299 4.47841 93.0307 3.50835 -13 1056 1 0 1
4.44584 -17.4072 0 -6.49081 -11.4449 78.0815 1.153 -13 1057 1 0 1
-18.2805 -6.37198 0 7.52955 -4.88359 95.7266 2.42525 -13 1058 1 0 1
-8.3571 -37.2375 0 1.03009 -26.2356 91.8174 1.19919 -13 1059 1 0 1
-12.5832 8.15605 0 6.12899 5.61457 88.1186 0.937183 -13 1060 1 0 1
-14.7236 4.06908 0 12.7911 2.1322 79.4944 1.09059 -13 1061 1 0 1
5.47706 16.9921 0 -9.03049 12.5591 97.2486 1.76919 -13 1062 1 0 1
-3.13982 -35.7181 0 -1.65748 -23.9268 86.4163 2.15828 -13 1063 1 0 1
-18.0359 -8.3419 0 12.0368 -5.33789 85.3701 1.33209 -13 1064 1 0 1
-5.36678 -39.3823 0 3.01706 -24.7298 77.2363 0.274585 -13 1065 1 0 1
1.13696 8.77733 0 -4.51173 4.97672 88.1514 1.97314 -13 1066 1 0 1
-6.24486 -7.67392 0 1.03323 -5.32276 89.0824 0.858049 -13 1067 1 0 1
12.1561 -8.86382 0 -13.3933 -5.45872 84.0625 2.23444 -13 1068 1 0 1
11.6545 18.7086 0 -13.2293 13.0478 88.7421 1.18022 -13 1069 1 0 1
-8.11538 4.204 0 -0.119389 3.29103 96.6095 2.08182 -13 1070 1 0 1
-10.6883 -30.7331 0 4.81565 -20.7713 86.7899 1.43873 -13 1071 1 0 1
3.31404 11.3398 0 -5.99763 7.24128 85.3957 2.38858 -13 1072 1 0 1
-9.60655 -0.505064 0 2.30694 -0.558388 93.5317 0.578399 -13 1073 1 0 1
5.01298 -33.7418 0 -7.17614 -22.5 82.996 2.06443 -13 1074 1 0 1
-12.2045 -7.1675 0 10.0919 -4.43792 78.989 2.02961 -13 1075 1 0 1
-8.27504 6.64991 0 1.9359 4.52189 91.0908 0.930801 -13 1076 1 0 1
-3.53163 -0.890915 0 -0.00747111 -1.09683 84.6377 0.402935 -13 1077 1 0 1
2.55056 14.5956 0 -6.72712 10.1665 94.7355 0.920605 -13 1078 1 0 1
-7.4294 8.58134 0 3.37586 5.09467 85.4064 1.33016 -13 1079 1 0 1
0.807222 -14.1204 0 -4.1492 -9.48964 88.4486 1.39502 -13 1080 1 0 1
-8.19643 -5.85439 0 3.91314 -3.9621 85.0707 1.00824 -13 1081 1 0 1
-3.6773 10.8769 0 -2.34273 7.16251 92.2668 1.25764 -13 1082 1 0 1
-9.39139 -5.75892 0 5.57965 -3.78897 84.0728 1.65347 -13 1083 1 0 1
-15.6512 20.9994 0 8.38881 14.1371 88.6243 2.00412 -13 1084 1 0 1
-15.5015 -9.41441 0 10.7494 -5.79326 82.9505 1.33995 -13 1085 1 0 1
-1.99938 27.9006 0 -2.02423 19.0003 85.1026 0.750006 -13 1086 1 0 1
-10.2811 -28.4483 0 3.58626 -18.727 89.4799 1.60639 -13 1087 1 0 1
-4.38594 -27.2263 0 -1.5893 -19.143 92.8088 1.96205 -13 1088 1 0 1
3.35166 30.0908 0 -6.39943 19.0647 86.9622 2.63262 -13 1089 1 0 1
3.70198 12.1895 0 -5.95624 8.01158 83.7722 0.848987 -13 1090 1 0 1
1.58234 -29.1054 0 -5.31946 -19.6888 88.6415 2.61102 -13 1091 1 0 1
1.01714 -41.3459 0 -2.92547 -25.2444 74.9359 1.45251 -13 1092 1 0 1
7.04383 -20.4587 0 -9.09189 -13.9323 91.15 2.50808 -13 1093 1 0 1
-7.23316 -0.524743 0 2.91031 -0.607599 85.1095 1.59494 -13 1094 1 0 1
5.86173 -2.91461 0 -7.9608 -2.67228 77.3168 1.11022 -13 1095 1 0 1
12.834 -12.7329 0 -14.2682 -8.50456 87.0495 3.40504 -13 1096 1 0 1
1.17226 0.35324 0 -4.74278 0.306701 88.8249 2.45429 -13 1097 1 0 1
2.24147 1.60785 0 -5.98339 1.17152 93.7213 0.609845 -13 1098 1 0 1
-16.7834 -25.2221 0 10.7959 -16.76 85.3763 2.74754 -13 1099 1 0 1
-4.33578 15.2435 0 -1.58535 10.4737 92.2517 0.712124 -13 1100 1 0 1
13.8271 -7.88716 0 -13.9073 -6.14797 94.3256 1.85511 -13 1101 1 0 1
-10.0992 -37.265 0 6.29134 -24.2534 81.9966 1.26622 -13 1102 1 0 1
-0.990561 11.9276 0 -1.60697 7.5343 81.3807 0.924416 -13 1103 1 0 1
-4.07158 14.9088 0 -5.3142 9.88296 97.9985 1.08254 -13 1104 1 0 1
-1.73052 -12.2418 0 -0.0240068 -7.57418 78.9404 3.11215 -13 1105 1 0 1
-16.0279 30.0752 0 6.00658 21.0501 93.9514 2.72 -13 1106 1 0 1
5.04373 11.7956 0 -7.40259 8.09525 84.107 1.68679 -13 1107 1 0 1
9.64229 13.515 0 -11.3691 9.5247 89.7361 1.37307 -13 1108 1 0 1
-5.45014 4.23621 0 1.12421 2.80733 86.7931 1.05845 -13 1109 1 0 1
-5.0134 -26.7478 0 1.45769 -16.5664 83.1403 2.16191 -13 1110 1 0 1
-3.3608 9.56004 0 1.4063 6.47283 78.4115 1.58732 -13 1111 1 0 1
