# Ev2Trk1
#x y z Px Py Pz t PDGid EventID TrackID ParentID Weight Bx By Bz Ex Ey Ez
# Event 2 Track 1
-1.21051 -1.28069 0 -21.108 -4.59606 94.4718 -0.355037 -13 2 1 0 1 0 0 0 0 0 0 
-1.31941 -1.3044 0.487419 -21.108 -4.59606 94.4718 -0.35257 -13 2 1 0 1 0 0 0 0 0 0 
-1.42832 -1.32812 0.974838 -21.108 -4.59606 94.4718 -0.350102 -13 2 1 0 1 0 0 0 0 0 0 
-1.53722 -1.35183 1.46226 -21.108 -4.59606 94.4718 -0.347635 -13 2 1 0 1 0 0 0 0 0 0 
-1.64613 -1.37554 1.94968 -21.108 -4.59606 94.4718 -0.345167 -13 2 1 0 1 0 0 0 0 0 0 
-1.75503 -1.39925 2.4371 -21.108 -4.59606 94.4718 -0.3427 -13 2 1 0 1 0 0 0 0 0 0 
-1.86394 -1.42297 2.92451 -21.108 -4.59606 94.4718 -0.340233 -13 2 1 0 1 0 0 0 0 0 0 
-1.97284 -1.44668 3.41193 -21.108 -4.59606 94.4718 -0.337765 -13 2 1 0 1 0 0 0 0 0 0 
-2.08175 -1.47039 3.89935 -21.108 -4.59606 94.4718 -0.335298 -13 2 1 0 1 0 0 0 0 0 0 
-2.19065 -1.49411 4.38677 -21.108 -4.59606 94.4718 -0.33283 -13 2 1 0 1 0 0 0 0 0 0 
-2.29956 -1.51782 4.87419 -21.108 -4.59606 94.4718 -0.330363 -13 2 1 0 1 0 0 0 0 0 0 
-2.40846 -1.54153 5.36161 -21.108 -4.59606 94.4718 -0.327895 -13 2 1 0 1 0 0 0 0 0 0 
-2.51737 -1.56525 5.84903 -21.108 -4.59606 94.4718 -0.325428 -13 2 1 0 1 0 0 0 0 0 0 
-2.62627 -1.58896 6.33645 -21.108 -4.59606 94.4718 -0.322961 -13 2 1 0 1 0 0 0 0 0 0 
-2.73518 -1.61267 6.82387 -21.108 -4.59606 94.4718 -0.320493 -13 2 1 0 1 0 0 0 0 0 0 
-2.84408 -1.63638 7.31129 -21.108 -4.59606 94.4718 -0.318026 -13 2 1 0 1 0 0 0 0 0 0 
-2.95299 -1.6601 7.79871 -21.108 -4.59606 94.4718 -0.315558 -13 2 1 0 1 0 0 0 0 0 0 
-3.06189 -1.68381 8.28613 -21.108 -4.59606 94.4718 -0.313091 -13 2 1 0 1 0 0 0 0 0 0 
-3.1708 -1.70752 8.77354 -21.108 -4.59606 94.4718 -0.310624 -13 2 1 0 1 0 0 0 0 0 0 
-3.2797 -1.73124 9.26096 -21.108 -4.59606 94.4718 -0.308156 -13 2 1 0 1 0 0 0 0 0 0 
-3.38861 -1.75495 9.74838 -21.108 -4.59606 94.4718 -0.305689 -13 2 1 0 1 0 0 0 0 0 0 
-3.49751 -1.77866 10.2358 -21.108 -4.59606 94.4718 -0.303221 -13 2 1 0 1 0 0 0 0 0 0 
-3.60642 -1.80238 10.7232 -21.108 -4.59606 94.4718 -0.300754 -13 2 1 0 1 0 0 0 0 0 0 
-3.71532 -1.82609 11.2106 -21.108 -4.59606 94.4718 -0.298287 -13 2 1 0 1 0 0 0 0 0 0 
-3.82423 -1.8498 11.6981 -21.108 -4.59606 94.4718 -0.295819 -13 2 1 0 1 0 0 0 0 0 0 
-3.93313 -1.87351 12.1855 -21.108 -4.59606 94.4718 -0.293352 -13 2 1 0 1 0 0 0 0 0 0 
-4.04204 -1.89723 12.6729 -21.108 -4.59606 94.4718 -0.290884 -13 2 1 0 1 0 0 0 0 0 0 
-4.15094 -1.92094 13.1603 -21.108 -4.59606 94.4718 -0.288417 -13 2 1 0 1 0 0 0 0 0 0 
-4.25985 -1.94465 13.6477 -21.108 -4.59606 94.4718 -0.28595 -13 2 1 0 1 0 0 0 0 0 0 
-4.36875 -1.96837 14.1352 -21.108 -4.59606 94.4718 -0.283482 -13 2 1 0 1 0 0 0 0 0 0 
-4.47766 -1.99208 14.6226 -21.108 -4.59606 94.4718 -0.281015 -13 2 1 0 1 0 0 0 0 0 0 
-4.58656 -2.01579 15.11 -21.108 -4.59606 94.4718 -0.278547 -13 2 1 0 1 0 0 0 0 0 0 
-4.69547 -2.03951 15.5974 -21.108 -4.59606 94.4718 -0.27608 -13 2 1 0 1 0 0 0 0 0 0 
-4.80437 -2.06322 16.0848 -21.108 -4.59606 94.4718 -0.273612 -13 2 1 0 1 0 0 0 0 0 0 
-4.91328 -2.08693 16.5723 -21.108 -4.59606 94.4718 -0.271145 -13 2 1 0 1 0 0 0 0 0 0 
-5.02218 -2.11064 17.0597 -21.108 -4.59606 94.4718 -0.268678 -13 2 1 0 1 0 0 0 0 0 0 
-5.13109 -2.13436 17.5471 -21.108 -4.59606 94.4718 -0.26621 -13 2 1 0 1 0 0 0 0 0 0 
-5.23999 -2.15807 18.0345 -21.108 -4.59606 94.4718 -0.263743 -13 2 1 0 1 0 0 0 0 0 0 
-5.3489 -2.18178 18.5219 -21.108 -4.59606 94.4718 -0.261275 -13 2 1 0 1 0 0 0 0 0 0 
-5.4578 -2.2055 19.0093 -21.108 -4.59606 94.4718 -0.258808 -13 2 1 0 1 0 0 0 0 0 0 
-5.56671 -2.22921 19.4968 -21.108 -4.59606 94.4718 -0.256341 -13 2 1 0 1 0 0 0 0 0 0 
-5.67561 -2.25292 19.9842 -21.108 -4.59606 94.4718 -0.253873 -13 2 1 0 1 0 0 0 0 0 0 
-5.78452 -2.27664 20.4716 -21.108 -4.59606 94.4718 -0.251406 -13 2 1 0 1 0 0 0 0 0 0 
-5.89342 -2.30035 20.959 -21.108 -4.59606 94.4718 -0.248938 -13 2 1 0 1 0 0 0 0 0 0 
-6.00233 -2.32406 21.4464 -21.108 -4.59606 94.4718 -0.246471 -13 2 1 0 1 0 0 0 0 0 0 
-6.11123 -2.34777 21.9339 -21.108 -4.59606 94.4718 -0.244004 -13 2 1 0 1 0 0 0 0 0 0 
-6.22014 -2.37149 22.4213 -21.108 -4.59606 94.4718 -0.241536 -13 2 1 0 1 0 0 0 0 0 0 
-6.32904 -2.3952 22.9087 -21.108 -4.59606 94.4718 -0.239069 -13 2 1 0 1 0 0 0 0 0 0 
-6.43795 -2.41891 23.3961 -21.108 -4.59606 94.4718 -0.236601 -13 2 1 0 1 0 0 0 0 0 0 
-6.54685 -2.44263 23.8835 -21.108 -4.59606 94.4718 -0.234134 -13 2 1 0 1 0 0 0 0 0 0 
-6.65576 -2.46634 24.371 -21.108 -4.59606 94.4718 -0.231666 -13 2 1 0 1 0 0 0 0 0 0 
-6.76466 -2.49005 24.8584 -21.108 -4.59606 94.4718 -0.229199 -13 2 1 0 1 0 0 0 0 0 0 
-6.77388 -2.49206 24.8997 -21.108 -4.59606 94.4718 -0.22899 -13 2 1 0 1 0 0 0 0 0 0 
-6.8851 -2.51577 25.3427 -21.6976 -4.59606 94.3381 -0.226523 -13 2 1 0 1 0 -0.1466 0 0 0 0 
-6.99699 -2.53949 25.8294 -21.6762 -4.59606 94.343 -0.224055 -13 2 1 0 1 0 -0.1466 0 0 0 0 
-7.10877 -2.5632 26.3162 -21.6548 -4.59606 94.348 -0.221588 -13 2 1 0 1 0 -0.1466 0 0 0 0 
-7.22044 -2.58691 26.803 -21.6334 -4.59606 94.3529 -0.21912 -13 2 1 0 1 0 -0.1466 0 0 0 0 
-7.332 -2.61063 27.2898 -21.612 -4.59606 94.3578 -0.216653 -13 2 1 0 1 0 -0.1466 0 0 0 0 
-7.44345 -2.63434 27.7766 -21.5906 -4.59606 94.3627 -0.214186 -13 2 1 0 1 0 -0.1466 0 0 0 0 
-7.55479 -2.65805 28.2635 -21.5692 -4.59606 94.3676 -0.211718 -13 2 1 0 1 0 -0.1466 0 0 0 0 
-7.66602 -2.68176 28.7504 -21.5478 -4.59606 94.3725 -0.209251 -13 2 1 0 1 0 -0.1466 0 0 0 0 
-7.77714 -2.70548 29.2373 -21.5264 -4.59606 94.3773 -0.206783 -13 2 1 0 1 0 -0.1466 0 0 0 0 
-7.88815 -2.72919 29.7243 -21.505 -4.59606 94.3822 -0.204316 -13 2 1 0 1 0 -0.1466 0 0 0 0 
-7.99905 -2.7529 30.2112 -21.4836 -4.59606 94.3871 -0.201849 -13 2 1 0 1 0 -0.1466 0 0 0 0 
-8.10984 -2.77662 30.6982 -21.4622 -4.59606 94.392 -0.199381 -13 2 1 0 1 0 -0.1466 0 0 0 0 
-8.22051 -2.80033 31.1852 -21.4408 -4.59606 94.3968 -0.196914 -13 2 1 0 1 0 -0.1466 0 0 0 0 
-8.33108 -2.82404 31.6723 -21.4194 -4.59606 94.4017 -0.194446 -13 2 1 0 1 0 -0.1466 0 0 0 0 
-8.44154 -2.84776 32.1593 -21.398 -4.59606 94.4065 -0.191979 -13 2 1 0 1 0 -0.1466 0 0 0 0 
-8.55188 -2.87147 32.6464 -21.3766 -4.59606 94.4114 -0.189511 -13 2 1 0 1 0 -0.1466 0 0 0 0 
-8.66212 -2.89518 33.1336 -21.3552 -4.59606 94.4162 -0.187044 -13 2 1 0 1 0 -0.1466 0 0 0 0 
-8.77224 -2.91889 33.6207 -21.3338 -4.59606 94.4211 -0.184577 -13 2 1 0 1 0 -0.1466 0 0 0 0 
-8.88226 -2.94261 34.1079 -21.3124 -4.59606 94.4259 -0.182109 -13 2 1 0 1 0 -0.1466 0 0 0 0 
-8.99216 -2.96632 34.5951 -21.291 -4.59606 94.4307 -0.179642 -13 2 1 0 1 0 -0.1466 0 0 0 0 
-9.10195 -2.99003 35.0823 -21.2696 -4.59606 94.4356 -0.177174 -13 2 1 0 1 0 -0.1466 0 0 0 0 
-9.21164 -3.01375 35.5695 -21.2481 -4.59606 94.4404 -0.174707 -13 2 1 0 1 0 -0.1466 0 0 0 0 
-9.32121 -3.03746 36.0568 -21.2267 -4.59606 94.4452 -0.17224 -13 2 1 0 1 0 -0.1466 0 0 0 0 
-9.43067 -3.06117 36.5441 -21.2053 -4.59606 94.45 -0.169772 -13 2 1 0 1 0 -0.1466 0 0 0 0 
-9.54002 -3.08488 37.0314 -21.1839 -4.59606 94.4548 -0.167305 -13 2 1 0 1 0 -0.1466 0 0 0 0 
-9.64927 -3.1086 37.5188 -21.1625 -4.59606 94.4596 -0.164837 -13 2 1 0 1 0 -0.1466 0 0 0 0 
-9.7584 -3.13231 38.0061 -21.1411 -4.59606 94.4644 -0.16237 -13 2 1 0 1 0 -0.1466 0 0 0 0 
-9.86742 -3.15602 38.4935 -21.1196 -4.59606 94.4692 -0.159903 -13 2 1 0 1 0 -0.1466 0 0 0 0 
-9.97633 -3.17974 38.9809 -21.0982 -4.59606 94.474 -0.157435 -13 2 1 0 1 0 -0.1466 0 0 0 0 
-10.0851 -3.20345 39.4684 -21.0768 -4.59606 94.4788 -0.154968 -13 2 1 0 1 0 -0.1466 0 0 0 0 
-10.1938 -3.22716 39.9559 -21.0554 -4.59606 94.4835 -0.1525 -13 2 1 0 1 0 -0.1466 0 0 0 0 
-10.3024 -3.25088 40.4433 -21.0339 -4.59606 94.4883 -0.150033 -13 2 1 0 1 0 -0.1466 0 0 0 0 
-10.4109 -3.27459 40.9309 -21.0125 -4.59606 94.4931 -0.147566 -13 2 1 0 1 0 -0.1466 0 0 0 0 
-10.5192 -3.2983 41.4184 -20.9911 -4.59606 94.4978 -0.145098 -13 2 1 0 1 0 -0.1466 0 0 0 0 
-10.6275 -3.32201 41.906 -20.9697 -4.59606 94.5026 -0.142631 -13 2 1 0 1 0 -0.1466 0 0 0 0 
-10.7356 -3.34573 42.3936 -20.9482 -4.59606 94.5074 -0.140163 -13 2 1 0 1 0 -0.1466 0 0 0 0 
-10.8436 -3.36944 42.8812 -20.9268 -4.59606 94.5121 -0.137696 -13 2 1 0 1 0 -0.1466 0 0 0 0 
-10.9515 -3.39315 43.3688 -20.9054 -4.59606 94.5168 -0.135228 -13 2 1 0 1 0 -0.1466 0 0 0 0 
-11.0593 -3.41687 43.8565 -20.8839 -4.59606 94.5216 -0.132761 -13 2 1 0 1 0 -0.1466 0 0 0 0 
-11.167 -3.44058 44.3442 -20.8625 -4.59606 94.5263 -0.130294 -13 2 1 0 1 0 -0.1466 0 0 0 0 
-11.2746 -3.46429 44.8319 -20.8411 -4.59606 94.531 -0.127826 -13 2 1 0 1 0 -0.1466 0 0 0 0 
-11.3821 -3.48801 45.3196 -20.8196 -4.59606 94.5358 -0.125359 -13 2 1 0 1 0 -0.1466 0 0 0 0 
-11.4895 -3.51172 45.8074 -20.7982 -4.59606 94.5405 -0.122891 -13 2 1 0 1 0 -0.1466 0 0 0 0 
-11.5967 -3.53543 46.2952 -20.7768 -4.59606 94.5452 -0.120424 -13 2 1 0 1 0 -0.1466 0 0 0 0 
-11.7038 -3.55914 46.783 -20.7553 -4.59606 94.5499 -0.117957 -13 2 1 0 1 0 -0.1466 0 0 0 0 
-11.8109 -3.58286 47.2708 -20.7339 -4.59606 94.5546 -0.115489 -13 2 1 0 1 0 -0.1466 0 0 0 0 
-11.9178 -3.60657 47.7587 -20.7124 -4.59606 94.5593 -0.113022 -13 2 1 0 1 0 -0.1466 0 0 0 0 
-12.0246 -3.63028 48.2466 -20.691 -4.59606 94.564 -0.110554 -13 2 1 0 1 0 -0.1466 0 0 0 0 
-12.1313 -3.654 48.7345 -20.6695 -4.59606 94.5687 -0.108087 -13 2 1 0 1 0 -0.1466 0 0 0 0 
-12.2379 -3.67771 49.2224 -20.6481 -4.59606 94.5734 -0.10562 -13 2 1 0 1 0 -0.1466 0 0 0 0 
-12.3444 -3.70142 49.7103 -20.6267 -4.59606 94.5781 -0.103152 -13 2 1 0 1 0 -0.1466 0 0 0 0 
-12.4507 -3.72514 50.1983 -20.6052 -4.59606 94.5827 -0.100685 -13 2 1 0 1 0 -0.1466 0 0 0 0 
-12.557 -3.74885 50.6863 -20.5838 -4.59606 94.5874 -0.0982173 -13 2 1 0 1 0 -0.1466 0 0 0 0 
-12.6631 -3.77256 51.1744 -20.5623 -4.59606 94.5921 -0.0957499 -13 2 1 0 1 0 -0.1466 0 0 0 0 
-12.7692 -3.79627 51.6624 -20.5409 -4.59606 94.5967 -0.0932825 -13 2 1 0 1 0 -0.1466 0 0 0 0 
-12.8751 -3.81999 52.1505 -20.5194 -4.59606 94.6014 -0.0908151 -13 2 1 0 1 0 -0.1466 0 0 0 0 
-12.9809 -3.8437 52.6386 -20.498 -4.59606 94.606 -0.0883476 -13 2 1 0 1 0 -0.1466 0 0 0 0 
-13.0866 -3.86741 53.1267 -20.4765 -4.59606 94.6107 -0.0858802 -13 2 1 0 1 0 -0.1466 0 0 0 0 
-13.1922 -3.89113 53.6149 -20.4551 -4.59606 94.6153 -0.0834128 -13 2 1 0 1 0 -0.1466 0 0 0 0 
-13.2977 -3.91484 54.103 -20.4336 -4.59606 94.62 -0.0809454 -13 2 1 0 1 0 -0.1466 0 0 0 0 
-13.403 -3.93855 54.5912 -20.4121 -4.59606 94.6246 -0.078478 -13 2 1 0 1 0 -0.1466 0 0 0 0 
-13.5083 -3.96227 55.0794 -20.3907 -4.59606 94.6292 -0.0760106 -13 2 1 0 1 0 -0.1466 0 0 0 0 
-13.6135 -3.98598 55.5677 -20.3692 -4.59606 94.6338 -0.0735432 -13 2 1 0 1 0 -0.1466 0 0 0 0 
-13.7203 -4.00969 55.814 -22.0134 -4.59606 94.2649 -0.0710758 -13 2 1 0 1 0 -0.1466 0 0 0 0 
-13.8338 -4.0334 56.3004 -21.992 -4.59606 94.2699 -0.0686084 -13 2 1 0 1 0 -0.1466 0 0 0 0 
-13.9472 -4.05712 56.7868 -21.9706 -4.59606 94.2749 -0.066141 -13 2 1 0 1 0 -0.1466 0 0 0 0 
-14.0605 -4.08083 57.2732 -21.9493 -4.59606 94.2799 -0.0636735 -13 2 1 0 1 0 -0.1466 0 0 0 0 
-14.1737 -4.10454 57.7596 -21.9279 -4.59606 94.2849 -0.0612061 -13 2 1 0 1 0 -0.1466 0 0 0 0 
-14.2868 -4.12826 58.2461 -21.9065 -4.59606 94.2898 -0.0587387 -13 2 1 0 1 0 -0.1466 0 0 0 0 
-14.3998 -4.15197 58.7326 -21.8851 -4.59606 94.2948 -0.0562713 -13 2 1 0 1 0 -0.1466 0 0 0 0 
-14.5126 -4.17568 59.2191 -21.8637 -4.59606 94.2998 -0.0538039 -13 2 1 0 1 0 -0.1466 0 0 0 0 
-14.6254 -4.19939 59.7057 -21.8423 -4.59606 94.3047 -0.0513365 -13 2 1 0 1 0 -0.1466 0 0 0 0 
-14.738 -4.22311 60.1922 -21.821 -4.59606 94.3097 -0.0488691 -13 2 1 0 1 0 -0.1466 0 0 0 0 
-14.8505 -4.24682 60.6788 -21.7996 -4.59606 94.3146 -0.0464017 -13 2 1 0 1 0 -0.1466 0 0 0 0 
-14.9629 -4.27053 61.1654 -21.7782 -4.59606 94.3196 -0.0439343 -13 2 1 0 1 0 -0.1466 0 0 0 0 
-15.0753 -4.29425 61.6521 -21.7568 -4.59606 94.3245 -0.0414668 -13 2 1 0 1 0 -0.1466 0 0 0 0 
-15.1875 -4.31796 62.1388 -21.7354 -4.59606 94.3294 -0.0389994 -13 2 1 0 1 0 -0.1466 0 0 0 0 
-15.2995 -4.34167 62.6255 -21.714 -4.59606 94.3344 -0.036532 -13 2 1 0 1 0 -0.1466 0 0 0 0 
-15.4115 -4.36539 63.1122 -21.6926 -4.59606 94.3393 -0.0340646 -13 2 1 0 1 0 -0.1466 0 0 0 0 
-15.5234 -4.3891 63.5989 -21.6712 -4.59606 94.3442 -0.0315972 -13 2 1 0 1 0 -0.1466 0 0 0 0 
-15.6351 -4.41281 64.0857 -21.6498 -4.59606 94.3491 -0.0291298 -13 2 1 0 1 0 -0.1466 0 0 0 0 
-15.7468 -4.43652 64.5725 -21.6285 -4.59606 94.354 -0.0266624 -13 2 1 0 1 0 -0.1466 0 0 0 0 
-15.8583 -4.46024 65.0593 -21.6071 -4.59606 94.3589 -0.024195 -13 2 1 0 1 0 -0.1466 0 0 0 0 
-15.9697 -4.48395 65.5462 -21.5857 -4.59606 94.3638 -0.0217276 -13 2 1 0 1 0 -0.1466 0 0 0 0 
-16.0811 -4.50766 66.033 -21.5643 -4.59606 94.3687 -0.0192602 -13 2 1 0 1 0 -0.1466 0 0 0 0 
-16.1923 -4.53138 66.5199 -21.5429 -4.59606 94.3736 -0.0167927 -13 2 1 0 1 0 -0.1466 0 0 0 0 
-16.3034 -4.55509 67.0069 -21.5215 -4.59606 94.3785 -0.0143253 -13 2 1 0 1 0 -0.1466 0 0 0 0 
-16.4143 -4.5788 67.4938 -21.5001 -4.59606 94.3833 -0.0118579 -13 2 1 0 1 0 -0.1466 0 0 0 0 
-16.5252 -4.60252 67.9808 -21.4787 -4.59606 94.3882 -0.00939051 -13 2 1 0 1 0 -0.1466 0 0 0 0 
-16.636 -4.62623 68.4678 -21.4573 -4.59606 94.3931 -0.0069231 -13 2 1 0 1 0 -0.1466 0 0 0 0 
-16.7466 -4.64994 68.9548 -21.4359 -4.59606 94.398 -0.00445569 -13 2 1 0 1 0 -0.1466 0 0 0 0 
-16.8572 -4.67365 69.4419 -21.4144 -4.59606 94.4028 -0.00198828 -13 2 1 0 1 0 -0.1466 0 0 0 0 
-16.9676 -4.69737 69.9289 -21.393 -4.59606 94.4077 0.000479132 -13 2 1 0 1 0 -0.1466 0 0 0 0 
-17.0779 -4.72108 70.416 -21.3716 -4.59606 94.4125 0.00294654 -13 2 1 0 1 0 -0.1466 0 0 0 0 
-17.1881 -4.74479 70.9032 -21.3502 -4.59606 94.4174 0.00541395 -13 2 1 0 1 0 -0.1466 0 0 0 0 
-17.2982 -4.76851 71.3903 -21.3288 -4.59606 94.4222 0.00788136 -13 2 1 0 1 0 -0.1466 0 0 0 0 
-17.4082 -4.79222 71.8775 -21.3074 -4.59606 94.427 0.0103488 -13 2 1 0 1 0 -0.1466 0 0 0 0 
-17.5181 -4.81593 72.3647 -21.286 -4.59606 94.4319 0.0128162 -13 2 1 0 1 0 -0.1466 0 0 0 0 
-17.6279 -4.83965 72.8519 -21.2646 -4.59606 94.4367 0.0152836 -13 2 1 0 1 0 -0.1466 0 0 0 0 
-17.7375 -4.86336 73.3392 -21.2432 -4.59606 94.4415 0.017751 -13 2 1 0 1 0 -0.1466 0 0 0 0 
-17.8471 -4.88707 73.8265 -21.2217 -4.59606 94.4463 0.0202184 -13 2 1 0 1 0 -0.1466 0 0 0 0 
-17.9565 -4.91078 74.3138 -21.2003 -4.59606 94.4511 0.0226858 -13 2 1 0 1 0 -0.1466 0 0 0 0 
-18.0658 -4.9345 74.8011 -21.1789 -4.59606 94.4559 0.0251532 -13 2 1 0 1 0 -0.1466 0 0 0 0 
-18.175 -4.95821 75.2884 -21.1575 -4.59606 94.4607 0.0276206 -13 2 1 0 1 0 -0.1466 0 0 0 0 
-18.2841 -4.98192 75.7758 -21.1361 -4.59606 94.4655 0.0300881 -13 2 1 0 1 0 -0.1466 0 0 0 0 
-18.3931 -5.00564 76.2632 -21.1147 -4.59606 94.4703 0.0325555 -13 2 1 0 1 0 -0.1466 0 0 0 0 
-18.502 -5.02935 76.7506 -21.0932 -4.59606 94.4751 0.0350229 -13 2 1 0 1 0 -0.1466 0 0 0 0 
-18.6108 -5.05306 77.2381 -21.0718 -4.59606 94.4799 0.0374903 -13 2 1 0 1 0 -0.1466 0 0 0 0 
-18.7195 -5.07677 77.7255 -21.0504 -4.59606 94.4847 0.0399577 -13 2 1 0 1 0 -0.1466 0 0 0 0 
-18.828 -5.10049 78.213 -21.029 -4.59606 94.4894 0.0424251 -13 2 1 0 1 0 -0.1466 0 0 0 0 
-18.9365 -5.1242 78.7006 -21.0075 -4.59606 94.4942 0.0448925 -13 2 1 0 1 0 -0.1466 0 0 0 0 
-19.0448 -5.14791 79.1881 -20.9861 -4.59606 94.499 0.0473599 -13 2 1 0 1 0 -0.1466 0 0 0 0 
-19.153 -5.17163 79.6757 -20.9647 -4.59606 94.5037 0.0498273 -13 2 1 0 1 0 -0.1466 0 0 0 0 
-19.2611 -5.19534 80.1633 -20.9432 -4.59606 94.5085 0.0522948 -13 2 1 0 1 0 -0.1466 0 0 0 0 
-19.3691 -5.21905 80.6509 -20.9218 -4.59606 94.5132 0.0547622 -13 2 1 0 1 0 -0.1466 0 0 0 0 
-19.477 -5.24277 81.1385 -20.9004 -4.59606 94.5179 0.0572296 -13 2 1 0 1 0 -0.1466 0 0 0 0 
-19.5848 -5.26648 81.6262 -20.8789 -4.59606 94.5227 0.059697 -13 2 1 0 1 0 -0.1466 0 0 0 0 
-19.6925 -5.29019 82.1139 -20.8575 -4.59606 94.5274 0.0621644 -13 2 1 0 1 0 -0.1466 0 0 0 0 
-19.8 -5.3139 82.6016 -20.8361 -4.59606 94.5321 0.0646318 -13 2 1 0 1 0 -0.1466 0 0 0 0 
-19.9075 -5.33762 83.0894 -20.8146 -4.59606 94.5369 0.0670992 -13 2 1 0 1 0 -0.1466 0 0 0 0 
-20.0148 -5.36133 83.5771 -20.7932 -4.59606 94.5416 0.0695666 -13 2 1 0 1 0 -0.1466 0 0 0 0 
-20.122 -5.38504 84.0649 -20.7718 -4.59606 94.5463 0.072034 -13 2 1 0 1 0 -0.1466 0 0 0 0 
-20.2291 -5.40876 84.5527 -20.7503 -4.59606 94.551 0.0745014 -13 2 1 0 1 0 -0.1466 0 0 0 0 
-20.3361 -5.43247 85.0406 -20.7289 -4.59606 94.5557 0.0769689 -13 2 1 0 1 0 -0.1466 0 0 0 0 
-20.443 -5.45618 85.5284 -20.7074 -4.59606 94.5604 0.0794363 -13 2 1 0 1 0 -0.1466 0 0 0 0 
-20.5498 -5.4799 86.0163 -20.686 -4.59606 94.5651 0.0819037 -13 2 1 0 1 0 -0.1466 0 0 0 0 
-20.6565 -5.50361 86.5042 -20.6646 -4.59606 94.5698 0.0843711 -13 2 1 0 1 0 -0.1466 0 0 0 0 
-20.7444 -5.52293 86.7679 -21.2646 -4.59606 94.4367 0.0863813 -13 2 1 0 1 0 0 0 0 0 0 
-20.8541 -5.54664 87.2551 -21.2646 -4.59606 94.4367 0.0888487 -13 2 1 0 1 0 0 0 0 0 0 
-20.9638 -5.57035 87.7423 -21.2646 -4.59606 94.4367 0.0913161 -13 2 1 0 1 0 0 0 0 0 0 
-21.0735 -5.59407 88.2296 -21.2646 -4.59606 94.4367 0.0937835 -13 2 1 0 1 0 0 0 0 0 0 
-21.1832 -5.61778 88.7168 -21.2646 -4.59606 94.4367 0.0962509 -13 2 1 0 1 0 0 0 0 0 0 
-21.293 -5.64149 89.2041 -21.2646 -4.59606 94.4367 0.0987183 -13 2 1 0 1 0 0 0 0 0 0 
-21.4027 -5.66521 89.6913 -21.2646 -4.59606 94.4367 0.101186 -13 2 1 0 1 0 0 0 0 0 0 
-21.5124 -5.68892 90.1785 -21.2646 -4.59606 94.4367 0.103653 -13 2 1 0 1 0 0 0 0 0 0 
-21.6221 -5.71263 90.6658 -21.2646 -4.59606 94.4367 0.106121 -13 2 1 0 1 0 0 0 0 0 0 
-21.7318 -5.73634 91.153 -21.2646 -4.59606 94.4367 0.108588 -13 2 1 0 1 0 0 0 0 0 0 
-21.8415 -5.76006 91.6403 -21.2646 -4.59606 94.4367 0.111055 -13 2 1 0 1 0 0 0 0 0 0 
-21.9512 -5.78377 92.1275 -21.2646 -4.59606 94.4367 0.113523 -13 2 1 0 1 0 0 0 0 0 0 
-22.061 -5.80748 92.6147 -21.2646 -4.59606 94.4367 0.11599 -13 2 1 0 1 0 0 0 0 0 0 
-22.1707 -5.8312 93.102 -21.2646 -4.59606 94.4367 0.118458 -13 2 1 0 1 0 0 0 0 0 0 
-22.2804 -5.85491 93.5892 -21.2646 -4.59606 94.4367 0.120925 -13 2 1 0 1 0 0 0 0 0 0 
-22.3901 -5.87862 94.0764 -21.2646 -4.59606 94.4367 0.123392 -13 2 1 0 1 0 0 0 0 0 0 
-22.4998 -5.90234 94.5637 -21.2646 -4.59606 94.4367 0.12586 -13 2 1 0 1 0 0 0 0 0 0 
-22.6095 -5.92605 95.0509 -21.2646 -4.59606 94.4367 0.128327 -13 2 1 0 1 0 0 0 0 0 0 
-22.7192 -5.94976 95.5382 -21.2646 -4.59606 94.4367 0.130795 -13 2 1 0 1 0 0 0 0 0 0 
-22.8289 -5.97347 96.0254 -21.2646 -4.59606 94.4367 0.133262 -13 2 1 0 1 0 0 0 0 0 0 
-22.9387 -5.99719 96.5126 -21.2646 -4.59606 94.4367 0.135729 -13 2 1 0 1 0 0 0 0 0 0 
-23.0484 -6.0209 96.9999 -21.2646 -4.59606 94.4367 0.138197 -13 2 1 0 1 0 0 0 0 0 0 
-23.1581 -6.04461 97.4871 -21.2646 -4.59606 94.4367 0.140664 -13 2 1 0 1 0 0 0 0 0 0 
-23.2678 -6.06833 97.9743 -21.2646 -4.59606 94.4367 0.143132 -13 2 1 0 1 0 0 0 0 0 0 
-23.3775 -6.09204 98.4616 -21.2646 -4.59606 94.4367 0.145599 -13 2 1 0 1 0 0 0 0 0 0 
-23.4872 -6.11575 98.9488 -21.2646 -4.59606 94.4367 0.148067 -13 2 1 0 1 0 0 0 0 0 0 
-23.5969 -6.13946 99.4361 -21.2646 -4.59606 94.4367 0.150534 -13 2 1 0 1 0 0 0 0 0 0 
-23.7066 -6.16318 99.9233 -21.2646 -4.59606 94.4367 0.153001 -13 2 1 0 1 0 0 0 0 0 0 
-23.8164 -6.18689 100.411 -21.2646 -4.59606 94.4367 0.155469 -13 2 1 0 1 0 0 0 0 0 0 
-23.9261 -6.2106 100.898 -21.2646 -4.59606 94.4367 0.157936 -13 2 1 0 1 0 0 0 0 0 0 
-24.0358 -6.23432 101.385 -21.2646 -4.59606 94.4367 0.160404 -13 2 1 0 1 0 0 0 0 0 0 
-24.1455 -6.25803 101.872 -21.2646 -4.59606 94.4367 0.162871 -13 2 1 0 1 0 0 0 0 0 0 
-24.2552 -6.28174 102.359 -21.2646 -4.59606 94.4367 0.165338 -13 2 1 0 1 0 0 0 0 0 0 
-24.3649 -6.30546 102.847 -21.2646 -4.59606 94.4367 0.167806 -13 2 1 0 1 0 0 0 0 0 0 
-24.4746 -6.32917 103.334 -21.2646 -4.59606 94.4367 0.170273 -13 2 1 0 1 0 0 0 0 0 0 
-24.5844 -6.35288 103.821 -21.2646 -4.59606 94.4367 0.172741 -13 2 1 0 1 0 0 0 0 0 0 
-24.6941 -6.37659 104.308 -21.2646 -4.59606 94.4367 0.175208 -13 2 1 0 1 0 0 0 0 0 0 
-24.8038 -6.40031 104.796 -21.2646 -4.59606 94.4367 0.177675 -13 2 1 0 1 0 0 0 0 0 0 
-24.9135 -6.42402 105.283 -21.2646 -4.59606 94.4367 0.180143 -13 2 1 0 1 0 0 0 0 0 0 
-25.0232 -6.44773 105.77 -21.2646 -4.59606 94.4367 0.18261 -13 2 1 0 1 0 0 0 0 0 0 
-25.1329 -6.47145 106.257 -21.2646 -4.59606 94.4367 0.185078 -13 2 1 0 1 0 0 0 0 0 0 
-25.2426 -6.49516 106.745 -21.2646 -4.59606 94.4367 0.187545 -13 2 1 0 1 0 0 0 0 0 0 
-25.3523 -6.51887 107.232 -21.2646 -4.59606 94.4367 0.190013 -13 2 1 0 1 0 0 0 0 0 0 
-25.4621 -6.54259 107.719 -21.2646 -4.59606 94.4367 0.19248 -13 2 1 0 1 0 0 0 0 0 0 
-25.5718 -6.5663 108.206 -21.2646 -4.59606 94.4367 0.194947 -13 2 1 0 1 0 0 0 0 0 0 
-25.6815 -6.59001 108.694 -21.2646 -4.59606 94.4367 0.197415 -13 2 1 0 1 0 0 0 0 0 0 
-25.7912 -6.61372 109.181 -21.2646 -4.59606 94.4367 0.199882 -13 2 1 0 1 0 0 0 0 0 0 
-25.9009 -6.63744 109.668 -21.2646 -4.59606 94.4367 0.20235 -13 2 1 0 1 0 0 0 0 0 0 
-26.0106 -6.66115 110.155 -21.2646 -4.59606 94.4367 0.204817 -13 2 1 0 1 0 0 0 0 0 0 
-26.1203 -6.68486 110.643 -21.2646 -4.59606 94.4367 0.207284 -13 2 1 0 1 0 0 0 0 0 0 
-26.2301 -6.70858 111.13 -21.2646 -4.59606 94.4367 0.209752 -13 2 1 0 1 0 0 0 0 0 0 
-26.3398 -6.73229 111.617 -21.2646 -4.59606 94.4367 0.212219 -13 2 1 0 1 0 0 0 0 0 0 
-26.4495 -6.756 112.104 -21.2646 -4.59606 94.4367 0.214687 -13 2 1 0 1 0 0 0 0 0 0 
-26.5592 -6.77972 112.591 -21.2646 -4.59606 94.4367 0.217154 -13 2 1 0 1 0 0 0 0 0 0 
-26.6689 -6.80343 113.079 -21.2646 -4.59606 94.4367 0.219621 -13 2 1 0 1 0 0 0 0 0 0 
-26.7786 -6.82714 113.566 -21.2646 -4.59606 94.4367 0.222089 -13 2 1 0 1 0 0 0 0 0 0 
-26.8883 -6.85085 114.053 -21.2646 -4.59606 94.4367 0.224556 -13 2 1 0 1 0 0 0 0 0 0 
-26.998 -6.87457 114.54 -21.2646 -4.59606 94.4367 0.227024 -13 2 1 0 1 0 0 0 0 0 0 
-27.1078 -6.89828 115.028 -21.2646 -4.59606 94.4367 0.229491 -13 2 1 0 1 0 0 0 0 0 0 
-27.2175 -6.92199 115.515 -21.2646 -4.59606 94.4367 0.231959 -13 2 1 0 1 0 0 0 0 0 0 
-27.3272 -6.94571 116.002 -21.2646 -4.59606 94.4367 0.234426 -13 2 1 0 1 0 0 0 0 0 0 
-27.4369 -6.96942 116.489 -21.2646 -4.59606 94.4367 0.236893 -13 2 1 0 1 0 0 0 0 0 0 
-27.5466 -6.99313 116.977 -21.2646 -4.59606 94.4367 0.239361 -13 2 1 0 1 0 0 0 0 0 0 
-27.6563 -7.01684 117.464 -21.2646 -4.59606 94.4367 0.241828 -13 2 1 0 1 0 0 0 0 0 0 
-27.766 -7.04056 117.951 -21.2646 -4.59606 94.4367 0.244296 -13 2 1 0 1 0 0 0 0 0 0 
-27.8757 -7.06427 118.438 -21.2646 -4.59606 94.4367 0.246763 -13 2 1 0 1 0 0 0 0 0 0 
-27.9855 -7.08798 118.926 -21.2646 -4.59606 94.4367 0.24923 -13 2 1 0 1 0 0 0 0 0 0 
-28.0952 -7.1117 119.413 -21.2646 -4.59606 94.4367 0.251698 -13 2 1 0 1 0 0 0 0 0 0 
-28.2049 -7.13541 119.9 -21.2646 -4.59606 94.4367 0.254165 -13 2 1 0 1 0 0 0 0 0 0 
-28.3146 -7.15912 120.387 -21.2646 -4.59606 94.4367 0.256633 -13 2 1 0 1 0 0 0 0 0 0 
-28.4243 -7.18284 120.875 -21.2646 -4.59606 94.4367 0.2591 -13 2 1 0 1 0 0 0 0 0 0 
-28.534 -7.20655 121.362 -21.2646 -4.59606 94.4367 0.261567 -13 2 1 0 1 0 0 0 0 0 0 
-28.6437 -7.23026 121.849 -21.2646 -4.59606 94.4367 0.264035 -13 2 1 0 1 0 0 0 0 0 0 
-28.7535 -7.25397 122.336 -21.2646 -4.59606 94.4367 0.266502 -13 2 1 0 1 0 0 0 0 0 0 
-28.8632 -7.27769 122.823 -21.2646 -4.59606 94.4367 0.26897 -13 2 1 0 1 0 0 0 0 0 0 
-28.9729 -7.3014 123.311 -21.2646 -4.59606 94.4367 0.271437 -13 2 1 0 1 0 0 0 0 0 0 
-29.0826 -7.32511 123.798 -21.2646 -4.59606 94.4367 0.273904 -13 2 1 0 1 0 0 0 0 0 0 
-29.1923 -7.34883 124.285 -21.2646 -4.59606 94.4367 0.276372 -13 2 1 0 1 0 0 0 0 0 0 
-29.302 -7.37254 124.772 -21.2646 -4.59606 94.4367 0.278839 -13 2 1 0 1 0 0 0 0 0 0 
-29.4117 -7.39625 125.26 -21.2646 -4.59606 94.4367 0.281307 -13 2 1 0 1 0 0 0 0 0 0 
-29.5214 -7.41997 125.747 -21.2646 -4.59606 94.4367 0.283774 -13 2 1 0 1 0 0 0 0 0 0 
-29.6312 -7.44368 126.234 -21.2646 -4.59606 94.4367 0.286242 -13 2 1 0 1 0 0 0 0 0 0 
-29.7409 -7.46739 126.721 -21.2646 -4.59606 94.4367 0.288709 -13 2 1 0 1 0 0 0 0 0 0 
-29.8506 -7.4911 127.209 -21.2646 -4.59606 94.4367 0.291176 -13 2 1 0 1 0 0 0 0 0 0 
-29.9603 -7.51482 127.696 -21.2646 -4.59606 94.4367 0.293644 -13 2 1 0 1 0 0 0 0 0 0 
-30.07 -7.53853 128.183 -21.2646 -4.59606 94.4367 0.296111 -13 2 1 0 1 0 0 0 0 0 0 
-30.1797 -7.56224 128.67 -21.2646 -4.59606 94.4367 0.298579 -13 2 1 0 1 0 0 0 0 0 0 
-30.2894 -7.58596 129.158 -21.2646 -4.59606 94.4367 0.301046 -13 2 1 0 1 0 0 0 0 0 0 
-30.3991 -7.60967 129.645 -21.2646 -4.59606 94.4367 0.303513 -13 2 1 0 1 0 0 0 0 0 0 
-30.5089 -7.63338 130.132 -21.2646 -4.59606 94.4367 0.305981 -13 2 1 0 1 0 0 0 0 0 0 
-30.6186 -7.6571 130.619 -21.2646 -4.59606 94.4367 0.308448 -13 2 1 0 1 0 0 0 0 0 0 
-30.7283 -7.68081 131.107 -21.2646 -4.59606 94.4367 0.310916 -13 2 1 0 1 0 0 0 0 0 0 
-30.838 -7.70452 131.594 -21.2646 -4.59606 94.4367 0.313383 -13 2 1 0 1 0 0 0 0 0 0 
-30.9477 -7.72823 132.081 -21.2646 -4.59606 94.4367 0.31585 -13 2 1 0 1 0 0 0 0 0 0 
-31.0574 -7.75195 132.568 -21.2646 -4.59606 94.4367 0.318318 -13 2 1 0 1 0 0 0 0 0 0 
-31.1671 -7.77566 133.055 -21.2646 -4.59606 94.4367 0.320785 -13 2 1 0 1 0 0 0 0 0 0 
-31.2769 -7.79937 133.543 -21.2646 -4.59606 94.4367 0.323253 -13 2 1 0 1 0 0 0 0 0 0 
-31.3866 -7.82309 134.03 -21.2646 -4.59606 94.4367 0.32572 -13 2 1 0 1 0 0 0 0 0 0 
-31.4963 -7.8468 134.517 -21.2646 -4.59606 94.4367 0.328188 -13 2 1 0 1 0 0 0 0 0 0 
-31.606 -7.87051 135.004 -21.2646 -4.59606 94.4367 0.330655 -13 2 1 0 1 0 0 0 0 0 0 
-31.7157 -7.89423 135.492 -21.2646 -4.59606 94.4367 0.333122 -13 2 1 0 1 0 0 0 0 0 0 
-31.8254 -7.91794 135.979 -21.2646 -4.59606 94.4367 0.33559 -13 2 1 0 1 0 0 0 0 0 0 
-31.9351 -7.94165 136.466 -21.2646 -4.59606 94.4367 0.338057 -13 2 1 0 1 0 0 0 0 0 0 
-32.0448 -7.96536 136.953 -21.2646 -4.59606 94.4367 0.340525 -13 2 1 0 1 0 0 0 0 0 0 
-32.1546 -7.98908 137.441 -21.2646 -4.59606 94.4367 0.342992 -13 2 1 0 1 0 0 0 0 0 0 
-32.2643 -8.01279 137.928 -21.2646 -4.59606 94.4367 0.345459 -13 2 1 0 1 0 0 0 0 0 0 
-32.374 -8.0365 138.415 -21.2646 -4.59606 94.4367 0.347927 -13 2 1 0 1 0 0 0 0 0 0 
-32.4837 -8.06022 138.902 -21.2646 -4.59606 94.4367 0.350394 -13 2 1 0 1 0 0 0 0 0 0 
-32.5934 -8.08393 139.39 -21.2646 -4.59606 94.4367 0.352862 -13 2 1 0 1 0 0 0 0 0 0 
-32.7031 -8.10764 139.877 -21.2646 -4.59606 94.4367 0.355329 -13 2 1 0 1 0 0 0 0 0 0 
-32.8128 -8.13135 140.364 -21.2646 -4.59606 94.4367 0.357796 -13 2 1 0 1 0 0 0 0 0 0 
-32.9226 -8.15507 140.851 -21.2646 -4.59606 94.4367 0.360264 -13 2 1 0 1 0 0 0 0 0 0 
-33.0323 -8.17878 141.339 -21.2646 -4.59606 94.4367 0.362731 -13 2 1 0 1 0 0 0 0 0 0 
-33.142 -8.20249 141.826 -21.2646 -4.59606 94.4367 0.365199 -13 2 1 0 1 0 0 0 0 0 0 
-33.2517 -8.22621 142.313 -21.2646 -4.59606 94.4367 0.367666 -13 2 1 0 1 0 0 0 0 0 0 
-33.3614 -8.24992 142.8 -21.2646 -4.59606 94.4367 0.370133 -13 2 1 0 1 0 0 0 0 0 0 
-33.4711 -8.27363 143.287 -21.2646 -4.59606 94.4367 0.372601 -13 2 1 0 1 0 0 0 0 0 0 
-33.5808 -8.29735 143.775 -21.2646 -4.59606 94.4367 0.375068 -13 2 1 0 1 0 0 0 0 0 0 
-33.6905 -8.32106 144.262 -21.2646 -4.59606 94.4367 0.377536 -13 2 1 0 1 0 0 0 0 0 0 
-33.8003 -8.34477 144.749 -21.2646 -4.59606 94.4367 0.380003 -13 2 1 0 1 0 0 0 0 0 0 
-33.91 -8.36848 145.236 -21.2646 -4.59606 94.4367 0.382471 -13 2 1 0 1 0 0 0 0 0 0 
-34.0197 -8.3922 145.724 -21.2646 -4.59606 94.4367 0.384938 -13 2 1 0 1 0 0 0 0 0 0 
-34.1294 -8.41591 146.211 -21.2646 -4.59606 94.4367 0.387405 -13 2 1 0 1 0 0 0 0 0 0 
-34.2391 -8.43962 146.698 -21.2646 -4.59606 94.4367 0.389873 -13 2 1 0 1 0 0 0 0 0 0 
-34.3488 -8.46334 147.185 -21.2646 -4.59606 94.4367 0.39234 -13 2 1 0 1 0 0 0 0 0 0 
-34.4585 -8.48705 147.673 -21.2646 -4.59606 94.4367 0.394808 -13 2 1 0 1 0 0 0 0 0 0 
-34.5682 -8.51076 148.16 -21.2646 -4.59606 94.4367 0.397275 -13 2 1 0 1 0 0 0 0 0 0 
-34.678 -8.53448 148.647 -21.2646 -4.59606 94.4367 0.399742 -13 2 1 0 1 0 0 0 0 0 0 
-34.7877 -8.55819 149.134 -21.2646 -4.59606 94.4367 0.40221 -13 2 1 0 1 0 0 0 0 0 0 
-34.8974 -8.5819 149.622 -21.2646 -4.59606 94.4367 0.404677 -13 2 1 0 1 0 0 0 0 0 0 
-35.0071 -8.60561 150.109 -21.2646 -4.59606 94.4367 0.407145 -13 2 1 0 1 0 0 0 0 0 0 
-35.1168 -8.62933 150.596 -21.2646 -4.59606 94.4367 0.409612 -13 2 1 0 1 0 0 0 0 0 0 
-35.2265 -8.65304 151.083 -21.2646 -4.59606 94.4367 0.412079 -13 2 1 0 1 0 0 0 0 0 0 
-35.3362 -8.67675 151.571 -21.2646 -4.59606 94.4367 0.414547 -13 2 1 0 1 0 0 0 0 0 0 
-35.446 -8.70047 152.058 -21.2646 -4.59606 94.4367 0.417014 -13 2 1 0 1 0 0 0 0 0 0 
-35.5557 -8.72418 152.545 -21.2646 -4.59606 94.4367 0.419482 -13 2 1 0 1 0 0 0 0 0 0 
-35.6654 -8.74789 153.032 -21.2646 -4.59606 94.4367 0.421949 -13 2 1 0 1 0 0 0 0 0 0 
-35.7751 -8.77161 153.519 -21.2646 -4.59606 94.4367 0.424417 -13 2 1 0 1 0 0 0 0 0 0 
-35.8848 -8.79532 154.007 -21.2646 -4.59606 94.4367 0.426884 -13 2 1 0 1 0 0 0 0 0 0 
-35.9945 -8.81903 154.494 -21.2646 -4.59606 94.4367 0.429351 -13 2 1 0 1 0 0 0 0 0 0 
-36.1042 -8.84274 154.981 -21.2646 -4.59606 94.4367 0.431819 -13 2 1 0 1 0 0 0 0 0 0 
-36.2139 -8.86646 155.468 -21.2646 -4.59606 94.4367 0.434286 -13 2 1 0 1 0 0 0 0 0 0 
-36.3237 -8.89017 155.956 -21.2646 -4.59606 94.4367 0.436754 -13 2 1 0 1 0 0 0 0 0 0 
-36.4334 -8.91388 156.443 -21.2646 -4.59606 94.4367 0.439221 -13 2 1 0 1 0 0 0 0 0 0 
-36.5431 -8.9376 156.93 -21.2646 -4.59606 94.4367 0.441688 -13 2 1 0 1 0 0 0 0 0 0 
-36.6528 -8.96131 157.417 -21.2646 -4.59606 94.4367 0.444156 -13 2 1 0 1 0 0 0 0 0 0 
-36.7625 -8.98502 157.905 -21.2646 -4.59606 94.4367 0.446623 -13 2 1 0 1 0 0 0 0 0 0 
-36.8722 -9.00873 158.392 -21.2646 -4.59606 94.4367 0.449091 -13 2 1 0 1 0 0 0 0 0 0 
-36.9819 -9.03245 158.879 -21.2646 -4.59606 94.4367 0.451558 -13 2 1 0 1 0 0 0 0 0 0 
-37.0916 -9.05616 159.366 -21.2646 -4.59606 94.4367 0.454025 -13 2 1 0 1 0 0 0 0 0 0 
-37.2014 -9.07987 159.854 -21.2646 -4.59606 94.4367 0.456493 -13 2 1 0 1 0 0 0 0 0 0 
-37.3111 -9.10359 160.341 -21.2646 -4.59606 94.4367 0.45896 -13 2 1 0 1 0 0 0 0 0 0 
-37.4208 -9.1273 160.828 -21.2646 -4.59606 94.4367 0.461428 -13 2 1 0 1 0 0 0 0 0 0 
-37.5305 -9.15101 161.315 -21.2646 -4.59606 94.4367 0.463895 -13 2 1 0 1 0 0 0 0 0 0 
-37.6402 -9.17473 161.803 -21.2646 -4.59606 94.4367 0.466363 -13 2 1 0 1 0 0 0 0 0 0 
-37.7499 -9.19844 162.29 -21.2646 -4.59606 94.4367 0.46883 -13 2 1 0 1 0 0 0 0 0 0 
-37.8596 -9.22215 162.777 -21.2646 -4.59606 94.4367 0.471297 -13 2 1 0 1 0 0 0 0 0 0 
-37.9694 -9.24586 163.264 -21.2646 -4.59606 94.4367 0.473765 -13 2 1 0 1 0 0 0 0 0 0 
-38.0791 -9.26958 163.751 -21.2646 -4.59606 94.4367 0.476232 -13 2 1 0 1 0 0 0 0 0 0 
-38.1888 -9.29329 164.239 -21.2646 -4.59606 94.4367 0.4787 -13 2 1 0 1 0 0 0 0 0 0 
-38.2985 -9.317 164.726 -21.2646 -4.59606 94.4367 0.481167 -13 2 1 0 1 0 0 0 0 0 0 
-38.4082 -9.34072 165.213 -21.2646 -4.59606 94.4367 0.483634 -13 2 1 0 1 0 0 0 0 0 0 
-38.5179 -9.36443 165.7 -21.2646 -4.59606 94.4367 0.486102 -13 2 1 0 1 0 0 0 0 0 0 
-38.6276 -9.38814 166.188 -21.2646 -4.59606 94.4367 0.488569 -13 2 1 0 1 0 0 0 0 0 0 
-38.7373 -9.41186 166.675 -21.2646 -4.59606 94.4367 0.491037 -13 2 1 0 1 0 0 0 0 0 0 
-38.8471 -9.43557 167.162 -21.2646 -4.59606 94.4367 0.493504 -13 2 1 0 1 0 0 0 0 0 0 
-38.9568 -9.45928 167.649 -21.2646 -4.59606 94.4367 0.495971 -13 2 1 0 1 0 0 0 0 0 0 
-39.0665 -9.48299 168.137 -21.2646 -4.59606 94.4367 0.498439 -13 2 1 0 1 0 0 0 0 0 0 
-39.1762 -9.50671 168.624 -21.2646 -4.59606 94.4367 0.500906 -13 2 1 0 1 0 0 0 0 0 0 
-39.2859 -9.53042 169.111 -21.2646 -4.59606 94.4367 0.503374 -13 2 1 0 1 0 0 0 0 0 0 
-39.3956 -9.55413 169.598 -21.2646 -4.59606 94.4367 0.505841 -13 2 1 0 1 0 0 0 0 0 0 
-39.5053 -9.57785 170.086 -21.2646 -4.59606 94.4367 0.508308 -13 2 1 0 1 0 0 0 0 0 0 
-39.6151 -9.60156 170.573 -21.2646 -4.59606 94.4367 0.510776 -13 2 1 0 1 0 0 0 0 0 0 
-39.7248 -9.62527 171.06 -21.2646 -4.59606 94.4367 0.513243 -13 2 1 0 1 0 0 0 0 0 0 
-39.8345 -9.64899 171.547 -21.2646 -4.59606 94.4367 0.515711 -13 2 1 0 1 0 0 0 0 0 0 
-39.9442 -9.6727 172.034 -21.2646 -4.59606 94.4367 0.518178 -13 2 1 0 1 0 0 0 0 0 0 
-40.0539 -9.69641 172.522 -21.2646 -4.59606 94.4367 0.520646 -13 2 1 0 1 0 0 0 0 0 0 
-40.1636 -9.72012 173.009 -21.2646 -4.59606 94.4367 0.523113 -13 2 1 0 1 0 0 0 0 0 0 
-40.2733 -9.74384 173.496 -21.2646 -4.59606 94.4367 0.52558 -13 2 1 0 1 0 0 0 0 0 0 
-40.383 -9.76755 173.983 -21.2646 -4.59606 94.4367 0.528048 -13 2 1 0 1 0 0 0 0 0 0 
-40.4928 -9.79126 174.471 -21.2646 -4.59606 94.4367 0.530515 -13 2 1 0 1 0 0 0 0 0 0 
-40.6025 -9.81498 174.958 -21.2646 -4.59606 94.4367 0.532983 -13 2 1 0 1 0 0 0 0 0 0 
-40.7122 -9.83869 175.445 -21.2646 -4.59606 94.4367 0.53545 -13 2 1 0 1 0 0 0 0 0 0 
-40.8219 -9.8624 175.932 -21.2646 -4.59606 94.4367 0.537917 -13 2 1 0 1 0 0 0 0 0 0 
-40.9316 -9.88612 176.42 -21.2646 -4.59606 94.4367 0.540385 -13 2 1 0 1 0 0 0 0 0 0 
-41.0413 -9.90983 176.907 -21.2646 -4.59606 94.4367 0.542852 -13 2 1 0 1 0 0 0 0 0 0 
-41.151 -9.93354 177.394 -21.2646 -4.59606 94.4367 0.54532 -13 2 1 0 1 0 0 0 0 0 0 
-41.2607 -9.95725 177.881 -21.2646 -4.59606 94.4367 0.547787 -13 2 1 0 1 0 0 0 0 0 0 
-41.3705 -9.98097 178.369 -21.2646 -4.59606 94.4367 0.550254 -13 2 1 0 1 0 0 0 0 0 0 
-41.4802 -10.0047 178.856 -21.2646 -4.59606 94.4367 0.552722 -13 2 1 0 1 0 0 0 0 0 0 
-41.5899 -10.0284 179.343 -21.2646 -4.59606 94.4367 0.555189 -13 2 1 0 1 0 0 0 0 0 0 
-41.6996 -10.0521 179.83 -21.2646 -4.59606 94.4367 0.557657 -13 2 1 0 1 0 0 0 0 0 0 
-41.8093 -10.0758 180.318 -21.2646 -4.59606 94.4367 0.560124 -13 2 1 0 1 0 0 0 0 0 0 
-41.919 -10.0995 180.805 -21.2646 -4.59606 94.4367 0.562592 -13 2 1 0 1 0 0 0 0 0 0 
-42.0287 -10.1232 181.292 -21.2646 -4.59606 94.4367 0.565059 -13 2 1 0 1 0 0 0 0 0 0 
-42.1385 -10.147 181.779 -21.2646 -4.59606 94.4367 0.567526 -13 2 1 0 1 0 0 0 0 0 0 
-42.2482 -10.1707 182.266 -21.2646 -4.59606 94.4367 0.569994 -13 2 1 0 1 0 0 0 0 0 0 
-42.3579 -10.1944 182.754 -21.2646 -4.59606 94.4367 0.572461 -13 2 1 0 1 0 0 0 0 0 0 
-42.4676 -10.2181 183.241 -21.2646 -4.59606 94.4367 0.574929 -13 2 1 0 1 0 0 0 0 0 0 
-42.5773 -10.2418 183.728 -21.2646 -4.59606 94.4367 0.577396 -13 2 1 0 1 0 0 0 0 0 0 
-42.687 -10.2655 184.215 -21.2646 -4.59606 94.4367 0.579863 -13 2 1 0 1 0 0 0 0 0 0 
-42.7967 -10.2892 184.703 -21.2646 -4.59606 94.4367 0.582331 -13 2 1 0 1 0 0 0 0 0 0 
-42.9064 -10.3129 185.19 -21.2646 -4.59606 94.4367 0.584798 -13 2 1 0 1 0 0 0 0 0 0 
-43.0162 -10.3367 185.677 -21.2646 -4.59606 94.4367 0.587266 -13 2 1 0 1 0 0 0 0 0 0 
-43.1259 -10.3604 186.164 -21.2646 -4.59606 94.4367 0.589733 -13 2 1 0 1 0 0 0 0 0 0 
-43.2356 -10.3841 186.652 -21.2646 -4.59606 94.4367 0.5922 -13 2 1 0 1 0 0 0 0 0 0 
-43.3453 -10.4078 187.139 -21.2646 -4.59606 94.4367 0.594668 -13 2 1 0 1 0 0 0 0 0 0 
-43.455 -10.4315 187.626 -21.2646 -4.59606 94.4367 0.597135 -13 2 1 0 1 0 0 0 0 0 0 
-43.5647 -10.4552 188.113 -21.2646 -4.59606 94.4367 0.599603 -13 2 1 0 1 0 0 0 0 0 0 
-43.6744 -10.4789 188.601 -21.2646 -4.59606 94.4367 0.60207 -13 2 1 0 1 0 0 0 0 0 0 
-43.7842 -10.5027 189.088 -21.2646 -4.59606 94.4367 0.604538 -13 2 1 0 1 0 0 0 0 0 0 
-43.8939 -10.5264 189.575 -21.2646 -4.59606 94.4367 0.607005 -13 2 1 0 1 0 0 0 0 0 0 
-44.0036 -10.5501 190.062 -21.2646 -4.59606 94.4367 0.609472 -13 2 1 0 1 0 0 0 0 0 0 
-44.1133 -10.5738 190.55 -21.2646 -4.59606 94.4367 0.61194 -13 2 1 0 1 0 0 0 0 0 0 
-44.223 -10.5975 191.037 -21.2646 -4.59606 94.4367 0.614407 -13 2 1 0 1 0 0 0 0 0 0 
-44.3327 -10.6212 191.524 -21.2646 -4.59606 94.4367 0.616875 -13 2 1 0 1 0 0 0 0 0 0 
-44.4424 -10.6449 192.011 -21.2646 -4.59606 94.4367 0.619342 -13 2 1 0 1 0 0 0 0 0 0 
-44.5521 -10.6686 192.498 -21.2646 -4.59606 94.4367 0.621809 -13 2 1 0 1 0 0 0 0 0 0 
-44.6619 -10.6924 192.986 -21.2646 -4.59606 94.4367 0.624277 -13 2 1 0 1 0 0 0 0 0 0 
-44.7716 -10.7161 193.473 -21.2646 -4.59606 94.4367 0.626744 -13 2 1 0 1 0 0 0 0 0 0 
-44.8813 -10.7398 193.96 -21.2646 -4.59606 94.4367 0.629212 -13 2 1 0 1 0 0 0 0 0 0 
-44.991 -10.7635 194.447 -21.2646 -4.59606 94.4367 0.631679 -13 2 1 0 1 0 0 0 0 0 0 
-45.1007 -10.7872 194.935 -21.2646 -4.59606 94.4367 0.634146 -13 2 1 0 1 0 0 0 0 0 0 
-45.2104 -10.8109 195.422 -21.2646 -4.59606 94.4367 0.636614 -13 2 1 0 1 0 0 0 0 0 0 
-45.3201 -10.8346 195.909 -21.2646 -4.59606 94.4367 0.639081 -13 2 1 0 1 0 0 0 0 0 0 
-45.4298 -10.8583 196.396 -21.2646 -4.59606 94.4367 0.641549 -13 2 1 0 1 0 0 0 0 0 0 
-45.5396 -10.8821 196.884 -21.2646 -4.59606 94.4367 0.644016 -13 2 1 0 1 0 0 0 0 0 0 
-45.6493 -10.9058 197.371 -21.2646 -4.59606 94.4367 0.646483 -13 2 1 0 1 0 0 0 0 0 0 
-45.759 -10.9295 197.858 -21.2646 -4.59606 94.4367 0.648951 -13 2 1 0 1 0 0 0 0 0 0 
-45.8687 -10.9532 198.345 -21.2646 -4.59606 94.4367 0.651418 -13 2 1 0 1 0 0 0 0 0 0 
-45.9784 -10.9769 198.833 -21.2646 -4.59606 94.4367 0.653886 -13 2 1 0 1 0 0 0 0 0 0 
-46.0881 -11.0006 199.32 -21.2646 -4.59606 94.4367 0.656353 -13 2 1 0 1 0 0 0 0 0 0 
-46.1978 -11.0243 199.807 -21.2646 -4.59606 94.4367 0.658821 -13 2 1 0 1 0 0 0 0 0 0 
-46.2188 -11.0289 199.9 -21.2646 -4.59606 94.4367 0.659291 -13 2 1 0 1 0 0 0 0 0 0 
-46.2638 -11.0386 200.1 -21.2646 -4.59606 94.4367 0.660304 -13 2 1 0 1 0 0 0 0 0 0 
-46.3735 -11.0623 200.587 -21.2646 -4.59606 94.4367 0.662771 -13 2 1 0 1 0 0 0 0 0 0 
-46.4832 -11.086 201.074 -21.2646 -4.59606 94.4367 0.665239 -13 2 1 0 1 0 0 0 0 0 0 
-46.5929 -11.1097 201.562 -21.2646 -4.59606 94.4367 0.667706 -13 2 1 0 1 0 0 0 0 0 0 
-46.7027 -11.1334 202.049 -21.2646 -4.59606 94.4367 0.670174 -13 2 1 0 1 0 0 0 0 0 0 
-46.8124 -11.1572 202.536 -21.2646 -4.59606 94.4367 0.672641 -13 2 1 0 1 0 0 0 0 0 0 
-46.9221 -11.1809 203.023 -21.2646 -4.59606 94.4367 0.675108 -13 2 1 0 1 0 0 0 0 0 0 
-47.0318 -11.2046 203.511 -21.2646 -4.59606 94.4367 0.677576 -13 2 1 0 1 0 0 0 0 0 0 
-47.1415 -11.2283 203.998 -21.2646 -4.59606 94.4367 0.680043 -13 2 1 0 1 0 0 0 0 0 0 
-47.2512 -11.252 204.485 -21.2646 -4.59606 94.4367 0.682511 -13 2 1 0 1 0 0 0 0 0 0 
-47.3609 -11.2757 204.972 -21.2646 -4.59606 94.4367 0.684978 -13 2 1 0 1 0 0 0 0 0 0 
-47.4706 -11.2994 205.46 -21.2646 -4.59606 94.4367 0.687446 -13 2 1 0 1 0 0 0 0 0 0 
-47.5804 -11.3232 205.947 -21.2646 -4.59606 94.4367 0.689913 -13 2 1 0 1 0 0 0 0 0 0 
-47.6901 -11.3469 206.434 -21.2646 -4.59606 94.4367 0.69238 -13 2 1 0 1 0 0 0 0 0 0 
-47.7998 -11.3706 206.921 -21.2646 -4.59606 94.4367 0.694848 -13 2 1 0 1 0 0 0 0 0 0 
-47.9095 -11.3943 207.409 -21.2646 -4.59606 94.4367 0.697315 -13 2 1 0 1 0 0 0 0 0 0 
-48.0192 -11.418 207.896 -21.2646 -4.59606 94.4367 0.699783 -13 2 1 0 1 0 0 0 0 0 0 
-48.1289 -11.4417 208.383 -21.2646 -4.59606 94.4367 0.70225 -13 2 1 0 1 0 0 0 0 0 0 
-48.2386 -11.4654 208.87 -21.2646 -4.59606 94.4367 0.704717 -13 2 1 0 1 0 0 0 0 0 0 
-48.3484 -11.4891 209.358 -21.2646 -4.59606 94.4367 0.707185 -13 2 1 0 1 0 0 0 0 0 0 
-48.4581 -11.5129 209.845 -21.2646 -4.59606 94.4367 0.709652 -13 2 1 0 1 0 0 0 0 0 0 
-48.5678 -11.5366 210.332 -21.2646 -4.59606 94.4367 0.71212 -13 2 1 0 1 0 0 0 0 0 0 
-48.6775 -11.5603 210.819 -21.2646 -4.59606 94.4367 0.714587 -13 2 1 0 1 0 0 0 0 0 0 
-48.7872 -11.584 211.306 -21.2646 -4.59606 94.4367 0.717054 -13 2 1 0 1 0 0 0 0 0 0 
-48.8969 -11.6077 211.794 -21.2646 -4.59606 94.4367 0.719522 -13 2 1 0 1 0 0 0 0 0 0 
-49.0066 -11.6314 212.281 -21.2646 -4.59606 94.4367 0.721989 -13 2 1 0 1 0 0 0 0 0 0 
-49.1163 -11.6551 212.768 -21.2646 -4.59606 94.4367 0.724457 -13 2 1 0 1 0 0 0 0 0 0 
-49.2261 -11.6788 213.255 -21.2646 -4.59606 94.4367 0.726924 -13 2 1 0 1 0 0 0 0 0 0 
-49.3358 -11.7026 213.743 -21.2646 -4.59606 94.4367 0.729392 -13 2 1 0 1 0 0 0 0 0 0 
-49.4455 -11.7263 214.23 -21.2646 -4.59606 94.4367 0.731859 -13 2 1 0 1 0 0 0 0 0 0 
-49.5552 -11.75 214.717 -21.2646 -4.59606 94.4367 0.734326 -13 2 1 0 1 0 0 0 0 0 0 
-49.6649 -11.7737 215.204 -21.2646 -4.59606 94.4367 0.736794 -13 2 1 0 1 0 0 0 0 0 0 
-49.7746 -11.7974 215.692 -21.2646 -4.59606 94.4367 0.739261 -13 2 1 0 1 0 0 0 0 0 0 
-49.8843 -11.8211 216.179 -21.2646 -4.59606 94.4367 0.741729 -13 2 1 0 1 0 0 0 0 0 0 
-49.994 -11.8448 216.666 -21.2646 -4.59606 94.4367 0.744196 -13 2 1 0 1 0 0 0 0 0 0 
-50.1038 -11.8685 217.153 -21.2646 -4.59606 94.4367 0.746663 -13 2 1 0 1 0 0 0 0 0 0 
-50.2135 -11.8923 217.641 -21.2646 -4.59606 94.4367 0.749131 -13 2 1 0 1 0 0 0 0 0 0 
-50.3232 -11.916 218.128 -21.2646 -4.59606 94.4367 0.751598 -13 2 1 0 1 0 0 0 0 0 0 
-50.4329 -11.9397 218.615 -21.2646 -4.59606 94.4367 0.754066 -13 2 1 0 1 0 0 0 0 0 0 
-50.5426 -11.9634 219.102 -21.2646 -4.59606 94.4367 0.756533 -13 2 1 0 1 0 0 0 0 0 0 
-50.6523 -11.9871 219.59 -21.2646 -4.59606 94.4367 0.759 -13 2 1 0 1 0 0 0 0 0 0 
-50.762 -12.0108 220.077 -21.2646 -4.59606 94.4367 0.761468 -13 2 1 0 1 0 0 0 0 0 0 
-50.8718 -12.0345 220.564 -21.2646 -4.59606 94.4367 0.763935 -13 2 1 0 1 0 0 0 0 0 0 
-50.9815 -12.0583 221.051 -21.2646 -4.59606 94.4367 0.766403 -13 2 1 0 1 0 0 0 0 0 0 
-51.0912 -12.082 221.538 -21.2646 -4.59606 94.4367 0.76887 -13 2 1 0 1 0 0 0 0 0 0 
-51.2009 -12.1057 222.026 -21.2646 -4.59606 94.4367 0.771338 -13 2 1 0 1 0 0 0 0 0 0 
-51.3106 -12.1294 222.513 -21.2646 -4.59606 94.4367 0.773805 -13 2 1 0 1 0 0 0 0 0 0 
-51.4203 -12.1531 223 -21.2646 -4.59606 94.4367 0.776272 -13 2 1 0 1 0 0 0 0 0 0 
-51.53 -12.1768 223.487 -21.2646 -4.59606 94.4367 0.77874 -13 2 1 0 1 0 0 0 0 0 0 
-51.6397 -12.2005 223.975 -21.2646 -4.59606 94.4367 0.781207 -13 2 1 0 1 0 0 0 0 0 0 
-51.7495 -12.2242 224.462 -21.2646 -4.59606 94.4367 0.783675 -13 2 1 0 1 0 0 0 0 0 0 
-51.8592 -12.248 224.949 -21.2646 -4.59606 94.4367 0.786142 -13 2 1 0 1 0 0 0 0 0 0 
-51.9689 -12.2717 225.436 -21.2646 -4.59606 94.4367 0.788609 -13 2 1 0 1 0 0 0 0 0 0 
-52.0786 -12.2954 225.924 -21.2646 -4.59606 94.4367 0.791077 -13 2 1 0 1 0 0 0 0 0 0 
-52.1883 -12.3191 226.411 -21.2646 -4.59606 94.4367 0.793544 -13 2 1 0 1 0 0 0 0 0 0 
-52.298 -12.3428 226.898 -21.2646 -4.59606 94.4367 0.796012 -13 2 1 0 1 0 0 0 0 0 0 
-52.4077 -12.3665 227.385 -21.2646 -4.59606 94.4367 0.798479 -13 2 1 0 1 0 0 0 0 0 0 
-52.5175 -12.3902 227.873 -21.2646 -4.59606 94.4367 0.800946 -13 2 1 0 1 0 0 0 0 0 0 
-52.6272 -12.4139 228.36 -21.2646 -4.59606 94.4367 0.803414 -13 2 1 0 1 0 0 0 0 0 0 
-52.7369 -12.4377 228.847 -21.2646 -4.59606 94.4367 0.805881 -13 2 1 0 1 0 0 0 0 0 0 
-52.8466 -12.4614 229.334 -21.2646 -4.59606 94.4367 0.808349 -13 2 1 0 1 0 0 0 0 0 0 
-52.9563 -12.4851 229.822 -21.2646 -4.59606 94.4367 0.810816 -13 2 1 0 1 0 0 0 0 0 0 
-53.066 -12.5088 230.309 -21.2646 -4.59606 94.4367 0.813283 -13 2 1 0 1 0 0 0 0 0 0 
-53.1757 -12.5325 230.796 -21.2646 -4.59606 94.4367 0.815751 -13 2 1 0 1 0 0 0 0 0 0 
-53.2854 -12.5562 231.283 -21.2646 -4.59606 94.4367 0.818218 -13 2 1 0 1 0 0 0 0 0 0 
-53.3952 -12.5799 231.77 -21.2646 -4.59606 94.4367 0.820686 -13 2 1 0 1 0 0 0 0 0 0 
-53.5049 -12.6037 232.258 -21.2646 -4.59606 94.4367 0.823153 -13 2 1 0 1 0 0 0 0 0 0 
-53.6146 -12.6274 232.745 -21.2646 -4.59606 94.4367 0.825621 -13 2 1 0 1 0 0 0 0 0 0 
-53.7243 -12.6511 233.232 -21.2646 -4.59606 94.4367 0.828088 -13 2 1 0 1 0 0 0 0 0 0 
-53.834 -12.6748 233.719 -21.2646 -4.59606 94.4367 0.830555 -13 2 1 0 1 0 0 0 0 0 0 
-53.9437 -12.6985 234.207 -21.2646 -4.59606 94.4367 0.833023 -13 2 1 0 1 0 0 0 0 0 0 
-54.0534 -12.7222 234.694 -21.2646 -4.59606 94.4367 0.83549 -13 2 1 0 1 0 0 0 0 0 0 
-54.1631 -12.7459 235.181 -21.2646 -4.59606 94.4367 0.837958 -13 2 1 0 1 0 0 0 0 0 0 
-54.2729 -12.7696 235.668 -21.2646 -4.59606 94.4367 0.840425 -13 2 1 0 1 0 0 0 0 0 0 
-54.3826 -12.7934 236.156 -21.2646 -4.59606 94.4367 0.842892 -13 2 1 0 1 0 0 0 0 0 0 
-54.4923 -12.8171 236.643 -21.2646 -4.59606 94.4367 0.84536 -13 2 1 0 1 0 0 0 0 0 0 
-54.602 -12.8408 237.13 -21.2646 -4.59606 94.4367 0.847827 -13 2 1 0 1 0 0 0 0 0 0 
-54.7117 -12.8645 237.617 -21.2646 -4.59606 94.4367 0.850295 -13 2 1 0 1 0 0 0 0 0 0 
-54.8214 -12.8882 238.105 -21.2646 -4.59606 94.4367 0.852762 -13 2 1 0 1 0 0 0 0 0 0 
-54.9311 -12.9119 238.592 -21.2646 -4.59606 94.4367 0.855229 -13 2 1 0 1 0 0 0 0 0 0 
-55.0409 -12.9356 239.079 -21.2646 -4.59606 94.4367 0.857697 -13 2 1 0 1 0 0 0 0 0 0 
-55.1506 -12.9593 239.566 -21.2646 -4.59606 94.4367 0.860164 -13 2 1 0 1 0 0 0 0 0 0 
-55.2603 -12.9831 240.054 -21.2646 -4.59606 94.4367 0.862632 -13 2 1 0 1 0 0 0 0 0 0 
-55.37 -13.0068 240.541 -21.2646 -4.59606 94.4367 0.865099 -13 2 1 0 1 0 0 0 0 0 0 
-55.4797 -13.0305 241.028 -21.2646 -4.59606 94.4367 0.867567 -13 2 1 0 1 0 0 0 0 0 0 
-55.5894 -13.0542 241.515 -21.2646 -4.59606 94.4367 0.870034 -13 2 1 0 1 0 0 0 0 0 0 
-55.6991 -13.0779 242.002 -21.2646 -4.59606 94.4367 0.872501 -13 2 1 0 1 0 0 0 0 0 0 
-55.8088 -13.1016 242.49 -21.2646 -4.59606 94.4367 0.874969 -13 2 1 0 1 0 0 0 0 0 0 
-55.9186 -13.1253 242.977 -21.2646 -4.59606 94.4367 0.877436 -13 2 1 0 1 0 0 0 0 0 0 
-56.0283 -13.1491 243.464 -21.2646 -4.59606 94.4367 0.879904 -13 2 1 0 1 0 0 0 0 0 0 
-56.138 -13.1728 243.951 -21.2646 -4.59606 94.4367 0.882371 -13 2 1 0 1 0 0 0 0 0 0 
-56.2477 -13.1965 244.439 -21.2646 -4.59606 94.4367 0.884838 -13 2 1 0 1 0 0 0 0 0 0 
-56.3574 -13.2202 244.926 -21.2646 -4.59606 94.4367 0.887306 -13 2 1 0 1 0 0 0 0 0 0 
-56.4671 -13.2439 245.413 -21.2646 -4.59606 94.4367 0.889773 -13 2 1 0 1 0 0 0 0 0 0 
-56.5768 -13.2676 245.9 -21.2646 -4.59606 94.4367 0.892241 -13 2 1 0 1 0 0 0 0 0 0 
-56.6865 -13.2913 246.388 -21.2646 -4.59606 94.4367 0.894708 -13 2 1 0 1 0 0 0 0 0 0 
-56.7963 -13.315 246.875 -21.2646 -4.59606 94.4367 0.897175 -13 2 1 0 1 0 0 0 0 0 0 
-56.906 -13.3388 247.362 -21.2646 -4.59606 94.4367 0.899643 -13 2 1 0 1 0 0 0 0 0 0 
-57.0157 -13.3625 247.849 -21.2646 -4.59606 94.4367 0.90211 -13 2 1 0 1 0 0 0 0 0 0 
-57.1254 -13.3862 248.337 -21.2646 -4.59606 94.4367 0.904578 -13 2 1 0 1 0 0 0 0 0 0 
-57.2351 -13.4099 248.824 -21.2646 -4.59606 94.4367 0.907045 -13 2 1 0 1 0 0 0 0 0 0 
-57.3448 -13.4336 249.311 -21.2646 -4.59606 94.4367 0.909513 -13 2 1 0 1 0 0 0 0 0 0 
-57.4545 -13.4573 249.798 -21.2646 -4.59606 94.4367 0.91198 -13 2 1 0 1 0 0 0 0 0 0 
-57.5643 -13.481 250.285 -21.2646 -4.59606 94.4367 0.914447 -13 2 1 0 1 0 0 0 0 0 0 
-57.674 -13.5047 250.773 -21.2646 -4.59606 94.4367 0.916915 -13 2 1 0 1 0 0 0 0 0 0 
-57.7837 -13.5285 251.26 -21.2646 -4.59606 94.4367 0.919382 -13 2 1 0 1 0 0 0 0 0 0 
-57.8934 -13.5522 251.747 -21.2646 -4.59606 94.4367 0.92185 -13 2 1 0 1 0 0 0 0 0 0 
-58.0031 -13.5759 252.234 -21.2646 -4.59606 94.4367 0.924317 -13 2 1 0 1 0 0 0 0 0 0 
-58.1128 -13.5996 252.722 -21.2646 -4.59606 94.4367 0.926784 -13 2 1 0 1 0 0 0 0 0 0 
-58.2225 -13.6233 253.209 -21.2646 -4.59606 94.4367 0.929252 -13 2 1 0 1 0 0 0 0 0 0 
-58.3322 -13.647 253.696 -21.2646 -4.59606 94.4367 0.931719 -13 2 1 0 1 0 0 0 0 0 0 
-58.442 -13.6707 254.183 -21.2646 -4.59606 94.4367 0.934187 -13 2 1 0 1 0 0 0 0 0 0 
-58.5517 -13.6944 254.671 -21.2646 -4.59606 94.4367 0.936654 -13 2 1 0 1 0 0 0 0 0 0 
-58.6614 -13.7182 255.158 -21.2646 -4.59606 94.4367 0.939121 -13 2 1 0 1 0 0 0 0 0 0 
-58.7711 -13.7419 255.645 -21.2646 -4.59606 94.4367 0.941589 -13 2 1 0 1 0 0 0 0 0 0 
-58.8808 -13.7656 256.132 -21.2646 -4.59606 94.4367 0.944056 -13 2 1 0 1 0 0 0 0 0 0 
-58.9905 -13.7893 256.62 -21.2646 -4.59606 94.4367 0.946524 -13 2 1 0 1 0 0 0 0 0 0 
-59.1002 -13.813 257.107 -21.2646 -4.59606 94.4367 0.948991 -13 2 1 0 1 0 0 0 0 0 0 
-59.21 -13.8367 257.594 -21.2646 -4.59606 94.4367 0.951458 -13 2 1 0 1 0 0 0 0 0 0 
-59.3197 -13.8604 258.081 -21.2646 -4.59606 94.4367 0.953926 -13 2 1 0 1 0 0 0 0 0 0 
-59.4294 -13.8842 258.569 -21.2646 -4.59606 94.4367 0.956393 -13 2 1 0 1 0 0 0 0 0 0 
-59.5391 -13.9079 259.056 -21.2646 -4.59606 94.4367 0.958861 -13 2 1 0 1 0 0 0 0 0 0 
-59.6488 -13.9316 259.543 -21.2646 -4.59606 94.4367 0.961328 -13 2 1 0 1 0 0 0 0 0 0 
-59.7585 -13.9553 260.03 -21.2646 -4.59606 94.4367 0.963796 -13 2 1 0 1 0 0 0 0 0 0 
-59.8682 -13.979 260.517 -21.2646 -4.59606 94.4367 0.966263 -13 2 1 0 1 0 0 0 0 0 0 
-59.9779 -14.0027 261.005 -21.2646 -4.59606 94.4367 0.96873 -13 2 1 0 1 0 0 0 0 0 0 
-60.0877 -14.0264 261.492 -21.2646 -4.59606 94.4367 0.971198 -13 2 1 0 1 0 0 0 0 0 0 
-60.1974 -14.0501 261.979 -21.2646 -4.59606 94.4367 0.973665 -13 2 1 0 1 0 0 0 0 0 0 
-60.3071 -14.0739 262.466 -21.2646 -4.59606 94.4367 0.976133 -13 2 1 0 1 0 0 0 0 0 0 
-60.4168 -14.0976 262.954 -21.2646 -4.59606 94.4367 0.9786 -13 2 1 0 1 0 0 0 0 0 0 
-60.5265 -14.1213 263.441 -21.2646 -4.59606 94.4367 0.981067 -13 2 1 0 1 0 0 0 0 0 0 
-60.6362 -14.145 263.928 -21.2646 -4.59606 94.4367 0.983535 -13 2 1 0 1 0 0 0 0 0 0 
-60.7459 -14.1687 264.415 -21.2646 -4.59606 94.4367 0.986002 -13 2 1 0 1 0 0 0 0 0 0 
-60.8556 -14.1924 264.903 -21.2646 -4.59606 94.4367 0.98847 -13 2 1 0 1 0 0 0 0 0 0 
-60.9654 -14.2161 265.39 -21.2646 -4.59606 94.4367 0.990937 -13 2 1 0 1 0 0 0 0 0 0 
-61.0751 -14.2398 265.877 -21.2646 -4.59606 94.4367 0.993404 -13 2 1 0 1 0 0 0 0 0 0 
-61.1848 -14.2636 266.364 -21.2646 -4.59606 94.4367 0.995872 -13 2 1 0 1 0 0 0 0 0 0 
-61.2945 -14.2873 266.852 -21.2646 -4.59606 94.4367 0.998339 -13 2 1 0 1 0 0 0 0 0 0 
-61.4042 -14.311 267.339 -21.2646 -4.59606 94.4367 1.00081 -13 2 1 0 1 0 0 0 0 0 0 
-61.5139 -14.3347 267.826 -21.2646 -4.59606 94.4367 1.00327 -13 2 1 0 1 0 0 0 0 0 0 
-61.6236 -14.3584 268.313 -21.2646 -4.59606 94.4367 1.00574 -13 2 1 0 1 0 0 0 0 0 0 
-61.7334 -14.3821 268.801 -21.2646 -4.59606 94.4367 1.00821 -13 2 1 0 1 0 0 0 0 0 0 
-61.8431 -14.4058 269.288 -21.2646 -4.59606 94.4367 1.01068 -13 2 1 0 1 0 0 0 0 0 0 
-61.9528 -14.4296 269.775 -21.2646 -4.59606 94.4367 1.01314 -13 2 1 0 1 0 0 0 0 0 0 
-62.0625 -14.4533 270.262 -21.2646 -4.59606 94.4367 1.01561 -13 2 1 0 1 0 0 0 0 0 0 
-62.1722 -14.477 270.749 -21.2646 -4.59606 94.4367 1.01808 -13 2 1 0 1 0 0 0 0 0 0 
-62.2819 -14.5007 271.237 -21.2646 -4.59606 94.4367 1.02055 -13 2 1 0 1 0 0 0 0 0 0 
-62.3916 -14.5244 271.724 -21.2646 -4.59606 94.4367 1.02301 -13 2 1 0 1 0 0 0 0 0 0 
-62.5013 -14.5481 272.211 -21.2646 -4.59606 94.4367 1.02548 -13 2 1 0 1 0 0 0 0 0 0 
-62.6111 -14.5718 272.698 -21.2646 -4.59606 94.4367 1.02795 -13 2 1 0 1 0 0 0 0 0 0 
-62.7208 -14.5955 273.186 -21.2646 -4.59606 94.4367 1.03042 -13 2 1 0 1 0 0 0 0 0 0 
-62.8305 -14.6193 273.673 -21.2646 -4.59606 94.4367 1.03288 -13 2 1 0 1 0 0 0 0 0 0 
-62.9402 -14.643 274.16 -21.2646 -4.59606 94.4367 1.03535 -13 2 1 0 1 0 0 0 0 0 0 
-63.0499 -14.6667 274.647 -21.2646 -4.59606 94.4367 1.03782 -13 2 1 0 1 0 0 0 0 0 0 
-63.1596 -14.6904 275.135 -21.2646 -4.59606 94.4367 1.04029 -13 2 1 0 1 0 0 0 0 0 0 
-63.2693 -14.7141 275.622 -21.2646 -4.59606 94.4367 1.04275 -13 2 1 0 1 0 0 0 0 0 0 
-63.379 -14.7378 276.109 -21.2646 -4.59606 94.4367 1.04522 -13 2 1 0 1 0 0 0 0 0 0 
-63.4888 -14.7615 276.596 -21.2646 -4.59606 94.4367 1.04769 -13 2 1 0 1 0 0 0 0 0 0 
-63.5985 -14.7852 277.084 -21.2646 -4.59606 94.4367 1.05015 -13 2 1 0 1 0 0 0 0 0 0 
-63.7082 -14.809 277.571 -21.2646 -4.59606 94.4367 1.05262 -13 2 1 0 1 0 0 0 0 0 0 
-63.8179 -14.8327 278.058 -21.2646 -4.59606 94.4367 1.05509 -13 2 1 0 1 0 0 0 0 0 0 
-63.9276 -14.8564 278.545 -21.2646 -4.59606 94.4367 1.05756 -13 2 1 0 1 0 0 0 0 0 0 
-64.0373 -14.8801 279.033 -21.2646 -4.59606 94.4367 1.06002 -13 2 1 0 1 0 0 0 0 0 0 
-64.147 -14.9038 279.52 -21.2646 -4.59606 94.4367 1.06249 -13 2 1 0 1 0 0 0 0 0 0 
-64.2568 -14.9275 280.007 -21.2646 -4.59606 94.4367 1.06496 -13 2 1 0 1 0 0 0 0 0 0 
-64.3665 -14.9512 280.494 -21.2646 -4.59606 94.4367 1.06743 -13 2 1 0 1 0 0 0 0 0 0 
-64.4762 -14.9749 280.981 -21.2646 -4.59606 94.4367 1.06989 -13 2 1 0 1 0 0 0 0 0 0 
-64.5859 -14.9987 281.469 -21.2646 -4.59606 94.4367 1.07236 -13 2 1 0 1 0 0 0 0 0 0 
-64.6956 -15.0224 281.956 -21.2646 -4.59606 94.4367 1.07483 -13 2 1 0 1 0 0 0 0 0 0 
-64.8053 -15.0461 282.443 -21.2646 -4.59606 94.4367 1.0773 -13 2 1 0 1 0 0 0 0 0 0 
-64.915 -15.0698 282.93 -21.2646 -4.59606 94.4367 1.07976 -13 2 1 0 1 0 0 0 0 0 0 
-65.0247 -15.0935 283.418 -21.2646 -4.59606 94.4367 1.08223 -13 2 1 0 1 0 0 0 0 0 0 
-65.1345 -15.1172 283.905 -21.2646 -4.59606 94.4367 1.0847 -13 2 1 0 1 0 0 0 0 0 0 
-65.2442 -15.1409 284.392 -21.2646 -4.59606 94.4367 1.08717 -13 2 1 0 1 0 0 0 0 0 0 
-65.3539 -15.1647 284.879 -21.2646 -4.59606 94.4367 1.08963 -13 2 1 0 1 0 0 0 0 0 0 
-65.4636 -15.1884 285.367 -21.2646 -4.59606 94.4367 1.0921 -13 2 1 0 1 0 0 0 0 0 0 
-65.5733 -15.2121 285.854 -21.2646 -4.59606 94.4367 1.09457 -13 2 1 0 1 0 0 0 0 0 0 
-65.683 -15.2358 286.341 -21.2646 -4.59606 94.4367 1.09704 -13 2 1 0 1 0 0 0 0 0 0 
-65.7927 -15.2595 286.828 -21.2646 -4.59606 94.4367 1.0995 -13 2 1 0 1 0 0 0 0 0 0 
-65.9025 -15.2832 287.316 -21.2646 -4.59606 94.4367 1.10197 -13 2 1 0 1 0 0 0 0 0 0 
-66.0122 -15.3069 287.803 -21.2646 -4.59606 94.4367 1.10444 -13 2 1 0 1 0 0 0 0 0 0 
-66.1219 -15.3306 288.29 -21.2646 -4.59606 94.4367 1.10691 -13 2 1 0 1 0 0 0 0 0 0 
-66.2316 -15.3544 288.777 -21.2646 -4.59606 94.4367 1.10937 -13 2 1 0 1 0 0 0 0 0 0 
-66.3413 -15.3781 289.265 -21.2646 -4.59606 94.4367 1.11184 -13 2 1 0 1 0 0 0 0 0 0 
-66.451 -15.4018 289.752 -21.2646 -4.59606 94.4367 1.11431 -13 2 1 0 1 0 0 0 0 0 0 
-66.5607 -15.4255 290.239 -21.2646 -4.59606 94.4367 1.11677 -13 2 1 0 1 0 0 0 0 0 0 
-66.6704 -15.4492 290.726 -21.2646 -4.59606 94.4367 1.11924 -13 2 1 0 1 0 0 0 0 0 0 
-66.7802 -15.4729 291.213 -21.2646 -4.59606 94.4367 1.12171 -13 2 1 0 1 0 0 0 0 0 0 
-66.8899 -15.4966 291.701 -21.2646 -4.59606 94.4367 1.12418 -13 2 1 0 1 0 0 0 0 0 0 
-66.9996 -15.5203 292.188 -21.2646 -4.59606 94.4367 1.12664 -13 2 1 0 1 0 0 0 0 0 0 
-67.1093 -15.5441 292.675 -21.2646 -4.59606 94.4367 1.12911 -13 2 1 0 1 0 0 0 0 0 0 
-67.219 -15.5678 293.162 -21.2646 -4.59606 94.4367 1.13158 -13 2 1 0 1 0 0 0 0 0 0 
-67.3287 -15.5915 293.65 -21.2646 -4.59606 94.4367 1.13405 -13 2 1 0 1 0 0 0 0 0 0 
-67.4384 -15.6152 294.137 -21.2646 -4.59606 94.4367 1.13651 -13 2 1 0 1 0 0 0 0 0 0 
-67.5481 -15.6389 294.624 -21.2646 -4.59606 94.4367 1.13898 -13 2 1 0 1 0 0 0 0 0 0 
-67.6579 -15.6626 295.111 -21.2646 -4.59606 94.4367 1.14145 -13 2 1 0 1 0 0 0 0 0 0 
-67.7676 -15.6863 295.599 -21.2646 -4.59606 94.4367 1.14392 -13 2 1 0 1 0 0 0 0 0 0 
-67.8773 -15.7101 296.086 -21.2646 -4.59606 94.4367 1.14638 -13 2 1 0 1 0 0 0 0 0 0 
-67.987 -15.7338 296.573 -21.2646 -4.59606 94.4367 1.14885 -13 2 1 0 1 0 0 0 0 0 0 
-68.0967 -15.7575 297.06 -21.2646 -4.59606 94.4367 1.15132 -13 2 1 0 1 0 0 0 0 0 0 
-68.2064 -15.7812 297.548 -21.2646 -4.59606 94.4367 1.15379 -13 2 1 0 1 0 0 0 0 0 0 
-68.3161 -15.8049 298.035 -21.2646 -4.59606 94.4367 1.15625 -13 2 1 0 1 0 0 0 0 0 0 
-68.4259 -15.8286 298.522 -21.2646 -4.59606 94.4367 1.15872 -13 2 1 0 1 0 0 0 0 0 0 
-68.5356 -15.8523 299.009 -21.2646 -4.59606 94.4367 1.16119 -13 2 1 0 1 0 0 0 0 0 0 
-68.6453 -15.876 299.497 -21.2646 -4.59606 94.4367 1.16366 -13 2 1 0 1 0 0 0 0 0 0 
-68.755 -15.8998 299.984 -21.2646 -4.59606 94.4367 1.16612 -13 2 1 0 1 0 0 0 0 0 0 
-68.8647 -15.9235 300.471 -21.2646 -4.59606 94.4367 1.16859 -13 2 1 0 1 0 0 0 0 0 0 
-68.9744 -15.9472 300.958 -21.2646 -4.59606 94.4367 1.17106 -13 2 1 0 1 0 0 0 0 0 0 
-69.0841 -15.9709 301.445 -21.2646 -4.59606 94.4367 1.17353 -13 2 1 0 1 0 0 0 0 0 0 
-69.1938 -15.9946 301.933 -21.2646 -4.59606 94.4367 1.17599 -13 2 1 0 1 0 0 0 0 0 0 
-69.3036 -16.0183 302.42 -21.2646 -4.59606 94.4367 1.17846 -13 2 1 0 1 0 0 0 0 0 0 
-69.3805 -16.0349 302.761 -21.2646 -4.59606 94.4367 1.18019 -13 2 1 0 1 0 0 0 0 0 0 

