# AllTracks
#x y z Px Py Pz t PDGid EventID TrackID ParentID Weight Bx By Bz Ex Ey Ez
# Event 1 Track 1
-3.40313 -3.71424 0 -13.4245 0.293022 82.8843 0.595102 -13 1 1 0 1 0 0 0 0 0 0 
-3.48307 -3.7125 0.493565 -13.4245 0.293022 82.8843 0.597783 -13 1 1 0 1 0 0 0 0 0 0 
-3.56301 -3.71075 0.98713 -13.4245 0.293022 82.8843 0.600463 -13 1 1 0 1 0 0 0 0 0 0 
-3.64295 -3.70901 1.48069 -13.4245 0.293022 82.8843 0.603144 -13 1 1 0 1 0 0 0 0 0 0 
-3.72289 -3.70726 1.97426 -13.4245 0.293022 82.8843 0.605825 -13 1 1 0 1 0 0 0 0 0 0 
-3.80284 -3.70552 2.46782 -13.4245 0.293022 82.8843 0.608506 -13 1 1 0 1 0 0 0 0 0 0 
-3.88278 -3.70377 2.96139 -13.4245 0.293022 82.8843 0.611186 -13 1 1 0 1 0 0 0 0 0 0 
-3.96272 -3.70203 3.45495 -13.4245 0.293022 82.8843 0.613867 -13 1 1 0 1 0 0 0 0 0 0 
-4.04266 -3.70028 3.94852 -13.4245 0.293022 82.8843 0.616548 -13 1 1 0 1 0 0 0 0 0 0 
-4.1226 -3.69854 4.44208 -13.4245 0.293022 82.8843 0.619228 -13 1 1 0 1 0 0 0 0 0 0 
-4.20254 -3.69679 4.93565 -13.4245 0.293022 82.8843 0.621909 -13 1 1 0 1 0 0 0 0 0 0 
-4.28248 -3.69505 5.42921 -13.4245 0.293022 82.8843 0.62459 -13 1 1 0 1 0 0 0 0 0 0 
-4.36242 -3.6933 5.92278 -13.4245 0.293022 82.8843 0.627271 -13 1 1 0 1 0 0 0 0 0 0 
-4.44236 -3.69156 6.41634 -13.4245 0.293022 82.8843 0.629951 -13 1 1 0 1 0 0 0 0 0 0 
-4.52231 -3.68981 6.90991 -13.4245 0.293022 82.8843 0.632632 -13 1 1 0 1 0 0 0 0 0 0 
-4.60225 -3.68807 7.40347 -13.4245 0.293022 82.8843 0.635313 -13 1 1 0 1 0 0 0 0 0 0 
-4.68219 -3.68632 7.89704 -13.4245 0.293022 82.8843 0.637994 -13 1 1 0 1 0 0 0 0 0 0 
-4.76213 -3.68458 8.3906 -13.4245 0.293022 82.8843 0.640674 -13 1 1 0 1 0 0 0 0 0 0 
-4.84207 -3.68283 8.88417 -13.4245 0.293022 82.8843 0.643355 -13 1 1 0 1 0 0 0 0 0 0 
-4.92201 -3.68109 9.37773 -13.4245 0.293022 82.8843 0.646036 -13 1 1 0 1 0 0 0 0 0 0 
-5.00195 -3.67934 9.8713 -13.4245 0.293022 82.8843 0.648716 -13 1 1 0 1 0 0 0 0 0 0 
-5.08189 -3.6776 10.3649 -13.4245 0.293022 82.8843 0.651397 -13 1 1 0 1 0 0 0 0 0 0 
-5.16183 -3.67585 10.8584 -13.4245 0.293022 82.8843 0.654078 -13 1 1 0 1 0 0 0 0 0 0 
-5.24178 -3.67411 11.352 -13.4245 0.293022 82.8843 0.656759 -13 1 1 0 1 0 0 0 0 0 0 
-5.32172 -3.67236 11.8456 -13.4245 0.293022 82.8843 0.659439 -13 1 1 0 1 0 0 0 0 0 0 
-5.40166 -3.67062 12.3391 -13.4245 0.293022 82.8843 0.66212 -13 1 1 0 1 0 0 0 0 0 0 
-5.4816 -3.66887 12.8327 -13.4245 0.293022 82.8843 0.664801 -13 1 1 0 1 0 0 0 0 0 0 
-5.56154 -3.66713 13.3263 -13.4245 0.293022 82.8843 0.667481 -13 1 1 0 1 0 0 0 0 0 0 
-5.64148 -3.66538 13.8198 -13.4245 0.293022 82.8843 0.670162 -13 1 1 0 1 0 0 0 0 0 0 
-5.72142 -3.66364 14.3134 -13.4245 0.293022 82.8843 0.672843 -13 1 1 0 1 0 0 0 0 0 0 
-5.80136 -3.66189 14.8069 -13.4245 0.293022 82.8843 0.675524 -13 1 1 0 1 0 0 0 0 0 0 
-5.8813 -3.66015 15.3005 -13.4245 0.293022 82.8843 0.678204 -13 1 1 0 1 0 0 0 0 0 0 
-5.96125 -3.6584 15.7941 -13.4245 0.293022 82.8843 0.680885 -13 1 1 0 1 0 0 0 0 0 0 
-6.04119 -3.65666 16.2876 -13.4245 0.293022 82.8843 0.683566 -13 1 1 0 1 0 0 0 0 0 0 
-6.12113 -3.65491 16.7812 -13.4245 0.293022 82.8843 0.686247 -13 1 1 0 1 0 0 0 0 0 0 
-6.20107 -3.65317 17.2748 -13.4245 0.293022 82.8843 0.688927 -13 1 1 0 1 0 0 0 0 0 0 
-6.28101 -3.65142 17.7683 -13.4245 0.293022 82.8843 0.691608 -13 1 1 0 1 0 0 0 0 0 0 
-6.36095 -3.64968 18.2619 -13.4245 0.293022 82.8843 0.694289 -13 1 1 0 1 0 0 0 0 0 0 
-6.44089 -3.64793 18.7555 -13.4245 0.293022 82.8843 0.696969 -13 1 1 0 1 0 0 0 0 0 0 
-6.52083 -3.64619 19.249 -13.4245 0.293022 82.8843 0.69965 -13 1 1 0 1 0 0 0 0 0 0 
-6.60077 -3.64444 19.7426 -13.4245 0.293022 82.8843 0.702331 -13 1 1 0 1 0 0 0 0 0 0 
-6.68072 -3.6427 20.2362 -13.4245 0.293022 82.8843 0.705012 -13 1 1 0 1 0 0 0 0 0 0 
-6.76066 -3.64095 20.7297 -13.4245 0.293022 82.8843 0.707692 -13 1 1 0 1 0 0 0 0 0 0 
-6.8406 -3.63921 21.2233 -13.4245 0.293022 82.8843 0.710373 -13 1 1 0 1 0 0 0 0 0 0 
-6.92054 -3.63746 21.7169 -13.4245 0.293022 82.8843 0.713054 -13 1 1 0 1 0 0 0 0 0 0 
-7.00048 -3.63572 22.2104 -13.4245 0.293022 82.8843 0.715734 -13 1 1 0 1 0 0 0 0 0 0 
-7.08042 -3.63397 22.704 -13.4245 0.293022 82.8843 0.718415 -13 1 1 0 1 0 0 0 0 0 0 
-7.16036 -3.63223 23.1976 -13.4245 0.293022 82.8843 0.721096 -13 1 1 0 1 0 0 0 0 0 0 
-7.2403 -3.63048 23.6911 -13.4245 0.293022 82.8843 0.723777 -13 1 1 0 1 0 0 0 0 0 0 
-7.32024 -3.62874 24.1847 -13.4245 0.293022 82.8843 0.726457 -13 1 1 0 1 0 0 0 0 0 0 
-7.40019 -3.62699 24.6782 -13.4245 0.293022 82.8843 0.729138 -13 1 1 0 1 0 0 0 0 0 0 
-7.45227 -3.62587 25 -13.4245 0.293022 82.8843 0.730886 -13 1 1 0 1 -0.219059 -0.450234 0 0 0 0 
-7.53202 -3.62422 25.4936 -13.3575 0.260614 82.8952 0.733566 -13 1 1 0 1 -0.218959 -0.455051 0 0 0 0 
-7.61136 -3.62276 25.9873 -13.2898 0.228215 82.9062 0.736247 -13 1 1 0 1 -0.218872 -0.459845 0 0 0 0 
-7.69029 -3.6215 26.481 -13.2214 0.195825 82.9172 0.738928 -13 1 1 0 1 -0.218795 -0.464614 0 0 0 0 
-7.76882 -3.62043 26.9748 -13.1523 0.16344 82.9283 0.741608 -13 1 1 0 1 -0.218731 -0.469358 0 0 0 0 
-7.84693 -3.61956 27.4686 -13.0824 0.13106 82.9394 0.744289 -13 1 1 0 1 -0.218678 -0.474077 0 0 0 0 
-7.92463 -3.61887 27.9626 -13.0119 0.0986823 82.9505 0.74697 -13 1 1 0 1 -0.218636 -0.478771 0 0 0 0 
-8.0019 -3.61838 28.4566 -12.9406 0.0663056 82.9617 0.749651 -13 1 1 0 1 -0.218607 -0.48344 0 0 0 0 
-8.07874 -3.61808 28.9506 -12.8687 0.0339281 82.9729 0.752331 -13 1 1 0 1 -0.218589 -0.488082 0 0 0 0 
-8.15516 -3.61798 29.4447 -12.796 0.00154805 82.9842 0.755012 -13 1 1 0 1 -0.218582 -0.492699 0 0 0 0 
-8.23114 -3.61806 29.9389 -12.7227 -0.0308363 82.9954 0.757693 -13 1 1 0 1 -0.218587 -0.497289 0 0 0 0 
-8.30668 -3.61834 30.4332 -12.6487 -0.0632268 83.0067 0.760374 -13 1 1 0 1 -0.218604 -0.501853 0 0 0 0 
-8.38178 -3.61882 30.9275 -12.574 -0.095625 83.018 0.763054 -13 1 1 0 1 -0.218633 -0.50639 0 0 0 0 
-8.45643 -3.61948 31.4219 -12.4986 -0.128033 83.0294 0.765735 -13 1 1 0 1 -0.218673 -0.510901 0 0 0 0 
-8.53064 -3.62034 31.9164 -12.4225 -0.160452 83.0407 0.768416 -13 1 1 0 1 -0.218725 -0.515383 0 0 0 0 
-8.60438 -3.62139 32.4109 -12.3458 -0.192884 83.0521 0.771096 -13 1 1 0 1 -0.218789 -0.519839 0 0 0 0 
-8.67767 -3.62264 32.9055 -12.2684 -0.22533 83.0635 0.773777 -13 1 1 0 1 -0.218864 -0.524267 0 0 0 0 
-8.75049 -3.62408 33.4002 -12.1903 -0.257794 83.0749 0.776458 -13 1 1 0 1 -0.218951 -0.528666 0 0 0 0 
-8.82285 -3.62571 33.8949 -12.1116 -0.290275 83.0863 0.779139 -13 1 1 0 1 -0.219049 -0.533038 0 0 0 0 
-8.89474 -3.62753 34.3897 -12.0322 -0.322776 83.0977 0.781819 -13 1 1 0 1 -0.21916 -0.537381 0 0 0 0 
-8.96615 -3.62955 34.8846 -11.9521 -0.355299 83.1092 0.7845 -13 1 1 0 1 -0.219282 -0.541695 0 0 0 0 
-9.03708 -3.63177 35.3795 -11.8714 -0.387846 83.1206 0.787181 -13 1 1 0 1 -0.219415 -0.545981 0 0 0 0 
-9.10753 -3.63417 35.8745 -11.7901 -0.420418 83.132 0.789861 -13 1 1 0 1 -0.219561 -0.550237 0 0 0 0 
-9.1775 -3.63677 36.3696 -11.7081 -0.453016 83.1434 0.792542 -13 1 1 0 1 -0.219718 -0.554464 0 0 0 0 
-9.24697 -3.63957 36.8647 -11.6255 -0.485643 83.1548 0.795223 -13 1 1 0 1 -0.219887 -0.558661 0 0 0 0 
-9.31595 -3.64256 37.36 -11.5422 -0.518301 83.1662 0.797904 -13 1 1 0 1 -0.220067 -0.562829 0 0 0 0 
-9.38444 -3.64574 37.8552 -11.4584 -0.550991 83.1776 0.800584 -13 1 1 0 1 -0.22026 -0.566966 0 0 0 0 
-9.45242 -3.64912 38.3506 -11.3739 -0.583715 83.189 0.803265 -13 1 1 0 1 -0.220464 -0.571074 0 0 0 0 
-9.51989 -3.65269 38.846 -11.2887 -0.616474 83.2003 0.805946 -13 1 1 0 1 -0.22068 -0.57515 0 0 0 0 
-9.58686 -3.65646 39.3415 -11.203 -0.649271 83.2117 0.808626 -13 1 1 0 1 -0.220907 -0.579196 0 0 0 0 
-9.65332 -3.66042 39.837 -11.1167 -0.682107 83.223 0.811307 -13 1 1 0 1 -0.221147 -0.583211 0 0 0 0 
-9.71926 -3.66458 40.3326 -11.0297 -0.714984 83.2343 0.813988 -13 1 1 0 1 -0.221398 -0.587195 0 0 0 0 
-9.78468 -3.66894 40.8283 -10.9422 -0.747903 83.2455 0.816669 -13 1 1 0 1 -0.221661 -0.591147 0 0 0 0 
-9.84958 -3.67349 41.3241 -10.854 -0.780867 83.2568 0.819349 -13 1 1 0 1 -0.221936 -0.595068 0 0 0 0 
-9.91395 -3.67824 41.8199 -10.7653 -0.813878 83.268 0.82203 -13 1 1 0 1 -0.222223 -0.598957 0 0 0 0 
-9.97779 -3.68319 42.3158 -10.6759 -0.846936 83.2792 0.824711 -13 1 1 0 1 -0.222522 -0.602814 0 0 0 0 
-10.0411 -3.68833 42.8117 -10.586 -0.880044 83.2903 0.827392 -13 1 1 0 1 -0.222833 -0.606639 0 0 0 0 
-10.1039 -3.69367 43.3077 -10.4955 -0.913203 83.3014 0.830072 -13 1 1 0 1 -0.223155 -0.610431 0 0 0 0 
-10.1661 -3.6992 43.8038 -10.4045 -0.946416 83.3124 0.832753 -13 1 1 0 1 -0.22349 -0.61419 0 0 0 0 
-10.2278 -3.70494 44.3 -10.3128 -0.979683 83.3234 0.835434 -13 1 1 0 1 -0.223836 -0.617917 0 0 0 0 
-10.2889 -3.71087 44.7962 -10.2206 -1.01301 83.3344 0.838114 -13 1 1 0 1 -0.224195 -0.621611 0 0 0 0 
-10.3495 -3.717 45.2925 -10.1279 -1.04639 83.3453 0.840795 -13 1 1 0 1 -0.224565 -0.625271 0 0 0 0 
-10.4095 -3.72333 45.7888 -10.0346 -1.07983 83.3562 0.843476 -13 1 1 0 1 -0.224947 -0.628898 0 0 0 0 
-10.469 -3.72986 46.2852 -9.94072 -1.11334 83.367 0.846157 -13 1 1 0 1 -0.225342 -0.632491 0 0 0 0 
-10.5279 -3.73659 46.7817 -9.84631 -1.14691 83.3777 0.848837 -13 1 1 0 1 -0.225749 -0.636051 0 0 0 0 
-10.5863 -3.74352 47.2782 -9.75137 -1.18055 83.3884 0.851518 -13 1 1 0 1 -0.226167 -0.639576 0 0 0 0 
-10.6441 -3.75065 47.7748 -9.65589 -1.21425 83.399 0.854199 -13 1 1 0 1 -0.226598 -0.643067 0 0 0 0 
-10.7013 -3.75798 48.2715 -9.55988 -1.24802 83.4096 0.856879 -13 1 1 0 1 -0.227041 -0.646524 0 0 0 0 
-10.7579 -3.76552 48.7682 -9.46335 -1.28186 83.4201 0.85956 -13 1 1 0 1 -0.227496 -0.649946 0 0 0 0 
-10.814 -3.77325 49.265 -9.3663 -1.31578 83.4305 0.862241 -13 1 1 0 1 -0.227963 -0.653333 0 0 0 0 
-10.8695 -3.78119 49.7618 -9.26874 -1.34977 83.4409 0.864922 -13 1 1 0 1 -0.228443 -0.656685 0 0 0 0 
-10.9244 -3.78933 50.2587 -9.17066 -1.38384 83.4511 0.867602 -13 1 1 0 1 -0.228934 -0.660002 0 0 0 0 
-10.9787 -3.79767 50.7557 -9.07208 -1.41798 83.4613 0.870283 -13 1 1 0 1 -0.229438 -0.663284 0 0 0 0 
-11.0324 -3.80621 51.2527 -8.97301 -1.45221 83.4715 0.872964 -13 1 1 0 1 -0.229955 -0.66653 0 0 0 0 
-11.0855 -3.81496 51.7498 -8.87344 -1.48652 83.4815 0.875645 -13 1 1 0 1 -0.230483 -0.66974 0 0 0 0 
-11.1381 -3.82392 52.247 -8.77338 -1.52091 83.4915 0.878325 -13 1 1 0 1 -0.231024 -0.672914 0 0 0 0 
-11.19 -3.83308 52.7442 -8.67284 -1.55539 83.5013 0.881006 -13 1 1 0 1 -0.231578 -0.676053 0 0 0 0 
-11.2414 -3.84244 53.2415 -8.57183 -1.58995 83.5111 0.883687 -13 1 1 0 1 -0.232144 -0.679155 0 0 0 0 
-11.2921 -3.85201 53.7388 -8.47034 -1.62461 83.5208 0.886367 -13 1 1 0 1 -0.232722 -0.68222 0 0 0 0 
-11.3423 -3.86179 54.2362 -8.36839 -1.65935 83.5304 0.889048 -13 1 1 0 1 -0.233313 -0.685249 0 0 0 0 
-11.3918 -3.87178 54.7336 -8.26597 -1.69419 83.5399 0.891729 -13 1 1 0 1 -0.233916 -0.688241 0 0 0 0 
-11.4407 -3.88197 55.2311 -8.1631 -1.72912 83.5493 0.89441 -13 1 1 0 1 -0.234532 -0.691197 0 0 0 0 
-11.489 -3.89237 55.7287 -8.05979 -1.76415 83.5586 0.89709 -13 1 1 0 1 -0.23516 -0.694115 0 0 0 0 
-11.5367 -3.90298 56.2263 -7.95602 -1.79928 83.5678 0.899771 -13 1 1 0 1 -0.235801 -0.696996 0 0 0 0 
-11.5838 -3.9138 56.7239 -7.85182 -1.83451 83.5769 0.902452 -13 1 1 0 1 -0.236455 -0.69984 0 0 0 0 
-11.6302 -3.92483 57.2216 -7.74719 -1.86984 83.5859 0.905132 -13 1 1 0 1 -0.237121 -0.702646 0 0 0 0 
-11.676 -3.93607 57.7194 -7.64213 -1.90528 83.5947 0.907813 -13 1 1 0 1 -0.2378 -0.705414 0 0 0 0 
-11.7212 -3.94752 58.2172 -7.53664 -1.94082 83.6035 0.910494 -13 1 1 0 1 -0.238492 -0.708144 0 0 0 0 
-11.7658 -3.95918 58.7151 -7.43075 -1.97647 83.6121 0.913175 -13 1 1 0 1 -0.239197 -0.710837 0 0 0 0 
-11.8097 -3.97106 59.213 -7.32444 -2.01223 83.6207 0.915855 -13 1 1 0 1 -0.239914 -0.713491 0 0 0 0 
-11.853 -3.98315 59.711 -7.21773 -2.0481 83.6291 0.918536 -13 1 1 0 1 -0.240644 -0.716107 0 0 0 0 
-11.8957 -3.99545 60.209 -7.11062 -2.08408 83.6373 0.921217 -13 1 1 0 1 -0.241388 -0.718684 0 0 0 0 
-11.9377 -4.00797 60.7071 -7.00311 -2.12018 83.6455 0.923898 -13 1 1 0 1 -0.242144 -0.721223 0 0 0 0 
-11.9791 -4.0207 61.2052 -6.89522 -2.1564 83.6535 0.926578 -13 1 1 0 1 -0.242913 -0.723723 0 0 0 0 
-12.0198 -4.03365 61.7034 -6.78695 -2.19274 83.6615 0.929259 -13 1 1 0 1 -0.243696 -0.726184 0 0 0 0 
-12.0599 -4.04682 62.2016 -6.67831 -2.2292 83.6692 0.93194 -13 1 1 0 1 -0.244491 -0.728607 0 0 0 0 
-12.0994 -4.0602 62.6999 -6.56929 -2.26578 83.6769 0.93462 -13 1 1 0 1 -0.2453 -0.73099 0 0 0 0 
-12.1381 -4.0738 63.1982 -6.45992 -2.30248 83.6844 0.937301 -13 1 1 0 1 -0.246121 -0.733333 0 0 0 0 
-12.1763 -4.08763 63.6965 -6.35018 -2.33932 83.6918 0.939982 -13 1 1 0 1 -0.246956 -0.735638 0 0 0 0 
-12.2138 -4.10167 64.1949 -6.2401 -2.37628 83.699 0.942663 -13 1 1 0 1 -0.247805 -0.737903 0 0 0 0 
-12.2506 -4.11593 64.6934 -6.12967 -2.41337 83.7061 0.945343 -13 1 1 0 1 -0.248666 -0.740128 0 0 0 0 
-12.2868 -4.13041 65.1918 -6.0189 -2.4506 83.7131 0.948024 -13 1 1 0 1 -0.249541 -0.742313 0 0 0 0 
-12.3223 -4.14511 65.6904 -5.9078 -2.48796 83.7199 0.950705 -13 1 1 0 1 -0.250429 -0.744458 0 0 0 0 
-12.3571 -4.16004 66.1889 -5.79637 -2.52546 83.7265 0.953385 -13 1 1 0 1 -0.251331 -0.746564 0 0 0 0 
-12.3913 -4.17519 66.6875 -5.68462 -2.56309 83.7331 0.956066 -13 1 1 0 1 -0.252247 -0.748629 0 0 0 0 
-12.4248 -4.19057 67.1862 -5.57256 -2.60087 83.7394 0.958747 -13 1 1 0 1 -0.253176 -0.750654 0 0 0 0 
-12.4577 -4.20617 67.6848 -5.46019 -2.63879 83.7456 0.961428 -13 1 1 0 1 -0.254118 -0.752639 0 0 0 0 
-12.4899 -4.22199 68.1836 -5.34751 -2.67685 83.7517 0.964108 -13 1 1 0 1 -0.255074 -0.754583 0 0 0 0 
-12.5214 -4.23805 68.6823 -5.23454 -2.71507 83.7576 0.966789 -13 1 1 0 1 -0.256044 -0.756486 0 0 0 0 
-12.5522 -4.25433 69.1811 -5.12129 -2.75343 83.7634 0.96947 -13 1 1 0 1 -0.257028 -0.758349 0 0 0 0 
-12.5824 -4.27084 69.6799 -5.00774 -2.79194 83.769 0.97215 -13 1 1 0 1 -0.258025 -0.760171 0 0 0 0 
-12.6118 -4.28758 70.1788 -4.89393 -2.8306 83.7744 0.974831 -13 1 1 0 1 -0.259037 -0.761952 0 0 0 0 
-12.6407 -4.30455 70.6776 -4.77984 -2.86942 83.7797 0.977512 -13 1 1 0 1 -0.260062 -0.763693 0 0 0 0 
-12.6688 -4.32175 71.1765 -4.66548 -2.90839 83.7848 0.980193 -13 1 1 0 1 -0.261101 -0.765392 0 0 0 0 
-12.6962 -4.33919 71.6755 -4.55087 -2.94753 83.7897 0.982873 -13 1 1 0 1 -0.262155 -0.76705 0 0 0 0 
-12.723 -4.35686 72.1745 -4.43601 -2.98682 83.7945 0.985554 -13 1 1 0 1 -0.263222 -0.768666 0 0 0 0 
-12.749 -4.37476 72.6735 -4.3209 -3.02628 83.7991 0.988235 -13 1 1 0 1 -0.264304 -0.770241 0 0 0 0 
-12.7744 -4.3929 73.1725 -4.20556 -3.0659 83.8035 0.990916 -13 1 1 0 1 -0.2654 -0.771775 0 0 0 0 
-12.7991 -4.41128 73.6715 -4.08998 -3.10569 83.8077 0.993596 -13 1 1 0 1 -0.26651 -0.773267 0 0 0 0 
-12.8231 -4.42989 74.1706 -3.97417 -3.14565 83.8118 0.996277 -13 1 1 0 1 -0.267634 -0.774718 0 0 0 0 
-12.8465 -4.44874 74.6697 -3.85815 -3.18578 83.8157 0.998958 -13 1 1 0 1 -0.268773 -0.776127 0 0 0 0 
-12.8691 -4.46783 75.1688 -3.74191 -3.22609 83.8195 1.00164 -13 1 1 0 1 -0.269927 -0.777494 0 0 0 0 
-12.891 -4.48716 75.668 -3.62547 -3.26656 83.823 1.00432 -13 1 1 0 1 -0.271095 -0.778819 0 0 0 0 
-12.9123 -4.50674 76.1671 -3.50882 -3.30722 83.8264 1.007 -13 1 1 0 1 -0.272277 -0.780103 0 0 0 0 
-12.9328 -4.52655 76.6663 -3.39199 -3.34806 83.8296 1.00968 -13 1 1 0 1 -0.273474 -0.781344 0 0 0 0 
-12.9527 -4.54661 77.1655 -3.27496 -3.38907 83.8326 1.01236 -13 1 1 0 1 -0.274686 -0.782543 0 0 0 0 
-12.9718 -4.56692 77.6647 -3.15776 -3.43028 83.8354 1.01504 -13 1 1 0 1 -0.275913 -0.7837 0 0 0 0 
-12.9903 -4.58747 78.164 -3.04038 -3.47166 83.838 1.01772 -13 1 1 0 1 -0.277155 -0.784815 0 0 0 0 
-13.008 -4.60826 78.6632 -2.92283 -3.51324 83.8405 1.0204 -13 1 1 0 1 -0.278411 -0.785888 0 0 0 0 
-13.0251 -4.62931 79.1625 -2.80513 -3.55501 83.8427 1.02308 -13 1 1 0 1 -0.279682 -0.786918 0 0 0 0 
-13.0414 -4.6506 79.6618 -2.68727 -3.59697 83.8448 1.02576 -13 1 1 0 1 -0.280969 -0.787906 0 0 0 0 
-13.0571 -4.67215 80.1611 -2.56926 -3.63912 83.8467 1.02845 -13 1 1 0 1 -0.282271 -0.788852 0 0 0 0 
-13.072 -4.69394 80.6604 -2.45111 -3.68147 83.8484 1.03113 -13 1 1 0 1 -0.283587 -0.789755 0 0 0 0 
-13.0863 -4.71599 81.1597 -2.33283 -3.72402 83.8499 1.03381 -13 1 1 0 1 -0.28492 -0.790616 0 0 0 0 
-13.0998 -4.7383 81.659 -2.21442 -3.76677 83.8512 1.03649 -13 1 1 0 1 -0.286267 -0.791434 0 0 0 0 
-13.1127 -4.76085 82.1583 -2.09589 -3.80973 83.8523 1.03917 -13 1 1 0 1 -0.28763 -0.792209 0 0 0 0 
-13.1248 -4.78367 82.6577 -1.97724 -3.85289 83.8532 1.04185 -13 1 1 0 1 -0.289008 -0.792942 0 0 0 0 
-13.1362 -4.80674 83.157 -1.85849 -3.89625 83.8539 1.04453 -13 1 1 0 1 -0.290402 -0.793632 0 0 0 0 
-13.1469 -4.83007 83.6563 -1.73963 -3.93983 83.8544 1.04721 -13 1 1 0 1 -0.291812 -0.794279 0 0 0 0 
-13.1569 -4.85366 84.1557 -1.62068 -3.98362 83.8547 1.04989 -13 1 1 0 1 -0.293237 -0.794883 0 0 0 0 
-13.1662 -4.87752 84.655 -1.50165 -4.02763 83.8548 1.05257 -13 1 1 0 1 -0.294678 -0.795445 0 0 0 0 
-13.1748 -4.90163 85.1544 -1.38253 -4.07185 83.8547 1.05525 -13 1 1 0 1 -0.296135 -0.795964 0 0 0 0 
-13.1827 -4.92601 85.6537 -1.26334 -4.11629 83.8545 1.05793 -13 1 1 0 1 -0.297608 -0.79644 0 0 0 0 
-13.1899 -4.95066 86.1531 -1.14408 -4.16095 83.854 1.06061 -13 1 1 0 1 -0.299097 -0.796873 0 0 0 0 
-13.1963 -4.97557 86.6524 -1.02476 -4.20584 83.8533 1.0633 -13 1 1 0 1 -0.300602 -0.797263 0 0 0 0 
-13.2021 -5.00075 87.1517 -0.905386 -4.25095 83.8524 1.06598 -13 1 1 0 1 -0.302123 -0.79761 0 0 0 0 
-13.2071 -5.0262 87.651 -0.785965 -4.29629 83.8513 1.06866 -13 1 1 0 1 -0.303661 -0.797914 0 0 0 0 
-13.2114 -5.05192 88.1504 -0.666504 -4.34186 83.85 1.07134 -13 1 1 0 1 -0.305215 -0.798176 0 0 0 0 
-13.215 -5.07791 88.6497 -0.547008 -4.38767 83.8484 1.07402 -13 1 1 0 1 -0.306785 -0.798394 0 0 0 0 
-13.2179 -5.10417 89.149 -0.427486 -4.43371 83.8467 1.0767 -13 1 1 0 1 -0.308372 -0.798569 0 0 0 0 
-13.2201 -5.13071 89.6483 -0.307943 -4.47999 83.8448 1.07938 -13 1 1 0 1 -0.309975 -0.798702 0 0 0 0 
-13.2216 -5.15753 90.1475 -0.188386 -4.52651 83.8426 1.08206 -13 1 1 0 1 -0.311595 -0.798791 0 0 0 0 
-13.2224 -5.18462 90.6468 -0.0688222 -4.57327 83.8403 1.08474 -13 1 1 0 1 -0.313232 -0.798837 0 0 0 0 
-13.2224 -5.212 91.1461 0.0507416 -4.62027 83.8377 1.08742 -13 1 1 0 1 -0.314886 -0.79884 0 0 0 0 
-13.2218 -5.23965 91.6453 0.170299 -4.66752 83.8349 1.0901 -13 1 1 0 1 -0.316557 -0.798801 0 0 0 0 
-13.2204 -5.26758 92.1445 0.289843 -4.71503 83.8319 1.09278 -13 1 1 0 1 -0.318244 -0.798718 0 0 0 0 
-13.2183 -5.2958 92.6437 0.409367 -4.76278 83.8287 1.09546 -13 1 1 0 1 -0.319949 -0.798592 0 0 0 0 
-13.2155 -5.32431 93.1429 0.528864 -4.81079 83.8253 1.09814 -13 1 1 0 1 -0.321671 -0.798423 0 0 0 0 
-13.212 -5.3531 93.642 0.648328 -4.85906 83.8217 1.10083 -13 1 1 0 1 -0.323411 -0.798212 0 0 0 0 
-13.2078 -5.38218 94.1412 0.767752 -4.90758 83.8179 1.10351 -13 1 1 0 1 -0.325168 -0.797957 0 0 0 0 
-13.2029 -5.41155 94.6403 0.887128 -4.95637 83.8138 1.10619 -13 1 1 0 1 -0.326942 -0.797659 0 0 0 0 
-13.1972 -5.44121 95.1394 1.00645 -5.00542 83.8096 1.10887 -13 1 1 0 1 -0.328734 -0.797319 0 0 0 0 
-13.1909 -5.47116 95.6384 1.12571 -5.05474 83.8051 1.11155 -13 1 1 0 1 -0.330544 -0.796935 0 0 0 0 
-13.1838 -5.50141 96.1375 1.24491 -5.10433 83.8004 1.11423 -13 1 1 0 1 -0.332371 -0.796509 0 0 0 0 
-13.1761 -5.53195 96.6365 1.36403 -5.15419 83.7955 1.11691 -13 1 1 0 1 -0.334216 -0.796039 0 0 0 0 
-13.1676 -5.5628 97.1355 1.48307 -5.20432 83.7904 1.11959 -13 1 1 0 1 -0.33608 -0.795527 0 0 0 0 
-13.1584 -5.59394 97.6344 1.60203 -5.25473 83.785 1.12227 -13 1 1 0 1 -0.337961 -0.794972 0 0 0 0 
-13.1485 -5.62538 98.1333 1.72089 -5.30542 83.7795 1.12495 -13 1 1 0 1 -0.339861 -0.794374 0 0 0 0 
-13.1379 -5.65712 98.6322 1.83965 -5.3564 83.7737 1.12763 -13 1 1 0 1 -0.341779 -0.793734 0 0 0 0 
-13.1266 -5.68917 99.131 1.9583 -5.40765 83.7677 1.13031 -13 1 1 0 1 -0.343715 -0.793051 0 0 0 0 
-13.1146 -5.72153 99.6298 2.07684 -5.4592 83.7615 1.13299 -13 1 1 0 1 -0.34567 -0.792325 0 0 0 0 
-13.1019 -5.75419 100.129 2.19525 -5.51103 83.7551 1.13567 -13 1 1 0 1 -0.347643 -0.791556 0 0 0 0 
-13.0884 -5.78716 100.627 2.31354 -5.56316 83.7485 1.13836 -13 1 1 0 1 -0.349635 -0.790745 0 0 0 0 
-13.0743 -5.82045 101.126 2.4317 -5.61558 83.7416 1.14104 -13 1 1 0 1 -0.351646 -0.789892 0 0 0 0 
-13.0595 -5.85404 101.625 2.54971 -5.6683 83.7346 1.14372 -13 1 1 0 1 -0.353676 -0.788996 0 0 0 0 
-13.0439 -5.88796 102.123 2.66758 -5.72132 83.7273 1.1464 -13 1 1 0 1 -0.355724 -0.788057 0 0 0 0 
-13.0277 -5.92218 102.622 2.7853 -5.77464 83.7198 1.14908 -13 1 1 0 1 -0.357792 -0.787076 0 0 0 0 
-13.0108 -5.95673 103.12 2.90285 -5.82827 83.7121 1.15176 -13 1 1 0 1 -0.359879 -0.786053 0 0 0 0 
-12.9931 -5.9916 103.619 3.02024 -5.88221 83.7042 1.15444 -13 1 1 0 1 -0.361986 -0.784988 0 0 0 0 
-12.9748 -6.02679 104.117 3.13745 -5.93646 83.696 1.15712 -13 1 1 0 1 -0.364112 -0.78388 0 0 0 0 
-12.9558 -6.0623 104.616 3.25448 -5.99102 83.6877 1.1598 -13 1 1 0 1 -0.366258 -0.78273 0 0 0 0 
-12.936 -6.09814 105.114 3.37133 -6.0459 83.6791 1.16248 -13 1 1 0 1 -0.368423 -0.781538 0 0 0 0 
-12.9156 -6.13431 105.612 3.48798 -6.10109 83.6703 1.16516 -13 1 1 0 1 -0.370608 -0.780304 0 0 0 0 
-12.8945 -6.1708 106.11 3.60444 -6.15661 83.6613 1.16784 -13 1 1 0 1 -0.372813 -0.779029 0 0 0 0 
-12.8727 -6.20763 106.609 3.72068 -6.21246 83.6521 1.17052 -13 1 1 0 1 -0.375038 -0.777711 0 0 0 0 
-12.8502 -6.24479 107.107 3.83672 -6.26863 83.6427 1.1732 -13 1 1 0 1 -0.377283 -0.776351 0 0 0 0 
-12.827 -6.28229 107.605 3.95253 -6.32513 83.633 1.17589 -13 1 1 0 1 -0.379548 -0.77495 0 0 0 0 
-12.8031 -6.32012 108.103 4.06812 -6.38196 83.6231 1.17857 -13 1 1 0 1 -0.381834 -0.773507 0 0 0 0 
-12.7785 -6.3583 108.601 4.18348 -6.43914 83.6131 1.18125 -13 1 1 0 1 -0.38414 -0.772023 0 0 0 0 
-12.7533 -6.39681 109.099 4.2986 -6.49665 83.6028 1.18393 -13 1 1 0 1 -0.386467 -0.770497 0 0 0 0 
-12.7273 -6.43567 109.596 4.41347 -6.5545 83.5923 1.18661 -13 1 1 0 1 -0.388815 -0.76893 0 0 0 0 
-12.7007 -6.47487 110.094 4.52809 -6.61269 83.5816 1.18929 -13 1 1 0 1 -0.391183 -0.767322 0 0 0 0 
-12.6734 -6.51443 110.592 4.64245 -6.67124 83.5706 1.19197 -13 1 1 0 1 -0.393573 -0.765672 0 0 0 0 
-12.6454 -6.55433 111.089 4.75655 -6.73013 83.5595 1.19465 -13 1 1 0 1 -0.395984 -0.763981 0 0 0 0 
-12.6168 -6.59458 111.587 4.87038 -6.78938 83.5482 1.19733 -13 1 1 0 1 -0.398416 -0.76225 0 0 0 0 
-12.5874 -6.63519 112.084 4.98393 -6.84898 83.5366 1.20001 -13 1 1 0 1 -0.400869 -0.760477 0 0 0 0 
-12.5574 -6.67615 112.582 5.0972 -6.90894 83.5248 1.20269 -13 1 1 0 1 -0.403344 -0.758664 0 0 0 0 
-12.5267 -6.71747 113.079 5.21018 -6.96927 83.5128 1.20537 -13 1 1 0 1 -0.40584 -0.756809 0 0 0 0 
-12.4954 -6.75915 113.577 5.32286 -7.02996 83.5006 1.20805 -13 1 1 0 1 -0.408358 -0.754915 0 0 0 0 
-12.4633 -6.8012 114.074 5.43525 -7.09101 83.4882 1.21073 -13 1 1 0 1 -0.410898 -0.752979 0 0 0 0 
-12.4306 -6.84361 114.571 5.54732 -7.15244 83.4756 1.21342 -13 1 1 0 1 -0.413461 -0.751004 0 0 0 0 
-12.3973 -6.88638 115.068 5.65908 -7.21424 83.4628 1.2161 -13 1 1 0 1 -0.416045 -0.748988 0 0 0 0 
-12.3632 -6.92953 115.565 5.77051 -7.27642 83.4498 1.21878 -13 1 1 0 1 -0.418652 -0.746932 0 0 0 0 
-12.3285 -6.97304 116.062 5.88162 -7.33898 83.4365 1.22146 -13 1 1 0 1 -0.421281 -0.744836 0 0 0 0 
-12.2932 -7.01693 116.559 5.9924 -7.40193 83.4231 1.22414 -13 1 1 0 1 -0.423932 -0.7427 0 0 0 0 
-12.2572 -7.0612 117.055 6.10284 -7.46526 83.4094 1.22682 -13 1 1 0 1 -0.426607 -0.740524 0 0 0 0 
-12.2205 -7.10584 117.552 6.21294 -7.52898 83.3956 1.2295 -13 1 1 0 1 -0.429304 -0.738309 0 0 0 0 
-12.1832 -7.15087 118.049 6.32268 -7.59309 83.3815 1.23218 -13 1 1 0 1 -0.432024 -0.736054 0 0 0 0 
-12.1452 -7.19628 118.545 6.43206 -7.65759 83.3673 1.23486 -13 1 1 0 1 -0.434767 -0.733759 0 0 0 0 
-12.1066 -7.24207 119.041 6.54109 -7.7225 83.3528 1.23754 -13 1 1 0 1 -0.437534 -0.731426 0 0 0 0 
-12.0673 -7.28825 119.538 6.64974 -7.78781 83.3381 1.24022 -13 1 1 0 1 -0.440324 -0.729053 0 0 0 0 
-12.0274 -7.33482 120.034 6.75802 -7.85352 83.3232 1.2429 -13 1 1 0 1 -0.443138 -0.726641 0 0 0 0 
-11.9868 -7.38178 120.53 6.86591 -7.91964 83.3082 1.24558 -13 1 1 0 1 -0.445975 -0.72419 0 0 0 0 
-11.9456 -7.42914 121.026 6.97342 -7.98618 83.2929 1.24826 -13 1 1 0 1 -0.448836 -0.721701 0 0 0 0 
-11.9038 -7.4769 121.522 7.08054 -8.05313 83.2774 1.25095 -13 1 1 0 1 -0.451721 -0.719173 0 0 0 0 
-11.8613 -7.52505 122.018 7.18726 -8.12049 83.2617 1.25363 -13 1 1 0 1 -0.454631 -0.716606 0 0 0 0 
-11.8182 -7.57361 122.514 7.29357 -8.18828 83.2458 1.25631 -13 1 1 0 1 -0.457564 -0.714001 0 0 0 0 
-11.7744 -7.62257 123.009 7.39948 -8.25649 83.2297 1.25899 -13 1 1 0 1 -0.460522 -0.711358 0 0 0 0 
-11.73 -7.67195 123.505 7.50496 -8.32513 83.2134 1.26167 -13 1 1 0 1 -0.463505 -0.708677 0 0 0 0 
-11.685 -7.72173 124 7.61003 -8.39421 83.197 1.26435 -13 1 1 0 1 -0.466513 -0.705958 0 0 0 0 
-11.6394 -7.77192 124.496 7.71467 -8.46371 83.1803 1.26703 -13 1 1 0 1 -0.469545 -0.703202 0 0 0 0 
-11.5932 -7.82253 124.991 7.81887 -8.53366 83.1634 1.26971 -13 1 1 0 1 -0.472603 -0.700407 0 0 0 0 
-11.5923 -7.82344 125 7.8206 -8.53482 83.1631 1.26976 -13 1 1 0 1 -0.472658 -0.700357 0 0 0 0 
-11.5457 -7.8743 125.495 7.82869 -8.54028 83.1618 1.27244 -13 1 1 0 1 0 0 0 0 0 0 
-11.4991 -7.92516 125.99 7.82869 -8.54028 83.1618 1.27512 -13 1 1 0 1 0 0 0 0 0 0 
-11.4525 -7.97601 126.486 7.82869 -8.54028 83.1618 1.2778 -13 1 1 0 1 0 0 0 0 0 0 
-11.4058 -8.02687 126.981 7.82869 -8.54028 83.1618 1.28048 -13 1 1 0 1 0 0 0 0 0 0 
-11.3592 -8.07773 127.476 7.82869 -8.54028 83.1618 1.28316 -13 1 1 0 1 0 0 0 0 0 0 
-11.3126 -8.12858 127.971 7.82869 -8.54028 83.1618 1.28584 -13 1 1 0 1 0 0 0 0 0 0 
-11.266 -8.17944 128.467 7.82869 -8.54028 83.1618 1.28852 -13 1 1 0 1 0 0 0 0 0 0 
-11.2194 -8.23029 128.962 7.82869 -8.54028 83.1618 1.2912 -13 1 1 0 1 0 0 0 0 0 0 
-11.1727 -8.28115 129.457 7.82869 -8.54028 83.1618 1.29389 -13 1 1 0 1 0 0 0 0 0 0 
-11.1261 -8.33201 129.952 7.82869 -8.54028 83.1618 1.29657 -13 1 1 0 1 0 0 0 0 0 0 
-11.0795 -8.38286 130.447 7.82869 -8.54028 83.1618 1.29925 -13 1 1 0 1 0 0 0 0 0 0 
-11.0329 -8.43372 130.943 7.82869 -8.54028 83.1618 1.30193 -13 1 1 0 1 0 0 0 0 0 0 
-10.9863 -8.48458 131.438 7.82869 -8.54028 83.1618 1.30461 -13 1 1 0 1 0 0 0 0 0 0 
-10.9397 -8.53543 131.933 7.82869 -8.54028 83.1618 1.30729 -13 1 1 0 1 0 0 0 0 0 0 
-10.893 -8.58629 132.428 7.82869 -8.54028 83.1618 1.30997 -13 1 1 0 1 0 0 0 0 0 0 
-10.8464 -8.63714 132.923 7.82869 -8.54028 83.1618 1.31265 -13 1 1 0 1 0 0 0 0 0 0 
-10.7998 -8.688 133.419 7.82869 -8.54028 83.1618 1.31533 -13 1 1 0 1 0 0 0 0 0 0 
-10.7532 -8.73886 133.914 7.82869 -8.54028 83.1618 1.31801 -13 1 1 0 1 0 0 0 0 0 0 
-10.7066 -8.78971 134.409 7.82869 -8.54028 83.1618 1.32069 -13 1 1 0 1 0 0 0 0 0 0 
-10.6599 -8.84057 134.904 7.82869 -8.54028 83.1618 1.32337 -13 1 1 0 1 0 0 0 0 0 0 
-10.6488 -8.85273 135.023 7.82869 -8.54028 83.1618 1.32402 -13 1 1 0 1 0.347767 0.418324 0 0 0 0 
-10.6024 -8.90343 135.518 7.76672 -8.4885 83.1729 1.3267 -13 1 1 0 1 0.349759 0.4165 0 0 0 0 
-10.5563 -8.95382 136.014 7.705 -8.43642 83.184 1.32938 -13 1 1 0 1 0.351739 0.41469 0 0 0 0 
-10.5106 -9.0039 136.509 7.64355 -8.38403 83.1949 1.33206 -13 1 1 0 1 0.353706 0.412895 0 0 0 0 
-10.4653 -9.05367 137.004 7.58235 -8.33135 83.2058 1.33474 -13 1 1 0 1 0.355661 0.411114 0 0 0 0 
-10.4203 -9.10313 137.5 7.52142 -8.27837 83.2166 1.33742 -13 1 1 0 1 0.357604 0.409347 0 0 0 0 
-10.3757 -9.15226 137.996 7.46073 -8.2251 83.2274 1.3401 -13 1 1 0 1 0.359534 0.407595 0 0 0 0 
-10.3314 -9.20108 138.491 7.40029 -8.17154 83.238 1.34278 -13 1 1 0 1 0.361452 0.405857 0 0 0 0 
-10.2876 -9.24958 138.987 7.34011 -8.11768 83.2486 1.34546 -13 1 1 0 1 0.363357 0.404133 0 0 0 0 
-10.244 -9.29776 139.483 7.28017 -8.06353 83.2592 1.34814 -13 1 1 0 1 0.36525 0.402423 0 0 0 0 
-10.2009 -9.34562 139.978 7.22048 -8.0091 83.2696 1.35082 -13 1 1 0 1 0.36713 0.400726 0 0 0 0 
-10.158 -9.39315 140.474 7.16103 -7.95438 83.28 1.3535 -13 1 1 0 1 0.368997 0.399044 0 0 0 0 
-10.1156 -9.44035 140.97 7.10182 -7.89938 83.2903 1.35618 -13 1 1 0 1 0.370851 0.397376 0 0 0 0 
-10.0734 -9.48723 141.466 7.04286 -7.8441 83.3005 1.35887 -13 1 1 0 1 0.372693 0.395722 0 0 0 0 
-10.0317 -9.53377 141.962 6.98413 -7.78854 83.3107 1.36155 -13 1 1 0 1 0.374521 0.394081 0 0 0 0 
-9.99027 -9.57999 142.459 6.92563 -7.7327 83.3208 1.36423 -13 1 1 0 1 0.376337 0.392454 0 0 0 0 
-9.9492 -9.62587 142.955 6.86737 -7.67658 83.3308 1.36691 -13 1 1 0 1 0.378139 0.390841 0 0 0 0 
-9.90848 -9.67141 143.451 6.80935 -7.62019 83.3407 1.36959 -13 1 1 0 1 0.379928 0.389241 0 0 0 0 
-9.8681 -9.71662 143.947 6.75155 -7.56353 83.3506 1.37227 -13 1 1 0 1 0.381704 0.387655 0 0 0 0 
-9.82807 -9.76149 144.444 6.69398 -7.5066 83.3604 1.37495 -13 1 1 0 1 0.383467 0.386082 0 0 0 0 
-9.78838 -9.80602 144.94 6.63664 -7.4494 83.3701 1.37763 -13 1 1 0 1 0.385216 0.384523 0 0 0 0 
-9.74903 -9.85021 145.437 6.57952 -7.39193 83.3797 1.38031 -13 1 1 0 1 0.386952 0.382977 0 0 0 0 
-9.71002 -9.89406 145.933 6.52262 -7.3342 83.3893 1.38299 -13 1 1 0 1 0.388674 0.381445 0 0 0 0 
-9.67135 -9.93756 146.43 6.46595 -7.27621 83.3988 1.38567 -13 1 1 0 1 0.390383 0.379926 0 0 0 0 
-9.63301 -9.98071 146.926 6.40949 -7.21795 83.4082 1.38835 -13 1 1 0 1 0.392079 0.37842 0 0 0 0 
-9.59501 -10.0235 147.423 6.35325 -7.15944 83.4176 1.39103 -13 1 1 0 1 0.39376 0.376927 0 0 0 0 
-9.55735 -10.066 147.92 6.29723 -7.10068 83.4268 1.39371 -13 1 1 0 1 0.395428 0.375447 0 0 0 0 
-9.52001 -10.1081 148.417 6.24142 -7.04166 83.436 1.3964 -13 1 1 0 1 0.397082 0.373981 0 0 0 0 
-9.48301 -10.1498 148.914 6.18582 -6.98239 83.4451 1.39908 -13 1 1 0 1 0.398723 0.372527 0 0 0 0 
-9.44634 -10.1912 149.41 6.13043 -6.92287 83.4542 1.40176 -13 1 1 0 1 0.400349 0.371087 0 0 0 0 
-9.41 -10.2323 149.907 6.07524 -6.8631 83.4632 1.40444 -13 1 1 0 1 0.401962 0.369659 0 0 0 0 
-9.37399 -10.273 150.404 6.02027 -6.80308 83.4721 1.40712 -13 1 1 0 1 0.40356 0.368244 0 0 0 0 
-9.3383 -10.3133 150.902 5.9655 -6.74282 83.4809 1.4098 -13 1 1 0 1 0.405144 0.366842 0 0 0 0 
-9.30294 -10.3533 151.399 5.91092 -6.68232 83.4896 1.41248 -13 1 1 0 1 0.406715 0.365453 0 0 0 0 
-9.2679 -10.3929 151.896 5.85655 -6.62158 83.4983 1.41516 -13 1 1 0 1 0.408271 0.364077 0 0 0 0 
-9.23319 -10.4321 152.393 5.80238 -6.56061 83.5069 1.41784 -13 1 1 0 1 0.409813 0.362713 0 0 0 0 
-9.1988 -10.471 152.89 5.74841 -6.4994 83.5154 1.42052 -13 1 1 0 1 0.41134 0.361362 0 0 0 0 
-9.16473 -10.5096 153.388 5.69463 -6.43795 83.5239 1.4232 -13 1 1 0 1 0.412853 0.360024 0 0 0 0 
-9.13097 -10.5477 153.885 5.64104 -6.37628 83.5322 1.42588 -13 1 1 0 1 0.414352 0.358698 0 0 0 0 
-9.09754 -10.5855 154.383 5.58765 -6.31437 83.5405 1.42856 -13 1 1 0 1 0.415837 0.357384 0 0 0 0 
-9.06443 -10.6229 154.88 5.53444 -6.25224 83.5487 1.43124 -13 1 1 0 1 0.417306 0.356084 0 0 0 0 
-9.03163 -10.66 155.378 5.48143 -6.18989 83.5569 1.43393 -13 1 1 0 1 0.418762 0.354795 0 0 0 0 
-8.99914 -10.6966 155.875 5.42859 -6.12731 83.5649 1.43661 -13 1 1 0 1 0.420202 0.353519 0 0 0 0 
-8.96697 -10.7329 156.373 5.37595 -6.06452 83.5729 1.43929 -13 1 1 0 1 0.421628 0.352255 0 0 0 0 
-8.93512 -10.7689 156.871 5.32348 -6.0015 83.5808 1.44197 -13 1 1 0 1 0.42304 0.351004 0 0 0 0 
-8.90357 -10.8044 157.368 5.2712 -5.93827 83.5886 1.44465 -13 1 1 0 1 0.424436 0.349765 0 0 0 0 
-8.87234 -10.8396 157.866 5.2191 -5.87483 83.5964 1.44733 -13 1 1 0 1 0.425818 0.348538 0 0 0 0 
-8.84141 -10.8744 158.364 5.16717 -5.81118 83.6041 1.45001 -13 1 1 0 1 0.427185 0.347323 0 0 0 0 
-8.8108 -10.9088 158.862 5.11542 -5.74731 83.6117 1.45269 -13 1 1 0 1 0.428537 0.34612 0 0 0 0 
-8.78049 -10.9428 159.36 5.06384 -5.68325 83.6192 1.45537 -13 1 1 0 1 0.429874 0.34493 0 0 0 0 
-8.75049 -10.9765 159.858 5.01244 -5.61897 83.6266 1.45805 -13 1 1 0 1 0.431196 0.343751 0 0 0 0 
-8.72079 -11.0097 160.356 4.9612 -5.5545 83.634 1.46073 -13 1 1 0 1 0.432503 0.342584 0 0 0 0 
-8.6914 -11.0426 160.854 4.91014 -5.48982 83.6413 1.46341 -13 1 1 0 1 0.433794 0.34143 0 0 0 0 
-8.66231 -11.0751 161.352 4.85924 -5.42495 83.6485 1.46609 -13 1 1 0 1 0.435071 0.340287 0 0 0 0 
-8.63353 -11.1072 161.85 4.8085 -5.35988 83.6556 1.46877 -13 1 1 0 1 0.436333 0.339156 0 0 0 0 
-8.60505 -11.139 162.348 4.75793 -5.29462 83.6627 1.47146 -13 1 1 0 1 0.437579 0.338037 0 0 0 0 
-8.57686 -11.1703 162.846 4.70753 -5.22917 83.6696 1.47414 -13 1 1 0 1 0.43881 0.33693 0 0 0 0 
-8.54898 -11.2012 163.345 4.65728 -5.16354 83.6765 1.47682 -13 1 1 0 1 0.440025 0.335835 0 0 0 0 
-8.5214 -11.2318 163.843 4.60719 -5.09771 83.6833 1.4795 -13 1 1 0 1 0.441225 0.334751 0 0 0 0 
-8.49411 -11.2619 164.341 4.55726 -5.0317 83.69 1.48218 -13 1 1 0 1 0.44241 0.333679 0 0 0 0 
-8.46712 -11.2917 164.84 4.50748 -4.96552 83.6967 1.48486 -13 1 1 0 1 0.44358 0.332619 0 0 0 0 
-8.44043 -11.3211 165.338 4.45786 -4.89915 83.7033 1.48754 -13 1 1 0 1 0.444733 0.331571 0 0 0 0 
-8.41403 -11.3501 165.837 4.40839 -4.8326 83.7098 1.49022 -13 1 1 0 1 0.445872 0.330534 0 0 0 0 
-8.38792 -11.3786 166.335 4.35907 -4.76589 83.7162 1.4929 -13 1 1 0 1 0.446994 0.329508 0 0 0 0 
-8.36211 -11.4068 166.834 4.3099 -4.699 83.7225 1.49558 -13 1 1 0 1 0.448101 0.328494 0 0 0 0 
-8.33659 -11.4346 167.332 4.26087 -4.63194 83.7287 1.49826 -13 1 1 0 1 0.449193 0.327492 0 0 0 0 
-8.31137 -11.462 167.831 4.212 -4.56471 83.7349 1.50094 -13 1 1 0 1 0.450268 0.326501 0 0 0 0 
-8.28643 -11.489 168.329 4.16326 -4.49732 83.741 1.50362 -13 1 1 0 1 0.451328 0.325521 0 0 0 0 
-8.26178 -11.5155 168.828 4.11467 -4.42977 83.747 1.5063 -13 1 1 0 1 0.452373 0.324553 0 0 0 0 
-8.23742 -11.5417 169.327 4.06621 -4.36206 83.7529 1.50899 -13 1 1 0 1 0.453401 0.323596 0 0 0 0 
-8.21335 -11.5675 169.826 4.0179 -4.29419 83.7587 1.51167 -13 1 1 0 1 0.454413 0.32265 0 0 0 0 
-8.18957 -11.5929 170.324 3.96972 -4.22616 83.7645 1.51435 -13 1 1 0 1 0.45541 0.321716 0 0 0 0 
-8.16608 -11.6178 170.823 3.92168 -4.15799 83.7702 1.51703 -13 1 1 0 1 0.456391 0.320793 0 0 0 0 
-8.14287 -11.6424 171.322 3.87377 -4.08966 83.7758 1.51971 -13 1 1 0 1 0.457355 0.319881 0 0 0 0 
-8.11994 -11.6665 171.821 3.826 -4.02118 83.7813 1.52239 -13 1 1 0 1 0.458304 0.318981 0 0 0 0 
-8.0973 -11.6903 172.32 3.77835 -3.95256 83.7867 1.52507 -13 1 1 0 1 0.459237 0.318091 0 0 0 0 
-8.07494 -11.7136 172.819 3.73084 -3.8838 83.792 1.52775 -13 1 1 0 1 0.460153 0.317213 0 0 0 0 
-8.05287 -11.7365 173.318 3.68345 -3.8149 83.7973 1.53043 -13 1 1 0 1 0.461054 0.316346 0 0 0 0 
-8.03107 -11.759 173.817 3.63619 -3.74586 83.8025 1.53311 -13 1 1 0 1 0.461938 0.31549 0 0 0 0 
-8.00956 -11.7811 174.316 3.58905 -3.67668 83.8076 1.53579 -13 1 1 0 1 0.462806 0.314645 0 0 0 0 
-7.98833 -11.8028 174.815 3.54204 -3.60737 83.8126 1.53847 -13 1 1 0 1 0.463658 0.31381 0 0 0 0 
-7.96737 -11.8241 175.314 3.49514 -3.53793 83.8175 1.54115 -13 1 1 0 1 0.464494 0.312987 0 0 0 0 
-7.9467 -11.845 175.813 3.44837 -3.46837 83.8224 1.54383 -13 1 1 0 1 0.465313 0.312175 0 0 0 0 
-7.9263 -11.8654 176.312 3.40171 -3.39867 83.8271 1.54652 -13 1 1 0 1 0.466117 0.311374 0 0 0 0 
-7.90619 -11.8854 176.812 3.35518 -3.32886 83.8318 1.5492 -13 1 1 0 1 0.466903 0.310584 0 0 0 0 
-7.88635 -11.9051 177.311 3.30875 -3.25892 83.8364 1.55188 -13 1 1 0 1 0.467674 0.309804 0 0 0 0 
-7.86678 -11.9243 177.81 3.26244 -3.18887 83.8409 1.55456 -13 1 1 0 1 0.468428 0.309036 0 0 0 0 
-7.84749 -11.943 178.309 3.21624 -3.1187 83.8453 1.55724 -13 1 1 0 1 0.469166 0.308278 0 0 0 0 
-7.82848 -11.9614 178.809 3.17015 -3.04842 83.8497 1.55992 -13 1 1 0 1 0.469887 0.307531 0 0 0 0 
-7.80973 -11.9793 179.308 3.12417 -2.97802 83.8539 1.5626 -13 1 1 0 1 0.470592 0.306795 0 0 0 0 
-7.79127 -11.9969 179.807 3.0783 -2.90752 83.8581 1.56528 -13 1 1 0 1 0.471281 0.306069 0 0 0 0 
-7.77307 -12.014 180.307 3.03253 -2.83692 83.8622 1.56796 -13 1 1 0 1 0.471952 0.305354 0 0 0 0 
-7.75515 -12.0307 180.806 2.98687 -2.76621 83.8662 1.57064 -13 1 1 0 1 0.472608 0.30465 0 0 0 0 
-7.7375 -12.0469 181.306 2.94131 -2.6954 83.8701 1.57332 -13 1 1 0 1 0.473247 0.303957 0 0 0 0 
-7.72012 -12.0628 181.805 2.89585 -2.6245 83.8739 1.576 -13 1 1 0 1 0.473869 0.303274 0 0 0 0 
-7.70301 -12.0782 182.304 2.85048 -2.55349 83.8777 1.57868 -13 1 1 0 1 0.474475 0.302602 0 0 0 0 
-7.68617 -12.0932 182.804 2.80522 -2.4824 83.8813 1.58136 -13 1 1 0 1 0.475064 0.301941 0 0 0 0 
-7.6696 -12.1077 183.303 2.76005 -2.41122 83.8849 1.58405 -13 1 1 0 1 0.475636 0.30129 0 0 0 0 
-7.6533 -12.1219 183.803 2.71498 -2.33994 83.8884 1.58673 -13 1 1 0 1 0.476192 0.300649 0 0 0 0 
-7.63727 -12.1356 184.303 2.67 -2.26859 83.8918 1.58941 -13 1 1 0 1 0.476731 0.30002 0 0 0 0 
-7.6215 -12.1489 184.802 2.62512 -2.19715 83.8951 1.59209 -13 1 1 0 1 0.477253 0.2994 0 0 0 0 
-7.606 -12.1618 185.302 2.58032 -2.12563 83.8984 1.59477 -13 1 1 0 1 0.477759 0.298791 0 0 0 0 
-7.59077 -12.1742 185.801 2.53561 -2.05404 83.9015 1.59745 -13 1 1 0 1 0.478247 0.298193 0 0 0 0 
-7.5758 -12.1862 186.301 2.49099 -1.98237 83.9046 1.60013 -13 1 1 0 1 0.47872 0.297605 0 0 0 0 
-7.5611 -12.1978 186.801 2.44646 -1.91062 83.9075 1.60281 -13 1 1 0 1 0.479175 0.297028 0 0 0 0 
-7.54667 -12.209 187.3 2.402 -1.83881 83.9104 1.60549 -13 1 1 0 1 0.479613 0.29646 0 0 0 0 
-7.53249 -12.2197 187.8 2.35764 -1.76693 83.9132 1.60817 -13 1 1 0 1 0.480035 0.295904 0 0 0 0 
-7.51859 -12.23 188.3 2.31335 -1.69499 83.9159 1.61085 -13 1 1 0 1 0.48044 0.295357 0 0 0 0 
-7.50494 -12.2399 188.799 2.26914 -1.62299 83.9186 1.61353 -13 1 1 0 1 0.480828 0.294821 0 0 0 0 
-7.49156 -12.2494 189.299 2.22501 -1.55092 83.9211 1.61621 -13 1 1 0 1 0.481199 0.294296 0 0 0 0 
-7.47844 -12.2584 189.799 2.18096 -1.4788 83.9236 1.6189 -13 1 1 0 1 0.481554 0.29378 0 0 0 0 
-7.46559 -12.267 190.299 2.13698 -1.40663 83.9259 1.62158 -13 1 1 0 1 0.481891 0.293275 0 0 0 0 
-7.45299 -12.2751 190.798 2.09308 -1.3344 83.9282 1.62426 -13 1 1 0 1 0.482212 0.292781 0 0 0 0 
-7.44066 -12.2829 191.298 2.04925 -1.26213 83.9304 1.62694 -13 1 1 0 1 0.482516 0.292296 0 0 0 0 
-7.42859 -12.2902 191.798 2.00549 -1.18981 83.9325 1.62962 -13 1 1 0 1 0.482802 0.291822 0 0 0 0 
-7.41677 -12.297 192.298 1.96179 -1.11744 83.9346 1.6323 -13 1 1 0 1 0.483072 0.291358 0 0 0 0 
-7.40522 -12.3035 192.798 1.91817 -1.04504 83.9365 1.63498 -13 1 1 0 1 0.483325 0.290904 0 0 0 0 
-7.39393 -12.3095 193.297 1.87461 -0.972597 83.9384 1.63766 -13 1 1 0 1 0.483561 0.29046 0 0 0 0 
-7.3829 -12.3151 193.797 1.83112 -0.900119 83.9401 1.64034 -13 1 1 0 1 0.48378 0.290027 0 0 0 0 
-7.37212 -12.3202 194.297 1.78769 -0.827607 83.9418 1.64302 -13 1 1 0 1 0.483982 0.289604 0 0 0 0 
-7.3616 -12.3249 194.797 1.74432 -0.755065 83.9434 1.6457 -13 1 1 0 1 0.484167 0.289191 0 0 0 0 
-7.35135 -12.3292 195.297 1.70101 -0.682496 83.9449 1.64838 -13 1 1 0 1 0.484336 0.288788 0 0 0 0 
-7.34135 -12.333 195.797 1.65777 -0.609901 83.9464 1.65106 -13 1 1 0 1 0.484487 0.288395 0 0 0 0 
-7.3316 -12.3365 196.297 1.61457 -0.537283 83.9477 1.65374 -13 1 1 0 1 0.484621 0.288012 0 0 0 0 
-7.32212 -12.3394 196.797 1.57144 -0.464646 83.9489 1.65643 -13 1 1 0 1 0.484738 0.287639 0 0 0 0 
-7.31289 -12.342 197.296 1.52836 -0.391991 83.9501 1.65911 -13 1 1 0 1 0.484838 0.287277 0 0 0 0 
-7.30391 -12.3441 197.796 1.48533 -0.319321 83.9512 1.66179 -13 1 1 0 1 0.484922 0.286924 0 0 0 0 
-7.2952 -12.3458 198.296 1.44235 -0.24664 83.9522 1.66447 -13 1 1 0 1 0.484988 0.286582 0 0 0 0 
-7.28674 -12.3471 198.796 1.39943 -0.173949 83.9531 1.66715 -13 1 1 0 1 0.485037 0.286249 0 0 0 0 
-7.27853 -12.3479 199.296 1.35655 -0.101251 83.9539 1.66983 -13 1 1 0 1 0.485069 0.285927 0 0 0 0 
-7.27058 -12.3483 199.796 1.31372 -0.0285485 83.9547 1.67251 -13 1 1 0 1 0.485084 0.285615 0 0 0 0 
-7.26288 -12.3482 200.296 1.27093 0.0441553 83.9553 1.67519 -13 1 1 0 1 0.485082 0.285312 0 0 0 0 
-7.25544 -12.3477 200.796 1.22819 0.116858 83.9559 1.67787 -13 1 1 0 1 0.485064 0.28502 0 0 0 0 
-7.24826 -12.3468 201.296 1.1855 0.189557 83.9564 1.68055 -13 1 1 0 1 0.485028 0.284738 0 0 0 0 
-7.24132 -12.3455 201.796 1.14284 0.26225 83.9567 1.68323 -13 1 1 0 1 0.484975 0.284465 0 0 0 0 
-7.23465 -12.3437 202.296 1.10022 0.334934 83.9571 1.68591 -13 1 1 0 1 0.484905 0.284203 0 0 0 0 
-7.22822 -12.3415 202.796 1.05765 0.407606 83.9573 1.68859 -13 1 1 0 1 0.484818 0.283951 0 0 0 0 
-7.22205 -12.3388 203.296 1.0151 0.480265 83.9574 1.69127 -13 1 1 0 1 0.484714 0.283708 0 0 0 0 
-7.21613 -12.3358 203.796 0.972599 0.552906 83.9575 1.69396 -13 1 1 0 1 0.484594 0.283476 0 0 0 0 
-7.21047 -12.3323 204.296 0.930128 0.625528 83.9575 1.69664 -13 1 1 0 1 0.484456 0.283253 0 0 0 0 
-7.20505 -12.3283 204.796 0.887689 0.698129 83.9573 1.69932 -13 1 1 0 1 0.484301 0.283041 0 0 0 0 
-7.19989 -12.3239 205.296 0.845281 0.770704 83.9571 1.702 -13 1 1 0 1 0.484129 0.282838 0 0 0 0 
-7.19499 -12.3191 205.796 0.802904 0.843252 83.9569 1.70468 -13 1 1 0 1 0.48394 0.282645 0 0 0 0 
-7.19033 -12.3139 206.295 0.760554 0.915771 83.9565 1.70736 -13 1 1 0 1 0.483735 0.282462 0 0 0 0 
-7.18593 -12.3082 206.795 0.718232 0.988257 83.956 1.71004 -13 1 1 0 1 0.483512 0.282289 0 0 0 0 
-7.18178 -12.3021 207.295 0.675935 1.06071 83.9555 1.71272 -13 1 1 0 1 0.483272 0.282126 0 0 0 0 
-7.17788 -12.2956 207.795 0.633661 1.13312 83.9549 1.7154 -13 1 1 0 1 0.483016 0.281973 0 0 0 0 
-7.17423 -12.2886 208.295 0.591411 1.20549 83.9542 1.71808 -13 1 1 0 1 0.482742 0.28183 0 0 0 0 
-7.17083 -12.2812 208.795 0.549181 1.27782 83.9534 1.72076 -13 1 1 0 1 0.482452 0.281696 0 0 0 0 
-7.16769 -12.2734 209.295 0.506971 1.35011 83.9525 1.72344 -13 1 1 0 1 0.482144 0.281573 0 0 0 0 
-7.1648 -12.2652 209.795 0.46478 1.42235 83.9516 1.72612 -13 1 1 0 1 0.48182 0.281459 0 0 0 0 
-7.16215 -12.2565 210.295 0.422605 1.49453 83.9506 1.7288 -13 1 1 0 1 0.481479 0.281355 0 0 0 0 
-7.15976 -12.2474 210.795 0.380446 1.56666 83.9495 1.73149 -13 1 1 0 1 0.481121 0.281261 0 0 0 0 
-7.15762 -12.2378 211.295 0.3383 1.63874 83.9483 1.73417 -13 1 1 0 1 0.480746 0.281177 0 0 0 0 
-7.15573 -12.2278 211.795 0.296167 1.71076 83.947 1.73685 -13 1 1 0 1 0.480354 0.281103 0 0 0 0 
-7.1541 -12.2174 212.295 0.254045 1.78271 83.9456 1.73953 -13 1 1 0 1 0.479945 0.281039 0 0 0 0 
-7.15271 -12.2066 212.794 0.211932 1.85461 83.9442 1.74221 -13 1 1 0 1 0.47952 0.280984 0 0 0 0 
-7.15157 -12.1954 213.294 0.169828 1.92644 83.9427 1.74489 -13 1 1 0 1 0.479078 0.28094 0 0 0 0 
-7.15069 -12.1837 213.794 0.127731 1.99819 83.9411 1.74757 -13 1 1 0 1 0.478619 0.280905 0 0 0 0 
-7.15005 -12.1716 214.294 0.0856385 2.06988 83.9394 1.75025 -13 1 1 0 1 0.478143 0.28088 0 0 0 0 
-7.14967 -12.159 214.794 0.0435502 2.14149 83.9376 1.75293 -13 1 1 0 1 0.47765 0.280865 0 0 0 0 
-7.14953 -12.1461 215.294 0.0014643 2.21303 83.9358 1.75561 -13 1 1 0 1 0.477141 0.28086 0 0 0 0 
-7.14965 -12.1327 215.794 -0.0406206 2.28448 83.9338 1.75829 -13 1 1 0 1 0.476615 0.280864 0 0 0 0 
-7.15002 -12.1188 216.293 -0.0827059 2.35586 83.9318 1.76097 -13 1 1 0 1 0.476072 0.280879 0 0 0 0 
-7.15063 -12.1046 216.793 -0.124793 2.42715 83.9298 1.76365 -13 1 1 0 1 0.475513 0.280903 0 0 0 0 
-7.1515 -12.0899 217.293 -0.166884 2.49835 83.9276 1.76633 -13 1 1 0 1 0.474937 0.280937 0 0 0 0 
-7.15262 -12.0748 217.793 -0.208979 2.56947 83.9254 1.76902 -13 1 1 0 1 0.474344 0.280981 0 0 0 0 
-7.15399 -12.0593 218.292 -0.25108 2.64049 83.923 1.7717 -13 1 1 0 1 0.473735 0.281035 0 0 0 0 
-7.15561 -12.0434 218.792 -0.293189 2.71142 83.9206 1.77438 -13 1 1 0 1 0.473109 0.281098 0 0 0 0 
-7.15748 -12.027 219.292 -0.335308 2.78225 83.9182 1.77706 -13 1 1 0 1 0.472466 0.281172 0 0 0 0 
-7.1596 -12.0103 219.792 -0.377436 2.85298 83.9156 1.77974 -13 1 1 0 1 0.471807 0.281255 0 0 0 0 
-7.16198 -11.9931 220.291 -0.419577 2.92361 83.913 1.78242 -13 1 1 0 1 0.471131 0.281348 0 0 0 0 
-7.1646 -11.9754 220.791 -0.461731 2.99413 83.9103 1.7851 -13 1 1 0 1 0.470439 0.281452 0 0 0 0 
-7.16748 -11.9574 221.291 -0.503899 3.06455 83.9075 1.78778 -13 1 1 0 1 0.46973 0.281565 0 0 0 0 
-7.1706 -11.9389 221.79 -0.546084 3.13486 83.9046 1.79046 -13 1 1 0 1 0.469005 0.281687 0 0 0 0 
-7.17398 -11.9201 222.29 -0.588287 3.20505 83.9017 1.79314 -13 1 1 0 1 0.468264 0.28182 0 0 0 0 
-7.17761 -11.9008 222.79 -0.630509 3.27513 83.8987 1.79582 -13 1 1 0 1 0.467506 0.281963 0 0 0 0 
-7.18149 -11.8811 223.289 -0.672751 3.3451 83.8956 1.7985 -13 1 1 0 1 0.466731 0.282115 0 0 0 0 
-7.18562 -11.8609 223.789 -0.715015 3.41494 83.8924 1.80118 -13 1 1 0 1 0.465941 0.282277 0 0 0 0 
-7.19001 -11.8404 224.288 -0.757303 3.48466 83.8892 1.80386 -13 1 1 0 1 0.465134 0.28245 0 0 0 0 
-7.19464 -11.8194 224.788 -0.799616 3.55426 83.8859 1.80655 -13 1 1 0 1 0.46431 0.282632 0 0 0 0 
-7.19953 -11.7981 225.287 -0.841954 3.62373 83.8825 1.80923 -13 1 1 0 1 0.463471 0.282824 0 0 0 0 
-7.20467 -11.7763 225.787 -0.884321 3.69307 83.879 1.81191 -13 1 1 0 1 0.462615 0.283026 0 0 0 0 
-7.21006 -11.7541 226.286 -0.926717 3.76227 83.8755 1.81459 -13 1 1 0 1 0.461743 0.283237 0 0 0 0 
-7.21571 -11.7315 226.786 -0.969144 3.83134 83.8719 1.81727 -13 1 1 0 1 0.460855 0.283459 0 0 0 0 
-7.2216 -11.7085 227.285 -1.0116 3.90028 83.8682 1.81995 -13 1 1 0 1 0.459951 0.283691 0 0 0 0 
-7.22775 -11.685 227.785 -1.05409 3.96907 83.8644 1.82263 -13 1 1 0 1 0.45903 0.283932 0 0 0 0 
-7.23416 -11.6612 228.284 -1.09662 4.03773 83.8606 1.82531 -13 1 1 0 1 0.458094 0.284184 0 0 0 0 
-7.24081 -11.6369 228.783 -1.13919 4.10624 83.8567 1.82799 -13 1 1 0 1 0.457141 0.284445 0 0 0 0 
-7.24772 -11.6123 229.283 -1.18179 4.1746 83.8528 1.83067 -13 1 1 0 1 0.456172 0.284717 0 0 0 0 
-7.25489 -11.5872 229.782 -1.22443 4.24281 83.8487 1.83335 -13 1 1 0 1 0.455188 0.284998 0 0 0 0 
-7.26231 -11.5617 230.281 -1.26711 4.31087 83.8446 1.83603 -13 1 1 0 1 0.454187 0.28529 0 0 0 0 
-7.26998 -11.5359 230.781 -1.30983 4.37878 83.8404 1.83871 -13 1 1 0 1 0.453171 0.285591 0 0 0 0 
-7.27791 -11.5096 231.28 -1.3526 4.44652 83.8362 1.84139 -13 1 1 0 1 0.452139 0.285903 0 0 0 0 
-7.28609 -11.4829 231.779 -1.39541 4.51411 83.8319 1.84408 -13 1 1 0 1 0.451091 0.286224 0 0 0 0 
-7.29453 -11.4558 232.278 -1.43827 4.58154 83.8275 1.84676 -13 1 1 0 1 0.450027 0.286555 0 0 0 0 
-7.30322 -11.4284 232.777 -1.48118 4.64881 83.8231 1.84944 -13 1 1 0 1 0.448947 0.286897 0 0 0 0 
-7.31217 -11.4005 233.277 -1.52414 4.71591 83.8185 1.85212 -13 1 1 0 1 0.447852 0.287248 0 0 0 0 
-7.32137 -11.3722 233.776 -1.56715 4.78284 83.814 1.8548 -13 1 1 0 1 0.446741 0.28761 0 0 0 0 
-7.33083 -11.3435 234.275 -1.61021 4.84959 83.8093 1.85748 -13 1 1 0 1 0.445614 0.287982 0 0 0 0 
-7.34055 -11.3144 234.774 -1.65332 4.91618 83.8046 1.86016 -13 1 1 0 1 0.444472 0.288363 0 0 0 0 
-7.34551 -11.2997 235.023 -1.67319 4.94678 83.8024 1.8615 -13 1 1 0 1 0.443895 0.288558 0 0 0 0 
-7.35549 -11.2703 235.522 -1.67655 4.95195 83.802 1.86418 -13 1 1 0 1 0 0 0 0 0 0 
-7.36548 -11.2408 236.021 -1.67655 4.95195 83.802 1.86686 -13 1 1 0 1 0 0 0 0 0 0 
-7.37546 -11.2113 236.52 -1.67655 4.95195 83.802 1.86954 -13 1 1 0 1 0 0 0 0 0 0 
-7.38544 -11.1818 237.019 -1.67655 4.95195 83.802 1.87222 -13 1 1 0 1 0 0 0 0 0 0 
-7.39543 -11.1523 237.518 -1.67655 4.95195 83.802 1.8749 -13 1 1 0 1 0 0 0 0 0 0 
-7.40541 -11.1228 238.017 -1.67655 4.95195 83.802 1.87758 -13 1 1 0 1 0 0 0 0 0 0 
-7.41539 -11.0933 238.516 -1.67655 4.95195 83.802 1.88026 -13 1 1 0 1 0 0 0 0 0 0 
-7.42538 -11.0638 239.015 -1.67655 4.95195 83.802 1.88294 -13 1 1 0 1 0 0 0 0 0 0 
-7.43536 -11.0344 239.514 -1.67655 4.95195 83.802 1.88562 -13 1 1 0 1 0 0 0 0 0 0 
-7.44534 -11.0049 240.013 -1.67655 4.95195 83.802 1.88831 -13 1 1 0 1 0 0 0 0 0 0 
-7.45533 -10.9754 240.512 -1.67655 4.95195 83.802 1.89099 -13 1 1 0 1 0 0 0 0 0 0 
-7.46531 -10.9459 241.011 -1.67655 4.95195 83.802 1.89367 -13 1 1 0 1 0 0 0 0 0 0 
-7.4753 -10.9164 241.51 -1.67655 4.95195 83.802 1.89635 -13 1 1 0 1 0 0 0 0 0 0 
-7.48528 -10.8869 242.009 -1.67655 4.95195 83.802 1.89903 -13 1 1 0 1 0 0 0 0 0 0 
-7.49526 -10.8574 242.508 -1.67655 4.95195 83.802 1.90171 -13 1 1 0 1 0 0 0 0 0 0 
-7.50525 -10.8279 243.008 -1.67655 4.95195 83.802 1.90439 -13 1 1 0 1 0 0 0 0 0 0 
-7.51523 -10.7984 243.507 -1.67655 4.95195 83.802 1.90707 -13 1 1 0 1 0 0 0 0 0 0 
-7.52521 -10.769 244.006 -1.67655 4.95195 83.802 1.90975 -13 1 1 0 1 0 0 0 0 0 0 
-7.5352 -10.7395 244.505 -1.67655 4.95195 83.802 1.91243 -13 1 1 0 1 0 0 0 0 0 0 
-7.54518 -10.71 245.004 -1.67655 4.95195 83.802 1.91511 -13 1 1 0 1 0 0 0 0 0 0 
-7.55516 -10.6805 245.503 -1.67655 4.95195 83.802 1.91779 -13 1 1 0 1 0 0 0 0 0 0 
-7.56515 -10.651 246.002 -1.67655 4.95195 83.802 1.92047 -13 1 1 0 1 0 0 0 0 0 0 
-7.57513 -10.6215 246.501 -1.67655 4.95195 83.802 1.92316 -13 1 1 0 1 0 0 0 0 0 0 
-7.58512 -10.592 247 -1.67655 4.95195 83.802 1.92584 -13 1 1 0 1 0 0 0 0 0 0 
-7.5951 -10.5625 247.499 -1.67655 4.95195 83.802 1.92852 -13 1 1 0 1 0 0 0 0 0 0 
-7.60508 -10.5331 247.998 -1.67655 4.95195 83.802 1.9312 -13 1 1 0 1 0 0 0 0 0 0 
-7.61507 -10.5036 248.497 -1.67655 4.95195 83.802 1.93388 -13 1 1 0 1 0 0 0 0 0 0 
-7.62505 -10.4741 248.996 -1.67655 4.95195 83.802 1.93656 -13 1 1 0 1 0 0 0 0 0 0 
-7.63503 -10.4446 249.495 -1.67655 4.95195 83.802 1.93924 -13 1 1 0 1 0 0 0 0 0 0 
-7.64502 -10.4151 249.994 -1.67655 4.95195 83.802 1.94192 -13 1 1 0 1 0 0 0 0 0 0 
-7.655 -10.3856 250.493 -1.67655 4.95195 83.802 1.9446 -13 1 1 0 1 0 0 0 0 0 0 
-7.66498 -10.3561 250.992 -1.67655 4.95195 83.802 1.94728 -13 1 1 0 1 0 0 0 0 0 0 
-7.67497 -10.3266 251.491 -1.67655 4.95195 83.802 1.94996 -13 1 1 0 1 0 0 0 0 0 0 
-7.68495 -10.2971 251.99 -1.67655 4.95195 83.802 1.95264 -13 1 1 0 1 0 0 0 0 0 0 
-7.69494 -10.2677 252.489 -1.67655 4.95195 83.802 1.95532 -13 1 1 0 1 0 0 0 0 0 0 
-7.70492 -10.2382 252.988 -1.67655 4.95195 83.802 1.958 -13 1 1 0 1 0 0 0 0 0 0 
-7.7149 -10.2087 253.487 -1.67655 4.95195 83.802 1.96069 -13 1 1 0 1 0 0 0 0 0 0 
-7.72489 -10.1792 253.986 -1.67655 4.95195 83.802 1.96337 -13 1 1 0 1 0 0 0 0 0 0 
-7.73487 -10.1497 254.485 -1.67655 4.95195 83.802 1.96605 -13 1 1 0 1 0 0 0 0 0 0 
-7.74485 -10.1202 254.984 -1.67655 4.95195 83.802 1.96873 -13 1 1 0 1 0 0 0 0 0 0 
-7.75484 -10.0907 255.483 -1.67655 4.95195 83.802 1.97141 -13 1 1 0 1 0 0 0 0 0 0 
-7.76482 -10.0612 255.982 -1.67655 4.95195 83.802 1.97409 -13 1 1 0 1 0 0 0 0 0 0 
-7.7748 -10.0318 256.481 -1.67655 4.95195 83.802 1.97677 -13 1 1 0 1 0 0 0 0 0 0 
-7.78479 -10.0023 256.98 -1.67655 4.95195 83.802 1.97945 -13 1 1 0 1 0 0 0 0 0 0 
-7.79477 -9.97278 257.479 -1.67655 4.95195 83.802 1.98213 -13 1 1 0 1 0 0 0 0 0 0 
-7.80476 -9.94329 257.978 -1.67655 4.95195 83.802 1.98481 -13 1 1 0 1 0 0 0 0 0 0 
-7.80999 -9.92781 258.24 -1.67655 4.95195 83.802 1.98622 -13 1 1 0 1 0 0 0 0 0 0 
-7.81993 -9.89839 258.739 -1.65869 4.92929 83.8037 1.9889 -13 1 1 0 1 -0.163957 -0.12953 0 0 0 0 
-7.82975 -9.86911 259.238 -1.6393 4.9048 83.8055 1.99158 -13 1 1 0 1 -0.163472 -0.129692 0 0 0 0 
-7.83945 -9.83997 259.738 -1.61988 4.88038 83.8073 1.99426 -13 1 1 0 1 -0.16299 -0.129853 0 0 0 0 
-7.84904 -9.81098 260.237 -1.60044 4.85603 83.8091 1.99694 -13 1 1 0 1 -0.16251 -0.130012 0 0 0 0 
-7.85851 -9.78214 260.736 -1.58098 4.83175 83.8109 1.99962 -13 1 1 0 1 -0.162032 -0.130169 0 0 0 0 
-7.86787 -9.75344 261.235 -1.56149 4.80754 83.8126 2.0023 -13 1 1 0 1 -0.161556 -0.130324 0 0 0 0 
-7.87711 -9.72488 261.734 -1.54198 4.7834 83.8144 2.00498 -13 1 1 0 1 -0.161083 -0.130477 0 0 0 0 
-7.88623 -9.69647 262.233 -1.52245 4.75934 83.8161 2.00766 -13 1 1 0 1 -0.160613 -0.130628 0 0 0 0 
-7.89524 -9.6682 262.732 -1.50289 4.73534 83.8178 2.01035 -13 1 1 0 1 -0.160145 -0.130777 0 0 0 0 
-7.90413 -9.64007 263.231 -1.48331 4.71141 83.8195 2.01303 -13 1 1 0 1 -0.159679 -0.130924 0 0 0 0 
-7.91291 -9.61209 263.73 -1.46371 4.68755 83.8212 2.01571 -13 1 1 0 1 -0.159215 -0.13107 0 0 0 0 
-7.92156 -9.58424 264.23 -1.44408 4.66376 83.8229 2.01839 -13 1 1 0 1 -0.158754 -0.131213 0 0 0 0 
-7.9301 -9.55654 264.729 -1.42444 4.64004 83.8245 2.02107 -13 1 1 0 1 -0.158295 -0.131355 0 0 0 0 
-7.93853 -9.52898 265.228 -1.40477 4.61638 83.8262 2.02375 -13 1 1 0 1 -0.157839 -0.131494 0 0 0 0 
-7.94683 -9.50156 265.727 -1.38508 4.5928 83.8278 2.02643 -13 1 1 0 1 -0.157384 -0.131632 0 0 0 0 
-7.95502 -9.47428 266.226 -1.36537 4.56928 83.8294 2.02911 -13 1 1 0 1 -0.156932 -0.131767 0 0 0 0 
-7.9631 -9.44714 266.725 -1.34564 4.54583 83.831 2.03179 -13 1 1 0 1 -0.156483 -0.131901 0 0 0 0 
-7.97105 -9.42014 267.225 -1.32589 4.52244 83.8326 2.03447 -13 1 1 0 1 -0.156036 -0.132033 0 0 0 0 
-7.97889 -9.39328 267.724 -1.30612 4.49912 83.8341 2.03715 -13 1 1 0 1 -0.155591 -0.132163 0 0 0 0 
-7.98661 -9.36656 268.223 -1.28633 4.47587 83.8357 2.03983 -13 1 1 0 1 -0.155148 -0.132291 0 0 0 0 
-7.99421 -9.33998 268.722 -1.26652 4.45268 83.8372 2.04251 -13 1 1 0 1 -0.154708 -0.132416 0 0 0 0 
-8.00169 -9.31353 269.222 -1.24669 4.42956 83.8387 2.0452 -13 1 1 0 1 -0.15427 -0.13254 0 0 0 0 
-8.00905 -9.28722 269.721 -1.22685 4.4065 83.8403 2.04788 -13 1 1 0 1 -0.153834 -0.132662 0 0 0 0 
-8.0163 -9.26105 270.22 -1.20698 4.38351 83.8417 2.05056 -13 1 1 0 1 -0.1534 -0.132782 0 0 0 0 
-8.02343 -9.23502 270.719 -1.1871 4.36058 83.8432 2.05324 -13 1 1 0 1 -0.152969 -0.1329 0 0 0 0 
-8.03044 -9.20912 271.219 -1.1672 4.33772 83.8447 2.05592 -13 1 1 0 1 -0.15254 -0.133017 0 0 0 0 
-8.03733 -9.18335 271.718 -1.14728 4.31492 83.8461 2.0586 -13 1 1 0 1 -0.152114 -0.133131 0 0 0 0 
-8.0441 -9.15773 272.217 -1.12734 4.29218 83.8476 2.06128 -13 1 1 0 1 -0.151689 -0.133243 0 0 0 0 
-8.05076 -9.13224 272.716 -1.10739 4.2695 83.849 2.06396 -13 1 1 0 1 -0.151267 -0.133353 0 0 0 0 
-8.05729 -9.10688 273.216 -1.08742 4.24689 83.8504 2.06664 -13 1 1 0 1 -0.150847 -0.133461 0 0 0 0 
-8.06371 -9.08166 273.715 -1.06743 4.22434 83.8518 2.06932 -13 1 1 0 1 -0.150429 -0.133568 0 0 0 0 
-8.07 -9.05657 274.214 -1.04743 4.20185 83.8532 2.072 -13 1 1 0 1 -0.150013 -0.133672 0 0 0 0 
-8.07618 -9.03161 274.714 -1.02741 4.17943 83.8546 2.07468 -13 1 1 0 1 -0.1496 -0.133774 0 0 0 0 
-8.08224 -9.00679 275.213 -1.00738 4.15706 83.8559 2.07736 -13 1 1 0 1 -0.149189 -0.133875 0 0 0 0 
-8.08818 -8.9821 275.713 -0.987331 4.13476 83.8573 2.08004 -13 1 1 0 1 -0.14878 -0.133973 0 0 0 0 
-8.094 -8.95755 276.212 -0.967267 4.11252 83.8586 2.08273 -13 1 1 0 1 -0.148373 -0.134069 0 0 0 0 
-8.0997 -8.93312 276.711 -0.947189 4.09034 83.8599 2.08541 -13 1 1 0 1 -0.147969 -0.134164 0 0 0 0 
-8.10528 -8.90883 277.211 -0.927096 4.06821 83.8612 2.08809 -13 1 1 0 1 -0.147566 -0.134256 0 0 0 0 
-8.11074 -8.88467 277.71 -0.90699 4.04615 83.8625 2.09077 -13 1 1 0 1 -0.147166 -0.134347 0 0 0 0 
-8.11608 -8.86064 278.209 -0.886869 4.02415 83.8638 2.09345 -13 1 1 0 1 -0.146768 -0.134435 0 0 0 0 
-8.1213 -8.83675 278.709 -0.866736 4.0022 83.865 2.09613 -13 1 1 0 1 -0.146372 -0.134522 0 0 0 0 
-8.1264 -8.81298 279.208 -0.846589 3.98032 83.8663 2.09881 -13 1 1 0 1 -0.145979 -0.134606 0 0 0 0 
-8.13139 -8.78934 279.708 -0.826429 3.95849 83.8675 2.10149 -13 1 1 0 1 -0.145587 -0.134689 0 0 0 0 
-8.13625 -8.76583 280.207 -0.806257 3.93672 83.8687 2.10417 -13 1 1 0 1 -0.145198 -0.134769 0 0 0 0 
-8.14099 -8.74246 280.706 -0.786073 3.91501 83.8699 2.10685 -13 1 1 0 1 -0.14481 -0.134848 0 0 0 0 
-8.14561 -8.71921 281.206 -0.765877 3.89336 83.8711 2.10953 -13 1 1 0 1 -0.144425 -0.134924 0 0 0 0 
-8.15011 -8.69609 281.705 -0.745669 3.87176 83.8723 2.11221 -13 1 1 0 1 -0.144042 -0.134999 0 0 0 0 
-8.15449 -8.67309 282.205 -0.72545 3.85022 83.8735 2.11489 -13 1 1 0 1 -0.143662 -0.135071 0 0 0 0 
-8.15875 -8.65023 282.704 -0.70522 3.82874 83.8746 2.11757 -13 1 1 0 1 -0.143283 -0.135142 0 0 0 0 
-8.16289 -8.6275 283.204 -0.684979 3.80732 83.8758 2.12026 -13 1 1 0 1 -0.142906 -0.13521 0 0 0 0 
-8.16691 -8.60489 283.703 -0.664728 3.78595 83.8769 2.12294 -13 1 1 0 1 -0.142532 -0.135277 0 0 0 0 
-8.17081 -8.58241 284.203 -0.644467 3.76463 83.878 2.12562 -13 1 1 0 1 -0.142159 -0.135342 0 0 0 0 
-8.17458 -8.56005 284.702 -0.624196 3.74337 83.8791 2.1283 -13 1 1 0 1 -0.141789 -0.135404 0 0 0 0 
-8.17824 -8.53782 285.202 -0.603915 3.72217 83.8802 2.13098 -13 1 1 0 1 -0.141421 -0.135465 0 0 0 0 
-8.18178 -8.51572 285.701 -0.583625 3.70102 83.8813 2.13366 -13 1 1 0 1 -0.141055 -0.135523 0 0 0 0 
-8.18519 -8.49374 286.201 -0.563327 3.67992 83.8824 2.13634 -13 1 1 0 1 -0.140691 -0.13558 0 0 0 0 
-8.18848 -8.47189 286.7 -0.54302 3.65888 83.8834 2.13902 -13 1 1 0 1 -0.140329 -0.135634 0 0 0 0 
-8.19166 -8.45017 287.2 -0.522704 3.63789 83.8845 2.1417 -13 1 1 0 1 -0.139969 -0.135687 0 0 0 0 
-8.19471 -8.42857 287.699 -0.502381 3.61696 83.8855 2.14438 -13 1 1 0 1 -0.139611 -0.135738 0 0 0 0 
-8.19764 -8.40709 288.199 -0.48205 3.59608 83.8865 2.14706 -13 1 1 0 1 -0.139255 -0.135786 0 0 0 0 
-8.20045 -8.38574 288.698 -0.461711 3.57525 83.8875 2.14974 -13 1 1 0 1 -0.138902 -0.135833 0 0 0 0 
-8.20314 -8.36451 289.198 -0.441366 3.55447 83.8885 2.15242 -13 1 1 0 1 -0.13855 -0.135877 0 0 0 0 
-8.20571 -8.34341 289.697 -0.421013 3.53375 83.8895 2.1551 -13 1 1 0 1 -0.138201 -0.13592 0 0 0 0 
-8.20815 -8.32242 290.197 -0.400655 3.51308 83.8905 2.15779 -13 1 1 0 1 -0.137853 -0.13596 0 0 0 0 
-8.21048 -8.30157 290.696 -0.38029 3.49246 83.8914 2.16047 -13 1 1 0 1 -0.137508 -0.135999 0 0 0 0 
-8.21268 -8.28083 291.196 -0.359919 3.47189 83.8924 2.16315 -13 1 1 0 1 -0.137164 -0.136035 0 0 0 0 
-8.21477 -8.26022 291.696 -0.339543 3.45138 83.8933 2.16583 -13 1 1 0 1 -0.136823 -0.13607 0 0 0 0 
-8.21673 -8.23973 292.195 -0.319161 3.43091 83.8942 2.16851 -13 1 1 0 1 -0.136483 -0.136102 0 0 0 0 
-8.21857 -8.21936 292.695 -0.298775 3.41049 83.8951 2.17119 -13 1 1 0 1 -0.136146 -0.136133 0 0 0 0 
-8.22028 -8.19911 293.194 -0.278384 3.39013 83.896 2.17387 -13 1 1 0 1 -0.13581 -0.136161 0 0 0 0 
-8.22188 -8.17898 293.694 -0.257988 3.36981 83.8969 2.17655 -13 1 1 0 1 -0.135477 -0.136188 0 0 0 0 
-8.22336 -8.15897 294.194 -0.237589 3.34954 83.8978 2.17923 -13 1 1 0 1 -0.135146 -0.136212 0 0 0 0 
-8.22471 -8.13909 294.693 -0.217186 3.32933 83.8986 2.18191 -13 1 1 0 1 -0.134816 -0.136235 0 0 0 0 
-8.22594 -8.11932 295.193 -0.196779 3.30916 83.8995 2.18459 -13 1 1 0 1 -0.134489 -0.136255 0 0 0 0 
-8.22706 -8.09968 295.692 -0.17637 3.28904 83.9003 2.18727 -13 1 1 0 1 -0.134163 -0.136273 0 0 0 0 
-8.22804 -8.08015 296.192 -0.155957 3.26897 83.9011 2.18995 -13 1 1 0 1 -0.13384 -0.13629 0 0 0 0 
-8.22891 -8.06074 296.692 -0.135542 3.24895 83.9019 2.19263 -13 1 1 0 1 -0.133519 -0.136304 0 0 0 0 
-8.22966 -8.04146 297.191 -0.115125 3.22897 83.9027 2.19532 -13 1 1 0 1 -0.133199 -0.136316 0 0 0 0 
-8.23028 -8.02229 297.691 -0.0947058 3.20904 83.9035 2.198 -13 1 1 0 1 -0.132882 -0.136327 0 0 0 0 
-8.23079 -8.00324 298.191 -0.0742851 3.18916 83.9043 2.20068 -13 1 1 0 1 -0.132566 -0.136335 0 0 0 0 
-8.23117 -7.98431 298.69 -0.0538631 3.16933 83.9051 2.20336 -13 1 1 0 1 -0.132252 -0.136341 0 0 0 0 
-8.23143 -7.96549 299.19 -0.0334402 3.14954 83.9058 2.20604 -13 1 1 0 1 -0.131941 -0.136346 0 0 0 0 
-8.23157 -7.94679 299.689 -0.0130166 3.1298 83.9066 2.20872 -13 1 1 0 1 -0.131631 -0.136348 0 0 0 0 
-8.23158 -7.92822 300.189 0.00740741 3.11011 83.9073 2.2114 -13 1 1 0 1 -0.131323 -0.136348 0 0 0 0 
-8.23148 -7.90975 300.689 0.0278315 3.09046 83.908 2.21408 -13 1 1 0 1 -0.131018 -0.136347 0 0 0 0 
-8.23125 -7.89141 301.188 0.0482553 3.07086 83.9087 2.21676 -13 1 1 0 1 -0.130714 -0.136343 0 0 0 0 
-8.2309 -7.87318 301.688 0.0686786 3.0513 83.9094 2.21944 -13 1 1 0 1 -0.130412 -0.136337 0 0 0 0 
-8.23043 -7.85507 302.188 0.089101 3.03179 83.9101 2.22212 -13 1 1 0 1 -0.130112 -0.136329 0 0 0 0 
-8.22984 -7.83707 302.687 0.109522 3.01232 83.9108 2.2248 -13 1 1 0 1 -0.129814 -0.13632 0 0 0 0 
-8.22913 -7.81919 303.187 0.129942 2.99289 83.9115 2.22748 -13 1 1 0 1 -0.129517 -0.136308 0 0 0 0 
-8.22829 -7.80143 303.687 0.15036 2.97351 83.9121 2.23016 -13 1 1 0 1 -0.129223 -0.136294 0 0 0 0 
-8.22734 -7.78378 304.186 0.170776 2.95418 83.9128 2.23285 -13 1 1 0 1 -0.128931 -0.136278 0 0 0 0 
-8.22626 -7.76625 304.686 0.19119 2.93489 83.9134 2.23553 -13 1 1 0 1 -0.12864 -0.13626 0 0 0 0 
-8.22506 -7.74883 305.186 0.211601 2.91564 83.914 2.23821 -13 1 1 0 1 -0.128352 -0.13624 0 0 0 0 
-8.22374 -7.73152 305.686 0.232009 2.89643 83.9146 2.24089 -13 1 1 0 1 -0.128065 -0.136218 0 0 0 0 
-8.2223 -7.71433 306.185 0.252414 2.87727 83.9152 2.24357 -13 1 1 0 1 -0.127781 -0.136195 0 0 0 0 
-8.22073 -7.69725 306.685 0.272815 2.85815 83.9158 2.24625 -13 1 1 0 1 -0.127498 -0.136169 0 0 0 0 
-8.21905 -7.68029 307.185 0.293212 2.83907 83.9164 2.24893 -13 1 1 0 1 -0.127217 -0.136141 0 0 0 0 
-8.21724 -7.66344 307.684 0.313605 2.82003 83.917 2.25161 -13 1 1 0 1 -0.126938 -0.136111 0 0 0 0 
-8.21531 -7.6467 308.184 0.333993 2.80103 83.9175 2.25429 -13 1 1 0 1 -0.12666 -0.136079 0 0 0 0 
-8.21326 -7.63008 308.684 0.354377 2.78208 83.9181 2.25697 -13 1 1 0 1 -0.126385 -0.136045 0 0 0 0 
-8.21109 -7.61357 309.184 0.374756 2.76316 83.9186 2.25965 -13 1 1 0 1 -0.126112 -0.136009 0 0 0 0 
-8.2088 -7.59717 309.683 0.395129 2.74429 83.9191 2.26233 -13 1 1 0 1 -0.12584 -0.135971 0 0 0 0 
-8.20639 -7.58089 310.183 0.415497 2.72546 83.9197 2.26501 -13 1 1 0 1 -0.12557 -0.135931 0 0 0 0 
-8.20385 -7.56471 310.683 0.435858 2.70667 83.9202 2.26769 -13 1 1 0 1 -0.125302 -0.135889 0 0 0 0 
-8.2012 -7.54865 311.182 0.456213 2.68791 83.9207 2.27038 -13 1 1 0 1 -0.125036 -0.135845 0 0 0 0 
-8.19842 -7.5327 311.682 0.476562 2.6692 83.9211 2.27306 -13 1 1 0 1 -0.124772 -0.135799 0 0 0 0 
-8.19552 -7.51686 312.182 0.496903 2.65053 83.9216 2.27574 -13 1 1 0 1 -0.12451 -0.135751 0 0 0 0 
-8.1925 -7.50113 312.682 0.517238 2.63189 83.9221 2.27842 -13 1 1 0 1 -0.124249 -0.135701 0 0 0 0 
-8.18936 -7.48552 313.181 0.537565 2.6133 83.9225 2.2811 -13 1 1 0 1 -0.12399 -0.135649 0 0 0 0 
-8.1861 -7.47001 313.681 0.557884 2.59474 83.923 2.28378 -13 1 1 0 1 -0.123734 -0.135595 0 0 0 0 
-8.18272 -7.45461 314.181 0.578195 2.57622 83.9234 2.28646 -13 1 1 0 1 -0.123479 -0.135539 0 0 0 0 
-8.17921 -7.43933 314.681 0.598497 2.55774 83.9238 2.28914 -13 1 1 0 1 -0.123225 -0.135481 0 0 0 0 
-8.17559 -7.42415 315.18 0.618791 2.5393 83.9242 2.29182 -13 1 1 0 1 -0.122974 -0.135421 0 0 0 0 
-8.17184 -7.40908 315.68 0.639075 2.52089 83.9247 2.2945 -13 1 1 0 1 -0.122724 -0.135359 0 0 0 0 
-8.16798 -7.39413 316.18 0.659351 2.50252 83.925 2.29718 -13 1 1 0 1 -0.122477 -0.135295 0 0 0 0 
-8.16399 -7.37928 316.68 0.679616 2.48419 83.9254 2.29986 -13 1 1 0 1 -0.122231 -0.135229 0 0 0 0 
-8.15988 -7.36454 317.18 0.699872 2.4659 83.9258 2.30254 -13 1 1 0 1 -0.121987 -0.135161 0 0 0 0 
-8.15566 -7.34991 317.679 0.720118 2.44764 83.9262 2.30522 -13 1 1 0 1 -0.121744 -0.135091 0 0 0 0 
-8.15131 -7.33539 318.179 0.740353 2.42942 83.9265 2.30791 -13 1 1 0 1 -0.121504 -0.135019 0 0 0 0 
-8.14684 -7.32098 318.679 0.760577 2.41123 83.9269 2.31059 -13 1 1 0 1 -0.121265 -0.134945 0 0 0 0 
-8.14225 -7.30667 319.179 0.780789 2.39308 83.9272 2.31327 -13 1 1 0 1 -0.121028 -0.134869 0 0 0 0 
-8.13754 -7.29248 319.678 0.800991 2.37496 83.9275 2.31595 -13 1 1 0 1 -0.120793 -0.134791 0 0 0 0 
-8.13271 -7.27839 320.178 0.821181 2.35688 83.9278 2.31863 -13 1 1 0 1 -0.12056 -0.134711 0 0 0 0 
-8.12776 -7.26441 320.678 0.841358 2.33884 83.9281 2.32131 -13 1 1 0 1 -0.120328 -0.134629 0 0 0 0 
-8.12269 -7.25053 321.178 0.861523 2.32082 83.9284 2.32399 -13 1 1 0 1 -0.120098 -0.134545 0 0 0 0 
-8.1175 -7.23677 321.678 0.881676 2.30285 83.9287 2.32667 -13 1 1 0 1 -0.11987 -0.134459 0 0 0 0 
-8.11219 -7.22311 322.177 0.901816 2.2849 83.929 2.32935 -13 1 1 0 1 -0.119644 -0.134371 0 0 0 0 
-8.10676 -7.20955 322.677 0.921942 2.26699 83.9293 2.33203 -13 1 1 0 1 -0.119419 -0.134281 0 0 0 0 
-8.10121 -7.19611 323.177 0.942055 2.24912 83.9295 2.33471 -13 1 1 0 1 -0.119197 -0.134189 0 0 0 0 
-8.09554 -7.18277 323.677 0.962154 2.23127 83.9298 2.33739 -13 1 1 0 1 -0.118976 -0.134095 0 0 0 0 
-8.08975 -7.16953 324.176 0.982239 2.21346 83.93 2.34007 -13 1 1 0 1 -0.118757 -0.133999 0 0 0 0 
-8.08384 -7.15641 324.676 1.00231 2.19569 83.9302 2.34276 -13 1 1 0 1 -0.118539 -0.133901 0 0 0 0 
-8.07781 -7.14338 325.176 1.02236 2.17794 83.9305 2.34544 -13 1 1 0 1 -0.118323 -0.133801 0 0 0 0 
-8.07166 -7.13047 325.676 1.0424 2.16023 83.9307 2.34812 -13 1 1 0 1 -0.118109 -0.133699 0 0 0 0 
-8.0654 -7.11766 326.176 1.06243 2.14255 83.9309 2.3508 -13 1 1 0 1 -0.117897 -0.133596 0 0 0 0 
-8.05901 -7.10495 326.675 1.08244 2.1249 83.9311 2.35348 -13 1 1 0 1 -0.117687 -0.13349 0 0 0 0 
-8.05251 -7.09235 327.175 1.10243 2.10728 83.9312 2.35616 -13 1 1 0 1 -0.117478 -0.133382 0 0 0 0 
-8.04588 -7.07985 327.675 1.12241 2.08969 83.9314 2.35884 -13 1 1 0 1 -0.117271 -0.133272 0 0 0 0 
-8.03914 -7.06746 328.175 1.14237 2.07214 83.9316 2.36152 -13 1 1 0 1 -0.117066 -0.133161 0 0 0 0 
-8.03228 -7.05517 328.675 1.16231 2.05461 83.9317 2.3642 -13 1 1 0 1 -0.116862 -0.133047 0 0 0 0 
-8.0253 -7.04299 329.174 1.18224 2.03712 83.9319 2.36688 -13 1 1 0 1 -0.11666 -0.132931 0 0 0 0 
-8.0182 -7.03091 329.674 1.20215 2.01965 83.932 2.36956 -13 1 1 0 1 -0.11646 -0.132814 0 0 0 0 
-8.01098 -7.01894 330.174 1.22204 2.00222 83.9322 2.37224 -13 1 1 0 1 -0.116262 -0.132694 0 0 0 0 
-8.00364 -7.00707 330.674 1.24192 1.98481 83.9323 2.37492 -13 1 1 0 1 -0.116065 -0.132573 0 0 0 0 
-7.99619 -6.9953 331.174 1.26177 1.96743 83.9324 2.3776 -13 1 1 0 1 -0.11587 -0.132449 0 0 0 0 
-7.98862 -6.98363 331.673 1.28161 1.95009 83.9325 2.38029 -13 1 1 0 1 -0.115677 -0.132324 0 0 0 0 
-7.98092 -6.97207 332.173 1.30143 1.93277 83.9326 2.38297 -13 1 1 0 1 -0.115486 -0.132196 0 0 0 0 
-7.97312 -6.96062 332.673 1.32122 1.91548 83.9327 2.38565 -13 1 1 0 1 -0.115296 -0.132067 0 0 0 0 
-7.96519 -6.94926 333.173 1.341 1.89822 83.9328 2.38833 -13 1 1 0 1 -0.115108 -0.131936 0 0 0 0 
-7.95714 -6.93801 333.673 1.36076 1.88098 83.9328 2.39101 -13 1 1 0 1 -0.114922 -0.131803 0 0 0 0 
-7.94898 -6.92686 334.172 1.3805 1.86378 83.9329 2.39369 -13 1 1 0 1 -0.114737 -0.131667 0 0 0 0 
-7.9407 -6.91581 334.672 1.40022 1.8466 83.9329 2.39637 -13 1 1 0 1 -0.114554 -0.13153 0 0 0 0 
-7.93231 -6.90487 335.172 1.41992 1.82945 83.933 2.39905 -13 1 1 0 1 -0.114373 -0.131391 0 0 0 0 
-7.92379 -6.89402 335.672 1.43959 1.81232 83.933 2.40173 -13 1 1 0 1 -0.114193 -0.13125 0 0 0 0 
-7.91516 -6.88328 336.172 1.45925 1.79523 83.9331 2.40441 -13 1 1 0 1 -0.114015 -0.131107 0 0 0 0 
-7.90641 -6.87264 336.672 1.47888 1.77816 83.9331 2.40709 -13 1 1 0 1 -0.113839 -0.130962 0 0 0 0 
-7.89755 -6.8621 337.171 1.4985 1.76111 83.9331 2.40977 -13 1 1 0 1 -0.113664 -0.130815 0 0 0 0 
-7.88857 -6.85167 337.671 1.51809 1.74409 83.9331 2.41245 -13 1 1 0 1 -0.113491 -0.130667 0 0 0 0 
-7.87947 -6.84133 338.171 1.53765 1.7271 83.9331 2.41513 -13 1 1 0 1 -0.11332 -0.130516 0 0 0 0 
-7.87025 -6.8311 338.671 1.5572 1.71013 83.9331 2.41782 -13 1 1 0 1 -0.113151 -0.130363 0 0 0 0 
-7.86092 -6.82097 339.171 1.57672 1.69319 83.9331 2.4205 -13 1 1 0 1 -0.112983 -0.130209 0 0 0 0 
-7.85148 -6.81093 339.67 1.59622 1.67627 83.933 2.42318 -13 1 1 0 1 -0.112817 -0.130052 0 0 0 0 
-7.84191 -6.801 340.17 1.6157 1.65938 83.933 2.42586 -13 1 1 0 1 -0.112652 -0.129894 0 0 0 0 
-7.83223 -6.79117 340.67 1.63515 1.64251 83.9329 2.42854 -13 1 1 0 1 -0.112489 -0.129733 0 0 0 0 
-7.82244 -6.78144 341.17 1.65457 1.62567 83.9329 2.43122 -13 1 1 0 1 -0.112328 -0.129571 0 0 0 0 
-7.81253 -6.77181 341.67 1.67398 1.60885 83.9328 2.4339 -13 1 1 0 1 -0.112169 -0.129407 0 0 0 0 
-7.8025 -6.76228 342.169 1.69335 1.59206 83.9328 2.43658 -13 1 1 0 1 -0.112011 -0.129241 0 0 0 0 
-7.79236 -6.75285 342.669 1.71271 1.57528 83.9327 2.43926 -13 1 1 0 1 -0.111855 -0.129073 0 0 0 0 
-7.7821 -6.74352 343.169 1.73203 1.55854 83.9326 2.44194 -13 1 1 0 1 -0.1117 -0.128903 0 0 0 0 
-7.77173 -6.73429 343.669 1.75134 1.54181 83.9325 2.44462 -13 1 1 0 1 -0.111547 -0.128731 0 0 0 0 
-7.76125 -6.72515 344.169 1.77061 1.52511 83.9324 2.4473 -13 1 1 0 1 -0.111396 -0.128558 0 0 0 0 
-7.75064 -6.71612 344.668 1.78986 1.50843 83.9323 2.44998 -13 1 1 0 1 -0.111246 -0.128382 0 0 0 0 
-7.73993 -6.70719 345.168 1.80908 1.49177 83.9322 2.45266 -13 1 1 0 1 -0.111098 -0.128205 0 0 0 0 
-7.7291 -6.69836 345.668 1.82828 1.47513 83.9321 2.45535 -13 1 1 0 1 -0.110952 -0.128025 0 0 0 0 
-7.71815 -6.68962 346.168 1.84745 1.45852 83.9319 2.45803 -13 1 1 0 1 -0.110807 -0.127844 0 0 0 0 
-7.7071 -6.68099 346.668 1.86659 1.44193 83.9318 2.46071 -13 1 1 0 1 -0.110664 -0.127661 0 0 0 0 
-7.69592 -6.67245 347.168 1.88571 1.42536 83.9317 2.46339 -13 1 1 0 1 -0.110523 -0.127476 0 0 0 0 
-7.68464 -6.66401 347.667 1.90479 1.40881 83.9315 2.46607 -13 1 1 0 1 -0.110383 -0.127289 0 0 0 0 
-7.67324 -6.65567 348.167 1.92385 1.39228 83.9313 2.46875 -13 1 1 0 1 -0.110245 -0.1271 0 0 0 0 
-7.66173 -6.64743 348.667 1.94288 1.37577 83.9312 2.47143 -13 1 1 0 1 -0.110108 -0.126909 0 0 0 0 
-7.6501 -6.63928 349.167 1.96188 1.35928 83.931 2.47411 -13 1 1 0 1 -0.109973 -0.126717 0 0 0 0 
-7.63836 -6.63124 349.667 1.98086 1.34281 83.9308 2.47679 -13 1 1 0 1 -0.10984 -0.126522 0 0 0 0 
-7.62651 -6.62329 350.166 1.9998 1.32637 83.9306 2.47947 -13 1 1 0 1 -0.109709 -0.126326 0 0 0 0 
-7.61454 -6.61544 350.666 2.01871 1.30994 83.9304 2.48215 -13 1 1 0 1 -0.109579 -0.126128 0 0 0 0 
-7.60247 -6.60769 351.166 2.03759 1.29353 83.9302 2.48483 -13 1 1 0 1 -0.10945 -0.125928 0 0 0 0 
-7.59028 -6.60004 351.666 2.05645 1.27714 83.93 2.48751 -13 1 1 0 1 -0.109323 -0.125726 0 0 0 0 
-7.57797 -6.59248 352.165 2.07527 1.26077 83.9298 2.49019 -13 1 1 0 1 -0.109198 -0.125522 0 0 0 0 
-7.56556 -6.58502 352.665 2.09406 1.24442 83.9296 2.49288 -13 1 1 0 1 -0.109075 -0.125316 0 0 0 0 
-7.55303 -6.57766 353.165 2.11282 1.22808 83.9294 2.49556 -13 1 1 0 1 -0.108953 -0.125109 0 0 0 0 
-7.5404 -6.5704 353.665 2.13155 1.21177 83.9291 2.49824 -13 1 1 0 1 -0.108832 -0.124899 0 0 0 0 
-7.52765 -6.56323 354.165 2.15025 1.19547 83.9289 2.50092 -13 1 1 0 1 -0.108714 -0.124688 0 0 0 0 
-7.51479 -6.55616 354.664 2.16892 1.17919 83.9286 2.5036 -13 1 1 0 1 -0.108597 -0.124475 0 0 0 0 
-7.50182 -6.54918 355.164 2.18755 1.16293 83.9284 2.50628 -13 1 1 0 1 -0.108481 -0.12426 0 0 0 0 
-7.48873 -6.54231 355.664 2.20615 1.14668 83.9281 2.50896 -13 1 1 0 1 -0.108367 -0.124044 0 0 0 0 
-7.47554 -6.53553 356.164 2.22472 1.13045 83.9278 2.51164 -13 1 1 0 1 -0.108255 -0.123825 0 0 0 0 
-7.46224 -6.52884 356.664 2.24326 1.11424 83.9276 2.51432 -13 1 1 0 1 -0.108144 -0.123605 0 0 0 0 
-7.44883 -6.52226 357.163 2.26176 1.09805 83.9273 2.517 -13 1 1 0 1 -0.108035 -0.123383 0 0 0 0 
-7.4353 -6.51577 357.663 2.28023 1.08187 83.927 2.51968 -13 1 1 0 1 -0.107927 -0.123159 0 0 0 0 
-7.42167 -6.50937 358.163 2.29867 1.06571 83.9267 2.52236 -13 1 1 0 1 -0.107822 -0.122933 0 0 0 0 
-7.41954 -6.50839 358.24 2.3013 1.06339 83.9267 2.52278 -13 1 1 0 1 -0.107805 -0.122898 0 0 0 0 
-7.40583 -6.50206 358.74 2.30273 1.06214 83.9266 2.52546 -13 1 1 0 1 0 0 0 0 0 0 
-7.39212 -6.49574 359.24 2.30273 1.06214 83.9266 2.52814 -13 1 1 0 1 0 0 0 0 0 0 
-7.37841 -6.48941 359.74 2.30273 1.06214 83.9266 2.53082 -13 1 1 0 1 0 0 0 0 0 0 
-7.36469 -6.48309 360.239 2.30273 1.06214 83.9266 2.5335 -13 1 1 0 1 0 0 0 0 0 0 
-7.35098 -6.47676 360.739 2.30273 1.06214 83.9266 2.53618 -13 1 1 0 1 0 0 0 0 0 0 
-7.33727 -6.47044 361.239 2.30273 1.06214 83.9266 2.53886 -13 1 1 0 1 0 0 0 0 0 0 
-7.32356 -6.46411 361.739 2.30273 1.06214 83.9266 2.54154 -13 1 1 0 1 0 0 0 0 0 0 
-7.30984 -6.45779 362.239 2.30273 1.06214 83.9266 2.54423 -13 1 1 0 1 0 0 0 0 0 0 
-7.29613 -6.45146 362.738 2.30273 1.06214 83.9266 2.54691 -13 1 1 0 1 0 0 0 0 0 0 
-7.28242 -6.44514 363.238 2.30273 1.06214 83.9266 2.54959 -13 1 1 0 1 0 0 0 0 0 0 
-7.26871 -6.43881 363.738 2.30273 1.06214 83.9266 2.55227 -13 1 1 0 1 0 0 0 0 0 0 
-7.25499 -6.43249 364.238 2.30273 1.06214 83.9266 2.55495 -13 1 1 0 1 0 0 0 0 0 0 
-7.24128 -6.42617 364.737 2.30273 1.06214 83.9266 2.55763 -13 1 1 0 1 0 0 0 0 0 0 
-7.22757 -6.41984 365.237 2.30273 1.06214 83.9266 2.56031 -13 1 1 0 1 0 0 0 0 0 0 
-7.21386 -6.41352 365.737 2.30273 1.06214 83.9266 2.56299 -13 1 1 0 1 0 0 0 0 0 0 
-7.20014 -6.40719 366.237 2.30273 1.06214 83.9266 2.56567 -13 1 1 0 1 0 0 0 0 0 0 
-7.18643 -6.40087 366.737 2.30273 1.06214 83.9266 2.56835 -13 1 1 0 1 0 0 0 0 0 0 
-7.17272 -6.39454 367.236 2.30273 1.06214 83.9266 2.57103 -13 1 1 0 1 0 0 0 0 0 0 
-7.15901 -6.38822 367.736 2.30273 1.06214 83.9266 2.57371 -13 1 1 0 1 0 0 0 0 0 0 
-7.14529 -6.38189 368.236 2.30273 1.06214 83.9266 2.57639 -13 1 1 0 1 0 0 0 0 0 0 
-7.13158 -6.37557 368.736 2.30273 1.06214 83.9266 2.57907 -13 1 1 0 1 0 0 0 0 0 0 
-7.11787 -6.36924 369.235 2.30273 1.06214 83.9266 2.58176 -13 1 1 0 1 0 0 0 0 0 0 
-7.10416 -6.36292 369.735 2.30273 1.06214 83.9266 2.58444 -13 1 1 0 1 0 0 0 0 0 0 
-7.09044 -6.35659 370.235 2.30273 1.06214 83.9266 2.58712 -13 1 1 0 1 0 0 0 0 0 0 
-7.07673 -6.35027 370.735 2.30273 1.06214 83.9266 2.5898 -13 1 1 0 1 0 0 0 0 0 0 
-7.06302 -6.34394 371.234 2.30273 1.06214 83.9266 2.59248 -13 1 1 0 1 0 0 0 0 0 0 
-7.04931 -6.33762 371.734 2.30273 1.06214 83.9266 2.59516 -13 1 1 0 1 0 0 0 0 0 0 
-7.03559 -6.33129 372.234 2.30273 1.06214 83.9266 2.59784 -13 1 1 0 1 0 0 0 0 0 0 
-7.02188 -6.32497 372.734 2.30273 1.06214 83.9266 2.60052 -13 1 1 0 1 0 0 0 0 0 0 
-7.00817 -6.31864 373.234 2.30273 1.06214 83.9266 2.6032 -13 1 1 0 1 0 0 0 0 0 0 
-6.99446 -6.31232 373.733 2.30273 1.06214 83.9266 2.60588 -13 1 1 0 1 0 0 0 0 0 0 
-6.98074 -6.30599 374.233 2.30273 1.06214 83.9266 2.60856 -13 1 1 0 1 0 0 0 0 0 0 
-6.96703 -6.29967 374.733 2.30273 1.06214 83.9266 2.61124 -13 1 1 0 1 0 0 0 0 0 0 
-6.95332 -6.29334 375.233 2.30273 1.06214 83.9266 2.61392 -13 1 1 0 1 0 0 0 0 0 0 
-6.93961 -6.28702 375.732 2.30273 1.06214 83.9266 2.6166 -13 1 1 0 1 0 0 0 0 0 0 
-6.92589 -6.28069 376.232 2.30273 1.06214 83.9266 2.61929 -13 1 1 0 1 0 0 0 0 0 0 
-6.91218 -6.27437 376.732 2.30273 1.06214 83.9266 2.62197 -13 1 1 0 1 0 0 0 0 0 0 
-6.89847 -6.26804 377.232 2.30273 1.06214 83.9266 2.62465 -13 1 1 0 1 0 0 0 0 0 0 
-6.88476 -6.26172 377.732 2.30273 1.06214 83.9266 2.62733 -13 1 1 0 1 0 0 0 0 0 0 
-6.87104 -6.25539 378.231 2.30273 1.06214 83.9266 2.63001 -13 1 1 0 1 0 0 0 0 0 0 
-6.85733 -6.24907 378.731 2.30273 1.06214 83.9266 2.63269 -13 1 1 0 1 0 0 0 0 0 0 
-6.84362 -6.24274 379.231 2.30273 1.06214 83.9266 2.63537 -13 1 1 0 1 0 0 0 0 0 0 
-6.82991 -6.23642 379.731 2.30273 1.06214 83.9266 2.63805 -13 1 1 0 1 0 0 0 0 0 0 
-6.81619 -6.23009 380.23 2.30273 1.06214 83.9266 2.64073 -13 1 1 0 1 0 0 0 0 0 0 
-6.80248 -6.22377 380.73 2.30273 1.06214 83.9266 2.64341 -13 1 1 0 1 0 0 0 0 0 0 
-6.78877 -6.21744 381.23 2.30273 1.06214 83.9266 2.64609 -13 1 1 0 1 0 0 0 0 0 0 
-6.77506 -6.21112 381.73 2.30273 1.06214 83.9266 2.64877 -13 1 1 0 1 0 0 0 0 0 0 
-6.76134 -6.20479 382.229 2.30273 1.06214 83.9266 2.65145 -13 1 1 0 1 0 0 0 0 0 0 
-6.74763 -6.19847 382.729 2.30273 1.06214 83.9266 2.65413 -13 1 1 0 1 0 0 0 0 0 0 
-6.73392 -6.19214 383.229 2.30273 1.06214 83.9266 2.65682 -13 1 1 0 1 0 0 0 0 0 0 
-6.72021 -6.18582 383.729 2.30273 1.06214 83.9266 2.6595 -13 1 1 0 1 0 0 0 0 0 0 
-6.70649 -6.17949 384.229 2.30273 1.06214 83.9266 2.66218 -13 1 1 0 1 0 0 0 0 0 0 
-6.69278 -6.17317 384.728 2.30273 1.06214 83.9266 2.66486 -13 1 1 0 1 0 0 0 0 0 0 
-6.67907 -6.16684 385.228 2.30273 1.06214 83.9266 2.66754 -13 1 1 0 1 0 0 0 0 0 0 
-6.66536 -6.16052 385.728 2.30273 1.06214 83.9266 2.67022 -13 1 1 0 1 0 0 0 0 0 0 
-6.65164 -6.1542 386.228 2.30273 1.06214 83.9266 2.6729 -13 1 1 0 1 0 0 0 0 0 0 
-6.63793 -6.14787 386.727 2.30273 1.06214 83.9266 2.67558 -13 1 1 0 1 0 0 0 0 0 0 
-6.62422 -6.14155 387.227 2.30273 1.06214 83.9266 2.67826 -13 1 1 0 1 0 0 0 0 0 0 
-6.61051 -6.13522 387.727 2.30273 1.06214 83.9266 2.68094 -13 1 1 0 1 0 0 0 0 0 0 
-6.59679 -6.1289 388.227 2.30273 1.06214 83.9266 2.68362 -13 1 1 0 1 0 0 0 0 0 0 
-6.58308 -6.12257 388.726 2.30273 1.06214 83.9266 2.6863 -13 1 1 0 1 0 0 0 0 0 0 
-6.56937 -6.11625 389.226 2.30273 1.06214 83.9266 2.68898 -13 1 1 0 1 0 0 0 0 0 0 
-6.55566 -6.10992 389.726 2.30273 1.06214 83.9266 2.69166 -13 1 1 0 1 0 0 0 0 0 0 
-6.54194 -6.1036 390.226 2.30273 1.06214 83.9266 2.69435 -13 1 1 0 1 0 0 0 0 0 0 
-6.52823 -6.09727 390.726 2.30273 1.06214 83.9266 2.69703 -13 1 1 0 1 0 0 0 0 0 0 
-6.51452 -6.09095 391.225 2.30273 1.06214 83.9266 2.69971 -13 1 1 0 1 0 0 0 0 0 0 
-6.50081 -6.08462 391.725 2.30273 1.06214 83.9266 2.70239 -13 1 1 0 1 0 0 0 0 0 0 
-6.48709 -6.0783 392.225 2.30273 1.06214 83.9266 2.70507 -13 1 1 0 1 0 0 0 0 0 0 
-6.47338 -6.07197 392.725 2.30273 1.06214 83.9266 2.70775 -13 1 1 0 1 0 0 0 0 0 0 
-6.45967 -6.06565 393.224 2.30273 1.06214 83.9266 2.71043 -13 1 1 0 1 0 0 0 0 0 0 
-6.44596 -6.05932 393.724 2.30273 1.06214 83.9266 2.71311 -13 1 1 0 1 0 0 0 0 0 0 
-6.43224 -6.053 394.224 2.30273 1.06214 83.9266 2.71579 -13 1 1 0 1 0 0 0 0 0 0 
-6.41853 -6.04667 394.724 2.30273 1.06214 83.9266 2.71847 -13 1 1 0 1 0 0 0 0 0 0 
-6.40482 -6.04035 395.224 2.30273 1.06214 83.9266 2.72115 -13 1 1 0 1 0 0 0 0 0 0 
-6.39111 -6.03402 395.723 2.30273 1.06214 83.9266 2.72383 -13 1 1 0 1 0 0 0 0 0 0 
-6.3774 -6.0277 396.223 2.30273 1.06214 83.9266 2.72651 -13 1 1 0 1 0 0 0 0 0 0 
-6.36368 -6.02137 396.723 2.30273 1.06214 83.9266 2.72919 -13 1 1 0 1 0 0 0 0 0 0 
-6.34997 -6.01505 397.223 2.30273 1.06214 83.9266 2.73188 -13 1 1 0 1 0 0 0 0 0 0 
-6.33626 -6.00872 397.722 2.30273 1.06214 83.9266 2.73456 -13 1 1 0 1 0 0 0 0 0 0 
-6.32255 -6.0024 398.222 2.30273 1.06214 83.9266 2.73724 -13 1 1 0 1 0 0 0 0 0 0 
-6.30883 -5.99607 398.722 2.30273 1.06214 83.9266 2.73992 -13 1 1 0 1 0 0 0 0 0 0 
-6.29512 -5.98975 399.222 2.30273 1.06214 83.9266 2.7426 -13 1 1 0 1 0 0 0 0 0 0 
-6.28141 -5.98342 399.721 2.30273 1.06214 83.9266 2.74528 -13 1 1 0 1 0 0 0 0 0 0 
-6.2677 -5.9771 400.221 2.30273 1.06214 83.9266 2.74796 -13 1 1 0 1 0 0 0 0 0 0 
-6.25398 -5.97077 400.721 2.30273 1.06214 83.9266 2.75064 -13 1 1 0 1 0 0 0 0 0 0 
-6.24027 -5.96445 401.221 2.30273 1.06214 83.9266 2.75332 -13 1 1 0 1 0 0 0 0 0 0 
-6.22656 -5.95812 401.721 2.30273 1.06214 83.9266 2.756 -13 1 1 0 1 0 0 0 0 0 0 
-6.21285 -5.9518 402.22 2.30273 1.06214 83.9266 2.75868 -13 1 1 0 1 0 0 0 0 0 0 
-6.19913 -5.94547 402.72 2.30273 1.06214 83.9266 2.76136 -13 1 1 0 1 0 0 0 0 0 0 
-6.18542 -5.93915 403.22 2.30273 1.06214 83.9266 2.76404 -13 1 1 0 1 0 0 0 0 0 0 
-6.17171 -5.93282 403.72 2.30273 1.06214 83.9266 2.76672 -13 1 1 0 1 0 0 0 0 0 0 
-6.158 -5.9265 404.219 2.30273 1.06214 83.9266 2.76941 -13 1 1 0 1 0 0 0 0 0 0 
-6.14428 -5.92017 404.719 2.30273 1.06214 83.9266 2.77209 -13 1 1 0 1 0 0 0 0 0 0 
-6.13057 -5.91385 405.219 2.30273 1.06214 83.9266 2.77477 -13 1 1 0 1 0 0 0 0 0 0 
-6.11686 -5.90752 405.719 2.30273 1.06214 83.9266 2.77745 -13 1 1 0 1 0 0 0 0 0 0 
-6.10315 -5.9012 406.219 2.30273 1.06214 83.9266 2.78013 -13 1 1 0 1 0 0 0 0 0 0 
-6.08943 -5.89487 406.718 2.30273 1.06214 83.9266 2.78281 -13 1 1 0 1 0 0 0 0 0 0 
-6.07572 -5.88855 407.218 2.30273 1.06214 83.9266 2.78549 -13 1 1 0 1 0 0 0 0 0 0 
-6.06201 -5.88222 407.718 2.30273 1.06214 83.9266 2.78817 -13 1 1 0 1 0 0 0 0 0 0 
-6.0483 -5.8759 408.218 2.30273 1.06214 83.9266 2.79085 -13 1 1 0 1 0 0 0 0 0 0 
-6.03458 -5.86958 408.717 2.30273 1.06214 83.9266 2.79353 -13 1 1 0 1 0 0 0 0 0 0 
-6.02087 -5.86325 409.217 2.30273 1.06214 83.9266 2.79621 -13 1 1 0 1 0 0 0 0 0 0 
-6.00716 -5.85693 409.717 2.30273 1.06214 83.9266 2.79889 -13 1 1 0 1 0 0 0 0 0 0 
-5.99345 -5.8506 410.217 2.30273 1.06214 83.9266 2.80157 -13 1 1 0 1 0 0 0 0 0 0 
-5.97973 -5.84428 410.716 2.30273 1.06214 83.9266 2.80426 -13 1 1 0 1 0 0 0 0 0 0 
-5.96602 -5.83795 411.216 2.30273 1.06214 83.9266 2.80694 -13 1 1 0 1 0 0 0 0 0 0 
-5.95231 -5.83163 411.716 2.30273 1.06214 83.9266 2.80962 -13 1 1 0 1 0 0 0 0 0 0 
-5.9386 -5.8253 412.216 2.30273 1.06214 83.9266 2.8123 -13 1 1 0 1 0 0 0 0 0 0 
-5.92488 -5.81898 412.716 2.30273 1.06214 83.9266 2.81498 -13 1 1 0 1 0 0 0 0 0 0 
-5.91117 -5.81265 413.215 2.30273 1.06214 83.9266 2.81766 -13 1 1 0 1 0 0 0 0 0 0 
-5.89746 -5.80633 413.715 2.30273 1.06214 83.9266 2.82034 -13 1 1 0 1 0 0 0 0 0 0 
-5.88375 -5.8 414.215 2.30273 1.06214 83.9266 2.82302 -13 1 1 0 1 0 0 0 0 0 0 
-5.87003 -5.79368 414.715 2.30273 1.06214 83.9266 2.8257 -13 1 1 0 1 0 0 0 0 0 0 
-5.85632 -5.78735 415.214 2.30273 1.06214 83.9266 2.82838 -13 1 1 0 1 0 0 0 0 0 0 
-5.84261 -5.78103 415.714 2.30273 1.06214 83.9266 2.83106 -13 1 1 0 1 0 0 0 0 0 0 
-5.8289 -5.7747 416.214 2.30273 1.06214 83.9266 2.83374 -13 1 1 0 1 0 0 0 0 0 0 
-5.81518 -5.76838 416.714 2.30273 1.06214 83.9266 2.83642 -13 1 1 0 1 0 0 0 0 0 0 
-5.80147 -5.76205 417.213 2.30273 1.06214 83.9266 2.8391 -13 1 1 0 1 0 0 0 0 0 0 
-5.78776 -5.75573 417.713 2.30273 1.06214 83.9266 2.84179 -13 1 1 0 1 0 0 0 0 0 0 
-5.77405 -5.7494 418.213 2.30273 1.06214 83.9266 2.84447 -13 1 1 0 1 0 0 0 0 0 0 
-5.76033 -5.74308 418.713 2.30273 1.06214 83.9266 2.84715 -13 1 1 0 1 0 0 0 0 0 0 
-5.74662 -5.73675 419.213 2.30273 1.06214 83.9266 2.84983 -13 1 1 0 1 0 0 0 0 0 0 
-5.73291 -5.73043 419.712 2.30273 1.06214 83.9266 2.85251 -13 1 1 0 1 0 0 0 0 0 0 
-5.7192 -5.7241 420.212 2.30273 1.06214 83.9266 2.85519 -13 1 1 0 1 0 0 0 0 0 0 
-5.70548 -5.71778 420.712 2.30273 1.06214 83.9266 2.85787 -13 1 1 0 1 0 0 0 0 0 0 
-5.69177 -5.71145 421.212 2.30273 1.06214 83.9266 2.86055 -13 1 1 0 1 0 0 0 0 0 0 
-5.67806 -5.70513 421.711 2.30273 1.06214 83.9266 2.86323 -13 1 1 0 1 0 0 0 0 0 0 
-5.66435 -5.6988 422.211 2.30273 1.06214 83.9266 2.86591 -13 1 1 0 1 0 0 0 0 0 0 
-5.65063 -5.69248 422.711 2.30273 1.06214 83.9266 2.86859 -13 1 1 0 1 0 0 0 0 0 0 
-5.63692 -5.68615 423.211 2.30273 1.06214 83.9266 2.87127 -13 1 1 0 1 0 0 0 0 0 0 
-5.62321 -5.67983 423.711 2.30273 1.06214 83.9266 2.87395 -13 1 1 0 1 0 0 0 0 0 0 
-5.6095 -5.6735 424.21 2.30273 1.06214 83.9266 2.87663 -13 1 1 0 1 0 0 0 0 0 0 
-5.59578 -5.66718 424.71 2.30273 1.06214 83.9266 2.87932 -13 1 1 0 1 0 0 0 0 0 0 
-5.58207 -5.66085 425.21 2.30273 1.06214 83.9266 2.882 -13 1 1 0 1 0 0 0 0 0 0 
-5.56836 -5.65453 425.71 2.30273 1.06214 83.9266 2.88468 -13 1 1 0 1 0 0 0 0 0 0 
-5.55465 -5.6482 426.209 2.30273 1.06214 83.9266 2.88736 -13 1 1 0 1 0 0 0 0 0 0 
-5.54093 -5.64188 426.709 2.30273 1.06214 83.9266 2.89004 -13 1 1 0 1 0 0 0 0 0 0 
-5.52722 -5.63555 427.209 2.30273 1.06214 83.9266 2.89272 -13 1 1 0 1 0 0 0 0 0 0 
-5.51351 -5.62923 427.709 2.30273 1.06214 83.9266 2.8954 -13 1 1 0 1 0 0 0 0 0 0 
-5.4998 -5.6229 428.208 2.30273 1.06214 83.9266 2.89808 -13 1 1 0 1 0 0 0 0 0 0 
-5.48608 -5.61658 428.708 2.30273 1.06214 83.9266 2.90076 -13 1 1 0 1 0 0 0 0 0 0 
-5.47237 -5.61025 429.208 2.30273 1.06214 83.9266 2.90344 -13 1 1 0 1 0 0 0 0 0 0 
-5.45866 -5.60393 429.708 2.30273 1.06214 83.9266 2.90612 -13 1 1 0 1 0 0 0 0 0 0 
-5.44495 -5.59761 430.208 2.30273 1.06214 83.9266 2.9088 -13 1 1 0 1 0 0 0 0 0 0 
-5.43123 -5.59128 430.707 2.30273 1.06214 83.9266 2.91148 -13 1 1 0 1 0 0 0 0 0 0 
-5.41752 -5.58496 431.207 2.30273 1.06214 83.9266 2.91416 -13 1 1 0 1 0 0 0 0 0 0 
-5.40381 -5.57863 431.707 2.30273 1.06214 83.9266 2.91685 -13 1 1 0 1 0 0 0 0 0 0 
-5.3901 -5.57231 432.207 2.30273 1.06214 83.9266 2.91953 -13 1 1 0 1 0 0 0 0 0 0 
-5.37638 -5.56598 432.706 2.30273 1.06214 83.9266 2.92221 -13 1 1 0 1 0 0 0 0 0 0 
-5.36267 -5.55966 433.206 2.30273 1.06214 83.9266 2.92489 -13 1 1 0 1 0 0 0 0 0 0 
-5.34896 -5.55333 433.706 2.30273 1.06214 83.9266 2.92757 -13 1 1 0 1 0 0 0 0 0 0 
-5.33525 -5.54701 434.206 2.30273 1.06214 83.9266 2.93025 -13 1 1 0 1 0 0 0 0 0 0 
-5.32153 -5.54068 434.706 2.30273 1.06214 83.9266 2.93293 -13 1 1 0 1 0 0 0 0 0 0 
-5.30782 -5.53436 435.205 2.30273 1.06214 83.9266 2.93561 -13 1 1 0 1 0 0 0 0 0 0 
-5.29411 -5.52803 435.705 2.30273 1.06214 83.9266 2.93829 -13 1 1 0 1 0 0 0 0 0 0 
-5.2804 -5.52171 436.205 2.30273 1.06214 83.9266 2.94097 -13 1 1 0 1 0 0 0 0 0 0 
-5.26668 -5.51538 436.705 2.30273 1.06214 83.9266 2.94365 -13 1 1 0 1 0 0 0 0 0 0 
-5.25297 -5.50906 437.204 2.30273 1.06214 83.9266 2.94633 -13 1 1 0 1 0 0 0 0 0 0 
-5.23926 -5.50273 437.704 2.30273 1.06214 83.9266 2.94901 -13 1 1 0 1 0 0 0 0 0 0 
-5.22555 -5.49641 438.204 2.30273 1.06214 83.9266 2.95169 -13 1 1 0 1 0 0 0 0 0 0 
-5.21183 -5.49008 438.704 2.30273 1.06214 83.9266 2.95438 -13 1 1 0 1 0 0 0 0 0 0 
-5.19812 -5.48376 439.203 2.30273 1.06214 83.9266 2.95706 -13 1 1 0 1 0 0 0 0 0 0 
-5.18441 -5.47743 439.703 2.30273 1.06214 83.9266 2.95974 -13 1 1 0 1 0 0 0 0 0 0 
-5.1707 -5.47111 440.203 2.30273 1.06214 83.9266 2.96242 -13 1 1 0 1 0 0 0 0 0 0 
-5.15698 -5.46478 440.703 2.30273 1.06214 83.9266 2.9651 -13 1 1 0 1 0 0 0 0 0 0 
-5.14327 -5.45846 441.203 2.30273 1.06214 83.9266 2.96778 -13 1 1 0 1 0 0 0 0 0 0 
-5.12956 -5.45213 441.702 2.30273 1.06214 83.9266 2.97046 -13 1 1 0 1 0 0 0 0 0 0 
-5.11585 -5.44581 442.202 2.30273 1.06214 83.9266 2.97314 -13 1 1 0 1 0 0 0 0 0 0 
-5.10213 -5.43948 442.702 2.30273 1.06214 83.9266 2.97582 -13 1 1 0 1 0 0 0 0 0 0 
-5.08842 -5.43316 443.202 2.30273 1.06214 83.9266 2.9785 -13 1 1 0 1 0 0 0 0 0 0 
-5.07471 -5.42683 443.701 2.30273 1.06214 83.9266 2.98118 -13 1 1 0 1 0 0 0 0 0 0 
-5.061 -5.42051 444.201 2.30273 1.06214 83.9266 2.98386 -13 1 1 0 1 0 0 0 0 0 0 
-5.04728 -5.41418 444.701 2.30273 1.06214 83.9266 2.98654 -13 1 1 0 1 0 0 0 0 0 0 
-5.03357 -5.40786 445.201 2.30273 1.06214 83.9266 2.98922 -13 1 1 0 1 0 0 0 0 0 0 
-5.01986 -5.40153 445.7 2.30273 1.06214 83.9266 2.99191 -13 1 1 0 1 0 0 0 0 0 0 
-5.00615 -5.39521 446.2 2.30273 1.06214 83.9266 2.99459 -13 1 1 0 1 0 0 0 0 0 0 
-4.99243 -5.38888 446.7 2.30273 1.06214 83.9266 2.99727 -13 1 1 0 1 0 0 0 0 0 0 
-4.97872 -5.38256 447.2 2.30273 1.06214 83.9266 2.99995 -13 1 1 0 1 0 0 0 0 0 0 
-4.96501 -5.37623 447.7 2.30273 1.06214 83.9266 3.00263 -13 1 1 0 1 0 0 0 0 0 0 
-4.9513 -5.36991 448.199 2.30273 1.06214 83.9266 3.00531 -13 1 1 0 1 0 0 0 0 0 0 
-4.93758 -5.36358 448.699 2.30273 1.06214 83.9266 3.00799 -13 1 1 0 1 0 0 0 0 0 0 
-4.92387 -5.35726 449.199 2.30273 1.06214 83.9266 3.01067 -13 1 1 0 1 0 0 0 0 0 0 
-4.91016 -5.35093 449.699 2.30273 1.06214 83.9266 3.01335 -13 1 1 0 1 0 0 0 0 0 0 
-4.89645 -5.34461 450.198 2.30273 1.06214 83.9266 3.01603 -13 1 1 0 1 0 0 0 0 0 0 
-4.88273 -5.33828 450.698 2.30273 1.06214 83.9266 3.01871 -13 1 1 0 1 0 0 0 0 0 0 
-4.86902 -5.33196 451.198 2.30273 1.06214 83.9266 3.02139 -13 1 1 0 1 0 0 0 0 0 0 
-4.85531 -5.32564 451.698 2.30273 1.06214 83.9266 3.02407 -13 1 1 0 1 0 0 0 0 0 0 
-4.8416 -5.31931 452.198 2.30273 1.06214 83.9266 3.02675 -13 1 1 0 1 0 0 0 0 0 0 
-4.82788 -5.31299 452.697 2.30273 1.06214 83.9266 3.02944 -13 1 1 0 1 0 0 0 0 0 0 
-4.81417 -5.30666 453.197 2.30273 1.06214 83.9266 3.03212 -13 1 1 0 1 0 0 0 0 0 0 
-4.80046 -5.30034 453.697 2.30273 1.06214 83.9266 3.0348 -13 1 1 0 1 0 0 0 0 0 0 
-4.78675 -5.29401 454.197 2.30273 1.06214 83.9266 3.03748 -13 1 1 0 1 0 0 0 0 0 0 
-4.77303 -5.28769 454.696 2.30273 1.06214 83.9266 3.04016 -13 1 1 0 1 0 0 0 0 0 0 
-4.75932 -5.28136 455.196 2.30273 1.06214 83.9266 3.04284 -13 1 1 0 1 0 0 0 0 0 0 
-4.74561 -5.27504 455.696 2.30273 1.06214 83.9266 3.04552 -13 1 1 0 1 0 0 0 0 0 0 
-4.7319 -5.26871 456.196 2.30273 1.06214 83.9266 3.0482 -13 1 1 0 1 0 0 0 0 0 0 
-4.71818 -5.26239 456.695 2.30273 1.06214 83.9266 3.05088 -13 1 1 0 1 0 0 0 0 0 0 
-4.70447 -5.25606 457.195 2.30273 1.06214 83.9266 3.05356 -13 1 1 0 1 0 0 0 0 0 0 
-4.69076 -5.24974 457.695 2.30273 1.06214 83.9266 3.05624 -13 1 1 0 1 0 0 0 0 0 0 
-4.67705 -5.24341 458.195 2.30273 1.06214 83.9266 3.05892 -13 1 1 0 1 0 0 0 0 0 0 
-4.66334 -5.23709 458.695 2.30273 1.06214 83.9266 3.0616 -13 1 1 0 1 0 0 0 0 0 0 
-4.64962 -5.23076 459.194 2.30273 1.06214 83.9266 3.06429 -13 1 1 0 1 0 0 0 0 0 0 
-4.63591 -5.22444 459.694 2.30273 1.06214 83.9266 3.06697 -13 1 1 0 1 0 0 0 0 0 0 
-4.62974 -5.22159 459.919 2.30273 1.06214 83.9266 3.06817 -13 1 1 0 1 0 0 0 0 0 0 

# End of Event 1

