#BLTrackFile out_1771265890_6139321
#x y z Px Py Pz t PDGid EventID TrackID ParentID Weight
0.829126 10.7872 54.0608 4.53599 12.6532 86.9726 0.80861 -13 1 1 0 1 
-1.20646 -8.09196 54.0608 2.55492 -8.18804 90.7237 1.8174 -13 2 1 0 1 
-4.69961 1.11354 54.0608 -0.71665 0.400341 86.0539 1.23023 -13 3 1 0 1 
-6.14904 7.8842 54.0608 -6.99593 10.3475 93.1146 1.00721 -13 4 1 0 1 
-0.304641 -0.210697 54.0608 6.45867 0.678532 80.5335 -0.173375 -13 5 1 0 1 
7.51343 -2.04072 54.0608 12.9452 -0.909871 91.4374 1.35695 -13 6 1 0 1 
-3.56524 2.45794 54.0608 -2.11535 5.70359 92.7322 -0.697214 -13 7 1 0 1 
-13.2184 -11.3659 54.0608 -11.0193 -16.0253 84.1833 -0.83973 -13 8 1 0 1 
-5.07767 -3.07681 54.0608 -0.716069 -1.19687 80.323 1.39328 -13 9 1 0 1 
-8.8983 7.48725 54.0608 -14.4766 8.03015 96.79 0.247424 -13 10 1 0 1 
6.78201 4.42021 54.0608 14.0421 6.00262 73.9662 -0.409069 -13 11 1 0 1 
2.51983 -0.0765377 54.0608 6.26965 6.81343 93.521 -0.244299 -13 12 1 0 1 
4.96183 0.887429 54.0608 11.1255 1.52116 86.3 0.171371 -13 13 1 0 1 
-8.47317 -8.59008 54.0608 -14.3177 -13.4247 97.2782 1.98024 -13 14 1 0 1 
-8.25866 -10.6607 54.0608 -6.44426 -16.3328 86.4715 -0.183193 -13 15 1 0 1 
3.57137 -4.37977 54.0608 10.696 -3.69026 78.1796 0.934314 -13 16 1 0 1 
9.64533 -4.15146 54.0608 16.2926 -3.532 88.2194 0.161465 -13 17 1 0 1 
-4.77981 4.57962 54.0608 -4.14714 3.07484 91.5392 0.616634 -13 18 1 0 1 
4.51716 8.47711 54.0608 7.845 9.70706 91.4819 0.072653 -13 19 1 0 1 
5.54911 1.771 54.0608 6.5343 3.72263 101.843 -0.0852242 -13 20 1 0 1 
-7.24742 8.26746 54.0608 -2.9911 8.65271 83.5573 -0.209948 -13 21 1 0 1 
-5.00576 -3.42408 54.0608 -2.06557 -7.15116 86.5527 0.396501 -13 22 1 0 1 
7.64439 3.6456 54.0608 13.5297 7.80576 89.9727 0.0746288 -13 23 1 0 1 
3.72607 -2.16333 54.0608 6.49721 -1.37623 95.2441 0.0619339 -13 24 1 0 1 
-3.76762 -5.2755 54.0608 2.09051 -5.86748 79.0159 -0.690977 -13 25 1 0 1 
-0.14279 5.25005 54.0608 5.81057 5.88687 83.5263 -0.0251843 -13 26 1 0 1 
-6.27782 -4.45098 54.0608 -6.50647 -1.97379 92.5799 0.696981 -13 27 1 0 1 
4.89146 -12.1931 54.0608 9.75359 -14.7918 87.3184 1.91807 -13 28 1 0 1 
-0.968109 -2.41062 54.0608 7.29041 -2.83096 51.65 0.497649 -13 29 1 0 1 
-3.06274 -4.51038 54.0608 -3.92946 -4.67337 97.7074 0.469968 -13 30 1 0 1 
8.29638 14.2525 54.0608 11.8852 16.1955 94.5961 0.750315 -13 31 1 0 1 
-9.1988 4.82702 54.0608 -5.32066 2.4349 81.7261 0.605521 -13 32 1 0 1 
-7.83701 2.17953 54.0608 -5.79896 0.278367 86.4405 0.414917 -13 33 1 0 1 
-3.78665 -8.6132 54.0608 -3.78324 -9.35973 93.7202 -0.258716 -13 34 1 0 1 
-0.0689792 -0.823594 54.0608 2.12908 -4.25163 93.626 -0.22374 -13 35 1 0 1 
-5.43446 -0.366812 54.0608 -4.08873 -4.18647 90.4609 -0.00416725 -13 36 1 0 1 
-2.22835 1.39123 54.0608 -1.41596 -0.16603 96.224 0.379345 -13 37 1 0 1 
-2.6138 0.925896 54.0608 -3.74502 2.18143 98.3703 -1.52697 -13 38 1 0 1 
0.340706 4.87253 54.0608 3.27151 3.68526 92.5906 0.772098 -13 39 1 0 1 
-2.08976 2.63203 54.0608 -1.28214 8.71469 95.2209 0.883298 -13 40 1 0 1 
1.66548 -0.106832 54.0608 1.69 4.27506 99.5034 0.127827 -13 41 1 0 1 
2.29783 -1.14391 54.0608 5.83901 -4.80012 89.3893 0.856032 -13 43 1 0 1 
-10.8718 1.99752 54.0608 -6.33345 0.151482 79.2992 -0.220068 -13 44 1 0 1 
3.36611 12.1275 54.0608 8.69412 14.7817 85.917 0.305012 -13 45 1 0 1 
0.807863 5.32869 54.0608 2.53737 2.53374 96.0832 0.4438 -13 46 1 0 1 
-1.88049 -5.80772 54.0608 1.85396 -7.53069 84.6397 0.991562 -13 47 1 0 1 
6.29108 4.11489 54.0608 12.4122 5.80693 86.1243 1.00481 -13 48 1 0 1 
-4.01553 4.90778 54.0608 -3.84096 9.81376 93.1206 0.568309 -13 49 1 0 1 
0.832193 5.04258 54.0608 -0.811089 3.79925 101.132 -0.128268 -13 50 1 0 1 
15.1149 7.40213 54.0608 22.9413 7.59205 91.2426 -0.0344105 -13 51 1 0 1 
-13.6936 -0.744716 54.0608 -12.7101 -2.63593 84.0278 -0.230341 -13 52 1 0 1 
15.5566 3.19907 54.0608 23.6885 3.01303 89.3445 -0.516672 -13 53 1 0 1 
5.56665 1.67467 54.0608 9.56572 0.637546 92.037 -1.0764 -13 54 1 0 1 
-7.81184 4.43796 54.0608 -8.35059 5.4055 92.2264 0.730348 -13 55 1 0 1 
4.11109 0.183844 54.0608 8.06049 -3.07292 91.6346 1.62956 -13 56 1 0 1 
8.75036 -4.27329 54.0608 17.8302 -3.35462 72.475 0.312516 -13 57 1 0 1 
-13.4037 -5.62553 54.0608 -18.3831 -8.3645 95.4013 0.400001 -13 58 1 0 1 
-0.47015 9.89694 54.0608 6.01137 11.0776 77.3287 0.0618706 -13 59 1 0 1 
5.97658 -4.0171 54.0608 10.9082 -1.40996 91.5233 -0.885399 -13 60 1 0 1 
-4.23489 -5.39335 54.0608 -9.86644 -5.6284 97.6324 0.174256 -13 61 1 0 1 
-6.00984 4.37141 54.0608 -2.91169 4.80409 87.9716 1.21379 -13 62 1 0 1 
-7.21271 4.55878 54.0608 -3.4907 3.65883 85.6544 0.0509079 -13 64 1 0 1 
-4.35676 3.58272 54.0608 -2.05874 4.07807 88.5414 1.05973 -13 65 1 0 1 
-3.32207 -2.738 54.0608 -1.65625 -4.78645 92.6706 0.647572 -13 66 1 0 1 
0.603472 -4.2606 54.0608 4.97338 -0.388599 88.8352 0.871972 -13 67 1 0 1 
1.13327 1.528 54.0608 8.37217 2.10428 79.1637 0.276086 -13 68 1 0 1 
7.46524 2.99966 54.0608 14.537 4.73777 83.4807 -0.188211 -13 69 1 0 1 
3.57734 12.4906 54.0608 6.83195 16.7162 93.3774 -1.17873 -13 70 1 0 1 
-3.51242 2.52154 54.0608 -0.101396 4.68132 87.2159 0.307059 -13 71 1 0 1 
-0.7651 -5.17078 54.0608 2.35938 -3.07538 88.1615 -0.781184 -13 72 1 0 1 
2.55957 -5.4982 54.0608 8.90058 -7.03915 83.5882 0.487993 -13 73 1 0 1 
-1.83154 6.61957 54.0608 -0.53899 12.5368 92.0207 0.464345 -13 74 1 0 1 
-13.1876 8.95725 54.0608 -10.1663 10.6841 82.3997 0.162136 -13 75 1 0 1 
-3.3786 11.1894 54.0608 -3.51437 16.4668 93.6899 1.50879 -13 76 1 0 1 
-4.58761 9.26715 54.0608 -0.00359291 11.4916 82.0433 -1.12001 -13 77 1 0 1 
3.99672 -8.39631 54.0608 10.4285 -10.5114 84.6174 -0.227622 -13 78 1 0 1 
1.97409 -6.0544 54.0608 2.60074 -6.82404 98.6807 0.717978 -13 79 1 0 1 
-18.2251 -1.55738 54.0608 -18.7572 -2.22445 85.4723 1.20868 -13 80 1 0 1 
-7.54257 -8.26004 54.0608 -8.96366 -10.8485 93.5805 0.874506 -13 81 1 0 1 
-5.31615 1.17515 54.0608 -1.07804 -2.2704 82.0065 0.72211 -13 82 1 0 1 
-3.56113 -14.5921 54.0608 -0.167223 -21.8788 84.2121 0.13694 -13 83 1 0 1 
-15.8115 1.67788 54.0608 -9.7997 2.70744 69.5602 -0.93402 -13 84 1 0 1 
-4.75158 -3.08393 54.0608 -4.0892 1.26686 92.9837 0.542979 -13 85 1 0 1 
1.24332 3.09012 54.0608 8.49683 1.06925 80.2047 0.058897 -13 86 1 0 1 
6.07956 1.00983 54.0608 14.4026 0.414779 70.7735 -0.00256396 -13 87 1 0 1 
2.49548 0.380299 54.0608 6.98319 1.08774 90.439 0.181918 -13 88 1 0 1 
4.01895 -5.49727 54.0608 10.0397 -3.24577 88.5708 0.362084 -13 89 1 0 1 
9.8593 1.29325 54.0608 14.2003 4.00941 96.2385 1.31593 -13 90 1 0 1 
-3.83312 -1.76149 54.0608 0.17868 -4.6417 83.3544 1.66294 -13 91 1 0 1 
-2.76135 9.01568 54.0608 1.7543 7.98744 88.4837 0.616593 -13 92 1 0 1 
7.82463 -2.14338 54.0608 9.01831 -4.63493 98.8643 -0.808386 -13 93 1 0 1 
-3.73619 8.70828 54.0608 -0.889669 7.23755 88.6034 1.09911 -13 94 1 0 1 
15.9503 2.37827 54.0608 23.8705 3.98644 86.4608 0.193593 -13 95 1 0 1 
-3.90355 1.89938 54.0608 3.28185 3.31439 75.5611 0.529859 -13 96 1 0 1 
-0.490153 9.96516 54.0608 3.94138 10.4496 86.587 0.250311 -13 97 1 0 1 
2.92627 -1.91615 54.0608 6.59955 -1.13653 93.068 2.16843 -13 98 1 0 1 
9.93271 -0.73045 54.0608 16.1311 -2.88463 94.0931 1.01278 -13 99 1 0 1 
2.72493 -4.52398 54.0608 6.08816 -3.69492 90.6065 -0.593101 -13 100 1 0 1 
-14.1028 -13.7268 54.0608 -14.9276 -15.1172 87.2948 -0.778724 -13 101 1 0 1 
-2.78444 -1.12213 54.0608 -2.83001 -0.180333 93.8047 0.0858324 -13 102 1 0 1 
4.02325 8.33279 54.0608 9.515 11.1354 85.7227 -0.25526 -13 103 1 0 1 
-1.14075 -10.4324 54.0608 3.52839 -11.9461 83.4302 0.547537 -13 104 1 0 1 
-3.89535 -2.79927 54.0608 -2.59519 -4.9174 91.8126 1.23885 -13 105 1 0 1 
6.57938 -1.04837 54.0608 7.36998 -2.709 99.1482 0.258522 -13 106 1 0 1 
1.97321 6.03868 54.0608 7.04128 9.61059 85.823 0.680121 -13 107 1 0 1 
-2.74883 6.88162 54.0608 1.18523 10.8215 87.7509 1.02878 -13 108 1 0 1 
-5.05533 -4.69275 54.0608 -7.83762 -2.30599 98.2151 0.637059 -13 109 1 0 1 
5.00578 -0.798221 54.0608 9.08884 -0.276743 92.7718 0.393291 -13 110 1 0 1 
3.23117 9.84159 54.0608 9.43982 9.46638 81.4685 0.728407 -13 111 1 0 1 
-4.13079 3.29939 54.0608 -1.26189 7.40787 87.6228 -0.777174 -13 112 1 0 1 
1.59044 -6.01014 54.0608 7.34814 -8.50931 79.5186 0.531285 -13 113 1 0 1 
-8.89796 11.4924 54.0608 -6.37355 16.3792 83.8856 2.15203 -13 114 1 0 1 
-2.54244 6.78528 54.0608 2.18909 4.45848 83.6752 0.243364 -13 115 1 0 1 
-5.61936 6.02152 54.0608 -0.871385 7.73809 82.663 0.695 -13 116 1 0 1 
-14.461 8.00919 54.0608 -13.7571 9.20226 85.4969 1.61329 -13 117 1 0 1 
-5.45723 0.768252 54.0608 -0.87373 -0.341498 82.0734 0.215826 -13 118 1 0 1 
4.46787 5.76689 54.0608 9.77362 7.40047 86.8082 0.701263 -13 119 1 0 1 
7.03132 -0.108661 54.0608 13.3028 0.0374897 83.1892 1.82206 -13 120 1 0 1 
12.0148 4.35305 54.0608 18.9382 2.69578 85.6642 0.708189 -13 121 1 0 1 
5.12243 6.24684 54.0608 10.3352 8.06882 93.244 0.350979 -13 122 1 0 1 
16.1551 9.41913 54.0608 24.3713 11.6434 89.8924 0.200556 -13 123 1 0 1 
-7.80944 14.6568 54.0608 -1.67773 18.14 73.1685 -0.333769 -13 124 1 0 1 
6.24252 -10.0833 54.0608 11.26 -12.9736 88.8823 -1.70993 -13 125 1 0 1 
12.4168 9.58068 54.0608 16.3439 17.2537 96.0461 -0.114068 -13 126 1 0 1 
-1.36077 5.11486 54.0608 0.244959 5.18863 92.106 2.63788 -13 127 1 0 1 
6.56571 0.331742 54.0608 10.1632 -0.28965 96.8335 -0.484903 -13 128 1 0 1 
4.54856 -7.74254 54.0608 11.6195 -10.5478 83.9338 0.706473 -13 129 1 0 1 
-1.15028 -10.4163 54.0608 -2.34129 -12.3249 98.8519 -0.208664 -13 130 1 0 1 
-7.31736 -2.23428 54.0608 -5.3983 -8.7878 86.6396 1.68234 -13 131 1 0 1 
-6.88491 6.49368 54.0608 -3.9294 10.3488 87.2057 0.815158 -13 132 1 0 1 
6.082 2.68443 54.0608 12.1232 7.08534 89.0266 0.751898 -13 133 1 0 1 
-7.20824 -9.03266 54.0608 -4.31333 -9.93306 82.6915 -0.734022 -13 134 1 0 1 
-1.68589 -6.10775 54.0608 1.80568 -4.89528 88.2395 -0.139628 -13 135 1 0 1 
-4.99918 8.13578 54.0608 -5.01559 8.24565 92.1051 0.608316 -13 136 1 0 1 
-8.7756 -3.8088 54.0608 -3.5189 -7.96244 78.633 0.853375 -13 137 1 0 1 
4.01855 10.7383 54.0608 11.376 9.30362 78.0673 -0.606156 -13 138 1 0 1 
1.44525 1.95899 54.0608 7.64844 0.322633 80.6255 1.58294 -13 139 1 0 1 
9.28417 -3.2577 54.0608 11.5116 -6.02352 97.6188 0.793087 -13 140 1 0 1 
-9.7617 3.155 54.0608 -2.88333 2.00549 74.0224 0.370531 -13 141 1 0 1 
-0.547951 5.65172 54.0608 8.82767 8.04792 71.998 -0.155437 -13 142 1 0 1 
3.32103 -0.0130656 54.0608 6.24596 1.79343 94.0825 -0.328583 -13 143 1 0 1 
-1.67072 0.920005 54.0608 5.36854 1.5367 78.1448 -0.282973 -13 144 1 0 1 
-0.70007 6.18861 54.0608 -2.12104 8.99675 99.6441 0.497308 -13 145 1 0 1 
-5.14412 -0.673583 54.0608 -4.75322 0.319215 91.9624 -0.12086 -13 146 1 0 1 
2.26814 4.54284 54.0608 7.08227 4.80797 88.0986 0.698612 -13 147 1 0 1 
-0.457828 -3.12103 54.0608 1.88301 -6.48172 90.7256 -0.07482 -13 148 1 0 1 
11.4645 -10.3086 54.0608 19.5474 -13.2434 73.285 -0.244055 -13 149 1 0 1 
-7.87529 -3.12384 54.0608 -8.29768 1.21367 91.5198 0.377435 -13 150 1 0 1 
-4.88753 -9.91761 54.0608 -7.08288 -15.9424 96.3175 0.0567399 -13 151 1 0 1 
10.0534 -1.96734 54.0608 18.9838 -2.85235 78.3846 1.00256 -13 152 1 0 1 
9.99286 -5.85765 54.0608 16.7822 -4.39306 85.942 1.07354 -13 153 1 0 1 
7.39966 1.97025 54.0608 8.49813 0.752696 101.256 0.835151 -13 154 1 0 1 
6.98741 5.93388 54.0608 12.9496 9.90121 85.0825 1.19274 -13 155 1 0 1 
-15.3721 0.698722 54.0608 -11.1669 4.23821 78.0559 1.12911 -13 156 1 0 1 
0.784989 1.42911 54.0608 5.04732 4.02343 88.7062 -0.974176 -13 157 1 0 1 
-9.97925 -1.60932 54.0608 -9.06744 0.95393 88.371 1.14508 -13 158 1 0 1 
-2.48447 -13.2873 54.0608 3.02106 -13.9397 79.3526 1.15297 -13 159 1 0 1 
2.34012 -8.99955 54.0608 9.73762 -5.3501 73.0549 0.502495 -13 160 1 0 1 
4.03883 8.3951 54.0608 8.21702 9.02316 89.9375 0.884132 -13 161 1 0 1 
2.48975 -2.63289 54.0608 5.36548 -4.67963 93.9021 0.4549 -13 162 1 0 1 
11.624 -2.54113 54.0608 19.184 0.547695 88.6076 0.893624 -13 163 1 0 1 
-1.89326 -9.22419 54.0608 0.787825 -12.0268 90.7668 -0.107618 -13 164 1 0 1 
3.72759 1.08389 54.0608 9.02052 3.08995 84.9779 0.516153 -13 165 1 0 1 
0.593775 4.25814 54.0608 3.48988 5.30978 93.451 -0.765429 -13 166 1 0 1 
-0.412617 6.73686 54.0608 1.57652 3.68407 93.0527 1.53105 -13 167 1 0 1 
-11.0239 8.59399 54.0608 -8.37448 13.355 83.9075 0.29426 -13 168 1 0 1 
7.25931 -1.50207 54.0608 13.2503 -0.594248 91.4458 -1.02123 -13 169 1 0 1 
2.41178 0.533245 54.0608 5.55767 0.169034 91.749 -0.0195833 -13 170 1 0 1 
0.842652 -13.3179 54.0608 3.92576 -16.4265 89.1454 -0.351676 -13 171 1 0 1 
-0.71706 0.0844925 54.0608 1.28654 3.58826 92.1607 0.84463 -13 172 1 0 1 
0.851017 -3.58107 54.0608 5.57706 -4.01756 88.7626 -0.807996 -13 173 1 0 1 
-10.7375 -5.90054 54.0608 -8.42607 -8.88999 84.6653 0.610795 -13 174 1 0 1 
-2.73626 0.499888 54.0608 1.59885 0.258896 85.1541 0.665921 -13 175 1 0 1 
-8.13446 4.50171 54.0608 -6.31676 7.85829 88.4157 -0.163943 -13 176 1 0 1 
-0.23525 0.245852 54.0608 -0.324993 4.22265 97.6631 1.36166 -13 177 1 0 1 
-1.102 0.204906 54.0608 0.863481 0.811038 92.9014 0.0618323 -13 178 1 0 1 
-10.7092 4.91996 54.0608 -10.9371 3.71117 88.5137 0.716536 -13 179 1 0 1 
11.8083 -2.49229 54.0608 17.4454 -2.38322 96.1535 0.918713 -13 180 1 0 1 
-10.5203 -6.37249 54.0608 -12.8318 -11.514 93.383 1.46911 -13 181 1 0 1 
-0.620832 0.454345 54.0608 4.00202 2.9657 86.8669 -0.457231 -13 182 1 0 1 
2.48467 5.07185 54.0608 6.38768 3.32905 92.2425 0.35888 -13 183 1 0 1 
-5.61532 -6.96509 54.0608 -2.49817 -9.01236 87.2286 1.14089 -13 184 1 0 1 
-8.41637 3.09197 54.0608 -8.34228 2.58147 90.2454 1.45588 -13 185 1 0 1 
12.1278 -1.05347 54.0608 17.9292 -0.612933 92.8555 1.21513 -13 186 1 0 1 
-2.30927 -0.713481 54.0608 -1.95925 0.725407 94.5608 -1.4796 -13 187 1 0 1 
2.97257 -0.115174 54.0608 3.97338 4.39451 101.074 -1.00222 -13 189 1 0 1 
6.19827 12.0534 54.0608 10.5358 13.1618 91.8065 0.183084 -13 190 1 0 1 
3.83937 -3.17976 54.0608 9.92881 -2.33027 85.1757 0.329633 -13 191 1 0 1 
5.67418 -7.43525 54.0608 11.2753 -13.1307 87.9279 -0.77735 -13 192 1 0 1 
0.179512 4.94179 54.0608 -1.68537 11.748 101.956 1.29476 -13 193 1 0 1 
-2.95381 -3.53971 54.0608 3.7518 -5.94762 80.9676 -0.338697 -13 194 1 0 1 
1.55869 -3.82055 54.0608 7.32223 -6.18222 86.2652 0.879133 -13 195 1 0 1 
-3.61495 0.469023 54.0608 2.38469 -0.104519 77.249 0.694917 -13 196 1 0 1 
8.49917 10.1181 54.0608 16.624 8.75728 69.0286 0.427264 -13 197 1 0 1 
5.49237 1.85383 54.0608 9.62452 5.58303 88.7986 1.59135 -13 198 1 0 1 
-10.845 -1.73701 54.0608 -7.79275 -3.10866 81.2994 2.23486 -13 199 1 0 1 
-1.26483 -1.08743 54.0608 6.92984 -0.5614 75.6007 1.31632 -13 200 1 0 1 
11.1624 -3.95462 54.0608 17.994 -9.93629 88.3998 -0.0869547 -13 201 1 0 1 
2.93301 -6.40111 54.0608 5.96769 -12.1107 93.5232 1.20721 -13 202 1 0 1 
-10.7712 9.34714 54.0608 -8.20132 11.6211 81.791 0.654647 -13 203 1 0 1 
-6.27166 -3.71718 54.0608 -7.4791 -2.94935 95.087 1.29067 -13 204 1 0 1 
1.05177 -10.1597 54.0608 1.97975 -13.7584 95.3752 0.305501 -13 205 1 0 1 
-10.293 0.265152 54.0608 -15.5436 2.48846 98.1639 -0.440059 -13 206 1 0 1 
-8.26388 -2.43045 54.0608 -3.61577 -0.0665688 81.867 -0.6438 -13 207 1 0 1 
-7.10579 -5.35151 54.0608 0.445595 -5.45234 71.0695 0.567945 -13 208 1 0 1 
8.23627 -6.9798 54.0608 12.7141 -6.60437 94.9653 0.932129 -13 209 1 0 1 
4.76527 -6.33611 54.0608 9.16986 -8.57372 92.6037 0.630605 -13 210 1 0 1 
8.9688 -1.31976 54.0608 15.0107 -3.87677 90.0509 0.64259 -13 211 1 0 1 
6.20564 0.992036 54.0608 13.8874 0.282309 82.9399 1.26111 -13 212 1 0 1 
5.29949 -7.32126 54.0608 13.0698 -8.92547 76.8836 0.918 -13 213 1 0 1 
9.65623 1.27496 54.0608 14.8936 2.89695 95.2036 1.14497 -13 214 1 0 1 
-12.4481 -9.3489 54.0608 -16.4665 -14.8807 93.7803 0.833699 -13 215 1 0 1 
-6.58926 -7.56834 54.0608 -2.10018 -10.7326 82.7303 0.469497 -13 216 1 0 1 
-6.93917 2.82478 54.0608 -4.72493 0.421016 85.1365 0.632622 -13 218 1 0 1 
9.18439 0.626243 54.0608 13.648 1.26475 95.8427 0.7494 -13 219 1 0 1 
0.3913 -0.163742 54.0608 2.60308 -2.4688 94.3301 0.121902 -13 220 1 0 1 
-1.49268 4.72586 54.0608 0.789108 5.02415 93.1078 0.940364 -13 221 1 0 1 
2.41432 2.65565 54.0608 4.27141 1.18864 95.9013 -0.0434574 -13 222 1 0 1 
-3.03853 1.64475 54.0608 -3.68275 -0.00240857 96.1274 0.0836202 -13 223 1 0 1 
4.34487 7.30538 54.0608 11.1408 7.44086 79.3308 1.46675 -13 224 1 0 1 
-1.41939 -2.24765 54.0608 0.228486 2.24277 90.2248 -0.30715 -13 225 1 0 1 
10.569 -8.03898 54.0608 14.9386 -15.0886 96.9506 -0.954508 -13 226 1 0 1 
4.77134 0.646899 54.0608 8.99194 0.86207 93.8887 -0.230697 -13 227 1 0 1 
1.81934 -3.02134 54.0608 3.8777 -3.57865 95.6847 0.304805 -13 228 1 0 1 
3.566 1.10514 54.0608 5.64176 0.0161188 97.6083 -0.85129 -13 229 1 0 1 
4.19211 6.67652 54.0608 5.35086 7.76007 98.0438 -0.453738 -13 230 1 0 1 
6.62147 -0.0370088 54.0608 11.4576 2.9965 91.351 0.728852 -13 231 1 0 1 
5.10111 -11.8784 54.0608 12.6603 -10.647 78.1693 0.445412 -13 232 1 0 1 
-0.147615 -1.72313 54.0608 2.26247 -3.31057 93.7091 0.0700577 -13 233 1 0 1 
-14.335 5.16316 54.0608 -17.8661 9.05144 92.91 0.269128 -13 234 1 0 1 
1.18066 6.61215 54.0608 6.11222 6.93928 87.438 1.65947 -13 236 1 0 1 
-19.8043 1.99324 54.0608 -18.541 3.29292 80.1877 0.750098 -13 237 1 0 1 
2.73158 -1.7888 54.0608 5.49086 -5.515 96.0387 -1.14265 -13 238 1 0 1 
6.78088 2.70749 54.0608 13.2555 1.70126 84.773 0.995667 -13 239 1 0 1 
6.12607 4.57117 54.0608 9.25691 8.35914 97.7175 -0.778464 -13 240 1 0 1 
-10.1334 4.48992 54.0608 -7.6643 7.48751 84.8007 0.480416 -13 241 1 0 1 
3.54039 -6.69554 54.0608 10.7185 -9.7586 83.4835 0.0780625 -13 242 1 0 1 
2.90746 2.1475 54.0608 8.91633 2.35963 84.6506 0.827786 -13 243 1 0 1 
-4.56382 2.70289 54.0608 -0.942527 2.93724 87.0388 0.220417 -13 244 1 0 1 
4.16858 12.4306 54.0608 11.8784 12.5322 73.7328 0.844288 -13 245 1 0 1 
10.1284 -2.04441 54.0608 18.879 -1.36671 81.5388 -0.032428 -13 246 1 0 1 
-5.10344 2.89789 54.0608 -3.99531 3.18261 91.1983 1.59072 -13 247 1 0 1 
-5.23635 0.126269 54.0608 -5.50571 6.70842 93.3404 -0.543701 -13 248 1 0 1 
5.66694 -11.1455 54.0608 7.75385 -14.6522 98.4121 -0.744552 -13 249 1 0 1 
13.8677 9.30795 54.0608 21.8035 9.28088 84.9389 0.66659 -13 250 1 0 1 
-2.05906 8.29802 54.0608 0.274946 9.52001 88.6238 1.22939 -13 251 1 0 1 
3.9203 1.05684 54.0608 7.40308 -2.68176 93.4818 1.00515 -13 252 1 0 1 
2.51923 10.5339 54.0608 6.3607 16.1146 91.2875 0.595818 -13 253 1 0 1 
2.65821 1.87025 54.0608 9.74805 2.5762 75.5272 0.406338 -13 254 1 0 1 
-3.38411 -0.643869 54.0608 -5.18166 -2.95659 98.0472 0.428353 -13 255 1 0 1 
-2.79912 -11.1024 54.0608 -0.698477 -13.8919 89.0428 -0.487678 -13 256 1 0 1 
4.92504 7.04885 54.0608 10.8724 8.52894 83.4067 0.315408 -13 257 1 0 1 
-13.2961 -12.1708 54.0608 -14.1248 -15.2823 87.4052 1.86811 -13 258 1 0 1 
-0.772319 4.84256 54.0608 3.76719 4.23786 89.3066 -0.161952 -13 259 1 0 1 
-4.18574 4.80056 54.0608 -2.56697 6.66809 90.3471 0.817381 -13 260 1 0 1 
6.14322 -7.4493 54.0608 10.628 -11.0289 93.0374 0.574202 -13 261 1 0 1 
4.98995 9.44682 54.0608 10.0735 14.0983 88.3918 1.10674 -13 262 1 0 1 
-15.1092 -1.13711 54.0608 -4.76558 -3.27542 59.1498 0.548831 -13 263 1 0 1 
3.49479 2.30701 54.0608 8.51974 -0.735313 87.7043 -1.8057 -13 264 1 0 1 
4.84508 9.69717 54.0608 9.50794 12.1977 85.3771 -0.0592574 -13 265 1 0 1 
9.57935 1.88254 54.0608 16.9348 3.27203 87.6856 0.764942 -13 266 1 0 1 
-8.24122 7.5355 54.0608 -10.4242 10.3531 93.0409 0.0363674 -13 267 1 0 1 
2.41401 -3.24102 54.0608 6.08017 -0.159937 91.0651 0.52288 -13 268 1 0 1 
-11.8699 7.46325 54.0608 -5.90344 11.2567 74.9569 0.266344 -13 269 1 0 1 
-8.61865 -7.83603 54.0608 -4.72556 -11.1412 81.8051 0.845417 -13 270 1 0 1 
-14.2233 -11.7691 54.0608 -10.1789 -17.0503 76.4022 0.336742 -13 271 1 0 1 
1.19396 6.31066 54.0608 5.98549 8.68213 85.2613 1.01509 -13 272 1 0 1 
7.13523 4.48979 54.0608 11.106 5.32381 95.9174 0.435972 -13 273 1 0 1 
-2.95885 -14.0434 54.0608 2.94834 -15.7716 77.6571 0.665531 -13 274 1 0 1 
-5.31206 7.17768 54.0608 -2.90232 5.37367 89.5607 0.139252 -13 275 1 0 1 
-2.19641 11.0393 54.0608 1.9575 9.5747 84.5373 0.793857 -13 276 1 0 1 
-3.78002 0.86009 54.0608 -2.92438 0.474672 92.7254 0.476985 -13 277 1 0 1 
5.56377 5.2974 54.0608 9.63206 4.96068 95.1392 0.126465 -13 278 1 0 1 
-0.437014 -2.25613 54.0608 5.84938 -3.59758 82.0433 0.305839 -13 279 1 0 1 
-2.26833 3.55731 54.0608 0.560358 1.54721 91.6388 0.737504 -13 280 1 0 1 
-3.02268 2.61223 54.0608 -0.81971 -0.353995 86.7091 0.516694 -13 281 1 0 1 
-3.07309 -2.50048 54.0608 3.82303 -1.26294 81.1167 -0.310506 -13 282 1 0 1 
-5.16048 -11.6614 54.0608 0.819381 -15.0353 78.0706 0.803302 -13 283 1 0 1 
-0.163351 8.4238 54.0608 -1.41479 12.175 100.63 -0.463853 -13 284 1 0 1 
-0.76229 -5.50691 54.0608 1.82511 -6.86819 89.7666 0.269234 -13 285 1 0 1 
8.28763 2.45377 54.0608 12.5621 4.18937 94.7894 -0.527322 -13 286 1 0 1 
9.06288 -12.2233 54.0608 16.0392 -11.4831 86.8486 1.97738 -13 287 1 0 1 
-6.89303 -5.6199 54.0608 -2.84976 -11.5719 83.7666 0.214184 -13 288 1 0 1 
11.2371 -4.10969 54.0608 18.4373 -5.98155 91.771 -0.127451 -13 289 1 0 1 
-1.66202 -2.21225 54.0608 -4.66156 -1.38896 98.5378 0.176863 -13 291 1 0 1 
-4.43939 0.232892 54.0608 -3.78246 -4.05546 93.5079 0.21491 -13 292 1 0 1 
9.81405 0.0613388 54.0608 17.8886 -0.111388 68.0508 0.157824 -13 293 1 0 1 
0.732647 -1.00386 54.0608 4.82232 0.666736 88.9328 0.381679 -13 294 1 0 1 
-3.4225 7.72508 54.0608 1.4961 10.3163 81.5815 0.670682 -13 295 1 0 1 
-6.07872 4.57876 54.0608 -1.06496 1.71314 80.617 0.41966 -13 296 1 0 1 
7.48157 -1.69208 54.0608 14.2547 -4.00957 85.5813 1.00906 -13 297 1 0 1 
1.75743 -1.39083 54.0608 7.30265 -6.76521 86.2951 0.480704 -13 298 1 0 1 
3.5103 6.59486 54.0608 7.74127 8.84138 91.1325 -0.134168 -13 299 1 0 1 
-1.70207 -7.33227 54.0608 -1.47707 -9.87342 95.7709 -0.462606 -13 300 1 0 1 
-9.99988 9.19275 54.0608 -1.8006 7.5625 69.1194 1.40356 -13 301 1 0 1 
4.62209 2.57773 54.0608 8.75954 -3.51456 93.5479 0.848343 -13 302 1 0 1 
4.63844 -7.07636 54.0608 11.5969 -12.0736 79.666 0.422717 -13 303 1 0 1 
4.12373 2.87416 54.0608 4.76652 7.05559 99.9288 -0.294871 -13 304 1 0 1 
1.38262 1.55228 54.0608 3.61291 1.06909 95.9885 -0.071353 -13 305 1 0 1 
-11.2176 2.99629 54.0608 -10.6378 5.06903 88.2486 0.961036 -13 306 1 0 1 
5.47053 0.446524 54.0608 7.52391 -0.150222 99.0109 -0.377598 -13 307 1 0 1 
0.201452 -4.84999 54.0608 6.18905 -4.86338 85.6859 0.0536599 -13 308 1 0 1 
11.3794 -6.64512 54.0608 20.1447 -5.85653 76.6111 -0.448924 -13 309 1 0 1 
-4.83873 -10.0559 54.0608 -1.8449 -14.7903 86.9115 -0.250856 -13 310 1 0 1 
0.929474 2.44617 54.0608 5.74423 6.03319 85.7955 -1.30696 -13 311 1 0 1 
-5.15244 -1.03352 54.0608 -3.97018 1.05559 88.6667 -0.596171 -13 312 1 0 1 
-2.44285 10.1839 54.0608 -2.90159 13.9069 95.3173 -0.479886 -13 313 1 0 1 
-5.61776 5.7187 54.0608 -2.71588 5.73373 85.2292 -0.632674 -13 314 1 0 1 
1.15282 5.93941 54.0608 4.04341 7.43403 92.6789 -1.60556 -13 315 1 0 1 
-1.81914 3.17406 54.0608 -0.951309 6.13669 94.9157 1.28341 -13 317 1 0 1 
3.89989 3.21855 54.0608 9.97348 1.23621 83.8038 0.401335 -13 318 1 0 1 
-6.26334 -2.58578 54.0608 -5.43132 -4.17497 90.8266 0.681557 -13 319 1 0 1 
3.09833 6.08806 54.0608 5.25937 5.9315 98.469 0.501939 -13 320 1 0 1 
1.29036 -8.26828 54.0608 2.72212 -13.6 95.0313 1.08221 -13 321 1 0 1 
-4.85831 0.0681745 54.0608 -0.992785 -1.80498 85.2281 0.0855649 -13 322 1 0 1 
5.45515 2.22821 54.0608 12.0584 0.917865 83.4992 0.897198 -13 323 1 0 1 
0.158333 4.61251 54.0608 4.09391 7.4738 87.6761 0.143482 -13 324 1 0 1 
8.4588 6.15989 54.0608 14.1924 9.77119 88.4549 1.3126 -13 325 1 0 1 
3.8853 -9.04607 54.0608 7.08276 -14.5659 92.3771 0.0231268 -13 326 1 0 1 
9.93011 5.5295 54.0608 17.6659 6.00495 84.147 -0.0409221 -13 327 1 0 1 
-2.50346 2.27685 54.0608 -1.57876 1.61373 93.8133 0.287036 -13 328 1 0 1 
0.15816 -1.42245 54.0608 8.11187 0.111346 69.9614 0.321823 -13 329 1 0 1 
0.0060905 3.36184 54.0608 3.20313 3.22269 88.8535 -0.0170264 -13 330 1 0 1 
-9.29781 -13.6465 54.0608 -5.94185 -14.9058 83.5962 -0.277791 -13 331 1 0 1 
2.03944 4.82579 54.0608 8.48223 6.6146 79.2238 0.464443 -13 332 1 0 1 
0.734766 -0.38447 54.0608 5.66946 -0.460022 86.498 -0.585711 -13 333 1 0 1 
6.2451 -0.630051 54.0608 11.3301 -5.79549 91.7866 1.60921 -13 335 1 0 1 
-5.19449 7.23374 54.0608 -4.90522 9.51398 92.0136 1.72012 -13 336 1 0 1 
4.64326 0.479933 54.0608 11.0862 0.530707 86.1511 1.01307 -13 337 1 0 1 
-4.19432 -3.13573 54.0608 0.602577 -8.25734 81.9711 1.36503 -13 338 1 0 1 
-14.7467 1.95593 54.0608 -13.7297 2.44491 83.3846 -0.399219 -13 340 1 0 1 
-5.36098 10.6195 54.0608 0.459655 11.4962 81.2967 -0.334744 -13 341 1 0 1 
5.21952 -2.65509 54.0608 9.99537 -8.51824 90.0236 -0.391392 -13 342 1 0 1 
-2.96412 1.28728 54.0608 -2.26502 2.73791 94.9755 0.437732 -13 343 1 0 1 
10.1378 -2.85338 54.0608 16.3624 -3.54855 88.5807 0.93679 -13 344 1 0 1 
6.10021 -0.0701706 54.0608 13.1284 0.14223 87.165 0.162968 -13 346 1 0 1 
3.62126 6.78558 54.0608 7.08669 4.40903 92.3905 2.32436 -13 347 1 0 1 
0.260965 -6.32652 54.0608 3.01658 -8.26305 89.862 1.10404 -13 348 1 0 1 
1.5683 -4.58841 54.0608 4.18492 -6.62995 93.3011 1.24299 -13 349 1 0 1 
-3.05896 1.31557 54.0608 1.92724 5.96122 82.8589 1.03188 -13 350 1 0 1 
0.755143 -3.16505 54.0608 3.65717 -7.36914 93.381 0.570928 -13 351 1 0 1 
15.0169 6.15494 54.0608 22.3996 9.34223 91.124 0.514204 -13 352 1 0 1 
-5.34826 -2.76509 54.0608 -6.66998 -9.37311 95.8145 -0.598302 -13 353 1 0 1 
4.98644 5.40655 54.0608 10.5677 4.24299 83.0159 1.23302 -13 354 1 0 1 
-0.86565 -1.9368 54.0608 -2.8622 -8.1904 99.4225 0.380732 -13 355 1 0 1 
-5.85383 7.6807 54.0608 -10.3498 9.23082 99.1194 0.650644 -13 356 1 0 1 
5.30829 -11.6583 54.0608 10.7338 -11.6545 87.894 0.529319 -13 357 1 0 1 
6.57667 -7.47696 54.0608 12.0907 -9.50203 89.2605 0.577251 -13 358 1 0 1 
-11.369 -5.75235 54.0608 -11.8939 -6.42473 90.1522 1.30869 -13 359 1 0 1 
-3.81318 2.46473 54.0608 -3.45568 0.734865 96.1989 0.160717 -13 361 1 0 1 
5.50375 4.16334 54.0608 13.7594 0.96749 74.8977 0.152305 -13 362 1 0 1 
7.5027 -2.31125 54.0608 14.2924 -2.99777 82.4394 -0.413522 -13 363 1 0 1 
9.38858 -4.78097 54.0608 13.5331 -9.07011 95.2863 0.195816 -13 364 1 0 1 
1.68951 -1.95596 54.0608 8.80097 -3.17575 83.6338 -0.291895 -13 365 1 0 1 
1.98392 -7.77257 54.0608 5.62103 -10.4622 92.1734 1.68753 -13 366 1 0 1 
-12.9127 7.58212 54.0608 -7.05141 4.59363 76.177 0.170146 -13 367 1 0 1 
-6.7976 -3.2109 54.0608 -7.04862 -6.94741 92.2972 0.379179 -13 368 1 0 1 
1.81236 -6.73281 54.0608 6.84656 -11.1639 85.2015 0.567288 -13 369 1 0 1 
0.951051 -9.73638 54.0608 1.95835 -12.7773 95.5018 0.888891 -13 370 1 0 1 
-9.15975 7.8184 54.0608 -9.91823 8.51709 89.5458 1.57433 -13 372 1 0 1 
-4.02374 14.2897 54.0608 -2.37822 19.1901 88.9383 0.934742 -13 373 1 0 1 
6.25954 8.45708 54.0608 10.5305 9.89692 95.4324 0.507372 -13 374 1 0 1 
3.33151 -4.58102 54.0608 8.29939 -8.26818 88.5748 1.13106 -13 375 1 0 1 
-2.87579 8.81984 54.0608 -1.36195 13.7438 92.6809 0.181564 -13 376 1 0 1 
3.44969 2.68775 54.0608 9.98387 1.12279 86.98 0.114614 -13 377 1 0 1 
-7.53713 6.67086 54.0608 -1.17583 8.35147 74.0051 0.0469326 -13 378 1 0 1 
6.11066 1.32661 54.0608 8.06047 5.03935 98.4236 -0.51409 -13 379 1 0 1 
16.9249 -7.41223 54.0608 24.3786 -12.3788 90.5339 -0.299655 -13 380 1 0 1 
5.30224 5.00638 54.0608 7.29562 4.71326 95.9668 0.934314 -13 381 1 0 1 
-7.90137 -1.23712 54.0608 -3.76887 -3.25982 82.0158 0.974407 -13 382 1 0 1 
-9.00954 -1.27755 54.0608 -8.06286 -1.82788 88.5145 0.887545 -13 383 1 0 1 
-0.731793 -8.95785 54.0608 2.10138 -14.5552 90.1858 0.704464 -13 384 1 0 1 
-1.8835 -7.06639 54.0608 -0.251665 -8.01481 92.3149 -0.310792 -13 385 1 0 1 
4.446 -4.26257 54.0608 4.81286 -6.8788 102.505 -0.282567 -13 386 1 0 1 
2.47033 -4.54928 54.0608 6.263 -6.20748 90.9514 -0.960399 -13 387 1 0 1 
4.5589 -5.9428 54.0608 9.19844 -5.8622 87.2514 1.04425 -13 388 1 0 1 
-9.19238 7.08771 54.0608 -11.4431 8.83286 94.4782 1.00598 -13 389 1 0 1 
0.344026 5.75009 54.0608 -1.0148 2.74701 99.9455 0.561736 -13 390 1 0 1 
-6.3562 6.50246 54.0608 -0.911309 4.08161 79.0536 0.190037 -13 392 1 0 1 
0.832556 -13.3523 54.0608 3.78311 -13.9365 91.8444 1.6032 -13 393 1 0 1 
10.7867 4.47055 54.0608 18.5356 4.46741 83.351 0.00722833 -13 394 1 0 1 
9.82394 -4.31367 54.0608 15.3532 -5.26231 93.1947 0.674408 -13 395 1 0 1 
3.24553 -0.737458 54.0608 7.21542 -1.69016 87.7518 0.79558 -13 396 1 0 1 
0.499911 -1.6821 54.0608 4.32669 -3.87684 88.7013 0.735189 -13 397 1 0 1 
7.7966 -1.13755 54.0608 12.8494 3.21322 92.1608 1.05941 -13 398 1 0 1 
12.8635 -10.5835 54.0608 20.9877 -12.5325 79.3081 0.594809 -13 399 1 0 1 
3.6907 12.2723 54.0608 10.4015 15.5977 81.384 0.0654964 -13 400 1 0 1 
1.02672 -6.28005 54.0608 2.97114 -6.22887 94.4564 1.20647 -13 401 1 0 1 
1.7727 3.98933 54.0608 3.48588 6.15076 95.5644 -0.57572 -13 402 1 0 1 
3.79486 7.89435 54.0608 7.54899 11.6885 91.8688 0.0385523 -13 403 1 0 1 
10.0375 -11.4003 54.0608 15.4283 -12.2984 95.6987 0.919095 -13 404 1 0 1 
6.50065 6.09039 54.0608 13.6707 6.7974 80.3739 0.711131 -13 405 1 0 1 
1.78349 5.56326 54.0608 2.33212 7.74134 98.4784 0.768727 -13 407 1 0 1 
6.18503 -0.410755 54.0608 10.3475 -1.39169 94.5825 0.605308 -13 408 1 0 1 
-0.961555 7.60908 54.0608 -1.09667 8.3073 97.0632 -0.268416 -13 409 1 0 1 
-4.76939 -1.22622 54.0608 -4.94126 -2.32114 95.2764 -0.0309601 -13 411 1 0 1 
15.5367 9.38043 54.0608 22.5866 12.6461 89.2844 1.01749 -13 412 1 0 1 
11.5525 3.64543 54.0608 18.0171 3.25493 92.1036 0.208848 -13 413 1 0 1 
-14.444 6.56343 54.0608 -9.16692 9.03803 77.2335 0.536582 -13 414 1 0 1 
-8.12266 -6.36463 54.0608 -1.06838 -6.00896 74.96 -1.7197 -13 415 1 0 1 
12.8666 14.0151 54.0608 19.5929 15.3976 90.0814 -0.10671 -13 416 1 0 1 
14.0612 -4.53007 54.0608 22.0884 -4.03854 86.9264 -0.71864 -13 418 1 0 1 
6.27247 -3.94155 54.0608 13.6178 -3.32692 81.2883 0.788265 -13 419 1 0 1 
-6.82282 -13.4999 54.0608 -6.52952 -15.0934 91.38 0.329786 -13 420 1 0 1 
-3.85648 -7.61732 54.0608 -5.6802 -12.363 96.3943 0.441607 -13 421 1 0 1 
-1.94661 -3.56488 54.0608 3.32034 -8.56614 81.2652 0.377328 -13 422 1 0 1 
-14.5293 6.11275 54.0608 -14.6628 9.29949 85.3954 0.233002 -13 423 1 0 1 
7.10875 -0.105257 54.0608 14.8933 -0.109541 83.2094 1.07743 -13 424 1 0 1 
-5.8549 9.51727 54.0608 -3.15935 9.71287 86.9913 1.1513 -13 425 1 0 1 
-6.77882 7.14431 54.0608 -11.5747 8.14819 101.213 0.41453 -13 426 1 0 1 
7.25106 0.124932 54.0608 10.3334 -3.27048 97.2893 -0.413425 -13 427 1 0 1 
9.57098 -1.25302 54.0608 17.8254 -3.29717 84.2085 0.490079 -13 428 1 0 1 
11.7764 -9.48204 54.0608 20.0704 -12.432 81.5907 0.0580695 -13 429 1 0 1 
1.02825 -8.20127 54.0608 4.01877 -8.56839 94.4705 -0.537136 -13 430 1 0 1 
-4.5242 -4.86787 54.0608 0.271119 -4.82164 81.5047 -0.257468 -13 431 1 0 1 
-4.88784 4.07912 54.0608 -0.368691 5.46703 82.4325 0.938813 -13 432 1 0 1 
1.7081 7.13313 54.0608 6.6034 7.07613 85.8488 0.561637 -13 433 1 0 1 
7.89938 3.36997 54.0608 14.2539 3.32499 86.0756 1.48596 -13 434 1 0 1 
2.51924 5.25123 54.0608 5.85249 8.84202 91.8571 0.324918 -13 435 1 0 1 
-6.03696 1.01217 54.0608 -3.01946 3.00923 84.7811 1.49791 -13 436 1 0 1 
11.4801 14.1928 54.0608 19.6639 14.7853 66.4019 1.58407 -13 437 1 0 1 
-1.5954 5.15151 54.0608 2.81187 6.4118 84.5109 0.094674 -13 438 1 0 1 
-9.3251 -2.48249 54.0608 -5.24947 -4.22743 80.4224 0.519374 -13 439 1 0 1 
-3.59205 7.10723 54.0608 3.53191 8.29672 71.6665 0.876693 -13 440 1 0 1 
3.57175 3.18863 54.0608 6.72948 2.88139 94.7779 0.0775933 -13 441 1 0 1 
-3.66489 -2.42059 54.0608 -6.48878 -5.24275 99.3371 0.65126 -13 442 1 0 1 
3.64763 10.5454 54.0608 8.12071 11.2347 88.1001 -1.08983 -13 443 1 0 1 
2.67737 2.54999 54.0608 8.17337 4.51387 82.2271 -0.936454 -13 444 1 0 1 
-6.74482 1.30723 54.0608 -8.15577 2.8966 95.9659 0.453697 -13 445 1 0 1 
-3.31445 -2.02825 54.0608 -0.423056 -6.46312 88.2595 -0.123883 -13 447 1 0 1 
-3.17808 2.92738 54.0608 -3.51942 2.11683 95.9285 1.26096 -13 448 1 0 1 
-2.26652 12.6021 54.0608 -0.0954373 17.5946 88.7186 1.49167 -13 449 1 0 1 
-2.39394 8.3323 54.0608 -1.98005 10.2498 93.1227 1.22364 -13 450 1 0 1 
-6.8392 -3.93724 54.0608 -6.08827 -5.20977 88.8796 -0.244743 -13 451 1 0 1 
5.4519 6.96421 54.0608 8.73493 5.84773 97.4069 0.7312 -13 452 1 0 1 
-4.5111 -6.01079 54.0608 0.454169 -4.66364 83.0683 0.78823 -13 453 1 0 1 
-2.84306 -0.0114438 54.0608 0.0760891 -1.62138 90.6395 0.730328 -13 454 1 0 1 
-5.65061 3.66175 54.0608 -0.924475 2.53449 84.2665 0.24728 -13 455 1 0 1 
0.734173 -0.345665 54.0608 1.62958 -3.14436 97.3615 0.738348 -13 456 1 0 1 
15.6403 -9.78767 54.0608 24.2836 -12.4063 80.7617 2.05244 -13 457 1 0 1 
-9.41462 -6.12474 54.0608 -4.49874 -5.35806 78.0141 -0.32138 -13 458 1 0 1 
1.32653 0.899061 54.0608 3.77288 3.99115 94.8797 0.742797 -13 459 1 0 1 
-0.597986 -5.10581 54.0608 3.14374 -6.66386 89.6003 1.13501 -13 460 1 0 1 
7.78479 3.32352 54.0608 15.6202 3.03501 76.4471 -0.287922 -13 461 1 0 1 
3.23782 10.4552 54.0608 5.38263 12.7199 96.2573 0.35975 -13 462 1 0 1 
3.01267 4.17423 54.0608 8.52017 2.97288 84.7753 -0.11876 -13 463 1 0 1 
5.9288 -3.79524 54.0608 7.75516 -7.40303 100.348 1.28012 -13 464 1 0 1 
-2.7319 -3.46605 54.0608 1.93287 -7.45834 87.4034 1.86977 -13 465 1 0 1 
-7.60451 10.4048 54.0608 -5.31524 9.2619 84.8519 -0.130611 -13 466 1 0 1 
1.798 7.98158 54.0608 4.67864 12.5428 93.7896 -0.571448 -13 467 1 0 1 
3.7775 -2.79909 54.0608 10.1 -7.53698 87.4659 0.485146 -13 468 1 0 1 
-13.4454 -5.31482 54.0608 -5.59288 -6.14068 68.302 -0.349317 -13 469 1 0 1 
-7.39805 -3.04628 54.0608 -10.3788 -4.96212 98.0837 0.522627 -13 470 1 0 1 
7.81704 -2.14537 54.0608 15.8761 -4.59675 86.1379 -0.924814 -13 471 1 0 1 
-1.70312 9.30064 54.0608 -0.923515 10.8973 96.0569 1.29932 -13 472 1 0 1 
4.06568 3.93564 54.0608 7.45426 9.6235 94.0073 0.62433 -13 473 1 0 1 
2.26298 -11.6298 54.0608 8.20168 -10.947 82.7878 0.672015 -13 474 1 0 1 
-2.99778 6.38299 54.0608 2.07563 8.81884 81.724 1.1818 -13 475 1 0 1 
14.0074 -5.06578 54.0608 21.341 -5.06243 88.9989 -0.126773 -13 476 1 0 1 
-3.91406 -0.283849 54.0608 -2.94309 1.56331 93.5017 0.229231 -13 477 1 0 1 
-1.85492 -6.8565 54.0608 -1.13899 -7.86673 95.158 -0.891511 -13 478 1 0 1 
-6.25566 4.93643 54.0608 -6.47297 3.17677 93.397 0.339086 -13 479 1 0 1 
-12.3382 2.96892 54.0608 -13.7235 5.60531 90.2454 0.241316 -13 480 1 0 1 
-3.98327 -4.08448 54.0608 -2.41389 -4.79519 91.6246 1.11518 -13 481 1 0 1 
5.94764 -7.52473 54.0608 10.8217 -9.34942 89.5889 0.666887 -13 482 1 0 1 
-2.39375 -9.66906 54.0608 -1.75528 -12.9788 92.9408 0.38311 -13 483 1 0 1 
0.999746 1.3689 54.0608 5.13048 4.20629 87.9473 0.38466 -13 484 1 0 1 
-8.45943 8.31816 54.0608 -3.95724 9.14065 82.1336 1.06575 -13 485 1 0 1 
-3.46735 1.85349 54.0608 -1.52649 1.74525 91.6544 -0.363348 -13 486 1 0 1 
-12.6711 -6.36528 54.0608 -10.9427 -6.62224 85.0545 0.220357 -13 487 1 0 1 
4.3963 5.78974 54.0608 8.14266 8.54987 93.659 0.0607141 -13 488 1 0 1 
5.62758 -7.40303 54.0608 9.67718 -7.53797 92.2385 0.0806422 -13 489 1 0 1 
7.52607 1.40301 54.0608 11.8498 -1.28333 95.2633 -0.557936 -13 490 1 0 1 
14.1939 0.743018 54.0608 21.3198 2.00579 92.042 0.991167 -13 491 1 0 1 
14.23 -1.25993 54.0608 22.1354 -5.31963 86.9242 -0.411756 -13 492 1 0 1 
-1.8928 1.85732 54.0608 4.26405 1.05146 80.6942 0.935898 -13 493 1 0 1 
11.9819 -2.84859 54.0608 20.5693 -3.84581 78.6536 1.50974 -13 494 1 0 1 
5.15883 3.95413 54.0608 9.82921 5.37031 94.291 -0.283419 -13 495 1 0 1 
6.59612 9.07175 54.0608 16.4337 6.82783 71.7023 1.17249 -13 496 1 0 1 
-2.01743 -2.26634 54.0608 -0.887646 1.67163 94.4137 0.58618 -13 497 1 0 1 
5.77577 10.7337 54.0608 9.21049 14.9106 94.3879 0.359505 -13 498 1 0 1 
3.43042 -4.92014 54.0608 5.79949 -5.36751 94.5422 -0.460056 -13 499 1 0 1 
3.87626 5.08127 54.0608 11.0704 5.01902 75.1816 -0.914575 -13 500 1 0 1 
-7.18692 -6.72282 54.0608 -4.08176 -9.04095 87.2611 -0.129525 -13 501 1 0 1 
-4.52341 3.62787 54.0608 -3.96334 6.60637 94.2764 -0.189414 -13 502 1 0 1 
-2.77562 -11.3109 54.0608 -2.20887 -15.595 93.7678 0.583536 -13 503 1 0 1 
0.893914 -10.0288 54.0608 7.63465 -13.8798 80.1271 0.264789 -13 504 1 0 1 
-4.57233 -6.64739 54.0608 -0.120181 -6.56506 83.9325 0.568172 -13 505 1 0 1 
-6.06216 5.34035 54.0608 -4.15872 5.00721 86.4024 1.13093 -13 506 1 0 1 
-5.68773 5.73758 54.0608 -7.46744 5.47738 94.4314 0.359292 -13 507 1 0 1 
2.24641 7.1841 54.0608 8.58888 7.58873 84.19 -0.643055 -13 508 1 0 1 
-0.144829 -0.436204 54.0608 3.86727 -3.56657 87.5309 0.0516524 -13 509 1 0 1 
-5.42279 -9.13075 54.0608 -3.46437 -14.7572 88.3147 1.24223 -13 510 1 0 1 
-12.2086 1.33659 54.0608 -10.4932 4.9588 87.5144 0.318518 -13 511 1 0 1 
-0.672806 -1.17175 54.0608 2.00935 2.36419 89.9316 -0.500644 -13 513 1 0 1 
3.62742 -3.7222 54.0608 9.37844 -2.40795 78.4908 0.291536 -13 514 1 0 1 
9.70006 -3.2252 54.0608 16.9186 -5.24483 84.122 -0.146109 -13 515 1 0 1 
6.20431 10.2142 54.0608 11.6225 13.9069 89.6953 0.590164 -13 516 1 0 1 
-4.92915 11.7599 54.0608 0.277849 13.3715 81.2174 -0.0682771 -13 517 1 0 1 
2.15955 -3.72298 54.0608 4.79195 -6.56614 91.6886 0.389791 -13 518 1 0 1 
-2.52836 11.1312 54.0608 0.25216 15.7894 89.1338 -0.0901675 -13 519 1 0 1 
0.315356 7.28466 54.0608 3.09609 8.15234 91.9827 0.927176 -13 520 1 0 1 
-3.01542 8.15586 54.0608 1.55631 8.61184 82.2477 -0.271347 -13 521 1 0 1 
5.48254 2.85863 54.0608 10.6487 -0.566054 90.9312 0.807606 -13 522 1 0 1 
-0.979078 1.04376 54.0608 6.75808 1.40602 69.7312 -1.08187 -13 523 1 0 1 
-0.922284 -3.29434 54.0608 5.35683 -2.31965 80.7109 0.896408 -13 524 1 0 1 
-0.334313 -1.86599 54.0608 0.0885927 1.09112 97.7862 0.296602 -13 525 1 0 1 
-5.83066 0.290958 54.0608 -7.8481 -2.29103 94.5951 0.505633 -13 526 1 0 1 
11.2513 0.581899 54.0608 15.4129 1.43197 99.5208 -0.304867 -13 527 1 0 1 
11.1782 -0.696707 54.0608 19.0599 -1.4111 84.55 1.14127 -13 528 1 0 1 
2.32203 8.49549 54.0608 6.19087 14.6547 89.0222 0.616616 -13 529 1 0 1 
4.13157 -4.86719 54.0608 9.92498 -7.90497 87.5854 0.526716 -13 530 1 0 1 
1.27977 12.421 54.0608 1.35697 16.0023 96.1569 0.806103 -13 531 1 0 1 
7.04576 -2.59705 54.0608 14.7962 -1.89386 82.9063 -0.72959 -13 532 1 0 1 
-14.2421 -3.58097 54.0608 -15.0612 -8.09191 88.772 2.14477 -13 533 1 0 1 
-1.08176 7.62809 54.0608 2.30319 9.06569 89.1374 -0.690518 -13 534 1 0 1 
-1.57297 5.94257 54.0608 0.857135 4.7001 91.3473 -0.588189 -13 535 1 0 1 
-4.98534 0.417459 54.0608 -6.05009 2.15104 96.1567 -0.300876 -13 536 1 0 1 
-12.0331 -9.31528 54.0608 -12.1983 -9.91663 87.8586 -0.000774492 -13 537 1 0 1 
8.99899 4.5472 54.0608 14.3355 6.04213 91.7823 0.705899 -13 538 1 0 1 
10.3267 -13.1868 54.0608 16.8554 -17.8293 86.6427 -0.772711 -13 539 1 0 1 
-0.118052 3.60541 54.0608 6.76508 4.01416 78.9769 2.04697 -13 540 1 0 1 
-3.10892 -2.22411 54.0608 -0.449677 -1.29449 90.2921 1.35589 -13 541 1 0 1 
-11.8705 -8.03987 54.0608 -12.1973 -6.67867 87.7913 -0.610179 -13 542 1 0 1 
-3.46743 0.798814 54.0608 1.20833 4.46902 86.3653 2.21926 -13 543 1 0 1 
5.8597 7.02618 54.0608 8.16775 12.1141 98.2973 -0.689716 -13 544 1 0 1 
-0.596783 -4.26761 54.0608 2.73737 -10.6754 89.5264 0.620796 -13 545 1 0 1 
3.09316 11.0557 54.0608 10.0943 13.5879 81.2181 -0.398912 -13 546 1 0 1 
6.90423 -6.40995 54.0608 13.7325 -7.34882 83.5738 1.63573 -13 547 1 0 1 
9.65959 2.10663 54.0608 15.9061 2.47452 89.4312 0.135379 -13 548 1 0 1 
3.2811 7.2503 54.0608 9.36088 12.6635 83.8798 -0.726357 -13 549 1 0 1 
-3.0491 11.3354 54.0608 -1.05795 15.7009 89.2342 0.00609396 -13 551 1 0 1 
1.23658 -1.00136 54.0608 8.64302 -1.70404 81.4469 1.7124 -13 552 1 0 1 
7.16189 2.24039 54.0608 14.4646 -0.362953 86.1328 0.928304 -13 553 1 0 1 
-4.32347 -1.07792 54.0608 0.765581 0.0225582 81.8096 1.22861 -13 554 1 0 1 
7.11815 -0.111664 54.0608 12.3907 0.351396 90.0206 -0.182418 -13 555 1 0 1 
7.81279 7.51429 54.0608 15.0289 9.77266 83.3614 2.19967 -13 556 1 0 1 
-0.221041 -4.50618 54.0608 -1.88305 -9.7849 97.0173 0.783112 -13 557 1 0 1 
2.74949 -5.69208 54.0608 7.43062 -5.08249 88.7198 0.52005 -13 558 1 0 1 
-12.6156 0.508634 54.0608 -11.6214 -1.80688 83.8515 0.869902 -13 559 1 0 1 
4.22029 -2.84583 54.0608 11.3622 -6.54165 80.2063 0.892023 -13 560 1 0 1 
-3.57887 13.9296 54.0608 3.39971 14.8919 70.3828 1.27722 -13 561 1 0 1 
-6.3563 3.34474 54.0608 -7.28375 3.75778 93.3946 0.369729 -13 562 1 0 1 
-0.749152 -14.1977 54.0608 4.71769 -16.064 80.9733 0.315241 -13 563 1 0 1 
-10.2135 1.13601 54.0608 -9.71225 3.63391 88.323 0.756911 -13 564 1 0 1 
-5.60464 -0.265258 54.0608 -4.40732 1.9279 90.7002 -0.771386 -13 565 1 0 1 
-7.14598 -8.89623 54.0608 -5.05519 -11.5796 87.5487 -0.369126 -13 566 1 0 1 
5.54072 1.93846 54.0608 12.102 5.51449 78.7004 0.164381 -13 567 1 0 1 
1.7342 1.32159 54.0608 3.63128 1.62671 95.0475 -1.0545 -13 568 1 0 1 
4.18554 -1.12877 54.0608 7.02052 -1.24041 94.0978 0.502852 -13 569 1 0 1 
-2.32111 -2.07594 54.0608 3.38891 -0.652558 84.7005 0.106762 -13 570 1 0 1 
-8.79722 7.17762 54.0608 -8.19241 8.76324 88.804 -1.75404 -13 571 1 0 1 
-5.18198 -1.56416 54.0608 -3.3232 -4.58503 91.4314 -0.695208 -13 572 1 0 1 
1.67165 10.1985 54.0608 8.5265 8.61238 78.8764 0.622691 -13 573 1 0 1 
2.40372 -3.2334 54.0608 7.45371 -6.31942 84.5429 0.300511 -13 574 1 0 1 
13.8833 4.32123 54.0608 22.0019 1.91965 65.819 1.15579 -13 575 1 0 1 
-4.01174 -2.01391 54.0608 -1.44666 -5.08052 90.3852 1.14813 -13 576 1 0 1 
-8.57942 3.28132 54.0608 -14.0541 3.60838 96.9939 0.417707 -13 577 1 0 1 
5.48881 4.08298 54.0608 10.9488 5.24363 87.7813 -0.229769 -13 578 1 0 1 
-1.57019 6.46291 54.0608 -0.052987 8.95738 93.3307 -0.129024 -13 579 1 0 1 
-1.73641 -7.33099 54.0608 1.25445 -8.83398 89.9357 0.649992 -13 580 1 0 1 
-12.3598 6.37322 54.0608 -11.9387 6.75205 86.3167 -0.438991 -13 581 1 0 1 
-11.411 -13.7983 54.0608 -10.2977 -18.1489 85.1599 -0.213881 -13 582 1 0 1 
-4.18022 -0.342426 54.0608 -3.53964 -2.27027 92.541 0.0842762 -13 583 1 0 1 
2.71751 -8.31123 54.0608 7.09673 -12.8682 85.9175 -0.649372 -13 584 1 0 1 
-8.55992 4.92873 54.0608 -5.67399 3.98158 85.9927 1.10714 -13 585 1 0 1 
-12.7216 3.1088 54.0608 -16.2262 4.67402 94.2986 1.32152 -13 586 1 0 1 
-8.63361 1.01437 54.0608 -13.598 3.79993 97.4669 1.39521 -13 587 1 0 1 
-2.89236 -12.8454 54.0608 1.30923 -17.5611 80.7295 0.689617 -13 588 1 0 1 
1.44447 0.0870242 54.0608 6.97511 -1.22496 83.5464 0.410777 -13 589 1 0 1 
2.58355 3.23715 54.0608 6.62732 1.85342 90.3556 0.634551 -13 590 1 0 1 
5.41914 7.5357 54.0608 9.39961 6.93189 92.0675 -1.19896 -13 591 1 0 1 
7.48332 -5.34289 54.0608 12.6614 -5.0592 91.554 0.348177 -13 592 1 0 1 
-11.7689 0.866463 54.0608 -18.7708 -2.61771 97.3769 0.0633943 -13 593 1 0 1 
-4.61731 5.95114 54.0608 -1.59561 4.3655 87.6426 0.81398 -13 594 1 0 1 
2.44392 -2.74597 54.0608 4.56817 -2.77654 93.7989 0.762727 -13 595 1 0 1 
-6.22737 9.26727 54.0608 -2.66443 12.2328 82.6676 0.930355 -13 596 1 0 1 
2.64 7.40074 54.0608 8.50463 7.28136 85.7032 -0.0963523 -13 597 1 0 1 
-0.0842639 -3.66548 54.0608 2.19849 -4.99461 94.2089 -0.379281 -13 598 1 0 1 
-5.07776 9.46213 54.0608 -3.20814 12.7224 89.7074 1.04803 -13 599 1 0 1 
-6.22712 5.68398 54.0608 -4.46406 7.01972 86.8461 0.581121 -13 600 1 0 1 
9.18034 8.2569 54.0608 14.2463 10.6976 92.2535 0.285935 -13 601 1 0 1 
-2.11726 4.81385 54.0608 6.44199 8.03547 69.9761 1.35912 -13 602 1 0 1 
6.11894 -0.320942 54.0608 12.4349 -0.118869 84.2999 0.899602 -13 603 1 0 1 
7.69219 -8.75358 54.0608 11.6303 -8.78008 96.1249 -0.15439 -13 604 1 0 1 
-5.14412 8.12393 54.0608 -3.13034 12.4271 88.6347 0.0636746 -13 605 1 0 1 
-2.55127 3.56945 54.0608 0.804001 3.81714 89.0776 1.19103 -13 606 1 0 1 
-3.54006 10.8386 54.0608 -3.27371 14.9467 92.6144 0.552087 -13 607 1 0 1 
-6.5965 5.94536 54.0608 -3.17842 8.66864 83.7064 0.858248 -13 609 1 0 1 
-5.04829 -6.26745 54.0608 -6.42386 -5.82143 95.5783 -0.0583243 -13 610 1 0 1 
9.76407 -7.00309 54.0608 13.9737 -7.69581 98.8262 0.104289 -13 611 1 0 1 
-12.6888 -10.1662 54.0608 -11.4133 -16.7422 86.154 0.645126 -13 612 1 0 1 
10.5311 10.3044 54.0608 17.432 14.42 84.8173 0.71672 -13 613 1 0 1 
-3.67623 -0.140551 54.0608 -0.557124 2.69282 88.4797 -0.297465 -13 615 1 0 1 
6.47698 6.82615 54.0608 11.7596 10.698 89.8986 0.3443 -13 616 1 0 1 
0.770679 6.84785 54.0608 0.153363 16.8061 99.0957 1.52641 -13 617 1 0 1 
7.61756 -8.01271 54.0608 12.9299 -9.90421 90.1818 1.60966 -13 618 1 0 1 
7.63277 -1.59898 54.0608 12.7799 -5.12098 89.2627 0.436643 -13 619 1 0 1 
-2.49535 13.5693 54.0608 0.842495 14.8108 85.0004 0.458444 -13 620 1 0 1 
4.67226 -0.0814028 54.0608 12.2771 0.510253 76.7481 0.13444 -13 621 1 0 1 
1.68793 7.06522 54.0608 7.0096 10.8855 85.7868 -0.860422 -13 622 1 0 1 
-2.32941 -1.37534 54.0608 3.34417 -1.74986 81.1087 0.478001 -13 623 1 0 1 
-0.985139 12.7136 54.0608 2.90805 14.2793 86.6092 0.0432693 -13 625 1 0 1 
-4.29614 3.17128 54.0608 -0.539917 3.03281 85.3116 0.851876 -13 626 1 0 1 
-0.625897 7.57989 54.0608 2.89448 5.56073 90.8779 1.15454 -13 627 1 0 1 
8.28265 -1.27452 54.0608 13.3339 -1.60441 94.578 -0.00827127 -13 628 1 0 1 
-13.2803 -4.73162 54.0608 -8.71468 -9.53974 76.6912 0.820364 -13 629 1 0 1 
-1.33981 -3.543 54.0608 3.60812 -7.64239 82.785 0.155798 -13 630 1 0 1 
6.96635 -8.60995 54.0608 13.7671 -12.4802 84.1112 0.62952 -13 631 1 0 1 
-6.07762 -9.57472 54.0608 -3.61325 -9.03565 86.9214 -0.0690146 -13 632 1 0 1 
5.61737 -0.97862 54.0608 11.2239 0.0375472 88.3397 0.278676 -13 633 1 0 1 
-8.12513 4.73364 54.0608 -7.91163 6.10758 88.8757 0.0850828 -13 634 1 0 1 
-0.934919 8.00001 54.0608 0.819611 13.2136 92.1746 0.334673 -13 635 1 0 1 
0.857396 -3.63751 54.0608 4.44411 -5.34578 93.1832 0.097079 -13 636 1 0 1 
-7.63942 -2.09651 54.0608 -4.80103 -6.16333 86.4057 0.656254 -13 637 1 0 1 
-9.03102 1.70285 54.0608 -1.76315 2.16559 73.2122 0.879371 -13 639 1 0 1 
10.2967 -6.69174 54.0608 18.0977 -4.9236 73.249 -0.0916176 -13 640 1 0 1 
-2.60417 3.08763 54.0608 -1.88148 1.9198 93.2353 0.775156 -13 641 1 0 1 
-0.524399 -0.0542857 54.0608 4.3986 -0.604467 86.7384 1.48423 -13 642 1 0 1 
4.00634 4.5854 54.0608 6.63881 3.37384 95.8667 -0.667813 -13 643 1 0 1 
10.6479 -8.09102 54.0608 17.1687 -6.95118 81.1276 0.374894 -13 644 1 0 1 
3.31341 -11.4625 54.0608 9.91287 -10.0773 77.7347 0.349904 -13 645 1 0 1 
2.75193 -4.73382 54.0608 7.07709 -5.00642 89.346 -0.0592463 -13 646 1 0 1 
9.83123 3.93656 54.0608 18.3219 5.61699 73.5025 0.27392 -13 647 1 0 1 
0.193202 -8.95253 54.0608 5.19412 -15.5005 86.9129 -0.473827 -13 650 1 0 1 
9.33229 -1.74824 54.0608 15.4661 -0.00740654 88.6518 -0.0480907 -13 651 1 0 1 
-9.11156 7.25104 54.0608 -8.85137 8.34161 89.1491 1.08518 -13 652 1 0 1 
-10.579 10.2514 54.0608 -7.8812 16.2927 84.0339 1.24358 -13 653 1 0 1 
8.85177 8.41276 54.0608 14.8821 11.3176 87.8158 0.368865 -13 654 1 0 1 
1.5573 5.85935 54.0608 4.60866 10.2101 90.0767 0.732243 -13 655 1 0 1 
-3.10077 -1.04488 54.0608 -1.87881 -1.30352 93.711 -0.995251 -13 656 1 0 1 
4.12574 1.47666 54.0608 6.82274 0.968083 94.8369 -0.540968 -13 657 1 0 1 
-0.34582 -3.49007 54.0608 2.92872 -5.07542 90.4365 0.308112 -13 658 1 0 1 
12.6346 3.96541 54.0608 19.4671 7.8264 93.0048 1.24285 -13 659 1 0 1 
2.76973 6.066 54.0608 7.48376 4.37592 87.7115 -0.236636 -13 660 1 0 1 
0.345988 -9.68964 54.0608 4.00169 -12.9836 91.2871 1.60124 -13 661 1 0 1 
6.17163 7.13118 54.0608 11.2802 8.74851 86.3433 0.448533 -13 663 1 0 1 
-0.242784 -7.50195 54.0608 1.75132 -4.54206 93.8698 -0.74253 -13 664 1 0 1 
-6.56836 7.90512 54.0608 -6.11157 11.0694 90.5083 0.129671 -13 665 1 0 1 
9.09142 4.3388 54.0608 13.1204 9.05935 94.6063 0.410437 -13 666 1 0 1 
-2.18722 5.14796 54.0608 0.947222 7.13086 89.0208 0.310293 -13 667 1 0 1 
-16.6695 -1.04173 54.0608 -22.8457 -3.25618 93.4434 0.535124 -13 668 1 0 1 
-1.41384 -8.15433 54.0608 5.39315 -9.11622 79.7221 0.107437 -13 669 1 0 1 
5.9326 -4.07473 54.0608 9.93043 -5.78487 93.2193 1.26964 -13 670 1 0 1 
-9.4455 8.20129 54.0608 -4.49019 10.9214 79.277 0.615918 -13 671 1 0 1 
0.707118 -1.29975 54.0608 -0.184197 -3.9082 100.061 0.96102 -13 672 1 0 1 
2.17331 -5.0734 54.0608 4.28406 -6.14936 94.8885 -0.359014 -13 673 1 0 1 
-2.21725 6.17633 54.0608 1.61097 10.7723 87.8112 0.944114 -13 674 1 0 1 
-4.3656 3.28137 54.0608 -2.27847 5.31571 90.4726 0.270538 -13 675 1 0 1 
9.66353 -4.32829 54.0608 15.0969 -3.48627 93.2185 -0.157974 -13 676 1 0 1 
4.35826 3.65648 54.0608 8.80109 6.32167 89.2426 0.395039 -13 677 1 0 1 
4.22709 -11.8804 54.0608 8.69056 -13.4216 90.9803 0.0331511 -13 678 1 0 1 
0.579435 -6.58114 54.0608 3.83419 -7.24939 91.0733 0.122167 -13 679 1 0 1 
6.1565 -7.38834 54.0608 8.33603 -12.3126 98.8311 -0.0235745 -13 680 1 0 1 
5.7103 4.90783 54.0608 9.61195 4.9426 94.5882 0.430665 -13 681 1 0 1 
0.899582 -2.04465 54.0608 2.32773 -1.26866 95.2711 -0.28786 -13 682 1 0 1 
1.76481 13.1634 54.0608 4.30817 18.3275 89.0182 -0.991448 -13 683 1 0 1 
-3.98456 3.86961 54.0608 -1.18555 4.14652 87.674 0.970144 -13 684 1 0 1 
-3.49738 -1.39702 54.0608 -2.26009 -5.7243 90.8389 -0.1788 -13 685 1 0 1 
-5.26989 9.08009 54.0608 -2.77482 10.7764 87.434 0.298667 -13 686 1 0 1 
-5.72537 7.14024 54.0608 1.81021 6.16146 72.0608 -0.0138664 -13 687 1 0 1 
-2.40871 4.54994 54.0608 2.03292 3.83205 84.4625 -0.163065 -13 688 1 0 1 
5.22182 -7.93249 54.0608 10.0473 -9.09413 89.4408 0.0168774 -13 689 1 0 1 
-10.7755 -2.03841 54.0608 -11.9765 -10.9711 92.1013 -0.968716 -13 690 1 0 1 
-1.21172 8.86841 54.0608 4.1992 11.8346 83.0172 -0.0233265 -13 692 1 0 1 
-9.05799 -7.26034 54.0608 -8.34579 -7.40765 88.4207 -0.319329 -13 693 1 0 1 
11.9921 0.382394 54.0608 18.6707 1.7191 91.9519 -1.23468 -13 694 1 0 1 
-3.71506 3.70452 54.0608 -1.63962 2.74343 90.2118 0.0286615 -13 695 1 0 1 
-8.92979 3.12228 54.0608 -10.3096 4.90252 92.4641 0.212709 -13 696 1 0 1 
0.599422 7.47054 54.0608 4.85562 8.11651 86.2927 -1.03626 -13 697 1 0 1 
-9.66678 3.61444 54.0608 -11.6282 3.94072 92.4743 0.449883 -13 698 1 0 1 
0.69851 -7.40759 54.0608 3.09423 -13.7482 91.9938 -0.555232 -13 699 1 0 1 
4.6724 -9.56602 54.0608 10.4396 -10.6124 81.0151 0.296796 -13 700 1 0 1 
-4.4387 13.1455 54.0608 -8.14756 19.0912 97.8143 0.504292 -13 701 1 0 1 
-1.59141 -9.11166 54.0608 3.12176 -9.56677 82.9855 -0.451178 -13 703 1 0 1 
5.62174 8.76101 54.0608 12.6249 8.40636 84.6074 0.799368 -13 704 1 0 1 
2.33669 -7.10108 54.0608 10.7338 -7.53971 70.8878 0.171628 -13 705 1 0 1 
1.14239 0.52163 54.0608 4.62703 -2.03281 89.2342 1.23601 -13 706 1 0 1 
10.6192 -2.54904 54.0608 14.1326 -7.83042 99.55 0.603978 -13 707 1 0 1 
3.61725 -5.20705 54.0608 7.95431 -7.90247 90.9363 0.454683 -13 708 1 0 1 
-3.69706 -3.53249 54.0608 -3.07307 -3.655 94.3899 -0.150526 -13 709 1 0 1 
-5.69138 -2.5464 54.0608 -1.15294 -5.7045 81.4687 0.0570105 -13 710 1 0 1 
-7.64782 -7.42951 54.0608 -6.01562 -14.4757 87.3203 -0.566324 -13 711 1 0 1 
-4.11046 10.284 54.0608 0.376771 11.4326 86.039 0.0218575 -13 712 1 0 1 
2.41789 -0.520618 54.0608 7.96744 -2.49461 82.8893 0.314474 -13 713 1 0 1 
7.20242 -2.20209 54.0608 9.9119 -0.157292 99.3393 -0.707697 -13 714 1 0 1 
-10.5973 6.80021 54.0608 -11.0274 7.69175 90.0328 -0.424984 -13 715 1 0 1 
-4.4042 7.40487 54.0608 -2.01586 8.72558 90.3603 0.123655 -13 716 1 0 1 
-0.68876 11.7744 54.0608 -0.294674 20.9702 95.3232 1.38388 -13 717 1 0 1 
-3.99298 -2.66738 54.0608 -1.2059 -4.33451 86.7199 0.0843852 -13 718 1 0 1 
1.64204 2.64421 54.0608 5.57203 6.49058 88.5892 0.429477 -13 719 1 0 1 
-6.00669 -7.01583 54.0608 -8.05543 -8.68094 96.2145 1.0396 -13 720 1 0 1 
10.3806 2.76317 54.0608 18.1293 6.54502 84.5249 0.586228 -13 721 1 0 1 
-1.5913 7.64406 54.0608 -4.07925 10.5403 97.5174 0.519943 -13 723 1 0 1 
12.2855 10.1423 54.0608 19.8783 8.82698 66.8691 0.542372 -13 724 1 0 1 
5.57064 2.1221 54.0608 8.97132 -0.185433 97.1302 0.183933 -13 725 1 0 1 
13.895 2.99545 54.0608 21.9812 3.99337 70.5746 -0.131031 -13 726 1 0 1 
5.20166 -1.94027 54.0608 12.8455 -3.12733 74.2073 -0.406593 -13 727 1 0 1 
14.933 -8.88041 54.0608 23.4491 -10.9307 73.8943 -0.902095 -13 728 1 0 1 
8.63768 -0.47986 54.0608 16.7953 -2.68539 82.0174 -0.18517 -13 729 1 0 1 
6.83133 0.0482479 54.0608 12.7598 -3.81399 86.4279 0.730848 -13 730 1 0 1 
-0.623419 -6.14127 54.0608 5.2786 -6.90971 81.8581 -0.101073 -13 731 1 0 1 
-4.55676 8.68523 54.0608 0.109781 9.69784 81.3895 0.267106 -13 732 1 0 1 
-0.612331 -0.533791 54.0608 0.442456 -0.377284 96.6582 1.20017 -13 733 1 0 1 
12.5023 7.7393 54.0608 20.5987 7.82412 71.9261 1.45004 -13 734 1 0 1 
-4.46092 -6.07196 54.0608 4.27851 -7.21343 67.229 1.48348 -13 735 1 0 1 
6.67174 1.36022 54.0608 9.13505 -2.48659 101.369 0.686755 -13 736 1 0 1 
-1.58811 2.15041 54.0608 -4.79437 1.27983 99.4165 1.87831 -13 737 1 0 1 
-10.8458 -9.0403 54.0608 -5.993 -10.8236 74.9737 0.0943698 -13 738 1 0 1 
-0.187464 -4.35891 54.0608 2.53837 -8.15899 89.6646 1.04766 -13 739 1 0 1 
-3.51471 -5.70342 54.0608 0.490809 -5.45901 83.437 -0.190817 -13 740 1 0 1 
6.11286 9.56083 54.0608 13.0404 9.31238 82.0953 -1.28388 -13 741 1 0 1 
-6.91891 -8.00034 54.0608 -9.50858 -7.22889 95.6172 -0.824105 -13 742 1 0 1 
-11.7844 8.41354 54.0608 -8.00984 8.22162 82.0268 0.0353444 -13 743 1 0 1 
-0.988499 0.169742 54.0608 4.72108 -2.30209 80.2804 0.334723 -13 744 1 0 1 
-4.86573 -11.6035 54.0608 6.13425 -6.34873 60.2665 1.5292 -13 745 1 0 1 
8.52235 -13.1565 54.0608 13.6825 -15.1264 91.3192 -0.0170577 -13 746 1 0 1 
-16.0759 -8.1277 54.0608 -10.9912 -14.2031 73.7549 0.757446 -13 747 1 0 1 
3.22741 0.515815 54.0608 9.72894 1.57542 86.4961 -0.223754 -13 748 1 0 1 
-9.27953 -4.75609 54.0608 -8.86165 -8.18513 90.3498 0.397525 -13 749 1 0 1 
-1.71079 0.884605 54.0608 2.23777 0.569502 87.2435 0.508657 -13 750 1 0 1 
10.6607 -1.69276 54.0608 16.9013 0.135932 92.1957 0.64483 -13 751 1 0 1 
-10.0145 1.47222 54.0608 -6.4333 -1.56901 80.3929 -0.932151 -13 752 1 0 1 
0.950509 -2.88769 54.0608 6.1262 -4.50606 87.0795 0.501548 -13 753 1 0 1 
-10.3061 7.72138 54.0608 -10.2283 9.40822 87.2528 -0.72887 -13 754 1 0 1 
-0.0265627 -2.11085 54.0608 5.27287 -2.70234 85.2147 1.37661 -13 755 1 0 1 
8.09479 1.81016 54.0608 12.9102 -0.190639 93.6903 1.86242 -13 756 1 0 1 
-2.02324 -0.171325 54.0608 0.019453 2.22483 92.4527 0.705037 -13 757 1 0 1 
-5.13356 2.21487 54.0608 -3.09792 0.116203 89.7461 1.24574 -13 758 1 0 1 
5.28636 2.58316 54.0608 11.2343 1.24129 90.0098 -0.368857 -13 759 1 0 1 
6.65838 -11.319 54.0608 11.148 -14.8564 92.6433 1.08149 -13 760 1 0 1 
-1.16123 8.73915 54.0608 -0.354522 16.9395 91.8289 1.38568 -13 761 1 0 1 
2.3049 -8.11539 54.0608 3.86978 -9.68231 96.8049 0.559256 -13 762 1 0 1 
1.41205 2.30575 54.0608 5.72785 2.7169 88.501 0.213231 -13 763 1 0 1 
-7.63607 -2.14153 54.0608 -3.59049 -2.88646 84.1653 -0.460706 -13 764 1 0 1 
-7.86084 8.12014 54.0608 -3.21474 8.14108 81.8904 0.4896 -13 765 1 0 1 
-7.02873 -1.762 54.0608 -3.30002 -2.75066 84.397 -0.674135 -13 766 1 0 1 
16.4091 2.65673 54.0608 24.413 4.28856 88.3698 -0.431835 -13 767 1 0 1 
-16.3069 -5.41577 54.0608 -18.0851 -11.8256 87.6127 -0.0842667 -13 768 1 0 1 
-2.71114 -4.99373 54.0608 1.4079 -5.91085 84.7508 1.20091 -13 769 1 0 1 
9.4811 2.67013 54.0608 17.1574 1.4605 83.3364 -0.146191 -13 770 1 0 1 
-8.73474 -10.8639 54.0608 -4.20402 -13.8363 79.5791 -0.724451 -13 771 1 0 1 
2.75566 -4.76044 54.0608 6.3032 -9.18864 92.7308 0.539455 -13 772 1 0 1 
6.93746 6.42466 54.0608 12.9015 5.76086 90.0427 0.0621374 -13 773 1 0 1 
-4.21483 2.97216 54.0608 -2.7948 2.26494 90.8071 0.594651 -13 774 1 0 1 
-5.47067 6.49826 54.0608 -3.9016 5.77148 91.0675 0.16811 -13 775 1 0 1 
6.84119 -7.97059 54.0608 11.697 -6.43489 93.3312 -0.0992348 -13 776 1 0 1 
-4.40147 6.88202 54.0608 -2.03309 10.8463 89.0447 0.949935 -13 777 1 0 1 
5.03107 2.27226 54.0608 10.7912 4.08504 86.3329 0.109731 -13 778 1 0 1 
2.711 -0.0194347 54.0608 8.66004 -2.27584 84.4094 0.23899 -13 779 1 0 1 
0.580572 4.11766 54.0608 4.82867 6.80956 90.7411 -0.283403 -13 780 1 0 1 
-7.82111 -4.38967 54.0608 -7.63081 -4.34222 92.0155 0.50356 -13 781 1 0 1 
-7.89841 4.45124 54.0608 -3.45886 6.12945 82.1338 -0.821546 -13 782 1 0 1 
9.41589 0.587062 54.0608 13.4852 3.75916 98.0541 0.669521 -13 783 1 0 1 
-18.3996 4.15119 54.0608 -13.4841 -0.174021 73.7109 1.34802 -13 785 1 0 1 
3.12319 -12.2125 54.0608 8.91844 -14.9249 82.5269 0.61862 -13 786 1 0 1 
4.68054 1.44579 54.0608 10.4361 -1.26779 88.5651 0.226814 -13 787 1 0 1 
-1.9439 0.542001 54.0608 3.59583 2.70421 81.5117 -0.184448 -13 788 1 0 1 
-4.90312 0.48134 54.0608 -4.75294 0.426414 92.6251 -0.147238 -13 789 1 0 1 
1.71595 7.03578 54.0608 -1.45808 8.98565 99.9142 -0.5565 -13 790 1 0 1 
0.159131 9.11342 54.0608 4.17802 10.5966 87.7599 0.237544 -13 791 1 0 1 
4.5107 -5.82725 54.0608 9.25901 -7.76947 91.0887 0.85879 -13 792 1 0 1 
-5.76048 -12.7522 54.0608 -5.10504 -14.4776 90.0238 0.168243 -13 793 1 0 1 
10.1378 1.29378 54.0608 17.2319 0.5517 84.3232 -0.164004 -13 794 1 0 1 
-5.73002 4.57095 54.0608 -0.626498 5.0166 78.0444 0.802 -13 795 1 0 1 
6.14061 4.00815 54.0608 13.3687 8.24452 82.1587 1.76941 -13 796 1 0 1 
2.66425 6.61078 54.0608 5.08538 8.62635 93.9667 1.5167 -13 797 1 0 1 
-0.848798 1.63921 54.0608 2.9224 8.13927 88.9165 1.44886 -13 798 1 0 1 
-9.08356 -6.44813 54.0608 -8.79877 -8.65747 89.959 -1.1823 -13 799 1 0 1 
2.32742 2.39851 54.0608 4.21553 2.88333 96.2877 -0.610055 -13 800 1 0 1 
-4.92732 1.77512 54.0608 -0.202516 2.75752 83.6385 -0.238411 -13 802 1 0 1 
7.59636 -3.10206 54.0608 13.2239 -7.40589 87.8479 0.732174 -13 803 1 0 1 
7.42241 -2.02427 54.0608 13.6427 -1.32653 89.7488 0.136588 -13 804 1 0 1 
2.59582 1.24472 54.0608 5.6075 7.07685 91.2107 -0.877341 -13 805 1 0 1 
-3.30028 -12.6016 54.0608 -6.13837 -13.5972 99.5766 0.433926 -13 806 1 0 1 
-3.23737 -0.814015 54.0608 -0.762428 -4.38904 90.7626 -0.070461 -13 807 1 0 1 
-1.87765 -0.156562 54.0608 -0.748388 -0.313939 93.9409 0.405323 -13 808 1 0 1 
-6.47651 6.86775 54.0608 -5.76307 8.33394 92.3252 -0.223559 -13 809 1 0 1 
-8.70785 4.21235 54.0608 -8.3311 3.65244 91.2405 0.432128 -13 810 1 0 1 
3.01557 -4.3622 54.0608 7.46879 -1.98642 91.8741 1.75337 -13 811 1 0 1 
10.5479 1.24191 54.0608 18.4551 1.43937 87.3287 1.86942 -13 812 1 0 1 
-10.5615 2.66776 54.0608 -11.389 2.61493 90.3916 0.808645 -13 813 1 0 1 
-4.10068 -3.32523 54.0608 -0.835529 -4.22887 86.9803 0.270922 -13 814 1 0 1 
-1.43919 -0.0714276 54.0608 -2.39589 -3.33982 97.8168 -0.116873 -13 815 1 0 1 
-0.373682 -0.401891 54.0608 4.72165 -0.268231 85.4536 0.226264 -13 816 1 0 1 
-2.80843 -7.33163 54.0608 -1.08064 -12.2587 91.9091 -1.25094 -13 818 1 0 1 
3.50916 -4.25677 54.0608 4.94072 -4.41942 97.914 0.246171 -13 819 1 0 1 
-4.4326 -13.1828 54.0608 -1.49045 -20.1507 84.8335 0.479678 -13 820 1 0 1 
4.00446 2.13943 54.0608 8.45082 0.242435 90.5564 0.995818 -13 821 1 0 1 
4.2512 1.57323 54.0608 7.67022 2.28385 96.2225 -1.08759 -13 823 1 0 1 
-11.7074 -0.359476 54.0608 -9.22399 -2.02908 85.5179 0.140732 -13 824 1 0 1 
-10.1469 -2.33518 54.0608 -6.77913 -3.96497 81.2214 0.671553 -13 825 1 0 1 
-5.3078 -9.53949 54.0608 1.23217 -8.19062 75.1044 1.44078 -13 826 1 0 1 
-0.407974 -2.41818 54.0608 2.2617 -5.69455 93.163 -0.375817 -13 827 1 0 1 
1.30685 -11.9446 54.0608 2.49585 -18.1418 94.3472 -0.449269 -13 828 1 0 1 
-6.69725 2.12371 54.0608 -2.45809 3.31927 83.2742 0.602393 -13 829 1 0 1 
-6.63408 3.95981 54.0608 -1.47209 6.40348 80.4863 1.1901 -13 830 1 0 1 
2.03859 -9.74252 54.0608 3.82834 -12.6641 94.3591 0.128765 -13 831 1 0 1 
2.7013 5.84181 54.0608 10.4731 3.60767 70.5101 -0.336966 -13 832 1 0 1 
11.1353 4.75226 54.0608 17.9099 10.5742 87.5434 0.9412 -13 833 1 0 1 
-0.471634 -2.69262 54.0608 1.60322 -3.05133 95.0001 0.462853 -13 834 1 0 1 
-0.420795 2.40923 54.0608 0.493556 3.76889 94.9889 1.70279 -13 835 1 0 1 
3.50375 8.04816 54.0608 7.21485 11.785 89.7647 0.342511 -13 836 1 0 1 
9.41531 -5.751 54.0608 15.7445 -7.92113 88.8076 0.508585 -13 837 1 0 1 
-7.34982 12.4273 54.0608 -5.369 15.2758 86.7644 -0.0197614 -13 838 1 0 1 
4.67907 1.71829 54.0608 11.1312 2.44796 83.3515 0.853224 -13 839 1 0 1 
11.637 -0.0346233 54.0608 21.2384 -0.969838 81.8266 0.187756 -13 840 1 0 1 
1.10427 -5.47929 54.0608 6.93433 -3.70205 83.3094 -1.1731 -13 841 1 0 1 
-1.9816 -6.02451 54.0608 -0.56836 -9.50485 93.8803 0.414347 -13 842 1 0 1 
-0.672761 -1.85422 54.0608 4.64833 -3.13826 84.0367 0.112514 -13 843 1 0 1 
-2.50533 8.27314 54.0608 1.57502 13.6315 86.3955 -0.0445879 -13 844 1 0 1 
-12.3335 7.98839 54.0608 -6.40979 9.01467 75.4354 -0.480426 -13 846 1 0 1 
15.602 -6.68201 54.0608 23.5196 -8.55529 78.9188 0.59716 -13 847 1 0 1 
-6.20976 -2.15523 54.0608 -8.39684 -3.2767 95.278 0.637453 -13 849 1 0 1 
16.6781 -8.66791 54.0608 25.011 -11.3892 79.9704 0.505834 -13 850 1 0 1 
-2.79908 2.44574 54.0608 0.838856 4.93334 87.6587 0.114636 -13 851 1 0 1 
8.39999 6.4546 54.0608 14.7959 10.9104 92.7342 0.0663647 -13 852 1 0 1 
-5.14859 -9.66053 54.0608 -2.38394 -14.775 83.8813 1.07929 -13 853 1 0 1 
0.00911787 4.04591 54.0608 5.58149 6.3738 80.4845 0.207073 -13 854 1 0 1 
-0.0578423 7.27726 54.0608 6.55496 6.44451 80.2013 2.05627 -13 855 1 0 1 
-0.285395 9.6675 54.0608 4.44535 10.8198 83.8743 0.100048 -13 856 1 0 1 
1.97175 12.1519 54.0608 9.62372 14.8884 73.3418 0.187214 -13 857 1 0 1 
1.8094 1.57162 54.0608 3.11027 -1.91242 95.6841 -0.833582 -13 858 1 0 1 
-10.6676 -2.37274 54.0608 -7.94795 -3.06717 83.143 -0.614532 -13 859 1 0 1 
0.258848 -3.82267 54.0608 3.78036 -4.80618 90.361 -0.849887 -13 860 1 0 1 
9.68261 -6.80547 54.0608 17.6453 -11.7254 84.1978 1.00274 -13 861 1 0 1 
-9.46642 -6.75658 54.0608 -11.3263 -8.96358 95.7884 -0.282908 -13 862 1 0 1 
-0.18096 7.04459 54.0608 4.99111 11.062 84.0501 0.709372 -13 863 1 0 1 
1.12275 2.86234 54.0608 5.69459 1.26125 88.6221 0.582191 -13 864 1 0 1 
-2.67986 11.452 54.0608 1.2675 11.279 84.1898 1.38746 -13 865 1 0 1 
8.24078 1.60022 54.0608 14.4082 0.841673 90.192 -0.482036 -13 866 1 0 1 
4.38193 2.74282 54.0608 6.33508 5.52273 97.0284 -0.241024 -13 867 1 0 1 
3.67744 -1.65812 54.0608 10.7782 -2.60058 84.1553 -0.420025 -13 868 1 0 1 
-1.16692 -6.9476 54.0608 2.64723 -7.99389 88.7601 1.15736 -13 869 1 0 1 
-9.72843 5.08127 54.0608 -3.98644 4.20498 73.6349 0.505371 -13 870 1 0 1 
6.37858 4.19225 54.0608 10.6332 0.988182 94.1451 0.440738 -13 871 1 0 1 
3.6959 -1.59857 54.0608 9.90611 -2.83586 82.1477 1.28264 -13 872 1 0 1 
-0.66018 12.5318 54.0608 1.15874 18.0185 92.5397 0.430914 -13 873 1 0 1 
-6.03699 -10.1329 54.0608 -1.9519 -13.048 82.7842 -0.801884 -13 874 1 0 1 
-8.57885 5.24052 54.0608 -8.7635 4.86169 91.4395 -1.52942 -13 875 1 0 1 
-11.3647 0.738738 54.0608 -9.68415 -1.4532 86.6468 -0.268094 -13 876 1 0 1 
-1.21331 -5.60646 54.0608 5.84248 -4.37489 77.5059 1.91896 -13 877 1 0 1 
-0.754835 -6.19652 54.0608 4.75181 -8.07724 82.9267 0.662819 -13 878 1 0 1 
1.98793 2.74673 54.0608 6.15697 4.09432 90.2079 -0.441288 -13 879 1 0 1 
-1.17347 -3.59392 54.0608 3.70582 -3.02488 82.0588 -1.27838 -13 880 1 0 1 
-11.5032 7.26285 54.0608 -7.4185 7.71084 80.0119 0.105722 -13 881 1 0 1 
-1.75614 -1.32563 54.0608 1.66033 2.07587 87.4953 0.817642 -13 882 1 0 1 
-2.96663 1.74575 54.0608 -1.15747 3.06888 90.3028 1.09314 -13 883 1 0 1 
-5.39215 -5.05089 54.0608 -3.6088 -7.77797 88.6429 0.475248 -13 884 1 0 1 
3.62197 -10.9471 54.0608 10.2082 -16.2971 82.2737 -0.959434 -13 885 1 0 1 
-6.61465 3.52692 54.0608 -7.21571 4.15241 91.6349 1.68584 -13 886 1 0 1 
1.07336 0.604604 54.0608 3.75974 3.84598 92.0565 0.0899322 -13 887 1 0 1 
12.5302 8.44927 54.0608 19.853 8.99188 84.6036 2.21913 -13 888 1 0 1 
3.40554 -2.21442 54.0608 9.69205 -3.07502 82.8198 -0.16457 -13 889 1 0 1 
-6.92032 -12.2394 54.0608 0.706763 -16.5175 70.8702 0.278708 -13 890 1 0 1 
-0.381171 -1.72281 54.0608 2.20408 -5.24354 91.9278 0.217107 -13 891 1 0 1 
0.611401 -6.38726 54.0608 2.21527 -7.46969 94.4978 0.248174 -13 892 1 0 1 
12.1539 0.983525 54.0608 20.5684 1.25479 77.2191 -0.393527 -13 893 1 0 1 
-4.78299 10.2388 54.0608 0.0359358 13.516 80.3925 0.038315 -13 894 1 0 1 
4.71437 -2.28653 54.0608 12.2471 -3.26778 84.0413 0.764004 -13 895 1 0 1 
-0.537632 1.54058 54.0608 0.9515 1.77263 95.2439 2.13462 -13 896 1 0 1 
-5.49047 3.77416 54.0608 -5.29181 1.4054 90.9746 1.40396 -13 897 1 0 1 
2.22264 -1.75949 54.0608 6.82414 -5.80658 87.1792 -0.717209 -13 898 1 0 1 
8.68044 0.47462 54.0608 16.0188 2.70819 83.9535 1.50204 -13 899 1 0 1 
-8.37836 0.216818 54.0608 -6.63099 -2.05547 87.9185 0.459823 -13 900 1 0 1 
-3.69785 4.247 54.0608 -1.58992 4.60291 89.5662 -0.226626 -13 901 1 0 1 
7.42697 -0.739434 54.0608 13.1831 -3.60299 88.919 1.71936 -13 902 1 0 1 
0.797007 6.83661 54.0608 2.46209 8.84055 93.0362 -0.262449 -13 904 1 0 1 
8.01434 -2.95402 54.0608 14.5513 -3.65889 86.6901 0.530933 -13 905 1 0 1 
0.984028 -5.16692 54.0608 5.33614 -6.47006 87.3285 -0.0963512 -13 906 1 0 1 
2.20616 5.69651 54.0608 4.44092 4.06077 94.6512 -0.331267 -13 908 1 0 1 
0.951677 12.8649 54.0608 5.41424 16.7692 84.9722 1.06409 -13 910 1 0 1 
-7.56237 10.9735 54.0608 -4.26083 8.29176 82.828 -0.469324 -13 911 1 0 1 
6.67038 -2.25439 54.0608 6.91339 -2.84161 99.5267 0.605946 -13 912 1 0 1 
-5.43448 0.097496 54.0608 -4.51497 -0.384826 90.1185 0.0154184 -13 913 1 0 1 
3.75815 -0.494442 54.0608 6.87456 1.6257 94.9689 0.688069 -13 914 1 0 1 
8.12907 -12.7073 54.0608 15.1099 -18.4401 83.338 1.91243 -13 915 1 0 1 
10.8977 -7.10627 54.0608 19.2483 -6.47778 79.1142 0.555966 -13 916 1 0 1 
1.13455 -4.47202 54.0608 -0.849784 -5.46831 99.6977 -0.241734 -13 917 1 0 1 
4.88828 6.54898 54.0608 10.426 10.5098 85.2079 -0.378177 -13 918 1 0 1 
-7.13114 -6.35317 54.0608 -8.45025 -6.91311 96.0778 -0.123176 -13 919 1 0 1 
-18.0594 -10.1973 54.0608 -19.7689 -13.5878 87.8613 0.843219 -13 920 1 0 1 
-4.98779 8.83402 54.0608 -1.16732 16.3047 84.1207 0.690179 -13 921 1 0 1 
-2.56002 0.834863 54.0608 -0.700136 1.86727 88.76 -0.319411 -13 922 1 0 1 
0.417132 2.32486 54.0608 1.92166 10.8169 94.5071 1.49496 -13 923 1 0 1 
17.256 14.0122 54.0608 26.8129 19.2704 78.593 -0.0819995 -13 924 1 0 1 
-6.78547 -0.389765 54.0608 -2.12102 0.494121 79.7558 1.31778 -13 925 1 0 1 
5.73372 -9.73199 54.0608 9.90552 -14.324 91.7524 1.14447 -13 927 1 0 1 
1.6644 2.60772 54.0608 4.04993 1.35834 95.6825 1.14157 -13 928 1 0 1 
3.975 -13.3268 54.0608 6.52483 -21.7681 93.5005 0.134742 -13 929 1 0 1 
9.30941 -2.48268 54.0608 14.6795 -2.77268 92.686 0.364224 -13 930 1 0 1 
6.92224 10.5099 54.0608 13.8532 14.5801 78.9286 1.17554 -13 932 1 0 1 
-0.252304 1.40516 54.0608 3.81755 -0.0486964 88.3724 -0.608748 -13 933 1 0 1 
-7.84244 -1.41022 54.0608 -1.77662 -3.74369 76.0038 -0.0743564 -13 934 1 0 1 
9.21814 -9.17382 54.0608 13.574 -8.51441 94.83 0.599628 -13 935 1 0 1 
8.32482 0.598125 54.0608 15.5558 0.481007 90.6228 1.05383 -13 936 1 0 1 
-6.77926 4.2783 54.0608 -6.0508 1.13918 91.0234 1.11613 -13 937 1 0 1 
2.56306 2.46382 54.0608 5.72215 3.43374 94.5354 0.512434 -13 938 1 0 1 
-8.33489 -4.81421 54.0608 -9.90661 -2.75223 94.2648 0.222641 -13 939 1 0 1 
-5.10046 6.54091 54.0608 0.517063 9.3417 82.7368 -0.0241557 -13 940 1 0 1 
-0.414372 -2.09939 54.0608 -0.671082 -3.69414 97.2549 1.00288 -13 941 1 0 1 
-3.08214 -2.85315 54.0608 -5.47063 -1.11903 99.9905 0.680838 -13 942 1 0 1 
2.57865 -1.08612 54.0608 6.54258 -0.350656 89.6808 1.81919 -13 943 1 0 1 
1.15898 -5.45519 54.0608 8.42118 -4.38545 77.1291 1.59585 -13 944 1 0 1 
1.07733 -4.59538 54.0608 4.32127 -5.86587 88.74 1.17986 -13 945 1 0 1 
7.94708 -0.624785 54.0608 11.8611 0.20641 95.3947 -0.0648205 -13 946 1 0 1 
0.646115 0.220858 54.0608 3.03873 -0.079299 94.4477 0.461202 -13 947 1 0 1 
7.57937 8.90109 54.0608 14.189 10.458 87.0643 1.24157 -13 948 1 0 1 
7.18636 -0.113305 54.0608 13.5887 1.90431 86.831 -0.645327 -13 949 1 0 1 
-7.39034 5.55946 54.0608 -7.319 5.88866 92.4626 -0.411781 -13 950 1 0 1 
-14.3123 1.06988 54.0608 -10.7683 3.49698 78.8968 -0.0533806 -13 951 1 0 1 
-0.998283 -7.61927 54.0608 -1.80547 -12.6873 97.915 1.0213 -13 953 1 0 1 
-2.18591 5.0123 54.0608 -0.670981 3.97208 94.8242 0.462968 -13 954 1 0 1 
-5.23207 -6.23548 54.0608 -3.76971 -3.97628 89.2697 0.402242 -13 955 1 0 1 
-6.60641 -2.44868 54.0608 -5.70403 -3.52196 90.7808 -1.43463 -13 956 1 0 1 
8.2123 -13.2863 54.0608 15.3376 -16.8078 82.663 -0.722755 -13 957 1 0 1 
3.90078 4.66493 54.0608 10.8653 7.72876 79.6993 1.20061 -13 958 1 0 1 
-0.787008 0.891867 54.0608 0.743345 2.15488 96.1295 -0.328588 -13 959 1 0 1 
7.24022 11.0881 54.0608 12.0369 13.8093 90.7361 0.977566 -13 960 1 0 1 
1.0694 3.72565 54.0608 2.42833 3.52129 96.1877 0.289309 -13 961 1 0 1 
-2.60084 7.31737 54.0608 2.7275 9.87571 79.4045 0.49723 -13 962 1 0 1 
2.30202 3.94215 54.0608 5.98509 10.8788 90.2775 -0.194454 -13 963 1 0 1 
-3.72815 2.88078 54.0608 0.0890198 0.368664 85.1163 0.272127 -13 964 1 0 1 
-2.31309 -7.2403 54.0608 1.0673 -11.7562 87.0216 -1.0622 -13 965 1 0 1 
-3.54723 -2.91578 54.0608 1.73946 -2.0306 79.1807 -0.21416 -13 966 1 0 1 
5.60007 14.129 54.0608 10.0977 16.5184 93.3071 0.757537 -13 967 1 0 1 
9.1882 4.68213 54.0608 16.0014 4.40331 87.5469 -0.312856 -13 968 1 0 1 
-0.843991 -7.34313 54.0608 -0.225601 -8.33319 98.6391 0.15205 -13 969 1 0 1 
7.54963 9.40042 54.0608 11.769 15.9583 93.6037 -0.410614 -13 970 1 0 1 
-9.8604 -0.936178 54.0608 -6.87518 0.810775 84.7019 -0.552377 -13 971 1 0 1 
3.92608 -0.857276 54.0608 3.62334 -3.71429 100.679 0.241379 -13 972 1 0 1 
10.6274 -8.03346 54.0608 19.1588 -10.9097 77.5542 -0.38486 -13 973 1 0 1 
-3.81166 5.6997 54.0608 0.270938 4.20007 87.3748 0.923028 -13 974 1 0 1 
10.0322 10.497 54.0608 15.406 13.984 94.3905 1.37057 -13 975 1 0 1 
1.56522 -0.933919 54.0608 7.03845 1.21384 85.7048 -1.03128 -13 976 1 0 1 
1.98562 -2.67712 54.0608 5.3125 -3.09449 92.2978 1.1216 -13 977 1 0 1 
-0.918366 6.46932 54.0608 1.56141 8.12776 92.5191 -0.0921309 -13 978 1 0 1 
-12.1123 6.22498 54.0608 -11.001 7.79865 84.5356 0.875812 -13 979 1 0 1 
2.38368 -3.73339 54.0608 5.09616 -4.69483 92.8826 -0.174945 -13 980 1 0 1 
4.1495 0.262006 54.0608 7.61063 0.175287 91.037 1.72693 -13 981 1 0 1 
-3.40563 -12.3325 54.0608 0.478162 -14.382 83.3093 -1.63068 -13 982 1 0 1 
-6.4223 3.61636 54.0608 -2.40637 1.80777 81.9081 -0.592592 -13 983 1 0 1 
-2.75898 10.2238 54.0608 3.42722 12.1198 79.2906 -0.247048 -13 984 1 0 1 
1.26426 -8.95372 54.0608 4.82279 -10.0228 90.0194 0.676156 -13 985 1 0 1 
-15.8224 14.0888 54.0608 -15.5018 15.85 85.0187 -0.0481938 -13 986 1 0 1 
2.70094 -9.73068 54.0608 8.32015 -12.6249 85.1538 -0.611937 -13 987 1 0 1 
-7.70297 1.13715 54.0608 -7.93739 4.09284 92.1458 0.0529345 -13 988 1 0 1 
6.0669 -4.70945 54.0608 7.08779 -3.98706 97.1221 1.06859 -13 989 1 0 1 
-1.09822 -1.51475 54.0608 5.44311 -0.703563 77.9963 0.751461 -13 990 1 0 1 
3.22055 4.38177 54.0608 6.01393 7.20138 94.6672 0.538252 -13 991 1 0 1 
4.18052 2.71501 54.0608 9.25842 0.899286 86.8323 0.37774 -13 992 1 0 1 
6.81582 -4.53621 54.0608 6.81996 -8.44283 98.9049 0.600512 -13 993 1 0 1 
3.46691 -2.82267 54.0608 1.5881 -5.60074 99.3057 0.163976 -13 994 1 0 1 
2.20946 -3.4797 54.0608 9.73815 -3.14913 77.8009 -0.160255 -13 995 1 0 1 
3.77451 -10.6935 54.0608 6.51779 -11.7424 92.2175 1.89094 -13 996 1 0 1 
-2.32318 -6.21052 54.0608 1.11945 -7.84427 86.4111 0.340633 -13 997 1 0 1 
-0.123583 4.28861 54.0608 4.7608 4.51625 86.807 -0.588495 -13 998 1 0 1 
17.9734 0.542043 54.0608 26.8787 -1.2292 83.5095 0.235373 -13 999 1 0 1 
0.483041 4.08911 54.0608 4.60167 8.86932 86.4422 0.458213 -13 1000 1 0 1 
5.13231 -5.55197 54.0608 9.3747 -6.06214 92.0135 0.901852 -13 1001 1 0 1 
5.58293 4.8958 54.0608 11.001 3.86325 89.2736 -0.701943 -13 1002 1 0 1 
-1.75576 6.91614 54.0608 3.55017 5.92685 84.2983 -0.0102945 -13 1003 1 0 1 
2.20586 3.58477 54.0608 4.22552 2.38552 95.7231 -1.04959 -13 1004 1 0 1 
5.72642 8.01144 54.0608 12.2001 9.51141 87.7962 1.04533 -13 1005 1 0 1 
1.74608 4.3379 54.0608 6.10432 3.77691 87.7604 0.059114 -13 1006 1 0 1 
-6.0826 8.78557 54.0608 -2.66577 10.0513 85.8174 -0.558608 -13 1007 1 0 1 
4.68227 12.0139 54.0608 6.8214 15.627 96.6433 0.622866 -13 1008 1 0 1 
-2.11369 -8.10138 54.0608 -7.55973 -12.2746 97.7215 0.25542 -13 1009 1 0 1 
-18.9085 -3.49401 54.0608 -16.634 -5.97169 81.0664 0.632059 -13 1010 1 0 1 
1.24889 0.191554 54.0608 4.65934 -3.65222 90.8176 0.0723636 -13 1011 1 0 1 
4.14601 -2.45448 54.0608 9.73074 -7.2451 83.4488 1.63824 -13 1012 1 0 1 
-1.39745 -10.6145 54.0608 3.31948 -16.0976 82.6158 0.304453 -13 1013 1 0 1 
2.06383 7.94267 54.0608 8.88153 11.634 82.0025 1.31999 -13 1014 1 0 1 
-3.10926 -4.18367 54.0608 -0.777952 -5.40707 89.8423 0.417788 -13 1015 1 0 1 
1.29181 -6.55258 54.0608 2.13976 -6.01084 96.0049 0.752081 -13 1016 1 0 1 
-0.487376 -6.27109 54.0608 3.18247 -8.51555 91.0089 -0.0434304 -13 1017 1 0 1 
-0.685223 -5.14761 54.0608 3.65261 -6.14032 85.464 0.359893 -13 1018 1 0 1 
-5.09668 -7.91689 54.0608 -2.46184 -7.24133 85.9571 -0.0788918 -13 1019 1 0 1 
-16.9049 -7.04065 54.0608 -16.875 -6.33794 86.3887 0.0365426 -13 1020 1 0 1 
-5.92214 4.77992 54.0608 -6.13378 1.11029 91.6573 0.300506 -13 1021 1 0 1 
-7.28591 -3.02117 54.0608 -1.15189 -2.19907 75.3917 -1.01899 -13 1023 1 0 1 
-7.57699 4.65376 54.0608 -6.84001 8.87484 89.9169 0.281842 -13 1024 1 0 1 
11.1668 13.8566 54.0608 19.0719 16.4632 75.3538 0.759733 -13 1025 1 0 1 
13.825 8.46 54.0608 20.7499 14.3524 87.9697 0.71609 -13 1026 1 0 1 
6.73225 10.5795 54.0608 13.7827 11.9856 85.4252 0.769728 -13 1027 1 0 1 
-1.88455 5.66479 54.0608 5.73181 7.4052 76.0007 0.623438 -13 1028 1 0 1 
-8.75437 -11.7106 54.0608 -4.60689 -17.5441 79.5332 0.784061 -13 1029 1 0 1 
5.4504 6.3223 54.0608 10.5611 8.43473 85.7332 1.56398 -13 1030 1 0 1 
-4.29266 5.86155 54.0608 -4.18441 11.4325 94.9295 0.467832 -13 1031 1 0 1 
3.47651 2.99752 54.0608 6.02426 1.43647 93.5921 0.115433 -13 1032 1 0 1 
15.0103 0.870817 54.0608 22.3448 -0.145765 93.4185 -0.449041 -13 1033 1 0 1 
7.10241 1.78904 54.0608 12.0784 3.77406 96 -0.536955 -13 1034 1 0 1 
-0.597996 1.11227 54.0608 -1.81694 4.40974 99.4629 -0.177349 -13 1035 1 0 1 
1.38179 -12.5377 54.0608 8.8897 -10.0073 80.0501 1.34889 -13 1036 1 0 1 
-14.1819 0.556087 54.0608 -8.98164 1.04069 76.2979 -0.213598 -13 1037 1 0 1 
-3.05063 -6.85817 54.0608 -0.033258 -8.40998 89.4203 1.60569 -13 1038 1 0 1 
4.87955 11.8551 54.0608 9.84969 12.3853 89.3215 -0.311949 -13 1039 1 0 1 
-6.25212 3.84466 54.0608 -5.52917 3.87755 91.4363 -0.26222 -13 1040 1 0 1 
-5.36114 -4.32293 54.0608 0.289979 -2.08267 79.9308 0.535048 -13 1041 1 0 1 
-11.9231 7.53694 54.0608 -5.7999 8.8554