#BLTrackFile NTuple/Z213
#x y z Px Py Pz t PDGid EventID TrackID ParentID Weight
#mm mm mm MeV/c MeV/c MeV/c ns - - - - -
-9.50227 -0.018233 212.678 -15.8065 -1.70026 79.4815 1.1064 -13 2 1 0 1
-11.8366 35.0903 212.678 -14.5905 10.6728 61.6727 2.45355 -13 9 1 0 1
-14.711 27.9834 212.678 -16.4713 9.33446 69.7448 0.723265 -13 11 1 0 1
-11.2741 27.7518 212.678 -12.4617 4.7132 37.2203 1.08544 -13 13 1 0 1
3.60279 -20.0087 212.678 -9.75774 -5.79094 67.4125 -0.250295 -13 14 1 0 1
-8.62515 -0.665314 212.678 -6.8281 -2.84825 28.9097 2.92867 -13 23 1 0 1
-14.2969 -5.59936 212.678 -15.9497 -1.1999 68.9796 1.54936 -13 25 1 0 1
-10.5747 43.8391 212.678 -14.1795 12.4199 59.8765 1.23027 -13 41 1 0 1
-8.6431 37.0292 212.678 -13.7467 10.6935 63.1857 2.43731 -13 72 1 0 1
-6.83307 5.55948 212.678 -14.9954 2.00207 78.4074 -0.561158 -13 76 1 0 1
-12.0687 5.00012 212.678 -13.3504 1.31084 53.5907 1.4875 -13 92 1 0 1
-14.9814 -12.865 212.678 -15.734 -3.33236 65.3889 0.455996 -13 100 1 0 1
-1.65808 -0.6821 212.678 -11.4551 -0.627242 67.5801 0.636446 -13 101 1 0 1
5.92948 0.752271 212.678 -8.80797 1.26286 61.5128 -1.05368 -13 103 1 0 1
-13.3323 -4.80537 212.678 -15.17 -2.00088 65.8043 1.01977 -13 104 1 0 1
-5.30665 24.1604 212.678 -12.3405 8.10986 62.1019 0.571546 -13 108 1 0 1
-12.7918 -19.5926 212.678 -14.5347 -6.01701 61.4918 1.32116 -13 114 1 0 1
-9.76134 7.23285 212.678 -12.4386 1.5338 48.0972 1.4719 -13 115 1 0 1
-4.08545 -20.0463 212.678 7.39816 -5.84694 36.6584 1.85369 -13 128 1 0 1
-11.762 -5.30658 212.678 -13.0198 -0.631495 48.5974 2.20445 -13 130 1 0 1
-14.4145 9.15391 212.678 0.57323 5.94064 57.2462 0.845641 -13 131 1 0 1
-5.73103 -0.582981 212.678 -12.3516 -0.378227 62.9471 0.0135901 -13 133 1 0 1
-6.51465 2.69937 212.678 -13.842 0.879819 74.4188 1.60972 -13 134 1 0 1
-10.7294 4.40731 212.678 -14.7669 0.725308 68.8814 2.11271 -13 135 1 0 1
4.66359 15.0309 212.678 -9.09968 3.525 55.4973 1.51032 -13 136 1 0 1
0.368121 17.1178 212.678 -10.6065 5.9785 63.9267 3.23969 -13 142 1 0 1
-8.15244 -15.3755 212.678 -13.9638 -5.69967 70.2413 4.14377 -13 144 1 0 1
-12.4967 -15.2932 212.678 -14.7645 -4.2312 64.3014 1.51813 -13 146 1 0 1
-9.5882 26.7378 212.678 -13.2693 6.89163 54.7765 0.935218 -13 149 1 0 1
0.250445 -18.1722 212.678 -10.1987 -3.59471 45.4221 1.0627 -13 156 1 0 1
-8.3604 -2.07759 212.678 -13.9251 -1.47661 69.2833 2.73312 -13 161 1 0 1
-9.41543 -30.3759 212.678 -13.9789 -10.0644 64.216 1.27576 -13 164 1 0 1
-3.75578 32.8243 212.678 -11.9351 9.77241 61.2528 1.85731 -13 167 1 0 1
2.28635 -20.9194 212.678 -9.94846 -6.16611 57.3071 1.03797 -13 169 1 0 1
-3.7918 -25.6311 212.678 -11.5438 -7.25417 57.5803 1.4494 -13 173 1 0 1
0.153903 -27.2156 212.678 7.27435 -23.8724 20.6296 1.85037 -13 174 1 0 1
-6.68588 -39.7199 212.678 -13.6051 -13.7051 67.6178 0.417609 -13 179 1 0 1
-11.5279 44.6262 212.678 -12.8913 9.3197 40.6841 1.69425 -13 183 1 0 1
-14.6042 -8.51142 212.678 -18.1198 -4.35135 78.5394 3.63392 -13 196 1 0 1
1.08439 2.51742 212.678 -10.0351 0.647757 49.1464 0.849594 -13 198 1 0 1
-1.97271 23.425 212.678 -10.7543 4.2109 41.6038 2.23458 -13 211 1 0 1
-13.5872 -21.9018 212.678 -5.14697 -6.65946 33.9659 3.04035 -13 239 1 0 1
-1.18835 -27.8242 212.678 -11.3947 -8.59349 67.5305 1.12673 -13 243 1 0 1
-10.4822 23.3461 212.678 -14.8839 9.00187 69.9497 0.516587 -13 245 1 0 1
-10.4152 -24.3868 212.678 -14.5319 -8.01188 66.8946 -0.243684 -13 250 1 0 1
-4.07545 46.7052 212.678 -12.2538 12.5857 60.6376 0.327261 -13 251 1 0 1
-3.17624 0.0893805 212.678 -11.468 -0.32591 62.8385 1.58389 -13 252 1 0 1
-3.147 -19.4172 212.678 -11.6418 -5.82145 62.3239 -0.151162 -13 263 1 0 1
-0.576517 22.0747 212.678 -10.9187 7.0526 62.6452 2.02867 -13 265 1 0 1
-12.0801 13.7162 212.678 -15.1264 4.02961 69.0617 1.82987 -13 266 1 0 1
-6.46644 -18.1639 212.678 -14.1048 -7.51941 76.2914 0.345938 -13 271 1 0 1
-4.32034 -13.0625 212.678 -11.827 -4.16801 58.2305 1.09895 -13 275 1 0 1
-3.91626 -24.4254 212.678 -11.5004 -6.96331 56.7863 2.60214 -13 277 1 0 1
-13.3133 -37.8098 212.678 -13.7534 -8.69476 47.9246 -0.00409724 -13 283 1 0 1
-1.80205 -15.4141 212.678 -10.8261 -4.32378 53.2622 4.02498 -13 297 1 0 1
-2.23832 -7.62817 212.678 -12.0722 -2.58781 71.3514 0.811768 -13 310 1 0 1
-6.6054 -40.7418 212.678 -0.494438 -5.76303 21.7443 1.04978 -13 311 1 0 1
-1.45325 -1.01021 212.678 -10.9075 0.427805 61.5774 -0.138055 -13 315 1 0 1
-0.806247 2.59894 212.678 -11.3697 0.930836 71.5195 1.78428 -13 320 1 0 1
-15.4414 -3.81241 212.678 -7.22188 9.71359 34.4586 -0.251578 -13 321 1 0 1
-7.96138 -9.62992 212.678 -14.3794 -2.3064 74.5212 1.37802 -13 323 1 0 1
-9.32808 -7.34546 212.678 -14.9798 -2.04207 75.1406 0.298624 -13 330 1 0 1
-12.1598 -26.4335 212.678 -14.7184 -8.45795 64.7189 1.5792 -13 335 1 0 1
-11.874 -31.2762 212.678 -13.7204 -8.76445 52.5012 2.31078 -13 338 1 0 1
-0.283393 21.8871 212.678 19.9363 2.00166 41.9432 1.50489 -13 340 1 0 1
-13.2906 0.25507 212.678 -16.4592 -0.744081 75.9817 1.07361 -13 341 1 0 1
-7.10458 4.71655 212.678 -11.943 1.80907 48.5475 1.18547 -13 344 1 0 1
-9.00265 33.8322 212.678 -13.1373 8.68454 55.013 2.21557 -13 349 1 0 1
-6.93556 30.9679 212.678 -12.6798 9.3566 58.2353 1.59232 -13 356 1 0 1
-0.149984 29.613 212.678 -10.5732 7.84936 50.8686 2.04985 -13 358 1 0 1
-14.2182 10.6494 212.678 -14.7527 3.94966 60.4804 1.7274 -13 359 1 0 1
0.177115 -4.86352 212.678 -10.0475 -1.14764 44.951 3.82487 -13 366 1 0 1
-5.56343 -13.2787 212.678 -11.1865 -3.09062 40.4071 3.02565 -13 367 1 0 1
4.31193 -19.6488 212.678 -10.1009 -7.99726 77.8293 2.28268 -13 377 1 0 1
-11.7437 5.94223 212.678 -13.8511 2.47302 58.4279 2.46756 -13 381 1 0 1
-7.56531 -27.6924 212.678 -13.9843 -9.64973 71.1628 0.82023 -13 382 1 0 1
6.64641 8.08672 212.678 -8.40916 1.76121 58.5531 -0.0242696 -13 384 1 0 1
8.16533 12.1281 212.678 -8.17063 3.12017 64.0133 1.09747 -13 396 1 0 1
-10.9604 1.68222 212.678 -14.9701 0.778639 70.4138 0.938819 -13 401 1 0 1
-11.8829 -34.5045 212.678 -14.7492 -11.406 63.9617 2.45899 -13 404 1 0 1
6.56414 25.848 212.678 -8.69153 7.34119 57.5956 3.15239 -13 408 1 0 1
-5.7271 -4.79304 212.678 -12.3908 -1.48536 63.3206 1.57325 -13 409 1 0 1
-14.4175 27.838 212.678 -14.6018 7.69389 55.3225 1.71541 -13 415 1 0 1
2.69752 -0.466432 212.678 -9.7883 -0.0582803 63.7625 1.76111 -13 419 1 0 1
-0.0579102 -18.9162 212.678 -10.7981 -5.1585 62.7005 0.732725 -13 427 1 0 1
4.23638 -38.3778 212.678 -9.48114 -10.8837 56.7951 1.25024 -13 429 1 0 1
-7.88216 -5.95964 212.678 -13.6384 -2.88821 68.2153 1.24063 -13 445 1 0 1
-7.89441 4.66839 212.678 -12.5674 1.3948 55.9141 0.901281 -13 447 1 0 1
-14.9852 6.42072 212.678 8.66649 8.27132 54.9116 1.14821 -13 451 1 0 1
-14.6373 -11.9079 212.678 -14.5012 -3.17604 57.9426 0.969003 -13 453 1 0 1
-6.95096 -14.4863 212.678 -12.1746 -4.31469 54.353 1.56192 -13 455 1 0 1
-0.579111 36.8249 212.678 -11.1956 11.6201 63.6622 0.599787 -13 456 1 0 1
0.568842 17.1624 212.678 -10.1327 5.2779 56.4144 2.13959 -13 457 1 0 1
-1.00112 19.6938 212.678 -11.6378 6.36752 73.8153 2.79737 -13 459 1 0 1
-11.3122 -3.93206 212.678 -14.1419 -1.11341 63.5535 0.93703 -13 462 1 0 1
-7.94206 7.00635 212.678 -11.3647 1.45818 35.134 1.81275 -13 467 1 0 1
-3.99435 -22.7087 212.678 -11.7633 -6.71871 60.8621 0.660443 -13 474 1 0 1
-6.77097 17.2921 212.678 -12.202 4.8012 53.7089 1.71596 -13 480 1 0 1
-4.66641 9.27953 212.678 -12.5981 2.59263 68.1938 1.33979 -13 487 1 0 1
-3.07176 -26.7386 212.678 -11.5967 -7.69487 62.3286 2.25105 -13 508 1 0 1
-3.32399 -23.017 212.678 -12.5117 -7.86106 71.5763 1.18468 -13 509 1 0 1
-13.5684 -22.2697 212.678 -0.535808 -5.82772 36.423 3.99113 -13 520 1 0 1
1.98902 -38.0113 212.678 -10.7629 -13.8521 69.9695 1.96397 -13 529 1 0 1
-11.6295 -1.23736 212.678 -14.9268 -0.158155 68.7257 2.13545 -13 534 1 0 1
-4.33628 27.0271 212.678 -11.8535 7.75068 61.3691 1.37151 -13 538 1 0 1
4.83144 -8.69176 212.678 -9.78335 -2.99625 76.7157 2.47474 -13 540 1 0 1
-6.25866 -20.5245 212.678 -12.8195 -7.22403 65.7797 0.683591 -13 543 1 0 1
-13.8284 -1.49568 212.678 -14.6275 -0.660295 59.8405 3.70469 -13 557 1 0 1
-9.41216 -10.3825 212.678 -14.3514 -4.039 69.2437 0.817463 -13 564 1 0 1
-4.23389 -44.4891 212.678 -12.1742 -13.1254 60.48 1.02649 -13 579 1 0 1
-1.51724 7.52045 212.678 -11.0067 1.82093 61.7502 1.32194 -13 581 1 0 1
-11.511 4.85257 212.678 -15.8301 0.186786 39.3392 1.62622 -13 582 1 0 1
-15.4611 -2.71166 212.678 6.31672 7.52341 32.5749 0.711054 -13 583 1 0 1
-8.88624 12.4428 212.678 -13.5894 3.16517 63.1798 0.467465 -13 584 1 0 1
0.787378 11.7794 212.678 -10.5446 4.30157 66.5209 -0.933169 -13 588 1 0 1
-9.71041 -10.3056 212.678 0.720709 -5.59853 42.921 -1.26497 -13 592 1 0 1
-7.11696 -9.6434 212.678 -11.6544 -2.47386 46.5661 1.71717 -13 604 1 0 1
-6.04399 -6.20569 212.678 -12.8971 -1.98671 65.8665 3.83711 -13 606 1 0 1
-2.13694 38.315 212.678 -12.7617 14.7944 74.8566 0.375357 -13 607 1 0 1
4.8901 13.348 212.678 -9.18556 4.1868 56.4513 -0.864275 -13 612 1 0 1
-5.87001 -29.7904 212.678 -11.466 -5.18596 37.3103 3.23582 -13 613 1 0 1
1.0226 45.6527 212.678 -10.5428 11.3597 50.012 2.23491 -13 619 1 0 1
-11.7375 3.04739 212.678 -15.1392 0.55156 69.2597 3.6519 -13 626 1 0 1
-1.93333 -20.5637 212.678 -11.7675 -6.9122 71.5464 1.32553 -13 628 1 0 1
-7.98841 -2.34023 212.678 -14.0247 -1.1537 70.9804 1.27796 -13 637 1 0 1
4.64239 -33.6652 212.678 -9.47139 -10.2525 61.3591 0.0017561 -13 641 1 0 1
-9.58608 4.89965 212.678 -13.9349 1.8097 66.973 1.10523 -13 649 1 0 1
-10.6087 -49.9795 212.678 -1.38922 -24.9624 48.4351 2.39335 -13 652 1 0 1
-8.03719 3.11554 212.678 -12.906 1.60582 59.9251 1.90486 -13 657 1 0 1
-11.9662 12.2244 212.678 -13.7477 3.66098 56.0857 1.79165 -13 663 1 0 1
3.25332 -39.7505 212.678 -9.92852 -11.7948 61.7796 1.75578 -13 671 1 0 1
-3.92869 29.5364 212.678 -11.8674 7.7531 55.3439 2.92821 -13 672 1 0 1
5.70077 15.3619 212.678 -9.14589 4.64901 61.9449 2.12103 -13 674 1 0 1
-13.2098 31.7809 212.678 -15.597 10.5631 67.7406 1.60905 -13 686 1 0 1
-13.2069 6.9279 212.678 -13.6657 2.12134 51.7183 3.11748 -13 687 1 0 1
-2.77697 -40.6285 212.678 -11.6362 -12.0489 59.0827 2.3207 -13 690 1 0 1
-6.43261 39.7055 212.678 -12.4437 11.1844 55.526 0.919286 -13 704 1 0 1
-6.00008 30.8731 212.678 -11.7911 7.24978 49.2091 2.74331 -13 716 1 0 1
-12.5143 -35.2255 212.678 -15.698 -11.7762 69.2047 1.11263 -13 721 1 0 1
1.0662 3.95853 212.678 -10.1813 1.55155 58.057 2.88115 -13 738 1 0 1
1.28705 30.7839 212.678 -11.0886 10.4735 71.5153 3.12984 -13 745 1 0 1
-15.0641 -5.63845 212.678 -15.8293 -1.85352 72.7914 -0.287182 -13 755 1 0 1
-2.96581 -35.297 212.678 -11.8813 -10.742 61.1947 2.44664 -13 759 1 0 1
6.31297 21.1621 212.678 -8.89281 6.85798 60.3 2.58185 -13 763 1 0 1
-15.7469 8.81547 212.678 -23.8778 -13.5403 49.7897 -1.39992 -13 764 1 0 1
-10.2412 -5.41813 212.678 -13 -1.69882 54.4761 1.218 -13 772 1 0 1
-5.21642 1.39699 212.678 -13.5282 0.693463 75.7675 1.6351 -13 773 1 0 1
-9.71521 -1.92824 212.678 -13.7633 -0.510452 66.4453 0.309836 -13 780 1 0 1
-1.37111 -15.9237 212.678 -10.8758 -4.24666 58.2907 2.31691 -13 783 1 0 1
2.39299 9.87567 212.678 -9.6888 1.91501 47 0.539138 -13 787 1 0 1
-0.829285 -5.57949 212.678 -11.3148 -2.71757 70.3307 1.61132 -13 789 1 0 1
-12.2901 -38.7606 212.678 -15.1481 -12.9561 65.8513 -0.1914 -13 791 1 0 1
-15.1882 -28.0997 212.678 -12.659 -17.478 61.6462 1.49146 -13 794 1 0 1
-1.08821 6.82105 212.678 -11.1001 1.30275 68.4628 3.42462 -13 801 1 0 1
-13.6104 34.8305 212.678 -14.4071 9.6233 54.6895 2.14988 -13 813 1 0 1
-12.3675 26.1322 212.678 -13.7904 6.93562 53.6863 -0.652164 -13 815 1 0 1
-10.307 38.4452 212.678 -14.5037 12.1914 63.8873 1.12524 -13 836 1 0 1
5.34134 -41.6107 212.678 -9.48783 -12.3942 65.7513 2.26127 -13 837 1 0 1
-13.075 10.7563 212.678 -15.6644 2.89995 70.0474 -0.164101 -13 838 1 0 1
-14.7723 0.236558 212.678 -14.7594 0.451398 58.493 2.29097 -13 845 1 0 1
-12.2711 -49.0575 212.678 -12.9133 -7.7096 34.6862 2.41896 -13 846 1 0 1
-9.17163 -18.7868 212.678 -13.0606 -4.06457 56.8778 0.171505 -13 847 1 0 1
5.07152 -37.322 212.678 -9.58751 -12.1361 67.5118 0.325031 -13 850 1 0 1
-6.24571 -3.97541 212.678 -13.8861 -1.2747 74.5374 1.62891 -13 852 1 0 1
-8.54789 24.7886 212.678 -14.5268 8.36547 72.8268 0.492451 -13 867 1 0 1
-15.4719 -3.60686 212.678 -14.6344 -3.80647 56.6687 0.092587 -13 873 1 0 1
4.77066 -24.1662 212.678 4.53124 -7.33585 46.4838 1.67464 -13 875 1 0 1
-11.5714 -22.2126 212.678 -14.723 -7.38333 66.85 2.01366 -13 880 1 0 1
2.04352 50.3879 212.678 -3.28041 7.31007 54.5412 0.911485 -13 883 1 0 1
-9.41092 -45.4454 212.678 -14.4396 -14.7803 66.0656 0.0510681 -13 890 1 0 1
-5.71391 -12.9435 212.678 -13.5477 -4.47904 75.077 1.0614 -13 894 1 0 1
6.43866 -12.208 212.678 -8.61983 -3.67694 54.5665 1.9123 -13 902 1 0 1
-2.76519 -7.0639 212.678 -11.524 -2.69007 62.1538 3.20119 -13 931 1 0 1
-13.9177 37.5563 212.678 -15.8427 12.6764 66.3884 2.18248 -13 933 1 0 1
2.94097 -5.55632 212.678 -10.1977 -1.96329 71.604 1.64794 -13 942 1 0 1
-13.722 -11.1626 212.678 -15.3912 -3.30611 66.0064 2.56898 -13 943 1 0 1
-7.66286 2.52368 212.678 -13.0971 1.34258 64.0145 0.00124621 -13 947 1 0 1
-9.73289 -11.0074 212.678 -13.3225 -3.15628 58.6406 3.92188 -13 952 1 0 1
6.21243 -20.658 212.678 -8.8657 -6.36309 61.6763 1.63036 -13 959 1 0 1
-12.041 -7.76751 212.678 -13.4554 -1.65283 54.5074 1.51818 -13 961 1 0 1
-13.8812 -4.90768 212.678 -13.8225 -0.946961 52.5249 1.94524 -13 967 1 0 1
-9.52373 -24.7689 212.678 -13.8213 -7.94045 63.0421 1.14204 -13 970 1 0 1
-13.6003 7.22049 212.678 -15.2748 3.12955 66.7629 0.0249102 -13 971 1 0 1
-15.1687 -24.5224 212.678 4.31196 -5.93364 31.6346 3.1535 -13 993 1 0 1
-15.4167 4.45861 212.678 -19.4069 3.06636 51.3525 -0.548755 -13 995 1 0 1
-6.04015 -5.84058 212.678 -12.052 -1.43602 55.7048 1.34496 -13 999 1 0 1
