#BLTrackFile NTuple/Z107
#x y z Px Py Pz t PDGid EventID TrackID ParentID Weight
#mm mm mm MeV/c MeV/c MeV/c ns - - - - -
136.725 26.8353 106.667 44.9523 11.2966 25.5222 1.69576 -13 5 1 0 1
107.178 -6.44279 106.667 38.6827 -0.695234 36.8497 0.109776 -13 7 1 0 1
129.773 -22.0657 106.667 44.4435 -9.80776 30.4611 1.82204 -13 10 1 0 1
57.0231 -62.0754 106.667 7.55579 -29.2561 34.1614 1.94194 -13 33 1 0 1
138.553 45.2002 106.667 41.3314 16.8818 27.7296 0.398022 -13 61 1 0 1
135.667 -37.6887 106.667 36.3686 -17.125 22.9794 1.1849 -13 90 1 0 1
111.071 -44.6424 106.667 31.064 -18.4142 24.9268 1.76796 -13 116 1 0 1
134.062 82.5454 106.667 27.5137 24.5317 19.7196 1.55307 -13 164 1 0 1
105.787 31.3485 106.667 32.9927 19.638 34.0356 1.57851 -13 167 1 0 1
124.717 -16.6639 106.667 38.464 -4.24297 28.2297 0.414383 -13 170 1 0 1
123.475 14.9771 106.667 41.4717 5.63995 30.928 0.755303 -13 194 1 0 1
114.639 29.5765 106.667 39.4465 15.6296 34.614 1.20806 -13 203 1 0 1
124.137 39.1265 106.667 39.7903 12.0414 29.0177 3.14831 -13 212 1 0 1
143.461 10.3188 106.667 46.087 3.41691 24.6685 -0.284646 -13 233 1 0 1
136.204 16.9465 106.667 43.2466 9.28638 29.7683 -0.333546 -13 250 1 0 1
117.843 -10.3156 106.667 43.1815 -5.5201 32.4241 0.743283 -13 260 1 0 1
136.06 -6.36032 106.667 43.4987 -5.04492 28.3201 1.18517 -13 303 1 0 1
74.2205 1.66867 106.667 21.8193 -1.30364 36.0276 2.1108 -13 305 1 0 1
141.169 9.09326 106.667 43.6288 4.9166 25.1527 -1.25931 -13 337 1 0 1
124.641 38.7659 106.667 39.5065 16.7301 29.4397 2.38612 -13 383 1 0 1
116.096 -25.6522 106.667 42.2958 -12.6258 32.4374 2.01373 -13 493 1 0 1
125.551 33.5077 106.667 38.4941 11.5554 30.2744 1.70538 -13 525 1 0 1
132.823 -47.0404 106.667 41.7123 -16.7655 25.4918 0.266937 -13 590 1 0 1
142.538 -50.6323 106.667 39.5893 -18.9551 25.6417 1.80862 -13 595 1 0 1
132.075 26.8754 106.667 40.7025 15.7807 27.3281 0.79055 -13 643 1 0 1
140.646 -37.4848 106.667 40.2522 -15.2605 28.2292 0.691912 -13 698 1 0 1
109.26 -14.1143 106.667 34.7151 -7.13547 33.117 2.80793 -13 717 1 0 1
123.474 -8.84513 106.667 39.7928 -3.15367 28.6763 0.899343 -13 772 1 0 1
72.0876 7.50801 106.667 20.62 4.6793 41.7394 0.726468 -13 781 1 0 1
142.76 -9.21983 106.667 45.2087 -2.63105 29.5225 2.93501 -13 881 1 0 1
117.509 -71.8586 106.667 25.5414 -21.6796 20.0572 1.12152 -13 938 1 0 1
