#BLTrackFile NTuple/Z40
#x y z Px Py Pz t PDGid EventID TrackID ParentID Weight
#mm mm mm MeV/c MeV/c MeV/c ns - - - - -
-5.3145 -4.23913 40.4558 -19.8148 -6.82283 69.2155 -0.945623 -13 1 1 0 1
3.35696 3.60227 40.4558 -4.7181 -1.69214 80.9007 0.156265 -13 2 1 0 1
-1.7871 -1.66992 40.4558 -11.4833 -4.25406 69.2406 1.10887 -13 3 1 0 1
-4.73025 -3.17548 40.4558 -22.3421 -3.25278 74.6766 0.557086 -13 4 1 0 1
-7.83677 1.93262 40.4558 -17.4798 0.532171 57.275 0.717591 -13 5 1 0 1
-3.3972 -1.8287 40.4558 -16.3875 -1.62524 72.8275 -0.568425 -13 6 1 0 1
-2.87518 -3.51187 40.4558 -8.15343 -5.6964 59.6115 -0.668696 -13 7 1 0 1
-11.409 -1.14733 40.4558 -17.3036 2.58846 40.5797 0.197201 -13 8 1 0 1
-0.135299 5.06256 40.4558 -4.71449 11.4183 62.4574 1.32324 -13 9 1 0 1
-1.44419 -4.69027 40.4558 -6.93228 -7.04077 65.6068 0.90439 -13 10 1 0 1
1.79186 4.97324 40.4558 -3.70162 10.3839 71.2271 -0.312063 -13 11 1 0 1
-5.4917 -2.62135 40.4558 -13.1875 -7.0874 57.7213 1.90963 -13 12 1 0 1
1.46256 5.30112 40.4558 0.49609 5.52 37.8529 -0.588709 -13 13 1 0 1
0.911323 -5.22464 40.4558 -3.65699 -6.46981 67.3361 -1.3166 -13 14 1 0 1
-0.527979 -4.27704 40.4558 -5.71008 -8.38839 66.2033 1.69383 -13 15 1 0 1
7.78371 -8.81752 40.4558 9.33646 -17.6889 57.1381 2.36498 -13 16 1 0 1
-5.65253 4.70813 40.4558 -15.2948 11.765 60.5606 -0.433555 -13 17 1 0 1
-7.34494 -4.44506 40.4558 -13.1784 -9.78147 48.6093 1.64396 -13 18 1 0 1
-10.7564 2.04706 40.4558 -26.8024 6.11625 58.9063 0.351307 -13 19 1 0 1
-3.62534 -7.09054 40.4558 -11.3882 -13.183 61.5085 3.17616 -13 20 1 0 1
-5.02591 -0.464296 40.4558 -10.8955 3.88422 55.5762 -0.960687 -13 22 1 0 1
-11.8934 5.5275 40.4558 -21.8801 9.16699 47.677 0.944554 -13 24 1 0 1
0.980727 -2.64426 40.4558 -4.54411 -1.6073 70.3436 0.508865 -13 25 1 0 1
-2.08978 0.791935 40.4558 -9.46907 2.46724 67.4265 0.0896358 -13 26 1 0 1
-1.58982 -3.89865 40.4558 -7.90773 -1.70661 65.4559 1.68069 -13 27 1 0 1
-0.589607 -6.23228 40.4558 -9.00352 -14.0935 71.6289 0.47717 -13 28 1 0 1
-3.21116 2.28076 40.4558 -11.9742 8.48977 64.6436 1.23997 -13 30 1 0 1
-2.86329 -0.0721859 40.4558 -14.0023 2.18994 69.9683 -0.0526483 -13 31 1 0 1
-5.96656 -2.58176 40.4558 -14.3801 -5.66056 58.9221 -0.256422 -13 32 1 0 1
-8.02985 -0.891798 40.4558 -21.0587 1.07806 62.0037 -0.383063 -13 34 1 0 1
-11.1936 -6.92925 40.4558 -30.9651 -12.6109 64.4742 2.42235 -13 35 1 0 1
-3.14863 1.27055 40.4558 -10.8885 7.94018 64.3899 -0.881099 -13 36 1 0 1
-0.513485 -2.32314 40.4558 -12.0375 -8.9427 77.98 -1.24072 -13 37 1 0 1
-3.46895 -1.20279 40.4558 -9.48234 -4.18177 58.4776 1.68334 -13 38 1 0 1
-6.0465 0.872295 40.4558 -12.639 1.17282 49.5226 1.00703 -13 40 1 0 1
0.677734 7.36519 40.4558 -2.50921 12.53 60.6086 0.0729972 -13 41 1 0 1
-1.78725 0.191711 40.4558 -9.90031 -3.89137 67.1686 1.47274 -13 42 1 0 1
-4.89471 -1.21973 40.4558 -25.8634 -3.62374 75.6397 0.52614 -13 43 1 0 1
-0.816395 1.89087 40.4558 -3.14348 1.69456 55.9378 0.876283 -13 44 1 0 1
-1.51666 -3.52757 40.4558 -9.46955 -7.35725 66.6557 0.618346 -13 46 1 0 1
-2.80416 5.73109 40.4558 -8.49476 5.86623 58.1547 1.15694 -13 47 1 0 1
-4.15954 2.70701 40.4558 -14.4177 11.3591 64.0962 0.918498 -13 48 1 0 1
-1.6769 -4.81659 40.4558 -9.9328 -18.7982 67.1344 -0.331808 -13 49 1 0 1
-2.72774 1.39417 40.4558 -3.76183 3.48166 40.3327 -0.392046 -13 50 1 0 1
-2.07819 1.8971 40.4558 -13.2529 0.0296484 71.2245 -0.0851722 -13 51 1 0 1
-5.95412 5.31549 40.4558 -11.9949 10.6965 52.5332 0.318401 -13 52 1 0 1
-2.46607 4.56046 40.4558 -5.7713 6.24212 55.0741 -2.12255 -13 53 1 0 1
-4.39421 7.36439 40.4558 -6.3287 8.23476 39.1909 0.287101 -13 54 1 0 1
-3.83887 -1.15112 40.4558 -15.7514 -4.81298 68.4106 1.11571 -13 55 1 0 1
4.24828 4.14386 40.4558 4.30987 8.45016 61.5578 -0.760404 -13 56 1 0 1
-2.35885 -3.16987 40.4558 -7.94647 -4.08972 62.626 -0.193421 -13 58 1 0 1
-1.49126 -4.65739 40.4558 -8.64645 -10.3454 66.3201 2.16934 -13 59 1 0 1
-1.45488 7.08399 40.4558 -5.13812 16.2296 54.8974 0.483386 -13 60 1 0 1
-4.69854 1.33653 40.4558 -13.0266 4.95324 60.8902 -0.630216 -13 61 1 0 1
-1.58891 -1.39476 40.4558 -9.43877 1.30904 68.8756 -0.345284 -13 62 1 0 1
-4.161 -4.04684 40.4558 -6.41914 -4.55224 31.3302 0.460928 -13 63 1 0 1
-1.7536 -0.729477 40.4558 -6.98277 0.0506564 60.2996 0.349257 -13 64 1 0 1
-0.409604 1.38934 40.4558 -5.24505 0.83806 65.1169 -1.23909 -13 65 1 0 1
-1.7131 0.709001 40.4558 -10.287 0.395353 69.9968 0.65347 -13 66 1 0 1
-1.67137 -2.78771 40.4558 -5.84577 -2.35802 60.2435 -0.465647 -13 67 1 0 1
-2.82239 8.01628 40.4558 -5.82897 10.1818 50.2326 -0.72539 -13 68 1 0 1
-4.54081 -2.82431 40.4558 -12.2783 -6.51971 60.9723 0.206905 -13 69 1 0 1
-1.80406 -0.267751 40.4558 -16.1955 -9.60062 78.3092 0.42496 -13 70 1 0 1
-3.53304 2.27244 40.4558 -8.25915 0.339454 59.4722 -1.2462 -13 71 1 0 1
1.13679 7.10543 40.4558 -2.51045 10.4385 64.2415 1.32398 -13 72 1 0 1
-2.93144 1.56057 40.4558 -15.3374 -1.25445 72.2157 -0.709205 -13 73 1 0 1
-2.27632 5.4024 40.4558 -6.59417 10.8557 56.5097 0.483431 -13 74 1 0 1
-0.717797 3.45101 40.4558 -10.6069 5.92308 73.776 -2.65833 -13 75 1 0 1
4.42944 1.11413 40.4558 -3.89917 2.06076 79.7317 -1.51991 -13 76 1 0 1
-5.92712 3.30641 40.4558 -13.8336 1.52457 54.0465 2.6149 -13 77 1 0 1
-6.05834 1.02383 40.4558 -14.0806 -0.302769 55.9921 -0.532786 -13 78 1 0 1
-1.84593 -0.94966 40.4558 -7.76856 -2.86945 61.6727 1.65598 -13 79 1 0 1
-1.06544 -5.52907 40.4558 -10.0947 -9.25735 70.2463 0.262691 -13 80 1 0 1
0.94361 1.13759 40.4558 -5.06115 10.4631 69.9467 0.291665 -13 81 1 0 1
-2.47329 -2.22951 40.4558 -7.37339 -2.61354 61.5527 1.44126 -13 82 1 0 1
-7.33742 7.31101 40.4558 -20.5277 19.0374 63.0862 0.25594 -13 83 1 0 1
-11.9183 3.21265 40.4558 -27.2142 5.67272 55.1662 0.391022 -13 84 1 0 1
-0.461142 0.296237 40.4558 -8.93866 -1.11867 74.6272 1.36057 -13 85 1 0 1
0.397286 0.129024 40.4558 -4.44496 -7.27829 67.0338 0.0447577 -13 86 1 0 1
-5.22926 -4.98764 40.4558 -8.62148 -9.55281 47.172 1.10863 -13 87 1 0 1
-4.15285 -2.91283 40.4558 -14.2199 -5.7888 65.8847 -0.170698 -13 88 1 0 1
-0.867109 -2.21657 40.4558 -5.5606 -0.845946 61.1564 -0.335472 -13 89 1 0 1
-2.12558 3.27492 40.4558 -8.55057 6.13487 64.3993 0.0545978 -13 90 1 0 1
-7.72125 -0.741011 40.4558 -18.7684 -2.4436 60.5661 1.12142 -13 91 1 0 1
-0.161108 0.250712 40.4558 -1.12878 0.54582 54.7028 0.236443 -13 92 1 0 1
-0.692626 1.75887 40.4558 -3.43848 0.937127 58.8065 1.08017 -13 93 1 0 1
-3.53823 10.4445 40.4558 -8.20824 17.2661 50.5962 -1.07611 -13 94 1 0 1
-0.616336 1.45865 40.4558 -7.42299 5.02133 69.429 0.301878 -13 95 1 0 1
-3.00402 2.99181 40.4558 -9.46779 9.40505 59.0669 -1.55901 -13 96 1 0 1
-2.9983 -2.79793 40.4558 -6.03947 0.211989 55.9211 -0.78139 -13 97 1 0 1
-2.05708 -2.16149 40.4558 -9.1374 -0.434517 66.3498 0.681288 -13 98 1 0 1
-4.55702 4.76765 40.4558 -12.9973 9.65581 61.001 0.755823 -13 99 1 0 1
0.321 -3.92568 40.4558 -4.71178 -3.57042 66.6828 -0.623536 -13 100 1 0 1
2.69743 1.27827 40.4558 0.128535 0.202891 67.8479 -0.423471 -13 101 1 0 1
-1.04573 1.84072 40.4558 -8.02426 3.19222 66.1332 0.164508 -13 102 1 0 1
3.23195 -2.79161 40.4558 2.60219 1.16177 61.6685 -2.19304 -13 103 1 0 1
-1.01669 -1.19228 40.4558 -7.29202 -5.44309 66.1204 -0.0538316 -13 104 1 0 1
-2.70969 1.5023 40.4558 -7.1765 10.1308 58.8419 -1.2011 -13 105 1 0 1
-10.5175 -1.21422 40.4558 -22.1911 -2.26457 52.9683 0.55225 -13 106 1 0 1
-2.23297 -2.49676 40.4558 -11.7731 -6.16051 68.783 -0.801256 -13 107 1 0 1
0.99631 1.66739 40.4558 -1.67903 8.84726 62.6425 -0.555146 -13 108 1 0 1
-2.03022 0.361422 40.4558 -9.04879 1.84766 66.6191 1.24642 -13 109 1 0 1
-3.41296 1.02153 40.4558 -16.4462 3.4748 70.2377 -0.0101817 -13 110 1 0 1
-2.63766 -3.15654 40.4558 -16.223 -2.82694 75.1262 -0.052134 -13 111 1 0 1
0.236285 0.748738 40.4558 -3.38432 -1.50862 55.6398 -1.58736 -13 112 1 0 1
-3.78652 5.65832 40.4558 -8.90314 9.67075 53.0578 1.04795 -13 113 1 0 1
0.221068 -2.74862 40.4558 -2.98626 -6.75293 62.5178 0.19156 -13 114 1 0 1
0.921484 2.26527 40.4558 1.04837 2.85035 48.9039 0.109946 -13 115 1 0 1
-5.28405 -1.20888 40.4558 -19.831 -3.11225 69.2703 0.76202 -13 116 1 0 1
-3.681 -0.524677 40.4558 -9.27037 0.824228 53.8391 -0.0864853 -13 117 1 0 1
-1.59464 0.138883 40.4558 -2.38729 -5.39181 44.9638 -0.134809 -13 118 1 0 1
0.418754 0.553798 40.4558 -5.46013 3.60142 70.2088 0.745939 -13 119 1 0 1
-6.9635 -0.753501 40.4558 -12.984 0.182071 47.1491 0.0966946 -13 120 1 0 1
-0.285512 -6.23086 40.4558 -4.06646 -7.04031 60.0825 1.77982 -13 121 1 0 1
-3.31639 -3.54167 40.4558 -17.3605 -6.06719 74.5997 0.861787 -13 122 1 0 1
-1.82932 -5.3372 40.4558 -10.2495 -10.4725 69.2174 0.993117 -13 123 1 0 1
3.93183 0.494366 40.4558 5.26555 2.29682 57.746 0.54813 -13 124 1 0 1
-8.43124 -8.2584 40.4558 -18.558 -16.0483 54.5345 -1.26296 -13 125 1 0 1
-1.6464 1.95486 40.4558 -15.5709 -1.92842 77.049 1.17783 -13 126 1 0 1
-1.97233 5.33916 40.4558 -7.00384 7.4583 58.5202 -0.847131 -13 127 1 0 1
-2.21859 -1.67447 40.4558 -8.37183 -8.21866 63.2659 0.569364 -13 128 1 0 1
4.22784 4.0559 40.4558 5.25879 8.6134 58.2304 -0.225178 -13 129 1 0 1
-0.37392 -1.86142 40.4558 -1.87982 1.04061 49.6114 0.854934 -13 130 1 0 1
-0.176897 1.12135 40.4558 -7.08908 2.54485 68.2785 -0.233234 -13 131 1 0 1
-6.7346 0.531106 40.4558 -23.1147 -0.350014 69.6563 1.52336 -13 132 1 0 1
1.50201 0.10631 40.4558 -0.603556 -1.13279 63.5782 -1.0994 -13 133 1 0 1
3.08404 1.48283 40.4558 -1.91004 2.86018 74.4186 0.619809 -13 134 1 0 1
0.192516 2.90755 40.4558 -6.68915 1.64788 69.2351 1.07121 -13 135 1 0 1
1.85207 3.29388 40.4558 1.2574 2.65917 56.3462 0.276747 -13 136 1 0 1
-5.88053 1.36032 40.4558 -15.3322 1.61218 60.3384 1.73593 -13 137 1 0 1
-4.58303 5.77564 40.4558 -10.3169 11.329 53.017 0.539189 -13 140 1 0 1
-3.94503 0.960464 40.4558 -7.96477 4.86967 50.4184 0.121838 -13 141 1 0 1
2.2166 0.757583 40.4558 0.454426 5.93612 64.3666 2.13382 -13 142 1 0 1
-5.39096 -2.01674 40.4558 -18.4585 -5.71186 67.9279 -0.647355 -13 143 1 0 1
1.71303 -0.37345 40.4558 -2.98709 -3.80144 71.4256 3.11222 -13 144 1 0 1
-3.0839 -10.3424 40.4558 -7.89687 -16.745 52.5894 1.92135 -13 145 1 0 1
0.908022 -4.11345 40.4558 -2.73035 -5.20875 65.4634 0.424495 -13 146 1 0 1
-3.09026 -1.25602 40.4558 -10.5626 -2.87955 63.7509 -1.00593 -13 147 1 0 1
-4.99632 -5.06937 40.4558 -17.0209 -6.2521 67.1355 0.446266 -13 148 1 0 1
0.826711 4.56499 40.4558 -1.78172 7.02518 55.6254 -0.297867 -13 149 1 0 1
-2.57807 4.47856 40.4558 -9.90306 11.0497 63.8564 0.0178056 -13 150 1 0 1
-2.43742 -3.2602 40.4558 -7.3139 -7.26288 55.7295 1.38214 -13 151 1 0 1
-1.72885 -1.11503 40.4558 -7.34195 -3.10232 62.6809 2.29979 -13 152 1 0 1
-4.72936 -0.996505 40.4558 -15.2576 -7.22978 65.3495 -0.317764 -13 153 1 0 1
-3.55138 -4.62179 40.4558 -19.6418 -11.8479 74.8868 -1.93226 -13 154 1 0 1
-5.6683 0.933894 40.4558 -16.7249 0.249389 63.8853 -1.2902 -13 155 1 0 1
0.866857 -3.89348 40.4558 -0.119745 -3.45388 45.4883 -0.375281 -13 156 1 0 1
-5.02386 -0.584947 40.4558 -13.3105 1.76764 59.883 0.0552501 -13 157 1 0 1
-0.332514 3.07796 40.4558 -13.8881 3.02274 78.2352 1.45908 -13 158 1 0 1
-6.66016 4.33193 40.4558 -13.3325 5.33818 53.4373 -0.497794 -13 159 1 0 1
4.68181 -0.479482 40.4558 4.89077 -0.657488 63.6704 0.122633 -13 160 1 0 1
1.98608 1.63358 40.4558 -2.33427 -1.36612 70.1278 1.69388 -13 161 1 0 1
-8.57141 2.74607 40.4558 -12.3292 3.22911 38.759 -0.401496 -13 162 1 0 1
-4.56806 1.65579 40.4558 -16.411 8.70146 67.6095 -1.5803 -13 163 1 0 1
4.01619 7.36502 40.4558 3.67209 10.7827 64.7893 0.17882 -13 164 1 0 1
-13.8065 1.06954 40.4558 -14.8973 -0.284948 27.402 2.32567 -13 165 1 0 1
-10.7716 -1.16461 40.4558 -29.353 -3.04477 64.0738 -0.102873 -13 166 1 0 1
2.71636 4.35204 40.4558 1.73277 9.01236 62.4778 0.715834 -13 167 1 0 1
-1.63793 2.76947 40.4558 -17.471 9.44739 76.9433 1.21697 -13 168 1 0 1
1.88958 -2.16303 40.4558 0.326072 -6.46861 57.6506 -0.162633 -13 169 1 0 1
-3.83818 -0.314092 40.4558 -13.6748 -2.4256 65.6639 -0.550862 -13 170 1 0 1
6.31188 -6.14175 40.4558 6.50517 -4.32203 40.5335 0.861431 -13 171 1 0 1
-4.13346 3.05494 40.4558 -9.43633 2.70966 55.1487 -0.271604 -13 172 1 0 1
-2.29567 -5.0367 40.4558 -6.18561 -9.72743 56.14 0.261507 -13 173 1 0 1
-2.85129 1.37245 40.4558 -10.5816 -3.25077 65.8308 0.356097 -13 174 1 0 1
-7.01559 -2.82038 40.4558 -11.1069 -7.29723 45.2525 -0.0501008 -13 176 1 0 1
3.53863 -4.06529 40.4558 3.73532 -6.86823 51.0443 -0.268289 -13 177 1 0 1
-4.19739 -3.70265 40.4558 -8.65224 -4.31956 50.7073 -0.471745 -13 178 1 0 1
2.02545 -4.54073 40.4558 -1.89362 -14.3137 68.4389 -0.646438 -13 179 1 0 1
-1.12478 -3.36846 40.4558 -3.67091 -4.6671 51.5576 1.65011 -13 180 1 0 1
-7.88028 -0.801599 40.4558 -10.7434 -0.886399 35.389 -1.32462 -13 181 1 0 1
-8.45828 2.3186 40.4558 -10.5841 4.16027 34.8362 -0.753024 -13 182 1 0 1
-0.261661 4.60814 40.4558 -0.844196 10.5914 40.8082 0.13506 -13 183 1 0 1
-6.19909 2.37934 40.4558 -14.5401 1.00493 56.3478 0.115167 -13 184 1 0 1
-6.2199 -0.773336 40.4558 -14.3805 -4.06412 57.344 -0.675072 -13 185 1 0 1
-2.37983 2.45154 40.4558 -4.34824 4.70432 40.0873 -0.530965 -13 186 1 0 1
-0.421133 -0.80067 40.4558 -7.31035 4.7935 70.5091 1.24143 -13 188 1 0 1
-4.11582 -2.0287 40.4558 -21.9256 -6.04633 76.6614 0.288445 -13 189 1 0 1
-8.29956 2.81806 40.4558 -17.8092 5.96422 55.6766 2.0157 -13 191 1 0 1
-0.732304 -0.299164 40.4558 -14.7523 5.76148 78.845 0.952189 -13 192 1 0 1
-14.0232 -0.287472 40.4558 -13.4714 -2.6875 22.3349 -0.77181 -13 193 1 0 1
-1.49642 5.10133 40.4558 -9.07347 14.7184 67.5072 -0.145843 -13 194 1 0 1
-3.36572 -1.09938 40.4558 -8.8702 -1.79178 58.2728 2.36436 -13 195 1 0 1
3.33741 1.04639 40.4558 -7.01131 -4.44829 80.2917 2.67751 -13 196 1 0 1
-2.4837 4.93555 40.4558 -8.6707 9.43975 63.1994 -0.822991 -13 197 1 0 1
1.90069 -0.0129221 40.4558 1.0939 0.281109 49.4929 -0.50042 -13 198 1 0 1
-9.6611 9.98085 40.4558 -18.7624 12.8933 52.0096 -1.49018 -13 199 1 0 1
-0.47929 -2.00373 40.4558 -1.9124 -1.23868 50.7509 0.764912 -13 200 1 0 1
-6.20618 -2.64334 40.4558 -19.8179 -8.44967 66.6303 0.423075 -13 201 1 0 1
-3.64889 11.2046 40.4558 -10.0095 17.9182 55.9239 -0.745225 -13 202 1 0 1
-2.64723 2.25801 40.4558 -8.70302 1.77483 60.8634 0.369269 -13 203 1 0 1
-4.05304 1.98378 40.4558 -8.46213 -0.961614 48.7507 1.52561 -13 205 1 0 1
-8.66403 1.455 40.4558 -33.6356 1.714 70.4748 0.313839 -13 206 1 0 1
-7.06901 -5.02094 40.4558 -15.0439 -9.36041 54.967 -0.96208 -13 207 1 0 1
-8.23369 0.433509 40.4558 -23.2355 1.59572 64.9864 -0.180492 -13 208 1 0 1
3.56708 0.636705 40.4558 4.66053 2.87669 46.7088 -0.284858 -13 210 1 0 1
2.30532 6.33671 40.4558 1.60999 5.77575 41.4453 0.695748 -13 211 1 0 1
-3.1004 7.61825 40.4558 -15.4119 17.4045 70.3262 2.19617 -13 212 1 0 1
-7.97125 2.47029 40.4558 -16.9843 2.44438 55.8452 -1.21859 -13 213 1 0 1
-2.13804 3.37776 40.4558 -13.2793 4.88788 74.0214 1.13686 -13 214 1 0 1
-0.309083 -1.81372 40.4558 -8.30525 -10.9752 70.9326 1.84889 -13 215 1 0 1
-0.376782 0.092853 40.4558 -7.52939 0.667923 69.2283 1.25173 -13 216 1 0 1
5.68562 2.62262 40.4558 6.22508 7.37936 44.1559 -0.850295 -13 217 1 0 1
-6.99147 0.735785 40.4558 -19.0454 1.36198 61.2747 0.296433 -13 218 1 0 1
-0.413938 -2.06076 40.4558 -10.1645 -4.87881 76.5903 0.168171 -13 219 1 0 1
-0.249004 1.30119 40.4558 -7.70986 -0.513763 71.4444 2.51304 -13 220 1 0 1
2.35027 -2.46592 40.4558 4.08247 -7.44629 54.5842 1.10015 -13 221 1 0 1
-2.83677 3.95841 40.4558 -13.4228 10.1903 70.4852 -0.651259 -13 222 1 0 1
-6.31061 0.960067 40.4558 -16.273 5.35418 59.0899 1.15896 -13 223 1 0 1
-5.50297 -0.0869086 40.4558 -14.1366 1.31945 60.4901 -0.312174 -13 224 1 0 1
-3.35351 4.38956 40.4558 -7.85315 9.08095 52.9056 -0.134334 -13 226 1 0 1
-3.03365 5.08557 40.4558 -9.56995 8.70322 61.3732 0.18418 -13 227 1 0 1
-0.635866 0.108855 40.4558 -13.0869 -0.446977 76.8613 -1.75671 -13 228 1 0 1
-4.55334 1.6103 40.4558 -18.4565 -0.972947 69.3582 0.407948 -13 229 1 0 1
-1.65628 -5.45453 40.4558 -3.49404 -7.6339 44.2487 -0.194368 -13 230 1 0 1
4.96856 6.34692 40.4558 4.85398 18.0146 64.9231 1.39187 -13 231 1 0 1
6.51228 8.83505 40.4558 9.7533 16.7559 58.697 1.02508 -13 232 1 0 1
-8.1948 0.581664 40.4558 -21.3982 -0.237213 61.2459 -1.30014 -13 233 1 0 1
15.0187 20.4137 40.4558 20.9247 34.917 54.4262 -0.401109 -13 234 1 0 1
-1.3725 -0.662407 40.4558 -11.5021 -6.41183 72.1495 0.44436 -13 235 1 0 1
-7.89361 -1.52517 40.4558 -20.1102 -7.23178 60.8069 1.44643 -13 236 1 0 1
1.66181 -10.0789 40.4558 0.703094 -14.5973 51.5431 0.954005 -13 237 1 0 1
-2.27081 0.85844 40.4558 -8.26625 0.916502 61.1358 0.259216 -13 238 1 0 1
-5.93526 -1.30513 40.4558 -19.9922 2.2558 67.2825 1.44636 -13 239 1 0 1
-2.51947 8.71143 40.4558 -4.77457 12.8795 43.2756 -0.177563 -13 240 1 0 1
-3.17419 1.28837 40.4558 -4.5374 1.54725 31.1482 0.965228 -13 241 1 0 1
-3.75667 0.814383 40.4558 -9.43791 -2.54366 57.377 2.00873 -13 242 1 0 1
2.23412 -6.27985 40.4558 -0.494977 -10.3074 67.9046 0.0632064 -13 243 1 0 1
-0.665905 0.858489 40.4558 -11.0216 1.93557 75.3695 0.844825 -13 244 1 0 1
1.63052 0.88769 40.4558 -3.42137 8.92904 70.9792 -0.517919 -13 245 1 0 1
-1.3575 0.219272 40.4558 -9.60539 6.02684 69.5108 -0.0183618 -13 246 1 0 1
-1.891 -4.71846 40.4558 -7.10531 -5.90344 59.8883 -0.13611 -13 247 1 0 1
-3.633 -2.8888 40.4558 -13.1363 -5.61897 66.0752 0.860862 -13 248 1 0 1
5.50642 5.20178 40.4558 6.20827 4.28663 61.3599 -0.749131 -13 249 1 0 1
-0.732233 -5.20304 40.4558 -7.67882 -11.9069 66.545 -1.30718 -13 250 1 0 1
1.11624 10.9563 40.4558 -1.51962 14.4124 60.9489 -0.823264 -13 251 1 0 1
1.68067 1.01626 40.4558 0.37761 -0.209908 63.4779 0.46756 -13 252 1 0 1
-2.16954 5.40336 40.4558 -12.5389 16.0802 68.611 -1.15883 -13 253 1 0 1
-2.26585 2.32744 40.4558 -5.73857 5.14851 52.5542 -0.286984 -13 254 1 0 1
-1.94169 -0.534036 40.4558 -14.6281 3.22915 75.7635 0.139709 -13 255 1 0 1
-6.33737 0.651053 40.4558 -12.415 1.16286 49.6584 -0.721617 -13 256 1 0 1
-3.62945 -5.7438 40.4558 -6.24643 -10.4432 43.3539 -0.0373084 -13 257 1 0 1
-1.47146 0.502747 40.4558 -7.08936 -1.17614 62.4538 0.326071 -13 258 1 0 1
-1.03239 1.32199 40.4558 -3.07646 -0.638258 56.4647 -0.971412 -13 259 1 0 1
-3.11249 -0.523616 40.4558 -13.9444 -5.46417 70.5466 -0.102079 -13 260 1 0 1
-4.82773 2.47796 40.4558 -12.6333 4.15968 58.175 -0.920656 -13 261 1 0 1
-1.13591 -1.93185 40.4558 -4.77952 -2.77256 62.4539 2.31004 -13 262 1 0 1
1.99136 -4.21285 40.4558 0.234688 -8.14761 62.501 -1.27388 -13 263 1 0 1
-3.73494 -1.9881 40.4558 -7.99104 -3.53085 49.4319 0.00701072 -13 264 1 0 1
2.03381 2.33701 40.4558 0.0976652 7.02671 63.2588 0.90628 -13 265 1 0 1
1.17841 2.64384 40.4558 -3.3593 2.17408 70.2256 0.788884 -13 266 1 0 1
-3.10666 3.92071 40.4558 -10.443 2.21502 62.3211 -0.0888882 -13 267 1 0 1
-4.96508 0.154106 40.4558 -7.89426 2.37031 39.5673 -0.842229 -13 268 1 0 1
-4.86135 3.69257 40.4558 -22.1548 2.24218 74.8992 0.678354 -13 269 1 0 1
-4.59233 -0.00966504 40.4558 -12.9378 -4.78701 61.8704 1.47303 -13 270 1 0 1
1.61003 -2.52683 40.4558 -6.24066 -11.2781 77.2282 -0.631254 -13 271 1 0 1
-3.54764 -4.27729 40.4558 -10.6698 -9.96508 60.0631 1.80507 -13 272 1 0 1
-10.4329 3.13835 40.4558 -18.7474 3.87157 48.8164 3.05191 -13 273 1 0 1
-0.0270515 0.457037 40.4558 -4.86907 5.07473 66.0809 -1.82519 -13 274 1 0 1
1.88789 -0.696554 40.4558 0.155796 -4.51526 58.9463 -0.0812739 -13 275 1 0 1
-0.166431 -4.30652 40.4558 -1.84349 -9.54491 55.7986 1.4013 -13 277 1 0 1
-8.84336 0.54992 40.4558 -19.721 0.9521 57.4356 1.78238 -13 278 1 0 1
-7.07932 0.0900839 40.4558 -20.8028 -7.41877 64.8109 -2.25854 -13 279 1 0 1
-0.34733 2.64515 40.4558 -4.22618 2.99506 60.8365 0.454028 -13 280 1 0 1
-1.69579 -2.65271 40.4558 -9.63886 -2.52171 65.4274 -1.08575 -13 281 1 0 1
-4.68723 2.86075 40.4558 -8.46418 6.38167 45.5373 -0.590461 -13 282 1 0 1
-0.0293225 -6.55202 40.4558 -1.61584 -10.4435 48.4059 -1.36835 -13 283 1 0 1
-3.77078 7.02534 40.4558 -8.49095 6.93867 53.137 -0.128429 -13 284 1 0 1
-9.56245 2.16222 40.4558 -22.3179 6.6145 57.3222 -0.271842 -13 285 1 0 1
-6.06191 -6.41165 40.4558 -18.5313 -3.25925 66.2521 -1.24704 -13 286 1 0 1
-4.2831 1.64034 40.4558 -9.13704 -0.955281 50.4048 -1.37983 -13 287 1 0 1
-0.621899 12.7319 40.4558 -12.2466 34.9007 70.0544 -0.0708475 -13 288 1 0 1
-2.36067 4.97846 40.4558 -15.5577 12.653 75.3853 0.657578 -13 289 1 0 1
6.31596 -0.593188 40.4558 7.21701 -2.29734 44.5649 0.406185 -13 290 1 0 1
-0.809083 -2.3946 40.4558 -11.7141 -8.57101 74.2063 0.643817 -13 291 1 0 1
-1.52664 1.50806 40.4558 -11.0783 5.71098 71.4661 -0.0710041 -13 292 1 0 1
-11.8567 2.54352 40.4558 -19.1456 8.37628 42.6184 2.31309 -13 293 1 0 1
7.42608 1.65603 40.4558 8.87208 11.633 69.1153 1.79629 -13 294 1 0 1
-0.318267 -2.02733 40.4558 -4.74068 -5.51003 65.1165 0.284371 -13 295 1 0 1
-7.98632 1.90203 40.4558 -16.9393 3.03051 55.5629 -0.0562246 -13 296 1 0 1
1.38424 -1.25625 40.4558 0.506291 -4.54311 53.7546 2.75939 -13 297 1 0 1
-0.945947 0.777955 40.4558 -7.31555 -2.42954 66.4128 -1.66374 -13 298 1 0 1
-5.71112 5.03002 40.4558 -14.129 6.62088 59.8219 -0.561409 -13 301 1 0 1
-6.13376 1.52978 40.4558 -16.1251 7.36336 60.5737 0.442879 -13 302 1 0 1
-2.8147 -1.17277 40.4558 -9.0161 2.57832 61.0195 0.21159 -13 303 1 0 1
-3.55225 4.05787 40.4558 -12.2813 12.1985 62.6109 0.736071 -13 304 1 0 1
-12.1685 3.47822 40.4558 -16.7026 4.87637 37.2009 1.47142 -13 305 1 0 1
-1.24487 0.716758 40.4558 -7.38177 -1.68501 65.5731 -0.846168 -13 306 1 0 1
-2.27166 -4.90724 40.4558 -11.3976 -17.9258 66.0713 -1.10191 -13 307 1 0 1
-2.18882 -6.3502 40.4558 -12.8292 -14.5153 70.8637 0.274792 -13 308 1 0 1
-5.31044 1.34596 40.4558 -15.7881 2.85602 63.2614 -0.660287 -13 309 1 0 1
2.87138 -2.60571 40.4558 -1.36508 -5.51739 71.8615 -0.209363 -13 310 1 0 1
-2.33877 -3.87686 40.4558 -4.40206 1.20475 33.5499 -1.35889 -13 311 1 0 1
-5.62284 0.439673 40.4558 -19.1614 3.03954 67.7188 0.0280144 -13 312 1 0 1
-6.43102 5.06039 40.4558 -21.4186 10.1672 68.0939 1.12447 -13 313 1 0 1
1.85807 -3.08797 40.4558 -3.09567 -5.9846 68.5655 -0.408984 -13 314 1 0 1
0.0389029 -0.577211 40.4558 -3.12813 3.64511 61.3772 -1.2708 -13 315 1 0 1
-4.11308 -10.1213 40.4558 -8.34731 -16.6477 47.9037 -1.0183 -13 316 1 0 1
-4.72704 -4.03372 40.4558 -13.7205 -9.56366 61.324 0.944496 -13 317 1 0 1
-0.670266 0.474424 40.4558 -7.42797 3.98243 68.9397 -1.23784 -13 318 1 0 1
-2.19532 0.479894 40.4558 -12.1566 7.00331 68.3657 2.19163 -13 319 1 0 1
2.57577 0.257791 40.4558 -1.06017 0.766342 72.0842 0.763685 -13 320 1 0 1
0.55521 -0.0290245 40.4558 -1.76177 -1.30183 56.4443 -1.47318 -13 321 1 0 1
-1.47653 0.795342 40.4558 -18.9683 4.11466 77.8338 2.0246 -13 322 1 0 1
2.71045 -4.05447 40.4558 -2.68152 -2.1211 75.5646 0.387652 -13 323 1 0 1
-1.25566 3.32934 40.4558 -6.97878 7.40848 64.9741 -0.505901 -13 324 1 0 1
-1.74251 -2.80206 40.4558 -11.2898 -7.97594 70.8649 0.152215 -13 325 1 0 1
-12.6008 8.4448 40.4558 -26.8542 13.628 52.2504 0.146934 -13 326 1 0 1
-11.3276 -7.71599 40.4558 -18.5366 -12.9894 42.4878 0.404049 -13 327 1 0 1
-6.30679 4.09111 40.4558 -14.6421 -0.629996 57.0626 -1.34611 -13 328 1 0 1
-1.92214 3.19389 40.4558 -9.48965 9.65054 67.2144 1.25493 -13 329 1 0 1
2.45712 -2.79941 40.4558 -3.69787 -2.66055 76.0991 -0.685711 -13 330 1 0 1
-6.09971 5.8743 40.4558 -20.7165 5.5293 68.3104 -1.40964 -13 331 1 0 1
-1.15515 1.86233 40.4558 -3.3033 4.78085 47.7547 4.22965 -13 333 1 0 1
-6.41811 -3.19123 40.4558 -16.8156 -5.60221 62.7145 0.489014 -13 334 1 0 1
0.323515 -3.7361 40.4558 -3.53982 -8.87175 65.7636 0.488379 -13 335 1 0 1
-3.18189 -2.14958 40.4558 -14.2548 -3.60087 67.2081 -0.510961 -13 336 1 0 1
11.4642 -8.86448 40.4558 18.1409 -16.3417 60.2743 -2.27502 -13 337 1 0 1
-2.15492 -3.44666 40.4558 -6.50691 -11.5163 52.5505 1.03954 -13 338 1 0 1
-3.58543 -4.67564 40.4558 -7.51946 -6.22635 48.2808 0.522433 -13 339 1 0 1
-3.31933 1.42759 40.4558 -12.8707 5.20749 67.545 0.352005 -13 340 1 0 1
1.50412 1.99861 40.4558 -5.65226 -0.476653 77.2668 0.0971695 -13 341 1 0 1
-2.34958 1.75141 40.4558 -13.6741 6.94476 71.716 0.760304 -13 342 1 0 1
-2.57954 -0.835807 40.4558 -8.50076 -6.94635 60.8161 -0.220642 -13 343 1 0 1
0.476684 -1.80016 40.4558 -0.774492 1.69721 49.31 -0.169714 -13 344 1 0 1
-1.43596 -2.52222 40.4558 -8.31053 -2.88232 67.9569 -0.708369 -13 345 1 0 1
-9.26809 0.421045 40.4558 -22.8343 0.569766 60.4019 0.728126 -13 346 1 0 1
-4.09268 0.161241 40.4558 -13.7888 0.596817 65.8759 -0.697279 -13 347 1 0 1
-3.45718 -0.0152012 40.4558 -6.64894 6.18681 51.1785 -0.359089 -13 348 1 0 1
3.04821 1.43505 40.4558 2.76495 0.40383 56.612 0.982991 -13 349 1 0 1
-0.932587 -3.04934 40.4558 -6.37781 -5.3059 64.5063 0.91137 -13 350 1 0 1
-3.46645 3.6456 40.4558 -14.0609 5.74982 68.1611 -1.41111 -13 352 1 0 1
-3.54814 4.11998 40.4558 -11.2855 6.86909 63.7937 -0.0955057 -13 353 1 0 1
-4.10492 5.82072 40.4558 -9.08608 6.54208 50.8975 0.542521 -13 354 1 0 1
-2.51082 3.3884 40.4558 -14.5874 9.16973 71.9767 -0.341575 -13 355 1 0 1
0.477268 2.90931 40.4558 -2.0304 9.62363 58.9238 0.410797 -13 356 1 0 1
-4.18938 -0.347747 40.4558 -6.89619 1.37417 39.4388 0.173129 -13 357 1 0 1
-0.650267 5.60387 40.4558 -3.23743 12.7883 48.1241 0.745495 -13 358 1 0 1
-4.89748 -1.64561 40.4558 -12.4158 1.91201 59.265 0.590051 -13 359 1 0 1
-4.06845 -2.54931 40.4558 -17.6406 -5.50181 72.5017 -0.47986 -13 360 1 0 1
0.947686 -0.279709 40.4558 -8.17559 3.00959 76.5871 -0.00185781 -13 361 1 0 1
-4.79788 1.08663 40.4558 -14.1391 -1.63255 63.6112 -2.65212 -13 362 1 0 1
-2.04516 0.890212 40.4558 -13.573 5.43917 73.0428 -0.17931 -13 363 1 0 1
-1.18586 -2.35097 40.4558 -7.89342 -2.88564 63.6596 0.373703 -13 364 1 0 1
-0.775365 2.8802 40.4558 -2.17951 7.43982 49.6699 -1.7672 -13 365 1 0 1
1.33794 -0.601813 40.4558 1.37926 -1.54817 45.3023 2.37425 -13 366 1 0 1
0.0317735 0.696344 40.4558 -0.310129 -2.40541 40.7852 1.45039 -13 367 1 0 1
-4.03527 2.97726 40.4558 -12.0522 8.52589 62.6015 0.683107 -13 368 1 0 1
-2.47723 -1.8271 40.4558 -7.6499 0.0253042 59.356 -0.961573 -13 369 1 0 1
-8.82444 2.2971 40.4558 -26.8561 4.032 66.7138 0.995795 -13 370 1 0 1
-3.84905 -3.22982 40.4558 -11.8751 -4.92055 64.4093 2.5217 -13 371 1 0 1
-3.02412 -2.07855 40.4558 -6.28099 -9.09894 52.6662 0.951838 -13 372 1 0 1
-6.41396 -3.02648 40.4558 -17.1177 -7.99059 61.3011 0.832434 -13 373 1 0 1
-3.86866 -0.820589 40.4558 -18.5267 0.373977 73.9435 0.758681 -13 374 1 0 1
-6.47774 1.76082 40.4558 -26.404 7.39726 73.9222 -1.26765 -13 375 1 0 1
-6.2147 -4.4557 40.4558 -19.3484 -9.72944 65.7214 0.607125 -13 376 1 0 1
4.46639 -1.759 40.4558 0.530269 -8.02131 78.1512 1.31393 -13 377 1 0 1
-6.03338 -1.21981 40.4558 -7.68985 -5.26225 32.9992 2.40404 -13 378 1 0 1
-1.29891 -8.99911 40.4558 -8.59601 -22.8984 63.9588 0.781345 -13 379 1 0 1
-9.30958 -8.83445 40.4558 -11.8718 -12.7557 34.592 -0.536804 -13 380 1 0 1
0.144536 -1.95458 40.4558 -2.62829 1.23413 59.8496 1.29441 -13 381 1 0 1
2.03908 -4.46218 40.4558 -2.63658 -10.7994 71.9338 -0.203543 -13 382 1 0 1
-13.6404 1.5492 40.4558 -22.4359 1.27622 42.5576 1.49738 -13 383 1 0 1
2.63611 2.76497 40.4558 3.09873 1.78983 58.6601 -1.20759 -13 384 1 0 1
-2.98666 -0.895981 40.4558 -10.9385 -6.37125 65.7627 1.91305 -13 385 1 0 1
-0.190618 -0.476423 40.4558 -6.07104 -2.74182 68.8261 2.0668 -13 386 1 0 1
-4.31196 0.401395 40.4558 -16.766 -1.28242 69.2247 0.261113 -13 387 1 0 1
-4.33742 0.381255 40.4558 -8.54193 1.78019 49.3951 -0.605612 -13 388 1 0 1
2.41431 5.23877 40.4558 1.53066 12.7607 60.1336 1.18312 -13 389 1 0 1
-4.95307 -0.0511666 40.4558 -13.188 -1.75038 62.0914 0.890167 -13 390 1 0 1
4.14007 1.3699 40.4558 5.67998 1.13288 52.1082 -0.0911818 -13 391 1 0 1
-7.55018 1.21541 40.4558 -14.333 -2.87027 50.3247 0.366356 -13 392 1 0 1
-2.21772 5.85809 40.4558 -7.85684 8.7264 59.4621 -0.661825 -13 394 1 0 1
-2.26355 4.77428 40.4558 -13.452 16.0174 72.4061 -1.51895 -13 395 1 0 1
4.20529 2.14582 40.4558 4.19205 0.180596 63.0261 -0.00841658 -13 396 1 0 1
-0.534997 -4.62603 40.4558 -4.31873 -6.86288 59.1512 1.41055 -13 397 1 0 1
-1.45358 0.147024 40.4558 -8.29272 -1.29124 65.7905 1.00408 -13 398 1 0 1
-1.99026 -6.75969 40.4558 -11.8623 -12.2536 68.9923 2.18558 -13 399 1 0 1
-1.07126 -2.32051 40.4558 -6.09898 3.20368 63.6241 0.115987 -13 400 1 0 1
1.74994 -0.135821 40.4558 -3.40287 1.02158 71.6129 -0.0883973 -13 401 1 0 1
-0.0129402 3.28478 40.4558 -1.46918 5.1832 58.2434 -0.150599 -13 402 1 0 1
-2.26963 -9.48908 40.4558 -10.4735 -25.8322 65.6461 0.374766 -13 403 1 0 1
0.940464 -5.00131 40.4558 -2.43907 -14.9539 64.4653 1.35861 -13 404 1 0 1
-4.03415 -1.18653 40.4558 -11.4489 -7.10097 58.3265 -0.430297 -13 406 1 0 1
-4.2672 -2.50172 40.4558 -13.1735 -2.36509 63.7255 1.42898 -13 407 1 0 1
3.2568 3.81547 40.4558 3.72466 7.95988 57.2917 1.9537 -13 408 1 0 1
1.55218 -0.708517 40.4558 -0.642152 -1.5383 64.1136 0.464582 -13 409 1 0 1
-3.30492 -2.59818 40.4558 -16.7015 -6.10832 73.7998 -2.43459 -13 410 1 0 1
-5.67751 3.76031 40.4558 -7.17671 0.131821 38.0392 0.738882 -13 411 1 0 1
-4.62873 -6.71378 40.4558 -14.5252 -14.248 61.8507 1.41323 -13 412 1 0 1
-2.81598 3.52095 40.4558 -17.354 6.05702 76.4208 0.225462 -13 413 1 0 1
-9.89729 -2.28028 40.4558 -20.085 -2.57656 53.86 1.14971 -13 414 1 0 1
-0.99204 4.2444 40.4558 -4.78124 9.39942 55.9168 0.495576 -13 415 1 0 1
-9.52651 -10.2834 40.4558 -11.613 -8.22197 27.9837 0.136296 -13 417 1 0 1
-1.90105 2.7893 40.4558 -10.3035 2.87699 68.4758 1.61363 -13 418 1 0 1
3.07797 -0.302201 40.4558 2.27724 -0.0712742 64.1499 0.653329 -13 419 1 0 1
-1.14129 -2.41512 40.4558 -10.3033 -9.67174 72.0945 -0.300173 -13 421 1 0 1
-4.4715 6.77002 40.4558 -14.6193 15.0151 62.9231 0.539717 -13 422 1 0 1
-11.818 -9.94591 40.4558 -17.0639 -9.20593 37.9288 -0.0297545 -13 423 1 0 1
1.31716 10.5594 40.4558 1.58088 11.2338 45.5702 0.798003 -13 424 1 0 1
-0.724222 -0.0206701 40.4558 -4.73783 1.83211 63.7698 0.0808864 -13 425 1 0 1
-1.55047 0.109334 40.4558 -12.7641 4.84153 72.2935 -1.2836 -13 426 1 0 1
2.12185 -4.85629 40.4558 -0.379154 -6.19785 63.3842 -0.388372 -13 427 1 0 1
-4.7 3.45589 40.4558 -14.5262 11.6361 62.8193 0.52823 -13 428 1 0 1
1.82563 -5.45972 40.4558 1.32503 -12.3049 56.6361 0.0372692 -13 429 1 0 1
-6.82755 6.70484 40.4558 -22.0574 15.825 65.9269 -1.56149 -13 430 1 0 1
-0.205676 -2.0486 40.4558 -10.1022 -5.99577 74.6893 2.02756 -13 431 1 0 1
0.0257565 -0.804072 40.4558 -5.31248 1.44591 67.6648 2.08073 -13 432 1 0 1
-2.49815 -2.21982 40.4558 -12.3187 -10.6455 67.8221 1.51514 -13 433 1 0 1
-1.11092 1.7501 40.4558 -4.95008 8.59861 58.538 0.256973 -13 434 1 0 1
6.42178 2.01453 40.4558 7.93042 1.99355 59.1085 1.19943 -13 435 1 0 1
-0.282539 -0.739903 40.4558 -6.11796 -0.384731 66.8268 -2.18212 -13 437 1 0 1
-5.25543 0.0927588 40.4558 -10.1067 0.83027 52.8357 2.09456 -13 438 1 0 1
0.718308 -2.92278 40.4558 -2.8327 -3.18523 63.0939 -0.995884 -13 439 1 0 1
-0.212545 3.85533 40.4558 -3.83071 8.85808 59.7243 0.351176 -13 440 1 0 1
-6.49119 -1.72925 40.4558 -21.2669 -4.33441 67.2601 1.49541 -13 441 1 0 1
-3.68632 -2.2929 40.4558 -11.7933 0.668004 63.9079 -0.00900354 -13 442 1 0 1
-2.49257 -0.0407179 40.4558 -6.2912 5.41192 55.2052 1.17444 -13 443 1 0 1
4.39383 -0.222814 40.4558 3.13119 1.46474 70.1429 1.09982 -13 444 1 0 1
1.58864 1.21226 40.4558 -2.71253 -3.22705 68.6702 0.190366 -13 445 1 0 1
-3.8439 -4.13871 40.4558 -13.7805 -4.15146 67.1607 -1.43087 -13 446 1 0 1
1.18575 0.697579 40.4558 -0.188889 2.18756 56.7884 -0.312328 -13 447 1 0 1
-2.22589 0.639912 40.4558 -10.9591 4.49302 69.2934 -1.88132 -13 448 1 0 1
-2.72997 1.94208 40.4558 -6.27986 1.48067 51.2825 -0.0552577 -13 449 1 0 1
2.05034 2.47215 40.4558 -7.22525 1.74823 80.8759 0.194017 -13 451 1 0 1
-1.21959 -1.51219 40.4558 -6.84668 -4.8301 66.9225 1.2143 -13 452 1 0 1
-0.598045 -3.49913 40.4558 -2.67422 -5.82119 58.8949 -0.208432 -13 453 1 0 1
-5.06101 -2.05237 40.4558 -8.97545 -3.9626 50.208 1.4846 -13 454 1 0 1
0.378548 -1.56223 40.4558 -0.984186 -6.30409 54.6472 0.321468 -13 455 1 0 1
1.09628 3.71318 40.4558 -2.41251 9.39748 64.1958 -0.513273 -13 456 1 0 1
1.32947 2.23114 40.4558 1.05379 7.95671 56.4128 0.927339 -13 457 1 0 1
-0.214926 -10.2869 40.4558 -3.45226 -16.6321 52.5667 -0.965313 -13 458 1 0 1
1.67861 6.24818 40.4558 -3.73047 10.4172 73.8739 1.7979 -13 459 1 0 1
-4.40166 -1.28802 40.4558 -14.2805 0.127484 63.3718 -0.0331845 -13 460 1 0 1
-6.26796 3.50788 40.4558 -16.8181 10.0984 61.7608 0.479275 -13 461 1 0 1
-0.882138 2.44853 40.4558 -5.49462 6.02466 63.599 -0.163826 -13 462 1 0 1
0.567352 -1.95048 40.4558 -4.60461 -3.63018 68.4761 1.59732 -13 463 1 0 1
-0.173685 9.36419 40.4558 -4.27408 19.1812 59.0607 -0.0174961 -13 464 1 0 1
-6.17005 9.11046 40.4558 -8.49918 10.4512 33.3633 -0.6369 -13 465 1 0 1
-1.02588 3.77777 40.4558 -4.7815 8.39877 55.6243 0.468396 -13 466 1 0 1
1.69303 -3.04911 40.4558 2.17707 -1.81688 34.0966 0.0605599 -13 467 1 0 1
-2.04853 0.278686 40.4558 -5.19965 -4.76196 55.3707 -0.699451 -13 468 1 0 1
-4.97155 8.95918 40.4558 -9.27317 13.9935 46.9883 0.610536 -13 469 1 0 1
-0.154822 -4.3733 40.4558 -4.97741 -6.27077 63.9156 -0.331316 -13 470 1 0 1
-6.39355 8.18917 40.4558 -11.4415 11.6659 45.2897 1.35859 -13 471 1 0 1
-1.56944 -6.96682 40.4558 -3.3321 -9.40317 41.0781 1.3639 -13 472 1 0 1
-4.57425 -1.20411 40.4558 -9.57255 -2.7622 53.3163 -0.469333 -13 473 1 0 1
1.22025 -3.62088 40.4558 -0.402358 -7.34668 61.4948 -0.483447 -13 474 1 0 1
-0.067871 2.44912 40.4558 -6.70126 8.24773 70.2588 1.70573 -13 475 1 0 1
-8.23315 5.12366 40.4558 -18.9686 11.2284 56.7885 0.145291 -13 476 1 0 1
-1.37372 7.3703 40.4558 -6.57296 12.2257 65.4114 -1.14703 -13 477 1 0 1
-3.47572 -2.98779 40.4558 -10.9779 -4.50884 59.972 -1.64111 -13 478 1 0 1
-2.00039 0.575765 40.4558 -5.01506 -1.17777 46.8936 -0.45835 -13 479 1 0 1
-0.477807 2.1993 40.4558 -3.22952 6.08593 54.2015 0.462789 -13 480 1 0 1
4.38163 0.512343 40.4558 5.0192 0.699237 30.4751 0.826822 -13 481 1 0 1
-3.57619 -2.41973 40.4558 -6.05417 -7.16612 44.2796 0.566 -13 482 1 0 1
-6.56438 5.90893 40.4558 -19.6496 10.9198 64.7759 0.941094 -13 483 1 0 1
-6.19659 0.628854 40.4558 -18.776 -0.828264 64.2911 -1.11426 -13 484 1 0 1
-9.19663 -4.71039 40.4558 -18.7702 -10.7869 52.7585 2.01946 -13 485 1 0 1
-3.06326 -4.61412 40.4558 -8.70724 -12.4432 56.1868 2.90726 -13 486 1 0 1
2.12418 2.2099 40.4558 -1.85711 1.77925 69.0517 0.286931 -13 487 1 0 1
-10.1569 -1.01767 40.4558 -22.1378 -1.98784 56.0963 -0.726416 -13 488 1 0 1
-4.79983 -1.17686 40.4558 -7.36792 3.93096 38.2586 1.54179 -13 489 1 0 1
-2.16123 -3.9872 40.4558 -8.07647 -12.0741 61.9648 -1.65608 -13 490 1 0 1
-1.34503 3.77112 40.4558 -9.08655 3.31006 69.0716 1.01657 -13 491 1 0 1
-1.17118 1.07347 40.4558 -5.8619 6.55542 60.5254 1.34082 -13 492 1 0 1
-4.69224 -1.9191 40.4558 -10.5873 -4.6945 57.5933 1.18759 -13 493 1 0 1
-3.1404 -0.497895 40.4558 -4.0651 -2.90362 31.4497 0.335432 -13 494 1 0 1
-1.41352 6.89126 40.4558 -2.18945 4.31806 42.0691 -2.51255 -13 495 1 0 1
-3.37385 -5.4514 40.4558 -5.89093 -7.08226 41.4691 0.471336 -13 496 1 0 1
-3.35789 -0.886834 40.4558 -11.8229 -1.12245 62.8924 0.432787 -13 497 1 0 1
-4.2842 3.10836 40.4558 -15.0367 7.70426 66.3707 -0.263799 -13 498 1 0 1
-3.18753 8.11714 40.4558 -7.11431 10.5377 49.1879 -0.65187 -13 499 1 0 1
5.2675 0.576188 40.4558 6.80742 -2.45061 51.663 -0.965561 -13 500 1 0 1
1.19228 4.17889 40.4558 -8.36207 7.48862 77.7856 -0.139221 -13 501 1 0 1
-6.59728 4.85338 40.4558 -18.9843 6.54608 63.408 -1.00509 -13 502 1 0 1
-5.7556 -14.0201 40.4558 -17.038 -23.1747 61.6155 -1.44957 -13 503 1 0 1
-4.51135 -0.0165598 40.4558 -14.7021 1.84283 63.6796 0.455053 -13 504 1 0 1
4.5199 0.917826 40.4558 6.30412 1.67648 56.8249 -0.971884 -13 505 1 0 1
-3.59879 -0.197246 40.4558 -20.3089 -2.94465 76.2962 1.42372 -13 506 1 0 1
0.57287 6.23989 40.4558 -1.38838 10.587 48.3732 0.624554 -13 507 1 0 1
0.98055 -5.50809 40.4558 -1.25054 -8.72178 62.779 1.12605 -13 508 1 0 1
2.60095 -2.86492 40.4558 -1.88526 -5.70428 71.7131 0.164688 -13 509 1 0 1
-3.40112 -3.79399 40.4558 -8.9204 -9.461 59.6995 1.30731 -13 510 1 0 1
-8.27623 -0.966258 40.4558 -24.5737 0.700702 66.6771 2.20792 -13 511 1 0 1
-7.07556 -0.2196 40.4558 -15.7237 0.162686 54.0346 -0.2448 -13 512 1 0 1
-1.91464 0.193803 40.4558 -5.0059 2.83342 50.5711 1.27814 -13 513 1 0 1
-4.35899 -0.36839 40.4558 -10.2421 -0.634933 53.4515 -3.32587 -13 514 1 0 1
-6.97293 -1.35741 40.4558 -19.9654 -1.96662 63.0407 -1.2998 -13 515 1 0 1
-3.55758 -1.21828 40.4558 -8.91611 2.66717 55.5455 -1.79601 -13 516 1 0 1
-1.35355 0.865756 40.4558 -10.1413 -1.85601 71.0306 -0.986972 -13 517 1 0 1
-1.80182 0.0929048 40.4558 -7.47244 2.18017 64.1828 0.952813 -13 518 1 0 1
-4.98159 1.44052 40.4558 -23.3077 1.56706 74.7838 0.0589597 -13 519 1 0 1
-2.20361 -0.891755 40.4558 -6.42575 -5.49295 59.5035 2.66183 -13 520 1 0 1
-3.86492 -5.87087 40.4558 -14.2229 -11.039 67.5267 -1.33982 -13 521 1 0 1
0.347124 2.3498 40.4558 -11.4863 5.17236 79.7442 1.03643 -13 522 1 0 1
-4.74585 3.17247 40.4558 -16.1926 3.9436 67.577 0.998065 -13 523 1 0 1
-2.16919 -5.06341 40.4558 -7.25786 -2.49475 60.8774 0.858602 -13 524 1 0 1
-3.49072 5.40729 40.4558 -4.9658 5.58308 37.3496 0.836789 -13 525 1 0 1
-4.52603 -2.43896 40.4558 -17.843 -0.450655 69.183 0.171419 -13 526 1 0 1
-6.07078 5.3197 40.4558 -14.1437 10.1237 55.7583 1.16615 -13 527 1 0 1
-4.20129 2.49224 40.4558 -9.06997 3.75227 54.3571 2.81857 -13 528 1 0 1
4.63438 -2.79434 40.4558 3.57961 -12.2846 70.68 0.920339 -13 529 1 0 1
-2.83844 1.14127 40.4558 -10.8405 2.22205 65.9428 -0.480519 -13 530 1 0 1
-0.851453 1.04532 40.4558 -3.52452 3.48927 59.0319 1.12057 -13 531 1 0 1
-10.4149 2.42001 40.4558 -19.0184 7.03179 48.8491 1.79823 -13 532 1 0 1
1.29387 -0.718473 40.4558 -3.31506 0.0371103 69.8986 1.09141 -13 534 1 0 1
-1.97383 3.5326 40.4558 -10.7838 15.0156 66.5855 -2.70312 -13 535 1 0 1
-0.75732 -1.22941 40.4558 -3.71594 1.30011 54.3622 -0.778979 -13 536 1 0 1
1.61903 5.39332 40.4558 0.903897 9.16467 63.2763 0.231378 -13 538 1 0 1
3.26618 -2.10963 40.4558 -2.17109 -3.62999 77.2068 1.49772 -13 540 1 0 1
-3.06924 2.46258 40.4558 -13.9214 8.62528 68.8722 1.0718 -13 541 1 0 1
0.37387 0.0524856 40.4558 -4.56778 2.49342 67.4414 0.132746 -13 542 1 0 1
1.90027 -1.3993 40.4558 -0.300788 -7.31001 66.6698 -0.396982 -13 543 1 0 1
0.13049 -0.907966 40.4558 -3.3644 -3.05602 62.8313 0.549953 -13 544 1 0 1
-5.09708 -9.85069 40.4558 -17.7183 -24.0447 65.3728 1.27361 -13 545 1 0 1
-4.92648 -8.23424 40.4558 -9.00073 -10.3744 41.2706 0.642656 -13 546 1 0 1
-9.54146 6.69889 40.4558 -17.3671 12.2238 45.3728 -0.550172 -13 547 1 0 1
-0.871825 1.10036 40.4558 -5.44015 6.86689 60.8139 2.38983 -13 548 1 0 1
-0.465355 -2.80963 40.4558 -3.26962 -1.41064 57.3751 2.69329 -13 549 1 0 1
-7.11198 5.8987 40.4558 -20.6785 14.8589 63.6537 -2.36831 -13 550 1 0 1
-0.940507 -6.7346 40.4558 -2.25755 -3.53911 32.6728 1.42027 -13 551 1 0 1
-8.13523 -0.764991 40.4558 -17.607 -3.38604 55.2491 0.362214 -13 553 1 0 1
-7.24094 -0.704549 40.4558 -19.3728 -3.53616 61.2781 -0.881743 -13 554 1 0 1
2.52848 2.63117 40.4558 -3.1686 6.43411 73.6352 1.35728 -13 555 1 0 1
-4.57036 3.82265 40.4558 -11.1571 6.15737 54.846 0.624069 -13 556 1 0 1
0.374673 0.303242 40.4558 -2.52352 -0.902189 61.046 2.5544 -13 557 1 0 1
-4.47844 -0.654083 40.4558 -12.2118 -3.96969 59.9002 -2.48033 -13 558 1 0 1
-14.2884 1.38111 40.4558 -20.0889 2.05592 35.8381 -1.23737 -13 560 1 0 1
-8.03123 3.54969 40.4558 -23.3892 4.34343 64.4996 1.2259 -13 562 1 0 1
1.14637 -0.846593 40.4558 -4.50328 -5.48944 70.0957 -0.222205 -13 564 1 0 1
-8.4316 3.85258 40.4558 -16.8597 9.33746 51.5081 1.40286 -13 565 1 0 1
-7.14241 -1.12972 40.4558 -24.0763 -3.861 68.5507 0.861235 -13 566 1 0 1
-2.7194 -4.87351 40.4558 -6.92372 -6.69423 54.7912 0.322043 -13 567 1 0 1
-3.12123 3.37508 40.4558 -13.1453 9.69512 69.2128 0.294086 -13 568 1 0 1
-2.33416 -2.57372 40.4558 -8.46987 -6.07051 60.4901 1.91615 -13 569 1 0 1
-2.94136 -4.83106 40.4558 -5.74758 -5.33062 49.8493 -2.27151 -13 570 1 0 1
-0.999975 -1.64707 40.4558 -10.9592 -7.62034 74.2185 -0.0337329 -13 572 1 0 1
-6.27947 0.177702 40.4558 -18.4291 -4.63821 64.8823 2.0628 -13 573 1 0 1
-6.74543 8.68131 40.4558 -15.5954 18.925 54.1926 -0.831042 -13 574 1 0 1
-2.02225 -1.73497 40.4558 -10.7338 -3.97203 68.3178 0.297139 -13 575 1 0 1
-2.00838 3.10867 40.4558 -9.79913 0.457796 67.6034 -0.779829 -13 576 1 0 1
-0.826309 -4.85538 40.4558 -6.83907 -4.02178 64.9116 -1.85767 -13 577 1 0 1
-4.48746 5.27837 40.4558 -17.444 12.984 69.4345 2.05727 -13 578 1 0 1
1.07925 -6.3794 40.4558 -0.759797 -13.1666 61.0474 -0.127629 -13 579 1 0 1
-7.86444 2.50546 40.4558 -21.5739 8.98287 62.2941 1.59787 -13 580 1 0 1
2.28296 3.2475 40.4558 1.19111 3.75055 62.14 0.190984 -13 581 1 0 1
2.73973 -0.377224 40.4558 2.70296 2.44163 48.5326 0.127754 -13 582 1 0 1
1.58952 -0.254629 40.4558 -3.05917 -2.59179 70.7881 -0.329183 -13 583 1 0 1
-1.31904 -0.005563 40.4558 -7.75777 -3.96563 63.0437 -0.63954 -13 584 1 0 1
-0.955658 -1.90899 40.4558 -7.66967 -7.50154 64.8562 -1.93618 -13 585 1 0 1
-2.31145 -3.60426 40.4558 -12.3945 -10.5684 69.3419 2.29758 -13 586 1 0 1
-3.95759 4.1107 40.4558 -17.3873 14.0118 70.5082 0.47847 -13 587 1 0 1
1.35688 -0.929347 40.4558 -1.9852 1.22863 66.4884 -2.00718 -13 588 1 0 1
-2.29209 1.45921 40.4558 -11.4017 1.28748 68.7073 -1.12946 -13 589 1 0 1
-5.73353 -4.48916 40.4558 -20.8273 -14.7335 70.0077 -0.7461 -13 590 1 0 1
-4.14062 -1.19032 40.4558 -20.2522 0.595752 74.991 2.69781 -13 591 1 0 1
-2.35245 0.67698 40.4558 -10.9513 -0.27624 70.1502 -2.49773 -13 592 1 0 1
-0.649553 4.39794 40.4558 -4.48604 3.22298 63.5058 2.06294 -13 593 1 0 1
-7.17571 1.32709 40.4558 -19.1377 -0.0228115 59.8103 0.369086 -13 594 1 0 1
-0.550103 -3.10134 40.4558 -5.38018 -3.06254 63.0211 0.707489 -13 595 1 0 1
-6.31877 -0.706004 40.4558 -27.7647 -2.48282 74.8191 0.0452762 -13 597 1 0 1
0.482963 -3.70732 40.4558 -11.6398 -11.2845 79.8903 -1.60012 -13 598 1 0 1
-7.12185 -2.75226 40.4558 -10.8946 -4.3893 42.7497 -1.4064 -13 599 1 0 1
-4.52013 -4.54106 40.4558 -8.57098 -7.49778 48.847 0.705462 -13 600 1 0 1
-0.532822 -0.143247 40.4558 -4.61949 -0.950007 58.8829 1.32038 -13 601 1 0 1
-1.65713 -2.65835 40.4558 -6.81374 -4.67831 62.9906 0.769144 -13 602 1 0 1
-9.27245 -1.3289 40.4558 -24.6067 -2.04657 62.601 -1.12345 -13 603 1 0 1
0.64784 1.50125 40.4558 1.13221 0.322297 47.3496 0.315386 -13 604 1 0 1
-4.60671 -11.7159 40.4558 -11.3388 -19.2807 55.5296 0.21075 -13 605 1 0 1
1.95521 -0.989718 40.4558 -1.77376 -2.14586 66.537 2.75978 -13 606 1 0 1
3.33545 3.84889 40.4558 -2.35244 14.8487 75.6336 -0.620648 -13 607 1 0 1
-7.16131 0.110531 40.4558 -23.6715 6.88407 68.6383 0.297509 -13 609 1 0 1
-3.70589 1.06235 40.4558 -12.8738 10.2359 65.1972 -1.52492 -13 610 1 0 1
-4.02801 1.43324 40.4558 -8.49108 -1.09264 52.5754 1.07627 -13 611 1 0 1
2.56779 -0.122132 40.4558 1.51225 3.24446 56.85 -2.08028 -13 612 1 0 1
1.31355 -5.75378 40.4558 0.27795 -6.81106 37.4943 1.55548 -13 613 1 0 1
-3.18322 -1.62707 40.4558 -9.90469 -6.83239 62.6057 -0.147599 -13 614 1 0 1
-5.74579 0.875209 40.4558 -19.9877 -3.56164 70.4692 0.967501 -13 615 1 0 1
1.08569 1.31623 40.4558 -7.42226 6.19153 77.1742 -0.0679888 -13 616 1 0 1
-4.18137 -4.44123 40.4558 -12.8727 -6.76393 61.5248 -0.532246 -13 617 1 0 1
-4.62445 9.16906 40.4558 -11.6151 18.6811 55.0908 -0.856377 -13 618 1 0 1
1.92827 5.41824 40.4558 1.20749 11.3036 50.4526 0.896448 -13 619 1 0 1
-2.55658 1.69718 40.4558 -16.7532 3.4944 76.1005 -2.05892 -13 620 1 0 1
-1.8983 -6.41479 40.4558 -6.42294 -7.44956 58.5735 0.850009 -13 621 1 0 1
-0.302078 -14.3143 40.4558 -2.9864 -20.6427 53.7664 0.542377 -13 622 1 0 1
-2.62734 -3.85236 40.4558 -7.54144 -3.52761 59.5111 -0.126521 -13 623 1 0 1
-3.02687 -1.67021 40.4558 -9.6799 -5.61228 62.744 -0.129361 -13 624 1 0 1
-7.19952 7.35245 40.4558 -15.1421 8.76535 52.8769 -0.65979 -13 625 1 0 1
1.92213 0.394704 40.4558 -2.78525 -2.28172 70.45 2.61367 -13 626 1 0 1
-6.66269 0.238189 40.4558 -25.0126 7.91468 71.9751 0.739172 -13 627 1 0 1
-1.8734 -7.7613 40.4558 -10.4548 -15.5805 69.2319 0.309782 -13 628 1 0 1
-4.53192 6.49162 40.4558 -12.8218 15.6231 62.4245 0.365405 -13 629 1 0 1
-8.04491 2.51377 40.4558 -19.8319 7.48169 58.952 0.840336 -13 630 1 0 1
-3.74204 1.32601 40.4558 -8.6901 3.66504 57.6129 -0.476096 -13 631 1 0 1
-3.90026 -2.93011 40.4558 -13.2343 -5.45074 64.7845 -1.33841 -13 632 1 0 1
2.50355 2.31337 40.4558 2.71897 2.81147 55.805 -0.632451 -13 633 1 0 1
-9.66843 11.7748 40.4558 -20.3623 21.3491 52.3956 0.0751597 -13 634 1 0 1
4.06455 -1.12622 40.4558 5.18767 -0.000412973 52.0719 0.383374 -13 635 1 0 1
-6.00071 2.15013 40.4558 -21.0735 9.71524 69.0659 -1.93853 -13 636 1 0 1
1.36725 0.0498988 40.4558 -4.71281 -2.13574 71.8732 0.255283 -13 637 1 0 1
1.16627 -3.90148 40.4558 -2.55722 -7.99327 65.6565 -1.79124 -13 639 1 0 1
-1.44346 3.98802 40.4558 -3.47818 4.96582 37.5278 -1.93062 -13 640 1 0 1
0.73454 -5.79378 40.4558 -2.49758 -13.0108 60.8679 -1.14173 -13 641 1 0 1
-1.18426 -4.72031 40.4558 -3.74732 -5.97826 56.8542 0.143643 -13 642 1 0 1
-3.04424 -5.0877 40.4558 -13.4829 -11.8351 68.5242 -0.21401 -13 643 1 0 1
-6.07255 -3.36874 40.4558 -11.5104 -6.6542 47.6159 2.44146 -13 644 1 0 1
-0.863923 -4.52534 40.4558 -3.76948 -6.87271 56.2398 1.18279 -13 645 1 0 1
-6.72289 2.08677 40.4558 -23.0341 3.86668 68.142 1.51538 -13 646 1 0 1
-7.42086 -0.819523 40.4558 -28.5122 0.638023 72.6784 -1.33682 -13 647 1 0 1
0.839621 1.06125 40.4558 -3.03772 3.70057 67.9299 0.0415587 -13 649 1 0 1
-2.09179 -3.35138 40.4558 -13.2225 -4.79717 72.3002 1.10699 -13 650 1 0 1
-1.002 1.16737 40.4558 -8.11406 1.72638 67.2476 0.641959 -13 651 1 0 1
-4.33791 -1.48727 40.4558 -14.101 -4.50852 63.5234 1.15109 -13 652 1 0 1
-1.08522 -3.04113 40.4558 -8.39774 -3.7457 67.4206 0.769625 -13 653 1 0 1
-0.788016 -2.56894 40.4558 -0.042294 -3.03636 39.2454 -0.216217 -13 654 1 0 1
-11.4625 -7.98583 40.4558 -12.0041 -8.63981 23.9441 0.474186 -13 655 1 0 1
-7.49122 3.86164 40.4558 -19.8901 11.2275 60.1574 0.0390599 -13 656 1 0 1
1.12075 -4.94075 40.4558 -1.01299 -5.49651 60.6928 0.752881 -13 657 1 0 1
-4.47914 -5.4681 40.4558 -16.2054 -7.13994 66.2434 2.36348 -13 659 1 0 1
-1.92704 0.486576 40.4558 -9.20787 2.14684 64.8934 -1.3681 -13 660 1 0 1
-2.75039 -0.0207177 40.4558 -16.8183 -6.28125 74.3921 1.76025 -13 661 1 0 1
-7.34837 -1.06045 40.4558 -16.13 -2.05651 54.4902 -0.120849 -13 662 1 0 1
0.0120758 1.21703 40.4558 -2.37301 4.49502 57.0363 0.583302 -13 663 1 0 1
-2.45458 -4.20235 40.4558 -12.9259 -7.95657 68.9126 1.86503 -13 664 1 0 1
-2.53772 -0.328379 40.4558 -15.4588 -3.01385 74.8501 0.428698 -13 665 1 0 1
-9.11217 -0.967258 40.4558 -20.5363 0.330718 57.1914 1.12132 -13 666 1 0 1
-2.73376 -0.908551 40.4558 -8.67431 -0.82726 58.9875 -2.01701 -13 667 1 0 1
-7.87704 -2.50513 40.4558 -10.0142 -3.56613 29.4872 0.964321 -13 668 1 0 1
-1.71472 -6.79172 40.4558 -7.93312 -14.2793 65.8243 1.51395 -13 669 1 0 1
-3.80718 1.39936 40.4558 -15.9935 4.80347 70.4751 0.155896 -13 670 1 0 1
-1.62816 -10.2759 40.4558 -6.84018 -19.3766 58.8506 0.624165 -13 671 1 0 1
1.83229 5.13815 40.4558 -0.531831 8.43048 55.905 1.70018 -13 672 1 0 1
0.7897 6.33186 40.4558 -1.2458 9.9549 60.4977 0.469211 -13 673 1 0 1
3.93555 2.54668 40.4558 2.59384 5.3534 62.111 0.987598 -13 674 1 0 1
-4.19227 -5.97848 40.4558 -11.771 -13.6952 60.2609 3.30966 -13 675 1 0 1
2.93676 1.87243 40.4558 2.69952 5.41525 49.0126 -0.0197836 -13 676 1 0 1
4.72294 -0.773943 40.4558 3.62076 -3.31313 66.4294 1.13608 -13 677 1 0 1
-1.12388 1.55754 40.4558 -9.32921 11.7889 70.3506 1.67736 -13 678 1 0 1
-7.50204 5.88794 40.4558 -21.1468 13.1662 63.0052 0.14919 -13 679 1 0 1
-6.01987 1.91295 40.4558 -12.4384 1.11801 54.0282 -0.741631 -13 680 1 0 1
-1.37323 0.0492074 40.4558 -10.5049 -7.96708 71.9542 -3.10441 -13 681 1 0 1
-7.01354 -1.83236 40.4558 -8.26722 -6.81722 28.5153 0.243602 -13 682 1 0 1
5.57356 -0.669173 40.4558 6.21813 4.6808 61.4694 2.18103 -13 683 1 0 1
-3.84777 -3.64881 40.4558 -10.9781 -6.24636 60.1369 -0.0689613 -13 684 1 0 1
9.10313 -2.789 40.4558 12.8819 -10.1345 68.5782 -1.53552 -13 685 1 0 1
0.53275 4.985 40.4558 -4.78056 11.7068 68.5795 0.552144 -13 686 1 0 1
-5.04765 4.64793 40.4558 -9.68093 10.267 47.7312 1.84962 -13 687 1 0 1
-3.60972 -2.8937 40.4558 -12.1038 -9.12607 62.9243 0.117063 -13 688 1 0 1
1.52509 -5.50669 40.4558 0.171573 -13.3958 59.3565 1.14754 -13 690 1 0 1
-0.719962 1.15724 40.4558 -6.49903 -1.45572 63.9604 -1.80925 -13 691 1 0 1
-3.01174 3.93732 40.4558 -9.77529 2.8508 60.8878 -0.798981 -13 692 1 0 1
-3.75292 8.06393 40.4558 -8.60102 5.76914 48.1305 1.99731 -13 693 1 0 1
-1.81665 -5.55721 40.4558 -8.569 -7.01516 63.7535 2.5162 -13 694 1 0 1
-4.44685 3.85626 40.4558 -13.0741 8.39575 61.9074 0.505356 -13 696 1 0 1
-3.3785 1.93969 40.4558 -15.2895 6.80151 68.5451 0.68125 -13 697 1 0 1
2.3473 -6.44093 40.4558 3.34675 -7.04581 43.4018 -0.527843 -13 699 1 0 1
0.421079 -1.29151 40.4558 -6.55969 -2.76192 71.7061 1.543 -13 700 1 0 1
-0.344801 2.99764 40.4558 -6.52437 10.7465 69.1132 1.48912 -13 701 1 0 1
-1.77717 1.23329 40.4558 -4.20679 2.61041 43.2413 1.51018 -13 702 1 0 1
-4.41521 3.44783 40.4558 -22.3737 6.19693 76.2543 -2.07208 -13 703 1 0 1
0.811987 4.648 40.4558 -0.387372 11.765 55.9539 -0.306713 -13 704 1 0 1
-2.59934 3.29353 40.4558 -6.08388 4.16309 52.4221 1.58652 -13 705 1 0 1
-8.44606 -1.23841 40.4558 -15.194 -1.88765 48.6933 -1.41623 -13 706 1 0 1
-1.53384 -1.14685 40.4558 -10.7297 4.16693 71.1804 3.47007 -13 707 1 0 1
-9.29563 -1.70879 40.4558 -19.7906 -3.08289 54.6535 0.682637 -13 708 1 0 1
-3.38452 -0.827441 40.4558 -11.0027 -4.55996 64.0523 0.24054 -13 709 1 0 1
-3.07741 -3.13247 40.4558 -4.15833 -7.6662 39.418 -0.758416 -13 710 1 0 1
0.600117 2.34262 40.4558 -0.764383 0.643244 49.8287 -0.148155 -13 711 1 0 1
-3.96153 -5.57536 40.4558 -14.6366 -11.2426 66.1854 1.54797 -13 712 1 0 1
-1.46503 -2.94214 40.4558 -16.2928 -10.9111 78.7726 0.155494 -13 713 1 0 1
-3.32415 1.81923 40.4558 -6.6466 -0.190955 48.0556 1.83538 -13 714 1 0 1
-3.36506 2.28757 40.4558 -14.434 7.93766 68.9463 -0.918032 -13 715 1 0 1
-1.03645 4.94488 40.4558 -2.69818 7.50141 49.5001 1.39917 -13 716 1 0 1
-1.50292 0.446103 40.4558 -3.65171 -0.107048 52.5855 1.96201 -13 717 1 0 1
-3.84218 0.690796 40.4558 -15.9958 -1.33507 69.9525 1.09828 -13 718 1 0 1
0.267157 0.134456 40.4558 -6.16176 3.78894 70.6402 0.0565697 -13 719 1 0 1
-4.05469 1.35643 40.4558 -12.9614 2.86132 63.692 2.24562 -13 720 1 0 1
1.23175 -5.5917 40.4558 -4.44115 -12.2103 70.3966 0.0693065 -13 721 1 0 1
-0.23755 -3.72782 40.4558 -2.54041 -8.13298 54.2686 -1.35981 -13 722 1 0 1
-2.10315 -3.72665 40.4558 -7.86444 -3.77477 60.0573 -1.04092 -13 723 1 0 1
-1.45824 5.65781 40.4558 -10.7443 10.7501 70.8382 2.16003 -13 724 1 0 1
-6.56037 4.66875 40.4558 -14.0117 5.66722 52.6523 -0.101168 -13 725 1 0 1
3.14359 -7.02122 40.4558 3.59932 -12.9132 53.0776 -0.806072 -13 726 1 0 1
-0.0892925 1.89737 40.4558 -1.70325 3.37924 43.5544 2.12952 -13 727 1 0 1
-2.27747 10.9649 40.4558 -4.89907 15.7516 38.6813 -0.11635 -13 728 1 0 1
0.975123 -2.85042 40.4558 -7.51509 -5.52854 75.4819 -1.67151 -13 729 1 0 1
-8.45064 -8.95143 40.4558 -8.7576 -6.75781 27.5385 0.0772287 -13 730 1 0 1
-2.74332 -1.73576 40.4558 -12.4147 -1.64081 69.0513 -1.08429 -13 731 1 0 1
-4.44296 4.57907 40.4558 -14.7489 6.94885 66.6778 2.16919 -13 732 1 0 1
-6.86618 1.74332 40.4558 -10.9229 -1.09611 44.1838 -0.229958 -13 733 1 0 1
0.50646 3.41975 40.4558 -4.97566 -3.89327 70.8978 2.40315 -13 734 1 0 1
6.27709 5.03493 40.4558 6.97338 4.94522 45.7994 -0.99274 -13 735 1 0 1
-1.52659 4.17285 40.4558 -3.71968 6.31327 45.3439 -0.0185433 -13 736 1 0 1
-5.33328 5.30241 40.4558 -13.5431 9.07427 59.9267 2.22986 -13 737 1 0 1
3.02419 0.0196853 40.4558 2.62598 2.94948 58.3078 1.6959 -13 738 1 0 1
0.156668 -2.42037 40.4558 -2.7751 -1.38328 58.977 -0.983868 -13 739 1 0 1
-3.43109 1.0795 40.4558 -15.7021 1.91515 71.165 0.930634 -13 740 1 0 1
6.14688 0.316333 40.4558 0.940085 0.765096 17.1895 2.18929 -13 741 1 0 1
-10.9054 0.788084 40.4558 -14.3393 2.46922 36.4522 -2.00456 -13 742 1 0 1
-1.90099 5.532 40.4558 -10.4226 15.0403 69.2966 1.48497 -13 743 1 0 1
-5.46767 3.80142 40.4558 -11.7408 3.71723 53.4714 0.433164 -13 744 1 0 1
3.64263 5.27409 40.4558 -0.17821 10.6973 72.0005 2.10516 -13 745 1 0 1
-3.30467 -0.947302 40.4558 -12.7939 -2.10163 66.3368 -1.66323 -13 746 1 0 1
-1.54308 -1.52336 40.4558 -8.70263 -2.74455 67.0197 0.331695 -13 747 1 0 1
-6.23246 -0.261503 40.4558 -10.0927 0.941392 46.116 -1.62866 -13 748 1 0 1
0.986373 -0.810194 40.4558 -5.71186 -2.48866 72.3658 1.27468 -13 749 1 0 1
-1.0754 5.66854 40.4558 -5.82821 2.74915 63.5887 0.863801 -13 750 1 0 1
-6.09861 3.06749 40.4558 -11.9891 6.77252 50.0464 0.189696 -13 751 1 0 1
-3.82821 4.22976 40.4558 -12.9333 12.8105 64.7808 -0.329119 -13 752 1 0 1
-2.54658 2.75266 40.4558 -8.52083 1.92399 63.2861 -0.881571 -13 753 1 0 1
-7.98765 -0.845375 40.4558 -22.651 0.39619 65.0253 0.470582 -13 754 1 0 1
0.952621 -1.23334 40.4558 -6.64663 -4.71174 74.7748 -1.28366 -13 755 1 0 1
-0.0400992 1.83097 40.4558 -5.84582 8.77351 67.3019 -0.887136 -13 756 1 0 1
2.34058 -3.79428 40.4558 2.63136 -4.85589 53.0051 -0.952963 -13 757 1 0 1
-0.767953 -2.30209 40.4558 -1.82299 -9.2048 55.3452 0.519193 -13 758 1 0 1
0.0453516 -7.51411 40.4558 -4.39652 -16.5992 60.7314 1.30726 -13 759 1 0 1
-2.06112 3.49419 40.4558 -5.55288 5.78142 53.0515 0.366577 -13 760 1 0 1
-0.557637 -3.97287 40.4558 -4.22352 -5.18212 58.6821 0.849601 -13 761 1 0 1
-12.7337 1.44658 40.4558 -14.0533 3.66265 26.3011 -0.681521 -13 762 1 0 1
3.44974 1.34025 40.4558 2.60465 7.0378 60.4604 1.42352 -13 763 1 0 1
0.624763 1.12156 40.4558 -4.95885 3.56392 69.2844 -2.44313 -13 764 1 0 1
-3.93995 -2.73134 40.4558 -10.9087 -7.10069 63.0641 -0.398316 -13 765 1 0 1
3.81105 -4.57099 40.4558 2.90326 -4.92507 27.0361 -0.907059 -13 766 1 0 1
0.205127 -1.3119 40.4558 -2.70804 -3.81162 58.7085 -0.288915 -13 767 1 0 1
0.978297 -9.79075 40.4558 -2.93475 -20.7146 65.0337 0.775701 -13 768 1 0 1
-7.32003 0.437382 40.4558 -9.73159 -2.18966 33.1788 0.344863 -13 769 1 0 1
-4.39761 0.882458 40.4558 -15.5326 -7.58756 68.7169 -0.896726 -13 770 1 0 1
-8.93368 -8.67816 40.4558 -10.8813 -9.74679 29.8798 -0.431103 -13 771 1 0 1
-1.22713 -3.13634 40.4558 -3.82337 -7.7743 54.1845 -0.0150159 -13 772 1 0 1
2.93233 -0.376173 40.4558 -2.99675 0.224369 76.5488 0.654803 -13 773 1 0 1
-6.7746 -2.95677 40.4558 -14.6264 -3.05942 55.2449 1.1072 -13 774 1 0 1
4.20351 -1.37162 40.4558 5.04527 -5.48165 61.0463 0.0758737 -13 775 1 0 1
-4.18175 2.48848 40.4558 -8.99322 5.0154 53.6867 2.68713 -13 776 1 0 1
-4.03813 -2.10669 40.4558 -13.8043 -6.70772 64.9984 0.121132 -13 777 1 0 1
-3.91332 3.74598 40.4558 -7.21483 9.52635 45.2538 2.76021 -13 778 1 0 1
-4.70548 -5.0533 40.4558 -15.1177 -10.5885 65.7347 1.83872 -13 779 1 0 1
0.795952 -1.01197 40.4558 -1.909 -1.54192 67.5251 -0.76004 -13 780 1 0 1
0.520357 2.2654 40.4558 -3.35497 1.68137 66.6724 0.0349505 -13 781 1 0 1
-4.11529 -4.77471 40.4558 -12.5617 -9.39765 61.0283 0.663411 -13 782 1 0 1
0.0726813 -4.09902 40.4558 -2.80665 -6.17228 57.8499 1.13725 -13 783 1 0 1
-9.24331 -8.33147 40.4558 -22.1867 -19.5623 58.2932 -0.708733 -13 784 1 0 1
-5.64774 0.674687 40.4558 -23.8382 -6.29079 73.6169 -0.0551769 -13 785 1 0 1
2.42611 2.24379 40.4558 2.28162 1.46091 47.2241 -0.861549 -13 787 1 0 1
-8.87436 -0.566589 40.4558 -20.2829 -2.64911 56.5197 -0.769858 -13 788 1 0 1
4.39209 -0.108304 40.4558 3.36844 -5.43012 70.8374 0.579807 -13 789 1 0 1
-1.4331 0.0143517 40.4558 -6.7535 -4.56503 59.4266 2.16103 -13 790 1 0 1
-0.2615 -5.54028 40.4558 -5.49242 -15.5064 66.2343 -1.2708 -13 791 1 0 1
-2.84662 -1.40361 40.4558 -10.0918 -2.52048 65.3922 2.33962 -13 792 1 0 1
0.363654 0.828263 40.4558 -1.46415 -1.50978 52.7669 1.94203 -13 793 1 0 1
-5.14154 0.48312 40.4558 -16.2869 3.52815 66.9825 0.434275 -13 794 1 0 1
-6.81158 -5.10563 40.4558 -15.0276 -10.1509 53.0562 -2.24356 -13 795 1 0 1
-6.13457 1.19728 40.4558 -13.0472 1.76806 56.6559 0.0533907 -13 796 1 0 1
-2.16089 0.947097 40.4558 -3.84254 -2.59085 46.8764 -0.658679 -13 797 1 0 1
-1.60381 6.98819 40.4558 -12.6153 17.6271 72.1208 2.14429 -13 798 1 0 1
-3.22266 2.3851 40.4558 -10.1925 3.04247 61.3874 1.062 -13 799 1 0 1
-7.99234 1.2652 40.4558 -17.7429 5.63388 56.0026 1.35388 -13 800 1 0 1
2.48397 3.69402 40.4558 0.847388 1.88894 69.0463 2.37304 -13 801 1 0 1
-3.40658 -2.35823 40.4558 -11.8572 -8.03657 64.2594 -1.13232 -13 802 1 0 1
-0.0639758 -0.59775 40.4558 -9.60103 5.40764 74.8458 -1.54455 -13 803 1 0 1
3.85917 0.113286 40.4558 4.30094 1.17044 50.1113 -0.336516 -13 804 1 0 1
-0.414096 0.190841 40.4558 -3.17925 -0.789278 56.2563 1.14509 -13 806 1 0 1
-5.73785 -5.57781 40.4558 -15.9914 -9.25929 63.724 0.543184 -13 807 1 0 1
-6.62369 0.390389 40.4558 -17.5976 0.479806 62.1075 -0.402615 -13 809 1 0 1
-3.0988 -0.632651 40.4558 -16.8202 -4.38589 74.6622 -0.531274 -13 810 1 0 1
-2.10365 -2.15546 40.4558 -10.165 -2.65361 69.4824 -0.0693534 -13 811 1 0 1
1.09175 -6.76248 40.4558 1.30804 -9.27369 47.7611 2.10659 -13 812 1 0 1
-0.153076 3.06339 40.4558 -3.04258 8.32219 54.5919 0.919296 -13 813 1 0 1
-0.321073 -1.89407 40.4558 -3.98382 -0.28567 60.9318 0.862655 -13 814 1 0 1
-0.207632 4.07761 40.4558 -2.5417 8.38216 54.5312 -1.90214 -13 815 1 0 1
0.177486 -1.06436 40.4558 -9.87458 -2.43554 76.0116 1.62848 -13 816 1 0 1
-2.50859 -1.15131 40.4558 -3.05247 -1.18169 39.3279 -1.49923 -13 817 1 0 1
-2.54353 -5.20599 40.4558 -5.00948 -10.5014 46.5343 0.0584845 -13 820 1 0 1
-4.47495 -1.60289 40.4558 -9.24162 0.787611 51.1456 -1.58925 -13 821 1 0 1
-2.9015 3.50039 40.4558 -22.6547 2.69263 78.2349 0.765574 -13 822 1 0 1
0.0270377 0.476853 40.4558 -1.62762 -1.63491 56.9357 0.0573825 -13 823 1 0 1
-4.66839 -1.37625 40.4558 -13.2019 -3.3612 59.1745 0.421504 -13 825 1 0 1
-1.21526 2.2196 40.4558 -7.95018 8.64966 65.6726 -1.25535 -13 826 1 0 1
-1.77322 -5.47739 40.4558 -7.03963 -13.8956 60.9928 2.80389 -13 827 1 0 1
-0.312494 1.80582 40.4558 -4.09046 0.355015 64.1201 -2.32092 -13 828 1 0 1
2.55664 -9.56095 40.4558 1.14147 -16.065 47.8591 0.95111 -13 829 1 0 1
-2.83916 -5.00128 40.4558 -9.90441 -11.192 62.1733 -0.022786 -13 830 1 0 1
-0.182216 -1.9483 40.4558 -5.31896 -6.85725 65.2373 2.11986 -13 831 1 0 1
-2.94118 -3.49074 40.4558 -6.98328 -7.03508 53.872 0.509813 -13 832 1 0 1
-1.72495 -6.24408 40.4558 -6.89418 -13.0605 59.0922 0.517055 -13 833 1 0 1
-6.09527 -1.82559 40.4558 -14.8824 -0.554724 58.629 -0.088047 -13 834 1 0 1
-2.04171 -5.79062 40.4558 -16.2379 -16.3376 74.8602 -0.810917 -13 835 1 0 1
1.49216 5.2939 40.4558 -2.69995 12.7356 64.6945 0.0214915 -13 836 1 0 1
3.55757 -8.62725 40.4558 2.13417 -12.6887 65.8642 1.17084 -13 837 1 0 1
1.24962 4.05739 40.4558 -4.22763 4.356 70.7892 -1.19348 -13 838 1 0 1
-3.33351 -5.15047 40.4558 -7.53158 -6.0078 54.1494 -0.263143 -13 839 1 0 1
-6.38407 -0.0546691 40.4558 -15.249 -1.24461 57.4735 2.57249 -13 840 1 0 1
-5.78656 4.59176 40.4558 -13.2294 5.32874 56.1082 -1.68052 -13 841 1 0 1
-2.43264 -2.5204 40.4558 -13.1268 -4.26544 71.8654 -0.84065 -13 842 1 0 1
-2.43415 -3.71837 40.4558 -14.4659 -15.7666 71.4654 0.621096 -13 843 1 0 1
-8.21335 2.96833 40.4558 -17.7529 5.39477 55.1594 1.03899 -13 844 1 0 1
0.182147 -0.91424 40.4558 -2.59804 0.740021 59.8194 1.12171 -13 845 1 0 1
0.824383 -9.2736 40.4558 -0.898385 -8.81454 34.4872 0.648946 -13 846 1 0 1
0.900256 -6.65154 40.4558 -0.83124 -5.22886 57.5838 -1.02571 -13 847 1 0 1
-4.19112 3.9994 40.4558 -9.2025 4.60464 53.609 -0.657785 -13 848 1 0 1
-8.37787 -2.98493 40.4558 -16.0761 -3.27838 49.6366 -1.84547 -13 849 1 0 1
3.49656 -5.73564 40.4558 1.4866 -11.8832 67.8886 -0.745191 -13 850 1 0 1
-5.12226 5.20335 40.4558 -12.3294 7.56938 57.6574 -0.331414 -13 851 1 0 1
3.57961 -1.0195 40.4558 -1.57349 -1.38332 75.5004 0.638484 -13 852 1 0 1
-4.44449 0.997581 40.4558 -12.2849 1.74912 59.8883 1.22784 -13 853 1 0 1
-2.42265 1.72857 40.4558 -12.5138 -1.60218 67.9253 -0.684831 -13 854 1 0 1
-5.83786 5.46321 40.4558 -14.6335 10.8973 58.7643 0.266813 -13 855 1 0 1
-7.26951 1.87807 40.4558 -16.6891 -2.79786 55.8738 0.474295 -13 856 1 0 1
-5.80225 -10.6598 40.4558 -15.2321 -14.9434 59.3571 -0.718703 -13 857 1 0 1
-11.7279 1.87078 40.4558 -27.8886 2.5515 58.2521 -2.24846 -13 858 1 0 1
-6.04636 -0.864474 40.4558 -11.2818 0.256471 50.3011 1.74824 -13 859 1 0 1
-3.69148 1.41244 40.4558 -12.9506 3.54196 65.9938 1.462 -13 860 1 0 1
-1.51408 -2.37105 40.4558 -12.7401 -6.93742 75.491 -1.68544 -13 861 1 0 1
-2.56665 0.785938 40.4558 -9.02523 3.63536 62.1845 0.06 -13 862 1 0 1
-8.28421 -5.18526 40.4558 -19.0222 -8.07295 56.2597 0.348289 -13 863 1 0 1
-3.09873 -1.24414 40.4558 -9.47039 -1.11471 61.6298 -0.467192 -13 864 1 0 1
-3.78112 -4.36441 40.4558 -8.75652 -4.215 54.1508 1.93287 -13 865 1 0 1
-0.743992 4.28488 40.4558 -4.02048 11.5772 55.3851 0.0911252 -13 866 1 0 1
2.04626 4.8292 40.4558 -3.56903 8.67221 73.6411 -0.514536 -13 867 1 0 1
-1.8381 1.50298 40.4558 -15.8548 0.5228 76.8856 -1.49573 -13 868 1 0 1
-11.9861 -7.37969 40.4558 -24.8009 -13.1939 53.2684 -0.521812 -13 869 1 0 1
-2.44713 -1.43786 40.4558 -7.99253 -5.20364 58.657 0.899731 -13 870 1 0 1
-2.48641 -3.02722 40.4558 -10.2959 -8.29083 65.5532 -1.04969 -13 871 1 0 1
-3.4356 -1.99612 40.4558 -12.4635 -2.10147 66.0931 -0.984966 -13 872 1 0 1
0.643188 1.08801 40.4558 -5.17362 -0.661573 71.1981 -0.939882 -13 873 1 0 1
-3.30224 2.66456 40.4558 -12.0787 6.49497 64.8158 2.72411 -13 874 1 0 1
-3.83166 -2.54683 40.4558 -11.9667 -6.41179 62.5465 0.35248 -13 875 1 0 1
1.43093 4.10589 40.4558 -5.46672 8.08326 74.3987 0.134364 -13 876 1 0 1
-1.10798 3.21455 40.4558 -7.19985 14.299 66.9654 -1.8663 -13 877 1 0 1
-0.699323 3.38695 40.4558 -9.47909 12.5748 71.625 -3.57119 -13 878 1 0 1
-9.50957 4.20495 40.4558 -14.6371 5.1138 44.4095 1.31755 -13 879 1 0 1
1.40369 -4.76994 40.4558 -1.72223 -11.5747 67.0714 0.949869 -13 880 1 0 1
-2.1906 -3.86414 40.4558 -6.32666 -7.16805 55.2245 1.96423 -13 881 1 0 1
4.50734 8.5107 40.4558 1.85689 19.7868 72.889 -0.429218 -13 882 1 0 1
3.14613 6.25667 40.4558 0.686544 15.7397 63.2526 -0.218912 -13 883 1 0 1
2.45815 1.80635 40.4558 2.88378 3.77916 35.7745 -0.0381001 -13 885 1 0 1
1.55138 1.21524 40.4558 -7.62332 -4.82272 79.075 2.45813 -13 886 1 0 1
-6.58897 4.48255 40.4558 -21.1743 8.65489 66.5131 0.635256 -13 887 1 0 1
-1.85636 0.845106 40.4558 -4.65071 -2.22035 55.0079 0.165529 -13 888 1 0 1
-3.77847 -2.43536 40.4558 -9.21549 -3.58055 55.7237 -0.501414 -13 889 1 0 1
1.16056 -6.45944 40.4558 -3.19309 -15.2858 66.922 -1.03031 -13 890 1 0 1
-6.33415 -0.505704 40.4558 -8.4648 0.285407 31.512 -0.974228 -13 891 1 0 1
-2.83919 -5.39263 40.4558 -12.9404 -6.96216 69.8467 0.547278 -13 892 1 0 1
-10.3725 -0.669229 40.4558 -20.4475 1.16753 52.9514 -1.54047 -13 893 1 0 1
2.83263 -3.15151 40.4558 -2.10256 -6.05193 75.9004 0.0748221 -13 894 1 0 1
-7.72178 3.80021 40.4558 -25.9001 19.1423 66.5373 1.62919 -13 895 1 0 1
-4.79716 6.58004 40.4558 -15.7226 16.346 65.6379 -1.5706 -13 896 1 0 1
-5.29928 -2.5302 40.4558 -10.5954 -3.64977 46.7081 -1.64735 -13 897 1 0 1
-1.27619 -0.624737 40.4558 -5.24737 0.511146 55.2735 -0.587823 -13 898 1 0 1
3.74315 0.736174 40.4558 4.21238 4.12462 61.1942 -0.185061 -13 899 1 0 1
-0.549158 3.55289 40.4558 -6.87687 3.09597 67.5568 0.675023 -13 901 1 0 1
3.17842 -0.847308 40.4558 3.7585 -4.52123 54.616 0.663773 -13 902 1 0 1
-1.10465 -6.87353 40.4558 -11.4433 -8.14213 72.5725 1.24774 -13 903 1 0 1
0.057076 -0.385595 40.4558 -3.21282 -4.65047 58.2233 2.03315 -13 904 1 0 1
-5.85701 0.81943 40.4558 -25.1863 4.31133 74.3321 0.223562 -13 905 1 0 1
-9.87266 -2.87546 40.4558 -18.1838 -3.75643 49.871 1.37658 -13 906 1 0 1
-2.33179 4.62416 40.4558 -10.3621 6.48051 66.2414 0.39686 -13 907 1 0 1
-9.57872 -8.57567 40.4558 -11.3641 -9.46432 29.2561 0.367301 -13 908 1 0 1
-1.38078 -5.28641 40.4558 -11.6799 -8.31191 71.5559 0.76876 -13 909 1 0 1
-4.93886 -1.43983 40.4558 -17.2548 -3.87133 67.3562 -0.0781052 -13 910 1 0 1
-6.28525 10.0529 40.4558 -10.1933 14.3526 37.6536 -0.496856 -13 911 1 0 1
-0.577177 9.096 40.4558 -4.93889 11.7829 53.876 -0.707165 -13 912 1 0 1
-0.61471 2.63185 40.4558 -15.732 13.708 77.4965 1.38149 -13 913 1 0 1
-10.9326 1.5201 40.4558 -29.2484 9.51827 63.6613 1.08336 -13 914 1 0 1
-0.298485 -5.80945 40.4558 -4.09712 -9.24262 61.9772 -0.775184 -13 915 1 0 1
-6.2158 0.104126 40.4558 -30.0407 2.59117 74.3956 4.38807 -13 916 1 0 1
-6.69431 5.59103 40.4558 -8.91455 8.83618 35.8468 -0.0891269 -13 917 1 0 1
-7.85415 3.22832 40.4558 -24.7578 7.12643 66.9659 2.11407 -13 918 1 0 1
-2.74328 2.144 40.4558 -9.92949 1.65125 65.1539 -0.521949 -13 919 1 0 1
-3.8939 -1.47625 40.4558 -20.7117 0.529383 76.5031 0.526917 -13 920 1 0 1
-0.425587 -0.0160174 40.4558 -1.79352 -4.16643 33.1901 0.488304 -13 921 1 0 1
-3.47317 -5.55616 40.4558 -21.6061 -12.3786 77.2713 2.51732 -13 922 1 0 1
-6.97015 0.246964 40.4558 -15.9548 0.261572 55.7715 -0.0635278 -13 923 1 0 1
-3.74831 2.9957 40.4558 -13.5953 3.90332 66.3093 -0.963421 -13 924 1 0 1
-4.83913 3.23621 40.4558 -13.3687 7.54669 59.52 0.458984 -13 925 1 0 1
-4.12624 2.27929 40.4558 -19.8048 2.97609 74.0085 1.45158 -13 926 1 0 1
-3.12062 -3.55101 40.4558 -10.2423 -2.89411 66.6026 0.63235 -13 927 1 0 1
-3.66968 -1.67825 40.4558 -9.36174 -4.11165 56.1642 -0.142751 -13 928 1 0 1
-2.87229 -0.733226 40.4558 -12.2542 -1.91236 68.8299 1.41489 -13 930 1 0 1
1.8488 0.606216 40.4558 -0.558839 -2.41352 62.8762 2.07552 -13 931 1 0 1
-10.2532 -2.94802 40.4558 -16.8217 -5.51818 43.3517 2.0054 -13 932 1 0 1
0.322909 4.22259 40.4558 -5.15992 12.8984 67.5824 1.10853 -13 933 1 0 1
-3.2184 0.57651 40.4558 -16.1025 3.58895 72.4311 -0.478639 -13 934 1 0 1
-8.68917 8.5089 40.4558 -18.7774 15.246 52.7314 1.03866 -13 935 1 0 1
3.56426 -2.45215 40.4558 4.66228 0.0114078 60.6579 0.114291 -13 936 1 0 1
-2.28385 -3.47948 40.4558 -13.4954 -3.10343 71.7121 -0.137348 -13 938 1 0 1
-7.61933 2.39947 40.4558 -17.2873 5.16535 56.1187 -0.454609 -13 939 1 0 1
-4.22337 -0.435069 40.4558 -11.2342 1.50792 58.8864 0.0469107 -13 940 1 0 1
-5.03308 0.899224 40.4558 -15.1356 5.36972 64.2965 0.29726 -13 941 1 0 1
4.08145 -1.12652 40.4558 1.54616 -2.80302 72.0311 0.62675 -13 942 1 0 1
0.0750721 -3.05059 40.4558 -5.4967 -4.92501 67.0993 1.49622 -13 943 1 0 1
-5.00363 -1.07978 40.4558 -9.5312 2.23686 50.3054 -0.339903 -13 944 1 0 1
-0.542439 5.11672 40.4558 -8.34705 15.704 69.6807 0.9641 -13 945 1 0 1
-5.58028 3.39364 40.4558 -9.43789 4.99439 42.0606 -0.636697 -13 946 1 0 1
1.05968 -0.727668 40.4558 -2.13803 2.12836 64.9072 -1.09781 -13 947 1 0 1
-2.0621 -1.03428 40.4558 -4.85828 0.8156 47.4934 1.39945 -13 948 1 0 1
-7.70818 -1.22404 40.4558 -13.9703 -1.83945 51.3374 0.502427 -13 949 1 0 1
-3.75691 3.44082 40.4558 -11.5785 5.13656 64.1898 0.148876 -13 950 1 0 1
9.92157 -4.76003 40.4558 13.9248 -5.70609 53.6372 0.71612 -13 951 1 0 1
0.977615 -1.13705 40.4558 -1.02221 -2.27299 59.4458 2.75199 -13 952 1 0 1
-2.49524 -2.32104 40.4558 -8.91954 -5.48141 58.1771 0.354004 -13 953 1 0 1
-3.21581 -7.77161 40.4558 -7.65736 -13.3381 53.9294 -0.137851 -13 954 1 0 1
-0.657612 -0.404629 40.4558 -5.067 -6.34284 59.952 0.630458 -13 955 1 0 1
-4.18842 2.46232 40.4558 -8.90714 0.766932 51.9759 0.00708379 -13 956 1 0 1
-9.88919 0.488732 40.4558 -20.1163 -2.84681 53.0786 -0.918141 -13 957 1 0 1
-3.47413 0.319917 40.4558 -25.5048 -1.32716 76.6173 -0.709337 -13 958 1 0 1
3.64049 -2.78924 40.4558 3.1699 -6.83316 61.7358 0.49192 -13 959 1 0 1
-3.12502 2.42044 40.4558 -15.5461 3.9856 72.2122 -1.92712 -13 960 1 0 1
-4.21673 -5.64205 40.4558 -9.08956 -7.73749 53.0503 0.289722 -13 961 1 0 1
-0.872826 -0.225152 40.4558 -1.51679 -0.677914 32.6661 0.858034 -13 962 1 0 1
5.54732 2.72253 40.4558 5.96963 -2.71653 68.557 2.07777 -13 963 1 0 1
-3.09486 0.681049 40.4558 -8.5258 -0.120191 60.4763 2.04452 -13 964 1 0 1
-5.10014 -2.86929 40.4558 -15.1371 -7.83994 62.6787 1.51106 -13 965 1 0 1
-4.67496 1.57139 40.4558 -9.82236 6.70763 53.337 2.40768 -13 966 1 0 1
-0.558784 -1.19524 40.4558 -2.25401 -0.221933 53.6504 0.676688 -13 967 1 0 1
-11.4222 -1.458 40.4558 -25.5122 -5.2014 56.1711 -0.927148 -13 968 1 0 1
-2.51146 -2.81269 40.4558 -4.54198 -6.01512 48.3348 0.698393 -13 969 1 0 1
0.775593 -2.50305 40.4558 -2.91931 -7.51325 64.0747 0.0294314 -13 970 1 0 1
0.889109 -4.23369 40.4558 -3.04667 -3.79058 68.2456 -1.04012 -13 971 1 0 1
-10.3832 2.9897 40.4558 -10.6686 4.3979 24.3986 -0.703315 -13 972 1 0 1
-8.36371 -2.91302 40.4558 -9.71725 -1.73748 27.1202 -0.575205 -13 973 1 0 1
-4.31656 2.33102 40.4558 -14.6406 5.66978 67.1137 -0.505994 -13 974 1 0 1
-4.31897 0.970099 40.4558 -17.3286 9.48552 71.0975 1.76913 -13 975 1 0 1
-9.17952 -3.92724 40.4558 -19.898 -5.21792 55.0796 0.509182 -13 977 1 0 1
-5.36233 -0.181846 40.4558 -19.3056 -2.92247 68.2149 -1.30576 -13 979 1 0 1
-8.85392 -0.805935 40.4558 -19.0656 -2.71602 54.6993 -1.27014 -13 980 1 0 1
-6.38063 -2.92438 40.4558 -16.8805 -9.6753 59.0366 -0.547303 -13 981 1 0 1
-1.86646 6.41454 40.4558 -7.51009 10.3802 62.7728 -0.539522 -13 982 1 0 1
-4.30402 -0.396324 40.4558 -16.8142 6.27137 69.2225 -0.195201 -13 983 1 0 1
11.7275 -8.53756 40.4558 9.71246 -8.09297 34.4372 1.44918 -13 984 1 0 1
0.201428 -1.31081 40.4558 -2.49275 -1.43962 59.9809 1.01619 -13 985 1 0 1
-6.59218 -3.19948 40.4558 -15.9795 -4.74274 58.1383 -0.165371 -13 986 1 0 1
-2.03293 -8.0827 40.4558 -7.40816 -16.9259 58.449 0.577966 -13 987 1 0 1
-0.340186 -3.5745 40.4558 -6.16006 -6.06745 69.391 1.19843 -13 989 1 0 1
-1.19879 -1.88482 40.4558 -8.28022 -9.94849 68.771 0.412352 -13 990 1 0 1
-8.13317 4.26063 40.4558 -14.5527 3.73602 47.9852 -2.05293 -13 991 1 0 1
-11.5717 5.76695 40.4558 -13.8453 5.35348 31.7274 1.09289 -13 992 1 0 1
-2.55629 -5.27695 40.4558 -4.10764 -7.63036 48.2451 1.79766 -13 993 1 0 1
4.96102 -15.9566 40.4558 4.57246 -18.7125 43.7923 -0.590821 -13 994 1 0 1
-0.141256 -0.124429 40.4558 -4.2741 0.995689 63.6962 -1.66309 -13 995 1 0 1
-5.16224 -0.232797 40.4558 -16.6167 -1.01595 65.9609 0.346317 -13 996 1 0 1
-4.94908 1.10176 40.4558 -8.98558 1.93799 45.4864 2.58642 -13 997 1 0 1
0.968662 -1.18775 40.4558 -0.676987 -1.49705 56.6699 0.125704 -13 999 1 0 1
-4.84918 -1.82362 40.4558 -8.57929 -2.62037 45.5935 -0.370824 -13 1000 1 0 1
