#BLTrackFile NTuple/Z40
#x y z Px Py Pz t PDGid EventID TrackID ParentID Weight
#mm mm mm MeV/c MeV/c MeV/c ns - - - - -
-2.86541 -4.40079 40.4558 -11.1639 -7.37386 71.7236 -0.949332 -13 1 1 0 1
5.32937 3.60343 40.4558 3.75829 -1.68737 80.951 0.15645 -13 2 1 0 1
-0.0645849 -0.832592 40.4558 -4.37096 -2.38261 71.3868 1.10547 -13 3 1 0 1
-3.49241 -3.06863 40.4558 -16.1797 -3.03142 76.5721 0.555022 -13 4 1 0 1
-6.21459 0.993251 40.4558 -11.5195 -1.44676 59.6587 0.713221 -13 5 1 0 1
-0.871121 -1.72845 40.4558 -7.15824 -1.39982 74.7581 -0.571083 -13 6 1 0 1
-0.662255 -3.48993 40.4558 -0.464082 -5.66473 60.9858 -0.671283 -13 7 1 0 1
-8.30229 -0.191048 40.4558 -10.4418 4.34134 45.3238 0.18045 -13 8 1 0 1
3.10268 4.81803 40.4558 5.3228 11.0275 63.1553 1.32222 -13 9 1 0 1
-1.08321 -4.2787 40.4558 -2.92503 -6.31071 65.9726 0.903974 -13 10 1 0 1
3.59414 2.34158 40.4558 3.87527 4.26835 71.1208 -0.312159 -13 11 1 0 1
-0.799478 -4.4884 40.4558 -1.06029 -11.494 61.1619 1.90274 -13 12 1 0 1
3.90202 5.07156 40.4558 6.94264 5.3645 38.7149 -0.594576 -13 13 1 0 1
5.55937 -4.97175 40.4558 9.86952 -5.91824 67.4429 -1.31589 -13 14 1 0 1
4.44137 -2.42784 40.4558 8.64251 -4.57766 67.0818 1.69269 -13 15 1 0 1
11.0354 -9.84922 40.4558 18.1525 -19.1293 54.9636 2.3715 -13 16 1 0 1
-2.60846 4.24749 40.4558 -5.99095 11.0591 63.2524 -0.438701 -13 17 1 0 1
-4.7708 -3.76476 40.4558 -5.94682 -8.80764 51.5622 1.63576 -13 18 1 0 1
-7.16154 2.21877 40.4558 -17.0793 6.75774 63.2591 0.342603 -13 19 1 0 1
0.794758 -4.85439 40.4558 0.822977 -8.83431 64.1126 3.17053 -13 20 1 0 1
-4.13705 -0.0623301 40.4558 -5.85349 4.66855 56.1588 -0.961008 -13 22 1 0 1
-8.47116 9.29631 40.4558 -8.00683 10.8806 36.7707 0.789106 -13 23 1 0 1
-7.91391 5.21251 40.4558 -12.6052 9.23451 52.4976 0.931169 -13 24 1 0 1
3.08766 -2.55398 40.4558 3.62459 -1.38075 70.749 0.508472 -13 25 1 0 1
-0.196366 1.04102 40.4558 -1.96893 3.06349 68.4532 0.088259 -13 26 1 0 1
0.619163 -3.06967 40.4558 -0.0453828 0.384483 66.5786 1.67898 -13 27 1 0 1
1.83326 -6.1965 40.4558 -0.0548448 -14.0758 72.5897 0.475999 -13 28 1 0 1
-1.82875 1.71092 40.4558 -5.91243 7.44012 66.625 1.23654 -13 30 1 0 1
-0.284348 -0.172582 40.4558 -4.93939 2.04328 71.7821 -0.0552895 -13 31 1 0 1
-2.95347 1.002 40.4558 -5.67613 2.29502 62.0772 -0.263075 -13 32 1 0 1
-2.17543 -1.91533 40.4558 0.103827 -0.201165 20.188 1.36852 -13 33 1 0 1
-6.09087 -1.605 40.4558 -14.3439 -0.571016 64.7079 -0.387517 -13 34 1 0 1
-8.65641 -7.12353 40.4558 -23.0109 -13.5233 68.3741 2.41614 -13 35 1 0 1
-0.775913 1.017 40.4558 -2.62281 7.52068 65.9329 -0.883704 -13 36 1 0 1
1.69933 -2.26181 40.4558 -3.13961 -8.89711 79.4418 -1.24246 -13 37 1 0 1
-0.252709 -4.84844 40.4558 0.0163778 -11.6034 59.6929 1.68199 -13 38 1 0 1
-3.35912 2.85792 40.4558 -5.02358 4.78111 51.4449 1.00263 -13 40 1 0 1
3.21095 7.5366 40.4558 5.79694 13.0407 61.2162 0.0719869 -13 41 1 0 1
-0.241892 2.03425 40.4558 -3.25728 0.15741 68.854 1.46999 -13 42 1 0 1
-2.6987 -1.19501 40.4558 -17.393 -3.62312 78.0242 0.523131 -13 43 1 0 1
1.44068 3.71771 40.4558 4.32063 4.95926 56.45 0.87563 -13 44 1 0 1
0.510984 -3.16589 40.4558 -1.80217 -6.64313 67.8561 0.616507 -13 46 1 0 1
0.108237 6.70167 40.4558 0.280588 7.98233 59.6107 1.15423 -13 47 1 0 1
-1.89954 2.88928 40.4558 -6.47366 11.983 66.1755 0.915125 -13 48 1 0 1
-0.908189 -2.80966 40.4558 -5.00921 -14.7045 69.2157 -0.336048 -13 49 1 0 1
1.09282 -0.686895 40.4558 5.02522 0.589343 42.7559 -0.403079 -13 50 1 0 1
2.54975 3.9184 40.4558 0.83767 4.77589 72.8024 -0.0872537 -13 51 1 0 1
-3.18611 5.8653 40.4558 -3.95866 11.9853 54.7546 0.313368 -13 52 1 0 1
1.61191 3.28191 40.4558 5.0497 4.21631 56.7512 -2.12631 -13 53 1 0 1
-0.705324 5.68125 40.4558 1.92886 6.07404 42.6951 0.27081 -13 54 1 0 1
-1.42739 -1.56837 40.4558 -7.1101 -5.81022 70.199 1.11319 -13 55 1 0 1
6.86127 4.23855 40.4558 12.7624 8.57908 60.7498 -0.758376 -13 56 1 0 1
-3.64716 -4.66122 40.4558 -7.403 -6.98419 62.3438 -0.191793 -13 58 1 0 1
0.94544 -4.8522 40.4558 -0.0501474 -10.8303 67.3803 2.16787 -13 59 1 0 1
2.44307 6.14842 40.4558 5.56588 14.7087 56.0433 0.480608 -13 60 1 0 1
-1.96561 2.29222 40.4558 -4.24761 7.05765 62.7354 -0.633275 -13 61 1 0 1
0.487914 -0.803551 40.4558 -1.52224 2.65324 69.9138 -0.346668 -13 62 1 0 1
0.495774 -3.73037 40.4558 2.14342 -4.54932 34.6832 0.43785 -13 63 1 0 1
-0.360663 -0.624534 40.4558 -0.406044 -0.218589 60.3627 0.349627 -13 64 1 0 1
1.513 1.47766 40.4558 2.12457 1.14602 65.7703 -1.24002 -13 65 1 0 1
0.74535 1.1319 40.4558 -1.34856 1.35839 71.4547 0.651373 -13 66 1 0 1
0.67225 -2.62092 40.4558 2.13535 -2.05708 61.391 -0.467741 -13 67 1 0 1
-0.327849 7.90185 40.4558 1.64999 10.8022 53.3437 -0.734967 -13 68 1 0 1
-2.32313 -2.77666 40.4558 -4.60899 -6.48314 62.7872 0.203699 -13 69 1 0 1
-0.0254874 -0.866599 40.4558 -8.40664 -11.2103 79.6505 0.423653 -13 70 1 0 1
-3.00515 3.57537 40.4558 -3.87691 2.64905 59.7582 -1.24607 -13 71 1 0 1
3.61935 7.43855 40.4558 6.06609 11.2114 64.3557 1.32421 -13 72 1 0 1
0.436906 1.32901 40.4558 -4.11212 -1.73973 74.4508 -0.712438 -13 73 1 0 1
0.527668 4.21153 40.4558 1.99175 8.58697 58.4629 0.478819 -13 74 1 0 1
1.97974 3.62933 40.4558 -0.823163 6.3817 74.9356 -2.65975 -13 75 1 0 1
6.43113 1.1157 40.4558 4.57054 2.06146 79.696 -1.51961 -13 76 1 0 1
-2.79169 1.82207 40.4558 -4.77863 -1.50383 56.4955 2.60938 -13 77 1 0 1
-2.59569 0.0851959 40.4558 -4.88982 -2.34981 59.8783 -0.541582 -13 78 1 0 1
0.754229 -1.4299 40.4558 0.787457 -3.90231 62.8284 1.65404 -13 79 1 0 1
1.33641 -3.90957 40.4558 -1.31836 -5.63418 72.393 0.259106 -13 80 1 0 1
1.56782 1.54494 40.4558 -0.337253 11.3528 69.6003 0.292629 -13 81 1 0 1
0.307984 -0.358719 40.4558 1.62304 1.4467 62.6793 1.43923 -13 82 1 0 1
-4.4423 6.99692 40.4558 -11.5587 18.8373 66.1871 0.25045 -13 83 1 0 1
-7.5812 -0.37197 40.4558 -16.6867 -1.47837 61.0755 0.377519 -13 84 1 0 1
2.04794 0.355755 40.4558 0.352162 -0.952376 75.6928 1.3593 -13 85 1 0 1
1.31038 -0.213967 40.4558 0.734493 -8.20346 67.9684 0.0432721 -13 86 1 0 1
-2.31153 -4.97219 40.4558 -0.862225 -9.99304 49.7983 1.10059 -13 87 1 0 1
-2.7948 -2.31556 40.4558 -8.11625 -4.59249 67.6482 -0.173398 -13 88 1 0 1
1.19332 -2.23807 40.4558 1.83224 -0.864825 62.1379 -0.337233 -13 89 1 0 1
0.310567 2.60311 40.4558 -0.0400584 4.71916 65.6761 0.0523904 -13 90 1 0 1
-5.19411 -1.28743 40.4558 -10.6358 -3.66821 63.2825 1.11662 -13 91 1 0 1
1.91595 0.810301 40.4558 5.98237 1.57886 54.9853 0.235835 -13 92 1 0 1
1.1816 1.25825 40.4558 3.69251 -0.07279 59.0289 1.0799 -13 93 1 0 1
-0.206244 10.2102 40.4558 0.820969 17.3974 52.6718 -1.08178 -13 94 1 0 1
2.04067 0.818125 40.4558 1.91291 3.6142 70.3764 0.300517 -13 95 1 0 1
0.21667 3.04442 40.4558 0.154877 9.75544 60.7052 -1.56213 -13 96 1 0 1
-1.93682 -3.21421 40.4558 -1.09235 -0.653327 56.9794 -0.783765 -13 97 1 0 1
-0.291159 -2.54035 40.4558 -1.997 -1.31972 67.3109 0.679873 -13 98 1 0 1
-1.99841 4.83716 40.4558 -4.5558 10.0533 62.7198 0.752966 -13 99 1 0 1
1.48782 -3.57599 40.4558 1.17595 -2.80495 67.5486 -0.624956 -13 100 1 0 1
4.74991 0.885663 40.4558 7.96151 -0.677528 68.1239 -0.423776 -13 101 1 0 1
1.81346 1.41101 40.4558 1.52571 2.23338 67.2805 0.162805 -13 102 1 0 1
5.5983 -2.76028 40.4558 10.6693 1.237 61.2727 -2.19207 -13 103 1 0 1
2.87656 0.95033 40.4558 4.4045 -1.02518 67.4745 -0.0560143 -13 104 1 0 1
-3.01333 0.206312 40.4558 -4.77711 7.68489 59.9431 -1.20348 -13 105 1 0 1
-5.34197 -1.71528 40.4558 -10.451 -3.54814 59.2037 0.53686 -13 106 1 0 1
0.0699583 -2.82174 40.4558 -3.31582 -6.9702 70.1737 -0.803167 -13 107 1 0 1
3.7214 1.3633 40.4558 7.32302 8.22085 62.9342 -0.555471 -13 108 1 0 1
2.12751 1.09072 40.4558 3.54606 3.40197 67.8143 1.24486 -13 109 1 0 1
-0.829449 0.683924 40.4558 -7.29793 2.74793 72.2623 -0.0131838 -13 110 1 0 1
-0.861086 -3.97593 40.4558 -8.65048 -4.90817 76.6629 -0.0538781 -13 111 1 0 1
2.4953 1.42404 40.4558 4.04955 -0.178457 56.2726 -1.58863 -13 112 1 0 1
1.05699 3.09255 40.4558 3.4179 4.88699 54.7687 1.0438 -13 113 1 0 1
2.49854 -2.538 40.4558 4.99743 -6.33374 63.0344 0.190748 -13 114 1 0 1
2.56579 1.62009 40.4558 6.86507 1.7136 49.304 0.108136 -13 115 1 0 1
-2.68439 -1.18223 40.4558 -10.8554 -3.14313 72.0286 0.757813 -13 116 1 0 1
-1.53123 0.184416 40.4558 -2.18231 2.21976 55.3149 -0.0895906 -13 117 1 0 1
-0.14604 -1.47231 40.4558 3.01173 -7.72386 45.4165 -0.136119 -13 118 1 0 1
-0.547785 -2.14793 40.4558 -4.22307 -2.60731 70.3239 0.74596 -13 119 1 0 1
-5.44799 -0.593803 40.4558 -7.57991 0.338189 49.2129 0.0914251 -13 120 1 0 1
1.78443 -5.98635 40.4558 3.26836 -6.71705 60.9109 1.77818 -13 121 1 0 1
-1.17601 -3.30344 40.4558 -8.95573 -5.55967 76.4465 0.859396 -13 122 1 0 1
-0.0404883 -5.36696 40.4558 -3.00625 -10.6685 70.5218 0.991292 -13 123 1 0 1
6.45111 0.208885 40.4558 13.2391 1.72391 57.0061 0.549844 -13 124 1 0 1
-6.06217 -7.68621 40.4558 -11.4759 -15.5427 57.8204 -1.27036 -13 125 1 0 1
0.419967 1.46034 40.4558 -7.153 -3.20432 78.6725 1.17591 -13 126 1 0 1
0.521988 6.03197 40.4558 1.28641 8.91271 59.7025 -0.84929 -13 127 1 0 1
0.150717 -0.486346 40.4558 -0.102411 -5.66352 64.6344 0.566809 -13 128 1 0 1
6.40243 2.87344 40.4558 12.6196 6.26442 57.9308 -0.224925 -13 129 1 0 1
2.57671 -2.94689 40.4558 6.46086 -0.811276 49.9839 0.854078 -13 130 1 0 1
0.861629 2.2188 40.4558 -1.43729 4.95698 68.7915 -0.233709 -13 131 1 0 1
-0.876374 1.56325 40.4558 -6.43029 2.22986 73.5997 1.51666 -13 132 1 0 1
3.61714 0.488824 40.4558 7.1687 -0.290228 63.8019 -1.0997 -13 133 1 0 1
4.79788 0.620681 40.4558 5.63513 0.869903 75.5235 0.618152 -13 134 1 0 1
3.7874 2.45326 40.4558 4.79527 0.652697 70.3262 1.06982 -13 135 1 0 1
5.08183 3.82815 40.4558 10.4515 3.64364 55.3151 0.280184 -13 136 1 0 1
-3.58586 0.82845 40.4558 -7.64177 0.479992 62.5221 1.732 -13 137 1 0 1
-2.16599 7.53821 40.4558 -2.85795 14.5379 54.1224 0.537872 -13 140 1 0 1
-1.51879 0.544939 40.4558 -0.578016 4.29801 51.7111 0.118758 -13 141 1 0 1
4.68156 0.821502 40.4558 8.92335 6.06177 64.2337 2.13444 -13 142 1 0 1
-3.87482 -1.17677 40.4558 -11.806 -4.04665 70.3406 -0.650946 -13 143 1 0 1
4.44202 0.794306 40.4558 6.6247 -1.14432 71.6966 3.11209 -13 144 1 0 1
0.161204 -10.2075 40.4558 1.07937 -16.9064 54.2772 1.91729 -13 145 1 0 1
2.83599 -3.72957 40.4558 4.68158 -4.37839 65.8496 0.423955 -13 146 1 0 1
-0.7232 -0.989296 40.4558 -2.2049 -2.30083 65.2192 -1.00834 -13 147 1 0 1
-2.34599 -5.38043 40.4558 -7.94737 -7.01455 69.2506 0.443105 -13 148 1 0 1
3.55206 4.61264 40.4558 6.5588 7.19638 56.022 -0.298524 -13 149 1 0 1
1.29058 4.49761 40.4558 1.56416 11.2162 65.3414 0.0154349 -13 150 1 0 1
0.902769 -5.00436 40.4558 2.25901 -10.8665 56.4019 1.3817 -13 151 1 0 1
0.728104 -0.720748 40.4558 1.05906 -2.27949 64.4183 2.29668 -13 152 1 0 1
-1.91348 -1.31736 40.4558 -5.96518 -8.09712 67.3885 -0.320966 -13 153 1 0 1
-1.25385 -3.55598 40.4558 -10.9514 -9.49417 77.4568 -1.93599 -13 154 1 0 1
-3.0804 0.739032 40.4558 -8.12274 -0.210066 66.2738 -1.29428 -13 155 1 0 1
5.14884 -4.14979 40.4558 9.8925 -3.89952 45.6271 -0.375125 -13 156 1 0 1
-1.06118 -1.65133 40.4558 -2.1572 -0.229864 62.0566 0.0511217 -13 157 1 0 1
1.70413 3.06583 40.4558 -5.42312 3.00797 79.2736 1.45796 -13 158 1 0 1
-4.21893 4.93083 40.4558 -5.92127 6.67005 55.7428 -0.502799 -13 159 1 0 1
6.91661 -0.217343 40.4558 12.7557 -0.0912661 63.0278 0.123991 -13 160 1 0 1
3.9714 1.55365 40.4558 5.5331 -1.54465 70.5176 1.69342 -13 161 1 0 1
-6.77632 1.74773 40.4558 -6.58129 1.81616 39.6089 -0.402081 -13 162 1 0 1
-1.81422 1.34124 40.4558 -7.03372 8.15011 69.7644 -1.5837 -13 163 1 0 1
3.55427 -3.06357 40.4558 5.99372 -10.3927 65.4459 0.176325 -13 164 1 0 1
-13.2131 -5.65503 40.4558 -8.01803 -5.63587 20.5872 2.43711 -13 165 1 0 1
-9.79306 -3.02303 40.4558 -24.4587 -7.21695 66.8706 -0.106099 -13 166 1 0 1
3.8559 4.9996 40.4558 7.55986 10.2266 61.8876 0.71703 -13 167 1 0 1
0.45146 2.73417 40.4558 -8.99799 9.44978 78.3869 1.21529 -13 168 1 0 1
5.15683 -2.13789 40.4558 9.85743 -6.39068 57.3668 -0.161402 -13 169 1 0 1
-2.60938 -0.767131 40.4558 -7.9259 -3.49013 67.2212 -0.553049 -13 170 1 0 1
8.50608 -5.58186 40.4558 12.6929 -3.56857 40.248 0.860247 -13 171 1 0 1
-1.57284 3.18707 40.4558 -1.44892 2.98477 56.6822 -0.274805 -13 172 1 0 1
3.98372 -3.0449 40.4558 8.92206 -6.54032 58.2873 0.256805 -13 173 1 0 1
1.31374 5.00267 40.4558 1.19175 4.52837 68.7064 0.351334 -13 174 1 0 1
-4.46931 -2.14581 40.4558 -4.15253 -6.44286 48.1931 -0.0595386 -13 176 1 0 1
6.27576 -4.64804 40.4558 11.5005 -7.86937 50.3489 -0.26598 -13 177 1 0 1
-0.53079 -3.50775 40.4558 1.10077 -4.10403 52.4894 -0.476233 -13 178 1 0 1
4.20021 -4.45445 40.4558 6.26321 -14.1784 68.6405 -0.646641 -13 179 1 0 1
1.69826 -4.16209 40.4558 4.49234 -6.22045 52.1295 1.64911 -13 180 1 0 1
-5.51418 -1.43822 40.4558 -4.7655 -1.83318 37.9971 -1.33654 -13 181 1 0 1
-6.26886 1.20172 40.4558 -5.42381 2.8857 39.4221 -0.776578 -13 182 1 0 1
2.90808 3.85856 40.4558 6.97987 9.80315 42.1542 0.128338 -13 183 1 0 1
-7.06973 -0.193299 40.4558 -12.8202 -4.08896 55.409 0.12002 -13 184 1 0 1
-3.33529 -1.62235 40.4558 -5.69557 -6.06745 59.9177 -0.68019 -13 185 1 0 1
1.59688 2.05897 40.4558 4.60712 4.74434 43.2662 -0.545668 -13 186 1 0 1
2.11649 -1.38652 40.4558 1.97992 3.43879 71.2788 1.24044 -13 188 1 0 1
-2.25399 -1.80118 40.4558 -14.1515 -5.56833 78.7733 0.285893 -13 189 1 0 1
-5.77489 3.0222 40.4558 -9.98749 6.36963 58.7341 2.00932 -13 191 1 0 1
1.2966 -0.310161 40.4558 -6.27124 5.77703 79.9666 0.950981 -13 192 1 0 1
-6.60894 1.18134 40.4558 -5.9352 -1.47381 37.6599 -0.905057 -13 193 1 0 1
0.779398 4.71306 40.4558 -0.801374 14.0243 68.8672 -0.148065 -13 194 1 0 1
-0.177006 -0.166111 40.4558 0.339081 -0.0393354 60.3202 2.36017 -13 195 1 0 1
5.32126 1.04745 40.4558 1.46841 -4.44994 80.5838 2.67738 -13 196 1 0 1
-3.14434 4.60252 40.4558 -6.41267 8.6847 62.8633 -0.821595 -13 197 1 0 1
4.81574 0.140524 40.4558 9.18727 0.560964 49.4234 -0.500042 -13 198 1 0 1
-6.36164 9.18635 40.4558 -10.0472 12.0063 56.0998 -1.50038 -13 199 1 0 1
-3.24008 -3.40166 40.4558 -4.00113 -3.88746 50.6865 0.765087 -13 200 1 0 1
-4.93957 -1.69837 40.4558 -13.991 -6.42303 68.6203 0.420245 -13 201 1 0 1
-1.9033 10.6234 40.4558 -3.29322 17.1621 57.4004 -0.74849 -13 202 1 0 1
-0.857606 2.16652 40.4558 -1.81043 1.48337 62.1226 0.367059 -13 203 1 0 1
-1.45924 3.13582 40.4558 -0.714129 1.19649 49.9113 1.52285 -13 205 1 0 1
-6.16706 1.42831 40.4558 -25.1664 1.69192 73.9241 0.308883 -13 206 1 0 1
-5.20329 -5.25826 40.4558 -8.45947 -9.92939 56.5677 -0.964848 -13 207 1 0 1
-6.70834 0.609859 40.4558 -17.1229 1.96747 67.5141 -0.184089 -13 208 1 0 1
0.594183 4.90832 40.4558 3.03788 4.65459 22.7486 0.263938 -13 209 1 0 1
5.94346 -0.336262 40.4558 11.5642 1.36236 46.6487 -0.285558 -13 210 1 0 1
5.048 5.44929 40.4558 8.75323 4.80366 42.1702 0.691261 -13 211 1 0 1
-1.27424 7.42192 40.4558 -8.04119 17.1975 72.0502 2.19374 -13 212 1 0 1
-7.10747 4.49476 40.4558 -12.9288 6.61513 58.0643 -1.22234 -13 213 1 0 1
0.283329 5.37189 40.4558 -4.1486 9.87934 75.0335 1.13605 -13 214 1 0 1
1.85549 -1.19935 40.4558 0.0255272 -9.65894 72.0893 1.84712 -13 215 1 0 1
1.39655 -0.929365 40.4558 -0.175033 -1.6355 70.2725 1.25024 -13 216 1 0 1
9.30911 2.02596 40.4558 14.7398 6.43701 43.3945 -0.847877 -13 217 1 0 1
-5.18786 1.10489 40.4558 -12.3633 1.97891 63.7565 0.292333 -13 218 1 0 1
-0.169208 -1.76706 40.4558 -6.29933 -4.19206 77.469 0.167276 -13 219 1 0 1
1.66432 1.7574 40.4558 0.124975 0.597544 72.1549 2.51221 -13 220 1 0 1
3.95949 1.37191 40.4558 10.2163 -0.0241179 54.6844 1.09892 -13 221 1 0 1
-0.346016 3.82399 40.4558 -4.37519 10.0323 72.1165 -0.653595 -13 222 1 0 1
-4.38698 -0.182228 40.4558 -9.37231 3.1121 61.2448 1.15499 -13 223 1 0 1
-4.05989 -0.640906 40.4558 -8.0569 0.382226 61.9996 -0.314501 -13 224 1 0 1
0.193159 5.24203 40.4558 1.7409 10.596 53.8286 -0.135448 -13 226 1 0 1
-3.88349 -1.53182 40.4558 -7.81865 -4.39231 61.6403 0.184146 -13 227 1 0 1
1.43716 0.0904029 40.4558 -4.63018 -0.500899 78.1766 -1.75826 -13 228 1 0 1
-2.49117 1.86365 40.4558 -10.6492 -0.387005 71.549 0.404796 -13 229 1 0 1
1.38984 -5.58005 40.4558 4.41664 -7.99166 45.6209 -0.1994 -13 230 1 0 1
7.33511 6.65745 40.4558 13.0243 18.5473 64.0724 1.39385 -13 231 1 0 1
10.4129 5.9627 40.4558 20.6887 11.0393 58.358 1.025 -13 232 1 0 1
-4.15169 -0.143184 40.4558 -9.93311 -1.93833 64.8693 -1.30712 -13 233 1 0 1
3.57956 1.00824 40.4558 5.57798 1.95563 67.8444 -0.453746 -13 234 1 0 1
1.57296 0.405019 40.4558 -1.32654 -4.02738 73.7603 0.442003 -13 235 1 0 1
-4.27339 -1.40422 40.4558 -9.60934 -7.26783 64.0949 1.44007 -13 236 1 0 1
5.41879 -7.83848 40.4558 10.6095 -11.0218 52.6748 0.949999 -13 237 1 0 1
-0.520627 0.990779 40.4558 -1.51677 1.23094 62.8045 0.256051 -13 238 1 0 1
-3.33937 -1.42195 40.4558 -11.1787 2.04537 70.0277 1.44203 -13 239 1 0 1
2.29534 8.97037 40.4558 5.92604 13.5534 44.5609 -0.181638 -13 240 1 0 1
2.71274 0.917882 40.4558 5.70957 1.29418 33.7358 0.946946 -13 241 1 0 1
-2.60609 0.539888 40.4558 -4.01669 -3.17271 58.5868 2.00646 -13 242 1 0 1
4.69404 -5.51273 40.4558 8.29645 -8.65322 68.0194 0.0630368 -13 243 1 0 1
2.29962 1.98539 40.4558 -0.490757 4.60358 75.8823 0.844542 -13 244 1 0 1
3.77498 1.0347 40.4558 4.86639 9.31869 71.3606 -0.518245 -13 245 1 0 1
0.94983 0.769828 40.4558 -0.987825 7.34699 70.6286 -0.0197823 -13 246 1 0 1
0.659145 -4.12262 40.4558 1.22912 -4.69397 61.0278 -0.138287 -13 247 1 0 1
-0.550726 -4.34616 40.4558 -3.13759 -8.87528 67.2498 0.859509 -13 248 1 0 1
7.79812 4.92247 40.4558 13.9563 3.68852 60.4945 -0.747294 -13 249 1 0 1
1.43583 -0.763935 40.4558 0.419568 -2.22356 69.0675 -1.3124 -13 250 1 0 1
4.16031 10.2596 40.4558 7.91571 13.036 61.3278 -0.823885 -13 251 1 0 1
3.79687 0.922505 40.4558 8.0549 -0.411342 63.4139 0.467867 -13 252 1 0 1
1.7166 4.52382 40.4558 -0.496512 14.5205 70.8082 -1.16268 -13 253 1 0 1
1.19967 2.02318 40.4558 3.9711 4.97299 56.7788 -0.298722 -13 254 1 0 1
1.19603 0.55178 40.4558 -3.58085 6.00692 77.324 0.137826 -13 255 1 0 1
-2.68489 1.87894 40.4558 -3.07334 3.34112 52.7266 -0.729798 -13 256 1 0 1
-0.759386 -6.94351 40.4558 1.18532 -12.9269 45.4754 -0.0447527 -13 257 1 0 1
0.0822025 0.622329 40.4558 -0.679657 -0.92176 63.4019 0.324572 -13 258 1 0 1
1.42168 0.793908 40.4558 4.9106 -1.74551 56.9211 -0.972273 -13 259 1 0 1
-0.855349 -0.726337 40.4558 -5.53994 -6.05574 72.3093 -0.10453 -13 260 1 0 1
-2.18232 3.19465 40.4558 -4.24839 5.67805 59.9073 -0.923754 -13 261 1 0 1
1.28063 -0.653913 40.4558 3.58153 -0.0389166 63.1103 2.30894 -13 262 1 0 1
4.15652 -3.09893 40.4558 8.03329 -6.02544 62.9285 -1.27499 -13 263 1 0 1
-1.51097 -2.02258 40.4558 -0.968615 -3.72654 50.7358 0.00373304 -13 264 1 0 1
4.60348 2.4772 40.4558 8.73934 7.32652 63.0009 0.907181 -13 265 1 0 1
3.19098 3.49425 40.4558 4.472 4.18382 70.598 0.788555 -13 266 1 0 1
-1.37884 3.10432 40.4558 -3.53794 0.537674 63.5387 -0.0908815 -13 267 1 0 1
-0.912906 1.09964 40.4558 1.01801 4.00606 42.779 -0.855889 -13 268 1 0 1
-0.8744 3.85768 40.4558 -9.30566 2.71453 77.5327 0.674465 -13 269 1 0 1
-2.38518 0.0904473 40.4558 -5.1695 -4.62297 63.663 1.46997 -13 270 1 0 1
4.99189 -1.03197 40.4558 5.51436 -7.59966 77.4177 -0.63143 -13 271 1 0 1
2.41209 -4.65459 40.4558 4.74582 -10.944 62.5307 1.80062 -13 272 1 0 1
-6.73281 3.10713 40.4558 -9.7356 4.16104 53.4871 3.03916 -13 273 1 0 1
2.0056 -0.944112 40.4558 2.64609 2.10265 67.3954 -1.82759 -13 274 1 0 1
3.96968 -0.462263 40.4558 7.43847 -4.04312 59.0245 -0.081295 -13 275 1 0 1
3.62926 -2.91299 40.4558 8.4762 -7.1542 57.4138 1.3974 -13 277 1 0 1
-6.03344 -1.65422 40.4558 -11.5353 -3.47715 61.2212 1.77463 -13 278 1 0 1
-4.54968 0.33762 40.4558 -12.3842 -7.11186 67.8392 -2.26358 -13 279 1 0 1
1.4961 2.0253 40.4558 2.73609 1.64087 61.4208 0.453026 -13 280 1 0 1
0.26061 -2.68024 40.4558 -2.13468 -2.56615 66.6176 -1.08755 -13 281 1 0 1
-1.8569 4.25975 40.4558 -1.10165 9.14822 47.7937 -0.597267 -13 282 1 0 1
2.60785 -5.73533 40.4558 5.98881 -9.21649 49.6511 -1.37264 -13 283 1 0 1
-3.52318 5.42123 40.4558 -4.27745 3.99002 52.8317 -0.126764 -13 284 1 0 1
-7.19307 2.12799 40.4558 -14.9195 6.7467 60.579 -0.278045 -13 285 1 0 1
-3.73386 -6.04613 40.4558 -10.3533 -2.47489 68.7296 -1.25094 -13 286 1 0 1
-2.09687 1.7735 40.4558 -2.09053 -0.630627 51.8257 -1.38325 -13 287 1 0 1
1.88743 12.4555 40.4558 -3.26873 34.7517 71.5592 -0.0731809 -13 288 1 0 1
-0.225619 4.85463 40.4558 -7.09353 12.5153 77.0729 0.655423 -13 289 1 0 1
9.41893 -0.266693 40.4558 14.8494 -1.81224 43.2268 0.410896 -13 290 1 0 1
2.25674 -2.57908 40.4558 -1.00807 -9.06134 75.1703 0.642744 -13 291 1 0 1
-0.993143 -0.22932 40.4558 -6.49941 1.74967 72.6115 -0.0725574 -13 292 1 0 1
-9.56565 2.66845 40.4558 -13.6674 9.23681 47.4748 2.29745 -13 293 1 0 1
8.89406 0.911853 40.4558 15.5723 10.0445 69.1257 1.79559 -13 294 1 0 1
-2.6132 0.359316 40.4558 -6.6177 -0.274735 65.1204 0.284555 -13 295 1 0 1
-5.53142 2.20388 40.4558 -9.43923 3.78481 58.5096 -0.0624383 -13 296 1 0 1
4.14651 -1.19921 40.4558 8.7231 -4.46189 53.7033 2.75977 -13 297 1 0 1
1.5831 1.93469 40.4558 1.56446 0.162281 67.3118 -1.66507 -13 298 1 0 1
-10.2595 0.551918 40.4558 -14.2804 5.84089 44.9311 2.98358 -13 299 1 0 1
-3.74358 4.39334 40.4558 -7.18957 5.48409 62.1891 -0.565863 -13 301 1 0 1
-3.60125 1.39321 40.4558 -7.90904 7.28715 62.9988 0.438339 -13 302 1 0 1
-1.28265 -1.70635 40.4558 -2.70572 1.66351 62.1705 0.20955 -13 303 1 0 1
-0.641842 1.70773 40.4558 -3.09597 7.62093 65.5002 0.729928 -13 304 1 0 1
-9.04684 4.83985 40.4558 -10.5083 7.7791 42.5891 1.449 -13 305 1 0 1
-1.56206 -0.39273 40.4558 -4.75095 -4.14195 66.485 -0.847438 -13 306 1 0 1
0.179139 -5.06826 40.4558 -2.79738 -18.5189 67.3458 -1.10371 -13 307 1 0 1
-0.520217 -6.08647 40.4558 -5.77086 -14.0908 72.3851 0.272623 -13 308 1 0 1
-2.76434 2.52945 40.4558 -7.29778 5.61381 65.3371 -0.66363 -13 309 1 0 1
5.20659 -1.37719 40.4558 7.18887 -2.81584 72.0481 -0.209519 -13 310 1 0 1
-0.0109057 -7.86175 40.4558 1.79978 -3.93514 31.6941 -1.34161 -13 311 1 0 1
-2.5299 0.386521 40.4558 -9.11914 3.02513 70.8896 0.0229107 -13 312 1 0 1
-3.39057 4.7051 40.4558 -11.5791 9.6411 71.1321 1.11956 -13 313 1 0 1
-2.09878 -1.89737 40.4558 -7.89496 -3.53394 67.5288 -0.406922 -13 314 1 0 1
4.04877 -2.21599 40.4558 8.50168 0.278686 62.0084 -1.27159 -13 315 1 0 1
-0.289269 -9.67254 40.4558 1.10383 -16.709 50.6527 -1.0269 -13 316 1 0 1
-3.01262 -3.64179 40.4558 -6.9659 -9.07353 63.5043 0.940464 -13 317 1 0 1
0.335919 -2.06786 40.4558 -1.82778 -1.80849 69.1838 -1.23795 -13 318 1 0 1
-0.491298 1.10673 40.4558 -5.13523 8.58098 69.8325 2.18966 -13 319 1 0 1
6.31405 2.70796 40.4558 10.8277 6.34345 70.4349 0.767483 -13 320 1 0 1
0.198671 -0.448316 40.4558 0.468021 -2.1782 57.1472 -1.47502 -13 321 1 0 1
0.596738 0.780008 40.4558 -10.4959 4.12026 79.4209 2.02275 -13 322 1 0 1
4.55267 -4.13263 40.4558 5.1612 -2.32156 75.7558 0.387574 -13 323 1 0 1
1.40294 3.55312 40.4558 2.12624 7.99322 65.6909 -0.506811 -13 324 1 0 1
1.76355 -1.79135 40.4558 0.179765 -5.69013 72.4943 0.149739 -13 325 1 0 1
-7.29192 6.87524 40.4558 -14.7298 11.5824 58.2912 0.131373 -13 326 1 0 1
-6.21643 -10.4563 40.4558 -8.38517 -18.9359 47.6809 0.387508 -13 327 1 0 1
-4.79378 2.74415 40.4558 -8.67205 -3.43094 58.7662 -1.34894 -13 328 1 0 1
-0.286479 3.30083 40.4558 -2.77464 9.91715 68.5631 1.25296 -13 329 1 0 1
4.45172 -2.56649 40.4558 4.56687 -2.10108 76.5624 -0.686178 -13 330 1 0 1
-3.63065 5.18717 40.4558 -12.1993 3.96067 71.0475 -1.41386 -13 331 1 0 1
-1.04301 -0.397625 40.4558 1.69106 1.71918 29.3608 -1.01084 -13 332 1 0 1
1.9377 1.51517 40.4558 5.08445 4.18725 48.7617 4.22662 -13 333 1 0 1
-3.55946 -3.11407 40.4558 -7.63978 -5.58851 65.2672 0.484547 -13 334 1 0 1
2.69878 -3.56941 40.4558 4.96111 -8.63712 66.2129 0.487748 -13 335 1 0 1
0.22923 -4.92266 40.4558 -3.42083 -9.7661 68.5148 -0.512332 -13 336 1 0 1
14.5499 -8.01213 40.4558 26.8821 -14.5084 57.9303 -2.27032 -13 337 1 0 1
3.0448 -1.90796 40.4558 6.33245 -8.87517 53.962 1.03609 -13 338 1 0 1
-0.967058 -4.05334 40.4558 -0.0227879 -5.29195 50.3529 0.516304 -13 339 1 0 1
1.3612 2.86906 40.4558 0.89489 8.55777 69.2009 0.349814 -13 340 1 0 1
3.69031 1.90462 40.4558 3.17606 -0.729841 77.7146 0.0968173 -13 341 1 0 1
-0.427547 1.75737 40.4558 -5.93683 7.04367 73.2171 0.758324 -13 342 1 0 1
0.243547 -0.181653 40.4558 0.48856 -5.60916 62.2115 -0.223225 -13 343 1 0 1
3.47499 -1.71368 40.4558 7.50455 1.85448 49.5171 -0.170027 -13 344 1 0 1
-0.723749 -1.09554 40.4558 -3.49777 0.397359 68.8754 -0.709634 -13 345 1 0 1
-6.26692 -0.632513 40.4558 -14.0184 -1.6236 64.137 0.721049 -13 346 1 0 1
-1.65584 0.490875 40.4558 -5.25543 1.37308 68.158 -0.700997 -13 347 1 0 1
-1.70452 -0.185794 40.4558 -0.486004 5.69477 52.1911 -0.361371 -13 348 1 0 1
3.68854 6.40676 40.4558 7.10163 9.58917 56.1149 0.984485 -13 349 1 0 1
1.18556 -2.79648 40.4558 1.47063 -4.83084 65.3729 0.910007 -13 350 1 0 1
-4.39426 1.43579 40.4558 -12.9554 0.718289 68.9744 -1.41153 -13 352 1 0 1
-1.53878 3.83189 40.4558 -3.96172 6.26746 65.5781 -0.0986448 -13 353 1 0 1
-1.2794 5.39489 40.4558 -1.07414 5.96282 53.5122 0.535359 -13 354 1 0 1
-1.43653 1.669 40.4558 -8.91911 5.19829 73.5451 -0.343833 -13 355 1 0 1
3.44339 3.07903 40.4558 7.11065 10.0542 59.1489 0.410796 -13 356 1 0 1
-1.40331 -0.192542 40.4558 0.0638497 1.70648 42.2892 0.16053 -13 357 1 0 1
4.70154 2.55463 40.4558 9.16092 8.16205 51.198 0.734826 -13 358 1 0 1
2.14846 -0.832249 40.4558 4.84911 3.73995 62.1726 0.584639 -13 359 1 0 1
-2.00053 -2.25381 40.4558 -9.57786 -4.88824 74.5749 -0.482685 -13 360 1 0 1
3.20515 -0.298291 40.4558 0.75333 2.97023 77.2676 -0.00253003 -13 361 1 0 1
-2.98979 1.39468 40.4558 -7.27327 -0.946973 65.5416 -2.65531 -13 362 1 0 1
0.482175 1.26837 40.4558 -4.32359 6.47983 75.0917 -0.182077 -13 363 1 0 1
0.500748 -2.90104 40.4558 -1.14282 -4.06821 64.6891 0.372152 -13 364 1 0 1
-4.20903 2.05055 40.4558 -4.6845 5.67626 48.4224 -1.76329 -13 365 1 0 1
4.3845 -0.376546 40.4558 9.34119 -1.22246 45.2251 2.37445 -13 366 1 0 1
3.94351 0.157901 40.4558 8.55858 -3.29022 41.1872 1.44886 -13 367 1 0 1
-1.76912 2.33013 40.4558 -4.23215 7.2488 64.6444 0.679358 -13 368 1 0 1
-0.524365 -2.15144 40.4558 -0.460697 -0.805889 60.4158 -0.963469 -13 369 1 0 1
-4.77592 1.14465 40.4558 -15.0283 1.43807 70.9482 0.988376 -13 370 1 0 1
-0.919172 -3.10761 40.4558 -2.29795 -4.7071 66.0519 2.51899 -13 371 1 0 1
-1.42055 -2.51906 40.4558 -0.0424545 -10.0056 53.1505 0.951129 -13 372 1 0 1
-3.59272 -2.46439 40.4558 -8.25759 -6.9774 64.0235 0.827263 -13 373 1 0 1
-2.09334 -0.748983 40.4558 -11.0938 0.566593 75.873 0.756266 -13 374 1 0 1
-4.34967 1.62409 40.4558 -18.311 7.22045 76.6939 -1.27131 -13 375 1 0 1
-3.56205 -4.89783 40.4558 -10.5102 -10.9283 68.1672 0.603349 -13 376 1 0 1
7.46612 -1.92008 40.4558 11.3545 -8.37664 77.7859 1.31499 -13 377 1 0 1
-2.12826 -1.4543 40.4558 -0.268009 -5.32679 39.016 2.36833 -13 378 1 0 1
-0.46763 -5.9342 40.4558 -3.7647 -16.8606 66.5429 0.774999 -13 379 1 0 1
-5.19955 -7.90441 40.4558 -4.28336 -13.1783 41.0196 -0.569925 -13 380 1 0 1
2.61453 -1.33252 40.4558 5.65753 2.6099 59.8435 1.29486 -13 381 1 0 1
4.21948 -4.07641 40.4558 5.77173 -9.9237 72.2987 -0.203987 -13 382 1 0 1
-8.48651 1.21131 40.4558 -12.8643 0.8058 50.1436 1.47168 -13 383 1 0 1
5.07214 2.73887 40.4558 11.0433 1.75303 58.1602 -1.20633 -13 384 1 0 1
-0.596204 -0.299867 40.4558 -2.49716 -5.11231 67.2882 1.91052 -13 385 1 0 1
0.227138 -0.334092 40.4558 -1.75356 -2.35781 69.7303 2.06537 -13 386 1 0 1
-2.83849 -0.0143214 40.4558 -10.408 -2.32888 71.6031 0.257765 -13 387 1 0 1
-0.327354 -0.903878 40.4558 1.60066 -0.454252 51.8258 -0.612581 -13 388 1 0 1
6.97663 -1.41957 40.4558 14.1362 -0.619756 60.9171 1.18093 -13 389 1 0 1
-3.37036 1.1185 40.4558 -6.63628 0.762771 63.4918 0.888056 -13 390 1 0 1
6.90929 1.03055 40.4558 13.6222 0.529487 51.2755 -0.0889089 -13 391 1 0 1
-4.69132 1.47598 40.4558 -6.41868 -2.46848 53.6486 0.357743 -13 392 1 0 1
-1.03607 6.50304 40.4558 -2.50128 10.1465 60.411 -0.663216 -13 394 1 0 1
-1.64606 4.19187 40.4558 -8.69946 14.8242 73.627 -1.52051 -13 395 1 0 1
6.01833 3.58281 40.4558 11.256 3.21636 63.5846 -0.00981003 -13 396 1 0 1
1.84297 -3.9874 40.4558 3.64172 -5.59144 59.865 1.40916 -13 397 1 0 1
0.584827 -0.389487 40.4558 -0.639792 -2.54557 66.7708 1.00274 -13 398 1 0 1
-1.44014 -4.29361 40.4558 -7.48799 -6.78848 70.7511 2.18249 -13 399 1 0 1
0.754912 -0.923576 40.4558 0.844103 6.36153 64.5883 0.11456 -13 400 1 0 1
3.70304 -0.238234 40.4558 4.51755 0.771568 71.8879 -0.0886161 -13 401 1 0 1
-1.20307 4.65856 40.4558 -0.729083 8.0009 57.8989 -0.14971 -13 402 1 0 1
0.0204162 -8.57807 40.4558 -2.30119 -24.3166 67.5341 0.371048 -13 403 1 0 1
2.68178 -3.13864 40.4558 4.59548 -11.1844 65.5807 1.35578 -13 404 1 0 1
-2.12115 -1.36779 40.4558 -4.47621 -7.66143 59.8272 -0.433027 -13 406 1 0 1
-1.60873 -3.62169 40.4558 -4.37312 -4.76043 65.6544 1.42589 -13 407 1 0 1
5.29092 3.65672 40.4558 10.7393 7.79293 57.3224 1.95337 -13 408 1 0 1
3.66341 -0.680823 40.4558 7.14488 -1.49867 64.1698 0.464637 -13 409 1 0 1
-0.954776 -2.709 40.4558 -7.8409 -6.48997 75.6519 -2.43703 -13 410 1 0 1
-4.10726 6.01754 40.4558 -2.66654 3.66908 42.7348 0.717044 -13 411 1 0 1
-2.20452 -6.50358 40.4558 -6.40872 -14.0995 63.9147 1.40954 -13 412 1 0 1
-1.34778 3.26131 40.4558 -10.5036 5.46874 78.0709 0.22357 -13 413 1 0 1
-6.23481 -3.93412 40.4558 -10.1783 -6.06222 57.2694 1.14232 -13 414 1 0 1
2.56632 3.38462 40.4558 5.244 7.90647 57.0398 0.493059 -13 415 1 0 1
5.60105 1.0495 40.4558 6.60299 2.34979 25.766 5.15764 -13 416 1 0 1
3.08021 -11.5892 40.4558 6.21005 -13.0078 40.1357 0.0531587 -13 417 1 0 1
0.575054 2.63287 40.4558 -1.35218 2.54548 69.5842 1.61209 -13 418 1 0 1
5.1152 -1.04969 40.4558 9.79939 -1.63374 63.3654 0.655048 -13 419 1 0 1
0.683548 -2.59394 40.4558 -2.73869 -10.2362 73.313 -0.301728 -13 421 1 0 1
2.0123 9.32766 40.4558 2.64309 20.7121 63.7784 0.540015 -13 422 1 0 1
-8.08715 -10.3659 40.4558 -9.84344 -10.5754 44.1238 -0.0552011 -13 423 1 0 1
5.51249 9.59155 40.4558 11.4892 10.0879 46.5933 0.793696 -13 424 1 0 1
-1.49792 0.356144 40.4558 -3.23076 2.65624 63.9934 0.0806511 -13 425 1 0 1
0.647845 -0.0129885 40.4558 -4.32705 4.60908 73.8016 -1.28565 -13 426 1 0 1
4.82799 -4.52056 40.4558 8.65111 -5.38437 63.051 -0.387376 -13 427 1 0 1
-2.10952 3.7484 40.4558 -5.94779 12.5611 64.8676 0.524843 -13 428 1 0 1
4.98652 -4.72512 40.4558 10.5959 -11.0022 56.6582 0.0371662 -13 429 1 0 1
-4.9191 5.81526 40.4558 -15.0089 14.2655 68.8198 -1.5663 -13 430 1 0 1
1.83585 -1.87634 40.4558 -1.84449 -5.62586 75.8078 2.02618 -13 431 1 0 1
2.30269 0.964048 40.4558 3.16188 5.47079 67.8474 2.08092 -13 432 1 0 1
0.23492 -2.61158 40.4558 -2.96316 -11.7326 69.4361 1.51283 -13 433 1 0 1
1.18605 2.22146 40.4558 2.74795 9.75864 59.2416 0.255836 -13 434 1 0 1
8.95826 2.16428 40.4558 15.9917 2.27975 58.1932 1.20155 -13 435 1 0 1
1.14345 -0.426102 40.4558 0.32397 0.290243 67.4179 -2.18291 -13 437 1 0 1
-1.19916 0.0964157 40.4558 0.357089 0.822819 55.9121 2.08688 -13 438 1 0 1
-0.501818 -6.94243 40.4558 -2.15354 -11.6566 62.7794 -0.994386 -13 439 1 0 1
2.14347 2.43529 40.4558 4.01035 6.3155 61.2568 0.347893 -13 440 1 0 1
-2.5912 0.288335 40.4558 -9.68388 0.118282 71.1433 1.48866 -13 441 1 0 1
-2.6154 -2.31063 40.4558 -6.3808 0.653432 65.2617 -0.0110006 -13 442 1 0 1
0.632281 -0.633559 40.4558 2.76652 4.29075 56.6848 1.17099 -13 443 1 0 1
7.35931 -0.501564 40.4558 13.0503 0.825786 69.4176 1.10157 -13 444 1 0 1
3.98227 1.35549 40.4558 6.01033 -2.92446 69.3514 0.189472 -13 445 1 0 1
-1.72591 -4.83562 40.4558 -5.96421 -5.77061 68.8143 -1.43322 -13 446 1 0 1
3.20127 0.285376 40.4558 6.85512 1.39502 56.9693 -0.312764 -13 447 1 0 1
-0.192818 0.281282 40.4558 -3.05169 3.72154 70.5301 -1.88307 -13 448 1 0 1
-1.20065 0.807794 40.4558 -0.56797 -0.573287 52.6558 -0.0588227 -13 449 1 0 1
4.01586 2.471 40.4558 1.24246 1.74623 81.1885 0.193867 -13 451 1 0 1
0.481863 -1.46338 40.4558 0.131378 -4.72233 67.775 1.21309 -13 452 1 0 1
1.61319 -2.17923 40.4558 4.90223 -3.11835 59.6287 -0.210079 -13 453 1 0 1
-4.52859 2.06989 40.4558 -4.3682 2.64535 50.4537 1.48461 -13 454 1 0 1
2.19978 -3.0148 40.4558 5.67745 -9.03012 54.772 0.321478 -13 455 1 0 1
4.6587 5.00471 40.4558 8.52605 12.0249 64.0502 -0.511957 -13 456 1 0 1
4.08808 0.597373 40.4558 9.56308 4.97782 56.5984 0.926623 -13 457 1 0 1
2.58251 -10.4487 40.4558 4.75665 -17.1392 53.3034 -0.966966 -13 458 1 0 1
5.14008 4.64222 40.4558 7.93993 6.53043 74.3347 1.79739 -13 459 1 0 1
-1.91549 -0.910136 40.4558 -5.81194 0.864588 65.1983 -0.0361857 -13 460 1 0 1
-3.4454 3.32065 40.4558 -7.94268 10.0656 65.0477 0.473174 -13 461 1 0 1
2.05662 1.53507 40.4558 4.06918 4.06029 64.7427 -0.165858 -13 462 1 0 1
2.0737 -1.82855 40.4558 2.06525 -3.37893 68.9704 1.59665 -13 463 1 0 1
3.44957 8.65705 40.4558 6.22539 17.9932 59.853 -0.0191583 -13 464 1 0 1
-4.45428 8.1838 40.4558 -3.63488 10.351 37.7903 -0.664293 -13 465 1 0 1
1.7841 3.49803 40.4558 3.77499 8.038 56.8614 0.465613 -13 466 1 0 1
2.92399 0.151171 40.4558 7.01474 2.15327 37.3034 0.0360791 -13 467 1 0 1
0.571454 0.547061 40.4558 3.06394 -4.26788 56.4379 -0.701819 -13 468 1 0 1
-2.29046 7.7069 40.4558 -1.89648 12.2444 49.6845 0.601773 -13 469 1 0 1
1.93705 -4.09803 40.4558 2.6917 -5.75982 65.0865 -0.33343 -13 470 1 0 1
0.243077 5.344 40.4558 2.76233 7.83207 49.2012 1.34537 -13 471 1 0 1
2.10902 -6.86802 40.4558 5.30413 -9.60965 42.5316 1.35774 -13 472 1 0 1
-1.10431 -1.62908 40.4558 0.0692338 -3.76269 55.3781 -0.474122 -13 473 1 0 1
3.70517 -3.3838 40.4558 7.89652 -6.89443 61.541 -0.483293 -13 474 1 0 1
1.95008 2.07632 40.4558 1.30311 7.5545 72.1605 1.70276 -13 475 1 0 1
-5.80629 4.94483 40.4558 -11.5805 11.2942 59.9743 0.138775 -13 476 1 0 1
0.626966 6.99584 40.4558 0.885804 11.5062 66.7141 -1.14924 -13 477 1 0 1
-0.879362 -2.66783 40.4558 -2.59641 -4.06171 62.0935 -1.6454 -13 478 1 0 1
0.974931 0.58693 40.4558 3.04151 -1.19501 48.0981 -0.461938 -13 479 1 0 1
3.56525 1.56322 40.4558 7.5992 4.83625 54.6357 0.462391 -13 480 1 0 1
2.03289 -2.67221 40.4558 5.661 -3.2166 33.4544 0.794095 -13 481 1 0 1
-0.559806 -2.66334 40.4558 1.97573 -7.79343 45.6137 0.561688 -13 482 1 0 1
-4.50311 5.35413 40.4558 -12.3941 10.0228 67.6957 0.936145 -13 483 1 0 1
-3.63165 0.79277 40.4558 -10.2235 -0.447812 66.7868 -1.11842 -13 484 1 0 1
-6.7222 -4.05463 40.4558 -11.5645 -9.92776 56.1039 2.0117 -13 485 1 0 1
-0.400162 -4.72215 40.4558 -0.420956 -12.9124 57.8316 2.90385 -13 486 1 0 1
4.8513 1.60057 40.4558 7.62072 0.425943 68.8604 0.287661 -13 487 1 0 1
-7.53315 -1.87074 40.4558 -14.3639 -3.97822 59.4821 -0.73322 -13 488 1 0 1
-0.932314 0.351346 40.4558 1.01203 6.56456 41.6012 1.52653 -13 489 1 0 1
-1.43477 -4.58546 40.4558 -3.13079 -13.2366 62.161 -1.65571 -13 490 1 0 1
2.00717 1.01452 40.4558 1.50299 -3.11577 70.5195 1.01448 -13 491 1 0 1
1.3235 0.77215 40.4558 2.54665 5.96233 61.3916 1.33925 -13 492 1 0 1
-2.04493 -1.56032 40.4558 -2.19738 -4.02336 59.3979 1.18393 -13 493 1 0 1
-0.503267 -0.381439 40.4558 1.9963 -3.04704 36.2153 0.301163 -13 494 1 0 1
0.625545 7.19639 40.4558 4.11948 4.70325 41.9555 -2.51162 -13 495 1 0 1
0.224699 -6.13378 40.4558 2.5357 -8.4972 43.5307 0.463456 -13 496 1 0 1
1.08189 1.9332 40.4558 1.05295 4.92064 64.2544 0.43077 -13 497 1 0 1
-1.85073 2.69083 40.4558 -6.50211 6.91061 68.5376 -0.267316 -13 498 1 0 1
0.0533702 3.64727 40.4558 1.69825 3.16542 52.1567 -0.661705 -13 499 1 0 1
7.39261 0.259179 40.4558 13.5524 -3.05387 50.8506 -0.963745 -13 500 1 0 1
3.43435 3.76197 40.4558 0.624083 6.55988 79.2751 -0.141116 -13 501 1 0 1
-4.62982 4.53523 40.4558 -11.8994 6.08696 65.9081 -1.00918 -13 502 1 0 1
0.221217 -8.98979 40.4558 -1.68998 -14.3372 68.3356 -1.46545 -13 503 1 0 1
-0.381915 1.61967 40.4558 -2.89493 5.4762 66.0963 0.451003 -13 504 1 0 1
7.11497 0.457279 40.4558 14.3516 0.759946 56.0583 -0.970079 -13 505 1 0 1
-1.47194 -0.508755 40.4558 -11.8748 -3.7778 78.3701 1.42116 -13 506 1 0 1
4.32706 8.06129 40.4558 7.64107 13.1537 47.2519 0.630862 -13 507 1 0 1
3.90931 -5.03487 40.4558 8.1422 -7.74521 62.9271 1.12599 -13 508 1 0 1
5.01075 -3.88305 40.4558 7.13546 -8.07156 72.3472 0.164118 -13 509 1 0 1
-5.36448 3.90145 40.4558 -9.96354 6.77502 59.9623 1.30752 -13 510 1 0 1
-6.15165 -1.00605 40.4558 -17.0839 0.633525 69.7556 2.20324 -13 511 1 0 1
-3.98871 -1.9005 40.4558 -7.34537 -2.84029 58.0747 -0.254387 -13 512 1 0 1
1.01845 0.118746 40.4558 3.34001 2.70519 51.4538 1.27609 -13 513 1 0 1
-2.89515 -0.645754 40.4558 -4.59253 -0.922864 54.9493 -3.32898 -13 514 1 0 1
-5.1611 0.13415 40.4558 -13.1399 1.26289 65.2481 -1.30318 -13 515 1 0 1
-2.53573 -0.760436 40.4558 -4.04172 3.50458 56.4509 -1.79737 -13 516 1 0 1
1.70908 -0.104047 40.4558 0.231174 -4.19974 72.477 -0.988849 -13 517 1 0 1
-1.21297 -1.1374 40.4558 -3.0498 -0.735138 64.8003 0.951992 -13 518 1 0 1
-2.40451 1.69046 40.4558 -13.9824 2.2231 77.4312 0.055377 -13 519 1 0 1
-0.263054 -1.3016 40.4558 0.599146 -6.43529 60.5081 2.66002 -13 520 1 0 1
-1.78806 -5.5218 40.4558 -6.41637 -10.3853 69.3607 -1.34264 -13 521 1 0 1
2.34086 2.34 40.4558 -3.01901 5.1685 80.5109 1.03569 -13 522 1 0 1
-2.83099 3.69243 40.4558 -8.81791 5.2469 69.3222 0.995654 -13 523 1 0 1
0.431196 -4.53439 40.4558 1.28837 -1.42523 61.9727 0.85666 -13 524 1 0 1
-0.391605 6.32769 40.4558 2.32341 7.23218 39.4275 0.826547 -13 525 1 0 1
-2.967 -2.21109 40.4558 -11.1671 0.0970909 71.3336 0.168426 -13 526 1 0 1
-2.85699 5.22929 40.4558 -5.06853 10.3301 58.7321 1.15959 -13 527 1 0 1
-3.3673 2.15551 40.4558 -3.90642 3.33138 54.0931 2.82029 -13 528 1 0 1
5.73769 -3.73522 40.4558 9.30567 -14.4772 70.1849 0.921274 -13 529 1 0 1
0.210484 2.2891 40.4558 -0.682929 4.82135 67.0163 -0.4819 -13 530 1 0 1
-0.994288 -2.09418 40.4558 -0.791821 -2.8675 59.8876 1.11849 -13 531 1 0 1
-7.05472 3.16817 40.4558 -10.1621 8.35689 51.9684 1.79064 -13 532 1 0 1
-5.29632 -9.15238 40.4558 -4.01841 -8.3856 28.4541 3.50085 -13 533 1 0 1
3.34809 -0.83773 40.4558 4.70726 -0.22722 70.2224 1.09114 -13 534 1 0 1
1.70817 1.77185 40.4558 0.531036 11.6221 69.3531 -2.70837 -13 535 1 0 1
1.73969 -1.0853 40.4558 4.09092 1.60139 55.1067 -0.78054 -13 536 1 0 1
3.37241 4.88656 40.4558 7.72946 7.95164 62.0742 0.23407 -13 538 1 0 1
6.74474 -1.90528 40.4558 9.75366 -3.09114 76.7518 1.49897 -13 540 1 0 1
-0.626441 3.44516 40.4558 -5.18508 10.9179 70.2918 1.07013 -13 541 1 0 1
2.14077 0.955226 40.4558 2.73625 4.48833 67.7167 0.132604 -13 542 1 0 1
3.66713 -1.41611 40.4558 6.90528 -7.41609 66.6826 -0.396959 -13 543 1 0 1
1.91201 -0.811068 40.4558 3.64245 -2.91065 63.9155 0.547919 -13 544 1 0 1
-1.60491 -10.5858 40.4558 -7.02958 -26.1823 67.7093 1.27023 -13 545 1 0 1
-0.359564 -9.55791 40.4558 0.864647 -12.7286 43.0064 0.63748 -13 546 1 0 1
-1.25651 6.70234 40.4558 -0.81661 13.1015 51.3247 -0.56912 -13 547 1 0 1
1.98046 0.989138 40.4558 3.52273 6.69169 61.7756 2.38818 -13 548 1 0 1
1.40688 -3.54473 40.4558 3.57227 -2.80332 57.8423 2.69242 -13 549 1 0 1
-7.72835 4.97 40.4558 -19.0734 12.9017 65.1558 -2.36959 -13 550 1 0 1
1.29388 -5.66273 40.4558 3.587 -2.38096 35.3983 1.40006 -13 551 1 0 1
-5.1719 -0.566085 40.4558 -9.22274 -3.03079 59.0779 0.353784 -13 553 1 0 1
-4.41284 -0.41747 40.4558 -10.6385 -3.03034 64.5227 -0.887821 -13 554 1 0 1
2.47966 1.7436 40.4558 0.0059776 4.32905 73.8952 1.35679 -13 555 1 0 1
-2.19193 4.956 40.4558 -3.33899 8.34041 56.0916 0.621966 -13 556 1 0 1
2.35786 0.355754 40.4558 4.75125 -0.787532 61.5154 2.55362 -13 557 1 0 1
-1.84792 -0.714112 40.4558 -3.74985 -4.06496 61.7698 -2.48382 -13 558 1 0 1
-8.02989 2.21823 40.4558 -10.0107 3.78786 44.514 -1.27577 -13 560 1 0 1
-4.79381 3.28117 40.4558 -13.499 3.84934 68.0102 1.21975 -13 562 1 0 1
2.02693 -0.849021 40.4558 0.842429 -5.51779 70.7034 -0.223104 -13 564 1 0 1
-5.26055 3.46963 40.4558 -8.27662 8.90152 54.8121 1.39477 -13 565 1 0 1
-4.67319 -0.919269 40.4558 -15.6237 -3.46788 71.7011 0.856445 -13 566 1 0 1
-3.91337 -3.11051 40.4558 -4.97141 -3.45698 53.2596 0.327055 -13 567 1 0 1
-2.10012 3.34066 40.4558 -7.63725 9.72128 70.5383 0.292418 -13 568 1 0 1
0.288943 -2.34504 40.4558 0.155626 -5.58508 61.6519 1.91412 -13 569 1 0 1
-1.1244 -4.09129 40.4558 0.370057 -4.51738 52.3456 -2.27921 -13 570 1 0 1
-0.818491 5.95317 40.4558 1.03534 6.58258 23.4128 0.0868922 -13 571 1 0 1
1.54367 -1.54782 40.4558 -1.49724 -7.46503 75.3447 -0.0351018 -13 572 1 0 1
-2.96062 0.362208 40.4558 -8.24797 -4.61035 68.2766 2.05679 -13 573 1 0 1
-4.0754 8.53097 40.4558 -7.79442 19.4512 57.2546 -0.838114 -13 574 1 0 1
1.39645 -1.31751 40.4558 0.267754 -3.06723 69.6293 0.295206 -13 575 1 0 1
-0.174375 2.9646 40.4558 -2.41146 0.12605 68.6304 -0.781245 -13 576 1 0 1
1.52519 -4.31635 40.4558 1.55774 -2.81593 65.7159 -1.85892 -13 577 1 0 1
-2.14067 5.59384 40.4558 -8.92577 13.9144 71.3941 2.05461 -13 578 1 0 1
3.67625 -6.48463 40.4558 7.7481 -13.4844 61.1893 -0.127639 -13 579 1 0 1
-5.4467 2.39596 40.4558 -13.6504 9.02847 65.1876 1.59288 -13 580 1 0 1
4.2027 2.25311 40.4558 8.38001 1.7491 62.2119 0.190723 -13 581 1 0 1
5.67125 -0.230744 40.4558 10.6795 2.68586 48.1371 0.129078 -13 582 1 0 1
2.6771 0.412273 40.4558 2.76971 -1.07385 71.317 -0.330034 -13 583 1 0 1
3.55903 3.82938 40.4558 5.72163 3.72064 64.3965 -0.64155 -13 584 1 0 1
-0.59832 -1.4982 40.4558 -3.18164 -6.49758 65.0324 -1.93612 -13 585 1 0 1
1.93911 -4.19488 40.4558 0.613782 -12.1829 71.047 2.29528 -13 586 1 0 1
-2.70183 4.99568 40.4558 -11.3108 16.2521 72.1132 0.476916 -13 587 1 0 1
3.23266 -0.947425 40.4558 5.38433 1.22113 66.7859 -2.00756 -13 588 1 0 1
0.568829 2.22715 40.4558 -1.69776 3.08277 70.3937 -1.13193 -13 589 1 0 1
-3.86415 -3.97159 40.4558 -13.5781 -13.8715 72.5928 -0.749922 -13 590 1 0 1
-1.79482 -1.23215 40.4558 -11.3858 0.505481 77.3145 2.69475 -13 591 1 0 1
-0.648582 0.292997 40.4558 -3.81631 -1.2272 71.3244 -2.49926 -13 592 1 0 1
0.992785 3.77161 40.4558 2.1782 1.99581 64.2363 2.0616 -13 593 1 0 1
-4.42115 1.23859 40.4558 -10.6567 -0.190928 62.8011 0.363381 -13 594 1 0 1
1.73888 -2.65427 40.4558 2.64549 -2.08891 63.8079 0.70621 -13 595 1 0 1
-4.07382 -0.687817 40.4558 -19.2939 -2.48485 77.4371 0.0418949 -13 597 1 0 1
2.47437 -3.68749 40.4558 -3.17088 -11.2829 80.6717 -1.60087 -13 598 1 0 1
-4.23119 -0.520446 40.4558 -3.68476 -0.770543 46.5121 -1.42007 -13 599 1 0 1
-1.42764 -5.21768 40.4558 -0.202859 -8.94278 50.5557 0.701073 -13 600 1 0 1
1.66384 0.250797 40.4558 3.01478 -0.13591 59.541 1.31918 -13 601 1 0 1
0.370349 -3.4523 40.4558 0.591008 -6.61033 64.3628 0.766815 -13 602 1 0 1
-6.89913 -2.04169 40.4558 -16.9664 -3.77138 66.0552 -1.12931 -13 603 1 0 1
2.68619 -0.528583 40.4558 7.62768 -2.9082 47.441 0.314724 -13 604 1 0 1
-1.7275 -12.1859 40.4558 -2.81558 -20.5735 57.1813 0.207668 -13 605 1 0 1
4.26966 -0.910391 40.4558 6.6009 -1.97439 66.8485 2.75946 -13 606 1 0 1
5.83074 4.01782 40.4558 7.06099 15.2216 75.5684 -0.620138 -13 607 1 0 1
-5.08121 -0.579529 40.4558 -16.0129 5.49154 71.4418 0.293312 -13 609 1 0 1
-2.49076 -0.255124 40.4558 -7.28166 7.33213 67.1693 -1.52834 -13 610 1 0 1
-2.52848 1.73508 40.4558 -2.75497 -0.331363 53.9682 1.07312 -13 611 1 0 1
5.60514 0.402404 40.4558 10.4563 4.27065 56.2776 -2.07832 -13 612 1 0 1
4.67537 -4.9179 40.4558 7.99738 -5.78556 38.3211 1.55001 -13 613 1 0 1
0.243983 -1.19562 40.4558 0.41014 -6.11085 64.4766 -0.150979 -13 614 1 0 1
-3.43576 0.590166 40.4558 -11.5174 -4.42836 72.9553 0.964009 -13 615 1 0 1
4.22342 1.51005 40.4558 3.75761 6.74031 78.2798 -0.0691357 -13 616 1 0 1
0.445913 -5.02175 40.4558 -0.0396107 -8.145 63.6537 -0.536006 -13 617 1 0 1
-2.04192 9.79235 40.4558 -3.94032 20.2646 57.3407 -0.860886 -13 618 1 0 1
4.91651 5.7177 40.4558 9.48815 11.8843 50.2087 0.897516 -13 619 1 0 1
-0.45576 1.63198 40.4558 -8.30078 3.3759 77.4958 -2.06055 -13 620 1 0 1
0.655677 -4.18669 40.4558 1.84857 -2.80984 60.0152 0.846819 -13 621 1 0 1
3.94798 -14.2874 40.4558 7.66127 -21.2015 54.9477 0.539706 -13 622 1 0 1
-0.800623 -1.70224 40.4558 -0.871749 1.34051 60.8105 -0.129036 -13 623 1 0 1
-0.0404759 -0.110402 40.4558 -0.497631 -3.10936 65.1915 -0.133942 -13 624 1 0 1
-4.33409 7.69115 40.4558 -7.02407 9.71252 56.1763 -0.667678 -13 625 1 0 1
3.08934 2.17644 40.4558 3.16711 1.9036 70.8486 2.61306 -13 626 1 0 1
-3.36865 1.46211 40.4558 -14.2215 11.0085 74.9974 0.734956 -13 627 1 0 1
4.80195 -3.58549 40.4558 8.12639 -6.75984 72.1112 0.304447 -13 628 1 0 1
-1.18105 5.89061 40.4558 -2.46604 14.7238 64.7066 0.361071 -13 629 1 0 1
-5.45954 3.21582 40.4558 -11.766 9.29378 61.9212 0.834894 -13 630 1 0 1
-0.590151 0.780022 40.4558 0.833203 2.57243 59.0993 -0.479027 -13 631 1 0 1
-0.748827 -4.01103 40.4558 -3.31617 -7.76618 66.6463 -1.34127 -13 632 1 0 1
10.8255 4.4502 40.4558 20.7265 6.52886 54.0599 -0.623888 -13 633 1 0 1
-6.71673 10.9335 40.4558 -12.4837 20.7919 56.3956 0.065293 -13 634 1 0 1
6.12368 -1.21017 40.4558 11.8994 -0.144943 51.5635 0.384359 -13 635 1 0 1
-3.23404 2.33821 40.4558 -11.6932 10.3796 71.75 -1.94255 -13 636 1 0 1
4.29867 0.510577 40.4558 5.455 -1.06864 72.2157 0.255129 -13 637 1 0 1
-4.60975 -7.33467 40.4558 -2.56926 -6.60848 26.6857 0.336765 -13 638 1 0 1
3.74293 -3.5133 40.4558 6.26026 -7.18122 65.9754 -1.79157 -13 639 1 0 1
1.94399 3.24452 40.4558 4.30189 4.01216 39.0568 -1.93861 -13 640 1 0 1
5.42968 -4.37372 40.4558 10.274 -10.3083 61.2884 -1.14223 -13 641 1 0 1
0.676828 -5.19628 40.4558 2.90508 -6.92894 57.5865 0.142192 -13 642 1 0 1
-0.882119 -5.05519 40.4558 -5.39404 -11.9223 70.0678 -0.216235 -13 643 1 0 1
-3.89035 -4.93042 40.4558 -5.00443 -9.69763 49.5305 2.43679 -13 644 1 0 1
1.21928 -5.09386 40.4558 3.31668 -8.13726 56.811 1.1818 -13 645 1 0 1
-3.34626 1.73147 40.4558 -12.4991 3.25743 71.3525 1.5101 -13 646 1 0 1
-4.97353 -1.31609 40.4558 -19.8879 -0.547707 75.9835 -1.34146 -13 647 1 0 1
3.1449 0.0882109 40.4558 5.45464 1.606 68.237 0.0411682 -13 649 1 0 1
0.209538 -3.49392 40.4558 -4.47475 -5.17147 73.5104 1.10551 -13 650 1 0 1
1.32545 1.48357 40.4558 0.355431 2.42761 68.1491 0.640771 -13 651 1 0 1
-1.24709 -1.90301 40.4558 -4.44252 -5.52014 65.7196 1.14736 -13 652 1 0 1
0.907679 -3.57304 40.4558 -0.67224 -5.0179 68.376 0.768348 -13 653 1 0 1
1.14123 -2.04301 40.4558 5.75317 -2.38261 40.3457 -0.222501 -13 654 1 0 1
-5.42407 -7.57163 40.4558 -3.98136 -10.0902 30.7858 0.410692 -13 655 1 0 1
-5.26521 4.5695 40.4558 -12.468 13.0299 62.61 0.0349913 -13 656 1 0 1
3.24483 -1.28348 40.4558 6.42921 2.07499 61.03 0.75205 -13 657 1 0 1
-0.936114 -5.36301 40.4558 -5.29303 -7.09436 68.7624 2.35922 -13 659 1 0 1
0.0671029 -1.38044 40.4558 -1.9584 -1.63852 66.8684 -1.3715 -13 660 1 0 1
-0.280527 -0.128188 40.4558 -7.60232 -6.64235 76.1646 1.75795 -13 661 1 0 1
-4.27189 1.87263 40.4558 -7.45993 3.56662 57.4464 -0.12722 -13 662 1 0 1
2.63129 0.854903 40.4558 5.86376 3.87442 57.5086 0.582431 -13 663 1 0 1
-1.24056 -4.37902 40.4558 -6.92757 -8.35838 70.0083 1.86378 -13 664 1 0 1
-0.184105 -1.22236 40.4558 -6.49381 -5.26664 76.6128 0.426517 -13 665 1 0 1
-5.78284 -0.591938 40.4558 -11.1019 0.818244 60.7405 1.11408 -13 666 1 0 1
-0.740412 0.00587802 40.4558 -1.55315 1.1058 60.3466 -2.01963 -13 667 1 0 1
-3.593 -3.78402 40.4558 -2.59512 -5.71614 34.6823 0.927893 -13 668 1 0 1
0.650652 -6.35762 40.4558 0.454511 -13.4193 67.0193 1.51197 -13 669 1 0 1
2.3486 -4.67402 40.4558 1.61779 -9.52524 72.2922 0.1536 -13 670 1 0 1
5.16257 -6.17654 40.4558 10.1412 -11.767 61.8853 0.616733 -13 671 1 0 1
4.58939 5.02998 40.4558 7.81885 8.24838 56.075 1.70006 -13 672 1 0 1
-0.626594 11.9904 40.4558 -0.845649 20.1861 57.4425 0.479172 -13 673 1 0 1
6.14323 2.20481 40.4558 10.3405 4.66845 61.8123 0.988188 -13 674 1 0 1
-1.71929 -5.83671 40.4558 -3.60695 -13.6425 61.9304 3.30666 -13 675 1 0 1
6.1637 2.01896 40.4558 11.2249 5.6694 48.623 -0.0183 -13 676 1 0 1
6.91326 -0.34024 40.4558 11.6398 -2.38608 65.9472 1.13702 -13 677 1 0 1
0.987233 1.42161 40.4558 -1.18404 11.5556 71.4096 1.67592 -13 678 1 0 1
-3.82289 5.96362 40.4558 -10.4118 13.7587 65.9835 0.143903 -13 679 1 0 1
-3.81545 2.3523 40.4558 -5.11324 2.0251 55.8142 -0.745312 -13 680 1 0 1
0.0713288 0.347631 40.4558 -3.83792 -7.36166 73.0976 -3.10596 -13 681 1 0 1
-2.78615 -5.23935 40.4558 -0.754667 -11.0611 31.5586 0.223014 -13 682 1 0 1
9.8739 2.60568 40.4558 18.0676 11.1913 60.268 2.18533 -13 683 1 0 1
-1.01776 -3.40194 40.4558 -2.13291 -5.74355 61.3239 -0.0708349 -13 684 1 0 1
11.4551 -2.81675 40.4558 20.9743 -10.0234 66.5511 -1.53175 -13 685 1 0 1
3.05273 4.55583 40.4558 4.2541 10.862 69.4037 0.550873 -13 686 1 0 1
2.45152 -0.693245 40.4558 5.97617 1.41636 53.3458 1.83194 -13 687 1 0 1
-0.868706 3.38244 40.4558 -3.36941 3.81497 66.4818 0.109785 -13 688 1 0 1
3.90005 -4.92598 40.4558 8.11785 -12.3607 59.657 1.14669 -13 690 1 0 1
1.35762 1.39094 40.4558 1.16044 -0.948375 64.815 -1.81058 -13 691 1 0 1
-2.03695 2.93419 40.4558 -4.64541 0.873455 62.0363 -0.800823 -13 692 1 0 1
2.38692 4.89576 40.4558 5.04863 0.575281 50.6796 1.98971 -13 693 1 0 1
0.47427 -5.64467 40.4558 -0.447395 -7.31399 64.841 2.51449 -13 694 1 0 1
0.247552 3.84492 40.4558 0.00155484 8.41602 64.4287 0.500711 -13 696 1 0 1
-0.874229 2.30547 40.4558 -6.45661 7.78477 70.3785 0.678581 -13 697 1 0 1
5.32367 -5.65898 40.4558 10.9965 -5.95108 43.5147 -0.529299 -13 699 1 0 1
1.27743 -2.32376 40.4558 -1.19469 -5.09372 72.2016 1.54256 -13 700 1 0 1
2.28321 2.76545 40.4558 2.76307 10.2729 69.8598 1.48818 -13 701 1 0 1
1.64594 0.448389 40.4558 4.25026 1.38146 44.4416 1.50588 -13 702 1 0 1
-1.9017 2.97926 40.4558 -13.0544 5.13902 78.752 -2.07542 -13 703 1 0 1
3.42672 4.41638 40.4558 7.77393 11.5977 56.3899 -0.307821 -13 704 1 0 1
-0.251519 2.95662 40.4558 1.33793 3.52318 53.6918 1.58342 -13 705 1 0 1
-2.90928 1.90822 40.4558 -3.08508 3.94172 54.3328 -1.43228 -13 706 1 0 1
0.303226 -0.762979 40.4558 -3.13261 5.13035 72.1717 3.4689 -13 707 1 0 1
-6.565 -1.69223 40.4558 -11.9378 -3.17656 58.1108 0.675178 -13 708 1 0 1
-0.80051 -2.04785 40.4558 -2.34519 -7.29139 65.4529 0.238499 -13 709 1 0 1
-0.793412 -0.275968 40.4558 1.76699 -3.738 44.292 -0.781589 -13 710 1 0 1
1.83241 1.88418 40.4558 4.42729 -0.196153 50.7721 -0.151466 -13 711 1 0 1
0.915162 -3.61831 40.4558 -0.759597 -7.19097 69.1322 1.54244 -13 712 1 0 1
0.570452 -2.90834 40.4558 -7.81731 -10.915 80.0586 0.154067 -13 713 1 0 1
-0.531274 1.53573 40.4558 1.11288 -0.785085 49.7526 1.83045 -13 714 1 0 1
-1.60485 1.77786 40.4558 -7.17307 6.85513 70.8226 -0.920811 -13 715 1 0 1
3.45837 4.87184 40.4558 8.33636 7.60315 49.973 1.39842 -13 716 1 0 1
-1.75145 -1.36435 40.4558 -1.05158 -3.41926 52.8366 1.96151 -13 717 1 0 1
-1.69158 1.03284 40.4558 -7.87718 -0.516371 71.8701 1.09552 -13 718 1 0 1
2.20009 0.318122 40.4558 1.64215 4.2232 71.8974 0.054758 -13 719 1 0 1
-0.191243 5.73901 40.4558 -1.47755 12.4973 65.2429 2.24396 -13 720 1 0 1
3.13269 -5.25776 40.4558 3.28532 -11.544 70.9564 0.0684844 -13 721 1 0 1
2.08978 -2.65409 40.4558 4.78608 -6.1837 53.5235 -1.35732 -13 722 1 0 1
-0.0164169 -3.91405 40.4558 -0.488193 -4.18728 61.6788 -1.04408 -13 723 1 0 1
1.06677 5.68988 40.4558 -1.59999 10.9162 72.0966 2.15839 -13 724 1 0 1
-3.19405 6.25679 40.4558 -4.83633 8.94478 54.9994 -0.106228 -13 725 1 0 1
6.89123 -5.79668 40.4558 13.4976 -10.6893 52.843 -0.805577 -13 726 1 0 1
2.32652 1.25842 40.4558 5.13836 2.48432 44.643 2.1248 -13 727 1 0 1
2.28984 11.687 40.4558 4.58109 17.3522 40.1427 -0.122368 -13 728 1 0 1
1.92246 -2.57156 40.4558 -1.85765 -4.88905 76.2223 -1.67239 -13 729 1 0 1
-4.23184 -7.9916 40.4558 -1.71881 -7.1422 35.356 0.0170489 -13 730 1 0 1
-1.17196 -2.63228 40.4558 -5.63019 -3.82765 70.2943 -1.0859 -13 731 1 0 1
-1.85901 4.92225 40.4558 -5.79766 7.92066 68.4526 2.16649 -13 732 1 0 1
-4.70861 1.48298 40.4558 -4.49141 -1.32288 46.352 -0.236743 -13 733 1 0 1
2.25438 3.83614 40.4558 2.38102 -3.02685 71.4787 2.40234 -13 734 1 0 1
10.3333 5.30327 40.4558 16.1618 5.33385 44.4366 -0.987361 -13 735 1 0 1
1.10259 3.66224 40.4558 3.62855 5.58912 47.0623 -0.0247465 -13 736 1 0 1
-2.16474 4.89914 40.4558 -4.00419 8.46901 62.6515 2.2245 -13 737 1 0 1
4.72118 -0.733405 40.4558 9.2014 1.46207 58.2958 1.69552 -13 738 1 0 1
2.17378 -2.27021 40.4558 4.47417 -1.14436 59.3063 -0.984404 -13 739 1 0 1
-1.21227 0.456011 40.4558 -7.18764 0.358886 72.8197 0.928399 -13 740 1 0 1
9.41977 -0.52443 40.4558 8.01396 0.34101 21.8282 2.05483 -13 741 1 0 1
-8.15628 0.389417 40.4558 -8.68052 2.22052 42.3002 -2.03096 -13 742 1 0 1
-0.945756 1.19919 40.4558 -5.10603 5.42471 71.8063 1.47991 -13 743 1 0 1
-3.04676 4.46968 40.4558 -4.24503 5.16367 55.5225 0.428644 -13 744 1 0 1
6.04398 5.26018 40.4558 8.74714 10.701 71.8663 2.10562 -13 745 1 0 1
-0.969349 -2.75126 40.4558 -4.52814 -6.1775 68.113 -1.66581 -13 746 1 0 1
0.704751 -1.48323 40.4558 -0.325669 -2.76765 68.0659 0.330146 -13 747 1 0 1
-5.05959 -0.044858 40.4558 -5.57247 1.4189 48.7538 -1.63669 -13 748 1 0 1
3.08392 -2.91952 40.4558 2.50096 -7.36394 72.9745 1.27427 -13 749 1 0 1
-0.26246 6.04905 40.4558 -0.787006 3.34526 64.0366 0.863257 -13 750 1 0 1
-2.8612 4.03741 40.4558 -3.33008 8.83625 52.3503 0.184133 -13 751 1 0 1
-1.02368 4.56323 40.4558 -3.65488 13.8487 66.5149 -0.331841 -13 752 1 0 1
-1.19802 2.36768 40.4558 -2.5039 1.07219 64.2937 -0.883123 -13 753 1 0 1
-3.62142 -1.37472 40.4558 -10.4556 -0.868973 69.5687 0.462406 -13 754 1 0 1
3.40058 -0.0386747 40.4558 2.68657 -1.83161 75.4724 -1.28452 -13 755 1 0 1
2.36977 1.59647 40.4558 2.79027 8.32235 67.9866 -0.888068 -13 756 1 0 1
5.78287 -3.8628 40.4558 11.9418 -4.97287 52.2733 -0.950414 -13 757 1 0 1
-0.0694539 -0.807638 40.4558 2.42835 -6.29615 56.4954 0.515665 -13 758 1 0 1
3.03983 -7.17497 40.4558 4.98142 -16.0815 61.4898 1.30593 -13 759 1 0 1
0.977401 -1.36695 40.4558 3.3187 -3.35207 54.9103 0.361596 -13 760 1 0 1
1.03797 -4.36139 40.4558 1.99237 -6.05488 59.4287 0.848159 -13 761 1 0 1
-7.9816 0.737789 40.4558 -7.66966 3.35647 34.464 -0.743751 -13 762 1 0 1
5.9404 1.28692 40.4558 10.7951 6.90709 60.0257 1.4247 -13 763 1 0 1
2.76438 0.937432 40.4558 3.18521 3.26792 70.5819 -2.44517 -13 764 1 0 1
-1.5053 -2.31015 40.4558 -2.62942 -6.26839 64.792 -0.401369 -13 765 1 0 1
6.1969 -3.50431 40.4558 8.93691 -4.20116 28.8115 -0.933465 -13 766 1 0 1
0.970427 -0.803335 40.4558 2.3949 -2.99303 58.9684 -0.289751 -13 767 1 0 1
4.11646 -9.78044 40.4558 7.11257 -20.706 65.1279 0.776023 -13 768 1 0 1
0.549094 1.23647 40.4558 3.59566 -1.39015 39.9389 0.306379 -13 769 1 0 1
-2.90301 0.703723 40.4558 -9.03398 -8.10558 70.2638 -0.898689 -13 770 1 0 1
-0.577953 -9.40489 40.4558 1.9019 -12.9497 37.3381 -0.480142 -13 771 1 0 1
2.43487 0.688349 40.4558 6.34222 -0.440538 55.7625 -0.0193176 -13 772 1 0 1
5.22369 -0.186025 40.4558 6.02032 0.701899 76.7694 0.654763 -13 773 1 0 1
-4.10337 -2.40505 40.4558 -6.56609 -2.03598 58.1081 1.10094 -13 774 1 0 1
6.93182 -1.14242 40.4558 13.6849 -4.98765 60.1412 0.0780609 -13 775 1 0 1
-2.62486 3.02718 40.4558 -3.2008 6.10088 55.1224 2.68416 -13 776 1 0 1
-2.69314 -2.3687 40.4558 -7.95753 -7.44188 67.093 0.117888 -13 777 1 0 1
-1.93153 3.42163 40.4558 -0.877748 9.06871 45.8247 2.75946 -13 778 1 0 1
-5.77716 -1.95826 40.4558 -14.5275 -3.81117 66.7457 1.83757 -13 779 1 0 1
2.68826 -0.49983 40.4558 5.60373 -0.347597 67.667 -0.76011 -13 780 1 0 1
-1.60551 2.38474 40.4558 -4.5237 2.4118 66.0228 0.0363166 -13 781 1 0 1
-2.95065 -3.14185 40.4558 -6.9604 -6.27165 62.8811 0.659791 -13 782 1 0 1
4.26601 -3.09079 40.4558 8.74676 -4.29788 58.7162 1.13568 -13 783 1 0 1
-5.9991 -7.74839 40.4558 -13.1309 -19.302 62.5184 -0.717565 -13 784 1 0 1
-3.87131 0.690017 40.4558 -16.5315 -6.37763 76.1303 -0.0583036 -13 785 1 0 1
5.27779 2.68798 40.4558 10.0667 2.125 47.0005 -0.860967 -13 787 1 0 1
-6.23525 -0.768862 40.4558 -12.5558 -3.2176 60.4206 -0.777983 -13 788 1 0 1
4.98565 1.11405 40.4558 8.16825 -2.72375 70.8011 0.579312 -13 789 1 0 1
1.03976 -0.266183 40.4558 1.44715 -5.21458 60.2381 2.15983 -13 790 1 0 1
2.88144 -4.5218 40.4558 4.65469 -13.5254 67.3668 -1.27293 -13 791 1 0 1
-1.93064 -0.823136 40.4558 -5.13858 -1.18404 66.787 2.33746 -13 792 1 0 1
2.09108 0.603022 40.4558 4.80555 -1.75198 53.1381 1.94102 -13 793 1 0 1
2.29197 -5.39003 40.4558 3.19735 -9.33426 69.1682 0.431426 -13 794 1 0 1
-4.42979 -4.81734 40.4558 -7.78101 -9.93495 55.6771 -2.24957 -13 795 1 0 1
-4.76116 0.999026 40.4558 -7.46316 1.40735 58.4521 0.0500774 -13 796 1 0 1
-1.24856 1.2617 40.4558 0.536716 -1.93767 48.226 -0.663405 -13 797 1 0 1
0.989412 6.86532 40.4558 -3.23967 17.586 73.6243 2.14219 -13 798 1 0 1
-0.1282 3.06665 40.4558 -0.827669 4.6771 63.4486 1.05819 -13 799 1 0 1
-5.89329 1.59338 40.4558 -10.9365 6.48604 58.7479 1.34838 -13 800 1 0 1
4.34317 3.41453 40.4558 8.34332 1.32064 68.8924 2.37337 -13 801 1 0 1
-0.697027 -2.45117 40.4558 -2.88025 -8.41747 66.1641 -1.13554 -13 802 1 0 1
2.57587 -1.01551 40.4558 0.14235 4.42216 75.8343 -1.54576 -13 803 1 0 1
6.98479 0.0387051 40.4558 12.724 1.03042 49.514 -0.334594 -13 804 1 0 1
-2.04662 -1.21298 40.4558 -0.0858344 -0.757247 22.6465 -0.0848629 -13 805 1 0 1
1.12931 -0.0768452 40.4558 3.08084 -1.23646 56.7348 1.14403 -13 806 1 0 1
-3.19648 -5.64444 40.4558 -7.49818 -9.54126 65.9192 0.539581 -13 807 1 0 1
-11.5279 2.70629 40.4558 -9.14405 2.76612 27.8796 1.65565 -13 808 1 0 1
-4.22648 0.466771 40.4558 -9.55263 0.649049 64.5756 -0.406844 -13 809 1 0 1
-1.03527 -0.41431 40.4558 -8.58912 -3.88982 76.5467 -0.533684 -13 810 1 0 1
1.28014 0.839784 40.4558 0.982195 4.45221 70.3959 -0.0703493 -13 811 1 0 1
-6.07104 -4.03488 40.4558 -5.3668 -3.21413 38.7553 2.1463 -13 812 1 0 1
2.7692 3.98231 40.4558 5.81343 10.0401 56.2703 0.914942 -13 813 1 0 1
-0.405697 -1.05002 40.4558 -0.657952 1.76452 62.672 0.858727 -13 814 1 0 1
2.6975 3.30927 40.4558 6.1177 6.96989 55.166 -1.90364 -13 815 1 0 1
2.04203 -1.13198 40.4558 -1.94567 -2.62445 76.9291 1.62744 -13 816 1 0 1
-0.916657 -0.433867 40.4558 2.35362 -0.28058 39.8226 -1.5013 -13 817 1 0 1
1.02832 -4.36165 40.4558 4.01358 -9.45464 48.5871 0.0513731 -13 820 1 0 1
-0.510196 -2.92182 40.4558 1.39093 -1.37238 52.8832 -1.59356 -13 821 1 0 1
-0.815124 3.4747 40.4558 -14.1903 2.65467 80.2046 0.763249 -13 822 1 0 1
1.9092 0.442113 40.4558 5.26488 -1.75815 57.0676 0.0572399 -13 823 1 0 1
-2.27362 -2.2455 40.4558 -5.35645 -5.09921 61.0562 0.418177 -13 825 1 0 1
1.01495 2.24403 40.4558 0.0938778 8.8555 66.866 -1.25724 -13 826 1 0 1
0.738579 -4.68099 40.4558 1.35434 -12.3394 62.228 2.80149 -13 827 1 0 1
0.406587 0.490512 40.4558 0.8928 -2.56779 64.1749 -2.32082 -13 828 1 0 1
5.31092 -10.2454 40.4558 8.66812 -17.1589 47.5311 0.95272 -13 829 1 0 1
0.906185 -4.25274 40.4558 1.03254 -9.91359 64.2143 -0.026697 -13 830 1 0 1
2.03311 -0.373773 40.4558 2.75289 -3.59469 65.8137 2.11883 -13 831 1 0 1
-1.20948 -3.38658 40.4558 -0.659847 -7.20084 55.6457 0.505297 -13 832 1 0 1
-0.869144 -1.53463 40.4558 -2.28042 -3.66703 61.9359 0.509689 -13 833 1 0 1
-2.05999 -5.4534 40.4558 -3.53124 -7.98298 60.3688 -0.0906816 -13 834 1 0 1
-0.163666 -5.06704 40.4558 -8.47816 -14.8503 76.8761 -0.81377 -13 835 1 0 1
3.6965 5.17461 40.4558 5.37754 12.7201 65.2703 0.020453 -13 836 1 0 1
5.90249 -8.62055 40.4558 10.4657 -12.6175 65.6142 1.17149 -13 837 1 0 1
3.28295 3.47441 40.4558 3.82513 3.02388 71.7208 -1.19486 -13 838 1 0 1
-0.828586 -5.40282 40.4558 0.320268 -6.6296 55.4326 -0.265834 -13 839 1 0 1
-4.40664 3.2788 40.4558 -8.56969 5.27238 59.7126 2.56852 -13 840 1 0 1
-5.99796 3.97218 40.4558 -10.1619 4.19616 55.3012 -1.67667 -13 841 1 0 1
-0.960375 -1.61281 40.4558 -6.4341 -2.1405 73.3073 -0.842548 -13 842 1 0 1
-0.767468 -3.52922 40.4558 -7.36954 -15.5462 73.078 0.618896 -13 843 1 0 1
-3.88755 5.78104 40.4558 -6.49248 11.0771 58.0837 1.03331 -13 844 1 0 1
2.13073 -1.14741 40.4558 4.56232 0.271591 60.2202 1.12103 -13 845 1 0 1
4.55913 -8.64762 40.4558 7.07406 -8.5894 36.4623 0.634822 -13 846 1 0 1
3.37083 -6.96731 40.4558 7.1287 -5.90501 57.8334 -1.02608 -13 847 1 0 1
-4.01625 0.744395 40.4558 -6.17684 -1.96047 55.2049 -0.661463 -13 848 1 0 1
-5.97272 -2.62871 40.4558 -9.16115 -2.78996 53.093 -1.85438 -13 849 1 0 1
5.97565 -5.96373 40.4558 10.2533 -12.384 67.4164 -0.744021 -13 850 1 0 1
-2.73504 3.90363 40.4558 -4.61621 5.21693 59.5951 -0.335365 -13 851 1 0 1
5.12141 -1.01629 40.4558 5.53444 -1.37996 75.6639 0.638343 -13 852 1 0 1
-0.566412 2.93714 40.4558 -1.0979 5.94725 61.7712 1.22455 -13 853 1 0 1
0.924703 2.50466 40.4558 -1.83001 0.147259 69.8094 -0.687798 -13 854 1 0 1
-2.70247 4.81853 40.4558 -5.2958 9.87626 61.4841 0.26112 -13 855 1 0 1
-6.17411 0.863168 40.4558 -11.5625 -4.71199 57.4888 0.471923 -13 856 1 0 1
1.03299 -3.29671 40.4558 1.56501 -0.679868 65.9625 -0.734337 -13 857 1 0 1
-8.67048 0.385415 40.4558 -20.0378 -0.275664 64.2688 -2.26072 -13 858 1 0 1
-0.929361 -1.64801 40.4558 0.659299 -0.997165 55.3564 1.73422 -13 859 1 0 1
-1.50478 1.52154 40.4558 -4.94412 3.8651 67.7055 1.45935 -13 860 1 0 1
1.47033 -2.71803 40.4558 -2.13753 -7.94831 76.9344 -1.68721 -13 861 1 0 1
-0.466469 1.67148 40.4558 -1.56471 5.65716 63.8223 0.0572392 -13 862 1 0 1
-6.53302 -4.53299 40.4558 -12.624 -6.96913 58.2177 0.344951 -13 863 1 0 1
-1.17203 0.115158 40.4558 -2.16871 1.62226 62.6644 -0.468807 -13 864 1 0 1
-2.58803 -3.80176 40.4558 -3.36087 -3.55625 55.2807 1.93048 -13 865 1 0 1
1.1335 5.13777 40.4558 2.77714 13.0763 55.9087 0.0904704 -13 866 1 0 1
4.38407 4.70349 40.4558 5.29982 8.49082 74.1015 -0.515006 -13 867 1 0 1
-0.192931 1.46825 40.4558 -8.48355 0.437256 78.2807 -1.49729 -13 868 1 0 1
-8.7391 -5.99835 40.4558 -16.7799 -11.0342 58.5203 -0.534236 -13 869 1 0 1
-0.119333 -1.67289 40.4558 -0.231735 -5.69958 59.9525 0.897366 -13 870 1 0 1
1.19487 -7.49023 40.4558 0.951368 -17.438 64.6824 -1.04546 -13 871 1 0 1
-1.66832 -2.0209 40.4558 -5.38417 -2.21745 67.4938 -0.986996 -13 872 1 0 1
2.80766 0.589064 40.4558 3.20031 -1.86273 71.7355 -0.940453 -13 873 1 0 1
-1.4969 3.33479 40.4558 -5.0973 8.08127 66.6147 2.72133 -13 874 1 0 1
-2.78948 -2.09875 40.4558 -6.11788 -5.74699 62.6761 0.353085 -13 875 1 0 1
3.67424 3.2923 40.4558 3.29539 6.12377 74.9936 0.133586 -13 876 1 0 1
1.88264 2.69365 40.4558 2.79115 13.309 68.2956 -1.86849 -13 877 1 0 1
1.13269 3.27383 40.4558 -1.90801 12.4169 72.6393 -3.57251 -13 878 1 0 1
-5.32546 2.66211 40.4558 -6.14921 3.07661 51.1691 1.29538 -13 879 1 0 1
2.94478 -2.90868 40.4558 4.88339 -7.5244 68.3096 0.947136 -13 880 1 0 1
0.769373 -3.28336 40.4558 2.4259 -6.13939 56.7808 1.96071 -13 881 1 0 1
6.60238 8.35643 40.4558 10.1147 19.495 72.8121 -0.429077 -13 882 1 0 1
5.76488 6.65933 40.4558 9.32654 16.53 62.8452 -0.217581 -13 883 1 0 1
5.43287 1.91643 40.4558 9.9028 3.84728 36.197 -0.0428431 -13 885 1 0 1
3.47939 1.00298 40.4558 0.64347 -5.38636 79.6938 2.45759 -13 886 1 0 1
-7.89976 1.70799 40.4558 -20.6806 2.55637 67.0009 0.63625 -13 887 1 0 1
-0.449632 3.6272 40.4558 1.26166 3.17008 55.5188 0.164561 -13 888 1 0 1
-1.67459 -2.3689 40.4558 -2.05936 -3.48366 57.3612 -0.504823 -13 889 1 0 1
3.67788 -6.38374 40.4558 5.68941 -15.2159 67.3398 -1.03082 -13 890 1 0 1
-0.00692664 -1.37363 40.4558 2.31144 -0.866436 34.8539 -0.994943 -13 891 1 0 1
-0.619757 -2.6226 40.4558 -4.58282 -0.521147 71.7406 0.544258 -13 892 1 0 1
-6.23078 -0.40299 40.4558 -10.436 1.92703 58.2438 -1.55322 -13 893 1 0 1
4.75339 -2.46701 40.4558 5.96334 -4.39937 76.0928 0.0746249 -13 894 1 0 1
-4.73968 3.53638 40.4558 -16.5426 19.1887 70.0268 1.62333 -13 895 1 0 1
-2.55829 5.88873 40.4558 -7.76495 15.1107 67.9397 -1.57458 -13 896 1 0 1
-1.84519 -3.17326 40.4558 -1.82223 -4.86086 49.0209 -1.65408 -13 897 1 0 1
0.716137 -1.35899 40.4558 1.96261 -0.927052 55.6269 -0.588334 -13 898 1 0 1
6.30342 0.687479 40.4558 12.5982 4.05369 60.5619 -0.183569 -13 899 1 0 1
2.28409 1.79728 40.4558 2.69223 -0.557234 68.5798 0.673507 -13 901 1 0 1
5.25252 -0.444134 40.4558 10.7272 -3.78429 54.2442 0.664425 -13 902 1 0 1
1.21035 -7.27321 40.4558 -2.64304 -9.19726 74.4822 1.24516 -13 903 1 0 1
2.03579 0.273628 40.4558 3.91091 -3.31725 58.7772 2.032 -13 904 1 0 1
-4.18669 0.592296 40.4558 -18.1478 3.84009 76.9228 0.220359 -13 905 1 0 1
-6.53581 -2.74906 40.4558 -9.69405 -3.74174 54.3853 1.36486 -13 906 1 0 1
1.10305 5.98509 40.4558 0.363865 9.52181 67.6317 0.395139 -13 907 1 0 1
-4.28105 -4.34701 40.4558 -2.96021 -5.35897 37.0332 0.313729 -13 908 1 0 1
0.478303 -3.19389 40.4558 -4.06484 -3.50445 73.5778 0.765526 -13 909 1 0 1
-0.701791 -2.08858 40.4558 -4.68068 -5.46065 70.3365 -0.0830155 -13 910 1 0 1
-0.936654 10.18 40.4558 -0.102131 15.9752 42.1305 -0.517278 -13 911 1 0 1
2.39515 8.89328 40.4558 3.73506 11.5118 54.6559 -0.708701 -13 912 1 0 1
1.45766 2.5926 40.4558 -7.23998 13.7221 78.7427 1.38009 -13 913 1 0 1
-8.12672 0.959873 40.4558 -20.8845 8.61567 67.9732 1.07589 -13 914 1 0 1
1.97137 -5.23416 40.4558 3.84923 -8.0966 61.3255 -0.773291 -13 915 1 0 1
-3.92533 0.0873742 40.4558 -21.5684 2.60731 77.2779 4.38429 -13 916 1 0 1
-3.41748 4.06123 40.4558 -1.86045 7.31016 40.7639 -0.114316 -13 917 1 0 1
-4.82023 3.91877 40.4558 -15.1773 9.00192 70.4774 2.10849 -13 918 1 0 1
-1.67892 2.64522 40.4558 -4.59442 2.81414 66.2739 -0.523582 -13 919 1 0 1
-1.88106 -1.58792 40.4558 -12.5567 0.258496 78.6226 0.52432 -13 920 1 0 1
2.76566 1.72666 40.4558 5.32033 -2.30738 34.0535 0.481808 -13 921 1 0 1
-1.37081 -5.48663 40.4558 -13.1521 -12.3569 79.1532 2.51506 -13 922 1 0 1
-3.77958 -0.0796827 40.4558 -6.76242 -0.429651 58.6584 -0.0698185 -13 923 1 0 1
-0.316793 2.50599 40.4558 -2.74271 2.61021 68.3773 -0.966841 -13 924 1 0 1
-0.757178 3.20071 40.4558 -2.22427 7.43665 62.6045 0.452712 -13 925 1 0 1
-0.936789 3.08945 40.4558 -9.01579 5.08188 76.8781 1.44753 -13 926 1 0 1
-1.38999 -3.04107 40.4558 -3.19214 -1.71453 67.809 0.63058 -13 927 1 0 1
1.04625 -1.63129 40.4558 2.98122 -4.51659 58.0507 -0.146532 -13 928 1 0 1
-0.694433 0.711964 40.4558 -4.07839 1.36157 70.2672 1.41286 -13 930 1 0 1
4.37434 0.439623 40.4558 7.9703 -2.76355 62.8013 2.07599 -13 931 1 0 1
-2.91283 -3.33546 40.4558 -3.30965 -6.50234 52.0632 1.97583 -13 932 1 0 1
3.07833 4.27917 40.4558 4.23461 13.116 68.0975 1.10803 -13 933 1 0 1
-0.979637 0.97209 40.4558 -7.58503 4.60355 74.2643 -0.481079 -13 934 1 0 1
-7.08016 1.52236 40.4558 -13.3826 2.48915 57.4889 1.02573 -13 935 1 0 1
5.73939 -2.39197 40.4558 12.1955 0.116988 60.0911 0.115523 -13 936 1 0 1
-0.178262 -3.23513 40.4558 -5.30744 -2.57678 73.2158 -0.139392 -13 938 1 0 1
-1.22339 -1.84012 40.4558 -1.52091 -3.5862 61.2174 -0.466298 -13 939 1 0 1
-1.18347 0.65377 40.4558 -1.84466 3.59953 60.4737 0.0440571 -13 940 1 0 1
-2.32744 1.44741 40.4558 -6.18373 6.73095 66.3282 0.293978 -13 941 1 0 1
5.99515 -0.825016 40.4558 9.30247 -2.09936 71.765 0.627276 -13 942 1 0 1
2.96749 -2.43113 40.4558 4.2439 -3.52686 67.6909 1.49553 -13 943 1 0 1
-1.21087 -0.209814 40.4558 0.328466 4.19948 52.7468 -0.346334 -13 944 1 0 1
1.32332 5.37678 40.4558 -0.840146 16.4771 70.51 0.963089 -13 945 1 0 1
-1.80115 3.62358 40.4558 -0.661927 5.53332 44.9872 -0.647458 -13 946 1 0 1
3.49052 -1.08198 40.4558 6.39205 1.36747 65.0821 -1.09783 -13 947 1 0 1
3.95338 -3.86544 40.4558 7.90878 -4.05295 50.4079 1.39123 -13 948 1 0 1
-5.59173 -2.1003 40.4558 -7.18577 -3.54135 53.7934 0.496668 -13 949 1 0 1
-1.72253 3.30026 40.4558 -4.0668 4.82098 65.6929 0.146485 -13 950 1 0 1
13.1999 -4.89199 40.4558 22.3426 -5.84899 51.3113 0.722635 -13 951 1 0 1
2.53513 -2.46608 40.4558 5.26032 -4.98016 59.2766 2.75263 -13 952 1 0 1
1.0551 -2.29892 40.4558 1.34169 -5.66589 59.5656 0.351375 -13 953 1 0 1
-0.549048 -8.98747 40.4558 0.457367 -15.6437 54.4306 -0.137773 -13 954 1 0 1
1.89085 -0.370718 40.4558 3.28678 -6.48889 60.7641 0.628979 -13 955 1 0 1
-2.29707 3.0825 40.4558 -2.90533 1.81985 54.3473 0.000999225 -13 956 1 0 1
-5.4167 -1.25013 40.4558 -9.20696 -6.25298 57.0035 -0.927138 -13 957 1 0 1
-1.31174 0.324429 40.4558 -17.0334 -1.33981 78.9337 -0.712197 -13 958 1 0 1
5.76113 -2.66777 40.4558 10.705 -6.55574 61.4209 0.492578 -13 959 1 0 1
-2.20512 -0.525578 40.4558 -10.1641 -3.05433 73.4143 -1.9284 -13 960 1 0 1
2.01581 -2.31977 40.4558 5.88661 -1.62964 55.8862 0.282682 -13 961 1 0 1
2.41289 -1.3416 40.4558 5.78766 -1.93373 35.1661 0.839231 -13 962 1 0 1
6.91058 1.46013 40.4558 12.1833 -5.42409 67.411 2.07978 -13 963 1 0 1
-1.06626 1.42 40.4558 -1.54719 1.061 62.4527 2.04063 -13 964 1 0 1
-1.41299 -3.49681 40.4558 -4.09017 -9.22055 64.2618 1.50866 -13 965 1 0 1
-5.49839 -3.20166 40.4558 -8.0156 -1.35285 53.4474 2.40836 -13 966 1 0 1
1.95858 -1.84416 40.4558 5.6295 -1.30872 54.0965 0.675667 -13 967 1 0 1
-9.88259 0.820174 40.4558 -20.4246 -0.839535 60.2166 -0.935044 -13 968 1 0 1
0.550158 -2.84642 40.4558 3.82338 -6.13026 50.0787 0.693167 -13 969 1 0 1
3.39047 -2.82844 40.4558 5.89499 -8.27793 64.2867 0.0294611 -13 970 1 0 1
2.14041 -0.39393 40.4558 3.29408 4.25492 68.2334 -1.03995 -13 971 1 0 1
-4.02035 5.05807 40.4558 -1.73086 7.59195 30.5324 -0.759337 -13 972 1 0 1
-3.55242 -1.32197 40.4558 -2.0541 0.0463168 33.3598 -0.62549 -13 973 1 0 1
-1.94428 2.16688 40.4558 -6.16923 5.37857 68.9586 -0.508815 -13 974 1 0 1
-2.21626 -2.23295 40.4558 -9.33316 2.07605 73.8135 1.76474 -13 975 1 0 1
-3.26163 -6.83765 40.4558 -6.49472 -11.0401 60.495 0.497253 -13 977 1 0 1
-2.46841 -0.377343 40.4558 -9.67613 -3.44878 70.8316 -1.30985 -13 979 1 0 1
-5.17446 -0.252772 40.4558 -9.26917 -1.66754 58.9695 -1.27995 -13 980 1 0 1
-2.45618 -3.73799 40.4558 -6.15546 -11.6368 61.9682 -0.553026 -13 981 1 0 1
1.41099 5.66014 40.4558 2.54883 8.96555 64.2323 -0.542226 -13 982 1 0 1
1.1069 -1.36896 40.4558 -1.42545 4.16539 73.3169 -0.202149 -13 983 1 0 1
1.63118 3.12942 40.4558 3.8099 6.97908 59.939 1.01683 -13 985 1 0 1
-3.97149 -2.74961 40.4558 -7.95345 -4.18419 60.8537 -0.170794 -13 986 1 0 1
1.24103 -7.50139 40.4558 2.26655 -16.1179 59.9053 0.574845 -13 987 1 0 1
-6.43611 9.86038 40.4558 -3.55864 6.17642 21.4634 0.235576 -13 988 1 0 1
1.49987 -3.75727 40.4558 1.30119 -6.49789 69.817 1.19807 -13 989 1 0 1
-0.576015 -0.751264 40.4558 -3.60982 -7.46291 69.6477 0.410932 -13 990 1 0 1
-4.4917 5.58966 40.4558 -5.30184 6.13049 50.9231 -2.06062 -13 991 1 0 1
-5.49436 4.16553 40.4558 -4.2968 4.60047 41.439 1.03836 -13 992 1 0 1
1.21921 -4.03318 40.4558 5.53725 -5.66148 49.939 1.79229 -13 993 1 0 1
7.73461 -16.9055 40.4558 11.7413 -20.3046 43.5059 -0.590183 -13 994 1 0 1
3.5238 1.09061 40.4558 6.67502 3.55142 64.1368 -1.66313 -13 995 1 0 1
-3.0622 0.323221 40.4558 -9.01705 0.199288 68.3234 0.342598 -13 996 1 0 1
-2.11215 1.79214 40.4558 -1.40924 3.31475 48.0641 2.57797 -13 997 1 0 1
-4.61379 -6.75278 40.4558 -0.989514 -3.79186 12.3596 1.08162 -13 998 1 0 1
3.52557 -1.2854 40.4558 7.37298 -1.4681 56.577 0.126324 -13 999 1 0 1
-3.1854 -2.87723 40.4558 -3.08362 -4.57099 47.5624 -0.376833 -13 1000 1 0 1
