#BLTrackFile NTuple/Z74
#x y z Px Py Pz t PDGid EventID TrackID ParentID Weight
#mm mm mm MeV/c MeV/c MeV/c ns - - - - -
-22.6737 3.0833 73.7737 -62.4653 -0.381468 51.6525 0.37876 -13 2 1 0 1
-43.0034 1.38601 73.7737 -20.4788 5.02315 7.96266 -0.255193 -13 6 1 0 1
-26.7431 8.54471 73.7737 -59.1313 9.93645 38.4415 -0.0571969 -13 11 1 0 1
-24.0936 -9.03588 73.7737 -54.8101 -8.49289 37.5136 -1.05762 -13 14 1 0 1
-36.3205 -13.9177 73.7737 -59.7891 -15.5008 23.1433 2.00082 -13 15 1 0 1
-17.7424 -21.711 73.7737 -44.2643 -22.6021 32.2868 2.64733 -13 16 1 0 1
-29.5687 -5.21945 73.7737 -60.2547 -4.6059 34.2904 0.776297 -13 25 1 0 1
-40.1757 -9.14482 73.7737 -25.7277 5.64435 14.9803 2.011 -13 27 1 0 1
-41.2982 -13.9407 73.7737 -36.9733 8.18913 14.3602 0.786486 -13 28 1 0 1
-34.8188 -10.5137 73.7737 -67.8781 -14.6221 35.0412 -0.973717 -13 37 1 0 1
-63.5175 3.56161 73.7737 -50.0238 12.2941 18.6969 0.939572 -13 43 1 0 1
-38.4813 7.60843 73.7737 -62.3124 14.4286 17.441 0.207225 -13 51 1 0 1
-27.7148 9.35433 73.7737 -53.6537 10.1702 27.26 -0.467695 -13 56 1 0 1
-40.2936 1.15836 73.7737 -46.4777 -4.43145 15.7636 0.960371 -13 66 1 0 1
-42.9139 -1.67271 73.7737 -25.1961 12.2467 28.7989 0.715461 -13 70 1 0 1
-37.311 18.0072 73.7737 -58.2099 18.5237 19.342 1.64681 -13 72 1 0 1
-37.7994 9.34682 73.7737 -63.5603 16.6313 28.2692 -2.37153 -13 75 1 0 1
-21.5191 2.29064 73.7737 -61.5609 2.73546 50.7875 -1.29577 -13 76 1 0 1
-34.049 -0.177836 73.7737 -57.2201 0.546536 22.3049 1.75006 -13 82 1 0 1
-37.6356 -1.2495 73.7737 -66.7406 -0.746795 30.2513 1.63977 -13 85 1 0 1
-26.4866 -0.793694 73.7737 -56.3948 1.07424 34.6044 -0.356816 -13 100 1 0 1
-27.3345 3.38259 73.7737 -57.8511 2.95069 35.5675 -0.162312 -13 101 1 0 1
-37.4897 -2.90813 73.7737 -60.7441 -2.89871 19.5613 0.481496 -13 102 1 0 1
-25.3085 -4.50433 73.7737 -52.6858 -2.34295 29.8112 -1.90811 -13 103 1 0 1
-38.8651 10.5581 73.7737 -46.2573 13.9725 10.7113 -0.215992 -13 108 1 0 1
-36.6098 -9.30403 73.7737 -57.7594 -10.5726 18.6463 0.516884 -13 114 1 0 1
-35.7618 -6.61613 73.7737 -63.5052 -7.00384 27.5125 1.03424 -13 119 1 0 1
-50.3078 -2.67682 73.7737 -24.9743 -1.33312 16.1936 1.24603 -13 122 1 0 1
-28.2109 6.89311 73.7737 -51.558 7.73608 22.8101 0.861057 -13 124 1 0 1
-39.7231 -4.60403 73.7737 -50.9641 -19.2886 36.0448 1.46227 -13 126 1 0 1
-30.2552 14.0206 73.7737 -51.7022 14.7966 20.6808 0.0978629 -13 129 1 0 1
-35.9601 7.01602 73.7737 -62.29 8.09236 24.6822 0.0660557 -13 131 1 0 1
-27.1522 -2.81858 73.7737 -54.6794 -3.61645 30.4555 -0.817743 -13 133 1 0 1
-21.0013 0.292174 73.7737 -56.8979 0.0888004 46.9337 0.853059 -13 134 1 0 1
-28.3212 1.94075 73.7737 -59.1879 0.351521 34.4986 1.33799 -13 135 1 0 1
-22.5874 -0.652495 73.7737 -56.0548 -1.98265 42.583 3.35708 -13 144 1 0 1
-37.2031 -13.5581 73.7737 -59.1747 -14.0412 20.0846 0.74475 -13 146 1 0 1
-59.6738 -14.6073 73.7737 -43.8254 -5.56664 14.6888 -1.51515 -13 154 1 0 1
-36.4525 5.52336 73.7737 -71.3882 5.52877 34.5821 1.72337 -13 158 1 0 1
-16.193 1.92182 73.7737 -47.9182 2.18178 40.828 0.374325 -13 160 1 0 1
-26.4211 1.10582 73.7737 -58.2844 -0.668459 37.3033 1.95254 -13 161 1 0 1
-17.4738 12.2081 73.7737 -48.7834 11.7788 41.7705 0.4264 -13 164 1 0 1
-19.9242 7.02505 73.7737 -50.0945 7.95001 37.5208 0.974279 -13 167 1 0 1
-42.8794 9.35258 73.7737 -45.6071 6.996 19.099 1.51012 -13 168 1 0 1
-33.7961 -20.9859 73.7737 -58.0107 -25.5741 26.4409 -0.345245 -13 179 1 0 1
-40.2447 -7.4043 73.7737 -47.0122 -10.9119 16.923 1.54465 -13 188 1 0 1
-45.5196 -10.2007 73.7737 -21.8843 -17.3929 16.3081 0.617518 -13 189 1 0 1
-37.3476 3.21102 73.7737 -72.3887 6.60347 34.404 1.21711 -13 192 1 0 1
-24.7759 -1.20385 73.7737 -64.7324 -4.49143 48.013 2.90817 -13 196 1 0 1
-18.3649 16.1089 73.7737 -46.9842 16.0205 37.0047 -0.492786 -13 202 1 0 1
-79.4489 -4.1713 73.7737 -39.8721 -6.70796 16.2619 0.875102 -13 206 1 0 1
-91.0094 17.286 73.7737 -33.3762 7.1135 2.07364 1.96656 -13 214 1 0 1
-39.344 -8.70968 73.7737 -54.1768 -5.41106 23.3963 2.14736 -13 215 1 0 1
-28.5221 1.1171 73.7737 -59.4211 1.58642 34.7976 1.51699 -13 216 1 0 1
-40.2763 -3.28512 73.7737 -52.9437 -0.58154 27.3016 0.451669 -13 219 1 0 1
-32.0131 3.86676 73.7737 -62.5644 3.40784 33.0818 2.78342 -13 220 1 0 1
-21.4785 0.981431 73.7737 -46.598 -0.0801978 27.73 1.39774 -13 221 1 0 1
-40.7478 0.992585 73.7737 -46.7503 3.82053 27.3847 -1.46713 -13 228 1 0 1
-18.1404 18.275 73.7737 -48.069 22.3487 40.6086 1.6462 -13 231 1 0 1
-31.3228 6.79286 73.7737 -63.168 6.44603 35.0307 0.707617 -13 235 1 0 1
-36.003 -19.1729 73.7737 -59.5073 -20.7944 24.2343 0.368377 -13 243 1 0 1
-30.0066 2.40908 73.7737 -63.957 2.97105 38.4367 1.10017 -13 244 1 0 1
-26.7591 10.2149 73.7737 -57.8452 14.7456 36.8085 -0.254137 -13 245 1 0 1
-37.2996 8.60607 73.7737 -63.5229 12.1214 24.9089 0.280037 -13 246 1 0 1
-20.5607 9.42886 73.7737 -49.6396 7.69706 33.924 -0.477039 -13 249 1 0 1
-30.4937 17.3981 73.7737 -54.5116 16.3461 26.3736 -0.531287 -13 251 1 0 1
-30.6345 3.29004 73.7737 -56.3032 2.80341 26.8109 0.760851 -13 252 1 0 1
-33.3678 1.23209 73.7737 -67.3328 3.29217 36.6482 0.397779 -13 255 1 0 1
-34.3805 1.77422 73.7737 -58.0826 1.23046 21.967 0.635555 -13 258 1 0 1
-34.1306 -8.89766 73.7737 -56.7703 -9.52224 21.0977 -0.958143 -13 263 1 0 1
-29.9676 6.7098 73.7737 -55.9107 8.21489 26.9999 1.19911 -13 265 1 0 1
-28.6514 -3.77492 73.7737 -59.4025 -6.06698 35.3297 1.05369 -13 266 1 0 1
-46.1537 5.73715 73.7737 -40.7621 -1.85921 7.34863 1.00074 -13 269 1 0 1
-25.4826 -8.22989 73.7737 -61.1863 -12.5335 44.5091 -0.390102 -13 271 1 0 1
-42.1314 15.043 73.7737 -37.0228 12.6162 15.555 0.954416 -13 289 1 0 1
-39.2495 -8.38254 73.7737 -57.4415 -8.99645 29.8133 0.931555 -13 291 1 0 1
-14.3446 6.59336 73.7737 -49.0478 11.3269 48.849 2.0236 -13 294 1 0 1
-32.4503 -2.66042 73.7737 -51.2083 -3.42902 13.5753 3.11455 -13 297 1 0 1
-33.3193 -0.765885 73.7737 -60.577 -2.35334 27.4227 -1.37608 -13 298 1 0 1
-24.6245 -6.43448 73.7737 -57.6079 -7.58609 39.9514 0.0433714 -13 310 1 0 1
-36.9208 1.44495 73.7737 -63.5898 2.74566 25.2114 -0.942503 -13 318 1 0 1
-25.4052 3.47297 73.7737 -58.4301 4.36354 40.5267 1.0133 -13 320 1 0 1
-34.8569 0.999719 73.7737 -53.3521 0.557804 13.1019 -1.11748 -13 321 1 0 1
-44.6746 3.89816 73.7737 -48.7154 1.1615 17.4573 2.32714 -13 322 1 0 1
-22.8028 -6.03339 73.7737 -58.6337 -4.50866 46.4247 0.622312 -13 323 1 0 1
-29.9018 -8.81981 73.7737 -63.6447 -9.54178 38.6348 -0.429669 -13 330 1 0 1
-7.13037 -23.5373 73.7737 -37.1365 -24.1422 46.4105 -2.03404 -13 337 1 0 1
-23.6168 1.25177 73.7737 -59.8978 -0.566303 46.8342 0.331837 -13 341 1 0 1
-26.0485 -3.13182 73.7737 -57.3033 -2.49394 37.8582 -0.453601 -13 345 1 0 1
-35.0543 0.311352 73.7737 -55.6375 1.69196 16.4097 0.746047 -13 356 1 0 1
-47.726 -9.58806 73.7737 -11.4356 -1.52416 8.40381 -0.0313853 -13 360 1 0 1
-34.7636 1.7747 73.7737 -67.9978 3.60945 34.1318 0.265284 -13 361 1 0 1
-46.3826 5.48863 73.7737 -28.8597 4.90528 10.5242 0.170801 -13 363 1 0 1
-47.639 -4.09525 73.7737 -24.9782 -0.428787 8.41555 1.12404 -13 374 1 0 1
-96.2841 17.4266 73.7737 -46.2761 6.02808 9.72616 -0.58503 -13 375 1 0 1
-20.0197 -6.77077 73.7737 -57.4604 -10.3168 51.3083 1.53821 -13 377 1 0 1
-27.8904 -12.3666 73.7737 -59.308 -15.2114 37.6765 0.0554549 -13 382 1 0 1
-26.8194 5.64272 73.7737 -51.3258 4.55671 25.5686 -0.905212 -13 384 1 0 1
-31.7722 2.53175 73.7737 -49.5013 1.98925 11.8417 0.276072 -13 391 1 0 1
-42.1764 17.9364 73.7737 -27.9291 -0.681897 12.2882 -1.20557 -13 395 1 0 1
-19.3318 6.4276 73.7737 -50.3312 5.4271 39.0562 0.243595 -13 396 1 0 1
-37.856 0.755327 73.7737 -58.7063 -1.0834 20.4883 1.31431 -13 398 1 0 1
-25.5017 -2.98416 73.7737 -58.6673 -3.11468 40.1886 0.161555 -13 401 1 0 1
-38.0254 -18.2889 73.7737 -53.0462 -12.9306 23.9567 1.68704 -13 404 1 0 1
-29.9336 16.6949 73.7737 -50.3107 17.2068 20.0715 2.2828 -13 408 1 0 1
-27.6638 0.751014 73.7737 -55.4311 0.755574 30.5006 0.745251 -13 409 1 0 1
-112.001 -5.46265 73.7737 -37.3616 -0.504363 0.200961 -1.43937 -13 410 1 0 1
-34.1503 11.434 73.7737 -57.419 12.8531 22.2385 0.965706 -13 419 1 0 1
-39.6683 -5.83151 73.7737 -43.328 1.72781 12.0269 0.411649 -13 425 1 0 1
-24.6332 -9.37651 73.7737 -53.131 -8.95945 32.5661 -0.113147 -13 427 1 0 1
-35.6707 -4.00091 73.7737 -67.505 -5.4226 32.1485 2.29947 -13 431 1 0 1
-30.1737 0.630919 73.7737 -59.1185 1.99904 31.7688 2.35559 -13 432 1 0 1
-17.5152 2.49367 73.7737 -47.2613 1.81624 34.5891 1.46969 -13 435 1 0 1
-31.9083 -2.48887 73.7737 -59.5843 -2.39172 28.4964 -1.89617 -13 437 1 0 1
-21.7102 -0.3166 73.7737 -54.9149 0.406807 42.1174 1.34507 -13 444 1 0 1
-40.1771 -2.27035 73.7737 -44.4547 -0.919397 14.509 0.511821 -13 445 1 0 1
-26.8258 2.90256 73.7737 -65.4769 2.05037 47.3229 0.426782 -13 451 1 0 1
-32.9276 -5.35497 73.7737 -59.706 -6.78503 28.4651 1.50034 -13 452 1 0 1
-38.9895 16.2072 73.7737 -40.5499 11.2739 19.54 -0.171696 -13 456 1 0 1
-24.367 12.8628 73.7737 -57.9463 14.2469 43.8509 2.03976 -13 459 1 0 1
-85.2284 24.1775 73.7737 -22.7389 3.52944 -4.7183 2.84869 -13 459 1 0 1
-39.6249 -3.59214 73.7737 -48.3611 -7.26312 16.9636 1.91014 -13 463 1 0 1
-28.3379 -8.29105 73.7737 -53.8317 -8.95093 27.7309 -0.192257 -13 474 1 0 1
-25.4625 0.0921634 73.7737 -57.0449 -1.07773 37.2017 0.546153 -13 487 1 0 1
-24.6434 -4.65551 73.7737 -47.744 -5.76199 20.7822 -0.644024 -13 500 1 0 1
-32.3432 8.94288 73.7737 -67.1219 10.4715 38.2282 0.116812 -13 501 1 0 1
-25.3152 5.38588 73.7737 -49.4617 5.47174 24.0395 -0.660188 -13 505 1 0 1
-48.8791 -2.45197 73.7737 -29.4427 -3.52616 15.1013 1.77781 -13 506 1 0 1
-39.7904 -17.0328 73.7737 -30.9058 -3.70736 18.953 1.47112 -13 508 1 0 1
-28.702 -8.19058 73.7737 -60.1752 -9.52207 35.7072 0.429057 -13 509 1 0 1
-34.3038 3.65272 73.7737 -63.8429 3.0592 30.4421 -0.70924 -13 517 1 0 1
-78.9129 -0.0876455 73.7737 -42.3856 -1.43776 9.04568 0.637054 -13 519 1 0 1
-32.2189 5.32962 73.7737 -68.9188 6.75733 40.5925 1.28564 -13 522 1 0 1
-19.7984 -9.36043 73.7737 -52.9439 -13.652 44.1803 1.16241 -13 529 1 0 1
-27.716 0.926572 73.7737 -58.8883 1.77083 36.1979 1.35291 -13 534 1 0 1
-34.6023 16.5158 73.7737 -54.9878 17.1184 20.1439 0.558233 -13 538 1 0 1
-20.5256 -5.47718 73.7737 -57.5171 -6.37019 49.6687 1.72577 -13 540 1 0 1
-24.05 -1.61373 73.7737 -54.7519 -0.924196 36.7636 0.39547 -13 542 1 0 1
-31.1734 -10.7241 73.7737 -57.6634 -13.763 28.665 -0.108191 -13 543 1 0 1
-31.2424 -4.13253 73.7737 -56.4408 -5.00199 25.4737 0.848309 -13 544 1 0 1
-33.035 2.22555 73.7737 -64.3982 2.79813 32.3229 1.63071 -13 555 1 0 1
-31.8569 -3.23356 73.7737 -55.5122 -3.95968 22.4755 2.86561 -13 557 1 0 1
-40.4229 0.100146 73.7737 -40.9875 -15.8724 16.7897 0.0894782 -13 564 1 0 1
-36.6914 10.8011 73.7737 -56.8459 10.6131 16.9412 0.525862 -13 581 1 0 1
-27.167 -3.60183 73.7737 -58.9999 -5.09111 37.4096 -0.0707054 -13 583 1 0 1
-30.0398 5.4794 73.7737 -58.0687 7.60117 30.422 -1.72708 -13 588 1 0 1
-46.5511 2.77615 73.7737 -22.5576 5.92321 15.8538 3.04153 -13 591 1 0 1
-41.1424 0.541395 73.7737 -11.7991 -3.81475 10.5652 -2.19047 -13 592 1 0 1
-39.814 7.68309 73.7737 -34.6062 3.39212 12.403 2.39952 -13 593 1 0 1
-50.4864 2.01256 73.7737 -29.9765 13.9638 30.1572 0.385927 -13 597 1 0 1
-31.6571 -10.6959 73.7737 -68.4461 -14.9525 41.6754 -1.3531 -13 598 1 0 1
-28.8487 -0.612603 73.7737 -57.6552 -0.686223 30.7471 3.03924 -13 606 1 0 1
-26.3878 11.8226 73.7737 -60.8201 17.0787 41.8997 -0.372846 -13 607 1 0 1
-30.2273 4.84635 73.7737 -65.241 7.38495 40.246 0.182345 -13 616 1 0 1
-37.6584 5.9182 73.7737 -63.8903 4.72654 23.51 2.91025 -13 626 1 0 1
-49.7226 6.23189 73.7737 -17.5887 7.29447 21.0408 1.13664 -13 627 1 0 1
-24.0363 -2.90503 73.7737 -57.7374 -4.39895 41.4913 0.502646 -13 637 1 0 1
-36.0382 -10.2241 73.7737 -59.9869 -11.4763 22.4746 -1.48325 -13 639 1 0 1
-124.898 -11.8591 73.7737 -42.407 -5.72035 6.3657 -0.372356 -13 647 1 0 1
-32.9549 7.39656 73.7737 -60.0321 9.0487 28.409 0.328927 -13 649 1 0 1
-34.3775 4.46491 73.7737 -61.5181 4.91883 26.5588 0.932887 -13 651 1 0 1
-41.0735 -8.80918 73.7737 -23.041 -3.10904 11.6189 1.09053 -13 653 1 0 1
-40.5565 3.26509 73.7737 -33.2474 -8.03433 12.8988 -1.03903 -13 660 1 0 1
-59.3207 -7.58866 73.7737 -30.6227 -3.60395 8.31042 2.24572 -13 661 1 0 1
-50.5766 -5.50995 73.7737 -34.2666 -6.37908 6.23303 0.809222 -13 665 1 0 1
-32.8618 -10.6222 73.7737 -62.8169 -12.4174 32.5731 0.426695 -13 670 1 0 1
-27.4441 9.77417 73.7737 -53.6727 10.6305 26.8201 1.28471 -13 674 1 0 1
-21.6148 -6.33408 73.7737 -52.9941 -7.91169 37.8705 1.39487 -13 677 1 0 1
-34.8624 7.39505 73.7737 -63.5141 11.8716 29.5919 1.95804 -13 678 1 0 1
-20.0573 5.76088 73.7737 -49.28 8.50829 33.5329 2.45725 -13 683 1 0 1
-10.7595 -7.8405 73.7737 -45.3059 -10.8964 50.7305 -1.31079 -13 685 1 0 1
-36.9439 15.6409 73.7737 -61.4101 18.3996 24.2187 0.855196 -13 686 1 0 1
-34.3762 -1.84862 73.7737 -59.8416 -3.32709 24.3983 0.411973 -13 688 1 0 1
-32.4965 -0.238372 73.7737 -63.4215 -0.173878 32.9579 1.81286 -13 700 1 0 1
-35.7983 10.3145 73.7737 -62.129 13.5635 26.527 1.78218 -13 701 1 0 1
-46.4692 5.50314 73.7737 -32.3576 -2.67591 24.8269 -1.75342 -13 703 1 0 1
-35.6767 3.08013 73.7737 -64.3931 6.15875 28.6285 3.75459 -13 707 1 0 1
-40.2296 -10.5054 73.7737 -61.6227 -5.51404 29.5397 0.431064 -13 713 1 0 1
-32.0454 -1.05842 73.7737 -62.5676 0.144223 33.0561 0.325376 -13 719 1 0 1
-28.0524 -14.2206 73.7737 -58.3451 -16.7685 35.927 0.334006 -13 721 1 0 1
-39.5351 13.4698 73.7737 -44.7903 15.5001 31.1053 2.45831 -13 724 1 0 1
-32.608 -8.73443 73.7737 -65.4388 -10.5022 35.5633 -1.4076 -13 729 1 0 1
-40.2229 -7.03131 73.7737 -43.5468 -7.40707 15.6195 -0.77726 -13 731 1 0 1
-39.6154 -4.2833 73.7737 -50.7361 -8.55598 19.6207 2.7083 -13 734 1 0 1
-22.8664 12.2697 73.7737 -56.2776 14.3124 42.4924 2.35089 -13 745 1 0 1
-36.4095 -5.77588 73.7737 -61.5815 -6.4789 23.8614 0.633536 -13 747 1 0 1
-33.9533 -4.8235 73.7737 -64.0278 -6.07337 30.9307 1.55249 -13 749 1 0 1
-38.0347 -1.90519 73.7737 -54.3384 -4.50212 21.3567 -0.559933 -13 753 1 0 1
-36.1398 -3.93094 73.7737 -67.1368 -5.50928 31.0478 -1.00711 -13 755 1 0 1
-40.6898 14.468 73.7737 -29.0307 14.19 9.81686 -0.550304 -13 756 1 0 1
-28.5356 6.52279 73.7737 -53.3445 8.50877 24.1746 1.73057 -13 763 1 0 1
-29.8869 5.26209 73.7737 -59.8018 6.71353 33.1502 -2.1721 -13 764 1 0 1
-26.4663 -0.666778 73.7737 -62.1995 -0.367234 43.026 0.897993 -13 773 1 0 1
-22.1082 -11.4709 73.7737 -49.0325 -13.1392 31.0788 0.363632 -13 775 1 0 1
-25.2883 -2.07901 73.7737 -55.5118 -2.19752 37.3206 -0.50126 -13 780 1 0 1
-65.4738 -10.6379 73.7737 -27.7283 -11.0213 11.1593 0.494545 -13 785 1 0 1
-22.1077 -8.64964 73.7737 -54.7598 -12.3832 42.1638 0.827208 -13 789 1 0 1
-39.983 -21.3476 73.7737 -41.3996 -11.0004 19.1743 -0.939188 -13 791 1 0 1
-24.0158 -7.35277 73.7737 -55.6205 -7.70046 39.9266 0.682619 -13 794 1 0 1
-39.2088 19.6332 73.7737 -53.1105 20.2223 30.9909 2.44051 -13 798 1 0 1
-23.0654 8.42373 73.7737 -54.3976 7.28798 40.2954 2.62466 -13 801 1 0 1
-45.6295 8.23584 73.7737 -18.1738 9.15546 3.88961 -1.1732 -13 803 1 0 1
-53.1527 -11.3413 73.7737 -26.74 -17.404 4.63187 -0.0912391 -13 810 1 0 1
-32.6593 -3.20657 73.7737 -66.1553 -3.99696 35.6949 1.89164 -13 816 1 0 1
-46.8424 9.15923 73.7737 -42.2542 25.7892 26.085 1.07542 -13 822 1 0 1
-33.7808 -6.86157 73.7737 -58.8005 -8.69978 24.3514 2.42236 -13 831 1 0 1
-40.8755 -15.1499 73.7737 -39.1626 -9.55229 37.1634 -0.520124 -13 835 1 0 1
-35.7952 14.3361 73.7737 -58.7536 16.5481 21.3029 0.335526 -13 836 1 0 1
-31.4808 -17.1637 73.7737 -56.7515 -17.2749 27.2797 1.46403 -13 837 1 0 1
-31.8646 10.5861 73.7737 -61.314 10.9375 32.0177 -0.918195 -13 838 1 0 1
-10.9057 -13.479 73.7737 -39.9585 -14.1734 40.4711 2.83677 -13 840 1 0 1
-48.8545 1.10425 73.7737 -13.823 8.67243 9.41837 -0.384199 -13 842 1 0 1
-25.6308 -14.4165 73.7737 -55.3485 -16.4385 35.9764 -0.480583 -13 850 1 0 1
-29.1592 -5.16893 73.7737 -63.4681 -6.10143 38.941 0.892441 -13 852 1 0 1
-34.6735 6.29894 73.7737 -57.6449 7.03316 21.0292 1.53764 -13 853 1 0 1
-48.3387 -8.70054 73.7737 -36.6212 -8.20094 10.9759 -1.33398 -13 861 1 0 1
-36.8403 11.8095 73.7737 -65.509 13.4702 28.5266 -0.228043 -13 867 1 0 1
-46.0455 3.72596 73.7737 -40.4907 -3.07778 13.0729 -1.1729 -13 868 1 0 1
-28.0059 4.07302 73.7737 -59.7151 3.67709 37.2408 -0.681194 -13 873 1 0 1
-32.5953 8.69286 73.7737 -64.3842 10.1513 34.3915 0.401828 -13 876 1 0 1
-40.0325 15.1497 73.7737 -52.2293 8.19372 22.7802 -3.26741 -13 878 1 0 1
-32.5514 -16.8415 73.7737 -57.4335 -19.5766 27.2212 1.24607 -13 880 1 0 1
-21.6706 22.5265 73.7737 -53.0473 27.0174 43.1999 -0.178827 -13 882 1 0 1
-30.3511 20.5525 73.7737 -53.6327 23.3885 24.8839 0.0886159 -13 883 1 0 1
-29.443 -3.24056 73.7737 -65.5273 -7.21227 41.3209 2.70757 -13 886 1 0 1
-34.912 -19.2553 73.7737 -58.5991 -22.4112 24.7771 -0.727006 -13 890 1 0 1
-23.6398 -9.10938 73.7737 -58.9182 -10.8981 45.827 0.312008 -13 894 1 0 1
-28.6797 3.02888 73.7737 -54.6589 4.25341 27.2944 0.104481 -13 899 1 0 1
-27.8328 -4.04762 73.7737 -49.7063 -5.02574 19.3566 0.995072 -13 902 1 0 1
-40.9618 -15.0118 73.7737 -28.7247 -15.7993 33.3052 1.54804 -13 903 1 0 1
-55.5531 0.609417 73.7737 -35.5095 2.21787 27.1599 0.600039 -13 905 1 0 1
-39.6459 12.213 73.7737 -62.9376 17.006 25.3555 1.66172 -13 913 1 0 1
-72.725 6.28133 73.7737 -45.9772 7.45092 15.6468 4.87394 -13 916 1 0 1
-44.9326 -1.14343 73.7737 -30.8024 18.8212 28.5553 0.832254 -13 920 1 0 1
-47.2409 -15.635 73.7737 -42.5215 -12.0183 20.5853 2.83303 -13 922 1 0 1
-127.771 20.1715 73.7737 -39.4897 7.60701 2.05966 2.54283 -13 926 1 0 1
-30.9053 2.61659 73.7737 -55.9683 1.58054 24.4521 2.37954 -13 931 1 0 1
-37.3283 14.7579 73.7737 -61.3874 18.3552 23.3065 1.41364 -13 933 1 0 1
-27.2266 -4.34083 73.7737 -52.9955 -2.8172 27.8436 0.404489 -13 936 1 0 1
-40.8192 -9.25983 73.7737 -44.1099 -0.979192 15.2797 0.168871 -13 938 1 0 1
-19.9392 -3.65371 73.7737 -54.5409 -4.55478 45.6127 0.863597 -13 942 1 0 1
-29.4414 -2.40945 73.7737 -56.7227 -1.37216 29.1678 -0.812693 -13 947 1 0 1
-14.9204 -12.071 73.7737 -42.7539 -10.5613 30.5939 1.00543 -13 951 1 0 1
-33.3366 2.08116 73.7737 -55.8088 1.64106 19.0286 0.674876 -13 953 1 0 1
-45.369 -1.01382 73.7737 -25.3229 -6.75369 32.273 -0.400245 -13 958 1 0 1
-24.4877 -18.1942 73.7737 -49.6486 -19.7381 28.9949 0.789351 -13 959 1 0 1
-16.7633 -0.605513 73.7737 -50.4473 -4.43246 45.5324 2.31477 -13 963 1 0 1
-37.4201 -8.97548 73.7737 -56.3393 -8.51 16.2344 1.35459 -13 985 1 0 1
-29.0263 -6.03533 73.7737 -59.0392 -6.42771 34.6148 1.46509 -13 989 1 0 1
-35.1285 0.0378029 73.7737 -58.7609 0.472196 21.7386 -1.352 -13 995 1 0 1
