#BLTrackFile NTuple/Z40
#x y z Px Py Pz t PDGid EventID TrackID ParentID Weight
#mm mm mm MeV/c MeV/c MeV/c ns - - - - -
-7.71535 -1.77073 40.4558 -25.9624 -1.15225 67.7273 -0.943209 -13 1 1 0 1
2.77896 3.60243 40.4558 -7.19899 -1.68995 80.7178 0.156349 -13 2 1 0 1
-2.60678 -1.81033 40.4558 -14.2539 -4.55109 68.5615 1.10981 -13 3 1 0 1
-5.26938 -3.1608 40.4558 -24.5012 -3.19886 73.8308 0.558101 -13 4 1 0 1
-8.66082 2.11256 40.4558 -19.8484 0.906837 56.14 0.719826 -13 5 1 0 1
-4.12744 -1.83361 40.4558 -19.0111 -1.62853 72.0619 -0.567441 -13 6 1 0 1
-3.34853 -3.36366 40.4558 -9.99402 -5.36114 59.1004 -0.667859 -13 7 1 0 1
-12.2441 -1.65208 40.4558 -18.9275 1.74277 38.7755 0.204023 -13 8 1 0 1
-0.908014 5.04077 40.4558 -7.26453 11.3208 61.984 1.32393 -13 9 1 0 1
-2.347 -4.92643 40.4558 -9.82169 -7.51076 64.9737 0.905369 -13 10 1 0 1
1.08554 5.08393 40.4558 -6.30634 10.6041 70.9008 -0.311696 -13 11 1 0 1
-6.25589 -2.33855 40.4558 -15.5535 -6.42487 56.9707 1.91091 -13 12 1 0 1
0.225709 5.44323 40.4558 -2.08469 5.65693 37.3276 -0.586555 -13 13 1 0 1
0.335689 -5.17461 40.4558 -5.87943 -6.35078 67.038 -1.31629 -13 14 1 0 1
-1.01939 -4.60427 40.4558 -7.68423 -9.0844 65.7437 1.69456 -13 15 1 0 1
6.86288 -9.13155 40.4558 6.6583 -18.291 57.1496 2.36484 -13 16 1 0 1
-6.23962 4.38455 40.4558 -17.3266 11.0024 59.892 -0.432641 -13 17 1 0 1
-8.12317 -5.16966 40.4558 -15.1751 -10.9438 47.2497 1.64799 -13 18 1 0 1
-11.4058 1.76416 40.4558 -28.7616 5.45387 57.7511 0.353249 -13 19 1 0 1
-4.50514 -7.01561 40.4558 -14.0807 -12.91 60.7761 3.17735 -13 20 1 0 1
-7.47292 -0.529068 40.4558 -15.8146 3.72536 52.7481 -0.953639 -13 22 1 0 1
-13.5727 5.33083 40.4558 -25.0167 8.50199 45.3754 0.951393 -13 24 1 0 1
0.438228 -2.58685 40.4558 -6.74952 -1.47042 70.05 0.509165 -13 25 1 0 1
-2.87209 1.89878 40.4558 -12.0101 4.83826 66.5153 0.091175 -13 26 1 0 1
-2.2545 -3.90332 40.4558 -10.2687 -1.74803 64.9722 1.68134 -13 27 1 0 1
-1.39395 -6.09129 40.4558 -11.8296 -13.7249 71.1709 0.477617 -13 28 1 0 1
-3.89751 2.29633 40.4558 -14.3201 8.4997 63.9813 1.24097 -13 30 1 0 1
-3.48075 -0.103366 40.4558 -16.3133 2.10364 69.2898 -0.0517593 -13 31 1 0 1
-6.6204 -3.20091 40.4558 -16.4528 -6.9293 57.8748 -0.254305 -13 32 1 0 1
-8.61104 1.04518 40.4558 -23.1334 5.12526 61.1776 -0.381741 -13 34 1 0 1
-8.42946 -6.89233 40.4558 -26.4114 -12.8505 66.4201 2.4169 -13 35 1 0 1
-3.1833 1.23548 40.4558 -11.8496 7.84619 64.1267 -0.880834 -13 36 1 0 1
-1.33013 -2.22485 40.4558 -15.0112 -8.63642 77.2473 -1.23988 -13 37 1 0 1
-4.07677 -1.15174 40.4558 -11.5541 -4.05286 57.8805 1.68436 -13 38 1 0 1
-6.56099 1.03287 40.4558 -14.2764 1.49507 48.6136 1.00936 -13 40 1 0 1
-0.0230821 7.3577 40.4558 -4.83016 12.426 60.0792 0.073935 -13 41 1 0 1
-2.20055 0.0305778 40.4558 -11.7721 -4.23206 66.7593 1.47325 -13 42 1 0 1
-5.56342 -1.22873 40.4558 -28.3425 -3.62441 74.7461 0.527222 -13 43 1 0 1
-1.47527 1.85607 40.4558 -5.30012 1.60891 55.5808 0.876858 -13 44 1 0 1
-2.12272 -3.60319 40.4558 -11.7065 -7.48992 66.1318 0.619067 -13 46 1 0 1
-3.76022 5.90133 40.4558 -11.2158 6.18971 57.3068 1.15861 -13 47 1 0 1
-4.88772 2.67435 40.4558 -16.845 11.2213 63.352 0.919616 -13 48 1 0 1
-2.36167 -4.82466 40.4558 -12.3629 -18.72 66.5537 -0.33101 -13 49 1 0 1
-3.98686 2.02072 40.4558 -6.3817 4.27447 38.9716 -0.386018 -13 50 1 0 1
-2.78103 2.16166 40.4558 -15.7914 0.637123 70.5451 -0.0842882 -13 51 1 0 1
-6.52117 5.06803 40.4558 -13.8014 10.1393 51.7867 0.319929 -13 52 1 0 1
-3.31655 4.73165 40.4558 -8.26536 6.5428 54.4291 -2.12127 -13 53 1 0 1
-5.6461 6.54538 40.4558 -8.84967 6.83468 37.9685 0.292132 -13 54 1 0 1
-3.38132 -1.92832 40.4558 -15.7149 -6.52905 68.3661 1.11554 -13 55 1 0 1
3.6056 4.11376 40.4558 2.06672 8.3891 61.5579 -0.760606 -13 56 1 0 1
-3.82057 -2.65669 40.4558 -11.985 -2.91845 61.8273 -0.19222 -13 58 1 0 1
-2.31363 -4.75215 40.4558 -11.3812 -10.508 65.7061 2.17023 -13 59 1 0 1
-2.32207 6.97552 40.4558 -7.67549 15.9134 54.4512 0.48409 -13 60 1 0 1
-5.45231 1.41128 40.4558 -15.4411 5.10723 60.1329 -0.628971 -13 61 1 0 1
-2.41506 -1.06001 40.4558 -12.2607 2.06726 68.1459 -0.344235 -13 62 1 0 1
-5.51803 -3.27457 40.4558 -8.67742 -3.49227 29.774 0.471698 -13 63 1 0 1
-2.07439 -0.614876 40.4558 -8.73427 0.152943 60.2207 0.349136 -13 64 1 0 1
-0.959388 1.45031 40.4558 -7.351 0.939722 64.7517 -1.23861 -13 65 1 0 1
-2.2625 0.641978 40.4558 -12.4647 0.236503 69.3269 0.654385 -13 66 1 0 1
-2.31043 -2.65617 40.4558 -8.06452 -2.05544 59.8289 -0.465048 -13 67 1 0 1
-3.55096 8.29994 40.4558 -7.94437 10.5419 49.3843 -0.723047 -13 68 1 0 1
-5.23399 -2.60414 40.4558 -14.5812 -6.00725 60.3182 0.207901 -13 69 1 0 1
-2.44925 -0.283471 40.4558 -18.7428 -9.59352 77.6427 0.425704 -13 70 1 0 1
-4.01802 2.29736 40.4558 -10.1375 0.376413 59.0228 -1.24549 -13 71 1 0 1
0.512089 7.01407 40.4558 -4.78932 10.212 64.0171 1.32417 -13 72 1 0 1
-3.28483 -0.720428 40.4558 -17.0599 -6.56861 71.5734 -0.708209 -13 73 1 0 1
-3.35491 5.51244 40.4558 -9.54075 10.9422 55.3936 0.485865 -13 74 1 0 1
-1.19945 3.43872 40.4558 -12.7059 5.87861 73.2873 -2.65778 -13 75 1 0 1
3.84364 1.1145 40.4558 -6.37812 2.06101 79.5718 -1.51986 -13 76 1 0 1
-6.31852 3.57733 40.4558 -15.3728 2.05844 53.3803 2.61617 -13 77 1 0 1
-6.79473 1.38222 40.4558 -16.3 0.435751 55.0786 -0.530978 -13 78 1 0 1
-2.36872 -0.385221 40.4558 -9.82985 -1.76441 61.6319 1.65564 -13 79 1 0 1
-2.60185 -4.91111 40.4558 -14.5529 -7.8213 69.6589 0.263251 -13 80 1 0 1
0.265582 1.39904 40.4558 -7.55623 10.9771 69.4404 0.292419 -13 81 1 0 1
-3.54043 -2.23292 40.4558 -10.5156 -2.63156 60.8602 1.4424 -13 82 1 0 1
-8.33137 7.52419 40.4558 -23.3274 19.2823 61.7647 0.258341 -13 83 1 0 1
-13.5856 3.62886 40.4558 -30.5815 6.32265 52.6632 0.397128 -13 84 1 0 1
-1.22568 0.898208 40.4558 -11.7408 0.228574 74.1022 1.36115 -13 85 1 0 1
-0.296307 -0.130578 40.4558 -6.94464 -7.81927 66.4567 0.0456572 -13 86 1 0 1
-5.9924 -4.76419 40.4558 -10.6337 -9.00371 46.2386 1.11126 -13 87 1 0 1
-4.46268 -2.69456 40.4558 -15.7564 -5.25267 65.3967 -0.170125 -13 88 1 0 1
-3.65814 -3.8149 40.4558 -12.5954 -4.31857 60.7269 -0.3353 -13 89 1 0 1
-2.79066 3.46684 40.4558 -10.8906 6.5249 63.8332 0.055479 -13 90 1 0 1
-8.45051 -0.550134 40.4558 -21.0403 -2.02043 59.5738 1.1231 -13 91 1 0 1
-0.769721 -0.0276308 40.4558 -3.21467 0.0499009 54.4728 0.236782 -13 92 1 0 1
-1.22013 1.69125 40.4558 -5.46461 0.797223 58.5716 1.08046 -13 93 1 0 1
-4.47293 10.3671 40.4558 -10.694 16.9613 49.8056 -1.07429 -13 94 1 0 1
-1.35025 1.63794 40.4558 -10.028 5.42243 68.9216 0.302548 -13 95 1 0 1
-3.8114 2.91535 40.4558 -11.9315 9.16377 58.352 -1.55775 -13 96 1 0 1
-3.23518 -2.87234 40.4558 -7.30541 0.0599741 55.5014 -0.780515 -13 97 1 0 1
-2.67998 -2.09388 40.4558 -11.4192 -0.286574 65.8352 0.682007 -13 98 1 0 1
-5.33869 4.4761 40.4558 -15.492 8.94083 60.3352 0.756758 -13 99 1 0 1
0.332934 -3.52026 40.4558 -5.57722 -2.72696 66.7321 -0.623777 -13 100 1 0 1
2.13627 1.20815 40.4558 -2.07789 0.0437556 67.7083 -0.423398 -13 101 1 0 1
-2.03355 1.53563 40.4558 -11.0944 2.49196 65.3501 0.16566 -13 102 1 0 1
2.55951 -2.78936 40.4558 0.269435 1.15984 61.5679 -2.19302 -13 103 1 0 1
-2.24111 -1.44491 40.4558 -10.8693 -5.95359 65.352 -0.0526677 -13 104 1 0 1
-5.32966 0.651542 40.4558 -13.224 8.52346 57.3382 -1.19849 -13 105 1 0 1
-11.1072 -0.704654 40.4558 -23.1928 -1.28011 50.4615 0.559046 -13 106 1 0 1
-2.88248 -2.41042 40.4558 -14.1552 -5.94029 68.1971 -0.800508 -13 107 1 0 1
-1.51615 2.74985 40.4558 -7.7643 10.8905 61.2987 -0.552789 -13 108 1 0 1
-2.61097 0.239917 40.4558 -11.2705 1.56699 66.1299 1.24706 -13 109 1 0 1
-4.44551 1.38334 40.4558 -19.659 4.29847 69.1919 -0.00858462 -13 110 1 0 1
-3.44717 -3.04576 40.4558 -19.091 -2.53719 74.335 -0.0511529 -13 111 1 0 1
-0.405881 0.748073 40.4558 -5.50686 -1.50476 55.2706 -1.58673 -13 112 1 0 1
-5.01064 5.80251 40.4558 -11.9801 9.80544 52.037 1.05032 -13 113 1 0 1
-0.393611 -2.61712 40.4558 -5.1915 -6.44351 62.2584 0.191827 -13 114 1 0 1
0.152359 2.39533 40.4558 -1.1696 3.06438 48.5836 0.110727 -13 115 1 0 1
-5.93351 -1.22725 40.4558 -22.1555 -3.13759 68.406 0.763208 -13 116 1 0 1
-4.33178 -1.15051 40.4558 -11.356 -0.39545 53.2306 -0.0853175 -13 117 1 0 1
-2.28169 -0.642386 40.4558 -4.32194 -6.58945 43.9763 -0.13099 -13 118 1 0 1
0.622302 -0.110121 40.4558 -5.99162 2.09101 70.216 0.745836 -13 119 1 0 1
-7.50249 -0.632047 40.4558 -14.7026 0.417843 46.418 0.0984312 -13 120 1 0 1
-0.628416 -6.26757 40.4558 -5.65236 -7.01312 59.7102 1.78053 -13 121 1 0 1
-4.01482 -3.66277 40.4558 -19.9367 -6.32809 73.8191 0.862772 -13 122 1 0 1
-2.82762 -4.9526 40.4558 -13.4522 -9.5729 68.7797 0.993451 -13 123 1 0 1
3.20985 0.672344 40.4558 2.94 2.65302 57.7379 0.547972 -13 124 1 0 1
-8.48321 -8.61677 40.4558 -19.5421 -16.7225 54.1199 -1.26249 -13 125 1 0 1
-2.31224 1.88351 40.4558 -18.1443 -2.09369 76.3796 1.1786 -13 126 1 0 1
-3.0042 5.69114 40.4558 -9.92257 8.12091 57.7259 -0.845568 -13 127 1 0 1
-3.08583 -1.72053 40.4558 -11.112 -8.25958 62.5494 0.570526 -13 128 1 0 1
3.38066 4.20668 40.4558 2.68016 8.90308 58.2044 -0.225359 -13 129 1 0 1
-0.818963 -1.55861 40.4558 -3.54338 1.53771 49.3054 0.855702 -13 130 1 0 1
-0.777913 0.986141 40.4558 -9.38264 2.2128 67.8455 -0.232691 -13 131 1 0 1
-7.42335 0.246805 40.4558 -25.4893 -1.01017 68.6563 1.52474 -13 132 1 0 1
1.41158 -2.31384 40.4558 -1.72437 -6.1551 63.3749 -1.09872 -13 133 1 0 1
2.56783 1.35229 40.4558 -4.12719 2.54887 74.2473 0.619909 -13 134 1 0 1
-0.35885 2.61057 40.4558 -8.89708 0.943473 68.896 1.07157 -13 135 1 0 1
1.25318 4.21775 40.4558 -0.882464 4.27238 55.1988 0.280002 -13 136 1 0 1
-6.44018 1.49636 40.4558 -17.2874 1.89854 59.5889 1.73716 -13 137 1 0 1
-5.26696 5.58913 40.4558 -12.3999 10.8617 52.3304 0.540594 -13 140 1 0 1
-4.97546 1.11464 40.4558 -10.5984 5.10659 49.399 0.124435 -13 141 1 0 1
1.8605 1.72665 40.4558 -1.32058 8.11914 64.1494 2.13434 -13 142 1 0 1
-6.18506 -2.00294 40.4558 -21.0416 -5.61344 66.8346 -0.645685 -13 143 1 0 1
1.86438 0.753333 40.4558 -3.6557 -1.20283 71.4392 3.11214 -13 144 1 0 1
-3.80996 -10.478 40.4558 -10.015 -16.8197 51.7804 1.92329 -13 145 1 0 1
0.278937 -4.27162 40.4558 -5.03477 -5.54772 65.1616 0.424866 -13 146 1 0 1
-3.43985 -1.65744 40.4558 -12.2135 -3.70515 63.2754 -1.00524 -13 147 1 0 1
-5.52776 -5.04363 40.4558 -19.0616 -6.18491 66.4323 0.447194 -13 148 1 0 1
-0.0577991 4.61268 40.4558 -4.37832 7.07242 55.1658 -0.297034 -13 149 1 0 1
-3.80613 4.1981 40.4558 -13.4054 10.3735 63.0736 0.0189337 -13 150 1 0 1
-3.28229 -2.90674 40.4558 -9.8082 -6.50845 55.198 1.38296 -13 151 1 0 1
-2.52839 -0.989569 40.4558 -9.9626 -2.81977 62.183 2.30047 -13 152 1 0 1
-5.60591 -0.720045 40.4558 -18.0486 -6.55961 64.5211 -0.316569 -13 153 1 0 1
-4.15383 -4.61336 40.4558 -21.9861 -11.7608 74.1233 -1.93135 -13 154 1 0 1
-6.51951 1.12626 40.4558 -19.367 0.686763 62.9073 -1.28858 -13 155 1 0 1
-0.48319 -4.65672 40.4558 -3.20774 -4.69228 44.8885 -0.373628 -13 156 1 0 1
-6.99666 0.744984 40.4558 -17.5002 4.14506 56.6863 0.0628903 -13 157 1 0 1
-0.938882 3.08323 40.4558 -16.3656 3.02901 77.7544 1.45956 -13 158 1 0 1
-7.12717 4.12063 40.4558 -14.9457 4.85692 52.677 -0.496242 -13 159 1 0 1
3.97657 -0.573004 40.4558 2.46222 -0.862149 63.6879 0.122388 -13 160 1 0 1
1.44209 1.67696 40.4558 -4.54521 -1.26452 69.9107 1.69407 -13 161 1 0 1
-9.49891 2.53441 40.4558 -14.2377 2.88263 37.2567 -0.395203 -13 162 1 0 1
-4.91163 2.98684 40.4558 -17.9967 11.6564 66.9718 -1.57913 -13 163 1 0 1
3.46677 7.36947 40.4558 1.51546 10.7944 64.7749 0.178731 -13 164 1 0 1
-14.5611 0.131612 40.4558 -15.3196 -1.27171 24.1904 2.35524 -13 165 1 0 1
-11.6515 -1.13017 40.4558 -31.8025 -2.92589 62.5353 -0.100253 -13 166 1 0 1
2.35191 4.21052 40.4558 -0.0413594 8.75598 62.5326 0.715602 -13 167 1 0 1
-2.26414 2.78354 40.4558 -19.9509 9.44678 76.338 1.21763 -13 168 1 0 1
0.996511 -2.2099 40.4558 -2.34726 -6.55795 57.4578 -0.162536 -13 169 1 0 1
-4.49082 -0.328317 40.4558 -15.9927 -2.46033 64.9839 -0.549883 -13 170 1 0 1
5.32804 -7.99618 40.4558 4.26496 -6.71734 40.6259 0.860996 -13 171 1 0 1
-5.16786 3.01955 40.4558 -12.3004 2.6271 54.3428 -0.270014 -13 172 1 0 1
-3.61316 -1.58157 40.4558 -9.44033 -3.40909 56.7985 0.258129 -13 173 1 0 1
-3.09244 1.02747 40.4558 -12.1372 -3.83416 65.5566 0.356371 -13 174 1 0 1
-8.25854 -2.98859 40.4558 -13.8784 -7.4308 43.925 -0.0459465 -13 176 1 0 1
2.52862 -3.95091 40.4558 1.06178 -6.66653 51.0168 -0.268707 -13 177 1 0 1
-5.03193 -3.47874 40.4558 -10.9565 -3.84399 49.8788 -0.46978 -13 178 1 0 1
-0.468077 -4.73845 40.4558 -8.30939 -14.5854 67.1751 -0.644651 -13 179 1 0 1
-2.01036 -3.28052 40.4558 -6.14601 -4.47411 51.0458 1.65114 -13 180 1 0 1
-8.42092 -0.809968 40.4558 -12.5419 -0.941563 35.4853 -1.32726 -13 181 1 0 1
-9.33376 1.82928 40.4558 -12.2155 3.3095 33.022 -0.742961 -13 182 1 0 1
-1.31714 4.66054 40.4558 -3.26986 10.5231 40.1283 0.13771 -13 183 1 0 1
-9.87026 0.688284 40.4558 -21.2983 -2.30984 51.4301 0.128546 -13 184 1 0 1
-7.19878 -0.468337 40.4558 -17.1208 -3.37049 56.351 -0.673186 -13 185 1 0 1
-3.37949 2.69852 40.4558 -6.53619 4.87028 38.6943 -0.524431 -13 186 1 0 1
-0.582047 -0.830578 40.4558 -8.69361 4.71087 70.3358 1.24156 -13 188 1 0 1
-4.70089 -2.10299 40.4558 -24.2449 -6.19459 75.845 0.289404 -13 189 1 0 1
-8.89144 2.87298 40.4558 -19.628 6.01657 54.5444 2.01801 -13 191 1 0 1
-1.33706 -0.294434 40.4558 -17.2346 5.75511 78.3404 0.952697 -13 192 1 0 1
-3.1622 4.72167 40.4558 -13.7485 13.709 66.7159 -0.144861 -13 194 1 0 1
-3.44591 -1.49939 40.4558 -9.94003 -2.41438 58.0082 2.36471 -13 195 1 0 1
2.75384 1.04525 40.4558 -9.49329 -4.44555 80.0363 2.67768 -13 196 1 0 1
-4.8504 4.68651 40.4558 -14.2724 8.77377 61.2658 -0.81942 -13 197 1 0 1
1.15807 -0.530878 40.4558 -1.09304 -0.643814 49.1168 -0.499458 -13 198 1 0 1
-10.7441 10.1771 40.4558 -21.3204 13.0085 50.4225 -1.48622 -13 199 1 0 1
-0.866495 -1.71333 40.4558 -3.52309 -0.707644 50.5643 0.765264 -13 200 1 0 1
-7.67077 -2.28312 40.4558 -23.645 -7.54618 64.9358 0.426024 -13 201 1 0 1
-3.44207 11.3388 40.4558 -10.6277 18.2206 55.9288 -0.745515 -13 202 1 0 1
-2.91722 2.36935 40.4558 -10.1463 2.02663 60.3878 0.370047 -13 203 1 0 1
-4.49396 1.6471 40.4558 -10.0939 -1.57812 48.2478 1.52675 -13 205 1 0 1
-9.44095 1.46446 40.4558 -36.1143 1.72205 69.2371 0.315581 -13 206 1 0 1
-8.31942 -5.51529 40.4558 -17.9618 -10.0455 53.2309 -0.9578 -13 207 1 0 1
-9.47101 0.860946 40.4558 -26.5008 2.46135 63.3222 -0.177475 -13 208 1 0 1
3.01781 0.523243 40.4558 2.87835 2.65939 46.5688 -0.284346 -13 210 1 0 1
1.44438 6.21141 40.4558 -0.545565 5.45022 40.9232 0.697954 -13 211 1 0 1
-3.75806 7.60483 40.4558 -17.8223 17.2838 69.6571 2.19702 -13 212 1 0 1
-8.95504 5.66489 40.4558 -20.0843 8.71431 54.7969 -1.21611 -13 213 1 0 1
-2.95244 3.46289 40.4558 -16.152 5.07702 73.2982 1.13777 -13 214 1 0 1
-3.82178 -1.40007 40.4558 -17.2795 -9.80082 69.1335 1.85155 -13 215 1 0 1
-0.76732 0.0421593 40.4558 -9.36995 0.53832 68.902 1.2521 -13 216 1 0 1
4.97071 2.7745 40.4558 4.23167 7.59064 44.0893 -0.850021 -13 217 1 0 1
-5.04964 -0.411104 40.4558 -16.8635 -1.24654 64.4345 0.288859 -13 218 1 0 1
-2.69408 -1.98275 40.4558 -16.7116 -4.63948 75.3333 0.169839 -13 219 1 0 1
-0.645718 1.2185 40.4558 -9.59321 -0.721924 71.1221 2.51338 -13 220 1 0 1
1.79849 -2.36598 40.4558 2.1203 -7.26751 54.5936 1.1 -13 221 1 0 1
-3.51808 3.93327 40.4558 -15.9149 10.0755 69.862 -0.650473 -13 222 1 0 1
-7.07974 1.23008 40.4558 -18.6339 5.85341 58.1152 1.16076 -13 223 1 0 1
-6.91865 -0.427095 40.4558 -17.6552 0.635204 58.7782 -0.308689 -13 224 1 0 1
-4.34291 3.97566 40.4558 -10.4868 8.20946 52.131 -0.132795 -13 226 1 0 1
-3.42936 3.44326 40.4558 -11.4958 5.3957 61.4918 0.18322 -13 227 1 0 1
-1.40567 0.0519133 40.4558 -15.9164 -0.583441 76.1695 -1.75589 -13 228 1 0 1
-5.2205 1.54032 40.4558 -20.8256 -1.12394 68.5185 0.40911 -13 229 1 0 1
-1.7985 -6.06992 40.4558 -4.51731 -8.55424 43.5314 -0.191336 -13 230 1 0 1
4.39941 6.22082 40.4558 2.71187 17.757 64.9984 1.39152 -13 231 1 0 1
2.75824 10.3135 40.4558 1.34407 19.6342 57.5944 1.02669 -13 232 1 0 1
-9.10672 0.735097 40.4558 -23.9958 0.0970618 59.9771 -1.29785 -13 233 1 0 1
13.706 21.5059 40.4558 17.2176 36.1166 54.9927 -0.399689 -13 234 1 0 1
-3.22112 0.94727 40.4558 -16.6244 -2.66513 71.0862 0.445679 -13 235 1 0 1
-8.67295 -1.42316 40.4558 -22.4779 -6.92876 59.7594 1.44823 -13 236 1 0 1
2.29828 -6.67796 40.4558 0.839892 -9.27881 53.9982 0.945395 -13 237 1 0 1
-2.85967 0.537129 40.4558 -10.4191 0.210983 60.515 0.260283 -13 238 1 0 1
-6.73568 -1.33412 40.4558 -22.594 2.16791 66.3002 1.44783 -13 239 1 0 1
-4.01051 8.86971 40.4558 -7.92206 12.9053 42.1144 -0.173517 -13 240 1 0 1
-4.35887 0.640832 40.4558 -6.66588 0.699002 29.7336 0.975543 -13 241 1 0 1
-6.08898 1.34483 40.4558 -14.6942 -1.32024 55.7562 2.01213 -13 242 1 0 1
1.44921 -6.40423 40.4558 -3.20937 -10.5477 67.6826 0.0634062 -13 243 1 0 1
1.09213 0.327648 40.4558 -7.72004 0.632463 75.3975 0.844799 -13 244 1 0 1
0.863219 0.381025 40.4558 -6.12577 7.71134 70.293 -0.517113 -13 245 1 0 1
-1.86158 1.45897 40.4558 -11.6565 8.89573 68.924 -0.0173351 -13 246 1 0 1
-3.35855 -5.12396 40.4558 -11.0337 -6.72523 59.0055 -0.134509 -13 247 1 0 1
-4.36927 -2.86945 40.4558 -15.6483 -5.53155 65.3922 0.861845 -13 248 1 0 1
4.70006 5.22307 40.4558 3.6328 4.33239 61.4168 -0.74951 -13 249 1 0 1
-1.63463 -5.22109 40.4558 -10.5588 -11.8692 65.8407 -1.30614 -13 250 1 0 1
0.210974 10.9908 40.4558 -4.29217 14.4337 60.6381 -0.822924 -13 251 1 0 1
0.752655 1.94584 40.4558 -2.51205 1.67059 63.1748 0.467858 -13 252 1 0 1
-3.0071 5.27654 40.4558 -15.3234 15.6951 67.9495 -1.15798 -13 253 1 0 1
-3.20091 2.22696 40.4558 -8.34804 4.93089 51.9767 -0.285872 -13 254 1 0 1
-2.58626 -0.47983 40.4558 -17.1311 3.34526 75.1195 0.140456 -13 255 1 0 1
-6.65645 1.42718 40.4558 -13.9116 2.54567 49.414 -0.721579 -13 256 1 0 1
-4.52448 -5.78746 40.4558 -8.42487 -10.3625 42.4582 -0.0342339 -13 257 1 0 1
-1.85245 0.4771 40.4558 -8.79278 -1.22979 62.108 0.32653 -13 258 1 0 1
-1.68439 1.23604 40.4558 -5.25857 -0.817817 56.0983 -0.970768 -13 259 1 0 1
-3.68329 -0.620022 40.4558 -16.1671 -5.65114 69.892 -0.101222 -13 260 1 0 1
-5.80382 2.38601 40.4558 -15.4362 3.95199 57.2955 -0.919064 -13 261 1 0 1
-3.31455 -5.68439 40.4558 -10.1711 -10.2808 60.1423 2.31533 -13 262 1 0 1
0.45706 -3.33034 40.4558 -3.87389 -6.42061 62.2434 -1.27422 -13 263 1 0 1
-4.60134 -2.0287 40.4558 -10.3919 -3.56469 48.7766 0.00850118 -13 264 1 0 1
2.63517 3.67189 40.4558 0.405443 9.76677 63.0767 0.907344 -13 265 1 0 1
0.429172 2.81953 40.4558 -6.05658 2.57679 69.9151 0.789189 -13 266 1 0 1
-3.88238 3.47519 40.4558 -12.992 1.32229 61.7231 -0.0880252 -13 267 1 0 1
-6.11355 0.0573403 40.4558 -10.2682 2.19227 38.2961 -0.836957 -13 268 1 0 1
-4.07704 3.83389 40.4558 -21.2831 2.60119 74.9204 0.67776 -13 269 1 0 1
-5.20169 3.00792e-05 40.4558 -15.0864 -4.74104 61.2219 1.47402 -13 270 1 0 1
3.0342 -1.14855 40.4558 -3.69839 -7.83676 77.0242 -0.631045 -13 271 1 0 1
-4.30227 -4.25012 40.4558 -13.04 -9.8382 59.1843 1.80666 -13 272 1 0 1
-11.1094 3.17014 40.4558 -20.4827 3.86207 47.5342 3.05522 -13 273 1 0 1
-0.846073 0.645682 40.4558 -7.54706 5.42991 65.3606 -1.82403 -13 274 1 0 1
1.09 -0.502428 40.4558 -2.36436 -4.10158 58.7168 -0.0810902 -13 275 1 0 1
-2.94403 -4.70515 40.4558 -7.86939 -10.0367 54.0772 1.40505 -13 277 1 0 1
-9.43489 0.783699 40.4558 -21.5872 1.43638 56.4084 1.7843 -13 278 1 0 1
-7.82272 -0.0377939 40.4558 -23.1918 -7.6283 63.7713 -2.25688 -13 279 1 0 1
-0.909493 2.41765 40.4558 -6.29634 2.48142 60.4482 0.45463 -13 280 1 0 1
-2.44631 -2.61831 40.4558 -12.1975 -2.45769 64.8209 -1.08488 -13 281 1 0 1
-5.89052 2.38362 40.4558 -11.2264 5.48729 44.5651 -0.587758 -13 282 1 0 1
-0.72878 -6.75252 40.4558 -3.66709 -10.7143 47.8888 -1.36687 -13 283 1 0 1
-0.729473 5.31923 40.4558 -4.23298 4.14395 55.6631 -0.135159 -13 284 1 0 1
-10.1541 2.54869 40.4558 -23.89 7.24806 55.8375 -0.26868 -13 285 1 0 1
-6.773 -6.46564 40.4558 -20.9279 -3.35656 65.3584 -1.24571 -13 286 1 0 1
-5.05252 1.55941 40.4558 -11.4027 -1.11099 49.7589 -1.37843 -13 287 1 0 1
-1.53877 13.5632 40.4558 -15.135 36.2269 68.7002 -0.067997 -13 288 1 0 1
-3.00489 5.00603 40.4558 -18.0482 12.6547 74.7294 0.658352 -13 289 1 0 1
5.41217 -0.622326 40.4558 4.93822 -2.33002 44.702 0.405352 -13 290 1 0 1
-1.49781 -2.37 40.4558 -14.3092 -8.47423 73.6312 0.644482 -13 291 1 0 1
-2.2707 1.90847 40.4558 -13.7149 6.58696 70.5218 -0.0695742 -13 292 1 0 1
-12.7692 2.82435 40.4558 -20.9081 8.62226 40.7856 2.3195 -13 293 1 0 1
5.98113 0.469714 40.4558 4.79777 9.13314 70.1475 1.79345 -13 294 1 0 1
-3.60022 -1.28081 40.4558 -12.9431 -3.78458 63.8008 0.286186 -13 295 1 0 1
-9.11852 1.62032 40.4558 -19.8623 2.38469 54.2833 -0.0535131 -13 296 1 0 1
0.647649 -1.27083 40.4558 -1.76132 -4.55078 53.5302 2.75971 -13 297 1 0 1
-1.61756 0.830983 40.4558 -9.72325 -2.28589 65.9722 -1.66317 -13 298 1 0 1
-4.44208 4.48095 40.4558 -12.8853 5.46739 60.7329 -0.563907 -13 301 1 0 1
-6.93368 1.59367 40.4558 -18.5535 7.41273 59.5414 0.444767 -13 302 1 0 1
-3.33919 -1.07085 40.4558 -10.9782 2.79266 60.4513 0.212537 -13 303 1 0 1
-3.67375 3.31117 40.4558 -13.5631 10.7754 62.6734 0.73528 -13 304 1 0 1
-12.6945 4.89444 40.4558 -17.5559 6.76127 35.0543 1.48196 -13 305 1 0 1
-1.75148 0.747795 40.4558 -9.43692 -1.59425 65.1648 -0.84563 -13 306 1 0 1
-3.16099 -4.82768 40.4558 -14.2604 -17.6484 65.4299 -1.10105 -13 307 1 0 1
-3.0052 -6.53709 40.4558 -15.5965 -14.8223 69.9603 0.276145 -13 308 1 0 1
-6.01442 1.30441 40.4558 -18.1155 2.74923 62.4515 -0.659019 -13 309 1 0 1
1.37736 -3.75084 40.4558 -5.80625 -8.08879 70.7875 -0.207757 -13 310 1 0 1
-2.15406 -4.29674 40.4558 -4.98361 0.671197 32.8473 -1.35384 -13 311 1 0 1
-7.28965 -0.0407729 40.4558 -23.6835 1.88257 66.155 0.0306627 -13 312 1 0 1
-7.0928 5.05436 40.4558 -23.7118 10.0777 67.1629 1.12578 -13 313 1 0 1
-1.44382 -3.86429 40.4558 -11.0396 -7.5655 66.7918 -0.406246 -13 314 1 0 1
-0.609689 -0.42996 40.4558 -5.40457 3.9338 60.9894 -1.2702 -13 315 1 0 1
-4.9454 -10.292 40.4558 -10.5329 -16.7141 46.9536 -1.01555 -13 316 1 0 1
-4.77435 -4.10213 40.4558 -14.6407 -9.68819 60.9393 0.944963 -13 317 1 0 1
-0.767225 0.4252 40.4558 -8.64053 3.86885 68.7739 -1.23772 -13 318 1 0 1
-2.69797 3.93498 40.4558 -14.0638 14.1125 67.0162 2.19499 -13 319 1 0 1
1.91071 0.179415 40.4558 -3.59053 0.575756 71.9002 0.763778 -13 320 1 0 1
0.182249 -0.113044 40.4558 -3.37508 -1.46424 56.1131 -1.47251 -13 321 1 0 1
-2.0992 0.801304 40.4558 -21.448 4.11265 77.1874 2.0253 -13 322 1 0 1
2.18855 -3.92191 40.4558 -4.92671 -1.78971 75.3614 0.387795 -13 323 1 0 1
-1.91235 3.40332 40.4558 -9.33749 7.53981 64.5071 -0.505246 -13 324 1 0 1
-2.50327 -2.70987 40.4558 -13.9822 -7.7105 70.2784 0.152928 -13 325 1 0 1
-14.0366 8.34292 40.4558 -29.8434 13.0802 50.2546 0.151815 -13 326 1 0 1
-11.3731 -8.04431 40.4558 -19.6927 -13.4713 42.3715 0.403172 -13 327 1 0 1
-6.77199 4.34072 40.4558 -16.3981 -0.127915 56.401 -1.34502 -13 328 1 0 1
-2.35993 3.92527 40.4558 -11.3346 11.1696 66.4872 1.25627 -13 329 1 0 1
1.91976 -2.76746 40.4558 -5.98952 -2.57922 75.8387 -0.685487 -13 330 1 0 1
-6.94984 5.75637 40.4558 -23.4404 5.21888 67.2466 -1.40807 -13 331 1 0 1
-1.76142 2.06134 40.4558 -5.19379 5.1134 47.206 4.23123 -13 333 1 0 1
-7.38168 -3.20054 40.4558 -19.6686 -5.56026 61.6215 0.490897 -13 334 1 0 1
-0.234427 -3.76426 40.4558 -5.6915 -8.85526 65.2692 0.489149 -13 335 1 0 1
-3.16007 -4.50365 40.4558 -15.0274 -8.78126 66.349 -0.509274 -13 336 1 0 1
10.6515 -9.11606 40.4558 15.6671 -16.861 60.6781 -2.27586 -13 337 1 0 1
-3.99809 -3.14096 40.4558 -10.754 -10.8082 51.6368 1.04131 -13 338 1 0 1
-4.68799 -4.76931 40.4558 -10.2466 -6.31999 47.4272 0.524628 -13 339 1 0 1
-3.99136 1.31487 40.4558 -15.2742 4.9165 66.9333 0.352803 -13 340 1 0 1
0.658219 2.3401 40.4558 -8.69792 0.375598 76.2839 0.098383 -13 341 1 0 1
-2.68346 1.80221 40.4558 -15.3601 7.04191 71.2179 0.760877 -13 342 1 0 1
-3.14372 -0.934057 40.4558 -10.5128 -7.15794 60.2623 -0.219732 -13 343 1 0 1
-0.393141 -1.81952 40.4558 -3.17655 1.65818 48.9779 -0.169089 -13 344 1 0 1
-1.95129 -2.44649 40.4558 -10.4441 -2.7031 67.5614 -0.707909 -13 345 1 0 1
-10.3239 0.41101 40.4558 -25.6565 0.524817 58.9399 0.730906 -13 346 1 0 1
-4.84014 0.30385 40.4558 -16.3065 0.928183 65.1053 -0.696123 -13 347 1 0 1
-4.91047 0.952875 40.4558 -9.68376 7.75404 48.6095 -0.350984 -13 348 1 0 1
2.54521 1.86496 40.4558 0.884359 1.20562 56.48 0.983272 -13 349 1 0 1
-1.66692 -3.09984 40.4558 -8.88346 -5.37969 64.004 0.912085 -13 350 1 0 1
-3.90654 3.67424 40.4558 -15.9303 5.79438 67.5914 -1.41037 -13 352 1 0 1
-4.78449 4.36715 40.4558 -14.7108 7.35073 62.7259 -0.093605 -13 353 1 0 1
-4.68687 5.68912 40.4558 -10.9061 6.23665 50.1718 0.544252 -13 354 1 0 1
-3.42886 3.29263 40.4558 -17.6298 8.88269 71.1932 -0.340542 -13 355 1 0 1
-0.462108 3.00206 40.4558 -4.84574 9.77156 58.5432 0.411321 -13 356 1 0 1
-5.09406 -0.683293 40.4558 -8.9541 0.850886 38.3104 0.177934 -13 357 1 0 1
2.21444 2.09921 40.4558 0.646423 7.25172 50.86 0.73625 -13 358 1 0 1
-2.24142 -0.675633 40.4558 -8.42047 3.99452 60.8413 0.586566 -13 359 1 0 1
-4.79891 -2.58722 40.4558 -20.2283 -5.54583 71.5853 -0.478628 -13 360 1 0 1
0.331398 -0.32048 40.4558 -10.6616 2.89982 76.1722 -0.00144392 -13 361 1 0 1
-5.42173 1.09884 40.4558 -16.3033 -1.59066 62.7965 -2.65082 -13 362 1 0 1
-2.66384 0.889905 40.4558 -15.9584 5.41095 72.4245 -0.178567 -13 363 1 0 1
-1.65547 -2.28989 40.4558 -9.79736 -2.76485 63.2307 0.374294 -13 364 1 0 1
-6.53815 1.50646 40.4558 -12.7041 4.75337 46.6573 -1.75962 -13 365 1 0 1
0.73178 -0.75299 40.4558 -0.481494 -1.77535 45.0484 2.37503 -13 366 1 0 1
-0.997714 0.520728 40.4558 -2.71226 -2.64496 40.2562 1.45226 -13 367 1 0 1
-4.93405 3.00438 40.4558 -14.8112 8.51312 61.7687 0.684499 -13 368 1 0 1
-2.82233 -1.60654 40.4558 -9.21614 0.504374 58.8822 -0.960756 -13 369 1 0 1
-8.62341 0.225728 40.4558 -27.5022 -0.631649 66.4462 0.995435 -13 370 1 0 1
-4.39426 -3.23954 40.4558 -14.0102 -4.92687 63.8107 2.52257 -13 371 1 0 1
-4.03083 -2.26125 40.4558 -8.91653 -9.23747 51.7179 0.954225 -13 372 1 0 1
-7.06098 -2.94195 40.4558 -19.2568 -7.72073 60.45 0.833842 -13 373 1 0 1
-4.48274 -0.78047 40.4558 -20.8849 0.46707 73.1765 0.759622 -13 374 1 0 1
-7.20583 1.728 40.4558 -28.9364 7.25634 72.8531 -1.26625 -13 375 1 0 1
-6.25247 -4.07147 40.4558 -20.4574 -8.87585 65.5615 0.606813 -13 376 1 0 1
3.50786 -2.54699 40.4558 -2.84792 -9.93355 77.6293 1.31459 -13 377 1 0 1
-8.23992 -0.404466 40.4558 -10.9183 -4.00971 30.5647 2.41961 -13 378 1 0 1
-2.2439 -9.18698 40.4558 -11.4942 -23.0843 63.1434 0.782796 -13 379 1 0 1
-11.7278 -9.72964 40.4558 -14.9772 -12.8864 31.0054 -0.514687 -13 380 1 0 1
-0.422482 -2.13179 40.4558 -4.56504 1.05483 59.6104 1.2946 -13 381 1 0 1
1.22884 -4.29068 40.4558 -5.50945 -10.3768 71.7091 -0.203466 -13 382 1 0 1
-14.5117 1.62489 40.4558 -24.093 1.41854 40.7425 1.50339 -13 383 1 0 1
1.97325 2.85599 40.4558 0.861757 1.9714 58.5871 -1.20762 -13 384 1 0 1
-3.43213 -0.379432 40.4558 -12.8739 -5.2656 65.4139 1.91333 -13 385 1 0 1
0.0316035 0.342004 40.4558 -6.48872 -0.86675 68.7519 2.06684 -13 386 1 0 1
-4.91829 0.496024 40.4558 -19.0332 -1.05796 68.497 0.262071 -13 387 1 0 1
-5.1576 -1.52802 40.4558 -10.9095 -1.59386 48.9004 -0.604735 -13 388 1 0 1
-11.123 0.118345 40.4558 -23.9919 2.54925 51.9127 1.20126 -13 389 1 0 1
-5.41611 -0.218307 40.4558 -15.0719 -2.08637 61.5497 0.890924 -13 390 1 0 1
2.97423 1.35942 40.4558 2.6715 1.10331 52.1583 -0.0918577 -13 391 1 0 1
-8.62032 0.9779 40.4558 -16.9365 -3.28024 49.0217 0.369696 -13 392 1 0 1
-2.93359 5.41308 40.4558 -10.2024 7.77377 59.0788 -0.661442 -13 394 1 0 1
-4.09681 3.31687 40.4558 -18.5916 12.5457 71.4885 -1.51817 -13 395 1 0 1
3.25252 1.97903 40.4558 1.23813 -0.17618 63.011 -0.00872591 -13 396 1 0 1
0.189414 -7.92778 40.4558 -3.44004 -13.373 58.3027 1.41372 -13 397 1 0 1
0.63817 1.63621 40.4558 -4.43082 1.91984 65.9012 1.00421 -13 398 1 0 1
-2.99237 -6.63342 40.4558 -15.0501 -11.8912 68.2847 2.18652 -13 399 1 0 1
-1.81755 -2.10534 40.4558 -8.5919 3.64689 63.0117 0.116968 -13 400 1 0 1
0.692116 -0.894569 40.4558 -6.83536 -0.732906 71.2012 -0.0880069 -13 401 1 0 1
-0.298467 3.28741 40.4558 -2.9247 5.14562 58.0496 -0.150238 -13 402 1 0 1
-2.78205 -9.69241 40.4558 -12.4625 -26.1178 65.0066 0.375862 -13 403 1 0 1
0.310142 -5.11671 40.4558 -4.71808 -15.1326 64.1267 1.35912 -13 404 1 0 1
-4.9476 -1.14464 40.4558 -14.1188 -6.96818 57.4966 -0.428773 -13 406 1 0 1
-4.79661 -2.28747 40.4558 -15.1644 -1.92046 63.084 1.4299 -13 407 1 0 1
2.46954 3.64677 40.4558 1.29841 7.56663 57.1622 1.95372 -13 408 1 0 1
0.994455 -0.681307 40.4558 -2.79198 -1.4743 63.884 0.46486 -13 409 1 0 1
-3.259 -2.07944 40.4558 -17.6462 -4.91201 73.6741 -2.43481 -13 410 1 0 1
-6.72444 4.08044 40.4558 -9.28049 0.682254 36.388 0.746924 -13 411 1 0 1
-5.35394 -6.68464 40.4558 -16.8697 -14.0687 61.0266 1.41458 -13 412 1 0 1
-3.5147 3.53825 40.4558 -19.9108 6.04241 75.33 0.22686 -13 413 1 0 1
-10.1893 -1.44884 40.4558 -21.3098 -0.817626 53.0847 1.151 -13 414 1 0 1
-2.23895 4.3701 40.4558 -8.03823 9.48176 54.823 0.498017 -13 415 1 0 1
-7.74876 -14.3114 40.4558 -11.2225 -13.4092 30.518 0.112654 -13 417 1 0 1
-2.63989 2.74977 40.4558 -12.9143 2.77228 67.9158 1.61435 -13 418 1 0 1
2.53194 -0.284355 40.4558 0.152341 -0.0413301 64.0779 0.653336 -13 419 1 0 1
-1.84272 -2.51707 40.4558 -12.8892 -9.86791 71.5336 -0.299462 -13 421 1 0 1
-5.24198 6.48869 40.4558 -17.1075 14.3231 62.2567 0.540555 -13 422 1 0 1
-13.6636 -10.6012 40.4558 -19.7231 -9.64983 35.097 -0.0162638 -13 423 1 0 1
-0.1544 11.1208 40.4558 -1.67016 11.9443 44.7116 0.800934 -13 424 1 0 1
-1.42521 0.208321 40.4558 -7.22317 2.32809 63.4136 0.0813433 -13 425 1 0 1
-2.57651 -0.245426 40.4558 -16.0884 3.96334 71.4773 -1.28253 -13 426 1 0 1
1.6094 -4.76178 40.4558 -2.43177 -6.00419 63.2665 -0.38832 -13 427 1 0 1
-5.33156 3.43365 40.4558 -16.7046 11.509 62.108 0.529308 -13 428 1 0 1
1.09122 -5.8783 40.4558 -1.00115 -13.0445 56.2729 0.0381345 -13 429 1 0 1
-7.82822 5.79193 40.4558 -25.0718 13.7868 65.0757 -1.56058 -13 430 1 0 1
-0.839162 -2.01748 40.4558 -12.5834 -5.90037 74.2104 2.02808 -13 431 1 0 1
-0.709765 1.14977 40.4558 -7.81106 5.76268 66.8829 2.08217 -13 432 1 0 1
-3.31425 -2.14564 40.4558 -15.0439 -10.4198 67.1174 1.51611 -13 433 1 0 1
-1.86382 1.56499 40.4558 -7.35335 8.15772 58.1381 0.257529 -13 434 1 0 1
5.49493 1.9717 40.4558 5.18306 1.91135 59.2141 1.19883 -13 435 1 0 1
-0.71402 -0.826271 40.4558 -8.02457 -0.566031 66.526 -2.18177 -13 437 1 0 1
-6.12476 -0.154902 40.4558 -12.5691 0.338427 52.0208 2.09633 -13 438 1 0 1
0.237854 -3.14754 40.4558 -4.78667 -3.66238 62.8105 -0.99546 -13 439 1 0 1
-2.25343 3.25294 40.4558 -8.99588 7.64831 60.4444 0.348432 -13 440 1 0 1
-6.4507 -2.0579 40.4558 -22.0478 -5.04393 66.5863 1.49619 -13 441 1 0 1
-3.7885 -2.12069 40.4558 -12.8923 0.970112 63.4403 -0.00834567 -13 442 1 0 1
-3.25766 0.149748 40.4558 -8.5892 5.76137 54.5751 1.17577 -13 443 1 0 1
3.71937 -0.309214 40.4558 0.6276 1.26166 70.0905 1.09971 -13 444 1 0 1
1.07533 1.20708 40.4558 -4.81002 -3.23246 68.4273 0.190611 -13 445 1 0 1
-5.09793 -4.41636 40.4558 -17.4612 -4.79156 66.0819 -1.42914 -13 446 1 0 1
0.69417 0.930319 40.4558 -2.04533 2.63743 56.5543 -0.311888 -13 447 1 0 1
-2.90882 0.760275 40.4558 -13.4459 4.74668 68.7121 -1.88055 -13 448 1 0 1
-3.55031 1.98846 40.4558 -8.60186 1.50886 50.5757 -0.0535981 -13 449 1 0 1
1.47202 2.47355 40.4558 -9.70362 1.75051 80.616 0.1942 -13 451 1 0 1
-1.37961 -1.50687 40.4558 -8.07733 -4.81575 66.6673 1.21461 -13 452 1 0 1
-1.46338 -3.72302 40.4558 -5.33236 -6.24456 58.4566 -0.207706 -13 453 1 0 1
-5.71177 -2.24469 40.4558 -10.9457 -4.29455 49.4459 1.48644 -13 454 1 0 1
-0.629147 -1.75691 40.4558 -3.81096 -6.66436 54.2399 0.322184 -13 455 1 0 1
0.46177 3.76403 40.4558 -4.71544 9.47693 63.9244 -0.512943 -13 456 1 0 1
0.578113 2.51085 40.4558 -1.2976 8.40209 56.1114 0.927944 -13 457 1 0 1
-0.850022 -10.396 40.4558 -5.48027 -16.7317 52.0915 -0.9642 -13 458 1 0 1
1.8296 5.31881 40.4558 -4.35123 8.21754 74.0055 1.79746 -13 459 1 0 1
-5.15706 -1.38577 40.4558 -16.7595 -0.0727929 62.6012 -0.0319836 -13 460 1 0 1
-7.06395 3.48113 40.4558 -19.2933 9.94618 60.8346 0.480825 -13 461 1 0 1
-1.8247 2.54881 40.4558 -8.43051 6.182 62.8347 -0.16256 -13 462 1 0 1
-0.0299866 -2.08837 40.4558 -6.9129 -3.92156 68.1622 1.59769 -13 463 1 0 1
-1.1372 9.54418 40.4558 -7.09369 19.4044 58.4285 -0.0162845 -13 464 1 0 1
-6.60701 9.25954 40.4558 -9.81607 10.428 32.4882 -0.632144 -13 465 1 0 1
-1.54636 3.90334 40.4558 -6.63978 8.57511 55.0857 0.469549 -13 466 1 0 1
-3.02661 4.04786 40.4558 -4.67072 6.69964 33.2244 0.0613163 -13 467 1 0 1
-2.8542 0.170109 40.4558 -7.65688 -4.95571 54.8256 -0.698403 -13 468 1 0 1
-5.93715 9.11072 40.4558 -11.6521 14.0584 45.9394 0.613637 -13 469 1 0 1
-1.14212 -4.34932 40.4558 -8.02865 -6.20242 63.4354 -0.330704 -13 470 1 0 1
-7.47065 7.75094 40.4558 -13.8324 10.651 43.8547 1.36306 -13 471 1 0 1
-2.85064 -7.02738 40.4558 -6.10144 -9.37388 40.3706 1.36626 -13 472 1 0 1
-5.20161 -0.927374 40.4558 -11.5527 -2.18297 52.582 -0.467768 -13 473 1 0 1
0.411771 -3.76024 40.4558 -3.00456 -7.61619 61.2313 -0.483153 -13 474 1 0 1
-0.764008 2.5548 40.4558 -9.26171 8.4547 69.7761 1.70635 -13 475 1 0 1
-9.07167 5.3613 40.4558 -21.2782 11.58 55.5718 0.14781 -13 476 1 0 1
-2.25245 7.43326 40.4558 -9.40493 12.3243 64.8604 -1.14626 -13 477 1 0 1
-4.49778 -2.9246 40.4558 -13.9524 -4.34074 59.1774 -1.63974 -13 478 1 0 1
-2.49412 0.305801 40.4558 -6.67714 -1.62894 46.3314 -0.456721 -13 479 1 0 1
-1.18846 2.10756 40.4558 -5.45609 5.89415 53.8587 0.463303 -13 480 1 0 1
4.41063 2.10654 40.4558 3.87141 2.36492 29.3181 0.840637 -13 481 1 0 1
-5.81762 -2.40097 40.4558 -10.171 -6.8642 41.9798 0.574533 -13 482 1 0 1
-7.33044 5.15267 40.4558 -22.1709 9.23363 64.0241 0.941938 -13 483 1 0 1
-7.13841 1.56965 40.4558 -21.7516 1.16623 64.4952 -1.11527 -13 484 1 0 1
-10.2627 -4.85997 40.4558 -21.379 -10.8747 51.3098 2.0229 -13 485 1 0 1
-3.61538 -4.76958 40.4558 -10.6232 -12.6822 55.5896 2.90843 -13 486 1 0 1
1.45652 2.11338 40.4558 -4.33618 1.56978 68.8471 0.287068 -13 487 1 0 1
-10.8194 0.282547 40.4558 -24.0689 0.771346 54.9393 -0.724198 -13 488 1 0 1
-5.68468 -1.26632 40.4558 -9.26305 3.74469 36.8186 1.54873 -13 489 1 0 1
-2.70454 -4.05394 40.4558 -10.1621 -12.1779 61.5381 -1.65545 -13 490 1 0 1
-1.92694 3.8074 40.4558 -11.3584 3.3837 68.6021 1.01715 -13 491 1 0 1
-2.31571 1.15154 40.4558 -9.12508 6.68958 59.8523 1.34194 -13 492 1 0 1
-5.25311 -1.9652 40.4558 -12.5201 -4.75225 56.8852 1.18894 -13 493 1 0 1
-4.95327 -0.144479 40.4558 -6.82531 -2.32597 28.9663 0.354941 -13 494 1 0 1
-2.01412 6.7998 40.4558 -4.04296 4.20006 41.9176 -2.51246 -13 495 1 0 1
-4.59927 -5.24914 40.4558 -8.5025 -6.62453 40.3105 0.475686 -13 496 1 0 1
-3.92183 -0.241403 40.4558 -13.9123 0.274716 62.3093 0.433641 -13 497 1 0 1
-7.76615 2.86897 40.4558 -23.1108 6.82666 63.463 -0.258192 -13 498 1 0 1
-4.36978 8.65532 40.4558 -9.84415 11.0621 47.7251 -0.647246 -13 499 1 0 1
4.69861 0.670479 40.4558 4.91077 -2.26334 51.7326 -0.96581 -13 500 1 0 1
0.444039 4.23165 40.4558 -11.1919 7.59288 77.3154 -0.13873 -13 501 1 0 1
-7.20528 4.94448 40.4558 -21.0208 6.68962 62.3894 -1.00341 -13 502 1 0 1
-7.68297 -12.5916 40.4558 -21.8741 -20.1985 60.932 -1.44939 -13 503 1 0 1
-5.20398 -0.588892 40.4558 -16.9602 0.636166 62.8735 0.456287 -13 504 1 0 1
3.7698 1.06978 40.4558 3.93683 1.97573 56.7998 -0.972006 -13 505 1 0 1
-4.08353 -0.0527961 40.4558 -22.4136 -2.58029 75.6373 1.42442 -13 506 1 0 1
-0.344872 6.01936 40.4558 -3.82056 10.1563 48.0318 0.625137 -13 507 1 0 1
0.141098 -5.75295 40.4558 -3.94656 -9.2144 62.4013 1.12662 -13 508 1 0 1
1.99986 -3.60029 40.4558 -4.24707 -7.37941 72.1357 0.163916 -13 509 1 0 1
-8.99446 1.44003 40.4558 -20.7365 1.33131 55.9186 1.31524 -13 510 1 0 1
-9.51465 -0.660391 40.4558 -27.9414 1.39582 64.9799 2.21085 -13 511 1 0 1
-7.95938 -0.610727 40.4558 -18.152 -0.598229 52.9902 -0.242579 -13 512 1 0 1
-2.89985 -0.0599886 40.4558 -7.65016 2.34851 50.0317 1.27921 -13 513 1 0 1
-3.75102 -1.53421 40.4558 -10.1135 -2.5875 53.6227 -3.3266 -13 514 1 0 1
-7.77515 -0.527126 40.4558 -22.3488 -0.189514 61.7317 -1.2975 -13 515 1 0 1
-4.29012 -1.53433 40.4558 -11.1395 2.03594 54.7858 -1.79448 -13 516 1 0 1
-1.83307 1.03611 40.4558 -12.1748 -1.46024 70.4835 -0.986304 -13 517 1 0 1
-1.76046 -2.08093 40.4558 -8.30571 -2.66568 64.1458 0.952734 -13 518 1 0 1
-5.73526 1.46282 40.4558 -25.9426 1.60839 73.7462 0.0603151 -13 519 1 0 1
-2.78249 -1.12827 40.4558 -8.47426 -5.98119 58.9569 2.66283 -13 520 1 0 1
-4.6333 -5.86835 40.4558 -16.8184 -10.9511 66.7488 -1.33871 -13 521 1 0 1
-0.243743 2.35464 40.4558 -13.9645 5.17423 79.3477 1.03679 -13 522 1 0 1
-5.01171 3.34386 40.4558 -17.6392 4.32927 67.0379 0.998719 -13 523 1 0 1
-3.07202 -4.98297 40.4558 -10.0449 -2.32407 60.2999 0.859501 -13 524 1 0 1
-4.36466 5.07072 40.4558 -6.94743 4.98864 36.3164 0.84175 -13 525 1 0 1
-6.35648 -2.29427 40.4558 -22.7796 -0.103433 67.7869 0.173751 -13 526 1 0 1
-6.3218 6.80679 40.4558 -15.2046 12.9289 54.2202 1.17023 -13 527 1 0 1
-5.00497 2.49135 40.4558 -11.4073 3.70303 53.4948 2.82046 -13 528 1 0 1
4.02901 -2.82862 40.4558 1.22289 -12.3634 70.6272 0.920293 -13 529 1 0 1
-3.66456 0.626589 40.4558 -13.5442 1.04947 65.2984 -0.479641 -13 530 1 0 1
-1.06866 0.759246 40.4558 -4.938 2.91777 58.9501 1.12058 -13 531 1 0 1
-11.5895 2.16883 40.4558 -21.6713 6.40739 47.3393 1.80214 -13 532 1 0 1
0.53644 -0.610144 40.4558 -5.97372 0.283199 69.5843 1.0917 -13 534 1 0 1
-2.25475 5.01264 40.4558 -12.2762 18.0235 65.5569 -2.70073 -13 535 1 0 1
-0.869012 -2.15901 40.4558 -4.93856 -0.264106 54.2351 -0.778818 -13 536 1 0 1
0.956622 5.47873 40.4558 -1.44074 9.32226 63.0508 0.231659 -13 538 1 0 1
3.54783 -2.344 40.4558 -2.48913 -4.18269 76.7366 1.49852 -13 540 1 0 1
-3.76886 2.23757 40.4558 -16.408 8.06345 68.2237 1.0726 -13 541 1 0 1
-0.00844854 -0.247534 40.4558 -6.40694 1.86056 67.2258 0.132947 -13 542 1 0 1
1.44346 -1.57419 40.4558 -2.24578 -7.67903 66.4902 -0.396735 -13 543 1 0 1
-0.456795 -0.990903 40.4558 -5.54191 -3.22323 62.4958 0.550418 -13 544 1 0 1
-5.75739 -9.9795 40.4558 -19.9625 -24.1352 64.4732 1.27504 -13 545 1 0 1
-6.27828 -7.478 40.4558 -11.8051 -9.09569 40.3713 0.645168 -13 546 1 0 1
-11.7732 7.62648 40.4558 -21.1988 13.2307 42.466 -0.539702 -13 547 1 0 1
-1.57821 0.792811 40.4558 -7.79664 6.20375 60.4447 2.39027 -13 548 1 0 1
-0.999344 -2.2331 40.4558 -5.21804 -0.311399 57.0735 2.69376 -13 549 1 0 1
-10.0112 6.145 40.4558 -26.9612 14.8807 60.6625 -2.36181 -13 550 1 0 1
-3.24354 -7.36581 40.4558 -5.86854 -4.2123 31.3706 1.42785 -13 551 1 0 1
-8.73863 -0.945441 40.4558 -19.4613 -3.75834 54.1474 0.364475 -13 553 1 0 1
-8.00934 -0.549665 40.4558 -21.7472 -3.17234 60.2788 -0.880048 -13 554 1 0 1
1.80021 2.69998 40.4558 -5.87505 6.5819 73.3292 1.35756 -13 555 1 0 1
-5.25111 4.00713 40.4558 -13.3291 6.45016 54.1636 0.625413 -13 556 1 0 1
0.149851 -0.255918 40.4558 -4.05255 -1.80498 60.9822 2.55449 -13 557 1 0 1
-5.38957 -0.330788 40.4558 -14.9331 -3.26861 59.1047 -2.47898 -13 558 1 0 1
-8.96054 3.35827 40.4558 -26.1015 3.85404 63.2277 1.22802 -13 562 1 0 1
0.101529 -0.915356 40.4558 -7.84746 -5.62188 69.5971 -0.221632 -13 564 1 0 1
-9.57998 4.1768 40.4558 -19.6109 9.80644 50.0714 1.40645 -13 565 1 0 1
-7.82244 -1.07995 40.4558 -26.3814 -3.71922 67.4941 0.862736 -13 566 1 0 1
-1.72196 -4.45683 40.4558 -6.39473 -6.04238 55.7911 0.319209 -13 567 1 0 1
-3.9123 3.37915 40.4558 -15.8491 9.64932 68.4646 0.295123 -13 568 1 0 1
-2.98333 -2.48734 40.4558 -10.7007 -5.86266 59.9909 1.91689 -13 569 1 0 1
-3.81005 -4.49602 40.4558 -8.09723 -4.68459 49.1224 -2.26977 -13 570 1 0 1
-1.48759 -1.56694 40.4558 -13.093 -7.45541 73.8239 -0.0333668 -13 572 1 0 1
-5.72953 -0.157728 40.4558 -18.1734 -5.64812 65.2064 2.0617 -13 573 1 0 1
-7.40795 9.07119 40.4558 -17.5014 19.3657 52.9396 -0.827973 -13 574 1 0 1
-2.43129 -1.73165 40.4558 -12.5557 -3.94202 67.8536 0.297726 -13 575 1 0 1
-2.6384 3.13446 40.4558 -12.1496 0.519161 67.1137 -0.779206 -13 576 1 0 1
-1.52282 -4.92538 40.4558 -9.27975 -4.15388 64.4596 -1.85705 -13 577 1 0 1
-5.30988 5.43082 40.4558 -20.1428 13.225 68.4016 2.05883 -13 578 1 0 1
0.565898 -6.39273 40.4558 -2.78008 -13.1262 61.1141 -0.127962 -13 579 1 0 1
-10.4134 2.39623 40.4558 -26.6434 8.37045 58.9022 1.60533 -13 580 1 0 1
1.47507 3.58392 40.4558 -1.44014 4.42196 61.9241 0.191222 -13 581 1 0 1
1.54134 -0.430661 40.4558 -0.236869 2.34995 48.423 0.127486 -13 582 1 0 1
1.12548 -0.369855 40.4558 -5.09301 -2.85228 70.5467 -0.328918 -13 583 1 0 1
0.112054 -0.211462 40.4558 -5.73653 -4.34091 63.3993 -0.640056 -13 584 1 0 1
-1.79569 -1.75063 40.4558 -10.3771 -7.12042 64.3287 -1.93549 -13 585 1 0 1
-3.2791 -3.29129 40.4558 -15.5035 -9.78685 68.6757 2.29837 -13 586 1 0 1
-5.81583 4.54546 40.4558 -22.4118 14.8043 69.0542 0.481021 -13 587 1 0 1
0.83548 -0.846609 40.4558 -4.08301 1.40513 66.269 -2.00695 -13 588 1 0 1
-3.09287 1.54148 40.4558 -14.0982 1.4867 67.9739 -1.12843 -13 589 1 0 1
-6.33339 -4.51743 40.4558 -23.039 -14.7066 69.1592 -0.74497 -13 590 1 0 1
-4.85232 -1.18839 40.4558 -22.8484 0.595745 74.1334 2.69888 -13 591 1 0 1
-2.88652 0.724578 40.4558 -13.1054 -0.157659 69.6714 -2.49717 -13 592 1 0 1
-1.51675 4.77707 40.4558 -7.28521 4.02278 63.0312 2.06365 -13 593 1 0 1
-7.92302 1.18754 40.4558 -21.4247 -0.316898 58.7818 0.37092 -13 594 1 0 1
-1.52762 -3.35609 40.4558 -8.38145 -3.62376 62.5604 0.708111 -13 595 1 0 1
-7.00541 -0.712546 40.4558 -30.2439 -2.4821 73.8518 0.0464807 -13 597 1 0 1
-0.107314 -3.71704 40.4558 -14.1186 -11.2854 79.4896 -1.59975 -13 598 1 0 1
-8.23069 -2.7844 40.4558 -13.2892 -4.315 41.3385 -1.40139 -13 599 1 0 1
-5.17297 -4.60978 40.4558 -10.4777 -7.55613 48.0704 0.707485 -13 600 1 0 1
-1.16466 -0.46837 40.4558 -6.82356 -1.59853 58.5039 1.32098 -13 601 1 0 1
-2.36274 -2.74752 40.4558 -9.21372 -4.8316 62.4934 0.769895 -13 602 1 0 1
-10.2317 -1.25985 40.4558 -27.2792 -1.85989 61.1762 -1.12092 -13 603 1 0 1
0.0878488 2.21365 40.4558 -0.678534 1.45645 47.0135 0.316474 -13 604 1 0 1
-5.456 -11.6003 40.4558 -13.7897 -18.9226 54.8194 0.212007 -13 605 1 0 1
1.26726 -0.970622 40.4558 -4.24047 -2.09719 66.2206 2.76014 -13 606 1 0 1
2.60365 3.91381 40.4558 -5.11156 14.9808 75.3641 -0.620426 -13 607 1 0 1
-8.22194 -0.587758 40.4558 -26.7699 5.27267 67.3382 0.299478 -13 609 1 0 1
-4.23342 1.49888 40.4558 -14.8675 11.1501 64.4059 -1.52356 -13 610 1 0 1
-4.53127 1.49543 40.4558 -10.2632 -0.992934 52.018 1.07744 -13 611 1 0 1
1.57114 -0.543472 40.4558 -1.3508 2.39048 56.6007 -2.0801 -13 612 1 0 1
0.0357081 -5.63474 40.4558 -2.33974 -6.60264 37.0501 1.55702 -13 613 1 0 1
-4.26255 -1.5646 40.4558 -13.0172 -6.61064 61.6638 -0.146 -13 614 1 0 1
-6.3711 1.16994 40.4558 -22.2893 -2.83433 69.6602 0.968522 -13 615 1 0 1
0.853422 2.41301 40.4558 -8.96576 8.89289 76.9179 -0.0675444 -13 616 1 0 1
-5.06532 -4.00057 40.4558 -15.555 -5.7931 60.7423 -0.531033 -13 617 1 0 1
-4.54404 10.6888 40.4558 -12.2224 20.7917 53.365 -0.850736 -13 618 1 0 1
0.978669 5.34361 40.4558 -1.35972 11.135 50.2734 0.896529 -13 619 1 0 1
-3.11564 1.64071 40.4558 -19.0257 3.33775 75.3566 -2.05805 -13 620 1 0 1
-2.58698 -5.28118 40.4558 -8.69888 -5.02925 58.3421 0.849983 -13 621 1 0 1
-1.5446 -14.1559 40.4558 -5.97726 -20.0644 52.9632 0.544063 -13 622 1 0 1
-3.17701 -3.8561 40.4558 -9.68776 -3.47059 59.212 -0.126192 -13 623 1 0 1
-4.4299 -1.36725 40.4558 -13.3586 -4.87514 61.4522 -0.127089 -13 624 1 0 1
-8.12696 7.40141 40.4558 -17.6115 8.74847 51.7646 -0.657257 -13 625 1 0 1
1.50149 0.392568 40.4558 -4.73047 -2.28675 70.2381 2.6139 -13 626 1 0 1
-6.87008 0.739512 40.4558 -26.3174 8.96882 71.2084 0.740092 -13 627 1 0 1
-2.91299 -7.96332 40.4558 -13.6996 -15.9284 68.3777 0.311091 -13 628 1 0 1
-5.384 6.43764 40.4558 -15.4673 15.3563 61.5541 0.366825 -13 629 1 0 1
-8.96732 2.24901 40.4558 -22.4213 6.84111 57.8061 0.84242 -13 630 1 0 1
-4.93103 1.47985 40.4558 -11.9735 3.99993 56.7553 -0.474501 -13 631 1 0 1
-2.36867 -3.77833 40.4558 -11.0555 -7.38319 65.5381 -1.34001 -13 632 1 0 1
1.72352 2.51383 40.4558 0.316467 3.17255 55.6167 -0.632203 -13 633 1 0 1
-10.92 11.7738 40.4558 -23.1571 20.9925 50.833 0.078879 -13 634 1 0 1
3.50453 -1.06456 40.4558 3.28753 0.109543 52.0358 0.383414 -13 635 1 0 1
-6.622 2.08452 40.4558 -23.324 9.48697 68.2054 -1.93739 -13 636 1 0 1
0.829486 0.0636807 40.4558 -6.94926 -2.09221 71.6121 0.255522 -13 637 1 0 1
0.493268 -3.8005 40.4558 -4.95901 -7.75033 65.4243 -1.79106 -13 639 1 0 1
-2.65222 4.22282 40.4558 -5.98043 5.21724 36.5841 -1.92623 -13 640 1 0 1
-0.301208 -6.06236 40.4558 -5.54539 -13.4867 60.3091 -1.14076 -13 641 1 0 1
-1.69984 -5.18124 40.4558 -5.61133 -6.87815 56.3181 0.144861 -13 642 1 0 1
-3.78608 -5.35317 40.4558 -16.0528 -12.3619 67.7731 -0.212864 -13 643 1 0 1
-6.63069 -3.24102 40.4558 -13.2041 -6.36615 46.7379 2.44381 -13 644 1 0 1
1.13472 -6.32946 40.4558 -0.976415 -10.1011 56.0216 1.18486 -13 645 1 0 1
-6.24529 1.12569 40.4558 -23.0042 1.7414 68.1649 1.5146 -13 646 1 0 1
-8.35503 -1.22931 40.4558 -31.407 -0.336424 71.3285 -1.33486 -13 647 1 0 1
0.219861 1.35097 40.4558 -5.38504 4.32991 67.6277 0.0419394 -13 649 1 0 1
-3.3055 -3.42343 40.4558 -16.9486 -4.90733 71.0849 1.10877 -13 650 1 0 1
-1.51697 1.05456 40.4558 -10.2003 1.46292 66.8384 0.642454 -13 651 1 0 1
-5.25989 -1.31911 40.4558 -16.9321 -4.13383 62.6731 1.15243 -13 652 1 0 1
-1.80812 -2.91037 40.4558 -10.9575 -3.43036 66.958 0.770185 -13 653 1 0 1
-1.59133 -2.62836 40.4558 -2.05733 -3.05426 38.6291 -0.21345 -13 654 1 0 1
-14.4167 -10.3554 40.4558 -13.8713 -9.26759 19.1034 0.539312 -13 655 1 0 1
-8.31271 3.76449 40.4558 -22.2082 10.9069 58.9434 0.0413039 -13 656 1 0 1
0.422053 -5.24206 40.4558 -3.36262 -6.1152 60.3635 0.753441 -13 657 1 0 1
-3.9328 -5.93924 40.4558 -16.0054 -8.25286 66.1965 2.36326 -13 659 1 0 1
-2.27104 0.681167 40.4558 -10.8732 2.4886 64.453 -1.36748 -13 660 1 0 1
-4.09649 -0.486225 40.4558 -20.6448 -7.22151 72.1877 1.76371 -13 661 1 0 1
-7.81045 -1.91625 40.4558 -17.772 -3.60508 53.6213 -0.119107 -13 662 1 0 1
-0.857868 1.34992 40.4558 -4.96751 4.71196 56.602 0.584038 -13 663 1 0 1
-1.71316 -3.199 40.4558 -12.4537 -5.80407 69.4413 1.86361 -13 664 1 0 1
-3.20809 -1.15039 40.4558 -18.0048 -4.98219 74.1639 0.429603 -13 665 1 0 1
-9.50936 -1.41659 40.4558 -22.0908 -0.570553 56.4198 1.12252 -13 666 1 0 1
-3.30337 -0.932804 40.4558 -10.6982 -0.871337 58.4455 -2.01608 -13 667 1 0 1
-9.82879 -3.60699 40.4558 -12.465 -4.54006 26.8361 0.985861 -13 668 1 0 1
-2.13219 -6.74876 40.4558 -9.70817 -14.0938 65.2283 1.51484 -13 669 1 0 1
0.112707 -4.33017 40.4558 -7.93593 -8.63434 71.5796 0.154292 -13 670 1 0 1
0.0860864 -9.13481 40.4558 -4.30118 -17.2743 60.2362 0.620612 -13 671 1 0 1
1.32865 5.11874 40.4558 -2.37566 8.37174 55.6834 1.70054 -13 672 1 0 1
0.0933201 6.66204 40.4558 -3.59919 10.5998 60.1517 0.469838 -13 673 1 0 1
3.28241 2.59974 40.4558 0.305974 5.44686 62.0222 0.987616 -13 674 1 0 1
-5.12455 -6.01911 40.4558 -14.5469 -13.652 59.4164 3.31117 -13 675 1 0 1
1.95114 1.93131 40.4558 0.109147 5.49915 48.7826 -0.0194517 -13 676 1 0 1
3.73862 -0.94656 40.4558 0.512785 -3.70488 66.3347 1.13596 -13 677 1 0 1
-1.52743 1.5442 40.4558 -11.186 11.7229 69.9624 1.67779 -13 678 1 0 1
-5.65616 3.01414 40.4558 -18.2134 7.09447 64.4416 0.144745 -13 679 1 0 1
-6.55919 2.10492 40.4558 -14.3255 1.49683 53.4008 -0.740481 -13 680 1 0 1
-2.75163 -1.035 40.4558 -14.4295 -10.3212 70.5836 -3.10206 -13 681 1 0 1
4.88251 -0.697582 40.4558 3.8629 4.59404 61.446 2.18094 -13 683 1 0 1
-4.58198 -3.4363 40.4558 -13.3104 -5.79926 59.3703 -0.0676546 -13 684 1 0 1
8.302 -2.61702 40.4558 10.1832 -9.77677 68.8744 -1.53632 -13 685 1 0 1
-2.09883 4.82739 40.4558 -11.6263 11.2358 67.5287 0.553436 -13 686 1 0 1
-8.1433 2.38561 40.4558 -15.4613 6.09637 45.6223 1.85537 -13 687 1 0 1
-4.14909 -1.47441 40.4558 -14.2577 -6.25699 62.7885 0.116631 -13 688 1 0 1
-11.922 3.53853 40.4558 -15.2332 4.99195 29.9497 -0.174881 -13 689 1 0 1
0.845668 -5.6753 40.4558 -2.10766 -13.6663 59.0411 1.14812 -13 690 1 0 1
-1.19247 1.05244 40.4558 -8.41382 -1.68233 63.5767 -1.80872 -13 691 1 0 1
-3.23968 4.17432 40.4558 -11.1578 3.30993 60.5311 -0.798495 -13 692 1 0 1
-4.89108 7.6523 40.4558 -11.3282 4.9647 47.2252 1.99963 -13 693 1 0 1
-2.60334 -5.62381 40.4558 -11.1532 -7.12849 63.1445 2.51713 -13 694 1 0 1
-7.14583 1.79839 40.4558 -19.5067 4.06253 60.2595 0.508165 -13 696 1 0 1
-4.1165 1.90969 40.4558 -17.833 6.68068 67.7977 0.682287 -13 697 1 0 1
1.43115 -6.64459 40.4558 1.03507 -7.27507 43.0071 -0.526371 -13 699 1 0 1
-0.077689 -1.37588 40.4558 -8.67438 -2.95913 71.3448 1.54342 -13 700 1 0 1
-0.996981 2.98356 40.4558 -8.94662 10.6758 68.6572 1.48967 -13 701 1 0 1
-2.39034 1.41883 40.4558 -6.00828 2.88217 42.6822 1.51203 -13 702 1 0 1
-4.04735 2.48299 40.4558 -22.4466 3.82274 76.0114 -2.07232 -13 703 1 0 1
-0.543589 4.67393 40.4558 -3.75083 11.7695 55.4191 -0.305932 -13 704 1 0 1
-3.00357 3.38315 40.4558 -7.68305 4.33899 51.9961 1.58742 -13 705 1 0 1
-6.26181 -1.82423 40.4558 -13.0129 -3.10934 51.364 -1.42538 -13 706 1 0 1
-2.0685 -1.27334 40.4558 -12.9208 3.84829 70.7335 3.47056 -13 707 1 0 1
-10.3286 -1.64919 40.4558 -22.2575 -2.88772 52.811 0.68692 -13 708 1 0 1
-4.8029 0.321677 40.4558 -15.056 -2.26324 63.3393 0.241425 -13 709 1 0 1
-4.7336 -3.43618 40.4558 -7.33486 -7.96246 37.9012 -0.751679 -13 710 1 0 1
-0.403616 2.56842 40.4558 -3.43199 1.05055 49.4751 -0.147522 -13 711 1 0 1
-3.64774 -4.47891 40.4558 -14.9815 -8.88198 66.3951 1.54689 -13 712 1 0 1
-2.07324 -2.95596 40.4558 -18.7733 -10.9099 78.2187 0.156069 -13 713 1 0 1
-4.04197 0.927931 40.4558 -8.66571 -1.77601 47.2907 1.8375 -13 714 1 0 1
-4.10604 2.27122 40.4558 -17.0059 7.84488 68.2135 -0.917029 -13 715 1 0 1
-7.52968 6.16949 40.4558 -13.7455 8.73402 43.4168 1.41992 -13 716 1 0 1
-2.38691 1.52722 40.4558 -6.18951 1.93455 52.0675 1.9631 -13 717 1 0 1
-4.33005 1.20597 40.4558 -18.0337 -0.153002 69.3997 1.09892 -13 718 1 0 1
-0.479555 -1.64596 40.4558 -8.76464 0.00375586 71.0522 0.0554021 -13 719 1 0 1
-4.9296 1.49192 40.4558 -15.6553 3.09252 62.8241 2.24707 -13 720 1 0 1
0.508552 -5.60696 40.4558 -7.06876 -12.2089 70.058 0.0696582 -13 721 1 0 1
-1.20925 -3.72524 40.4558 -5.26933 -8.07482 53.7655 -1.35886 -13 722 1 0 1
-2.75972 -3.67979 40.4558 -10.102 -3.66288 59.5661 -1.04015 -13 723 1 0 1
-1.30865 4.03229 40.4558 -11.3762 6.95779 71.2225 2.15879 -13 724 1 0 1
-7.67294 4.49279 40.4558 -16.805 5.27671 51.4728 -0.0984786 -13 725 1 0 1
2.03384 -7.02897 40.4558 0.684263 -12.8872 52.9401 -0.806117 -13 726 1 0 1
-0.917674 2.07862 40.4558 -3.8647 3.60384 42.8837 2.13197 -13 727 1 0 1
-3.31391 12.0045 40.4558 -7.09857 16.6618 37.1199 -0.107964 -13 728 1 0 1
0.284377 -2.92197 40.4558 -10.1627 -5.6867 75.0617 -1.67106 -13 729 1 0 1
-9.92657 -7.88507 40.4558 -10.388 -4.91583 24.0066 0.113126 -13 730 1 0 1
-3.12229 -1.73342 40.4558 -14.1709 -1.62638 68.5422 -1.08364 -13 731 1 0 1
-5.25806 4.47155 40.4558 -17.4381 6.63643 65.8862 2.17034 -13 732 1 0 1
-8.3417 1.34578 40.4558 -14.1216 -1.81803 42.9281 -0.22605 -13 733 1 0 1
-0.996175 1.33674 40.4558 -9.33816 -8.61257 69.7206 2.40518 -13 734 1 0 1
5.39578 4.95968 40.4558 4.70197 4.81381 45.8807 -0.99333 -13 735 1 0 1
-2.23778 4.39234 40.4558 -5.7096 6.61584 44.5943 -0.0160471 -13 736 1 0 1
-5.80661 5.39121 40.4558 -15.2801 9.20024 59.1803 2.23115 -13 737 1 0 1
2.47358 0.356054 40.4558 0.594686 3.60724 58.148 1.69622 -13 738 1 0 1
-0.495289 -2.51072 40.4558 -5.01667 -1.54439 58.6874 -0.983468 -13 739 1 0 1
-3.76978 0.148484 40.4558 -17.2114 -0.395924 70.2377 0.931912 -13 740 1 0 1
4.57109 -0.693795 40.4558 -1.64931 0.119891 13.6575 2.33016 -13 741 1 0 1
-12.8941 0.899903 40.4558 -17.2243 2.46905 33.6177 -1.99006 -13 742 1 0 1
-3.08015 5.43067 40.4558 -13.9903 14.7061 68.4774 1.48608 -13 743 1 0 1
-5.1873 4.79292 40.4558 -12.277 5.58175 53.5911 0.432497 -13 744 1 0 1
2.95622 5.20185 40.4558 -2.75061 10.5218 71.8707 2.10515 -13 745 1 0 1
-4.02893 -0.906007 40.4558 -15.2915 -2.00398 65.6659 -1.66228 -13 746 1 0 1
-1.48409 -1.24094 40.4558 -9.43045 -2.06555 66.82 0.331884 -13 747 1 0 1
-6.56466 0.27845 40.4558 -11.347 1.88634 45.2136 -1.62589 -13 748 1 0 1
0.44793 -0.849416 40.4558 -7.93259 -2.56474 72.0223 1.27505 -13 749 1 0 1
-1.56466 5.76585 40.4558 -7.84288 2.96355 63.2923 0.864164 -13 750 1 0 1
-7.81719 3.31796 40.4558 -15.7705 7.1234 48.5172 0.193757 -13 751 1 0 1
-4.56639 4.14908 40.4558 -15.4097 12.5491 64.0972 -0.328138 -13 752 1 0 1
-3.07327 2.63548 40.4558 -10.5592 1.64309 62.8202 -0.880922 -13 753 1 0 1
-6.62744 -2.43436 40.4558 -20.7071 -3.09319 65.272 0.469354 -13 754 1 0 1
-0.107493 -1.4313 40.4558 -10.1726 -5.16558 74.2296 -1.28304 -13 755 1 0 1
-0.440277 1.67837 40.4558 -7.65058 8.39642 67.0444 -0.886895 -13 756 1 0 1
1.46338 -3.61585 40.4558 0.12075 -4.49953 52.9111 -0.953089 -13 757 1 0 1
-0.198298 -0.912435 40.4558 -1.78017 -6.43539 55.0857 0.520006 -13 758 1 0 1
-0.68483 -7.60584 40.4558 -6.80396 -16.714 60.3194 1.30789 -13 759 1 0 1
-2.97139 3.69463 40.4558 -8.11863 6.12952 52.3621 0.368106 -13 760 1 0 1
-1.2448 -4.14589 40.4558 -6.45924 -5.51343 58.1749 0.850541 -13 761 1 0 1
-12.8207 0.485741 40.4558 -14.0999 2.47052 23.7973 -0.656651 -13 762 1 0 1
2.76297 1.2831 40.4558 0.28063 6.90881 60.3546 1.42351 -13 763 1 0 1
0.525443 1.61739 40.4558 -6.17449 4.81895 69.7473 -2.44407 -13 764 1 0 1
-5.81236 -0.53238 40.4558 -15.9879 -2.1263 61.3626 -0.395417 -13 765 1 0 1
3.33027 -3.88836 40.4558 1.42228 -4.1386 26.4629 -0.899241 -13 766 1 0 1
-0.588347 -1.62739 40.4558 -5.20123 -4.39359 58.2827 -0.28819 -13 767 1 0 1
1.37333 -10.9413 40.4558 -2.91979 -22.9507 64.1015 0.778381 -13 768 1 0 1
-10.5527 1.79327 40.4558 -13.8207 -0.60999 29.5862 0.368703 -13 769 1 0 1
-4.934 0.862898 40.4558 -17.6328 -7.5997 68.0724 -0.895899 -13 770 1 0 1
-10.9553 -8.40338 40.4558 -12.9589 -8.42509 26.0562 -0.398279 -13 771 1 0 1
-2.17033 -2.68037 40.4558 -6.59999 -6.86475 53.5699 -0.0138215 -13 772 1 0 1
2.36057 -0.40835 40.4558 -5.38603 0.141898 76.3081 0.654993 -13 773 1 0 1
-8.38212 -2.79801 40.4558 -17.9309 -2.54459 52.1145 1.11552 -13 774 1 0 1
3.42024 -1.33287 40.4558 2.51724 -5.39007 61.0736 0.0755524 -13 775 1 0 1
-4.70139 2.77385 40.4558 -10.782 5.58502 53.0574 2.68846 -13 776 1 0 1
-4.59771 -1.9904 40.4558 -15.8795 -6.41445 64.3452 0.122053 -13 777 1 0 1
-4.69647 3.6774 40.4558 -9.26339 9.29561 44.3331 2.76305 -13 778 1 0 1
-5.37932 -4.81493 40.4558 -17.4568 -9.95696 65.0454 1.83966 -13 779 1 0 1
-0.836882 -2.79442 40.4558 -6.63753 -5.49065 66.6933 -0.758793 -13 780 1 0 1
-0.8945 0.0533014 40.4558 -7.75806 -2.98822 66.3445 0.035159 -13 781 1 0 1
-7.13661 -3.14076 40.4558 -19.4168 -5.97681 59.1897 0.66676 -13 782 1 0 1
0.768529 -2.87937 40.4558 -2.29291 -3.8266 58.4118 1.13583 -13 783 1 0 1
-9.96235 -8.25874 40.4558 -24.3348 -19.2047 57.2553 -0.706932 -13 784 1 0 1
-6.68074 0.731851 40.4558 -27.046 -6.08763 72.3484 -0.0533622 -13 785 1 0 1
1.76413 1.99501 40.4558 0.285495 1.06449 47.0342 -0.861066 -13 787 1 0 1
-10.002 -0.51548 40.4558 -23.0883 -2.49297 54.9171 -0.766391 -13 788 1 0 1
3.90592 -0.337792 40.4558 1.26995 -5.9313 70.7771 0.579852 -13 789 1 0 1
-2.04101 0.0351348 40.4558 -8.89633 -4.50045 59.0109 2.16163 -13 790 1 0 1
-0.418776 -4.44926 40.4558 -6.82736 -13.26 66.5458 -1.27204 -13 791 1 0 1
-3.47598 -1.43788 40.4558 -12.358 -2.58825 64.802 2.34048 -13 792 1 0 1
-0.748199 0.267473 40.4558 -4.44262 -2.39994 52.0671 1.94362 -13 793 1 0 1
-6.00999 0.459722 40.4558 -19.1025 3.45809 66.0716 0.435624 -13 794 1 0 1
-8.32291 -5.47331 40.4558 -18.1123 -10.492 50.5576 -2.23669 -13 795 1 0 1
-6.48266 1.38669 40.4558 -14.523 2.14869 56.0381 0.0544679 -13 796 1 0 1
-2.69111 1.17956 40.4558 -5.5729 -2.20157 46.3866 -0.657274 -13 797 1 0 1
-2.23515 7.11072 40.4558 -15.0116 17.8165 71.4664 2.14517 -13 798 1 0 1
-4.17861 2.3412 40.4558 -12.8134 2.94354 60.4762 1.06363 -13 799 1 0 1
-8.7277 1.18044 40.4558 -19.8954 5.3996 54.9509 1.35597 -13 800 1 0 1
1.94124 3.81024 40.4558 -1.34585 2.12923 68.9282 2.3731 -13 801 1 0 1
-3.40156 -0.704284 40.4558 -12.6655 -4.56705 64.3912 -1.13322 -13 802 1 0 1
-0.930603 -0.449187 40.4558 -12.6416 5.74112 74.2441 -1.54383 -13 803 1 0 1
2.93152 0.130377 40.4558 1.78995 1.20119 50.0295 -0.336636 -13 804 1 0 1
-1.00624 -0.359307 40.4558 -5.25175 -1.79831 55.9004 1.14575 -13 806 1 0 1
-5.2492 -2.29143 40.4558 -16.0079 -2.27033 64.6803 0.540278 -13 807 1 0 1
-5.67896 0.615428 40.4558 -16.7344 0.970397 62.6213 -0.40428 -13 809 1 0 1
-3.17798 -0.495436 40.4558 -17.9482 -4.04157 74.3044 -0.53104 -13 810 1 0 1
-3.69679 -1.69314 40.4558 -14.26 -1.59579 67.9494 -0.0669622 -13 811 1 0 1
-6.32322 -3.57503 40.4558 -11.7473 -3.7217 43.9886 2.11673 -13 812 1 0 1
-1.05225 2.97404 40.4558 -5.63135 8.09321 54.0696 0.92025 -13 813 1 0 1
-2.0251 -0.854109 40.4558 -8.41679 2.03433 61.918 0.859677 -13 814 1 0 1
0.556452 3.36782 40.4558 -2.06592 7.10696 54.8006 -1.90272 -13 815 1 0 1
0.254215 -0.405465 40.4558 -10.66 -0.812393 75.7428 1.6287 -13 816 1 0 1
-3.12413 0.267358 40.4558 -4.9492 0.739306 39.1025 -1.49873 -13 817 1 0 1
-2.69369 -6.14873 40.4558 -6.27953 -11.7045 45.68 0.0621453 -13 820 1 0 1
-5.05841 -2.04212 40.4558 -11.1319 -0.0758115 50.5433 -1.58798 -13 821 1 0 1
-3.53196 3.50982 40.4558 -25.1322 2.70603 77.4741 0.766427 -13 822 1 0 1
-0.614396 0.24358 40.4558 -3.8175 -2.08124 56.6663 0.0578007 -13 823 1 0 1
-2.94596 -1.81021 40.4558 -10.9154 -4.42914 60.6136 0.417867 -13 825 1 0 1
-1.8491 2.16312 40.4558 -10.2531 8.46496 65.1948 -1.25471 -13 826 1 0 1
-2.6802 -5.46915 40.4558 -9.82976 -13.8132 60.4378 2.80471 -13 827 1 0 1
-0.686373 1.99164 40.4558 -5.93018 0.837336 64.8975 -2.32283 -13 828 1 0 1
0.982008 -10.3151 40.4558 -2.39456 -17.1766 47.1608 0.953189 -13 829 1 0 1
-3.94345 -5.02679 40.4558 -13.0519 -11.1156 61.2808 -0.0212538 -13 830 1 0 1
-0.700037 -0.0976559 40.4558 -7.41914 -2.91433 64.9547 2.11991 -13 831 1 0 1
-3.71701 -3.64539 40.4558 -9.29018 -7.25293 53.1867 0.511348 -13 832 1 0 1
-2.71362 -6.43572 40.4558 -9.7668 -13.3566 58.3475 0.518479 -13 833 1 0 1
-5.8964 -5.38236 40.4558 -15.1707 -7.65185 57.4886 -0.0852426 -13 834 1 0 1
-2.89275 -5.67585 40.4558 -19.2022 -15.9762 74.1297 -0.810063 -13 835 1 0 1
0.820058 5.3061 40.4558 -5.07879 12.7027 64.3474 0.0219501 -13 836 1 0 1
1.44803 -8.94037 40.4558 -3.31216 -13.2805 65.4043 1.17107 -13 837 1 0 1
0.662959 4.15166 40.4558 -6.54153 4.55913 70.4849 -1.19315 -13 838 1 0 1
-1.34324 -5.22846 40.4558 -4.46679 -5.78205 53.3867 -0.260121 -13 839 1 0 1
-7.06539 -0.412814 40.4558 -17.4208 -1.89585 56.6311 2.57401 -13 840 1 0 1
-6.17122 4.9824 40.4558 -14.6833 6.09363 55.1743 -1.67853 -13 841 1 0 1
-3.77616 -1.85044 40.4558 -17.1595 -2.68734 70.8517 -0.839269 -13 842 1 0 1
-2.83468 -4.01782 40.4558 -16.3078 -16.4143 70.9519 0.621805 -13 843 1 0 1
-9.06117 2.41687 40.4558 -20.0327 4.33534 53.9481 1.04143 -13 844 1 0 1
-0.189399 0.0953159 40.4558 -4.30851 2.58066 59.5183 1.12232 -13 845 1 0 1
-0.599299 -9.15781 40.4558 -3.54583 -8.43159 33.4293 0.655274 -13 846 1 0 1
0.35186 -6.99194 40.4558 -2.77376 -5.86075 57.2351 -1.02498 -13 847 1 0 1
-4.87612 3.63112 40.4558 -11.3216 3.83335 52.9798 -0.65653 -13 848 1 0 1
-9.68116 -2.90054 40.4558 -18.9371 -3.05575 47.9883 -1.84097 -13 849 1 0 1
2.8306 -5.75368 40.4558 -0.963692 -11.9081 67.7886 -0.745194 -13 850 1 0 1
-5.88994 5.12588 40.4558 -14.6593 7.30831 56.6692 -0.329422 -13 851 1 0 1
2.97848 -1.22885 40.4558 -4.01343 -1.8867 75.297 0.638636 -13 852 1 0 1
-4.94129 0.947823 40.4558 -14.2452 1.64626 59.3772 1.22857 -13 853 1 0 1
-3.06741 1.70128 40.4558 -14.8722 -1.6585 67.2961 -0.683977 -13 854 1 0 1
-5.86316 4.06709 40.4558 -15.7949 8.27835 59.0379 0.265213 -13 855 1 0 1
-8.08026 1.7672 40.4558 -19.0054 -2.99751 54.8355 0.476388 -13 856 1 0 1
-6.80615 -10.4755 40.4558 -18.0089 -14.414 58.3307 -0.716876 -13 857 1 0 1
-12.5371 1.98452 40.4558 -29.9697 2.74868 56.6205 -2.24527 -13 858 1 0 1
-7.16931 -0.91751 40.4558 -14.0531 0.149126 49.0897 1.75134 -13 859 1 0 1
-4.31083 1.39311 40.4558 -15.1988 3.48005 65.3015 1.46301 -13 860 1 0 1
-2.3085 -2.68316 40.4558 -15.7024 -7.6058 74.8192 -1.68458 -13 861 1 0 1
-3.05364 0.584427 40.4558 -10.9006 3.19361 61.7155 0.0606634 -13 862 1 0 1
-10.4119 -6.42941 40.4558 -22.8316 -10.229 52.356 0.358738 -13 863 1 0 1
-3.64415 -1.09551 40.4558 -11.5606 -0.870642 61.1905 -0.466593 -13 864 1 0 1
-4.78377 -3.38371 40.4558 -11.5762 -2.56309 53.6256 1.93358 -13 865 1 0 1
-3.42027 4.82771 40.4558 -9.86938 12.2383 54.0627 0.093956 -13 866 1 0 1
1.32425 5.0782 40.4558 -6.23283 9.23053 73.2647 -0.514087 -13 867 1 0 1
-2.45491 1.49801 40.4558 -18.3048 0.509567 76.2407 -1.495 -13 868 1 0 1
-12.9362 -7.16239 40.4558 -27.085 -12.5351 51.7689 -0.518577 -13 869 1 0 1
-3.17456 -1.42574 40.4558 -10.3233 -5.18387 58.0794 0.900695 -13 870 1 0 1
-3.35761 -2.99207 40.4558 -13.0904 -8.1194 64.8177 -1.04859 -13 871 1 0 1
-4.12954 -1.85554 40.4558 -14.8678 -1.76682 65.3534 -0.983879 -13 872 1 0 1
0.155135 1.1881 40.4558 -7.26528 -0.42753 70.9152 -0.939597 -13 873 1 0 1
-4.1277 2.66839 40.4558 -14.7344 6.46795 64.0698 2.72526 -13 874 1 0 1
-3.49042 -3.86592 40.4558 -12.2483 -9.06801 62.3196 0.352977 -13 875 1 0 1
0.810221 4.10475 40.4558 -7.92897 8.06046 74.0636 0.134692 -13 876 1 0 1
-2.00974 3.3156 40.4558 -10.1217 14.407 66.1729 -1.86508 -13 877 1 0 1
-1.25513 3.35162 40.4558 -11.7027 12.4267 71.0595 -3.57049 -13 878 1 0 1
-9.67958 3.88911 40.4558 -15.4506 4.46129 43.37 1.3207 -13 879 1 0 1
0.792499 -4.94203 40.4558 -4.02369 -11.9145 66.7678 0.950315 -13 880 1 0 1
-2.99055 -3.87239 40.4558 -8.71643 -7.13041 54.6568 1.96529 -13 881 1 0 1
3.84572 8.55081 40.4558 -0.67483 19.841 72.7129 -0.429077 -13 882 1 0 1
2.48364 6.37831 40.4558 -1.65818 15.9335 63.0506 -0.218634 -13 883 1 0 1
1.94004 1.13642 40.4558 1.2942 2.94661 35.5831 -0.0368159 -13 885 1 0 1
0.99931 1.18739 40.4558 -9.99689 -4.88146 78.7175 2.45846 -13 886 1 0 1
-7.34115 4.46938 40.4558 -23.6236 8.54158 65.5026 0.6368 -13 887 1 0 1
-2.28595 1.03645 40.4558 -6.38952 -1.84851 54.7353 0.165952 -13 888 1 0 1
-4.38793 -2.35112 40.4558 -11.2667 -3.39627 55.1715 -0.500448 -13 889 1 0 1
0.489468 -6.45024 40.4558 -5.62742 -15.205 66.5604 -1.02986 -13 890 1 0 1
-7.30684 0.0175937 40.4558 -10.2537 0.910801 30.0522 -0.964591 -13 891 1 0 1
-3.66443 -5.46835 40.4558 -15.746 -7.10594 69.1014 0.548304 -13 892 1 0 1
-9.84887 -0.859914 40.4558 -20.6908 0.841615 53.4135 -1.54277 -13 893 1 0 1
2.2443 -3.39132 40.4558 -4.52872 -6.62908 75.6532 0.075072 -13 894 1 0 1
-8.61936 3.90199 40.4558 -28.5608 19.1342 65.2269 1.63134 -13 895 1 0 1
-5.47413 6.18506 40.4558 -18.2046 15.3643 65.0082 -1.56992 -13 896 1 0 1
-6.06776 -1.76703 40.4558 -12.6544 -2.31183 45.8782 -1.6452 -13 897 1 0 1
-2.02783 -0.753128 40.4558 -7.57569 0.238696 54.7958 -0.586958 -13 898 1 0 1
1.62111 -0.0608535 40.4558 -1.1216 2.70885 62.2984 -0.188677 -13 899 1 0 1
-1.32109 3.69363 40.4558 -9.46455 3.34644 66.8933 0.675999 -13 901 1 0 1
2.48223 -0.940927 40.4558 1.53675 -4.68351 54.5528 0.663756 -13 902 1 0 1
-1.75917 -6.9781 40.4558 -13.9066 -8.35228 71.9616 1.24852 -13 903 1 0 1
-0.730063 -0.686057 40.4558 -5.71298 -5.25 57.8222 2.03382 -13 904 1 0 1
-7.47869 -0.143011 40.4558 -29.7489 1.96035 72.7465 0.226011 -13 905 1 0 1
-10.1898 -3.20669 40.4558 -19.3122 -4.34504 48.7678 1.37926 -13 906 1 0 1
-3.09197 4.53498 40.4558 -12.9464 6.25944 65.6498 0.397646 -13 907 1 0 1
-9.99808 -9.99543 40.4558 -11.9525 -10.3117 26.5421 0.391519 -13 908 1 0 1
-2.88197 -2.77983 40.4558 -16.1949 -2.4252 71.3925 0.7684 -13 909 1 0 1
-5.64678 -1.29929 40.4558 -19.6979 -3.53197 66.5617 -0.077002 -13 910 1 0 1
-7.91769 9.62268 40.4558 -13.0214 13.3068 36.0585 -0.489887 -13 911 1 0 1
-1.11658 8.93699 40.4558 -6.82208 11.4308 53.4893 -0.706518 -13 912 1 0 1
-1.23384 2.64815 40.4558 -18.2176 13.7024 76.9512 1.38207 -13 913 1 0 1
-11.647 1.14926 40.4558 -31.4475 8.58103 62.45 1.08516 -13 914 1 0 1
-2.381 -5.45444 40.4558 -9.17104 -8.33018 59.7441 -0.770689 -13 915 1 0 1
-6.91939 0.110131 40.4558 -32.5204 2.58573 73.3458 4.3894 -13 916 1 0 1
-8.78453 5.19199 40.4558 -12.2484 7.91996 33.6418 -0.0776806 -13 917 1 0 1
-8.67348 3.35247 40.4558 -27.3095 7.34484 65.7845 2.1159 -13 918 1 0 1
-3.13647 2.21149 40.4558 -11.6591 1.79436 64.6463 -0.521212 -13 919 1 0 1
-5.10173 -2.09013 40.4558 -24.4865 -0.984624 75.2997 0.528597 -13 920 1 0 1
-4.40192 -1.15318 40.4558 -6.88156 -4.25603 27.9174 0.531765 -13 921 1 0 1
-4.10774 -5.58215 40.4558 -24.0806 -12.3864 76.535 2.51816 -13 922 1 0 1
-5.97478 -0.551022 40.4558 -15.1755 -1.21142 55.9943 -0.0645841 -13 923 1 0 1
-3.50803 3.09357 40.4558 -13.9948 3.90449 66.2069 -0.963538 -13 924 1 0 1
-5.69398 3.14676 40.4558 -15.8861 7.35295 58.5963 0.460667 -13 925 1 0 1
-4.83298 2.34204 40.4558 -22.3711 3.11094 73.1623 1.45266 -13 926 1 0 1
-3.54303 -3.5768 40.4558 -12.0741 -2.94063 66.153 0.632927 -13 927 1 0 1
-4.6117 -1.42212 40.4558 -12.0407 -3.55978 55.4373 -0.141438 -13 928 1 0 1
-3.47492 -0.843123 40.4558 -14.54 -2.15706 68.2564 1.41563 -13 930 1 0 1
2.06974 2.16703 40.4558 -1.06034 0.797352 62.9913 2.07537 -13 931 1 0 1
-11.469 -3.26939 40.4558 -19.1882 -5.95701 41.5388 2.0117 -13 932 1 0 1
-0.345155 4.20506 40.4558 -7.56853 12.8127 67.2019 1.10897 -13 933 1 0 1
-3.96504 0.683871 40.4558 -18.7595 3.8311 71.6511 -0.477611 -13 934 1 0 1
-10.0362 8.74126 40.4558 -21.7969 15.311 51.0516 1.04297 -13 935 1 0 1
2.96435 -2.49859 40.4558 2.51768 -0.0829367 60.6182 0.114229 -13 936 1 0 1
-1.71731 -4.47956 40.4558 -12.9651 -5.33779 70.6234 -0.135612 -13 938 1 0 1
-9.35014 0.551912 40.4558 -21.2436 1.5369 54.4002 -0.450905 -13 939 1 0 1
-4.78039 -0.907024 40.4558 -13.2629 0.591449 58.3402 0.0477505 -13 940 1 0 1
-5.63063 1.05903 40.4558 -17.2572 5.70282 63.5367 0.298432 -13 941 1 0 1
3.48321 -0.950609 40.4558 -0.821526 -2.40063 71.9549 0.626697 -13 942 1 0 1
-0.845556 -3.02989 40.4558 -8.49046 -4.85187 66.6666 1.4967 -13 943 1 0 1
-5.2425 -1.11228 40.4558 -10.6777 2.11804 49.6775 -0.338355 -13 944 1 0 1
-0.943907 5.37836 40.4558 -10.173 16.2327 69.1798 0.96489 -13 945 1 0 1
-6.83377 3.34918 40.4558 -12.0909 4.86396 40.8482 -0.632465 -13 946 1 0 1
0.509415 -0.844168 40.4558 -4.26288 1.87364 64.6936 -1.09762 -13 947 1 0 1
-2.92245 -1.24361 40.4558 -7.14425 0.431166 46.6091 1.40207 -13 948 1 0 1
-8.45424 -2.11476 40.4558 -15.7891 -3.35795 49.9885 0.506027 -13 949 1 0 1
-5.74128 5.08792 40.4558 -16.3487 8.45932 61.8208 0.153799 -13 950 1 0 1
9.13614 -4.9843 40.4558 11.5284 -6.07375 53.5564 0.716495 -13 951 1 0 1
-0.0082727 -2.05665 40.4558 -3.85887 -3.99709 58.7948 2.75328 -13 952 1 0 1
-3.04707 -2.23016 40.4558 -10.9479 -5.27682 57.7402 0.35465 -13 953 1 0 1
-4.52977 -7.85398 40.4558 -10.9829 -13.3229 52.9104 -0.135565 -13 954 1 0 1
-1.93398 -1.40775 40.4558 -8.50144 -8.31491 58.5769 0.633496 -13 955 1 0 1
-4.78126 2.08893 40.4558 -10.7568 0.0843015 51.2311 0.00883077 -13 956 1 0 1
-10.6578 0.641734 40.4558 -22.1658 -2.50152 51.7988 -0.91533 -13 957 1 0 1
-4.1316 0.318246 40.4558 -27.9842 -1.3228 75.747 -0.708307 -13 958 1 0 1
3.03668 -2.86492 40.4558 0.990495 -6.99006 61.6305 0.491999 -13 959 1 0 1
-4.27535 1.64087 40.4558 -19.0665 2.13288 70.7868 -1.92505 -13 960 1 0 1
-6.27447 -4.8031 40.4558 -13.7309 -6.00861 51.7082 0.292614 -13 961 1 0 1
-1.67885 0.434635 40.4558 -3.33918 0.0726239 31.208 0.869249 -13 962 1 0 1
4.99592 2.63421 40.4558 3.77791 -2.9145 68.5831 2.07762 -13 963 1 0 1
-3.92908 0.83176 40.4558 -11.1522 0.220541 59.8473 2.04556 -13 964 1 0 1
-5.41782 -3.00328 40.4558 -16.549 -8.02082 61.5756 1.51303 -13 965 1 0 1
-3.88579 0.118231 40.4558 -10.0424 3.90814 55.7614 2.4003 -13 966 1 0 1
-1.28673 -1.14022 40.4558 -4.52653 -0.18115 53.3007 0.677338 -13 967 1 0 1
-12.5424 -0.037032 40.4558 -28.1419 -2.49173 54.502 -0.923738 -13 968 1 0 1
-3.56223 -2.99795 40.4558 -7.19438 -6.20546 47.4885 0.70074 -13 969 1 0 1
-0.0325625 -2.36231 40.4558 -5.58529 -7.17666 63.7841 0.0296878 -13 970 1 0 1
-0.202663 -4.87714 40.4558 -6.39629 -5.05738 67.5799 -1.03915 -13 971 1 0 1
-11.3001 1.18774 40.4558 -11.876 2.45405 22.357 -0.681562 -13 972 1 0 1
-10.6853 -3.11211 40.4558 -12.2129 -1.79084 23.9294 -0.544007 -13 973 1 0 1
-5.37218 1.95075 40.4558 -17.8949 4.88555 66.3519 -0.504982 -13 974 1 0 1
-4.92304 0.967672 40.4558 -19.6034 9.42266 70.3473 1.77009 -13 975 1 0 1
-8.03349 -5.0329 40.4558 -18.6299 -7.17999 54.6316 0.509964 -13 977 1 0 1
-5.99001 -0.673224 40.4558 -21.5639 -4.01862 67.3249 -1.30447 -13 979 1 0 1
-9.84114 -0.406777 40.4558 -21.6092 -1.85673 53.3584 -1.26721 -13 980 1 0 1
-7.16436 -3.14887 40.4558 -19.2114 -10.0504 57.9978 -0.545308 -13 981 1 0 1
-3.0937 6.58779 40.4558 -10.9823 10.6586 61.9152 -0.538062 -13 982 1 0 1
-5.0881 -0.309009 40.4558 -19.4769 6.42757 68.3719 -0.19399 -13 983 1 0 1
10.3968 -8.15774 40.4558 7.3968 -7.75553 34.9474 1.44488 -13 984 1 0 1
-0.256855 -1.25751 40.4558 -4.37091 -1.3183 59.7351 1.01655 -13 985 1 0 1
-6.00073 0.615711 40.4558 -15.376 2.21353 57.6614 -0.165078 -13 986 1 0 1
-3.11802 -8.49127 40.4558 -10.4199 -17.5623 57.5296 0.579938 -13 987 1 0 1
-0.947876 -3.55044 40.4558 -8.49069 -5.99637 69.017 1.19885 -13 989 1 0 1
-1.77438 -2.04058 40.4558 -10.5097 -10.2485 68.2654 0.413059 -13 990 1 0 1
-9.48473 3.42065 40.4558 -17.6219 2.21958 46.6144 -2.04933 -13 991 1 0 1
-10.8949 4.98205 40.4558 -14.9592 4.91644 34.8556 1.06876 -13 992 1 0 1
-3.1528 -5.34465 40.4558 -5.90826 -7.61143 47.4453 1.80011 -13 993 1 0 1
4.21254 -15.2195 40.4558 2.61424 -17.6178 43.9519 -0.592142 -13 994 1 0 1
1.38603 0.834867 40.4558 -1.98501 2.90534 64.2162 -1.66361 -13 995 1 0 1
-6.05592 -0.134301 40.4558 -19.4314 -0.789857 65.0092 0.347788 -13 996 1 0 1
-5.49225 1.55825 40.4558 -10.5971 2.66417 44.407 2.59003 -13 997 1 0 1
0.252398 -1.37416 40.4558 -2.97995 -1.86679 56.4247 0.126018 -13 999 1 0 1
-5.87229 -1.82943 40.4558 -11.0498 -2.60419 44.6164 -0.367929 -13 1000 1 0 1
