#BLTrackFile NTuple/Z75
#x y z Px Py Pz t PDGid EventID TrackID ParentID Weight
#mm mm mm MeV/c MeV/c MeV/c ns - - - - -
-7.6875 -7.42897 74.9003 -9.56615 -6.83384 72.0655 -0.744601 -13 1 1 0 1
8.36636 2.8868 74.9003 6.55547 -1.68369 80.7727 0.345931 -13 2 1 0 1
-0.747715 -1.91909 74.9003 -1.79665 -2.31589 71.5899 1.31012 -13 3 1 0 1
-9.31051 -4.30231 74.9003 -13.524 -2.89736 77.2018 0.750422 -13 4 1 0 1
-10.9434 0.0691682 74.9003 -8.79419 -1.54105 60.2699 0.945007 -13 5 1 0 1
-3.45886 -1.7161 74.9003 -5.34676 -0.640949 75.1978 -0.373168 -13 6 1 0 1
0.70112 -6.27679 74.9003 2.09154 -5.28565 61.3866 -0.443373 -13 7 1 0 1
-13.198 4.0675 74.9003 -7.37792 5.13476 46.2382 0.465725 -13 8 1 0 1
7.99544 10.5994 74.9003 8.28093 10.7836 62.9901 1.54778 -13 9 1 0 1
3.81031 -5.9107 74.9003 4.71306 -4.63023 66.6583 1.11798 -13 10 1 0 1
5.86109 9.26052 74.9003 5.34783 9.64036 71.5236 -0.107035 -13 11 1 0 1
0.383294 -10.8908 74.9003 1.64719 -11.4535 61.2799 2.1324 -13 12 1 0 1
11.5611 10.5581 74.9003 8.82348 5.8117 38.5405 -0.259484 -13 13 1 0 1
12.3544 -7.86705 74.9003 12.6796 -5.7635 67.088 -1.10021 -13 14 1 0 1
5.49068 -8.82606 74.9003 6.10953 -8.69646 66.9119 1.90813 -13 15 1 0 1
-3.72691 10.8268 74.9003 -2.88886 11.6823 63.6499 -0.215533 -13 17 1 0 1
-6.511 -9.56079 74.9003 -3.1673 -8.80004 52.0681 1.89536 -13 18 1 0 1
-14.447 5.50946 74.9003 -14.2516 6.4363 64.178 0.564614 -13 19 1 0 1
2.96906 -9.47398 74.9003 3.55639 -8.72908 64.1665 3.39218 -13 20 1 0 1
-5.69415 3.17943 74.9003 -3.10699 5.04482 56.7506 -0.719082 -13 22 1 0 1
-13.1612 20.2435 74.9003 -5.7897 11.9378 38.9938 1.11257 -13 23 1 0 1
-12.8394 11.381 74.9003 -8.95319 9.48625 53.524 1.18481 -13 24 1 0 1
6.49095 -3.42055 74.9003 6.42426 -1.59198 70.6306 0.715428 -13 25 1 0 1
0.42986 2.77869 74.9003 0.75889 3.27789 68.5541 0.299239 -13 26 1 0 1
1.79806 -2.98469 74.9003 2.18416 0.263918 66.6598 1.89408 -13 27 1 0 1
3.97788 -7.65584 74.9003 3.39221 -8.27405 73.0433 0.676991 -13 28 1 0 1
-3.24156 5.68601 74.9003 -3.23056 7.59565 66.9256 1.45137 -13 30 1 0 1
-1.08245 1.08999 74.9003 -2.19373 2.36492 72.0003 0.148564 -13 31 1 0 1
-4.94985 2.98127 74.9003 -3.6032 3.01679 62.4453 -0.0375709 -13 32 1 0 1
5.75018 0.156812 74.9003 4.72392 0.828036 28.4601 1.68093 -13 33 1 0 1
-11.6475 -1.73156 74.9003 -11.3518 -0.388489 65.491 -0.169446 -13 34 1 0 1
0.559548 4.56826 74.9003 1.17448 7.15517 66.1703 -0.66743 -13 36 1 0 1
1.22242 -7.45228 74.9003 -1.01883 -10.4217 78.8456 -1.04868 -13 37 1 0 1
1.73353 -11.2894 74.9003 2.8609 -11.3987 59.8657 1.91552 -13 38 1 0 1
-4.26278 6.97439 74.9003 -2.05739 5.57193 51.8739 1.26266 -13 40 1 0 1
8.40606 15.0613 74.9003 8.62936 13.1985 60.9956 0.303647 -13 41 1 0 1
-1.87083 1.72338 74.9003 -2.1948 -0.264075 68.3465 1.68274 -13 42 1 0 1
-8.8335 -2.77992 74.9003 -14.5968 -3.62426 78.5952 0.716566 -13 43 1 0 1
3.91626 2.40097 74.9003 5.2231 1.29255 56.453 1.11876 -13 44 1 0 1
0.506157 -7.51922 74.9003 0.175763 -7.65364 67.8327 0.829744 -13 46 1 0 1
2.0363 11.3006 74.9003 2.9059 7.98698 59.7565 1.38764 -13 47 1 0 1
-5.17126 4.23595 74.9003 -5.52791 7.09156 67.4469 1.12654 -13 48 1 0 1
2.41 -15.6156 74.9003 2.18031 -20.2001 67.9233 -0.117342 -13 49 1 0 1
7.19341 -1.38711 74.9003 7.40686 -0.209149 42.7617 -0.0977933 -13 50 1 0 1
-1.06184 4.31748 74.9003 -2.59217 2.72371 72.8475 0.115285 -13 51 1 0 1
-3.77273 13.6303 74.9003 -1.34264 12.2373 55.079 0.56257 -13 52 1 0 1
6.96095 5.78232 74.9003 8.07194 4.15426 56.5323 -1.88215 -13 53 1 0 1
3.7544 11.2493 74.9003 4.89908 6.58044 42.866 0.575535 -13 54 1 0 1
-2.012 -4.38077 74.9003 -2.96934 -5.80237 70.6306 1.31953 -13 55 1 0 1
1.66383 1.65857 74.9003 2.79904 3.01223 63.6527 0.02745 -13 58 1 0 1
1.51256 -8.68899 74.9003 1.60982 -9.10664 67.6957 2.38052 -13 59 1 0 1
8.01666 14.8226 74.9003 8.48542 14.4228 56.2654 0.725974 -13 60 1 0 1
-2.75545 6.08788 74.9003 -1.73123 7.00816 62.9101 -0.408537 -13 61 1 0 1
1.85546 0.862152 74.9003 1.77704 3.04908 70.0962 -0.139128 -13 62 1 0 1
4.5652 -8.37544 74.9003 4.22957 -4.68768 35.1129 0.798081 -13 63 1 0 1
0.859166 -0.716667 74.9003 2.00882 -0.138476 60.2732 0.581626 -13 64 1 0 1
4.25946 2.15081 74.9003 4.7972 1.23004 65.7349 -1.02253 -13 65 1 0 1
0.0724381 1.36155 74.9003 -0.365577 0.916235 71.4507 0.856549 -13 66 1 0 1
3.72553 -3.65519 74.9003 4.91527 -1.94176 61.3861 -0.23911 -13 67 1 0 1
2.71484 14.952 74.9003 4.30969 10.8949 53.3608 -0.479323 -13 68 1 0 1
-3.27806 -6.65271 74.9003 -2.08173 -6.8204 63.019 0.428084 -13 69 1 0 1
-2.16358 -5.61665 74.9003 -5.57425 -11.128 79.9835 0.614567 -13 70 1 0 1
-3.31087 4.66932 74.9003 -1.11297 2.29582 60.084 -1.01427 -13 71 1 0 1
8.68634 13.5835 74.9003 8.88575 11.3351 64.1223 1.54714 -13 72 1 0 1
0.00600352 0.649614 74.9003 -1.41689 -1.59741 74.6662 -0.513594 -13 73 1 0 1
3.45871 9.18124 74.9003 4.592 8.51106 58.4918 0.716383 -13 74 1 0 1
3.20678 6.51045 74.9003 2.04597 6.33275 75.0347 -2.46128 -13 75 1 0 1
9.86809 2.00982 74.9003 7.36629 2.06154 79.4864 -1.3281 -13 76 1 0 1
-1.74396 -1.49967 74.9003 -0.282895 -3.69532 57.1641 2.84927 -13 77 1 0 1
-4.53143 -0.370456 74.9003 -3.03363 -1.52495 59.9633 -0.308606 -13 78 1 0 1
3.12335 -3.25888 74.9003 3.68358 -3.59235 62.8816 1.87856 -13 79 1 0 1
2.73136 -6.58344 74.9003 1.95316 -5.6404 72.4967 0.462163 -13 80 1 0 1
3.27515 7.15069 74.9003 2.69366 11.3707 69.738 0.50173 -13 81 1 0 1
2.22031 1.28639 74.9003 3.60951 2.2874 62.7026 1.66421 -13 82 1 0 1
-8.54862 16.5829 74.9003 -8.65382 18.7386 66.8042 0.467627 -13 83 1 0 1
-14.8521 -1.8062 74.9003 -13.8155 -2.08838 62.0565 0.604642 -13 84 1 0 1
3.83048 0.188218 74.9003 3.26066 -0.648988 75.7157 1.55647 -13 85 1 0 1
3.53591 -4.09734 74.9003 3.70612 -7.92107 67.9971 0.255844 -13 86 1 0 1
-1.25469 -11.7012 74.9003 1.39964 -9.92246 50.1727 1.36802 -13 87 1 0 1
-3.62539 -6.0152 74.9003 -3.68835 -6.02877 68.0342 0.038648 -13 88 1 0 1
3.89742 -3.05505 74.9003 4.46659 -1.19738 62.1696 -0.110853 -13 89 1 0 1
1.93311 4.73986 74.9003 2.64454 4.37849 65.7625 0.269677 -13 90 1 0 1
-8.98602 -3.25395 74.9003 -7.72048 -3.65312 63.8888 1.33844 -13 91 1 0 1
7.20817 2.35334 74.9003 8.29763 2.06815 54.8318 0.485524 -13 92 1 0 1
4.82647 0.712787 74.9003 6.07905 -0.541758 58.8614 1.31621 -13 93 1 0 1
2.80571 21.727 74.9003 3.89188 17.5378 52.7054 -0.821874 -13 94 1 0 1
4.43704 1.81673 74.9003 4.50376 2.78078 70.3922 0.507659 -13 95 1 0 1
2.29203 8.44713 74.9003 3.03787 9.65608 60.8287 -1.33155 -13 96 1 0 1
-1.24148 -3.45549 74.9003 1.0941 -0.509262 57.1353 -0.542673 -13 97 1 0 1
0.34747 -3.5189 74.9003 0.744565 -1.64256 67.4399 0.893176 -13 98 1 0 1
-2.7449 10.4733 74.9003 -1.8429 10.2093 62.968 0.977856 -13 99 1 0 1
7.12604 -2.81456 74.9003 7.46688 -0.496962 67.2836 -0.410438 -13 100 1 0 1
10.3551 0.601062 74.9003 10.6145 -0.6143 67.85 -0.210407 -13 101 1 0 1
4.23265 2.25441 74.9003 4.2358 1.9272 67.2413 0.376826 -13 102 1 0 1
13.374 -2.05991 74.9003 13.3206 1.23863 60.8469 -1.96045 -13 103 1 0 1
6.4592 2.61952 74.9003 6.81458 1.19364 67.3198 0.158052 -13 104 1 0 1
-4.17407 4.85579 74.9003 -2.30968 7.93555 60.2564 -0.971484 -13 105 1 0 1
-9.32229 -3.24413 74.9003 -7.57768 -3.06694 59.8893 0.769329 -13 106 1 0 1
0.312703 -6.2814 74.9003 -0.277577 -7.02413 70.3597 -0.595849 -13 107 1 0 1
9.51787 5.56134 74.9003 10.0648 7.90518 62.6953 -0.32926 -13 108 1 0 1
5.42426 2.59521 74.9003 6.1225 3.16711 67.7305 1.45792 -13 109 1 0 1
-2.65888 1.70193 74.9003 -4.4657 2.43311 72.5839 0.189542 -13 110 1 0 1
-3.08174 -6.20266 74.9003 -5.69455 -4.95284 77.0447 0.141095 -13 111 1 0 1
7.40572 0.599728 74.9003 7.18055 -0.818078 56.0776 -1.34316 -13 112 1 0 1
5.37604 5.68555 74.9003 6.2863 4.48175 54.8144 1.29306 -13 113 1 0 1
6.85057 -6.15092 74.9003 7.58044 -6.48412 62.8992 0.415923 -13 114 1 0 1
9.02802 3.06426 74.9003 9.1262 1.91037 49.1105 0.380984 -13 115 1 0 1
-6.35279 -2.69602 74.9003 -8.19609 -3.17283 72.5065 0.960929 -13 116 1 0 1
-1.01848 1.92732 74.9003 0.432964 2.54769 55.5211 0.15694 -13 117 1 0 1
4.99809 -5.85217 74.9003 6.17976 -6.84284 46.8032 0.141854 -13 118 1 0 1
0.56348 2.30669 74.9003 0.216541 3.57689 70.6286 0.952267 -13 119 1 0 1
-8.82834 0.354428 74.9003 -5.14339 0.900721 49.7516 0.360387 -13 120 1 0 1
5.58767 -9.79749 74.9003 6.12534 -6.73739 60.816 2.00895 -13 121 1 0 1
-3.69584 -5.71256 74.9003 -6.18156 -5.46745 76.8083 1.05488 -13 122 1 0 1
0.0668975 -10.8555 74.9003 -0.280708 -10.9977 70.683 1.19849 -13 123 1 0 1
-11.7882 -14.5919 74.9003 -9.64766 -13.611 58.8681 -1.03421 -13 125 1 0 1
-1.35687 0.089467 74.9003 -4.51026 -3.1749 78.9547 1.36778 -13 126 1 0 1
3.92126 10.4493 74.9003 4.78079 8.25119 59.8621 -0.616265 -13 127 1 0 1
1.67369 -3.15646 74.9003 2.48338 -5.31544 64.7305 0.786642 -13 128 1 0 1
9.18574 -3.71014 74.9003 9.13667 -0.961604 49.7222 1.12444 -13 130 1 0 1
1.08956 3.5978 74.9003 0.598983 3.82267 69.1343 -0.0244944 -13 131 1 0 1
-9.85435 -4.2606 74.9003 -12.0177 -5.51143 72.8039 1.72304 -13 132 1 0 1
9.1947 0.339458 74.9003 9.85107 -0.282687 63.5364 -0.876095 -13 133 1 0 1
8.65002 3.88454 74.9003 8.12916 4.15945 75.2501 0.816899 -13 134 1 0 1
4.14548 3.19416 74.9003 3.67795 1.09105 69.9918 1.2782 -13 135 1 0 1
13.6401 6.00502 74.9003 13.1683 3.54788 54.8515 0.531183 -13 136 1 0 1
-4.88009 -2.2534 74.9003 -3.81575 -2.794 63.0284 1.95561 -13 137 1 0 1
-3.21732 12.8535 74.9003 -1.2811 11.5321 55.343 0.782451 -13 140 1 0 1
2.09534 6.62085 74.9003 3.64149 7.04823 52.4365 0.375451 -13 141 1 0 1
11.0536 3.91533 74.9003 11.4835 5.88745 63.9459 2.35744 -13 142 1 0 1
-8.00407 -3.10314 74.9003 -9.05084 -4.00813 70.8708 -0.444556 -13 143 1 0 1
9.09336 0.410702 74.9003 9.25675 -0.963709 71.535 3.31744 -13 144 1 0 1
7.60997 -17.9767 74.9003 7.90813 -14.8552 55.6209 2.16133 -13 145 1 0 1
6.80669 -5.8339 74.9003 7.23847 -4.18519 65.7494 0.641702 -13 146 1 0 1
-0.412682 -2.1514 74.9003 0.29883 -2.25129 65.4033 -0.790367 -13 147 1 0 1
-2.94974 -11.1656 74.9003 -3.34518 -9.40591 68.946 0.654929 -13 148 1 0 1
9.96077 8.7578 74.9003 9.62472 6.93049 55.7532 -0.0512461 -13 149 1 0 1
4.44284 10.5846 74.9003 4.92718 11.3984 65.304 0.234915 -13 150 1 0 1
4.82522 -11.9183 74.9003 5.51276 -11.1107 56.298 1.62724 -13 151 1 0 1
2.51922 -1.77967 74.9003 3.27978 -2.11567 64.4431 2.51721 -13 152 1 0 1
-3.07521 -5.60971 74.9003 -2.99904 -8.28706 67.6933 -0.107837 -13 153 1 0 1
-4.75571 -7.76874 74.9003 -8.33687 -9.52231 77.8808 -1.74175 -13 154 1 0 1
-9.88357 4.629 74.9003 -9.58166 3.85988 65.5035 -1.07271 -13 155 1 0 1
15.0804 -6.84895 74.9003 3.64203 -1.94962 43.5777 -0.0813022 -13 156 1 0 1
-2.86671 -0.0457493 74.9003 -1.7064 1.37141 62.4657 0.276137 -13 157 1 0 1
0.810482 4.36823 74.9003 -2.62826 3.00625 79.4154 1.64918 -13 158 1 0 1
-5.67719 8.94005 74.9003 -3.02518 6.6118 56.2157 -0.258689 -13 159 1 0 1
15.2909 -0.510152 74.9003 2.12839 -10.4401 53.7738 0.351439 -13 160 1 0 1
8.12928 0.69426 74.9003 8.12529 -1.65942 70.3879 1.90095 -13 161 1 0 1
-10.5857 4.13821 74.9003 -4.49568 2.36431 40.4003 -0.0827133 -13 162 1 0 1
-3.85962 5.08733 74.9003 -4.50413 7.87797 70.0999 -1.37571 -13 163 1 0 1
8.48248 -7.83279 74.9003 8.82371 -9.71348 65.728 0.393901 -13 164 1 0 1
-12.7919 1.15375 74.9003 14.9793 14.3443 31.1741 0.134052 -13 166 1 0 1
9.38733 10.8742 74.9003 9.84362 10.3657 61.5731 0.946765 -13 167 1 0 1
-2.01239 6.86886 74.9003 -6.19949 9.45155 78.6575 1.40823 -13 168 1 0 1
13.0894 -5.98706 74.9003 12.614 -6.37298 56.9505 0.0824311 -13 169 1 0 1
-5.23728 -2.89598 74.9003 -5.44703 -3.86045 67.5507 -0.339712 -13 170 1 0 1
-0.362193 5.18113 74.9003 1.40738 3.15724 56.8716 -0.0328554 -13 172 1 0 1
11.9465 -4.78362 74.9003 12.3633 -4.66716 58.1668 0.495695 -13 173 1 0 1
4.88021 6.65643 74.9003 5.35286 3.90281 68.7213 0.562099 -13 174 1 0 1
-5.11453 -6.4185 74.9003 -1.40671 -6.23775 48.6753 0.214011 -13 176 1 0 1
2.50107 -5.89221 74.9003 4.01671 -3.85631 52.5792 -0.218745 -13 178 1 0 1
8.90806 -11.687 74.9003 8.92517 -14.2778 68.4093 -0.433367 -13 179 1 0 1
6.82606 -8.64714 74.9003 7.24668 -6.52629 51.9613 1.91013 -13 180 1 0 1
-6.77174 -2.77877 74.9003 -2.00315 -1.67126 39.0791 -1.01061 -13 181 1 0 1
-9.4571 2.84409 74.9003 -3.61358 2.36925 40.5379 -0.460262 -13 182 1 0 1
10.7465 10.9793 74.9003 9.41385 9.21817 42.1165 0.438648 -13 183 1 0 1
-13.1947 -2.70936 74.9003 -10.3418 -4.11245 56.1748 0.364812 -13 184 1 0 1
-4.20033 -6.22241 74.9003 -2.43978 -7.17499 60.1972 -0.448011 -13 185 1 0 1
3.77439 7.25176 74.9003 4.45814 5.41257 41.3801 -0.221821 -13 186 1 0 1
4.8816 -0.589157 74.9003 4.97409 2.48524 71.3323 1.44565 -13 188 1 0 1
-6.93565 -4.2186 74.9003 -11.355 -5.56967 79.2247 0.478036 -13 189 1 0 1
-7.41745 3.95988 74.9003 -5.18394 3.87749 59.6507 2.24127 -13 191 1 0 1
0.0498635 2.17319 74.9003 -3.47233 5.77966 80.1368 1.14124 -13 192 1 0 1
-10.0735 -1.27916 74.9003 -3.9157 -2.21689 38.6991 -0.575261 -13 193 1 0 1
2.32607 11.7612 74.9003 2.29009 14.082 68.9515 0.0632644 -13 194 1 0 1
1.28582 -0.112852 74.9003 2.53671 0.0305089 60.3733 2.59152 -13 195 1 0 1
7.38958 -0.856222 74.9003 4.26671 -4.44848 80.4842 2.86721 -13 196 1 0 1
-5.26554 9.37822 74.9003 -4.03556 8.72604 63.1019 -0.597004 -13 197 1 0 1
12.2685 0.0551271 74.9003 10.9772 0.181352 49.26 -0.228025 -13 198 1 0 1
-10.1501 16.6113 74.9003 -7.01282 12.1901 56.8147 -1.25736 -13 199 1 0 1
-4.5276 -5.52751 74.9003 -1.87755 -3.47969 50.9536 1.0292 -13 200 1 0 1
-10.875 -3.81843 74.9003 -11.8435 -5.31096 69.0245 0.631349 -13 201 1 0 1
-2.29621 19.2036 74.9003 -0.858082 15.7481 58.0149 -0.509524 -13 202 1 0 1
-1.17953 2.03653 74.9003 -0.145726 0.544126 62.2035 0.593403 -13 203 1 0 1
0.367724 3.73977 74.9003 2.13131 1.01342 49.9989 1.79101 -13 205 1 0 1
-16.9431 2.50642 74.9003 -29.8989 10.2265 46.1448 0.514197 -13 206 1 0 1
-8.52563 -11.228 74.9003 -5.89297 -9.94161 57.1199 -0.722999 -13 207 1 0 1
-13.8617 1.61845 74.9003 -14.5896 1.99165 68.294 0.0283722 -13 208 1 0 1
10.3882 10.6746 74.9003 6.28622 4.45855 24.1361 0.752136 -13 209 1 0 1
14.583 10.1446 74.9003 11.2823 5.3277 41.7772 1.00495 -13 211 1 0 1
-3.34457 15.8801 74.9003 -5.06371 17.5148 72.343 2.39895 -13 212 1 0 1
-13.149 8.42703 74.9003 -10.5673 6.68698 58.7872 -0.985586 -13 213 1 0 1
-0.358913 9.57704 74.9003 -1.68658 9.51799 75.2577 1.33435 -13 214 1 0 1
1.59626 -4.89418 74.9003 0.765923 -8.66856 72.2168 2.05085 -13 215 1 0 1
3.32606 0.475454 74.9003 3.01916 0.707881 69.9802 1.4588 -13 216 1 0 1
-9.9621 3.40451 74.9003 -9.54241 3.1756 64.4119 0.513087 -13 218 1 0 1
-1.52416 -3.43648 74.9003 -3.5703 -3.97215 77.7152 0.361121 -13 219 1 0 1
3.19438 2.13245 74.9003 2.78186 0.698966 72.1769 2.71581 -13 220 1 0 1
12.4714 1.11711 74.9003 12.9447 -0.233044 54.2131 1.35212 -13 221 1 0 1
-1.20611 9.02558 74.9003 -1.99123 10.509 72.2509 -0.449395 -13 222 1 0 1
-8.13324 0.981699 74.9003 -6.95627 2.57126 61.7041 1.38276 -13 223 1 0 1
-6.69692 -0.708831 74.9003 -5.3209 0.116592 62.5016 -0.0893233 -13 224 1 0 1
3.2392 12.1525 74.9003 4.36265 10.7368 53.9298 0.117813 -13 226 1 0 1
-4.46937 -6.2405 74.9003 -3.227 -6.58038 62.2103 0.410036 -13 227 1 0 1
0.904279 0.0190434 74.9003 -1.80878 -0.324002 78.3992 -1.56567 -13 228 1 0 1
-6.16408 1.85028 74.9003 -8.08214 -0.195717 72.078 0.608578 -13 229 1 0 1
6.38573 -12.1021 74.9003 6.59278 -8.35388 45.5581 0.0911618 -13 230 1 0 1
14.6944 13.0934 74.9003 14.4967 15.1469 64.1888 1.61609 -13 231 1 0 1
-8.05775 -1.18417 74.9003 -7.60552 -1.96175 65.3686 -1.0888 -13 233 1 0 1
7.72432 2.02622 74.9003 7.95624 1.98776 67.7142 -0.240547 -13 234 1 0 1
6.30362 -4.74892 74.9003 5.73771 -7.73253 73.9539 0.642756 -13 235 1 0 1
-7.3752 -5.42458 74.9003 -6.59521 -7.44541 64.6848 1.66002 -13 236 1 0 1
12.8894 -13.0959 74.9003 12.1092 -9.47714 52.6162 1.20808 -13 237 1 0 1
0.245883 1.84581 74.9003 1.04736 1.41372 62.9564 0.480164 -13 238 1 0 1
-7.62355 -3.02867 74.9003 -8.84534 -0.694733 70.3854 1.64961 -13 239 1 0 1
9.82448 19.5953 74.9003 8.99283 13.6097 44.2774 0.11825 -13 240 1 0 1
11.579 2.17813 74.9003 8.36234 1.27431 33.722 1.32237 -13 241 1 0 1
-3.10201 -1.60551 74.9003 -1.31825 -3.459 58.8713 2.24208 -13 242 1 0 1
10.5637 -9.5116 74.9003 11.048 -8.23672 67.7604 0.277019 -13 243 1 0 1
4.00083 4.12009 74.9003 2.76927 4.66757 75.9531 1.04137 -13 244 1 0 1
7.12221 5.20254 74.9003 6.99241 8.96111 71.2742 -0.312214 -13 245 1 0 1
1.6592 4.49495 74.9003 1.31988 7.51084 70.6896 0.187076 -13 246 1 0 1
3.42317 -6.40048 74.9003 4.20451 -4.34233 61.0546 0.0912847 -13 247 1 0 1
-1.7871 -6.06912 74.9003 -1.73447 -6.04424 67.9895 1.07051 -13 248 1 0 1
5.25778 -10.082 74.9003 5.19861 -10.8168 68.1375 -1.09716 -13 250 1 0 1
10.7386 17.4579 74.9003 10.9403 12.8858 61.0465 -0.592128 -13 251 1 0 1
9.92333 0.578527 74.9003 10.7594 -0.530817 63.1059 0.692779 -13 252 1 0 1
3.34197 11.4402 74.9003 2.5627 14.3836 70.8916 -0.955388 -13 253 1 0 1
5.9886 7.91229 74.9003 6.70523 7.14975 53.8603 -0.0364435 -13 254 1 0 1
1.08002 2.88921 74.9003 -0.808261 5.61745 77.5104 0.331997 -13 255 1 0 1
-3.21781 3.93923 74.9003 -0.946576 3.26713 53.5462 -0.477805 -13 256 1 0 1
0.265618 -14.2568 74.9003 2.46317 -10.3204 42.7557 0.274011 -13 257 1 0 1
0.62873 -0.685457 74.9003 1.22272 -1.66061 63.3496 0.548152 -13 258 1 0 1
6.51531 -0.375943 74.9003 7.79946 -1.84606 56.7129 -0.728915 -13 259 1 0 1
-0.375544 1.37543 74.9003 -1.03968 -0.48748 72.7198 0.097256 -13 260 1 0 1
-2.61741 6.6326 74.9003 -1.37458 5.86067 60.1773 -0.691779 -13 261 1 0 1
4.61209 0.032704 74.9003 5.93027 0.663472 63.017 2.53331 -13 262 1 0 1
10.6388 -6.41876 74.9003 11.0445 -6.02936 62.5639 -1.04819 -13 263 1 0 1
-0.606226 -4.78113 74.9003 1.27713 -3.92234 50.8177 0.268627 -13 264 1 0 1
11.2618 6.62609 74.9003 11.5508 7.4404 62.6135 1.13408 -13 265 1 0 1
5.38849 3.2256 74.9003 5.52919 1.67123 70.6113 0.995124 -13 266 1 0 1
-1.88317 3.25649 74.9003 -1.12909 0.417444 63.7211 0.13133 -13 267 1 0 1
3.11355 4.2208 74.9003 4.21386 3.95785 43.0495 -0.552998 -13 268 1 0 1
-3.32688 5.02424 74.9003 -6.31152 2.67832 77.9108 0.867985 -13 269 1 0 1
-4.0123 -1.77389 74.9003 -3.04625 -4.03437 64.0401 1.69126 -13 270 1 0 1
8.89954 -4.26867 74.9003 8.25809 -7.42264 77.2572 -0.436135 -13 271 1 0 1
6.91555 -10.3135 74.9003 7.59173 -10.5762 62.465 2.02726 -13 272 1 0 1
-10.1215 3.77236 74.9003 -6.41473 2.42669 54.5831 3.28733 -13 273 1 0 1
4.66211 -0.563985 74.9003 4.99913 1.40057 67.4902 -1.61443 -13 274 1 0 1
10.1124 -2.84533 74.9003 10.0759 -4.05654 58.765 0.155903 -13 275 1 0 1
11.446 -6.41965 74.9003 11.8975 -6.45172 57.1084 1.64036 -13 277 1 0 1
-14.2727 1.33817 74.9003 -12.1966 1.19633 60.7935 2.00852 -13 278 1 0 1
-9.19504 -2.9807 74.9003 -9.71638 -6.85088 68.4438 -2.05193 -13 279 1 0 1
4.54125 2.86936 74.9003 5.18058 1.56488 61.3737 0.681753 -13 280 1 0 1
0.884057 -4.37861 74.9003 0.657034 -2.95437 66.7322 -0.872539 -13 281 1 0 1
-1.51799 12.1754 74.9003 0.7121 10.1917 47.8579 -0.317789 -13 282 1 0 1
9.15639 -12.1401 74.9003 8.88402 -9.25424 49.6915 -1.10233 -13 283 1 0 1
-4.75699 7.14724 74.9003 -1.98735 3.30711 53.109 0.128607 -13 284 1 0 1
-13.6085 5.73566 74.9003 -12.096 6.60072 61.4359 -0.0491107 -13 285 1 0 1
-7.13189 -7.18794 74.9003 -7.47762 -2.38493 69.2177 -1.04137 -13 286 1 0 1
-1.80816 1.35933 74.9003 0.265203 -0.616403 52.0359 -1.12382 -13 287 1 0 1
0.0808008 30.3007 74.9003 -2.41802 35.748 71.1645 0.141847 -13 288 1 0 1
-1.90656 10.4156 74.9003 -4.32144 12.514 77.3513 0.850671 -13 289 1 0 1
4.60454 -7.76581 74.9003 3.25182 -10.207 74.8247 0.842792 -13 291 1 0 1
-2.35858 2.00928 74.9003 -3.5705 3.34873 72.8773 0.129719 -13 292 1 0 1
-4.39639 1.99506 74.9003 -3.87771 1.54234 65.401 0.502704 -13 295 1 0 1
-8.92127 3.96059 74.9003 -6.51732 3.36892 59.1777 0.172006 -13 296 1 0 1
11.8105 -4.00623 74.9003 11.4201 -4.39807 53.3235 3.01606 -13 297 1 0 1
3.64866 2.77186 74.9003 3.89001 0.956741 67.3311 -1.4514 -13 298 1 0 1
-6.65884 6.85547 74.9003 -5.21102 4.9501 62.6463 -0.340773 -13 301 1 0 1
-5.88075 4.99066 74.9003 -4.93011 6.94766 63.5118 0.661073 -13 302 1 0 1
-0.2463 0.535721 74.9003 0.739643 2.8718 62.5177 0.434499 -13 303 1 0 1
-0.569775 5.65847 74.9003 -0.36603 7.59105 65.7677 0.947264 -13 304 1 0 1
-15.1296 11.9077 74.9003 -3.31781 5.09125 33.2299 1.74705 -13 305 1 0 1
-2.41694 -2.90246 74.9003 -2.0948 -4.53716 66.754 -0.632503 -13 306 1 0 1
7.87518 -15.7808 74.9003 7.63645 -19.5817 66.5208 -0.883261 -13 307 1 0 1
-1.96305 -12.4295 74.9003 -3.31664 -13.7422 72.7254 0.476041 -13 308 1 0 1
-1.24627 7.96097 74.9003 -0.944828 8.27114 66.1769 -0.448324 -13 309 1 0 1
11.2632 -5.05084 74.9003 11.0694 -5.35519 71.5887 -0.003202 -13 310 1 0 1
5.26961 -10.387 74.9003 4.51604 -3.06625 32.044 -0.950502 -13 311 1 0 1
-5.48646 1.38791 74.9003 -6.54147 2.5054 71.46 0.227664 -13 312 1 0 1
-5.17364 10.9759 74.9003 -6.47068 11.4583 71.7982 1.32419 -13 313 1 0 1
-5.30726 1.13695 74.9003 -6.06865 1.38927 67.9137 -0.194529 -13 314 1 0 1
10.3343 -2.39833 74.9003 10.9914 -0.0548782 61.7098 -1.04298 -13 315 1 0 1
2.81656 -21.1668 74.9003 3.99842 -16.8597 50.7315 -0.759254 -13 316 1 0 1
-4.19174 -9.32875 74.9003 -3.38111 -9.88719 63.8277 1.16308 -13 317 1 0 1
1.39466 -3.17167 74.9003 1.31382 -2.03526 69.2397 -1.02843 -13 318 1 0 1
-1.25442 5.40033 74.9003 -2.22307 8.68152 70.1334 2.39753 -13 319 1 0 1
10.5755 0.856708 74.9003 10.9041 1.02203 71.6576 0.969739 -13 320 1 0 1
7.03234 -0.395585 74.9003 7.34758 -0.91693 56.8178 -1.23137 -13 321 1 0 1
-2.4793 2.55874 74.9003 -7.69929 4.12193 79.7406 2.21371 -13 322 1 0 1
8.39192 -5.10344 74.9003 7.91027 -2.21881 75.5894 0.585405 -13 323 1 0 1
3.76071 7.19372 74.9003 4.40036 7.4295 65.7265 -0.289141 -13 324 1 0 1
3.87804 -4.32864 74.9003 3.46058 -5.51447 72.5235 0.352843 -13 325 1 0 1
-14.058 13.1598 74.9003 -12.1026 11.2134 59.2136 0.367255 -13 326 1 0 1
-10.0844 -24.2314 74.9003 -5.80468 -19.2292 48.3425 0.666375 -13 327 1 0 1
-8.17749 0.312257 74.9003 -6.14407 -3.84 59.2047 -1.11395 -13 328 1 0 1
-0.226813 8.40097 74.9003 -0.231656 10.0634 68.7011 1.4642 -13 329 1 0 1
7.98824 -3.46915 74.9003 7.33038 -2.05118 76.5005 -0.490093 -13 330 1 0 1
-7.89307 7.3709 74.9003 -9.43152 4.27562 71.5648 -1.20873 -13 331 1 0 1
-1.86307 2.91704 74.9003 1.20441 2.20052 27.0606 -0.522565 -13 332 1 0 1
7.25363 4.49878 74.9003 7.38782 4.20191 48.6376 4.50151 -13 333 1 0 1
-6.06359 -5.87894 74.9003 -5.12319 -5.42425 65.683 0.70206 -13 334 1 0 1
6.96982 -7.79193 74.9003 7.70615 -8.35555 66.0754 0.705152 -13 335 1 0 1
0.587523 -9.98631 74.9003 -0.21115 -9.94505 68.6931 -0.301167 -13 336 1 0 1
9.50205 -6.9631 74.9003 9.36673 -8.34502 53.7453 1.29054 -13 338 1 0 1
0.804959 -7.50596 74.9003 2.38547 -5.19092 50.6713 0.781016 -13 339 1 0 1
3.76104 6.96115 74.9003 3.99989 8.39411 69.24 0.559742 -13 340 1 0 1
7.3629 1.43762 74.9003 6.87996 -0.896663 77.5462 0.291345 -13 341 1 0 1
-1.60965 5.01583 74.9003 -3.11768 7.00362 73.5039 0.959544 -13 342 1 0 1
1.69561 -4.62845 74.9003 2.63773 -6.8786 62.1516 0.00389521 -13 343 1 0 1
10.7241 -0.422782 74.9003 10.0476 1.84989 49.2192 0.102779 -13 344 1 0 1
-1.15172 -0.218828 74.9003 -1.08251 1.13307 69.0713 -0.499893 -13 345 1 0 1
-10.0827 -1.6883 74.9003 -9.46556 -1.82732 65.0064 0.939487 -13 346 1 0 1
-2.99208 1.38193 74.9003 -2.87074 1.58807 68.4314 -0.489888 -13 347 1 0 1
-0.247835 3.68229 74.9003 1.93746 5.80196 52.4309 -0.103449 -13 348 1 0 1
13.0296 -0.85605 74.9003 12.4735 -1.77506 55.9194 1.23037 -13 349 1 0 1
3.27681 -5.9788 74.9003 3.80649 -5.47313 65.1326 1.12961 -13 350 1 0 1
-3.05083 6.65817 74.9003 -3.71918 6.02758 70.1984 -1.20605 -13 352 1 0 1
-2.00889 6.62979 74.9003 -1.3284 5.77356 65.8491 0.118348 -13 353 1 0 1
-0.115663 9.10938 74.9003 1.47054 5.90076 53.9284 0.787069 -13 354 1 0 1
-5.4098 7.35916 74.9003 -7.63226 8.85176 73.6111 -0.141356 -13 355 1 0 1
9.474 9.02947 74.9003 9.83254 10.1171 58.8454 0.64853 -13 356 1 0 1
0.66727 0.98947 74.9003 2.4003 1.57528 42.6003 0.466005 -13 357 1 0 1
13.0759 8.01196 74.9003 11.897 8.10305 50.8212 1.00162 -13 358 1 0 1
6.58313 0.411196 74.9003 7.53867 2.92848 62.1052 0.811491 -13 359 1 0 1
-4.70528 -4.26254 74.9003 -6.64062 -4.60795 75.0688 -0.284455 -13 360 1 0 1
5.02469 0.962678 74.9003 3.53448 2.89741 77.2875 0.192057 -13 361 1 0 1
0.0520228 4.22876 74.9003 -1.51998 6.48111 75.298 0.0159109 -13 363 1 0 1
1.33017 -5.31991 74.9003 1.30285 -4.33298 64.899 0.591363 -13 364 1 0 1
1.35323 8.16137 74.9003 3.16791 7.45382 49.2128 -1.49336 -13 365 1 0 1
13.6107 -1.35508 74.9003 11.8002 -1.25648 44.867 2.66928 -13 366 1 0 1
14.1036 -2.57709 74.9003 11.4599 -3.26153 40.7519 1.76938 -13 367 1 0 1
-2.28438 5.9542 74.9003 -1.49432 7.03106 64.9201 0.898727 -13 368 1 0 1
0.588516 -2.69581 74.9003 1.8453 -0.894659 60.4883 -0.732451 -13 369 1 0 1
-8.57125 1.49196 74.9003 -10.4078 1.06135 72.098 1.19107 -13 370 1 0 1
-0.294432 -5.24284 74.9003 0.573296 -4.3814 66.2347 2.73506 -13 371 1 0 1
1.06728 -8.64752 74.9003 3.07558 -9.76081 53.4392 1.20546 -13 372 1 0 1
-6.08657 -6.32209 74.9003 -5.34953 -7.13509 64.5179 1.0476 -13 373 1 0 1
-5.75173 -0.700389 74.9003 -8.50445 0.324074 76.2989 0.952639 -13 374 1 0 1
-11.1142 4.96395 74.9003 -15.6667 7.38031 77.3615 -1.07552 -13 375 1 0 1
-5.77909 -13.8701 74.9003 -6.26014 -14.5574 68.3586 0.816955 -13 376 1 0 1
13.797 -5.60706 74.9003 13.9035 -8.32941 77.4477 1.51081 -13 377 1 0 1
2.88329 -4.83383 74.9003 4.0718 -4.89273 42.6447 2.65624 -13 378 1 0 1
4.81557 -20.9371 74.9003 4.63524 -22.8785 65.1223 1.00199 -13 379 1 0 1
-7.09618 -19.2108 74.9003 -2.30119 -13.666 42.0938 -0.261623 -13 380 1 0 1
7.68893 0.348614 74.9003 8.34381 2.77708 59.6461 1.52906 -13 381 1 0 1
8.63707 -8.77315 74.9003 8.63518 -9.87321 72.0936 0.000919643 -13 382 1 0 1
13.4067 3.55584 74.9003 13.6157 1.53991 57.7087 -0.965108 -13 384 1 0 1
-0.346814 -2.5743 74.9003 0.0956964 -4.76347 67.464 2.12383 -13 385 1 0 1
1.775 -2.1541 74.9003 1.859 -3.12177 69.8909 2.27338 -13 386 1 0 1
-6.58291 -1.63461 74.9003 -8.03178 -2.89484 71.9867 0.462065 -13 387 1 0 1
2.37007 -0.805911 74.9003 3.91973 -0.12278 51.9191 -0.352673 -13 388 1 0 1
-5.55272 1.93418 74.9003 -4.23348 1.16736 63.7652 1.11033 -13 390 1 0 1
-6.33601 0.701451 74.9003 -3.36162 -1.77006 54.2015 0.608364 -13 392 1 0 1
-1.13491 12.405 74.9003 -0.263055 10.2767 60.5626 -0.4316 -13 394 1 0 1
-5.15212 11.5182 74.9003 -7.0046 15.2025 73.4417 -1.31673 -13 395 1 0 1
13.6392 5.27602 74.9003 13.7199 3.15162 63.1825 0.215463 -13 396 1 0 1
5.60942 -6.91442 74.9003 6.20022 -5.31571 59.8028 1.64261 -13 397 1 0 1
1.95649 -2.12354 74.9003 2.13284 -2.98758 66.8037 1.2177 -13 398 1 0 1
1.13832 -11.7975 74.9003 0.328296 -11.3731 70.9001 2.38951 -13 399 1 0 1
3.46564 2.368 74.9003 4.12631 6.27464 64.6472 0.334776 -13 400 1 0 1
7.36186 0.0797138 74.9003 7.18682 0.713221 71.7455 0.11617 -13 401 1 0 1
-6.25064 7.54921 74.9003 -3.99157 6.28258 57.7288 0.091215 -13 402 1 0 1
0.339676 -21.2425 74.9003 0.292608 -24.5924 67.5679 0.588409 -13 403 1 0 1
4.31085 -6.18061 74.9003 4.78999 -8.32485 66.099 1.5713 -13 404 1 0 1
-2.1328 -5.84726 74.9003 -1.07446 -7.75572 60.1527 -0.200982 -13 406 1 0 1
-1.55158 -6.8602 74.9003 -0.994039 -5.53374 66.0113 1.64237 -13 407 1 0 1
13.9104 8.30319 74.9003 13.6173 7.7277 56.8422 2.19804 -13 408 1 0 1
9.32961 -1.39838 74.9003 9.95784 -1.40892 63.8722 0.687486 -13 409 1 0 1
-2.96826 -5.73964 74.9003 -5.03046 -6.60125 75.9594 -2.24006 -13 410 1 0 1
-3.29553 9.56455 74.9003 0.31343 4.12941 43.4328 1.01641 -13 411 1 0 1
-0.749994 -9.27629 74.9003 -0.687965 -9.74975 66.8097 1.61834 -13 412 1 0 1
-6.12937 5.20705 74.9003 -9.66475 4.91676 78.2882 0.417422 -13 413 1 0 1
-11.0918 -5.83168 74.9003 -8.11593 -4.5452 57.8269 1.38167 -13 414 1 0 1
8.00106 7.69187 74.9003 8.26163 7.48457 56.8936 0.736092 -13 415 1 0 1
10.3986 -21.5072 74.9003 8.5622 -12.3735 40.5671 0.371744 -13 417 1 0 1
0.0755907 1.47477 74.9003 -0.193509 -0.0807009 69.695 1.82057 -13 418 1 0 1
3.85615 11.4134 74.9003 4.34727 11.3179 63.0362 0.880857 -13 419 1 0 1
0.931557 -7.39864 74.9003 0.0105272 -10.2502 73.4497 -0.100006 -13 421 1 0 1
5.45503 20.6866 74.9003 5.66495 20.9002 63.7678 0.765519 -13 422 1 0 1
-13.5893 -18.5869 74.9003 -7.47072 -10.7509 45.0796 0.237023 -13 423 1 0 1
-1.13971 2.0857 74.9003 -0.132278 2.96585 64.2249 0.301481 -13 425 1 0 1
0.151591 2.07414 74.9003 -1.58873 4.54679 74.0075 -1.08549 -13 426 1 0 1
11.0829 -7.50844 74.9003 11.1368 -5.40899 62.7241 -0.16121 -13 427 1 0 1
-3.41104 9.83691 74.9003 -3.0729 12.0696 65.2809 0.743777 -13 428 1 0 1
13.6952 -10.9008 74.9003 13.5678 -10.5078 56.257 0.283914 -13 429 1 0 1
-10.5753 13.0404 74.9003 -12.0997 14.451 69.4552 -1.35536 -13 430 1 0 1
2.62903 -4.46989 74.9003 1.07444 -5.67546 75.8905 2.22318 -13 431 1 0 1
5.43188 3.86952 74.9003 5.76822 5.6054 67.7546 2.29409 -13 432 1 0 1
0.537953 -8.43235 74.9003 -0.0515952 -11.7704 69.6779 1.72202 -13 433 1 0 1
4.68685 8.27795 74.9003 5.50841 10.1198 59.1341 0.492059 -13 434 1 0 1
3.06615 -0.16504 74.9003 3.15856 0.394834 67.4401 -1.96947 -13 437 1 0 1
-2.46156 0.172307 74.9003 0.146349 0.446278 55.1183 2.33749 -13 438 1 0 1
0.575275 -13.0838 74.9003 1.0698 -11.4311 62.9567 -0.769402 -13 439 1 0 1
6.23737 6.41628 74.9003 6.76219 6.72919 61.1089 0.578009 -13 440 1 0 1
-5.48856 0.307107 74.9003 -6.73386 0.0765339 71.5662 1.69341 -13 441 1 0 1
-4.67504 -2.35159 74.9003 -4.06665 0.263695 65.6128 0.206511 -13 442 1 0 1
3.75211 1.26495 74.9003 5.01856 3.65138 56.7838 1.41326 -13 443 1 0 1
13.1848 -0.61723 74.9003 13.4071 0.253966 69.3477 1.31121 -13 444 1 0 1
3.60476 0.845018 74.9003 3.3753 -1.88193 68.4137 0.402249 -13 445 1 0 1
-2.96972 -7.8885 74.9003 -3.11965 -5.96005 69.1209 -1.22341 -13 446 1 0 1
9.07944 1.0287 74.9003 9.37822 1.30365 56.7289 -0.0693288 -13 447 1 0 1
-0.262259 2.04589 74.9003 -0.494083 3.67494 70.6795 -1.67656 -13 448 1 0 1
-0.521509 0.417424 74.9003 1.26983 -0.579752 52.823 0.197542 -13 449 1 0 1
5.97037 3.21345 74.9003 4.03774 1.74674 81.0976 0.382687 -13 451 1 0 1
-0.0795564 -1.91439 74.9003 0.547999 -2.73942 67.4848 1.42701 -13 452 1 0 1
5.93514 -3.53187 74.9003 7.2809 -2.69714 59.5789 0.0238564 -13 453 1 0 1
-5.74586 3.64706 74.9003 -1.96586 2.4682 50.6871 1.74993 -13 454 1 0 1
9.67606 -7.22443 74.9003 10.1703 -7.86071 55.5805 0.566381 -13 455 1 0 1
7.47302 9.03901 74.9003 7.74994 9.73618 64.2126 -0.291197 -13 456 1 0 1
11.9074 2.76518 74.9003 12.3051 4.20998 56.2554 1.17226 -13 457 1 0 1
7.79182 -21.6147 74.9003 7.55486 -17.2132 53.198 -0.708739 -13 458 1 0 1
10.3006 7.64219 74.9003 10.6359 6.48887 74.0792 1.99844 -13 459 1 0 1
-3.1739 1.09289 74.9003 -2.98297 2.42855 65.4956 0.181618 -13 460 1 0 1
-4.44068 3.55824 74.9003 -3.8759 4.91897 66.3057 0.686774 -13 461 1 0 1
6.35335 2.35546 74.9003 7.20696 2.6986 64.7282 0.0540871 -13 462 1 0 1
4.06579 -2.23742 74.9003 4.10787 -2.03704 68.9916 1.80663 -13 463 1 0 1
8.97384 18.3315 74.9003 9.05893 17.3683 59.8013 0.216402 -13 464 1 0 1
-6.13823 17.2231 74.9003 -1.69356 10.2258 38.2489 -0.327282 -13 465 1 0 1
6.09543 8.12507 74.9003 6.57338 7.82155 56.7757 0.70888 -13 466 1 0 1
9.37383 6.04912 74.9003 8.10005 4.59521 38.413 0.364251 -13 467 1 0 1
4.08249 -1.74913 74.9003 5.51448 -3.98806 56.4339 -0.458053 -13 468 1 0 1
-1.48578 15.5915 74.9003 0.754528 11.8423 50.0903 0.869863 -13 469 1 0 1
5.22413 -7.1938 74.9003 5.5751 -5.80458 65.0052 -0.113827 -13 470 1 0 1
4.23214 10.2965 74.9003 5.35675 7.43087 49.2774 1.61702 -13 471 1 0 1
9.28682 -13.9609 74.9003 8.27747 -9.16812 42.5529 1.66518 -13 472 1 0 1
1.30042 -3.975 74.9003 3.12943 -3.79189 55.5055 -0.227461 -13 473 1 0 1
9.99685 -7.08063 74.9003 10.6732 -6.72415 61.2758 -0.253189 -13 474 1 0 1
4.02146 5.71854 74.9003 3.93507 7.60027 72.1534 1.9068 -13 475 1 0 1
-10.3281 11.5105 74.9003 -8.66347 11.4737 60.6574 0.370229 -13 476 1 0 1
3.00172 13.0097 74.9003 3.87979 11.5862 66.7036 -0.933134 -13 477 1 0 1
-1.09699 -6.50843 74.9003 -0.404088 -5.52455 61.752 -1.41643 -13 478 1 0 1
5.03023 0.102761 74.9003 5.45924 -0.908978 48.1669 -0.185668 -13 479 1 0 1
10.1365 4.7861 74.9003 10.095 4.97434 54.3744 0.714352 -13 480 1 0 1
10.2091 -7.18459 74.9003 7.92596 -3.89657 33.4844 1.17188 -13 481 1 0 1
2.34406 -8.28264 74.9003 4.01092 -7.54155 45.2394 0.855221 -13 482 1 0 1
-9.35484 10.5738 74.9003 -9.92382 10.2142 68.2385 1.14885 -13 483 1 0 1
-6.81471 0.907626 74.9003 -7.09291 -0.0799947 67.3087 -0.904862 -13 484 1 0 1
-12.3425 -10.211 74.9003 -9.30246 -10.0401 56.5873 2.25637 -13 485 1 0 1
1.43617 -12.4468 74.9003 2.47849 -12.9672 57.9282 3.14388 -13 486 1 0 1
10.2581 1.83152 74.9003 10.3082 0.439706 68.5813 0.4994 -13 487 1 0 1
-14.2198 -4.37324 74.9003 -11.9752 -4.21249 60.2448 -0.50079 -13 488 1 0 1
1.6918 6.31863 74.9003 3.16763 6.9791 41.8694 1.83721 -13 489 1 0 1
-1.42798 -11.926 74.9003 -0.438242 -13.2862 62.3739 -1.42879 -13 490 1 0 1
4.8548 4.9699 74.9003 4.79655 2.83902 69.9127 1.2238 -13 491 1 0 1
4.19415 4.07685 74.9003 4.93961 5.91663 61.3162 1.56844 -13 492 1 0 1
-1.40405 -3.45913 74.9003 0.581768 -3.62205 59.6716 1.41699 -13 493 1 0 1
4.41346 -4.0307 74.9003 4.75686 -3.53305 36.6047 0.648647 -13 494 1 0 1
6.02056 11.192 74.9003 6.4434 4.76784 41.677 -2.19782 -13 495 1 0 1
4.30698 -12.9916 74.9003 4.95572 -8.62506 43.6244 0.764346 -13 496 1 0 1
-3.53442 0.41009 74.9003 -3.17278 0.790065 64.3004 0.651924 -13 497 1 0 1
-3.41279 6.09555 74.9003 -3.69705 6.86839 68.8851 -0.0569736 -13 498 1 0 1
2.8302 5.29669 74.9003 4.0559 2.79243 52.1487 -0.402313 -13 499 1 0 1
4.99052 6.31069 74.9003 3.21123 6.2008 79.3009 0.0504005 -13 501 1 0 1
-9.1994 8.08243 74.9003 -9.29285 6.51927 66.5677 -0.793459 -13 502 1 0 1
-0.0644748 -16.1265 74.9003 -0.0607642 -14.2575 68.4084 -1.25281 -13 503 1 0 1
-0.72739 3.63365 74.9003 -0.708727 4.65017 66.3329 0.666788 -13 504 1 0 1
-5.25495 -2.14225 74.9003 -9.16743 -3.76175 78.8179 1.61354 -13 506 1 0 1
10.8765 14.5878 74.9003 9.73165 11.3805 48.7542 0.898732 -13 507 1 0 1
10.2641 -8.84002 74.9003 10.9849 -7.29579 62.6515 1.3524 -13 508 1 0 1
9.97297 -7.70474 74.9003 9.88433 -8.03604 72.1338 0.368838 -13 509 1 0 1
-8.22701 7.86191 74.9003 -6.3039 6.89604 60.6 1.53809 -13 510 1 0 1
-12.6638 -0.647267 74.9003 -14.1298 0.690424 70.602 2.41047 -13 511 1 0 1
-6.28499 -3.9523 74.9003 -4.51066 -3.19158 58.5513 -0.0178555 -13 512 1 0 1
5.4104 2.28144 74.9003 6.07697 2.99517 51.3562 1.539 -13 513 1 0 1
-4.24722 -0.142727 74.9003 -2.29854 0.0185559 55.2417 -3.08147 -13 514 1 0 1
-10.6157 0.423779 74.9003 -10.7014 0.886461 65.8408 -1.08561 -13 515 1 0 1
-2.9412 1.98734 74.9003 -1.23471 4.06918 56.712 -1.55475 -13 516 1 0 1
0.664759 -2.1726 74.9003 -0.00564966 -4.2631 72.3037 -0.784967 -13 517 1 0 1
2.89377 0.135042 74.9003 3.80586 1.01371 65.1515 1.1701 -13 518 1 0 1
-7.34996 2.54746 74.9003 -11.5018 2.07795 77.9515 0.249357 -13 519 1 0 1
1.73944 -5.12645 74.9003 3.16607 -6.59926 60.566 2.89114 -13 520 1 0 1
-3.23663 -10.401 74.9003 -3.55344 -10.1248 69.7086 -1.13372 -13 521 1 0 1
2.48705 4.54877 74.9003 -0.223252 5.16816 80.5672 1.22526 -13 522 1 0 1
-5.55091 6.38237 74.9003 -6.05503 5.36275 69.7287 1.20427 -13 523 1 0 1
2.83198 -5.18244 74.9003 3.92245 -1.30028 61.9588 1.0837 -13 524 1 0 1
3.74984 13.7026 74.9003 4.63212 7.93584 39.4488 1.15492 -13 525 1 0 1
-6.88751 -1.9179 74.9003 -8.57689 0.370007 71.796 0.372947 -13 526 1 0 1
-4.0596 11.6563 74.9003 -2.4825 10.7409 59.1072 1.39527 -13 527 1 0 1
-4.03148 4.16804 74.9003 -1.38819 3.26918 54.5985 3.06943 -13 528 1 0 1
11.7658 -11.0058 74.9003 11.8808 -14.6208 69.8768 1.13184 -13 529 1 0 1
1.87304 4.67826 74.9003 2.41785 4.73366 67.128 -0.267765 -13 530 1 0 1
-0.241331 4.74587 74.9003 1.49147 5.14211 59.2233 1.35535 -13 531 1 0 1
-11.7922 8.57439 74.9003 -7.62338 8.33503 52.674 2.04814 -13 532 1 0 1
-5.02925 -19.4864 74.9003 -0.745208 -8.86895 29.8682 3.91106 -13 533 1 0 1
7.41136 -1.07664 74.9003 7.6159 -0.365368 70.064 1.29937 -13 534 1 0 1
3.46069 7.78431 74.9003 3.14263 11.88 69.3212 -2.49797 -13 535 1 0 1
6.71878 -0.0602296 74.9003 7.19012 1.6239 55.0573 -0.531926 -13 536 1 0 1
9.25096 9.06669 74.9003 10.2597 7.71192 61.8724 0.4624 -13 538 1 0 1
12.7778 -4.54064 74.9003 12.6854 -4.53344 76.2922 1.69659 -13 540 1 0 1
-1.15641 9.07656 74.9003 -1.99585 11.2601 70.5806 1.27745 -13 541 1 0 1
5.20563 3.56406 74.9003 5.50472 4.8248 67.6151 0.346065 -13 542 1 0 1
9.04962 -5.15551 74.9003 9.77763 -7.30538 66.4157 -0.180046 -13 543 1 0 1
5.56223 -2.1907 74.9003 6.32177 -2.71828 63.7957 0.770424 -13 544 1 0 1
-3.59896 -22.1699 74.9003 -4.33754 -24.5685 68.2621 1.48475 -13 545 1 0 1
3.23139 -20.6287 74.9003 3.84316 -13.3405 42.9692 0.944415 -13 546 1 0 1
0.441221 15.2425 74.9003 2.00608 12.9727 51.6679 -0.307265 -13 547 1 0 1
4.78757 7.01685 74.9003 5.32671 8.78583 61.2858 2.61899 -13 548 1 0 1
5.29187 -5.25604 74.9003 6.16017 -2.83508 57.7498 2.9321 -13 549 1 0 1
-15.453 12.2339 74.9003 -25.133 12.7193 54.7847 -2.15056 -13 550 1 0 1
7.65367 -8.41965 74.9003 6.21848 -2.64994 35.5109 1.75836 -13 551 1 0 1
-10.228 -3.39877 74.9003 -7.88504 -3.97792 59.0422 0.59096 -13 553 1 0 1
-8.45948 -1.89389 74.9003 -8.06023 -2.90535 65.0963 -0.668916 -13 554 1 0 1
9.79788 7.24922 74.9003 9.28137 8.23639 73.5684 1.55957 -13 555 1 0 1
-2.76838 9.84715 74.9003 -1.07374 8.17531 56.4611 0.865466 -13 556 1 0 1
6.35992 -0.442025 74.9003 7.03522 -1.13786 61.4883 2.78201 -13 557 1 0 1
-2.46471 -3.01018 74.9003 -1.35276 -4.09712 62.0447 -2.25726 -13 558 1 0 1
-12.1613 5.66926 74.9003 -6.60858 4.26013 45.6989 -0.989302 -13 560 1 0 1
-10.1341 4.97809 74.9003 -10.992 3.60227 68.6049 1.43112 -13 562 1 0 1
7.23757 -2.36367 74.9003 7.05138 -4.22375 70.4509 -0.0153323 -13 564 1 0 1
-7.59317 9.47795 74.9003 -4.82793 9.34705 55.3899 1.64212 -13 565 1 0 1
-10.4589 -2.76582 74.9003 -12.8095 -3.69649 72.433 1.06009 -13 566 1 0 1
-5.89938 -4.69699 74.9003 -2.91279 -2.96771 53.3528 0.582219 -13 567 1 0 1
-0.992652 7.69688 74.9003 -1.36858 9.3319 71.0808 0.497735 -13 568 1 0 1
1.88202 -5.59076 74.9003 2.60219 -5.71107 61.6983 2.14203 -13 569 1 0 1
1.15034 -7.71928 74.9003 3.03222 -5.07751 52.4119 -2.02077 -13 570 1 0 1
2.95253 14.0713 74.9003 2.97603 6.36247 24.889 0.563573 -13 571 1 0 1
2.41263 -5.1932 74.9003 1.32052 -7.73901 75.3905 0.162994 -13 572 1 0 1
-5.63899 -1.6153 74.9003 -5.70839 -4.25786 68.695 2.26744 -13 573 1 0 1
-6.60045 19.5425 74.9003 -4.90602 19.0458 58.0199 -0.597934 -13 574 1 0 1
3.22843 -2.19697 74.9003 3.11061 -2.37874 69.6808 0.503748 -13 575 1 0 1
-0.172284 2.97494 74.9003 -0.11592 0.072268 68.7589 -0.570796 -13 576 1 0 1
3.90855 -5.64417 74.9003 4.1645 -2.66826 65.7015 -1.64138 -13 577 1 0 1
-4.05293 12.2865 74.9003 -5.33271 13.9897 71.959 2.25933 -13 578 1 0 1
9.77573 -13.771 74.9003 10.3964 -13.1701 60.9704 0.104108 -13 579 1 0 1
-10.6273 6.05392 74.9003 -10.7208 8.00271 66.0913 1.80945 -13 580 1 0 1
10.3297 2.943 74.9003 10.7972 1.48306 61.9291 0.418689 -13 581 1 0 1
5.27217 0.0915028 74.9003 5.16909 -0.858388 71.2649 -0.124536 -13 583 1 0 1
8.03558 6.39354 74.9003 8.14643 4.2766 64.2311 -0.419903 -13 584 1 0 1
-0.0373197 -5.49743 74.9003 0.0868654 -7.0737 65.2063 -1.71728 -13 585 1 0 1
4.51991 -9.85146 74.9003 4.13995 -11.9331 71.142 2.50164 -13 586 1 0 1
-6.53056 12.8597 74.9003 -8.57806 16.436 72.5449 0.68172 -13 587 1 0 1
7.63463 -0.310605 74.9003 8.06642 1.23032 66.598 -1.7917 -13 588 1 0 1
1.36156 3.99556 74.9003 1.05956 3.37649 70.5597 -0.925271 -13 589 1 0 1
-8.71455 -10.5779 74.9003 -10.8343 -13.9741 73.1311 -0.546531 -13 590 1 0 1
-5.31759 -1.04912 74.9003 -8.5715 0.457392 77.8084 2.8885 -13 591 1 0 1
-1.11608 -0.368646 74.9003 -1.29619 -1.30851 71.5045 -2.29445 -13 592 1 0 1
3.59901 4.47065 74.9003 4.61886 1.63375 64.2285 2.28268 -13 593 1 0 1
-8.37528 0.930111 74.9003 -7.85909 -0.394659 63.3531 0.586606 -13 594 1 0 1
4.64207 -3.38427 74.9003 5.11649 -1.67187 63.7804 0.928473 -13 595 1 0 1
-11.0841 -1.78214 74.9003 -16.4978 -2.48622 78.0806 0.236406 -13 597 1 0 1
2.55545 -8.4997 74.9003 -0.372542 -11.2828 80.7332 -1.41101 -13 598 1 0 1
-5.20082 -0.793053 74.9003 -1.45552 -0.558884 47.0724 -1.13951 -13 599 1 0 1
0.801179 -11.3212 74.9003 2.68385 -8.98187 50.7169 0.966633 -13 600 1 0 1
5.3913 0.398962 74.9003 5.86577 0.0760353 59.436 1.55362 -13 601 1 0 1
2.59543 -6.83108 74.9003 3.50932 -6.46529 64.4316 0.987544 -13 602 1 0 1
-14.4636 -3.53237 74.9003 -14.7772 -3.2966 66.7897 -0.913229 -13 603 1 0 1
9.96105 -3.29914 74.9003 9.88843 -3.37689 47.1116 0.597664 -13 604 1 0 1
-1.66149 -24.4918 74.9003 -0.239344 -20.5862 57.4751 0.450914 -13 605 1 0 1
9.27102 -1.74511 74.9003 9.25301 -1.78079 66.6379 2.97536 -13 606 1 0 1
10.4505 11.106 74.9003 9.69882 15.3653 75.327 -0.420253 -13 607 1 0 1
-11.0967 2.10204 74.9003 -13.2208 5.5712 72.1638 0.49767 -13 609 1 0 1
-6.23929 2.17903 74.9003 -6.2701 5.89528 66.9827 -1.31244 -13 610 1 0 1
-2.62618 1.13749 74.9003 -0.370457 -0.648659 54.332 1.32344 -13 611 1 0 1
14.2187 2.94895 74.9003 13.3364 4.18636 55.7667 -1.8303 -13 612 1 0 1
13.7389 -10.3854 74.9003 10.1233 -5.95195 38.1481 1.888 -13 613 1 0 1
2.80293 -4.86165 74.9003 3.75009 -6.55743 64.5476 0.0695125 -13 614 1 0 1
-7.30597 -3.19582 74.9003 -8.74939 -6.31292 73.1266 1.16684 -13 615 1 0 1
5.32706 4.80309 74.9003 4.13279 7.12913 78.1585 0.124427 -13 616 1 0 1
-6.45973 -4.27614 74.9003 -5.80336 -3.07652 63.5917 -0.312449 -13 617 1 0 1
-1.96742 22.7619 74.9003 -0.692279 20.6596 56.5312 -0.611066 -13 618 1 0 1
13.8397 13.8282 74.9003 12.3549 11.8027 49.8116 1.16955 -13 619 1 0 1
-2.57978 3.12152 74.9003 -5.43728 3.37449 77.8142 -1.86684 -13 620 1 0 1
3.15478 -6.3103 74.9003 4.18349 -3.30505 59.9999 1.07948 -13 621 1 0 1
11.6971 -27.6363 74.9003 11.1716 -21.2527 54.7504 0.794024 -13 622 1 0 1
0.762402 -1.10373 74.9003 2.12794 1.26118 60.785 0.101357 -13 623 1 0 1
6.64652 4.63524 74.9003 7.59148 3.33376 65.1341 0.0854772 -13 624 1 0 1
2.73081 9.96033 74.9003 3.96963 6.85389 59.4482 -0.442314 -13 625 1 0 1
6.22173 3.11491 74.9003 5.9201 1.91309 70.7612 2.81967 -13 626 1 0 1
-8.50665 7.14625 74.9003 -11.6325 11.7713 75.4161 0.93426 -13 627 1 0 1
11.649 1.64669 74.9003 12.4516 2.64786 72.0564 0.508881 -13 628 1 0 1
-0.790155 13.8981 74.9003 0.257805 14.9351 64.8464 0.582065 -13 629 1 0 1
-10.2297 8.24191 74.9003 -9.1284 9.21742 62.5556 1.06094 -13 630 1 0 1
2.15509 1.85396 74.9003 3.93372 2.17671 59.1667 -0.244148 -13 631 1 0 1
-0.411223 -8.35363 74.9003 -0.206015 -8.11127 66.856 -1.12628 -13 632 1 0 1
-12.4811 23.6673 74.9003 -9.92266 21.0225 57.0804 0.310705 -13 634 1 0 1
-7.34714 7.2935 74.9003 -9.06736 10.4026 72.2606 -1.73827 -13 636 1 0 1
8.36479 0.182962 74.9003 8.10033 -0.866011 72.0991 0.459228 -13 637 1 0 1
-1.62193 -15.5594 74.9003 1.17042 -6.97679 28.8045 0.750203 -13 638 1 0 1
6.65192 -9.38894 74.9003 6.86486 -9.34215 65.6745 -1.57273 -13 639 1 0 1
8.06646 6.74312 74.9003 6.73791 3.98825 39.0052 -1.60763 -13 640 1 0 1
12.9185 -9.62001 74.9003 12.8873 -9.76722 60.9962 -0.910762 -13 641 1 0 1
3.8353 -9.54502 74.9003 5.17134 -7.12974 57.6276 0.382257 -13 642 1 0 1
0.508861 -15.7309 74.9003 -0.0180868 -17.0496 69.7486 -0.00442404 -13 643 1 0 1
-6.08931 -12.1659 74.9003 -3.06531 -10.1727 50.0031 2.70548 -13 644 1 0 1
4.94488 -10.5593 74.9003 5.8276 -8.61585 56.6745 1.4257 -13 645 1 0 1
-7.58162 3.19513 74.9003 -9.56259 3.158 71.9146 1.7144 -13 646 1 0 1
-12.9157 -1.17756 74.9003 -17.6856 -0.101287 76.5437 -1.14389 -13 647 1 0 1
7.26995 0.504872 74.9003 7.9102 1.19821 68.0776 0.253591 -13 649 1 0 1
-0.172094 -6.16054 74.9003 -1.51846 -5.45775 73.6936 1.30634 -13 650 1 0 1
3.10581 2.89858 74.9003 3.05584 2.62786 68.175 0.852625 -13 651 1 0 1
-1.94221 -5.05434 74.9003 -1.78191 -5.79975 65.9569 1.36428 -13 652 1 0 1
2.12843 -6.11208 74.9003 1.98997 -5.03408 68.4394 0.979687 -13 653 1 0 1
7.86408 -3.71901 74.9003 7.91902 -2.15959 40.4587 0.0970662 -13 654 1 0 1
-6.10738 -10.1282 74.9003 -1.405 -6.28959 34.7663 0.746571 -13 655 1 0 1
-10.1909 12.1483 74.9003 -9.63818 13.5236 63.1711 0.260431 -13 656 1 0 1
-2.5559 2.23339 74.9003 -1.61533 4.29896 61.0423 0.981808 -13 657 1 0 1
-1.91726 -8.98081 74.9003 -2.51421 -7.18427 69.0218 2.56936 -13 659 1 0 1
0.452027 -4.85274 74.9003 0.511339 -4.29546 66.3405 -1.15407 -13 660 1 0 1
-2.10997 -3.13202 74.9003 -4.7176 -6.66323 76.4707 1.95402 -13 661 1 0 1
-5.45789 4.42382 74.9003 -3.52581 3.95627 58.0652 0.110311 -13 662 1 0 1
8.27565 3.4968 74.9003 8.7599 4.16659 57.2387 0.824425 -13 663 1 0 1
-2.44384 -8.67951 74.9003 -3.54618 -8.59067 70.3462 2.07123 -13 664 1 0 1
-1.70345 -3.68794 74.9003 -3.83996 -5.39739 76.8768 0.621826 -13 665 1 0 1
-10.0648 0.247214 74.9003 -8.25308 1.15603 61.3507 1.34268 -13 666 1 0 1
1.57049 1.04549 74.9003 2.48866 1.50866 60.5853 -1.78929 -13 667 1 0 1
-2.42896 -8.97481 74.9003 0.459542 -5.55025 35.4447 1.28432 -13 668 1 0 1
2.52035 -13.2005 74.9003 3.16416 -13.3748 67.0746 1.72738 -13 669 1 0 1
4.40643 -9.38713 74.9003 4.06977 -9.71504 72.2352 0.357804 -13 670 1 0 1
12.9168 -11.9397 74.9003 13.1668 -11.0298 61.6798 0.846326 -13 671 1 0 1
11.4058 10.5532 74.9003 10.5456 8.6206 55.7251 1.94799 -13 672 1 0 1
1.1355 23.6392 74.9003 2.21966 19.8676 57.7159 0.721173 -13 673 1 0 1
13.7045 4.75642 74.9003 13.0763 4.6226 61.6403 1.21711 -13 674 1 0 1
-1.65754 -13.8934 74.9003 -0.600023 -14.1365 62.0604 3.53488 -13 675 1 0 1
14.5855 -1.31393 74.9003 14.2375 -2.10377 65.5559 1.35633 -13 677 1 0 1
2.31968 7.21315 74.9003 1.93333 11.8045 71.4442 1.88184 -13 678 1 0 1
-7.18865 12.9609 74.9003 -7.32799 13.6592 66.5495 0.360413 -13 679 1 0 1
-5.40062 3.84572 74.9003 -2.75185 2.23773 56.0939 -0.50058 -13 680 1 0 1
-0.0336668 -1.98232 74.9003 -0.928052 -6.12416 73.4789 -2.90517 -13 681 1 0 1
0.104219 -18.222 74.9003 2.14445 -12.0193 32.8297 0.601428 -13 682 1 0 1
-2.06109 -8.64436 74.9003 -0.94393 -7.57272 60.9543 0.160797 -13 684 1 0 1
6.96622 9.78818 74.9003 7.20474 10.6915 69.3064 0.761261 -13 686 1 0 1
8.34122 -1.06784 74.9003 8.65359 0.390018 53.1736 2.08777 -13 687 1 0 1
-1.11228 5.46091 74.9003 -0.811396 3.92947 66.6722 0.32491 -13 688 1 0 1
10.3357 -11.8782 74.9003 10.7389 -12.1791 59.4493 1.38271 -13 690 1 0 1
3.5989 0.768658 74.9003 3.80221 -1.07127 64.8438 -1.59106 -13 691 1 0 1
-3.10132 0.639663 74.9003 -2.2495 -1.824 62.4144 -0.575448 -13 692 1 0 1
7.26353 3.07917 74.9003 7.18333 -1.16339 50.5965 2.25556 -13 693 1 0 1
1.9552 -9.30125 74.9003 2.29391 -7.09395 64.9484 2.73394 -13 694 1 0 1
2.8958 8.1165 74.9003 3.66533 8.20024 64.5882 0.721052 -13 696 1 0 1
-3.54924 3.14107 74.9003 -4.95169 4.5998 70.9314 0.884136 -13 697 1 0 1
1.28078 -3.46411 74.9003 0.445384 -3.65894 72.457 1.74531 -13 700 1 0 1
5.3534 8.00568 74.9003 5.61724 10.4562 69.7409 1.69765 -13 701 1 0 1
7.91519 0.598537 74.9003 7.3324 0.716181 44.2681 1.80327 -13 702 1 0 1
-6.11684 5.19585 74.9003 -10.2756 5.12553 79.2394 -1.88354 -13 703 1 0 1
10.9477 11.449 74.9003 11.1893 11.513 55.999 -0.0601595 -13 704 1 0 1
2.89506 4.92966 74.9003 4.27602 3.27536 53.7313 1.83663 -13 705 1 0 1
-1.78745 4.1595 74.9003 0.540849 3.75048 54.7511 -1.18362 -13 706 1 0 1
0.275351 1.75622 74.9003 -0.481449 5.21643 72.306 3.67234 -13 707 1 0 1
-11.0188 -4.02581 74.9003 -8.62631 -3.64026 58.8581 0.910826 -13 708 1 0 1
0.364019 -5.96232 74.9003 1.0817 -7.38742 65.6832 0.456021 -13 709 1 0 1
2.55161 -2.08258 74.9003 4.13452 -2.96922 44.6106 -0.488032 -13 710 1 0 1
6.93834 1.90229 74.9003 7.10287 -0.0733728 50.7162 0.11386 -13 711 1 0 1
1.59547 -7.72702 74.9003 1.39573 -7.74057 69.1088 1.75279 -13 712 1 0 1
-1.33769 -7.58828 74.9003 -5.01767 -10.9168 80.2824 0.344617 -13 713 1 0 1
2.42394 0.493759 74.9003 3.82102 -1.20002 49.8978 2.09873 -13 714 1 0 1
-1.9665 5.65763 74.9003 -2.83121 7.49945 71.1949 -0.715343 -13 715 1 0 1
11.6623 9.56579 74.9003 11.2533 7.15947 49.7172 1.66937 -13 716 1 0 1
-1.60761 -3.43384 74.9003 0.638965 -3.27122 52.8438 2.21843 -13 717 1 0 1
-4.5326 0.670304 74.9003 -5.8591 -0.645789 72.2072 1.29913 -13 718 1 0 1
4.43348 2.34732 74.9003 4.25394 4.23284 71.8669 0.259152 -13 719 1 0 1
1.00527 12.1158 74.9003 1.53841 12.3131 65.4191 2.46283 -13 720 1 0 1
7.99074 -10.8027 74.9003 7.86441 -11.4845 70.9497 0.275594 -13 721 1 0 1
5.28977 -10.1941 74.9003 5.91556 -9.2658 54.1887 -1.10683 -13 722 1 0 1
1.33515 -6.29322 74.9003 2.07222 -4.23294 61.775 -0.816604 -13 723 1 0 1
1.9913 11 74.9003 1.29462 11.0431 72.2469 2.36245 -13 724 1 0 1
-5.15218 9.00369 74.9003 -2.91093 6.56756 55.6134 0.139268 -13 725 1 0 1
9.06667 3.08804 74.9003 8.08653 2.42552 44.4835 2.42091 -13 727 1 0 1
8.91146 27.2474 74.9003 7.31097 17.799 40.0345 0.205416 -13 728 1 0 1
5.29253 -5.53561 74.9003 4.07434 -5.77951 76.2818 -1.47596 -13 729 1 0 1
-3.48901 -14.4355 74.9003 0.604423 -7.04323 36.4064 0.363537 -13 730 1 0 1
-2.18493 -4.56331 74.9003 -2.73907 -3.90672 70.5726 -0.879249 -13 731 1 0 1
-3.33433 9.15186 74.9003 -3.27118 8.21287 68.6938 2.37757 -13 732 1 0 1
-5.98386 0.13963 74.9003 -1.9975 -1.57825 46.7169 0.046478 -13 733 1 0 1
4.73864 2.71313 74.9003 4.86982 -2.66501 71.4418 2.60749 -13 734 1 0 1
5.69425 7.35386 74.9003 6.0675 5.29874 47.1549 0.256551 -13 736 1 0 1
-2.53099 9.32426 74.9003 -1.22771 8.2725 62.9467 2.44896 -13 737 1 0 1
11.5795 3.88773 74.9003 11.426 4.84811 57.648 1.93748 -13 738 1 0 1
6.65473 -2.9258 74.9003 7.21419 -1.13937 59.1287 -0.748817 -13 739 1 0 1
-4.92932 1.24256 74.9003 -6.55956 1.06107 73.0219 1.13088 -13 740 1 0 1
-13.9504 1.50208 74.9003 -7.04311 1.7637 43.2922 -1.73011 -13 742 1 0 1
-1.65887 4.15074 74.9003 -2.18951 5.82098 72.0574 1.6838 -13 743 1 0 1
-1.70474 8.74955 74.9003 0.213104 6.11458 55.3552 0.677355 -13 744 1 0 1
12.027 10.3127 74.9003 11.724 10.5923 71.5656 2.31207 -13 745 1 0 1
-0.994797 -6.16722 74.9003 -1.1342 -6.51711 68.4095 -1.45458 -13 746 1 0 1
2.42323 -2.77435 74.9003 2.66402 -2.65638 68.0459 0.542355 -13 747 1 0 1
-6.53932 1.98562 74.9003 -2.70992 2.27107 49.2578 -1.36591 -13 748 1 0 1
5.96312 -6.38567 74.9003 5.42101 -7.35622 72.9124 1.47697 -13 749 1 0 1
0.623745 7.94569 74.9003 1.55398 3.43513 64.0193 1.08505 -13 750 1 0 1
3.36277 9.58482 74.9003 4.65383 8.86446 53.0325 0.43874 -13 751 1 0 1
-1.0027 11.7124 74.9003 -0.67076 13.8729 66.7575 -0.115834 -13 752 1 0 1
-1.25107 2.6684 74.9003 -0.217815 0.792992 64.4566 -0.662778 -13 753 1 0 1
-7.03009 -1.85291 74.9003 -7.58458 -0.927412 70.0685 0.670159 -13 754 1 0 1
2.59208 -2.0981 74.9003 1.35239 -3.25464 75.8097 -1.08796 -13 755 1 0 1
6.09219 6.4297 74.9003 6.23057 8.93494 67.7614 -0.674215 -13 756 1 0 1
2.99287 -4.31894 74.9003 4.82325 -6.00673 56.5151 0.759259 -13 758 1 0 1
7.77197 -17.2689 74.9003 7.78558 -16.9719 60.9543 1.53953 -13 759 1 0 1
4.79609 -3.13827 74.9003 5.81316 -3.06037 54.8902 0.610688 -13 760 1 0 1
-0.191894 -6.92037 74.9003 0.984112 -5.10185 58.6028 1.08709 -13 761 1 0 1
-11.7018 4.57486 74.9003 -4.69033 3.74818 35.8672 -0.393299 -13 762 1 0 1
14.1882 4.89617 74.9003 13.6615 6.53898 59.5522 1.66062 -13 763 1 0 1
4.1511 3.81745 74.9003 3.99209 4.60907 70.0189 -2.23609 -13 764 1 0 1
-1.31389 -5.65978 74.9003 -0.0392606 -6.30603 64.9801 -0.182117 -13 765 1 0 1
0.608409 25.4394 74.9003 2.09683 10.6915 26.0743 -0.421635 -13 766 1 0 1
7.74595 -1.3332 74.9003 8.32996 -1.82483 58.5499 -0.0514501 -13 767 1 0 1
9.81588 -20.5744 74.9003 10.0825 -20.5188 64.9129 0.999028 -13 768 1 0 1
5.76327 1.46011 74.9003 5.93674 -0.478425 39.9939 0.629534 -13 769 1 0 1
-5.77962 -3.1435 74.9003 -6.36428 -7.99782 70.6612 -0.691709 -13 770 1 0 1
5.61619 -20.0431 74.9003 5.63983 -12.3884 37.9688 -0.143482 -13 771 1 0 1
7.2939 3.39316 74.9003 8.13739 2.19568 55.6173 0.227512 -13 772 1 0 1
9.42236 0.121837 74.9003 8.79497 0.693451 76.5718 0.850995 -13 773 1 0 1
-6.13109 -3.2055 74.9003 -3.90261 -1.66882 58.5599 1.33734 -13 774 1 0 1
-2.66326 6.85833 74.9003 -0.517112 6.13396 55.3807 2.9314 -13 776 1 0 1
-5.09961 -6.43444 74.9003 -5.23227 -7.7343 67.4755 0.331557 -13 777 1 0 1
-0.154203 10.3327 74.9003 1.88465 9.17975 46.0632 3.04678 -13 778 1 0 1
-6.58081 -7.346 74.9003 -6.64301 -7.56713 67.7344 2.04922 -13 779 1 0 1
6.89653 -0.354396 74.9003 8.02248 -0.00247725 67.4979 -0.546363 -13 780 1 0 1
-2.67223 2.90572 74.9003 -2.21795 1.68226 66.3064 0.25212 -13 781 1 0 1
-4.63364 -6.81811 74.9003 -3.88415 -6.54701 63.2466 0.88341 -13 782 1 0 1
11.431 -5.34429 74.9003 11.5793 -4.03685 58.3676 1.37445 -13 783 1 0 1
-11.5189 -18.2116 74.9003 -10.5453 -19.3028 63.2216 -0.491058 -13 784 1 0 1
-10.4338 -2.48898 74.9003 -14.5183 -6.75753 76.7469 0.138432 -13 785 1 0 1
-12.3781 1.11245 74.9003 -10.6783 0.18606 61.1935 -0.548851 -13 788 1 0 1
9.52989 1.59064 74.9003 9.86428 -0.767838 71.0063 0.784977 -13 789 1 0 1
3.6228 -3.28294 74.9003 4.09984 -5.25507 60.2594 2.39179 -13 790 1 0 1
6.78604 -11.6696 74.9003 7.24407 -13.7568 67.2096 -1.05726 -13 791 1 0 1
-3.70479 -2.66863 74.9003 -3.1935 -2.44165 66.7299 2.55314 -13 792 1 0 1
7.28612 -0.466697 74.9003 7.52819 -1.68647 52.991 2.19751 -13 793 1 0 1
4.78668 -10.3667 74.9003 5.18601 -9.65971 69.0315 0.642284 -13 794 1 0 1
-7.89492 -10.6503 74.9003 -5.6617 -9.72142 56.1459 -2.0043 -13 795 1 0 1
-7.56005 1.625 74.9003 -5.03202 1.21736 58.8716 0.285815 -13 796 1 0 1
1.05563 0.200609 74.9003 2.98862 -1.67567 48.3674 -0.388154 -13 797 1 0 1
1.13135 15.0514 74.9003 -0.337557 17.577 73.7951 2.34445 -13 798 1 0 1
0.864588 5.54761 74.9003 1.56686 4.64491 63.6473 1.28053 -13 799 1 0 1
-10.5442 5.40909 74.9003 -8.39192 6.54297 59.3436 1.58319 -13 800 1 0 1
9.13795 3.29409 74.9003 10.0059 0.500642 68.5554 2.58511 -13 801 1 0 1
2.129 -5.38239 74.9003 2.39433 -7.03193 67.0496 -0.922748 -13 802 1 0 1
4.13788 0.831762 74.9003 2.90305 4.2405 75.871 -1.34878 -13 803 1 0 1
0.769272 -0.384217 74.9003 2.04838 -0.0205933 24.7103 0.385318 -13 805 1 0 1
3.71306 -2.82996 74.9003 4.73762 -2.97805 56.4228 1.38863 -13 806 1 0 1
-5.21254 -10.6326 74.9003 -4.56922 -9.58219 66.315 0.756001 -13 807 1 0 1
-7.65834 0.722153 74.9003 -6.91936 0.556957 65.0455 -0.187831 -13 809 1 0 1
-2.30665 -3.06661 74.9003 -4.55658 -4.9569 76.9488 -0.338718 -13 810 1 0 1
2.77493 1.74354 74.9003 3.09689 3.11255 70.627 0.135914 -13 811 1 0 1
-8.76632 -8.14422 74.9003 -3.21466 -4.0968 39.7077 2.46929 -13 812 1 0 1
8.93199 10.2435 74.9003 9.08795 10.1065 55.9518 1.16218 -13 813 1 0 1
0.171137 -0.167808 74.9003 1.27311 1.71897 62.6898 1.08383 -13 814 1 0 1
8.58618 7.16049 74.9003 8.90307 6.5228 55.0167 -1.65428 -13 815 1 0 1
2.54715 -2.71177 74.9003 0.701093 -3.0893 77.1001 1.82216 -13 816 1 0 1
3.07002 -1.12361 74.9003 4.5729 -0.566492 39.5235 -1.17264 -13 817 1 0 1
6.16397 -10.4751 74.9003 6.78084 -9.03786 48.7199 0.325539 -13 820 1 0 1
-2.9182 -3.46664 74.9003 -0.50424 -1.15331 52.9264 -1.33705 -13 821 1 0 1
-5.43195 4.60132 74.9003 -11.3956 2.64867 80.6493 0.9531 -13 822 1 0 1
6.92849 -0.677673 74.9003 7.90885 -1.81569 56.9101 0.299805 -13 823 1 0 1
-6.48184 -1.66622 74.9003 -0.489148 -0.792013 25.8634 0.77217 -13 824 1 0 1
-3.74037 -5.4571 74.9003 -2.9033 -5.43039 61.3656 0.646831 -13 825 1 0 1
3.2378 5.98262 74.9003 3.38589 7.97054 66.7799 -1.04173 -13 826 1 0 1
3.51374 -11.7511 74.9003 4.33236 -12.5814 62.2165 3.02907 -13 827 1 0 1
-2.46621 0.574776 74.9003 -1.5158 -1.22179 64.9907 -2.1032 -13 828 1 0 1
14.2058 -22.7348 74.9003 11.5876 -17.1132 47.1209 1.23907 -13 829 1 0 1
3.49313 -8.92353 74.9003 4.04487 -9.30868 64.3799 0.19421 -13 830 1 0 1
4.98735 -2.19174 74.9003 5.30326 -3.53189 65.747 2.33642 -13 831 1 0 1
0.326299 -8.25208 74.9003 2.02899 -7.595 55.8174 0.751199 -13 832 1 0 1
-1.05253 -3.52486 74.9003 -0.251119 -3.62617 62.1144 0.736164 -13 833 1 0 1
-0.936408 -9.65847 74.9003 0.462095 -7.67115 60.6519 0.139866 -13 834 1 0 1
-2.33237 -11.7254 74.9003 -5.55064 -14.9059 77.2099 -0.617889 -13 835 1 0 1
8.31782 12.0056 74.9003 8.18657 12.8276 65.1 0.241025 -13 836 1 0 1
13.3108 -14.9207 74.9003 13.3867 -12.2452 65.2476 1.39242 -13 837 1 0 1
6.59941 4.91801 74.9003 6.47272 3.01613 71.6208 -0.989874 -13 838 1 0 1
1.18818 -9.32043 74.9003 2.90288 -6.46697 55.5813 -0.019254 -13 839 1 0 1
-7.08456 6.90267 74.9003 -5.50086 5.84591 60.2571 2.80016 -13 840 1 0 1
-2.91172 9.2104 74.9003 -1.12295 6.78398 58.7418 -1.44914 -13 841 1 0 1
1.41859 -4.86538 74.9003 0.661962 -4.64071 73.3337 -0.641002 -13 842 1 0 1
-2.69346 -11.4567 74.9003 -4.61011 -16.2363 73.2217 0.822438 -13 843 1 0 1
-6.08522 12.5751 74.9003 -4.05009 11.3193 58.5144 1.27102 -13 844 1 0 1
6.32045 -1.31187 74.9003 7.0418 -0.0347067 60.0788 1.35368 -13 845 1 0 1
14.087 -16.2896 74.9003 9.73934 -8.33942 36.3745 0.987123 -13 846 1 0 1
9.60295 -10.6791 74.9003 9.89791 -6.0857 57.5889 -0.785073 -13 847 1 0 1
-5.79548 -0.516011 74.9003 -3.4146 -2.00777 55.6911 -0.415883 -13 848 1 0 1
-9.7048 -4.24591 74.9003 -6.3893 -2.65446 53.785 -1.60198 -13 849 1 0 1
12.9556 -12.1803 74.9003 13.052 -12.2277 67.0436 -0.527397 -13 850 1 0 1
-3.45759 6.92422 74.9003 -1.80867 5.24507 59.9116 -0.102764 -13 851 1 0 1
8.73715 -1.82498 74.9003 7.82599 -1.58752 75.5413 0.836142 -13 852 1 0 1
-2.22152 5.31472 74.9003 -1.02749 4.97786 61.2999 1.4549 -13 853 1 0 1
-1.07291 0.626747 74.9003 -1.941 -1.94012 69.6895 -0.478645 -13 854 1 0 1
-4.24096 10.1581 74.9003 -2.96262 9.74847 61.9093 0.488442 -13 855 1 0 1
-11.0157 -1.80428 74.9003 -8.78477 -4.6057 58.2471 0.709568 -13 856 1 0 1
2.70191 -2.99917 74.9003 3.42959 -0.00256186 66.0805 -0.51801 -13 857 1 0 1
1.42843 -2.36727 74.9003 3.28756 -1.03833 55.588 1.98022 -13 859 1 0 1
-2.52679 3.54835 74.9003 -2.38166 3.94328 67.9886 1.67145 -13 860 1 0 1
0.0544485 -5.25405 74.9003 -1.67565 -6.74505 77.0995 -1.49222 -13 861 1 0 1
0.696455 5.0114 74.9003 1.43079 5.95529 63.9318 0.279194 -13 862 1 0 1
-13.4741 -9.29526 74.9003 -11.2494 -7.61266 58.8653 0.582147 -13 863 1 0 1
-1.30445 0.657751 74.9003 -0.104484 1.31577 62.6737 -0.243554 -13 864 1 0 1
-3.0909 -6.0871 74.9003 -0.980184 -3.63138 55.4709 2.17743 -13 865 1 0 1
5.04121 13.1491 74.9003 5.7047 13.0391 55.879 0.337563 -13 866 1 0 1
8.69712 7.57231 74.9003 8.45144 7.29021 74.237 -0.31503 -13 867 1 0 1
-2.48499 1.70789 74.9003 -5.75102 0.494882 78.5945 -1.30483 -13 868 1 0 1
1.63499 -5.38032 74.9003 2.53531 -6.12119 60.0557 1.12987 -13 870 1 0 1
4.01613 -16.5204 74.9003 4.29006 -17.248 64.859 -0.824223 -13 871 1 0 1
-2.84195 -3.42033 74.9003 -2.74282 -2.50827 67.752 -0.774352 -13 872 1 0 1
5.90064 -0.490988 74.9003 5.94378 -2.07401 71.7828 -0.73607 -13 873 1 0 1
-2.54892 7.79667 74.9003 -2.47605 8.41008 66.9687 2.93599 -13 874 1 0 1
-3.11676 -6.18813 74.9003 -2.11323 -6.70173 62.9536 0.577509 -13 875 1 0 1
5.90436 7.61171 74.9003 5.14662 7.85673 74.8385 0.33303 -13 876 1 0 1
1.07352 5.17359 74.9003 1.3521 8.77349 68.6544 -1.65845 -13 877 1 0 1
1.77739 9.18346 74.9003 0.845564 12.4593 72.7496 -3.36915 -13 878 1 0 1
-7.40239 4.99643 74.9003 -3.52966 3.33298 51.6956 1.55589 -13 879 1 0 1
6.98808 -6.46292 74.9003 7.56265 -7.26972 68.1693 1.15964 -13 880 1 0 1
4.06593 -6.9665 74.9003 5.04001 -6.10738 56.7557 2.20369 -13 881 1 0 1
12.9991 17.4112 74.9003 12.9304 19.2747 72.5365 -0.222914 -13 882 1 0 1
12.4826 17.2103 74.9003 11.8428 17.7968 62.0829 0.013803 -13 883 1 0 1
5.28754 -1.31447 74.9003 3.53427 -5.37451 79.6833 2.64855 -13 886 1 0 1
-9.11929 9.54487 74.9003 -10.4008 9.67405 69.9911 0.839551 -13 887 1 0 1
0.367681 6.06585 74.9003 2.27228 3.58881 55.4075 0.412218 -13 888 1 0 1
-1.1982 -4.72568 74.9003 0.474465 -3.73575 57.5172 -0.264763 -13 889 1 0 1
8.67026 -13.9292 74.9003 8.87458 -14.9446 67.1426 -0.814647 -13 890 1 0 1
5.066 -1.85609 74.9003 4.87928 -0.658212 35.1181 -0.633941 -13 891 1 0 1
-1.02095 -7.41519 74.9003 -1.56481 -5.56832 71.6398 0.749629 -13 892 1 0 1
-10.5724 1.21518 74.9003 -7.84243 2.4026 58.856 -1.31736 -13 893 1 0 1
8.81969 -4.0766 74.9003 8.57611 -3.95158 75.9307 0.271929 -13 894 1 0 1
-12.0993 12.3322 74.9003 -14.751 18.6181 70.6467 1.83329 -13 895 1 0 1
-4.90339 13.4996 74.9003 -5.0933 15.1011 68.2748 -1.36151 -13 896 1 0 1
-1.13273 -6.29802 74.9003 0.700201 -4.65625 49.3857 -1.38384 -13 897 1 0 1
3.36012 -1.87321 74.9003 4.19783 -0.873992 55.656 -0.342107 -13 898 1 0 1
15.2063 2.95932 74.9003 7.99515 -1.93624 54.9318 0.0508269 -13 899 1 0 1
4.91141 0.704285 74.9003 5.06472 -1.38712 68.5043 0.884776 -13 901 1 0 1
13.5935 -2.90327 74.9003 12.9743 -3.82322 53.8499 0.9188 -13 902 1 0 1
1.91251 -12.303 74.9003 0.560255 -10.095 74.6037 1.44485 -13 903 1 0 1
5.76146 -1.31468 74.9003 6.22213 -2.98424 58.698 2.26865 -13 904 1 0 1
-11.8038 3.4214 74.9003 -16.537 5.14735 77.2487 0.417129 -13 905 1 0 1
-11.5304 -5.62032 74.9003 -7.81646 -4.22301 54.913 1.61417 -13 906 1 0 1
2.83444 10.7365 74.9003 2.98958 9.42897 67.6925 0.608531 -13 907 1 0 1
-5.02212 -8.84308 74.9003 -0.848957 -5.1542 37.8362 0.650525 -13 908 1 0 1
0.150127 -4.6937 74.9003 -1.26666 -3.35335 73.7532 0.966115 -13 909 1 0 1
-1.60764 -4.70877 74.9003 -2.17483 -5.41312 70.543 0.123891 -13 910 1 0 1
0.588154 24.7833 74.9003 2.09656 16.1641 40.1574 -0.180402 -13 911 1 0 1
6.71136 15.7557 74.9003 6.4213 11.177 54.6149 -0.457561 -13 912 1 0 1
-0.228236 8.57677 74.9003 -4.43502 13.7256 78.9497 1.57304 -13 913 1 0 1
6.1062 -9.79036 74.9003 6.7328 -8.10554 61.2245 -0.543487 -13 915 1 0 1
-11.9422 1.23877 74.9003 -18.772 2.61155 78.0042 4.57933 -13 916 1 0 1
-1.11905 11.5415 74.9003 1.67372 8.2793 41.2382 0.200104 -13 917 1 0 1
-10.523 8.449 74.9003 -12.3798 9.20782 71.1203 2.31523 -13 918 1 0 1
-2.45304 4.00506 74.9003 -1.93795 2.71468 66.5483 -0.308322 -13 919 1 0 1
-5.42888 -1.96959 74.9003 -9.23904 -0.335809 79.1879 0.715822 -13 920 1 0 1
10.6298 -1.2811 74.9003 7.64272 -2.64553 33.8126 0.85823 -13 921 1 0 1
-5.60458 -10.8257 74.9003 -10.3563 -12.3561 79.5674 2.70723 -13 922 1 0 1
-5.85247 -0.627724 74.9003 -4.04872 -0.714459 59.0782 0.165068 -13 923 1 0 1
-0.513625 3.57318 74.9003 -0.492827 2.34714 68.5538 -0.755992 -13 924 1 0 1
1.24731 7.8668 74.9003 1.88086 8.04201 62.9825 0.676738 -13 925 1 0 1
-3.55435 5.35444 74.9003 -6.33835 5.08348 77.2083 1.6424 -13 926 1 0 1
-1.69603 -3.77821 74.9003 -0.805784 -1.57649 67.9708 0.842742 -13 927 1 0 1
4.72538 -4.4608 74.9003 5.71296 -4.65484 57.9526 0.0926504 -13 928 1 0 1
-1.06491 1.63983 74.9003 -1.30814 1.64335 70.4832 1.61964 -13 930 1 0 1
10.3991 -1.05252 74.9003 10.5715 -2.73408 62.5612 2.30221 -13 931 1 0 1
-2.38087 -7.333 74.9003 -0.107001 -6.32248 52.877 2.23046 -13 932 1 0 1
7.28412 10.8419 74.9003 7.41638 13.0279 67.9451 1.32189 -13 933 1 0 1
-3.57668 2.94446 74.9003 -5.53211 4.43401 74.5633 -0.281709 -13 934 1 0 1
-13.5344 3.15236 74.9003 -11.0884 2.64151 58.1809 1.26428 -13 935 1 0 1
14.6064 -2.33189 74.9003 14.8854 0.108678 59.5755 0.351305 -13 936 1 0 1
-1.26578 -5.22515 74.9003 -2.70713 -3.45213 73.3974 0.0619849 -13 938 1 0 1
1.54206 -3.40958 74.9003 2.99769 -3.1434 61.3604 -0.237879 -13 939 1 0 1
-0.565319 2.89456 74.9003 0.724145 3.77326 60.6109 0.274754 -13 940 1 0 1
-3.76444 5.00779 74.9003 -3.37176 6.82248 66.6613 0.50927 -13 941 1 0 1
12.0018 -1.8748 74.9003 11.9988 -2.14097 71.4652 0.833266 -13 942 1 0 1
6.97072 -4.37237 74.9003 7.17921 -3.68011 67.5384 1.70925 -13 943 1 0 1
-1.54999 2.26481 74.9003 0.82667 3.92762 52.6555 -0.0883618 -13 944 1 0 1
2.65891 13.0253 74.9003 2.08741 16.0935 70.7174 1.1708 -13 945 1 0 1
-0.0955089 7.92289 74.9003 1.89927 5.59999 45.2275 -0.356323 -13 946 1 0 1
8.52397 -0.349642 74.9003 9.05191 1.37092 64.8639 -0.877695 -13 947 1 0 1
11.3624 -6.90883 74.9003 10.4658 -4.26436 50.127 1.66014 -13 948 1 0 1
-8.247 -4.11279 74.9003 -4.60374 -3.34669 54.3958 0.746762 -13 949 1 0 1
-2.26816 5.92676 74.9003 -1.45685 4.93895 66.0175 0.362988 -13 950 1 0 1
7.32643 -5.574 74.9003 7.85506 -5.1822 59.1178 2.98844 -13 952 1 0 1
4.65757 -5.08532 74.9003 4.98037 -5.24072 59.589 0.585264 -13 953 1 0 1
1.71586 -19.3758 74.9003 3.14531 -16.0802 54.4201 0.115367 -13 954 1 0 1
5.70499 -3.76009 74.9003 6.1465 -6.23662 60.8102 0.859347 -13 955 1 0 1
-2.20851 5.36909 74.9003 -0.343374 2.83782 54.9485 0.248502 -13 956 1 0 1
-8.99289 -4.99196 74.9003 -6.49369 -6.2702 57.5824 -0.687241 -13 957 1 0 1
-7.22265 -0.257162 74.9003 -14.2373 -1.34257 79.4856 -0.520269 -13 958 1 0 1
13.5268 -6.36593 74.9003 13.3461 -6.54802 61.001 0.724076 -13 959 1 0 1
-5.27594 -1.94144 74.9003 -7.26247 -3.04733 73.8404 -1.72784 -13 960 1 0 1
6.05596 -3.91307 74.9003 7.25503 -2.13261 55.6385 0.529639 -13 961 1 0 1
10.3905 -3.80681 74.9003 8.07544 -2.24441 35.0759 1.20235 -13 962 1 0 1
0.123736 2.07808 74.9003 1.45946 1.13397 62.5631 2.26585 -13 964 1 0 1
-1.93079 -8.76728 74.9003 -1.42364 -9.5707 64.4461 1.72976 -13 965 1 0 1
-8.56902 -4.91882 74.9003 -5.30737 -2.07346 53.9795 2.66031 -13 966 1 0 1
9.09447 1.39403 74.9003 9.62129 2.08144 53.7519 0.930251 -13 967 1 0 1
4.53977 -6.9257 74.9003 5.86805 -6.06003 50.1467 0.960807 -13 969 1 0 1
8.39559 -7.36628 74.9003 8.73083 -8.36667 64.0565 0.252123 -13 970 1 0 1
3.50587 2.84455 74.9003 4.04325 5.34679 67.8687 -0.826601 -13 971 1 0 1
-1.47342 13.5768 74.9003 1.50542 7.74686 31.3148 -0.361357 -13 972 1 0 1
-2.50463 1.70049 74.9003 0.606706 1.7292 34.0634 -0.256207 -13 973 1 0 1
-3.43076 4.82332 74.9003 -3.47254 5.3656 69.2678 -0.299348 -13 974 1 0 1
-5.6381 1.7354 74.9003 -7.29936 5.48415 74.1802 1.96514 -13 975 1 0 1
-2.20268 -13.8694 74.9003 -1.08329 -11.9112 61.3628 0.725244 -13 977 1 0 1
-5.44832 -1.82267 74.9003 -6.81202 -3.20747 71.2721 -1.10448 -13 979 1 0 1
-8.86834 -1.32967 74.9003 -6.74785 -1.77736 59.5156 -1.0462 -13 980 1 0 1
-1.49223 -2.40137 74.9003 -0.910454 -4.16401 63.1014 -0.33214 -13 981 1 0 1
4.97941 9.99262 74.9003 5.75616 8.51516 64.3144 -0.321024 -13 982 1 0 1
1.94156 0.434018 74.9003 1.29 4.00046 73.4149 -0.000897123 -13 983 1 0 1
6.80653 6.65058 74.9003 7.59478 6.52894 59.8612 1.25037 -13 985 1 0 1
-6.46847 -5.5605 74.9003 -5.08744 -4.63973 61.3372 0.0577491 -13 986 1 0 1
4.65574 -16.6836 74.9003 5.2523 -16.0689 59.9276 0.809533 -13 987 1 0 1
-6.20749 24.5562 74.9003 -0.651624 8.82619 24.0853 0.712342 -13 988 1 0 1
3.16993 -6.84562 74.9003 3.41462 -6.37173 69.8421 1.40656 -13 989 1 0 1
-0.593883 -4.25573 74.9003 -0.704051 -7.28783 69.874 0.619203 -13 990 1 0 1
-5.49348 10.2576 74.9003 -2.25265 6.60627 51.5101 -1.79943 -13 991 1 0 1
-8.32728 8.01299 74.9003 -2.96837 4.69344 42.282 1.34484 -13 992 1 0 1
6.01425 -7.48057 74.9003 7.27141 -5.32458 50.0488 2.06003 -13 993 1 0 1
8.89089 3.2851 74.9003 9.43544 3.83489 63.8747 -1.44028 -13 995 1 0 1
-6.31444 0.291426 74.9003 -6.67854 0.0614394 68.729 0.553267 -13 996 1 0 1
-1.22563 3.32838 74.9003 1.00872 2.68265 48.4222 2.85241 -13 997 1 0 1
5.16064 -17.7708 74.9003 3.5182 -6.04257 19.1478 1.47292 -13 998 1 0 1
9.76655 -2.07642 74.9003 9.89601 -1.37075 56.313 0.371266 -13 999 1 0 1
-2.98692 -6.57284 74.9003 -0.275589 -4.91407 48.0129 -0.100362 -13 1000 1 0 1
