#BLTrackFile NTuple/Z152
#x y z Px Py Pz t PDGid EventID TrackID ParentID Weight
#mm mm mm MeV/c MeV/c MeV/c ns - - - - -
-127.924 36.9708 151.611 -28.145 13.3818 27.0596 0.444172 -13 1 1 0 1
-131.568 42.163 151.611 -20.6805 10.5983 19.6726 2.37809 -13 4 1 0 1
-118.741 -14.5704 151.611 -29.6281 -2.92835 27.2939 0.572634 -13 7 1 0 1
-72.0447 20.0914 151.611 -6.27875 2.29244 13.2518 3.33277 -13 9 1 0 1
-140.79 -26.6084 151.611 -29.2116 -6.2163 17.1041 0.293702 -13 14 1 0 1
-107.189 -17.1811 151.611 -33.0874 -3.67143 33.7582 2.75504 -13 15 1 0 1
-118.269 41.4219 151.611 -25.6427 10.1296 24.1669 0.940248 -13 17 1 0 1
-118.029 0.479954 151.611 -28.1438 2.50748 25.3914 1.10502 -13 21 1 0 1
-139.968 41.3576 151.611 -32.07 11.5727 23.0251 0.446337 -13 22 1 0 1
-72.5763 -58.5007 151.611 -2.15892 -4.27945 4.9789 5.90552 -13 23 1 0 1
-138.398 -4.64977 151.611 -27.4238 -3.98489 24.9856 2.40511 -13 24 1 0 1
-86.8586 22.0669 151.611 -23.4896 4.12338 35.4089 1.11725 -13 26 1 0 1
-110.743 10.3006 151.611 -27.3254 6.30373 26.9418 2.92394 -13 27 1 0 1
-133.248 -45.4148 151.611 -34.5623 -12.8306 23.8208 1.82058 -13 28 1 0 1
-127.983 -2.86757 151.611 -27.1686 -4.32381 21.0914 1.53856 -13 41 1 0 1
-101.004 -6.64902 151.611 -26.7369 -5.81222 31.3023 2.60313 -13 42 1 0 1
-86.2303 -14.6812 151.611 -24.4768 -9.18851 32.7785 1.86797 -13 44 1 0 1
-95.4878 -100.883 151.611 -12.7352 -19.6732 16.5792 1.50229 -13 49 1 0 1
-100.197 5.71485 151.611 -23.3337 1.39123 29.3841 1.13745 -13 51 1 0 1
-140.998 -40.326 151.611 -22.9876 -7.68386 16.609 2.98565 -13 55 1 0 1
-129.823 -10.6636 151.611 -31.6646 -4.0853 16.8379 0.66442 -13 56 1 0 1
-102.135 16.5547 151.611 -17.6501 4.53471 19.3558 2.03495 -13 57 1 0 1
-104.555 -72.1175 151.611 -18.6854 -17.1004 20.967 3.69978 -13 59 1 0 1
-123.991 5.90012 151.611 -31.6791 -3.09077 27.9492 1.71757 -13 60 1 0 1
-132.007 -2.9363 151.611 -23.1446 -3.14808 17.2409 1.085 -13 61 1 0 1
-72.5542 26.5597 151.611 -9.33409 8.41611 15.7897 1.85442 -13 63 1 0 1
-110.742 42.1707 151.611 -19.9246 12.3933 20.0978 1.88962 -13 64 1 0 1
-140.412 -23.8476 151.611 -16.6925 -4.69622 10.9752 1.18548 -13 65 1 0 1
-107.799 -6.2518 151.611 -27.5572 1.47562 30.3718 1.37184 -13 69 1 0 1
-114.022 -12.4947 151.611 -27.5928 -1.83027 29.1007 1.69287 -13 70 1 0 1
-74.8998 27.7336 151.611 -14.2616 16.034 32.4657 -0.138506 -13 71 1 0 1
-114.539 37.8841 151.611 -26.0812 6.83119 21.6688 2.69742 -13 72 1 0 1
-128.735 36.4532 151.611 -32.1172 10.509 27.2673 1.54276 -13 83 1 0 1
-135.259 -114.051 151.611 -21.4281 -26.6167 16.8956 2.25978 -13 84 1 0 1
-103.955 17.0605 151.611 -31.322 8.05862 33.288 2.44 -13 85 1 0 1
-111.619 -38.189 151.611 -20.6761 -9.56616 22.8603 2.54032 -13 87 1 0 1
-123.815 -35.748 151.611 -32.3857 -11.5552 31.0734 1.04583 -13 88 1 0 1
-128.856 26.1231 151.611 -27.0668 4.66861 24.5088 1.49618 -13 90 1 0 1
-124.028 -22.0627 151.611 -15.2615 -4.36574 11.6797 2.45003 -13 92 1 0 1
-104.623 4.56423 151.611 -24.0765 -1.1343 26.3709 2.31477 -13 93 1 0 1
-95.2179 29.4008 151.611 -21.435 10.9858 29.1236 1.51174 -13 95 1 0 1
-113.802 32.8182 151.611 -26.2784 11.889 29.7792 0.449189 -13 97 1 0 1
-123.526 77.3242 151.611 -22.1599 19.7789 22.5093 2.28051 -13 98 1 0 1
-69.4271 -1.34855 151.611 -17.6781 -1.04559 34.422 0.533611 -13 101 1 0 1
-101.239 5.23178 151.611 -28.8432 1.37154 29.1036 1.28618 -13 102 1 0 1
-114.227 15.4816 151.611 -22.9733 1.42469 21.4835 0.23898 -13 105 1 0 1
-97.9358 -25.6689 151.611 -15.6991 -10.17 16.3877 1.07289 -13 108 1 0 1
-121.765 12.1629 151.611 -37.0913 3.2289 32.1454 2.37169 -13 109 1 0 1
-138.861 2.16219 151.611 -34.5579 0.198795 28.3824 1.31496 -13 110 1 0 1
-140.488 0.562534 151.611 -33.5402 2.54999 21.1457 1.31475 -13 117 1 0 1
-92.4111 6.31158 151.611 -23.5443 2.52375 26.8762 1.66987 -13 124 1 0 1
-102.354 14.9616 151.611 -21.289 5.37293 26.8798 2.51288 -13 126 1 0 1
-104.426 -6.09817 151.611 -26.2214 -1.5528 30.534 1.73194 -13 128 1 0 1
-138.278 -21.8052 151.611 -24.7642 -6.18866 17.2473 2.53351 -13 130 1 0 1
-98.7856 16.4551 151.611 -22.0906 3.32103 25.4664 2.34591 -13 135 1 0 1
-138.792 -10.4472 151.611 -32.2072 -5.27135 21.6612 1.68687 -13 136 1 0 1
-107.349 -23.0299 151.611 -24.4935 -9.40725 29.5908 2.96548 -13 137 1 0 1
-65.3409 -3.84693 151.611 -10.2814 0.901811 29.6855 1.89911 -13 139 1 0 1
-123.982 -19.7058 151.611 -26.0149 -10.3273 25.8012 1.92111 -13 140 1 0 1
-90.7243 20.9243 151.611 -21.9995 9.04063 28.7544 1.21768 -13 141 1 0 1
-129.594 10.8775 151.611 -33.6413 6.66149 33.0214 0.574539 -13 143 1 0 1
-87.7455 -22.8749 151.611 -24.2756 -11.618 31.0235 4.1793 -13 144 1 0 1
-103.462 -54.2684 151.611 -21.6338 -12.7961 22.8506 3.25414 -13 145 1 0 1
-89.089 -6.75335 151.611 -19.6849 -3.73615 30.8716 0.14932 -13 147 1 0 1
-122.8 31.8547 151.611 -33.3708 12.7801 23.6009 0.953477 -13 149 1 0 1
-132.713 11.7982 151.611 -12.8428 2.1228 8.44928 4.20503 -13 151 1 0 1
-133.558 -12.142 151.611 -32.0628 -4.81466 20.5872 3.70462 -13 152 1 0 1
-73.0256 -64.2496 151.611 -8.92678 -17.997 16.3785 1.16015 -13 156 1 0 1
-110.765 7.81763 151.611 -22.9511 0.215746 16.821 1.61101 -13 160 1 0 1
-111.102 -7.4499 151.611 -31.4078 -3.6679 27.14 2.87981 -13 161 1 0 1
-138.335 2.13175 151.611 -33.5496 -0.711139 27.8127 3.47517 -13 165 1 0 1
-127.267 -18.9049 151.611 -30.3255 -9.47058 27.5014 2.56604 -13 168 1 0 1
-127.11 -21.3201 151.611 -33.8093 -6.14626 19.7558 1.15992 -13 169 1 0 1
-131.749 17.4385 151.611 -37.4172 4.64945 29.8806 0.904128 -13 172 1 0 1
-121.402 -28.2663 151.611 -29.229 -10.0782 26.928 1.5312 -13 173 1 0 1
-95.7627 9.28117 151.611 -33.6523 4.84215 28.685 0.713159 -13 177 1 0 1
-106.991 -18.9658 151.611 -26.8123 -4.1958 28.4023 0.688199 -13 178 1 0 1
-112.963 -20.4344 151.611 -26.6951 -3.67995 26.325 0.646654 -13 179 1 0 1
-96.4567 18.8641 151.611 -16.9088 4.71362 21.7545 0.0149937 -13 181 1 0 1
-127.162 -49.6094 151.611 -13.9652 -8.21937 13.2144 2.5135 -13 184 1 0 1
-125.349 -79.8321 151.611 -28.3971 -25.8805 21.7582 1.05516 -13 187 1 0 1
-143.49 -11.4883 151.611 -35.2504 -2.28258 28.8278 1.64089 -13 189 1 0 1
-87.026 -25.1988 151.611 -13.8063 -8.09232 15.9272 1.00179 -13 198 1 0 1
-141.407 31.3148 151.611 -32.0334 10.864 20.8533 0.708819 -13 202 1 0 1
-106.59 13.0566 151.611 -26.0123 4.8047 27.037 1.58452 -13 203 1 0 1
-92.512 -19.4563 151.611 -20.8528 -5.92449 28.4513 -0.555119 -13 204 1 0 1
-125.106 56.3444 151.611 -25.5767 11.2603 24.4661 3.67475 -13 212 1 0 1
-134.696 -86.2997 151.611 -24.612 -24.626 22.1017 0.396312 -13 213 1 0 1
-122.22 -26.5923 151.611 -32.1849 -9.78416 26.4507 2.52259 -13 216 1 0 1
-136.209 20.6389 151.611 -34.1267 4.80324 24.2256 3.87828 -13 220 1 0 1
-131.041 55.2586 151.611 -33.4693 16.9305 25.1415 2.3802 -13 221 1 0 1
-82.9581 -7.91479 151.611 -18.8809 -9.07859 35.5199 0.431994 -13 222 1 0 1
-118.648 -17.8188 151.611 -27.1372 -8.99057 21.7396 0.897806 -13 225 1 0 1
-65.0984 7.64953 151.611 -9.53749 3.62453 27.89 1.35085 -13 227 1 0 1
-100.346 28.4204 151.611 -29.0943 4.99589 25.1368 2.54102 -13 231 1 0 1
-132.505 2.68254 151.611 -30.3818 -1.50333 22.3394 0.967285 -13 234 1 0 1
-129.067 -4.9048 151.611 -31.4327 -2.25882 23.951 1.80709 -13 235 1 0 1
-138.572 85.0658 151.611 -22.2096 18.849 15.2009 2.77756 -13 244 1 0 1
-112.727 27.0393 151.611 -32.9951 8.6665 27.5689 0.652117 -13 245 1 0 1
-103.235 -9.82268 151.611 -26.7489 -8.44562 31.112 1.14515 -13 246 1 0 1
-74.907 34.7705 151.611 -10.8076 8.19793 16.6612 0.730451 -13 249 1 0 1
-137.946 22.2822 151.611 -38.8713 4.94092 23.1881 0.457589 -13 251 1 0 1
-98.5573 -2.36398 151.611 -29.8029 -0.091131 29.2975 1.53806 -13 252 1 0 1
-103.209 26.1966 151.611 -33.2154 7.58008 29.9414 0.737948 -13 254 1 0 1
-116.968 -38.2241 151.611 -29.9778 -15.2844 29.3703 1.38635 -13 255 1 0 1
-103.205 -17.3369 151.611 -13.9843 -4.66586 17.3643 1.06626 -13 256 1 0 1
-136.703 6.99588 151.611 -23.6727 3.87317 18.6187 4.02581 -13 262 1 0 1
-101.51 20.5446 151.611 -27.0211 13.4362 32.5181 1.08018 -13 264 1 0 1
-110.231 11.7124 151.611 -24.9533 -1.74024 19.8732 2.27725 -13 265 1 0 1
-78.8822 18.799 151.611 -15.354 5.78909 26.069 1.99833 -13 266 1 0 1
-116.925 9.78508 151.611 -24.1574 3.44429 23.7845 1.32474 -13 267 1 0 1
-97.5793 10.1616 151.611 -26.6077 3.4981 28.8132 0.186776 -13 268 1 0 1
-130.35 9.21441 151.611 -26.5267 1.61275 23.3958 2.18179 -13 269 1 0 1
-83.363 -1.99087 151.611 -21.8606 1.40512 38.9705 2.45271 -13 270 1 0 1
-99.4695 -19.1668 151.611 -30.1518 -10.7742 31.2374 2.4421 -13 277 1 0 1
-137.922 13.3611 151.611 -26.6689 4.0531 22.5961 1.27435 -13 285 1 0 1
-121.623 10.4118 151.611 -29.8509 6.67977 30.1647 -0.000184821 -13 286 1 0 1
-101.039 -22.9372 151.611 -20.1125 -7.90698 24.4249 -0.0622453 -13 287 1 0 1
-135.192 27.7726 151.611 -35.2867 6.07023 29.1464 1.94459 -13 289 1 0 1
-131.337 -84.8581 151.611 -30.6554 -19.7466 17.9685 1.82533 -13 290 1 0 1
-87.9455 -31.2243 151.611 -16.9823 -12.4654 23.8567 1.59243 -13 295 1 0 1
-128.2 23.4183 151.611 -34.1033 9.76086 22.9173 4.0337 -13 297 1 0 1
-129.031 -40.6294 151.611 -34.1035 -9.01552 28.7644 0.16412 -13 307 1 0 1
-119.388 5.54031 151.611 -31.9145 2.23169 28.8524 0.810247 -13 314 1 0 1
-115.137 -65.9808 151.611 -23.207 -13.3825 22.8959 0.393451 -13 316 1 0 1
-86.588 -13.2673 151.611 -23.9486 -2.99514 33.1216 1.44421 -13 323 1 0 1
-136.749 -87.5318 151.611 -20.6547 -16.6876 17.3661 2.26227 -13 327 1 0 1
-128.206 -31.545 151.611 -24.5306 -6.9427 19.8106 0.214926 -13 328 1 0 1
-104.627 3.77425 151.611 -21.9023 1.2316 27.8257 1.77781 -13 334 1 0 1
-131.592 -76.8134 151.611 -29.8847 -20.9708 24.4352 1.90366 -13 335 1 0 1
-78.5736 -10.5208 151.611 -12.4524 -2.23997 27.5954 -0.994796 -13 337 1 0 1
-131.42 11.7695 151.611 -40.7945 6.14613 29.2691 1.28955 -13 341 1 0 1
-143.502 -31.4824 151.611 -38.457 -9.94132 24.0433 1.10236 -13 343 1 0 1
-104.116 -18.4905 151.611 -28.0618 -6.68538 30.092 0.434574 -13 345 1 0 1
-99.127 50.3908 151.611 -18.7875 16.7338 26.697 0.668629 -13 347 1 0 1
-136.524 32.3752 151.611 -32.8493 9.95989 27.564 -0.0667878 -13 352 1 0 1
-127.912 1.51822 151.611 -29.8388 0.0132568 28.2788 1.21703 -13 353 1 0 1
-103.902 -6.39542 151.611 -29.797 -7.08441 28.8419 1.51928 -13 356 1 0 1
-114.65 -21.9741 151.611 -36.8952 -8.79026 28.0195 1.1996 -13 357 1 0 1
-100.688 17.7667 151.611 -11.4904 3.93647 12.0114 2.72154 -13 359 1 0 1
-120.925 -6.34931 151.611 -18.6405 -0.424693 18.5798 1.31184 -13 360 1 0 1
-143.697 -19.6165 151.611 -27.2583 -3.50954 21.5401 2.53048 -13 372 1 0 1
-68.4186 -22.5276 151.611 -13.7832 -8.58054 28.0555 2.41559 -13 377 1 0 1
-116.259 -11.6865 151.611 -17.378 -0.206874 18.0427 2.57482 -13 379 1 0 1
-87.2656 -72.2493 151.611 -8.17215 -13.4965 11.7534 4.36332 -13 386 1 0 1
-104.882 13.1234 151.611 -24.0412 8.97459 28.8206 1.51031 -13 387 1 0 1
-116.268 -11.7867 151.611 -19.8327 -3.71393 22.3073 0.935505 -13 388 1 0 1
-58.5787 20.2743 151.611 -5.88727 4.42841 20.1426 1.21948 -13 391 1 0 1
-109.13 -10.2234 151.611 -24.6383 -0.990159 26.6743 2.84858 -13 393 1 0 1
-75.3207 -2.16608 151.611 -24.4262 -6.4251 35.9783 0.901134 -13 396 1 0 1
-95.008 -2.71604 151.611 -26.1521 1.69735 27.5712 2.12716 -13 398 1 0 1
-99.084 33.0255 151.611 -20.0663 14.0843 23.0431 1.18605 -13 402 1 0 1
-114.02 -60.4583 151.611 -29.9493 -16.4733 32.4747 1.55544 -13 403 1 0 1
-130.588 -39.7475 151.611 -13.7094 -5.19245 10.8649 2.15043 -13 406 1 0 1
-142.431 -29.6813 151.611 -35.8787 -9.51503 27.3763 -1.09165 -13 410 1 0 1
-86.9764 43.6366 151.611 -22.3226 12.4441 32.428 1.61786 -13 422 1 0 1
-137.254 12.2107 151.611 -35.0913 3.70565 26.5655 1.38057 -13 425 1 0 1
-133.385 35.671 151.611 -23.4905 8.57661 19.5771 0.426855 -13 426 1 0 1
-132.261 -25.4082 151.611 -27.1368 -4.89028 21.2572 1.52974 -13 429 1 0 1
-73.5631 31.9124 151.611 -6.53344 4.69197 13.8262 2.25666 -13 434 1 0 1
-91.3013 31.3746 151.611 -22.1774 17.4996 38.0115 3.12582 -13 438 1 0 1
-119.886 43.5513 151.611 -26.9368 14.5559 25.1861 2.50307 -13 443 1 0 1
-110.537 -17.4706 151.611 -29.1792 -6.35609 21.3641 2.37794 -13 444 1 0 1
-140.322 -33.3775 151.611 -33.2515 -12.6189 18.6167 1.68002 -13 445 1 0 1
-131.772 -9.61319 151.611 -22.0438 -3.01437 16.8209 1.67944 -13 449 1 0 1
-112.08 -34.8689 151.611 -23.3626 -10.1079 17.6206 1.42784 -13 450 1 0 1
-134.188 9.3634 151.611 -34.4395 0.407368 26.4246 2.73536 -13 454 1 0 1
-70.3995 42.99 151.611 -3.91834 3.61665 9.29065 2.33518 -13 456 1 0 1
-133.842 22.8826 151.611 -37.5006 8.90448 29.4988 1.052 -13 462 1 0 1
-107.398 -21.4866 151.611 -25.2747 -5.02908 26.7688 2.85926 -13 463 1 0 1
-106.654 -12.4148 151.611 -20.142 -1.05106 22.4504 0.68591 -13 465 1 0 1
-109.648 45.7665 151.611 -29.5501 15.379 29.5535 1.61721 -13 466 1 0 1
-115.006 14.7684 151.611 -33.2749 3.27272 31.2686 2.42548 -13 471 1 0 1
-106.318 1.2624 151.611 -23.5596 2.24907 27.7914 0.764374 -13 473 1 0 1
-117.549 52.1354 151.611 -32.7395 24.4385 24.8253 0.742173 -13 474 1 0 1
-126.995 44.416 151.611 -27.1986 13.1497 26.4695 1.52181 -13 476 1 0 1
-82.6291 -25.0434 151.611 -12.3166 -8.42034 18.5033 1.00687 -13 479 1 0 1
-109.19 116.772 151.611 -9.15616 13.4071 6.20615 3.46482 -13 480 1 0 1
-86.4104 31.2592 151.611 -16.3054 10.1398 24.6199 1.78989 -13 482 1 0 1
-131.829 16.815 151.611 -18.7089 4.47927 12.1342 3.51769 -13 489 1 0 1
-89.1868 -26.9528 151.611 -21.2059 -5.07276 35.5416 -0.573421 -13 490 1 0 1
-116.1 32.4358 151.611 -26.3862 11.4826 24.3833 1.52182 -13 494 1 0 1
-121.596 -0.491053 151.611 -26.2973 1.59295 23.1043 -1.19237 -13 495 1 0 1
-134.441 -34.4812 151.611 -14.5922 -6.21519 12.3384 2.25474 -13 498 1 0 1
-133.525 7.65568 151.611 -37.2376 6.31959 22.8316 0.281535 -13 500 1 0 1
-140.684 2.01903 151.611 -30.1367 -1.23189 25.3301 0.44519 -13 502 1 0 1
-143.15 -3.34613 151.611 -39.1606 -0.426722 28.838 2.55247 -13 510 1 0 1
-118.981 55.2348 151.611 -26.3851 17.3357 24.9684 -1.99165 -13 514 1 0 1
-84.9915 13.206 151.611 -16.7238 2.66477 26.9285 2.30043 -13 522 1 0 1
-139.119 39.0976 151.611 -29.5234 9.5392 23.5807 2.48512 -13 523 1 0 1
-127.265 27.3789 151.611 -23.3142 6.99239 22.2542 1.7642 -13 526 1 0 1
-134.115 26.3838 151.611 -36.2259 9.77184 26.4918 0.795816 -13 530 1 0 1
-125.707 -57.4976 151.611 -30.1528 -21.2656 29.0058 3.04616 -13 532 1 0 1
-95.7997 -2.22025 151.611 -29.4052 -0.0597109 29.8093 2.16075 -13 534 1 0 1
-114.697 -8.23377 151.611 -33.1531 -9.6753 28.9801 1.37763 -13 538 1 0 1
-127.417 -8.72895 151.611 -34.4746 -0.672975 29.9457 2.36625 -13 539 1 0 1
-122.97 17.3089 151.611 -23.02 2.76697 19.2575 2.66942 -13 541 1 0 1
-99.2054 46.1787 151.611 -16.6493 10.772 17.8917 2.12031 -13 544 1 0 1
-112.405 -11.5217 151.611 -32.6134 -0.520122 20.7599 1.79202 -13 546 1 0 1
-120.989 -28.4138 151.611 -29.7485 -8.8954 24.4186 3.98525 -13 549 1 0 1
-118.226 -1.08932 151.611 -36.9912 1.75089 27.8797 2.41213 -13 551 1 0 1
-98.5571 35.2817 151.611 -19.9557 11.5144 27.1439 4.30732 -13 552 1 0 1
-117.878 -13.4889 151.611 -26.4646 -3.28245 29.2519 0.407491 -13 554 1 0 1
-121.627 0.198528 151.611 -37.3549 3.04848 28.1668 3.70671 -13 557 1 0 1
-83.7889 -0.023854 151.611 -10.8328 -1.8554 19.3399 1.94792 -13 568 1 0 1
-123.432 28.7583 151.611 -33.2929 15.8772 25.7937 -1.05894 -13 570 1 0 1
-130.006 15.1295 151.611 -16.8269 4.25254 12.4162 2.17615 -13 572 1 0 1
-103.055 13.0625 151.611 -24.3157 5.31702 29.5384 1.51074 -13 575 1 0 1
-124.824 -21.3573 151.611 -27.9124 -7.00236 24.1972 0.611776 -13 576 1 0 1
-107.871 53.219 151.611 -20.9153 12.1038 24.688 1.91562 -13 587 1 0 1
-133.966 4.38806 151.611 -32.471 0.557588 24.8551 0.231623 -13 589 1 0 1
-119.705 -21.3987 151.611 -25.1299 -2.80403 26.7124 0.645309 -13 590 1 0 1
-127.251 24.6569 151.611 -34.1623 10.2041 32.7321 3.91352 -13 591 1 0 1
-139.535 -23.5631 151.611 -36.0065 -7.23915 26.005 -1.175 -13 592 1 0 1
-72.1862 27.2291 151.611 -15.0686 9.59496 37.3605 3.06814 -13 593 1 0 1
-130.546 -48.2422 151.611 -30.4597 -15.6416 22.6427 2.11088 -13 595 1 0 1
-129.509 19.8001 151.611 -34.0171 4.36025 21.5312 3.21578 -13 596 1 0 1
-97.2342 15.919 151.611 -13.973 4.22665 22.0391 1.70659 -13 597 1 0 1
-99.8301 -18.6329 151.611 -17.3604 -2.25788 20.0765 2.82012 -13 601 1 0 1
-135.396 6.30794 151.611 -33.6568 3.62013 31.941 0.134217 -13 603 1 0 1
-78.9032 -26.1178 151.611 -9.50751 -5.28249 14.0342 4.51578 -13 606 1 0 1
-110.007 -20.1052 151.611 -34.2425 -10.1309 28.2257 -0.982793 -13 612 1 0 1
-95.9454 30.8544 151.611 -26.9201 12.7881 30.1429 2.53587 -13 613 1 0 1
-113.22 7.92985 151.611 -27.0421 3.39148 27.7303 1.09869 -13 614 1 0 1
-111.385 -51.9497 151.611 -26.0465 -17.5738 27.7133 2.24823 -13 615 1 0 1
-122.137 39.4947 151.611 -34.2435 14.692 26.7925 1.17637 -13 616 1 0 1
-104.178 -5.29099 151.611 -19.2414 1.38524 20.366 2.31776 -13 621 1 0 1
-88.1248 -11.4934 151.611 -11.5985 -1.17249 16.9719 2.22139 -13 622 1 0 1
-141.604 -23.5865 151.611 -39.8995 -8.64799 28.644 1.10332 -13 623 1 0 1
-136.366 -10.2522 151.611 -28.8781 -1.58305 21.7922 1.80847 -13 628 1 0 1
-135.474 7.69208 151.611 -37.3099 -1.86911 30.9895 1.57412 -13 629 1 0 1
-134.731 -26.4306 151.611 -25.9906 -7.47725 19.7038 1.097 -13 631 1 0 1
-132.478 -7.75683 151.611 -31.5368 -1.0888 23.7495 0.0355807 -13 632 1 0 1
-62.5134 15.2648 151.611 -10.4439 5.36591 31.8153 0.382476 -13 633 1 0 1
-128.984 0.494073 151.611 -9.77824 0.579928 7.20825 3.7393 -13 637 1 0 1
-139.535 25.8505 151.611 -28.1438 9.70233 17.3014 -0.167932 -13 639 1 0 1
-102.169 -41.2564 151.611 -19.3457 -14.249 20.6412 -0.580338 -13 640 1 0 1
-104.793 -39.9842 151.611 -26.7879 -11.2548 31.2373 3.55114 -13 644 1 0 1
-131.697 -72.0938 151.611 -30.5948 -20.6997 22.3736 2.57847 -13 645 1 0 1
-108.882 -3.51897 151.611 -27.916 3.73461 32.0743 3.26287 -13 648 1 0 1
-120.814 -28.3034 151.611 -23.0403 -9.82128 21.4809 1.57608 -13 649 1 0 1
-122.822 -27.4331 151.611 -31.7417 -8.78927 23.9061 1.85454 -13 663 1 0 1
-84.4879 14.8534 151.611 -16.7038 7.09135 29.3973 1.65226 -13 665 1 0 1
-105.845 3.15552 151.611 -23.0338 3.52698 21.4268 2.15683 -13 668 1 0 1
-119.098 -1.79766 151.611 -32.077 -2.27232 31.0058 1.34752 -13 670 1 0 1
-129.447 53.882 151.611 -27.4207 11.3928 22.1884 1.93297 -13 673 1 0 1
-98.7615 17.2932 151.611 -25.1182 8.15618 21.7091 1.16206 -13 676 1 0 1
-105.177 -0.551317 151.611 -18.871 -3.30741 23.8584 1.61124 -13 679 1 0 1
-140.328 -72.2639 151.611 -29.6768 -20.5333 23.7294 -1.5833 -13 681 1 0 1
-111.396 105.497 151.611 -9.63696 12.8927 8.56551 5.08626 -13 683 1 0 1
-88.3506 -36.4077 151.611 -10.6303 -6.08177 16.0204 2.97975 -13 690 1 0 1
-127.068 41.5292 151.611 -28.8226 13.2162 23.0006 3.35488 -13 693 1 0 1
-121.861 -7.544 151.611 -31.2127 -0.806328 24.8397 0.66763 -13 699 1 0 1
-115.885 32.4891 151.611 -31.8661 10.8343 27.0386 2.70107 -13 701 1 0 1
-135.447 47.5939 151.611 -32.8836 14.5716 28.6362 -0.726128 -13 703 1 0 1
-104.054 -3.36828 151.611 -26.811 -0.892993 28.2541 2.72526 -13 705 1 0 1
-91.91 -29.8376 151.611 -16.9439 -10.412 25.5127 -0.127224 -13 706 1 0 1
-97.9035 -7.76865 151.611 -25.026 -6.74525 31.8924 4.61152 -13 707 1 0 1
-142.641 8.51867 151.611 -35.9711 4.78954 29.3245 1.95828 -13 708 1 0 1
-135.029 -60.6469 151.611 -30.2181 -19.9832 23.5777 1.68041 -13 709 1 0 1
-81.1371 52.7686 151.611 -17.4904 17.5216 26.0728 0.985229 -13 711 1 0 1
-138.895 -5.64966 151.611 -37.8561 1.47827 29.422 1.43375 -13 713 1 0 1
-108.464 -17.4148 151.611 -15.4797 -4.48828 17.1945 0.905435 -13 715 1 0 1
-89.8561 -19.2153 151.611 -16.277 -7.02954 23.6457 3.28733 -13 717 1 0 1
-138.095 90.5685 151.611 -25.6462 23.0328 17.7516 1.77791 -13 719 1 0 1
-140.589 74.559 151.611 -24.1368 17.2255 20.2135 3.98568 -13 720 1 0 1
-119.45 -41.6751 151.611 -24.7328 -10.0866 23.2293 0.386604 -13 723 1 0 1
-89.5173 34.6573 151.611 -18.814 10.3209 27.7822 1.08462 -13 725 1 0 1
-111.942 -44.6486 151.611 -24.8944 -12.5043 22.4848 0.516745 -13 726 1 0 1
-105.288 0.260447 151.611 -25.7378 -8.47302 27.8479 1.01103 -13 728 1 0 1
-127.839 -34.3574 151.611 -25.8099 -9.86247 21.9258 3.92016 -13 734 1 0 1
-104.232 45.9236 151.611 -23.1512 10.6565 17.3504 1.3213 -13 736 1 0 1
-91.0431 -19.7669 151.611 -18.5526 -9.30914 28.3295 3.45198 -13 737 1 0 1
-98.968 -5.45247 151.611 -16.3953 1.132 18.9553 0.56026 -13 739 1 0 1
-96.6387 -28.9628 151.611 -29.9736 -8.83968 25.1882 2.85435 -13 741 1 0 1
-121.525 11.655 151.611 -31.803 3.73801 27.7294 2.72622 -13 743 1 0 1
-142.101 18.0689 151.611 -38.6824 5.49621 30.1978 1.65005 -13 744 1 0 1
-99.7095 -52.0427 151.611 -16.8578 -15.196 21.0155 -0.130976 -13 746 1 0 1
-143.479 16.8824 151.611 -34.9875 7.03542 23.3354 2.69383 -13 749 1 0 1
-118.917 47.5581 151.611 -23.6048 12.1628 23.0809 1.137 -13 752 1 0 1
-72.4841 -32.0601 151.611 -4.50594 -4.64598 10.4785 1.40055 -13 755 1 0 1
-83.5144 -12.0862 151.611 -16.0602 -1.32026 22.9366 0.287974 -13 757 1 0 1
-70.2347 -1.33817 151.611 -12.0557 4.58102 32.655 1.60917 -13 758 1 0 1
-77.7416 -36.385 151.611 -7.81366 -4.04536 13.2335 3.26496 -13 759 1 0 1
-140.207 5.9107 151.611 -32.5548 0.544181 21.6593 0.567306 -13 762 1 0 1
-112.492 10.4807 151.611 -33.9542 0.0453791 24.166 2.58812 -13 763 1 0 1
-102.867 -34.4716 151.611 -19.6516 -9.72396 21.4211 1.13468 -13 767 1 0 1
-82.7013 -21.1493 151.611 -26.9466 -2.03366 40.6958 1.69019 -13 768 1 0 1
-127.902 -44.5654 151.611 -15.7106 -8.5964 13.3102 2.44841 -13 769 1 0 1
-97.5727 -0.117523 151.611 -22.8994 1.37663 30.8707 0.573659 -13 771 1 0 1
-111.659 30.6382 151.611 -28.5176 11.5036 32.3999 2.24944 -13 774 1 0 1
-130.691 -15.0921 151.611 -26.3483 -1.59025 16.8586 1.65764 -13 775 1 0 1
-115.082 9.63336 151.611 -28.8256 -0.647156 25.6737 3.91859 -13 776 1 0 1
-119.484 2.82039 151.611 -23.251 0.582495 21.2916 1.54015 -13 781 1 0 1
-131.675 -22.0467 151.611 -28.0464 -6.0067 25.6865 2.07974 -13 782 1 0 1
-80.3848 -10.7362 151.611 -22.1978 0.680351 33.1068 3.15361 -13 790 1 0 1
-107.173 -11.3693 151.611 -31.4491 -4.0548 36.7022 3.39238 -13 792 1 0 1
-99.1782 -12.5793 151.611 -17.3208 -0.0832278 23.8225 -0.823444 -13 795 1 0 1
-89.1601 14.1805 151.611 -21.0521 5.40819 32.478 1.13685 -13 796 1 0 1
-143.862 31.5627 151.611 -40.4394 8.29625 25.8821 3.65744 -13 801 1 0 1
-141.39 -90.669 151.611 -23.1752 -19.9821 17.3209 0.724782 -13 802 1 0 1
-95.5771 3.13468 151.611 -36.8953 0.869277 30.6108 0.595076 -13 804 1 0 1
-143.857 15.4242 151.611 -37.5794 6.26797 27.5542 0.893196 -13 809 1 0 1
-82.9973 -29.9185 151.611 -16.2662 -10.3079 29.4761 0.688111 -13 810 1 0 1
-76.2054 15.0559 151.611 -17.474 7.79861 34.175 0.968047 -13 811 1 0 1
-88.3189 -24.3153 151.611 -22.8336 -12.2872 26.5179 2.01379 -13 813 1 0 1
-142.63 4.97659 151.611 -24.4924 2.33858 16.5406 2.65262 -13 814 1 0 1
-129.652 -16.0712 151.611 -32.051 -6.95681 22.6518 -0.569981 -13 815 1 0 1
-126.69 -14.9711 151.611 -30.8606 -4.43666 23.6602 -0.255511 -13 817 1 0 1
-143.379 -9.05803 151.611 -36.4853 -5.37224 25.3102 -0.284063 -13 821 1 0 1
-141.081 69.2478 151.611 -36.4802 23.3985 29.8061 2.09361 -13 822 1 0 1
-84.994 -32.6055 151.611 -20.3958 -11.0863 33.0647 1.11587 -13 823 1 0 1
-107.573 -48.2221 151.611 -24.6359 -14.6231 28.9093 1.32445 -13 824 1 0 1
-135.976 -32.4733 151.611 -30.8495 -7.58024 26.12 1.86843 -13 832 1 0 1
-128.699 -40.8862 151.611 -28.0682 -10.5501 23.5381 1.93163 -13 833 1 0 1
-105.462 42.605 151.611 -24.4639 19.5178 27.069 1.15885 -13 834 1 0 1
-81.0282 -58.5874 151.611 -7.06743 -8.03649 10.0336 3.49717 -13 837 1 0 1
-127.538 4.33908 151.611 -32.3776 -0.226406 25.233 3.85417 -13 840 1 0 1
-125.919 -88.6755 151.611 -28.4365 -24.7656 26.8393 2.0215 -13 843 1 0 1
-125.973 22.2339 151.611 -31.6301 5.5098 23.1774 2.43143 -13 845 1 0 1
-134.355 1.11476 151.611 -29.6621 0.700178 25.8398 0.715845 -13 848 1 0 1
-131.938 -63.5096 151.611 -33.0849 -17.5517 23.4769 0.626551 -13 850 1 0 1
-120.256 -20.5755 151.611 -24.2609 -5.50755 19.9268 2.17385 -13 852 1 0 1
-127.051 -33.3318 151.611 -27.3243 -12.7509 26.4531 1.64622 -13 855 1 0 1
-131.152 -57.8928 151.611 -23.1443 -14.7784 20.7657 3.36322 -13 859 1 0 1
-132.481 22.3345 151.611 -28.9255 3.5803 24.4722 2.88892 -13 860 1 0 1
-85.607 -10.4861 151.611 -12.7369 -4.25314 19.4056 1.59137 -13 862 1 0 1
-143.651 9.3753 151.611 -35.1362 5.75355 28.5969 1.65889 -13 863 1 0 1
-76.4682 26.5986 151.611 -13.1688 10.7095 27.7112 0.756568 -13 864 1 0 1
-133.207 82.6668 151.611 -13.0132 11.4724 10.797 1.30467 -13 868 1 0 1
-133.557 -24.1144 151.611 -30.829 -2.58695 28.5693 0.791993 -13 869 1 0 1
-97.7726 -21.0508 151.611 -22.1955 -5.41357 22.6419 2.16371 -13 870 1 0 1
-126.96 -13.8088 151.611 -29.9662 -2.58956 25.693 0.35013 -13 872 1 0 1
-105.769 1.12633 151.611 -31.896 -0.775829 32.2932 0.150797 -13 873 1 0 1
-113.682 18.4033 151.611 -26.6062 4.02036 27.4594 4.00129 -13 874 1 0 1
-130.177 50.2149 151.611 -33.8148 14.2 26.1031 1.45493 -13 876 1 0 1
-114.395 1.41086 151.611 -27.2009 -1.79861 25.924 -0.583517 -13 877 1 0 1
-135.828 -25.5689 151.611 -34.0146 -9.23265 22.8433 0.236124 -13 891 1 0 1
-133.72 -46.7681 151.611 -32.175 -13.261 22.8875 1.48578 -13 894 1 0 1
-91.3831 25.4541 151.611 -21.2604 8.82042 26.4703 0.992133 -13 899 1 0 1
-118.353 23.647 151.611 -30.2431 7.90905 27.1769 1.92414 -13 901 1 0 1
-133.065 -19.5963 151.611 -35.7059 -3.47595 25.0017 3.31671 -13 904 1 0 1
-123.521 -31.3641 151.611 -29.272 -12.0043 31.5239 1.51119 -13 905 1 0 1
-130.965 -0.8012 151.611 -35.0201 -4.65301 29.8271 2.65165 -13 913 1 0 1
-133.351 -48.7408 151.611 -37.3051 -16.958 27.3735 0.468695 -13 915 1 0 1
-135.58 65.0989 151.611 -31.5458 22.8497 27.1173 1.92968 -13 920 1 0 1
-104.569 -6.87159 151.611 -25.1258 -3.32149 28.8163 1.83328 -13 927 1 0 1
-106.931 -19.3056 151.611 -25.8727 -7.58523 24.3107 1.09717 -13 928 1 0 1
-113.889 8.27102 151.611 -24.5555 -0.183901 19.6448 0.877074 -13 929 1 0 1
-104.597 5.6752 151.611 -31.2541 1.4511 28.3077 3.19025 -13 931 1 0 1
-131.278 18.7618 151.611 -20.3551 2.74545 17.7208 1.38216 -13 934 1 0 1
-117.742 -38.2463 151.611 -22.9676 -9.05849 23.8048 0.123379 -13 937 1 0 1
-115.896 -5.43645 151.611 -32.4731 -2.59005 26.5032 1.84629 -13 942 1 0 1
-132.067 10.5156 151.611 -36.2955 4.71297 23.3059 2.7891 -13 943 1 0 1
-119.071 98.0871 151.611 -12.3716 13.3308 12.4853 3.46885 -13 945 1 0 1
-131.586 -26.4551 151.611 -31.8126 -7.22679 21.1256 0.297017 -13 947 1 0 1
-116.5 -39.5155 151.611 -27.7534 -14.0902 33.3062 1.68105 -13 949 1 0 1
-90.5572 -22.1857 151.611 -24.2495 -5.99805 26.4229 1.79812 -13 951 1 0 1
-126.547 -48.212 151.611 -24.8965 -13.9091 24.3525 0.813945 -13 958 1 0 1
-124.946 -39.6552 151.611 -22.448 -6.39878 13.8596 2.21869 -13 959 1 0 1
-143.814 20.2113 151.611 -27.9798 5.59 21.6373 -0.314064 -13 960 1 0 1
-136.93 -57.7747 151.611 -33.5406 -17.7848 23.6861 1.63569 -13 961 1 0 1
-88.9606 -15.7461 151.611 -29.7944 -4.49852 34.3653 3.06203 -13 963 1 0 1
-73.7372 6.99167 151.611 -13.1712 1.62881 31.9866 3.17034 -13 964 1 0 1
-112.25 -62.6626 151.611 -15.08 -11.3975 14.1714 3.49315 -13 965 1 0 1
-103.753 25.0391 151.611 -25.5727 12.2528 30.5009 1.8213 -13 969 1 0 1
-119.696 -23.8355 151.611 -19.2878 -5.02155 17.1516 0.713266 -13 971 1 0 1
-72.7 -3.96822 151.611 -16.2464 -6.76469 34.0644 0.250481 -13 973 1 0 1
-74.4421 -8.58903 151.611 -24.4233 -4.29024 32.4858 -1.47645 -13 976 1 0 1
-129.395 4.14013 151.611 -24.5756 -0.156085 19.8787 1.03847 -13 982 1 0 1
-93.7446 -52.4786 151.611 -23.1645 -18.3605 28.147 2.36983 -13 989 1 0 1
-140.95 27.329 151.611 -33.7298 10.6517 25.0611 1.80261 -13 990 1 0 1
-101.575 4.4736 151.611 -33.4893 -2.94825 36.5812 -1.106 -13 991 1 0 1
