#BLTrackFile NTuple/Z38
#x y z Px Py Pz t PDGid EventID TrackID ParentID Weight
#mm mm mm MeV/c MeV/c MeV/c ns - - - - -
-8.97731 -3.40346 38.2182 -34.4363 -5.13924 62.0924 -0.950275 -13 1 1 0 1
-0.147611 3.65593 38.2182 -20.4731 -1.57367 78.4118 0.145523 -13 2 1 0 1
-6.44598 -2.17883 38.2182 -28.4702 -5.67949 63.3458 1.10253 -13 3 1 0 1
-8.16605 -2.94155 38.2182 -37.3438 -2.88556 67.8335 0.551829 -13 4 1 0 1
-11.7027 1.99303 38.2182 -30.1892 0.716309 48.7118 0.71765 -13 5 1 0 1
-7.76422 -1.83042 38.2182 -33.0895 -1.72063 65.7211 -0.572918 -13 6 1 0 1
-6.91615 -4.15505 38.2182 -22.2732 -7.47135 53.9585 -0.674889 -13 7 1 0 1
-16.4528 -3.49089 38.2182 -26.1589 -1.05321 26.0612 0.236692 -13 8 1 0 1
-5.26583 4.62287 38.2182 -21.4832 10.9422 57.1449 1.31579 -13 9 1 0 1
-5.21195 -4.08432 38.2182 -21.2404 -5.85422 61.0669 0.895918 -13 10 1 0 1
-2.79553 4.81758 38.2182 -20.7258 10.5047 67.3566 -0.321574 -13 11 1 0 1
-9.87127 -3.22263 38.2182 -27.1225 -8.36149 49.5099 1.90929 -13 12 1 0 1
-5.63387 7.06242 38.2182 -13.856 7.63986 30.0349 -0.575538 -13 13 1 0 1
-0.0822389 -0.100947 38.2182 -12.1017 5.26682 65.9665 -1.32932 -13 14 1 0 1
-4.12176 -4.98662 38.2182 -19.7427 -10.3219 62.2473 1.68461 -13 15 1 0 1
2.45284 -7.74191 38.2182 -5.94378 -17.0714 56.611 2.34666 -13 16 1 0 1
-10.4868 3.84573 38.2182 -30.6547 10.0192 51.9629 -0.434441 -13 17 1 0 1
-14.1555 -4.16377 38.2182 -28.6205 -8.77793 36.6131 1.65871 -13 18 1 0 1
-15.3452 0.0701576 38.2182 -40.0539 1.87495 47.3463 0.35719 -13 19 1 0 1
-8.14651 -6.69772 38.2182 -26.3811 -12.6822 54.7361 3.17187 -13 20 1 0 1
-12.9577 0.763212 38.2182 -29.7656 6.40839 42.5677 -0.947177 -13 22 1 0 1
-19.6621 4.12139 38.2182 -33.518 5.25919 28.2546 0.992717 -13 24 1 0 1
-2.30746 -2.97962 38.2182 -18.4261 -2.63193 67.0731 0.498624 -13 25 1 0 1
-5.57679 1.41378 38.2182 -23.6281 4.14656 62.6193 0.0815532 -13 26 1 0 1
-4.55528 -4.82423 38.2182 -20.253 -4.15014 60.9254 1.6725 -13 27 1 0 1
-5.04478 -5.484 38.2182 -25.8244 -13.0603 66.5658 0.469176 -13 28 1 0 1
-8.41273 1.7327 38.2182 -29.1574 7.80474 57.767 1.23534 -13 30 1 0 1
-6.56919 -0.206567 38.2182 -28.9032 1.92748 64.0607 -0.0590371 -13 31 1 0 1
-9.15281 -2.85357 38.2182 -26.248 -6.33816 52.0511 -0.260044 -13 32 1 0 1
-11.7157 -0.205541 38.2182 -34.0551 2.52064 52.9303 -0.383008 -13 34 1 0 1
-14.4097 -4.34485 38.2182 -43.7052 -7.09467 55.4863 2.41979 -13 35 1 0 1
-6.42433 1.18602 38.2182 -23.9322 7.99824 59.3182 -0.88859 -13 36 1 0 1
-3.45346 -3.16989 38.2182 -25.9723 -11.5622 73.0257 -1.24811 -13 37 1 0 1
-9.30806 -5.39336 38.2182 -26.115 -12.5872 49.54 1.6856 -13 38 1 0 1
-9.71291 0.768202 38.2182 -23.8329 1.20709 41.2328 1.01009 -13 40 1 0 1
-4.39348 6.99826 38.2182 -18.5669 12.262 55.975 0.064478 -13 41 1 0 1
-5.57271 -0.188887 38.2182 -24.7677 -4.90465 62.0966 1.46508 -13 42 1 0 1
-8.55478 -1.18457 38.2182 -41.5962 -3.6772 68.2616 0.521563 -13 43 1 0 1
-3.97315 0.887987 38.2182 -14.4383 -0.179489 51.9585 0.867021 -13 44 1 0 1
-5.94137 -3.74355 38.2182 -25.3621 -8.22535 61.022 0.611667 -13 46 1 0 1
-7.53331 5.37551 38.2182 -22.9732 5.46148 50.6909 1.15522 -13 47 1 0 1
-7.99589 2.51151 38.2182 -28.6468 11.3085 57.5321 0.913429 -13 48 1 0 1
-6.01774 -4.09109 38.2182 -25.6365 -17.6481 60.9997 -0.337862 -13 49 1 0 1
-13.0184 0.974188 38.2182 -19.7315 1.86087 22.5351 -0.316892 -13 50 1 0 1
-4.17566 3.78025 38.2182 -24.7593 4.6824 67.2454 -0.0943793 -13 51 1 0 1
-10.4283 4.76036 38.2182 -25.0007 9.76367 44.0675 0.320116 -13 52 1 0 1
-5.82065 3.70916 38.2182 -18.1532 5.37584 51.491 -2.13398 -13 53 1 0 1
-17.2834 7.68644 38.2182 -23.0938 6.68823 18.5568 0.385344 -13 54 1 0 1
-7.24148 -0.0294396 38.2182 -29.8186 -2.26806 62.4031 1.10927 -13 55 1 0 1
-0.866413 3.36358 38.2182 -11.9906 7.34101 59.5396 -0.774566 -13 56 1 0 1
-7.21283 -1.98644 38.2182 -24.2438 -1.60984 56.8798 -0.199962 -13 58 1 0 1
-5.84694 -2.7628 38.2182 -24.713 -6.53138 61.4985 2.16061 -13 59 1 0 1
-6.92021 4.03164 38.2182 -21.3173 10.3758 50.2418 0.473158 -13 60 1 0 1
-6.09646 3.14988 38.2182 -22.3243 9.34082 57.6712 -0.64143 -13 61 1 0 1
-6.50914 -0.149206 38.2182 -26.9183 4.30035 62.7027 -0.35106 -13 62 1 0 1
-3.92239 -0.0483214 38.2182 -16.8694 0.864045 56.6528 0.339648 -13 64 1 0 1
-4.55321 0.159512 38.2182 -20.2619 -2.36071 60.8017 -1.24803 -13 65 1 0 1
-4.8211 0.851885 38.2182 -23.8638 0.704851 65.3005 0.645338 -13 66 1 0 1
-4.89645 -0.510686 38.2182 -18.4376 2.61993 56.4667 -0.475704 -13 67 1 0 1
-5.84698 8.13293 38.2182 -16.9159 11.4915 47.4774 -0.739706 -13 68 1 0 1
-8.4847 -0.774002 38.2182 -26.2086 -2.05516 54.1712 0.202413 -13 69 1 0 1
-6.68766 0.900067 38.2182 -35.2074 -6.7553 71.4208 0.41974 -13 70 1 0 1
-6.45023 2.14041 38.2182 -20.143 -0.000569018 55.1663 -1.25514 -13 71 1 0 1
-3.45986 7.19011 38.2182 -18.4584 11.3018 60.4676 1.31388 -13 72 1 0 1
-6.56596 1.71915 38.2182 -30.4606 -0.872351 66.2651 -0.715623 -13 73 1 0 1
-7.79601 4.29944 38.2182 -22.7617 8.98635 49.5444 0.479898 -13 74 1 0 1
-4.31587 3.78375 38.2182 -25.6588 7.05686 68.5245 -2.66553 -13 75 1 0 1
0.859483 1.06506 38.2182 -19.6329 2.08575 77.3744 -1.53092 -13 76 1 0 1
-9.06839 3.79273 38.2182 -25.1583 2.68434 47.415 2.61108 -13 77 1 0 1
-12.6586 1.72138 38.2182 -30.4922 1.08684 43.5522 -0.521135 -13 78 1 0 1
-6.3419 0.0764826 38.2182 -22.9283 -0.823658 55.4393 1.65077 -13 79 1 0 1
-6.13815 -4.96133 38.2182 -28.1264 -8.27432 64.3271 0.256221 -13 80 1 0 1
-6.44464 1.53652 38.2182 -27.7415 11.2886 61.5431 0.28977 -13 81 1 0 1
-3.8026 -0.23832 38.2182 -16.4384 1.73311 59.3187 1.4289 -13 82 1 0 1
-14.2709 5.55158 38.2182 -39.2374 14.6424 50.3151 0.26319 -13 83 1 0 1
-18.1305 0.317544 38.2182 -41.7176 -0.123293 40.9248 0.405703 -13 84 1 0 1
-4.43436 0.795779 38.2182 -25.2624 -0.0534202 70.0088 1.35226 -13 85 1 0 1
-6.59116 -3.59638 38.2182 -25.483 -15.3772 59.4739 0.0426299 -13 86 1 0 1
-17.5332 -7.29668 38.2182 -26.3759 -9.86376 23.9027 1.18984 -13 87 1 0 1
-9.63221 -3.68952 38.2182 -31.9331 -7.64084 56.8873 -0.171009 -13 88 1 0 1
-4.6189 -1.68644 38.2182 -19.635 -0.388911 57.5405 -0.346154 -13 89 1 0 1
-5.74729 3.12566 38.2182 -22.4303 5.99778 59.4425 0.0469369 -13 90 1 0 1
-11.9713 -1.81767 38.2182 -32.7622 -5.10467 51.4751 1.12176 -13 91 1 0 1
-6.58696 -0.47531 38.2182 -18.5902 -0.393055 47.8709 0.233426 -13 92 1 0 1
-4.5428 -0.707769 38.2182 -17.2889 -4.31369 54.3535 1.0718 -13 93 1 0 1
-8.70516 9.46174 38.2182 -22.2646 15.7103 43.2334 -1.07724 -13 94 1 0 1
-7.05843 0.0721499 38.2182 -28.4138 1.96897 62.8007 0.296483 -13 95 1 0 1
-6.19264 0.721 38.2182 -21.3843 4.68388 54.0271 -1.5668 -13 96 1 0 1
-7.39301 -1.65218 38.2182 -20.2017 2.67098 50.1944 -0.787028 -13 97 1 0 1
-5.58974 -1.90169 38.2182 -23.0743 0.0792109 61.0794 0.674253 -13 98 1 0 1
-8.90505 3.58033 38.2182 -27.93 7.22448 54.4703 0.750284 -13 99 1 0 1
-1.82584 -1.35868 38.2182 -15.3199 2.35301 64.4065 -0.63536 -13 100 1 0 1
-2.03129 2.0621 38.2182 -16.4013 2.07941 66.0343 -0.43719 -13 101 1 0 1
-3.83807 -0.648246 38.2182 -20.2127 -2.33555 61.3017 0.156776 -13 102 1 0 1
-0.647933 -3.34189 38.2182 -11.1989 -0.111002 59.6391 -2.20611 -13 103 1 0 1
-7.48663 -1.79563 38.2182 -27.3884 -6.95142 58.723 -0.0573536 -13 104 1 0 1
-8.12752 0.0818854 38.2182 -23.7174 7.69223 52.0097 -1.20546 -13 105 1 0 1
-12.2082 -1.49783 38.2182 -30.9301 -2.85868 45.7635 0.548627 -13 106 1 0 1
-6.19263 -2.16324 38.2182 -27.1207 -5.68348 63.2534 -0.808279 -13 107 1 0 1
-3.56618 1.69987 38.2182 -17.3126 9.33912 58.7146 -0.564937 -13 108 1 0 1
-5.44914 -0.135454 38.2182 -23.0449 0.736719 62.1467 1.23769 -13 109 1 0 1
-7.95453 2.80509 38.2182 -33.4717 7.86901 64.1313 -0.0161933 -13 110 1 0 1
-7.43429 -4.15641 38.2182 -34.2923 -5.58756 67.6758 -0.0561038 -13 111 1 0 1
-3.493 1.06192 38.2182 -15.9828 -0.928163 51.2153 -1.59575 -13 112 1 0 1
-9.10141 5.49964 38.2182 -23.1282 9.14004 43.4328 1.05424 -13 113 1 0 1
-3.45051 -2.64877 38.2182 -16.5688 -6.94696 59.0724 0.181065 -13 114 1 0 1
-3.99351 2.72731 38.2182 -12.7291 3.72546 44.3637 0.102422 -13 115 1 0 1
-8.7999 -1.59931 38.2182 -34.1329 -4.19814 62.1894 0.757456 -13 116 1 0 1
-5.14241 -1.9711 38.2182 -17.8291 -2.07959 50.6401 -0.0981647 -13 117 1 0 1
-6.27341 -1.0651 38.2182 -14.4582 -6.94797 36.9261 -0.126023 -13 118 1 0 1
-3.83705 -2.98004 38.2182 -21.7234 -4.54859 66.0476 0.736901 -13 119 1 0 1
-8.00506 -1.86626 38.2182 -21.9395 -1.97734 45.8716 0.0757705 -13 120 1 0 1
-4.92443 -5.18217 38.2182 -19.3365 -4.87895 55.7652 1.77048 -13 121 1 0 1
-7.5813 -3.72695 38.2182 -34.0872 -6.78321 67.332 0.857432 -13 122 1 0 1
-5.88961 -4.73066 38.2182 -25.7527 -9.49623 63.8133 0.985854 -13 123 1 0 1
-0.870346 1.54345 38.2182 -9.88836 4.85607 56.0433 0.533486 -13 124 1 0 1
-12.2178 -8.40815 38.2182 -29.9631 -16.1879 44.9629 -1.25907 -13 125 1 0 1
-4.72157 0.380792 38.2182 -29.7543 -5.96327 70.9007 1.17193 -13 126 1 0 1
-7.57749 5.00404 38.2182 -23.5991 6.9694 51.2159 -0.849723 -13 127 1 0 1
-6.96932 -0.483579 38.2182 -24.7441 -5.94524 57.1706 0.563332 -13 128 1 0 1
-1.61112 4.26164 38.2182 -11.8574 9.54096 55.8808 -0.239112 -13 129 1 0 1
-6.10341 0.94556 38.2182 -17.4325 5.65032 43.7631 0.850437 -13 130 1 0 1
-4.69787 2.90533 38.2182 -23.428 6.32154 62.45 -0.239046 -13 131 1 0 1
-9.77043 0.402322 38.2182 -36.4403 -0.795852 62.508 1.51845 -13 132 1 0 1
-1.52562 -0.625928 38.2182 -12.9922 -2.75186 61.3589 -1.1116 -13 133 1 0 1
0.196322 0.32872 38.2182 -15.1588 0.124341 72.2653 0.608349 -13 134 1 0 1
-2.06838 1.91984 38.2182 -17.9945 -0.808975 66.246 1.06065 -13 135 1 0 1
-2.94182 5.02376 38.2182 -13.5229 5.93343 51.8356 0.269051 -13 136 1 0 1
-9.23977 2.7018 38.2182 -27.819 4.83743 53.2592 1.73237 -13 137 1 0 1
-10.0045 7.25468 38.2182 -24.8804 13.8704 43.5585 0.544937 -13 140 1 0 1
-9.16568 1.77561 38.2182 -21.7557 6.47317 41.3373 0.127364 -13 141 1 0 1
-4.00616 0.266691 38.2182 -18.5535 5.27051 58.9303 2.12638 -13 142 1 0 1
-9.22777 -2.32262 38.2182 -33.1194 -6.57249 60.4239 -0.650935 -13 143 1 0 1
-0.532129 0.646468 38.2182 -14.3753 -1.52963 69.0132 3.10111 -13 144 1 0 1
-7.34535 -9.33406 38.2182 -20.3335 -14.8797 45.2978 1.92036 -13 145 1 0 1
-3.47629 -5.24592 38.2182 -18.0981 -8.178 61.0244 0.416031 -13 146 1 0 1
-7.025 -1.34038 38.2182 -25.0378 -3.10033 57.9246 -1.01218 -13 147 1 0 1
-7.95948 -4.55367 38.2182 -29.9305 -5.52821 61.3535 0.439357 -13 148 1 0 1
-4.63099 4.57219 38.2182 -17.8318 7.26626 50.5275 -0.305398 -13 149 1 0 1
-8.61773 1.86004 38.2182 -28.6964 5.56237 56.7311 0.0131626 -13 150 1 0 1
-6.02937 -1.16345 38.2182 -19.716 -3.17934 51.0852 1.37325 -13 151 1 0 1
-5.71393 0.190143 38.2182 -21.9723 -0.266743 58.0916 2.29096 -13 152 1 0 1
-9.05037 0.779506 38.2182 -30.6442 -3.16052 57.7306 -0.321274 -13 153 1 0 1
-7.39328 -4.85801 38.2182 -35.3609 -12.8469 67.6215 -1.9366 -13 154 1 0 1
-10.128 1.28394 38.2182 -32.0987 1.12895 55.9606 -1.29258 -13 155 1 0 1
-5.59298 -1.03457 38.2182 -15.89 1.34906 40.0127 -0.381279 -13 156 1 0 1
-10.1697 1.74438 38.2182 -28.364 6.38525 49.7747 0.0597544 -13 157 1 0 1
-3.82609 3.04014 38.2182 -29.6049 3.17224 73.7309 1.4507 -13 158 1 0 1
-12.0956 6.09876 38.2182 -28.2454 8.66961 43.7702 -0.493281 -13 159 1 0 1
2.12491 0.620354 38.2182 -6.1745 1.52425 62.7971 0.108824 -13 160 1 0 1
-1.47008 1.81601 38.2182 -16.5471 -1.01995 67.2746 1.68298 -13 161 1 0 1
-16.0264 1.05152 38.2182 -24.7385 0.841221 24.187 -0.356519 -13 162 1 0 1
-7.95251 0.948089 38.2182 -30.2819 7.27331 61.5176 -1.58661 -13 163 1 0 1
1.19304 6.21367 38.2182 -8.28644 9.04115 64.1656 0.163982 -13 164 1 0 1
-15.1936 -1.4407 38.2182 -43.5276 -3.67428 52.7161 -0.0991231 -13 166 1 0 1
0.541403 2.77246 38.2182 -9.01336 6.56743 62.1087 0.700183 -13 167 1 0 1
-5.18578 2.61412 38.2182 -33.1894 9.52464 71.5717 1.20967 -13 168 1 0 1
-2.70594 -1.92346 38.2182 -14.3238 -6.33869 53.945 -0.172987 -13 169 1 0 1
-8.01647 -0.961619 38.2182 -29.0327 -4.12155 59.019 -0.555786 -13 170 1 0 1
-0.106184 -8.8611 38.2182 -7.59129 -8.31194 37.4171 0.849593 -13 171 1 0 1
-7.46781 1.90619 38.2182 -22.0516 0.620188 50.6331 -0.280971 -13 172 1 0 1
-9.56192 -4.31789 38.2182 -23.7367 -8.16382 45.1581 0.269679 -13 173 1 0 1
-5.8389 1.28816 38.2182 -23.6326 -3.71053 61.3381 0.347398 -13 174 1 0 1
-13.5724 -1.62053 38.2182 -24.4687 -4.49673 31.7532 -0.0223513 -13 176 1 0 1
-1.41395 -2.90948 38.2182 -10.3381 -5.10466 48.7286 -0.283141 -13 177 1 0 1
-6.65004 -2.43228 38.2182 -19.153 -2.12406 47.9119 -0.486202 -13 178 1 0 1
-3.1999 -6.16321 38.2182 -19.629 -18.6369 63.406 -0.653279 -13 179 1 0 1
-6.30289 -1.68296 38.2182 -18.4256 -1.55171 45.9402 1.64401 -13 180 1 0 1
-5.61764 0.725633 38.2182 -13.8434 -0.216019 36.4389 -1.35982 -13 181 1 0 1
-8.904 4.43218 38.2182 -17.9027 9.56898 31.2213 0.150355 -13 183 1 0 1
-14.9528 -0.809527 38.2182 -33.0706 -4.74899 39.4466 0.141537 -13 184 1 0 1
-10.3426 0.751841 38.2182 -27.7105 -0.68878 49.4212 -0.676424 -13 185 1 0 1
-16.8411 4.98097 38.2182 -22.1011 5.58222 16.6207 -0.40127 -13 186 1 0 1
-4.47252 -4.5978 38.2182 -23.6164 -4.10857 66.4875 1.23197 -13 188 1 0 1
-7.25269 -2.09394 38.2182 -36.4314 -6.46965 70.0942 0.282737 -13 189 1 0 1
-11.6908 3.12177 38.2182 -29.0984 6.7323 46.8568 2.01694 -13 191 1 0 1
-4.19951 -0.422204 38.2182 -30.5145 5.68482 74.1884 0.944018 -13 192 1 0 1
-7.35226 2.14556 38.2182 -28.2774 8.2617 60.8649 -0.151779 -13 194 1 0 1
-5.00337 -1.00417 38.2182 -18.4581 -1.59095 55.1315 2.35299 -13 195 1 0 1
-0.15483 1.1578 38.2182 -22.7729 -4.38495 77.3167 2.66731 -13 196 1 0 1
-7.252 4.59374 38.2182 -24.8255 9.15804 56.6054 -0.827861 -13 197 1 0 1
-3.21258 -1.23466 38.2182 -13.2111 -2.01594 45.5104 -0.510348 -13 198 1 0 1
-16.1787 14.6327 38.2182 -29.6414 18.0552 33.1668 -1.44699 -13 199 1 0 1
-3.49438 -0.680806 38.2182 -13.2667 1.19558 48.3345 0.75121 -13 200 1 0 1
-10.0029 -2.25287 38.2182 -33.9577 -7.78149 58.7235 0.420221 -13 201 1 0 1
0.221743 7.72284 38.2182 -8.93417 13.1356 59.59 -0.770907 -13 202 1 0 1
-5.21732 0.344183 38.2182 -19.5231 -2.31044 55.7115 0.362454 -13 203 1 0 1
-5.8269 1.56682 38.2182 -17.2928 -1.70256 44.919 1.51549 -13 205 1 0 1
-12.9122 1.47732 38.2182 -49.3672 1.86217 60.5012 0.31359 -13 206 1 0 1
-13.9634 -5.87794 38.2182 -31.7345 -10.4109 42.1466 -0.948736 -13 207 1 0 1
-11.8311 1.54148 38.2182 -36.5631 4.15023 56.2047 -0.18173 -13 208 1 0 1
-1.78267 2.31363 38.2182 -9.28927 5.87614 43.4936 -0.296417 -13 210 1 0 1
-3.79263 6.85418 38.2182 -12.2145 6.03873 35.2037 0.698203 -13 211 1 0 1
-6.77167 6.7111 38.2182 -30.2851 16.0102 64.5998 2.18913 -13 212 1 0 1
-12.6144 2.99113 38.2182 -30.6342 3.3406 45.9047 -1.21446 -13 213 1 0 1
-6.6945 2.90538 38.2182 -30.7755 3.95966 67.6819 1.13103 -13 214 1 0 1
-7.52644 -0.189716 38.2182 -31.3161 -7.36578 63.6914 1.8441 -13 215 1 0 1
-2.28815 0.15328 38.2182 -18.3237 1.10628 66.544 1.24067 -13 216 1 0 1
-0.11263 1.92392 38.2182 -7.86996 6.52132 41.5395 -0.864813 -13 217 1 0 1
-10.6674 0.877142 38.2182 -32.3296 1.76751 53.239 0.294252 -13 218 1 0 1
-5.60107 -1.23655 38.2182 -29.6077 -2.97437 70.5807 0.161848 -13 219 1 0 1
-3.23432 2.19951 38.2182 -20.9805 1.75067 67.7576 2.50347 -13 220 1 0 1
0.0853048 0.38684 38.2182 -5.391 -2.23384 54.0834 1.08373 -13 221 1 0 1
-6.64703 4.02572 38.2182 -28.5596 10.7396 64.3483 -0.657182 -13 222 1 0 1
-10.8443 1.64187 38.2182 -30.596 6.63151 49.7395 1.16073 -13 223 1 0 1
-8.65149 -2.82477 38.2182 -26.3877 -4.33899 53.7065 -0.316213 -13 224 1 0 1
-10.3401 3.45669 38.2182 -25.2159 7.43351 43.2397 -0.129751 -13 226 1 0 1
-6.09605 3.29764 38.2182 -22.584 5.45263 57.6798 0.173222 -13 227 1 0 1
-4.67519 0.29503 38.2182 -29.6901 0.037703 70.9392 -1.76308 -13 228 1 0 1
-8.69168 1.4386 38.2182 -34.16 -1.31146 61.9651 0.403995 -13 229 1 0 1
-7.09808 -7.82864 38.2182 -16.3925 -11.1542 35.2258 -0.181325 -13 230 1 0 1
1.36619 5.71745 38.2182 -8.50928 17.8133 63.9104 1.37743 -13 231 1 0 1
-7.18718 11.6925 38.2182 -22.2376 22.383 49.3237 1.02618 -13 232 1 0 1
-12.7564 2.37987 38.2182 -36.0551 3.54972 51.3493 -1.29826 -13 233 1 0 1
1.93971 21.8833 38.2182 -6.25545 39.5072 52.4596 -0.417824 -13 234 1 0 1
-4.19629 4.509 38.2182 -24.5184 5.71475 67.6615 0.435824 -13 235 1 0 1
-9.89295 -1.30379 38.2182 -30.7073 -6.991 55.2212 1.43882 -13 236 1 0 1
-2.45655 -7.58094 38.2182 -12.4254 -11.5793 50.2646 0.93535 -13 237 1 0 1
-5.6839 0.681885 38.2182 -21.6388 0.538396 56.6686 0.250403 -13 238 1 0 1
-9.79091 -1.82699 38.2182 -34.6619 0.958427 59.56 1.44296 -13 239 1 0 1
-10.7182 9.99727 38.2182 -20.7389 13.8462 31.2407 -0.152183 -13 240 1 0 1
-10.2644 0.884216 38.2182 -27.3584 -2.19783 48.2531 2.01047 -13 242 1 0 1
-3.6118 -7.24793 38.2182 -19.7413 -13.067 63.4063 0.0546133 -13 243 1 0 1
-2.49055 1.08611 38.2182 -22.0189 2.60421 71.4722 0.835819 -13 244 1 0 1
-1.82599 0.385107 38.2182 -17.8477 7.98114 67.5897 -0.528032 -13 245 1 0 1
-4.09805 1.40178 38.2182 -22.2666 9.15574 65.1118 -0.0266078 -13 246 1 0 1
-6.53528 -4.76334 38.2182 -22.514 -6.42592 54.3777 -0.142873 -13 247 1 0 1
-7.27636 -2.32485 38.2182 -27.3663 -4.44144 60.3782 0.854174 -13 248 1 0 1
1.05358 5.25848 38.2182 -8.42762 4.75453 59.9791 -0.763736 -13 249 1 0 1
-6.62909 -4.03574 38.2182 -26.7039 -9.63733 60.0032 -1.31272 -13 250 1 0 1
-2.21309 8.17526 38.2182 -14.1504 9.97005 60.4609 -0.841136 -13 251 1 0 1
-2.36274 1.39658 38.2182 -14.1383 0.664673 60.84 0.455548 -13 252 1 0 1
-5.84594 4.17198 38.2182 -27.2813 13.9085 63.4636 -1.16687 -13 253 1 0 1
-7.78673 1.2069 38.2182 -21.6176 3.15594 46.6286 -0.293061 -13 254 1 0 1
-5.30337 -0.918492 38.2182 -29.5869 2.31157 70.5441 0.132233 -13 255 1 0 1
-10.9054 -0.486612 38.2182 -25.479 -0.804788 41.3416 -0.719736 -13 256 1 0 1
-8.70131 -5.62423 38.2182 -18.1839 -9.83902 33.7889 -0.0225402 -13 257 1 0 1
-4.0173 0.703794 38.2182 -18.4893 -0.639404 58.9817 0.315646 -13 258 1 0 1
-5.05365 1.6694 38.2182 -16.7688 0.0375672 52.4509 -0.980964 -13 259 1 0 1
-6.45708 -0.781774 38.2182 -28.0389 -6.21974 64.7558 -0.108537 -13 260 1 0 1
-9.06356 1.1925 38.2182 -26.9049 1.62512 51.4934 -0.925366 -13 261 1 0 1
-5.46478 -2.85486 38.2182 -19.9462 -4.9485 57.9988 2.3014 -13 262 1 0 1
-2.94818 -2.99546 38.2182 -15.7985 -5.91121 59.1649 -1.28535 -13 263 1 0 1
-7.93343 -2.32519 38.2182 -20.8908 -4.17583 43.1982 0.00326258 -13 264 1 0 1
-1.99812 1.79892 38.2182 -14.3341 6.2322 60.7491 0.893839 -13 265 1 0 1
-2.50597 -0.333562 38.2182 -18.1846 -5.06182 66.8391 0.778826 -13 266 1 0 1
-6.28194 3.99396 38.2182 -23.3623 2.4832 57.5325 -0.0970681 -13 267 1 0 1
-15.6097 1.39235 38.2182 -23.7968 3.5363 22.3181 -0.776742 -13 268 1 0 1
-5.90113 3.57722 38.2182 -31.6982 2.26774 70.6124 0.668995 -13 269 1 0 1
-7.85563 0.098848 38.2182 -25.8874 -4.70102 56.3237 1.46607 -13 270 1 0 1
-1.29039 -1.87242 38.2182 -19.9112 -10.1533 73.4423 -0.640452 -13 271 1 0 1
-8.41064 -4.29836 38.2182 -26.2237 -10.4042 52.751 1.80206 -13 272 1 0 1
-16.1266 2.19565 38.2182 -31.2373 1.92934 35.4069 3.07152 -13 273 1 0 1
-4.24464 1.60164 38.2182 -19.8758 7.91297 61.1097 -1.83243 -13 274 1 0 1
-2.62895 0.00657364 38.2182 -14.5506 -3.30613 55.6718 -0.0928019 -13 275 1 0 1
-10.5375 0.329942 38.2182 -25.0579 -1.36464 43.3764 1.41242 -13 277 1 0 1
-13.5226 1.51841 38.2182 -33.4496 3.00131 46.8139 1.78732 -13 278 1 0 1
-13.4251 -0.269259 38.2182 -39.3402 -7.96669 53.1386 -2.2534 -13 279 1 0 1
-4.63321 2.47536 38.2182 -18.9908 2.72211 56.3251 0.44541 -13 280 1 0 1
-4.95677 -0.884038 38.2182 -23.0039 1.28569 60.2859 -1.09318 -13 281 1 0 1
-9.7052 0.431885 38.2182 -21.1302 2.16208 36.948 -0.584528 -13 282 1 0 1
-5.68222 -8.11505 38.2182 -16.0059 -13.0734 41.4209 -1.36731 -13 283 1 0 1
-12.2538 1.97901 38.2182 -27.9703 -1.62401 41.1383 -0.116937 -13 284 1 0 1
-13.736 3.09112 38.2182 -35.0291 8.3515 47.0372 -0.267891 -13 285 1 0 1
-9.52245 -5.82351 38.2182 -32.1619 -2.11403 59.0971 -1.25137 -13 286 1 0 1
-9.27693 1.14807 38.2182 -23.5642 -1.83268 42.85 -1.38024 -13 287 1 0 1
-5.66922 12.6797 38.2182 -29.4638 35.8266 63.1584 -0.0752591 -13 288 1 0 1
-5.96237 4.99389 38.2182 -30.95 13.27 69.6008 0.651002 -13 289 1 0 1
0.401818 0.149852 38.2182 -7.23976 -1.04147 43.3394 0.385879 -13 290 1 0 1
-4.53826 -2.07753 38.2182 -27.3104 -8.1842 69.218 0.636016 -13 291 1 0 1
-5.89762 1.53806 38.2182 -27.6953 5.98262 65.6552 -0.0774825 -13 292 1 0 1
-16.7473 2.79894 38.2182 -27.858 7.74046 27.9608 2.34867 -13 293 1 0 1
2.62891 0.632963 38.2182 -7.59815 10.204 69.0933 1.78001 -13 294 1 0 1
-6.22284 -0.983287 38.2182 -24.2501 -3.1981 59.7567 0.276649 -13 295 1 0 1
-12.4205 0.25451 38.2182 -30.0503 -0.5376 45.6593 -0.052104 -13 296 1 0 1
-0.91872 -0.000973319 38.2182 -9.50831 -2.48148 52.3077 2.74462 -13 297 1 0 1
-3.33617 0.934011 38.2182 -19.2491 -2.09134 63.7854 -1.6754 -13 298 1 0 1
-8.86 4.40607 38.2182 -26.99 5.54986 54.2263 -0.568599 -13 301 1 0 1
-10.9584 1.28623 38.2182 -31.1924 6.6609 51.138 0.444537 -13 302 1 0 1
-6.77426 -0.315182 38.2182 -23.0581 4.26889 55.301 0.205618 -13 303 1 0 1
-6.81357 2.896 38.2182 -25.2401 10.33 57.506 0.727968 -13 304 1 0 1
-6.87856 0.372303 38.2182 -25.7265 -2.34711 59.5016 -0.852229 -13 306 1 0 1
-6.35218 -4.4613 38.2182 -26.5068 -17.5757 60.4091 -1.10875 -13 307 1 0 1
-7.60015 -6.57207 38.2182 -31.3384 -15.3283 62.8824 0.272145 -13 308 1 0 1
-8.12403 0.387022 38.2182 -27.8157 0.866466 57.2353 -0.666526 -13 309 1 0 1
-0.750648 -2.45605 38.2182 -16.0073 -5.50903 68.6172 -0.219497 -13 310 1 0 1
-11.4848 -9.7907 38.2182 -19.4481 -5.98372 23.0329 -1.32776 -13 311 1 0 1
-10.2108 -0.492282 38.2182 -35.4017 0.858802 59.2011 0.0260457 -13 312 1 0 1
-9.96829 4.97474 38.2182 -35.3679 10.2975 60.3329 1.12097 -13 313 1 0 1
-8.03102 -0.351164 38.2182 -30.4811 -0.0809542 59.2366 -0.409732 -13 314 1 0 1
-3.13608 0.49426 38.2182 -15.7722 6.09609 58.2538 -1.28162 -13 315 1 0 1
-9.19172 -10.2286 38.2182 -21.7333 -16.9861 40.2033 -1.017 -13 316 1 0 1
-8.26159 -3.20519 38.2182 -26.7664 -7.94736 54.3669 0.940356 -13 317 1 0 1
-3.96297 -0.255678 38.2182 -21.471 2.49612 65.1728 -1.2476 -13 318 1 0 1
-6.38553 3.80671 38.2182 -27.515 14.3378 61.4694 2.1884 -13 319 1 0 1
-0.715472 0.758096 38.2182 -14.9196 2.14796 69.7255 0.752257 -13 320 1 0 1
-1.9263 0.779889 38.2182 -12.0422 0.0714783 53.7379 -1.48484 -13 321 1 0 1
-4.97338 0.726468 38.2182 -34.707 4.11983 72.203 2.01766 -13 322 1 0 1
-0.462828 -4.11522 38.2182 -16.7696 -2.47277 73.0961 0.376663 -13 323 1 0 1
-5.9166 5.52165 38.2182 -22.6949 11.7224 58.3629 -0.509572 -13 324 1 0 1
-5.86127 -2.88706 38.2182 -27.2236 -8.456 65.1343 0.145632 -13 325 1 0 1
-9.91707 2.98598 38.2182 -31.2189 4.84194 53.6493 0.118021 -13 326 1 0 1
-24.9914 -10.4768 38.2182 -30.6891 -11.9927 15.573 0.52707 -13 327 1 0 1
-8.81039 3.7956 38.2182 -25.6518 -0.999559 51.591 -1.35333 -13 328 1 0 1
-7.38977 3.71025 38.2182 -27.3924 10.9961 59.7533 1.25176 -13 329 1 0 1
-2.27539 -4.29753 38.2182 -21.7166 -6.64548 71.7104 -0.694128 -13 330 1 0 1
-10.4689 5.053 38.2182 -36.5362 3.93043 59.818 -1.41187 -13 331 1 0 1
-6.38195 2.80375 38.2182 -17.7546 6.54808 42.0263 4.22503 -13 333 1 0 1
-16.7921 -2.1824 38.2182 -41.8674 -2.98658 46.3509 0.506182 -13 334 1 0 1
-4.82615 -5.5811 38.2182 -20.3704 -12.6821 59.7291 0.483497 -13 335 1 0 1
-5.85303 -0.654346 38.2182 -26.7229 -0.389323 62.4211 -0.519423 -13 336 1 0 1
5.39817 -9.95516 38.2182 1.58691 -20.0018 61.0565 -2.29382 -13 337 1 0 1
-11.4769 -1.38903 38.2182 -28.5554 -7.42389 42.6209 1.04372 -13 338 1 0 1
-7.47214 -3.77835 38.2182 -19.2301 -4.67262 41.9232 0.519753 -13 339 1 0 1
-6.95435 -0.1883 38.2182 -26.9712 1.54589 61.6625 0.345533 -13 340 1 0 1
-0.956355 1.87168 38.2182 -18.1406 -0.757233 73.9164 0.0876218 -13 341 1 0 1
-5.30256 1.02249 38.2182 -27.091 5.42356 66.7755 0.752353 -13 342 1 0 1
-6.87806 -0.315077 38.2182 -23.4719 -6.48118 55.4725 -0.228141 -13 343 1 0 1
-4.49405 -2.22154 38.2182 -14.8757 0.945681 44.9124 -0.178691 -13 344 1 0 1
-1.82163 -1.07818 38.2182 -15.7857 0.732437 67.001 -0.722105 -13 345 1 0 1
-13.1673 2.68904 38.2182 -35.6146 5.62595 50.3456 0.730674 -13 346 1 0 1
-8.02062 0.133301 38.2182 -28.5383 0.580592 59.445 -0.702594 -13 347 1 0 1
-8.92893 0.3574 38.2182 -21.443 6.69196 43.696 -0.359532 -13 348 1 0 1
-2.6713 2.69453 38.2182 -14.0327 2.63174 53.1427 0.97186 -13 349 1 0 1
-5.51945 -4.20336 38.2182 -22.2344 -7.8286 59.0552 0.904689 -13 350 1 0 1
-6.78135 3.46438 38.2182 -27.7831 5.5813 62.5166 -1.41785 -13 352 1 0 1
-8.79016 4.73133 38.2182 -28.1835 8.44212 56.1927 -0.0981048 -13 353 1 0 1
-8.49075 5.54146 38.2182 -21.7825 6.1883 43.4016 0.54278 -13 354 1 0 1
-6.91006 5.4525 38.2182 -31.0548 14.2697 64.8277 -0.345185 -13 355 1 0 1
-2.29307 -1.43604 38.2182 -13.7926 1.25276 56.4883 0.397882 -13 356 1 0 1
-8.55843 -0.805572 38.2182 -17.4597 0.34475 30.7356 0.187551 -13 357 1 0 1
-2.85485 3.67562 38.2182 -12.7489 10.4055 46.4042 0.728598 -13 358 1 0 1
-7.49106 -0.570132 38.2182 -23.2492 4.57257 53.4366 0.584176 -13 359 1 0 1
-7.91727 -2.6086 38.2182 -33.1585 -5.83001 65.5373 -0.484661 -13 360 1 0 1
-3.54942 -0.223446 38.2182 -25.9162 3.26502 71.6371 -0.00964024 -13 361 1 0 1
-12.8494 -3.18077 38.2182 -34.8062 -9.26096 49.8653 -2.63997 -13 362 1 0 1
-5.94523 0.748752 38.2182 -29.3648 5.28812 67.2161 -0.185857 -13 363 1 0 1
-3.83951 -2.42036 38.2182 -19.5579 -3.42915 59.6198 0.364454 -13 364 1 0 1
-11.6873 -1.72818 38.2182 -25.2827 -1.05893 38.1331 -1.75579 -13 365 1 0 1
-3.40997 -2.46732 38.2182 -11.6129 -4.55601 41.6949 2.36365 -13 366 1 0 1
-7.25041 -1.55537 38.2182 -15.9104 -5.6051 32.915 1.45796 -13 367 1 0 1
-8.09015 2.74341 38.2182 -26.3697 8.18433 56.0018 0.678448 -13 368 1 0 1
-4.76196 -0.640301 38.2182 -18.1448 2.64785 55.4406 -0.970957 -13 369 1 0 1
-13.5236 4.18267 38.2182 -42.3262 8.14183 55.8409 0.998488 -13 370 1 0 1
-7.7826 -3.25658 38.2182 -26.3107 -5.19907 58.0766 2.51638 -13 371 1 0 1
-12.9525 -3.11935 38.2182 -27.3076 -9.80303 37.8269 0.974933 -13 372 1 0 1
-10.3397 -3.80428 38.2182 -30.5982 -9.73033 52.9408 0.831687 -13 373 1 0 1
-7.21069 -1.10127 38.2182 -33.1588 -0.394356 67.6496 0.752723 -13 374 1 0 1
-11.4581 2.85901 38.2182 -43.9502 10.0194 63.4983 -1.26664 -13 375 1 0 1
-11.3004 -8.05598 38.2182 -35.195 -17.1455 54.7636 0.612117 -13 376 1 0 1
0.473023 -1.81318 38.2182 -15.7862 -8.68684 75.7011 1.30289 -13 377 1 0 1
-6.21119 -9.14771 38.2182 -24.6568 -23.7294 57.5053 0.776732 -13 379 1 0 1
-3.80632 -2.66337 38.2182 -16.4844 -0.335126 56.253 1.28389 -13 381 1 0 1
-1.97911 -4.39805 38.2182 -18.302 -11.338 68.6958 -0.213875 -13 382 1 0 1
-23.0838 -2.50677 38.2182 -33.6512 -4.25856 21.4248 1.56753 -13 383 1 0 1
-1.14468 2.62745 38.2182 -9.92473 1.53235 56.7619 -1.22124 -13 384 1 0 1
-6.10334 -0.384512 38.2182 -23.9494 -5.44755 60.9417 1.90499 -13 385 1 0 1
-5.62604 2.03067 38.2182 -24.6259 2.98997 63.2949 2.05972 -13 386 1 0 1
-7.5764 0.671643 38.2182 -30.6892 -0.668846 63.2567 0.254671 -13 387 1 0 1
-8.11385 -1.57842 38.2182 -20.5343 -1.73464 43.1011 -0.608801 -13 388 1 0 1
-9.20232 1.35852 38.2182 -26.8749 5.10152 51.4523 1.18052 -13 389 1 0 1
-7.80368 -0.85197 38.2182 -25.5528 -3.60987 57.0088 0.882234 -13 390 1 0 1
-0.672432 1.46585 38.2182 -8.30079 1.3033 50.4127 -0.106859 -13 391 1 0 1
-13.0821 -0.110484 38.2182 -29.734 -5.36283 41.5524 0.367856 -13 392 1 0 1
-7.13543 4.3637 38.2182 -23.5048 5.784 53.2409 -0.667468 -13 394 1 0 1
-6.31046 4.38097 38.2182 -29.3041 15.6209 66.2709 -1.52498 -13 395 1 0 1
0.897144 3.64571 38.2182 -8.82942 3.59704 63.3478 -0.0256557 -13 396 1 0 1
-4.73663 -8.17689 38.2182 -18.1722 -14.7528 53.43 1.40612 -13 397 1 0 1
-4.10491 0.767086 38.2182 -20.3304 0.0646339 62.2708 0.99377 -13 398 1 0 1
-5.61183 -6.63006 38.2182 -26.2933 -12.5604 63.6704 2.17843 -13 399 1 0 1
-5.45018 -1.58274 38.2182 -21.3267 4.84578 58.587 0.108405 -13 400 1 0 1
-1.28438 -1.30757 38.2182 -16.8078 -1.79053 68.2239 -0.0981689 -13 401 1 0 1
-9.68253 2.05862 38.2182 -26.292 2.48281 48.9208 -0.149646 -13 402 1 0 1
-5.70031 -9.94141 38.2182 -23.6075 -27.8018 59.9687 0.369007 -13 403 1 0 1
-4.91163 -4.86198 38.2182 -20.8796 -15.1788 59.0254 1.35151 -13 404 1 0 1
-10.1727 0.141402 38.2182 -29.2796 -4.36158 49.9315 -0.431087 -13 406 1 0 1
-6.28995 -0.695599 38.2182 -24.3646 1.25009 59.4601 1.41963 -13 407 1 0 1
-2.32375 2.32412 38.2182 -12.6108 5.22934 54.0799 1.9415 -13 408 1 0 1
-1.6214 0.0203036 38.2182 -13.58 -0.140323 61.8897 0.452253 -13 409 1 0 1
-5.47482 -1.69005 38.2182 -28.709 -4.16637 69.3809 -2.44348 -13 410 1 0 1
-14.8567 4.35251 38.2182 -18.7564 1.27257 16.9699 0.864048 -13 411 1 0 1
-8.01248 -6.34791 38.2182 -27.3251 -13.9058 55.4129 1.4081 -13 412 1 0 1
-7.18575 2.57592 38.2182 -34.5116 3.83485 68.8739 0.221331 -13 413 1 0 1
-14.1765 -1.47253 38.2182 -31.1342 -0.674772 42.0231 1.16 -13 414 1 0 1
-7.75137 3.34499 38.2182 -22.8363 7.4659 47.8043 0.495371 -13 415 1 0 1
-5.38037 2.08318 38.2182 -24.4944 1.33081 63.3238 1.60612 -13 418 1 0 1
-2.62186 3.33254 38.2182 -16.0017 7.95841 60.4611 0.643182 -13 419 1 0 1
-7.37043 -2.28931 38.2182 -30.9999 -9.54063 64.7656 -0.304223 -13 421 1 0 1
-7.77033 6.21327 38.2182 -27.4058 14.518 57.0332 0.532991 -13 422 1 0 1
-21.9283 -9.81282 38.2182 -27.0135 -6.8158 16.1136 0.0762604 -13 423 1 0 1
-7.74753 13.7047 38.2182 -16.228 14.653 33.5465 0.824136 -13 424 1 0 1
-4.05607 -2.26503 38.2182 -18.1971 -3.30208 60.4664 0.0702542 -13 425 1 0 1
-7.04877 0.6853 38.2182 -31.9484 6.3009 64.8592 -1.28734 -13 426 1 0 1
0.307033 -4.26797 38.2182 -10.0656 -5.36262 61.9996 -0.401574 -13 427 1 0 1
-9.23753 2.89536 38.2182 -29.9869 10.5987 55.486 0.524539 -13 428 1 0 1
-4.17273 -6.69587 38.2182 -15.5586 -14.7808 50.8225 0.0325853 -13 429 1 0 1
-11.2108 5.56109 38.2182 -37.4417 13.6619 57.4678 -1.56378 -13 430 1 0 1
-3.92966 -1.66063 38.2182 -25.7254 -5.31657 70.0903 2.01923 -13 431 1 0 1
-2.83261 -0.739287 38.2182 -17.799 1.80832 64.8535 2.06962 -13 432 1 0 1
-6.59382 -1.66466 38.2182 -27.7301 -9.75998 61.9 1.50871 -13 433 1 0 1
-6.61731 0.613033 38.2182 -21.8607 6.29558 52.7805 0.250332 -13 434 1 0 1
2.24634 1.67672 38.2182 -5.6932 1.4198 58.3838 1.18327 -13 435 1 0 1
-2.82098 -1.19761 38.2182 -18.0255 -1.39752 63.7178 -2.19269 -13 437 1 0 1
-10.252 -0.861329 38.2182 -24.5843 -1.03927 44.6805 2.09524 -13 438 1 0 1
-7.27769 -4.36156 38.2182 -25.4172 -6.68622 55.359 -0.998628 -13 439 1 0 1
-6.27754 1.91245 38.2182 -22.3299 4.94683 55.5474 0.34018 -13 440 1 0 1
-12.149 -1.15215 38.2182 -39.0755 -3.06136 56.7114 1.49757 -13 441 1 0 1
-6.4373 -3.28911 38.2182 -24.3794 -1.45911 59.4375 -0.0178826 -13 442 1 0 1
-8.96628 -0.0665693 38.2182 -23.9113 5.37676 46.826 1.17522 -13 443 1 0 1
0.0207538 -0.607987 38.2182 -12.9498 0.588777 68.1131 1.08732 -13 444 1 0 1
-3.98169 0.724497 38.2182 -21.3552 -4.54258 63.6836 0.182307 -13 445 1 0 1
-8.65892 -3.44598 38.2182 -30.6317 -2.87051 59.8195 -1.43478 -13 446 1 0 1
-5.59193 1.99807 38.2182 -19.2613 4.80669 51.4988 -0.319979 -13 447 1 0 1
-5.89977 0.567068 38.2182 -25.6772 4.41921 63.7935 -1.88823 -13 448 1 0 1
-7.74219 -0.0229351 38.2182 -20.5012 -2.33037 44.3632 -0.0571476 -13 449 1 0 1
-1.41205 2.17769 38.2182 -22.9199 1.09837 77.5233 0.184343 -13 451 1 0 1
-3.60079 -1.45486 38.2182 -18.1384 -5.06833 63.9022 1.20358 -13 452 1 0 1
-6.81322 -3.50221 38.2182 -20.7935 -5.90737 52.6398 -0.213738 -13 453 1 0 1
-11.8113 2.88664 38.2182 -25.6632 4.47715 40.5275 1.48994 -13 454 1 0 1
-4.97066 -2.26203 38.2182 -16.6465 -8.00344 49.7877 0.313796 -13 455 1 0 1
-3.69744 4.34043 38.2182 -18.2918 11.1024 59.0245 -0.520128 -13 456 1 0 1
-7.4375 3.80029 38.2182 -20.4341 10.7787 47.0023 0.931073 -13 457 1 0 1
-4.55451 -10.4617 38.2182 -16.6654 -17.403 47.9796 -0.973197 -13 458 1 0 1
-1.18484 5.8891 38.2182 -16.7721 10.2698 71.5499 1.78653 -13 459 1 0 1
-7.04665 0.707205 38.2182 -26.6743 4.10933 58.6423 -0.0418278 -13 460 1 0 1
-10.0965 3.89466 38.2182 -30.2523 11.0948 53.7414 0.477509 -13 461 1 0 1
-6.91185 0.168621 38.2182 -24.2118 1.30216 56.9142 -0.168773 -13 462 1 0 1
-4.6309 -1.39492 38.2182 -22.3534 -2.42391 63.4459 1.58938 -13 463 1 0 1
-5.57361 8.09059 38.2182 -20.7013 17.2477 54.0766 -0.0259859 -13 464 1 0 1
-7.93176 9.20298 38.2182 -15.0578 10.0455 26.0686 -0.62031 -13 465 1 0 1
-5.85996 4.37761 38.2182 -19.5404 9.79369 49.7496 0.463183 -13 466 1 0 1
-9.05507 5.4944 38.2182 -18.8142 8.69839 33.0016 0.0198828 -13 467 1 0 1
-7.3529 -0.4585 38.2182 -21.1439 -6.41546 49.0185 -0.70382 -13 468 1 0 1
-12.3175 8.38967 38.2182 -25.2436 12.4412 35.6759 0.625176 -13 469 1 0 1
-5.2752 -3.20239 38.2182 -22.0814 -4.09758 59.093 -0.339937 -13 470 1 0 1
-11.3682 3.77031 38.2182 -23.5794 4.35489 35.4613 1.36833 -13 471 1 0 1
-7.10022 -5.14356 38.2182 -16.3765 -6.39898 34.2311 1.36617 -13 472 1 0 1
-9.43705 -0.600793 38.2182 -23.9004 -1.53469 45.6148 -0.470002 -13 473 1 0 1
-1.70066 -2.78831 38.2182 -12.1709 -5.8351 59.8509 -0.497279 -13 474 1 0 1
-9.60265 4.48808 38.2182 -33.1209 12.573 58.5256 1.71046 -13 475 1 0 1
-12.5844 5.08073 38.2182 -32.3869 11.1225 47.569 0.146773 -13 476 1 0 1
-6.70829 6.76838 38.2182 -24.1281 11.469 59.3579 -1.15328 -13 477 1 0 1
-7.82808 -3.29041 38.2182 -25.8227 -5.36657 53.8329 -1.64673 -13 478 1 0 1
-4.85464 0.37863 38.2182 -14.9562 -1.46762 42.0798 -0.464366 -13 479 1 0 1
-5.03134 1.73279 38.2182 -17.492 5.49636 49.9239 0.453011 -13 480 1 0 1
-11.8378 -0.97841 38.2182 -23.0901 -4.38882 32.8579 0.584272 -13 482 1 0 1
-9.13521 6.65463 38.2182 -31.3714 13.262 58.4353 0.935455 -13 483 1 0 1
-11.298 1.10146 38.2182 -35.5014 0.215568 55.9816 -1.11636 -13 484 1 0 1
-13.976 -4.57838 38.2182 -31.652 -10.1462 42.0068 2.02685 -13 485 1 0 1
-6.54899 -4.25506 38.2182 -21.0831 -12.2409 51.0677 2.89976 -13 486 1 0 1
-1.12189 1.00218 38.2182 -15.3513 -0.857774 66.4604 0.275619 -13 487 1 0 1
-14.9093 0.566765 38.2182 -35.5272 1.27843 44.8504 -0.719753 -13 488 1 0 1
-10.3853 -4.39392 38.2182 -18.898 -0.494456 27.6973 1.56812 -13 489 1 0 1
-8.22529 -2.9386 38.2182 -26.5411 -10.0215 54.2792 -1.65872 -13 490 1 0 1
-5.21883 3.97193 38.2182 -24.3074 4.01886 64.1164 1.00875 -13 491 1 0 1
-8.78993 -0.70727 38.2182 -27.3865 3.11549 52.6619 1.33829 -13 492 1 0 1
-9.13252 -2.38788 38.2182 -24.924 -5.8153 50.551 1.18458 -13 493 1 0 1
-4.29996 6.20729 38.2182 -12.2717 3.7151 39.6957 -2.52838 -13 495 1 0 1
-9.30704 -0.692032 38.2182 -18.8041 0.412806 31.8871 0.486452 -13 496 1 0 1
-6.77471 1.57918 38.2182 -25.2062 4.34479 57.2574 0.42624 -13 497 1 0 1
-8.35269 2.24515 38.2182 -30.158 5.84412 59.5749 -0.268711 -13 498 1 0 1
-8.5198 3.58017 38.2182 -21.2423 3.24362 41.8848 -0.653243 -13 499 1 0 1
1.05556 -0.353985 38.2182 -6.01867 -4.18892 52.0026 -0.986862 -13 500 1 0 1
-2.57478 4.53139 38.2182 -24.4376 8.89393 73.7868 -0.148106 -13 501 1 0 1
-10.0724 4.51491 38.2182 -32.026 6.0159 55.7863 -1.00819 -13 502 1 0 1
-7.74748 -9.20947 38.2182 -28.5432 -15.0644 59.6511 -1.46698 -13 503 1 0 1
-7.76277 -1.88802 38.2182 -27.401 -2.01949 57.1113 0.450064 -13 504 1 0 1
-0.0148538 1.78747 38.2182 -7.85799 3.58873 54.7207 -0.985314 -13 505 1 0 1
-7.61659 0.371188 38.2182 -36.7789 -1.55094 69.0034 1.41922 -13 506 1 0 1
-5.73072 5.42782 38.2182 -17.4855 9.50415 43.0605 0.617346 -13 507 1 0 1
-3.73558 -6.00075 38.2182 -16.9985 -10.5101 58.7138 1.11679 -13 508 1 0 1
-1.97943 -3.08493 38.2182 -18.8526 -6.51741 67.8824 0.155161 -13 509 1 0 1
-11.6334 3.41118 38.2182 -30.3968 5.78564 49 1.31168 -13 510 1 0 1
-11.961 0.0356475 38.2182 -38.6311 2.83765 57.8348 2.20635 -13 511 1 0 1
-10.369 0.590157 38.2182 -27.5567 1.64278 47.3922 -0.249302 -13 512 1 0 1
-5.57655 0.10556 38.2182 -16.8777 2.77144 45.5993 1.27129 -13 513 1 0 1
-6.01622 -1.36589 38.2182 -19.3186 -2.68864 49.4664 -3.33555 -13 514 1 0 1
-9.75444 0.780418 38.2182 -32.0361 2.54849 56.2859 -1.30497 -13 515 1 0 1
-7.57151 -3.28761 38.2182 -21.9437 -1.26684 48.8558 -1.79941 -13 516 1 0 1
-3.79133 2.15058 38.2182 -22.3055 1.29896 67.2966 -0.996614 -13 517 1 0 1
-5.326 -2.4246 38.2182 -21.3775 -3.52457 59.9387 0.943739 -13 518 1 0 1
-9.26269 1.01859 38.2182 -39.8465 0.591701 66.0338 0.0567666 -13 519 1 0 1
-5.59621 0.615269 38.2182 -19.0725 -2.34199 55.1352 2.65293 -13 520 1 0 1
-7.72571 -5.39667 38.2182 -28.9478 -10.303 61.1169 -1.34538 -13 521 1 0 1
-3.156 1.88148 38.2182 -27.2888 4.22488 75.4581 1.02781 -13 522 1 0 1
-8.20149 3.22106 38.2182 -30.1066 4.27898 61.0064 0.992766 -13 523 1 0 1
-6.63881 -4.29975 38.2182 -22.5665 -0.977758 55.3874 0.851711 -13 524 1 0 1
-12.0817 8.83121 38.2182 -18.6211 8.71964 22.2895 0.902131 -13 525 1 0 1
-9.64845 -2.55046 38.2182 -35.5853 -0.79416 60.9989 0.168952 -13 526 1 0 1
-12.3642 4.23892 38.2182 -30.7506 8.39328 44.8969 1.17254 -13 527 1 0 1
-9.36876 3.3633 38.2182 -23.8134 5.57271 45.7933 2.82057 -13 528 1 0 1
0.431137 -2.13357 38.2182 -11.9893 -11.5624 68.3826 0.908343 -13 529 1 0 1
-5.7875 -0.453607 38.2182 -23.4993 -1.39874 61.4368 -0.489258 -13 530 1 0 1
-3.72019 -2.25998 38.2182 -15.7319 -3.33032 56.6306 1.10779 -13 531 1 0 1
-13.742 -0.80196 38.2182 -28.5247 0.761776 38.6683 1.80592 -13 532 1 0 1
-1.95947 -0.227777 38.2182 -16.9799 1.26986 67.113 1.08036 -13 534 1 0 1
-5.92513 2.25224 38.2182 -25.7907 12.5769 61.308 -2.711 -13 535 1 0 1
-4.6977 -1.94229 38.2182 -16.8923 0.0382853 49.7715 -0.787241 -13 536 1 0 1
-3.08756 6.10134 38.2182 -14.7287 11.0884 58.4266 0.224135 -13 538 1 0 1
-20.0268 20.1613 38.2182 -43.6144 31.7987 38.221 1.20571 -13 539 1 0 1
0.262136 -2.4455 38.2182 -15.987 -4.72091 74.4977 1.48729 -13 540 1 0 1
-6.77968 2.48366 38.2182 -28.4997 9.0085 62.4743 1.0663 -13 541 1 0 1
-1.20411 -1.77286 38.2182 -14.1046 -1.64068 64.4855 0.122558 -13 542 1 0 1
-2.75624 -2.3915 38.2182 -16.7865 -9.86011 63.0925 -0.406939 -13 543 1 0 1
-2.90525 -1.31692 38.2182 -15.819 -4.1786 60.0208 0.538497 -13 544 1 0 1
-8.63792 -10.4953 38.2182 -30.9063 -26.1554 57.8866 1.2707 -13 545 1 0 1
-9.22279 -7.2879 38.2182 -19.322 -8.67392 32.1309 0.655951 -13 546 1 0 1
-13.7898 9.50427 38.2182 -28.4339 16.5043 35.1551 -0.539375 -13 547 1 0 1
-6.16829 -0.939325 38.2182 -22.0712 2.67332 54.9041 2.38353 -13 548 1 0 1
-5.30835 0.284147 38.2182 -17.6712 4.68889 51.1485 2.68938 -13 549 1 0 1
-12.2738 6.61587 38.2182 -36.3827 16.2813 53.1603 -2.36494 -13 550 1 0 1
-18.2889 -9.34404 38.2182 -19.2933 -4.7083 9.76248 1.61779 -13 551 1 0 1
-10.5234 2.04421 38.2182 -28.8926 2.27432 51.2696 0.350153 -13 553 1 0 1
-12.0545 -0.523573 38.2182 -34.7574 -3.17402 51.9943 -0.881092 -13 554 1 0 1
-2.94701 0.873484 38.2182 -22.5883 2.36078 68.6073 1.34922 -13 555 1 0 1
-11.9291 3.79908 38.2182 -29.2921 5.83666 43.3725 0.633486 -13 556 1 0 1
-2.16106 -0.375592 38.2182 -13.6641 -2.13452 58.5615 2.54255 -13 557 1 0 1
-8.75323 -0.440204 38.2182 -26.6964 -3.74409 53.0733 -2.4844 -13 558 1 0 1
-12.0743 4.27521 38.2182 -37.4459 6.15584 55.023 1.22621 -13 562 1 0 1
-4.55828 0.879937 38.2182 -23.8576 -1.65663 64.8461 -0.229946 -13 564 1 0 1
-9.48622 3.60855 38.2182 -24.8176 9.31706 47.2164 1.39215 -13 565 1 0 1
-11.9447 -1.01902 38.2182 -40.544 -3.64679 58.6811 0.861583 -13 566 1 0 1
-3.58875 -2.40779 38.2182 -16.8538 -3.2662 55.8779 0.299698 -13 567 1 0 1
-6.90297 3.78199 38.2182 -27.9595 11.0835 62.9623 0.288524 -13 568 1 0 1
-6.35166 -1.71194 38.2182 -22.8014 -4.45207 55.5449 1.90794 -13 569 1 0 1
-6.36434 -2.62432 38.2182 -16.9587 -2.01656 44.8798 -2.27887 -13 570 1 0 1
-6.10994 2.80536 38.2182 -29.9641 3.56512 68.2628 -0.0404169 -13 572 1 0 1
-10.495 -0.696368 38.2182 -33.3159 -6.72731 56.6246 2.06104 -13 573 1 0 1
-12.5009 9.4712 38.2182 -30.0956 19.5489 42.6164 -0.820477 -13 574 1 0 1
-5.3971 -1.87075 38.2182 -24.462 -4.32859 62.2749 0.29153 -13 575 1 0 1
-6.22841 3.07614 38.2182 -25.711 0.513337 62.2144 -0.787033 -13 576 1 0 1
-4.41048 -5.35798 38.2182 -20.6798 -5.48202 60.4986 -1.86622 -13 577 1 0 1
-8.51668 4.9008 38.2182 -32.6589 12.4906 61.5769 2.054 -13 578 1 0 1
-4.08052 -5.67657 38.2182 -17.2336 -12.2418 57.3905 -0.138482 -13 579 1 0 1
-14.27 3.16143 38.2182 -38.4943 9.91694 49.3314 1.60729 -13 580 1 0 1
-3.06513 3.95686 38.2182 -15.8005 5.24729 58.2093 0.18117 -13 581 1 0 1
-3.11314 0.243548 38.2182 -12.7606 3.76394 45.2214 0.114997 -13 582 1 0 1
-1.82086 -0.708324 38.2182 -17.3448 -3.78077 67.8691 -0.339837 -13 583 1 0 1
-6.70837 1.35537 38.2182 -24.4305 -0.991963 56.0426 -0.643363 -13 584 1 0 1
-7.1684 -3.01259 38.2182 -26.7736 -10.0632 57.489 -1.93941 -13 585 1 0 1
-6.51453 -0.908546 38.2182 -28.4187 -4.46704 64.0176 2.28961 -13 586 1 0 1
-8.44912 4.16117 38.2182 -33.5812 14.3215 62.1886 0.476214 -13 587 1 0 1
-2.04987 0.752595 38.2182 -15.648 5.39466 64.1021 -2.0191 -13 588 1 0 1
-6.13015 1.8813 38.2182 -26.2934 2.55786 63.0838 -1.13619 -13 589 1 0 1
-9.70351 -3.10987 38.2182 -36.14 -11.8242 62.4976 -0.750453 -13 590 1 0 1
-7.57011 -1.53989 38.2182 -35.2296 -0.321459 68.3263 2.69234 -13 591 1 0 1
-6.1548 0.838637 38.2182 -26.0499 0.213592 65.018 -2.50537 -13 592 1 0 1
-4.63982 4.34625 38.2182 -18.9479 3.03081 59.3003 2.05397 -13 593 1 0 1
-11.6345 1.17331 38.2182 -33.6368 -0.288044 50.9549 0.369047 -13 594 1 0 1
-5.11252 -1.60227 38.2182 -21.4521 0.178845 58.8099 0.697896 -13 595 1 0 1
-10.0605 -0.683893 38.2182 -43.5011 -2.50786 66.9052 0.0414871 -13 597 1 0 1
-2.95585 -3.48381 38.2182 -27.3377 -11.3805 75.9501 -1.60916 -13 598 1 0 1
-14.2429 -3.84919 38.2182 -24.2782 -5.36309 28.7621 -1.37195 -13 599 1 0 1
-9.8422 -4.81403 38.2182 -22.5487 -8.09079 40.5877 0.708266 -13 600 1 0 1
-3.88895 -0.917227 38.2182 -17.3709 -2.48583 55.296 1.31005 -13 601 1 0 1
-7.67472 -0.800148 38.2182 -25.7182 -0.983761 57.1061 0.762388 -13 602 1 0 1
-13.8997 -1.80883 38.2182 -39.0856 -3.1698 51.606 -1.1196 -13 603 1 0 1
-5.09786 6.95655 38.2182 -13.248 9.30726 40.4652 0.317645 -13 604 1 0 1
-9.89923 -10.6311 38.2182 -26.6021 -17.7496 47.8339 0.208516 -13 605 1 0 1
-1.70398 -0.283594 38.2182 -15.9115 -0.616787 63.4844 2.74887 -13 606 1 0 1
-1.2663 3.15354 38.2182 -19.9418 13.9219 71.9439 -0.630535 -13 607 1 0 1
-12.5655 -0.289428 38.2182 -41.1672 5.88644 57.8115 0.299863 -13 609 1 0 1
-7.62968 1.81193 38.2182 -27.42 12.2616 58.6883 -1.5297 -13 610 1 0 1
-7.29778 2.14845 38.2182 -19.914 0.272207 46.7484 1.07144 -13 611 1 0 1
-2.01389 -0.897585 38.2182 -13.006 1.74031 53.7494 -2.09218 -13 612 1 0 1
-4.14995 -5.26886 38.2182 -12.0463 -6.10442 31.3294 1.56028 -13 613 1 0 1
-8.30615 -1.0147 38.2182 -26.3504 -5.53159 55.6528 -0.151791 -13 614 1 0 1
-8.44425 2.56307 38.2182 -32.5946 0.621645 64.1311 0.961375 -13 615 1 0 1
-2.62207 1.02883 38.2182 -23.2521 5.80234 73.3024 -0.0772375 -13 616 1 0 1
-9.01719 -2.64843 38.2182 -28.7056 -3.17682 54.0132 -0.535432 -13 617 1 0 1
-8.50669 9.03003 38.2182 -24.3711 18.5002 48.2869 -0.859296 -13 618 1 0 1
-3.9932 3.38831 38.2182 -14.8281 7.95331 47.185 0.882759 -13 619 1 0 1
-6.5247 1.61292 38.2182 -32.9713 3.45156 69.303 -2.06406 -13 620 1 0 1
-6.4876 -3.16441 38.2182 -20.9259 -0.221071 52.6449 0.844212 -13 621 1 0 1
-9.96213 -16.4707 38.2182 -22.4283 -22.6175 39.9202 0.563436 -13 622 1 0 1
-4.45915 -3.81554 38.2182 -16.716 -3.36363 55.8672 -0.136178 -13 623 1 0 1
-7.71943 -1.29437 38.2182 -25.0776 -5.05151 55.8879 -0.133592 -13 624 1 0 1
-12.9603 6.15175 38.2182 -30.1507 6.37771 42.3049 -0.652838 -13 625 1 0 1
-2.83417 3.43826 38.2182 -20.248 5.02324 66.5847 2.60416 -13 626 1 0 1
-10.5558 -0.222158 38.2182 -40.4486 6.84948 63.6807 0.736092 -13 627 1 0 1
-8.78699 -7.68002 38.2182 -31.8754 -15.6641 60.333 0.308662 -13 628 1 0 1
-10.3698 7.33097 38.2182 -29.7245 17.0331 52.0347 0.369413 -13 629 1 0 1
-13.7162 0.676628 38.2182 -36.3042 3.77708 48.7864 0.842904 -13 630 1 0 1
-8.92725 1.39025 38.2182 -24.4027 3.73169 50.1283 -0.478372 -13 631 1 0 1
-4.29638 -2.11408 38.2182 -21.4379 -4.43939 63.1247 -1.35242 -13 632 1 0 1
-3.23296 4.50694 38.2182 -13.8148 7.29436 51.5779 -0.641605 -13 633 1 0 1
-10.6576 11.7095 38.2182 -27.9562 22.3306 47.0847 0.0668645 -13 634 1 0 1
-1.92904 0.926541 38.2182 -10.9933 3.63411 49.9145 0.367514 -13 635 1 0 1
-10.1709 1.49164 38.2182 -36.7762 8.28924 61.0855 -1.94179 -13 636 1 0 1
-0.688154 -0.321052 38.2182 -15.9229 -3.07508 69.4757 0.244244 -13 637 1 0 1
-3.354 -3.40118 38.2182 -18.5419 -7.30303 62.0853 -1.80171 -13 639 1 0 1
-9.15003 4.38466 38.2182 -18.4152 5.4388 28.4078 -1.91409 -13 640 1 0 1
-3.50849 -2.99656 38.2182 -16.95 -8.78574 57.5073 -1.15372 -13 641 1 0 1
-5.63123 -5.23485 38.2182 -17.9505 -7.32342 51.8307 0.136616 -13 642 1 0 1
-7.96994 -5.32107 38.2182 -30.6853 -12.7406 60.9348 -0.217305 -13 643 1 0 1
-10.6031 -2.96678 38.2182 -23.8844 -5.98567 39.0941 2.44557 -13 644 1 0 1
-5.75395 -3.70776 38.2182 -18.9874 -5.40274 51.6316 1.1738 -13 645 1 0 1
-9.18881 1.0716 38.2182 -35.0618 1.705 61.5483 1.50948 -13 646 1 0 1
-11.9045 -1.03559 38.2182 -44.9478 0.0457373 62.7394 -1.33699 -13 647 1 0 1
-3.38945 3.14888 38.2182 -18.713 8.77295 63.9032 0.0327006 -13 649 1 0 1
-5.64134 -3.58919 38.2182 -27.8319 -5.6463 65.7665 1.10172 -13 650 1 0 1
-3.22389 1.65513 38.2182 -19.7857 3.01633 64.242 0.631106 -13 651 1 0 1
-9.54974 -0.928713 38.2182 -31.2106 -3.5108 55.7827 1.14811 -13 652 1 0 1
-4.84471 -3.82828 38.2182 -23.3386 -5.87861 63.2497 0.760421 -13 653 1 0 1
-7.90728 -5.95883 38.2182 -14.2423 -7.17328 28.5846 -0.186458 -13 654 1 0 1
-10.8821 3.05509 38.2182 -32.0427 9.51968 51.646 0.0381773 -13 656 1 0 1
-5.23434 -7.11663 38.2182 -19.9982 -10.6766 55.0794 0.746632 -13 657 1 0 1
-7.50727 -6.02491 38.2182 -29.1518 -8.88504 60.2662 2.35734 -13 659 1 0 1
-4.3547 0.937769 38.2182 -20.9198 3.01432 61.1691 -1.37795 -13 660 1 0 1
-7.25084 -0.262368 38.2182 -33.7019 -6.88199 66.029 1.7578 -13 661 1 0 1
-8.09557 -4.77881 38.2182 -23.6443 -9.31495 50.1759 -0.130312 -13 662 1 0 1
-7.74597 2.01883 38.2182 -22.8679 6.05912 49.3143 0.581382 -13 663 1 0 1
-4.87804 -3.28915 38.2182 -25.2335 -6.34519 65.0381 1.85513 -13 664 1 0 1
-6.47394 -0.79174 38.2182 -31.608 -4.2615 68.6052 0.422796 -13 665 1 0 1
-14.0562 -2.48781 38.2182 -35.2846 -2.71583 46.8758 1.12489 -13 666 1 0 1
-6.26125 -1.54239 38.2182 -21.6698 -2.29099 53.9984 -2.02455 -13 667 1 0 1
-5.76479 -5.70706 38.2182 -22.8231 -12.3354 60.6141 1.50626 -13 669 1 0 1
-3.36061 -4.15913 38.2182 -21.6451 -8.77262 68.0367 0.144555 -13 670 1 0 1
-14.1549 -10.7186 38.2182 -31.6874 -16.8804 40.7397 0.652422 -13 671 1 0 1
-1.96167 4.88037 38.2182 -13.1795 8.43561 52.7969 1.68868 -13 672 1 0 1
-8.70193 10.0114 38.2182 -24.5841 16.2875 49.165 0.477479 -13 673 1 0 1
-0.609617 3.30594 38.2182 -12.6238 7.25774 59.3104 0.976071 -13 674 1 0 1
-10.5518 -6.59245 38.2182 -29.0463 -14.728 49.4403 3.31546 -13 675 1 0 1
-4.00102 2.64072 38.2182 -14.655 6.98005 44.1398 -0.0280752 -13 676 1 0 1
0.472891 -1.66373 38.2182 -11.576 -5.58955 64.4277 1.12349 -13 677 1 0 1
-3.89047 0.481786 38.2182 -22.1482 9.75093 66.9449 1.66695 -13 678 1 0 1
-12.3329 6.10325 38.2182 -36.5771 13.7676 53.3074 0.150327 -13 679 1 0 1
-9.31172 2.86988 38.2182 -24.5262 3.2431 48.1328 -0.747614 -13 680 1 0 1
-7.3864 -1.33627 38.2182 -30.4377 -11.312 63.7994 -3.10655 -13 681 1 0 1
1.46509 0.193527 38.2182 -7.71619 6.70499 59.4534 2.16847 -13 683 1 0 1
-8.12061 -0.475771 38.2182 -25.1953 -0.992811 53.4382 -0.073622 -13 684 1 0 1
3.30744 -1.61655 38.2182 -5.49842 -8.06034 67.4504 -1.55052 -13 685 1 0 1
-4.06378 5.15857 38.2182 -21.4036 12.6416 64.0104 0.543788 -13 686 1 0 1
-12.2655 0.0558423 38.2182 -25.1582 2.30988 36.0415 1.86496 -13 687 1 0 1
-4.27268 -0.0648053 38.2182 -20.4271 -3.81187 61.9861 0.101058 -13 688 1 0 1
-4.64749 -6.98039 38.2182 -17.9125 -16.9472 53.9764 1.14118 -13 690 1 0 1
-5.1826 1.27702 38.2182 -22.0197 -1.276 58.8608 -1.81686 -13 691 1 0 1
-4.49971 3.9884 38.2182 -19.1219 2.98346 57.8674 -0.81039 -13 692 1 0 1
-7.68406 6.31887 38.2182 -21.0222 2.90337 42.8991 1.98983 -13 693 1 0 1
-7.31987 -5.33456 38.2182 -26.1785 -6.78266 56.4374 2.51278 -13 694 1 0 1
-8.62835 -2.89819 38.2182 -28.4882 -5.86571 56.1266 0.498188 -13 696 1 0 1
-8.14555 2.13589 38.2182 -32.178 7.40117 61.0686 0.677697 -13 697 1 0 1
-6.52824 -8.3628 38.2182 -14.906 -9.44745 34.6558 -0.517355 -13 699 1 0 1
-3.12121 -2.29998 38.2182 -21.1753 -5.4894 67.2938 1.5347 -13 700 1 0 1
-4.85554 2.8884 38.2182 -23.123 11.0182 64.0908 1.48128 -13 701 1 0 1
-6.37382 1.12713 38.2182 -16.3816 2.40297 36.4961 1.51196 -13 702 1 0 1
-7.52638 2.6517 38.2182 -36.7978 4.47556 69.6402 -2.07788 -13 703 1 0 1
-9.64391 4.80241 38.2182 -24.1711 11.6633 44.824 -0.299272 -13 704 1 0 1
-6.22674 -1.17109 38.2182 -18.226 -4.4588 47.3821 1.57951 -13 705 1 0 1
-9.5072 -1.38053 38.2182 -23.5924 -2.23841 45.3503 -1.43017 -13 706 1 0 1
-4.90004 -2.18543 38.2182 -25.1362 1.65579 66.6518 3.46149 -13 707 1 0 1
-16.6464 -1.46212 38.2182 -36.5618 -2.41513 40.034 0.700394 -13 708 1 0 1
-7.34787 -0.685213 38.2182 -25.3314 -4.51586 57.4888 0.23572 -13 709 1 0 1
-15.2329 -3.4507 38.2182 -18.2295 -5.10702 14.4838 -0.58901 -13 710 1 0 1
-2.98535 2.4894 38.2182 -12.454 0.978367 46.5561 -0.159304 -13 711 1 0 1
-7.96788 -3.53379 38.2182 -29.7232 -7.22092 60.0475 1.54139 -13 712 1 0 1
-4.91802 -2.74801 38.2182 -31.9954 -10.9725 73.7825 0.147726 -13 713 1 0 1
-8.00513 2.85099 38.2182 -19.2252 1.7699 40.2321 1.83839 -13 714 1 0 1
-8.004 2.26589 38.2182 -31.195 8.10656 61.9408 -0.922533 -13 715 1 0 1
-13.4258 4.77674 38.2182 -25.2768 5.9937 31.7868 1.44047 -13 716 1 0 1
-6.97584 1.3401 38.2182 -19.8105 1.71141 47.322 1.95462 -13 717 1 0 1
-7.04935 2.03771 38.2182 -29.8755 1.94243 64.0931 1.09179 -13 718 1 0 1
-3.89577 -1.40473 38.2182 -22.252 0.587147 66.7713 0.0467967 -13 719 1 0 1
-8.08888 1.38324 38.2182 -27.2595 3.04594 56.8487 2.24147 -13 720 1 0 1
-2.03099 -5.163 38.2182 -18.0877 -11.8693 67.2698 0.0588155 -13 721 1 0 1
-7.77787 -4.5334 38.2182 -22.1115 -9.83826 46.5664 -1.36086 -13 722 1 0 1
-6.0536 -5.60234 38.2182 -21.7243 -8.22542 54.4449 -1.04683 -13 723 1 0 1
-5.09842 5.11156 38.2182 -25.607 10.0516 66.0454 2.15173 -13 724 1 0 1
-10.7128 3.88057 38.2182 -26.6121 4.49347 44.6125 -0.101336 -13 725 1 0 1
-6.83866 -5.00829 38.2182 -19.5726 -9.81194 46.3176 -0.811964 -13 726 1 0 1
-6.43836 1.20909 38.2182 -16.0611 2.22882 36.2276 2.13287 -13 727 1 0 1
-10.2873 9.40866 38.2182 -19.2976 12.1058 27.284 -0.0864979 -13 728 1 0 1
-3.33103 -2.90787 38.2182 -24.5995 -6.00384 70.9083 -1.67979 -13 729 1 0 1
-13.3747 -8.7926 38.2182 -16.4044 -5.52145 15.4687 0.157231 -13 730 1 0 1
-5.25311 -2.66784 38.2182 -24.4247 -4.11461 64.5944 -1.09269 -13 731 1 0 1
-8.59293 4.25858 38.2182 -30.1124 6.42942 59.8938 2.16438 -13 732 1 0 1
-11.9683 3.75671 38.2182 -23.7066 2.19299 34.9422 -0.22133 -13 733 1 0 1
-4.83129 1.66014 38.2182 -23.6153 -8.01664 65.3128 2.39662 -13 734 1 0 1
2.02002 3.05773 38.2182 -4.98558 2.24353 45.9236 -1.01583 -13 735 1 0 1
-9.19798 3.36876 38.2182 -20.8965 4.98991 36.5849 -0.0126722 -13 736 1 0 1
-10.0642 4.56284 38.2182 -28.6237 7.67181 52.0811 2.22766 -13 737 1 0 1
-6.03901 4.98225 38.2182 -20.4959 12.7718 49.809 1.69725 -13 738 1 0 1
-3.80381 -3.57936 38.2182 -16.6667 -3.87654 55.2793 -0.993997 -13 739 1 0 1
-7.51357 0.117732 38.2182 -31.4557 -0.436905 64.237 0.925893 -13 740 1 0 1
-10.8529 1.16917 38.2182 -36.3473 5.33755 58.9268 1.48529 -13 743 1 0 1
-9.13439 3.036 38.2182 -24.2106 2.26983 47.3626 0.427789 -13 744 1 0 1
0.1397 5.173 38.2182 -14.465 11.1701 69.712 2.09366 -13 745 1 0 1
-8.02174 -1.88004 38.2182 -29.3569 -4.27571 59.4792 -1.66779 -13 746 1 0 1
-3.93837 -1.98386 38.2182 -20.053 -3.98908 63.3053 0.322137 -13 747 1 0 1
-12.5908 -0.896972 38.2182 -24.2704 -0.425916 34.4208 -1.61072 -13 748 1 0 1
-3.26991 -1.52457 38.2182 -22.0195 -4.32768 67.8682 1.26633 -13 749 1 0 1
-5.47136 5.55946 38.2182 -21.5976 2.59965 59.019 0.855101 -13 750 1 0 1
-13.679 1.876 38.2182 -29.0644 4.43835 37.9208 0.203465 -13 751 1 0 1
-8.1996 4.51357 38.2182 -27.9873 13.615 56.7273 -0.330645 -13 752 1 0 1
-4.97627 0.81252 38.2182 -19.8358 -2.65721 59.5222 -0.891388 -13 753 1 0 1
-11.8499 -1.42127 38.2182 -36.777 -0.870447 56.0293 0.469633 -13 754 1 0 1
-4.09498 -0.864777 38.2182 -25.4037 -3.92266 69.7325 -1.29139 -13 755 1 0 1
-4.26624 2.85418 38.2182 -21.1161 11.5262 61.8315 -0.893518 -13 756 1 0 1
-2.28137 -3.79822 38.2182 -11.235 -5.10092 50.1567 -0.965557 -13 757 1 0 1
-4.95051 -1.53173 38.2182 -15.4569 -7.74735 51.021 0.510589 -13 758 1 0 1
-2.1797 -7.72892 38.2182 -14.5241 -17.7577 56.9795 1.2985 -13 759 1 0 1
-7.31597 -0.805291 38.2182 -21.4349 -2.32776 48.161 0.357437 -13 760 1 0 1
-3.75862 -4.73447 38.2182 -16.1847 -7.42835 54.3444 0.841478 -13 761 1 0 1
-0.965566 0.99348 38.2182 -12.1526 6.65869 57.6629 1.4115 -13 763 1 0 1
-7.07664 0.750765 38.2182 -28.8884 2.89817 62.551 -2.44859 -13 764 1 0 1
-8.23393 -2.83523 38.2182 -25.8027 -7.48995 56.2987 -0.402626 -13 765 1 0 1
-2.90026 -0.0373328 38.2182 -8.80262 -0.137515 16.0637 -0.788021 -13 766 1 0 1
-5.24296 -2.45595 38.2182 -19.201 -5.99436 53.1934 -0.295357 -13 767 1 0 1
-6.51881 -12.5891 38.2182 -23.4047 -26.1808 55.2822 0.77928 -13 768 1 0 1
-14.2636 -0.457353 38.2182 -22.2684 -3.07088 22.7374 0.371711 -13 769 1 0 1
-7.96801 1.26586 38.2182 -30.0812 -6.8818 62.7086 -0.903151 -13 770 1 0 1
-19.2938 -7.72943 38.2182 -21.3043 -6.75758 12.0132 -0.306589 -13 771 1 0 1
-9.63536 -3.63901 38.2182 -24.8097 -8.54331 44.9092 -0.0117905 -13 772 1 0 1
-0.709434 -1.23758 38.2182 -18.4326 -1.99607 73.5065 0.644563 -13 773 1 0 1
-11.1373 -2.53996 38.2182 -28.0365 -2.2306 46.5575 1.10828 -13 774 1 0 1
0.138325 -1.76842 38.2182 -8.7661 -6.63803 58.965 0.0630223 -13 775 1 0 1
-8.54988 2.71528 38.2182 -22.6635 5.88444 47.2127 2.68301 -13 776 1 0 1
-8.56708 -2.49307 38.2182 -29.5018 -7.69862 57.7587 0.117476 -13 777 1 0 1
-9.78548 2.07169 38.2182 -21.1567 6.5555 36.1242 2.7681 -13 778 1 0 1
-7.89556 -4.51111 38.2182 -28.1177 -9.69283 59.909 1.8323 -13 779 1 0 1
-1.80351 -0.605698 38.2182 -13.8513 -0.780183 65.5421 -0.77227 -13 780 1 0 1
-5.86296 1.59535 38.2182 -23.6019 0.823479 60.678 0.0286258 -13 781 1 0 1
-10.3485 -0.654144 38.2182 -30.3373 -0.911282 51.3198 0.665176 -13 782 1 0 1
-4.63319 -4.16988 38.2182 -17.8836 -6.56734 53.6753 1.12757 -13 783 1 0 1
-16.0614 -8.46154 38.2182 -39.022 -18.7209 44.634 -0.696312 -13 784 1 0 1
-10.7199 1.34711 38.2182 -41.7408 -4.56912 63.7159 -0.0553695 -13 785 1 0 1
-1.69583 0.0420257 38.2182 -9.89279 -2.07966 44.1397 -0.872847 -13 787 1 0 1
-14.593 -0.490584 38.2182 -35.462 -2.3791 44.5505 -0.760971 -13 788 1 0 1
-0.148258 -1.93106 38.2182 -13.1526 -10.0632 68.365 0.568545 -13 789 1 0 1
-3.13347 3.91797 38.2182 -16.148 3.8097 56.8147 2.14882 -13 790 1 0 1
-3.90887 -4.96244 38.2182 -19.551 -15.1722 62.3219 -1.28053 -13 791 1 0 1
-7.7715 -0.0726024 38.2182 -27.0305 0.641149 58.8698 2.33449 -13 792 1 0 1
-3.35918 1.6099 38.2182 -13.5548 -0.251033 48.5872 1.93359 -13 793 1 0 1
-1.32451 -3.56156 38.2182 -14.5239 -5.81965 67.1749 0.419079 -13 794 1 0 1
-10.5028 -4.56887 38.2182 -26.7133 -9.05718 44.7769 -2.24276 -13 795 1 0 1
-9.56576 0.756307 38.2182 -25.3931 0.75066 50.225 0.0485588 -13 796 1 0 1
-4.17734 1.86692 38.2182 -11.8563 -0.922549 41.2881 -0.659624 -13 797 1 0 1
-4.89171 6.41643 38.2182 -26.79 17.0838 67.2367 2.13621 -13 798 1 0 1
-7.67311 0.850438 38.2182 -24.8769 -0.119014 54.9847 1.05702 -13 799 1 0 1
-13.9554 -1.61579 38.2182 -33.1194 -0.539109 43.5739 1.36465 -13 800 1 0 1
-1.0188 4.83914 38.2182 -13.1235 4.63798 66.8148 2.36135 -13 801 1 0 1
-7.27113 -2.79869 38.2182 -25.8679 -9.29972 57.419 -1.13638 -13 802 1 0 1
-5.41549 0.305825 38.2182 -28.8259 7.75821 68.1088 -1.54947 -13 803 1 0 1
-2.18611 -0.55878 38.2182 -11.7294 -0.0529844 47.1899 -0.350436 -13 804 1 0 1
-4.26272 -0.643871 38.2182 -16.7888 -2.40675 52.6969 1.13436 -13 806 1 0 1
-10.8352 -6.03643 38.2182 -32.3888 -10.449 54.6809 0.543081 -13 807 1 0 1
-10.6382 -3.2854 38.2182 -31.5655 -7.00723 53.8451 -0.403998 -13 809 1 0 1
-6.15791 -0.262834 38.2182 -30.9347 -3.62197 69.18 -0.538483 -13 810 1 0 1
-6.14213 -2.63919 38.2182 -25.1969 -3.76458 63.5975 -0.0756113 -13 811 1 0 1
-10.9671 -1.89588 38.2182 -23.1621 -0.912174 36.1964 2.11957 -13 812 1 0 1
-6.37791 1.00072 38.2182 -20.0647 4.18925 47.7105 0.916057 -13 813 1 0 1
-4.51784 -0.599261 38.2182 -19.266 2.77573 59.0135 0.848222 -13 814 1 0 1
-1.1452 3.46734 38.2182 -10.2359 7.96141 54.0547 -1.91895 -13 815 1 0 1
-3.06755 -1.20498 38.2182 -24.403 -2.91783 71.3352 1.62047 -13 816 1 0 1
-5.77805 -0.793708 38.2182 -13.5723 -0.811881 36.1547 -1.51278 -13 817 1 0 1
-12.3354 -6.07123 38.2182 -24.1403 -10.683 32.8818 0.085285 -13 820 1 0 1
-11.0301 -9.83827 38.2182 -24.215 -14.6147 38.7534 -1.57124 -13 821 1 0 1
-6.37688 3.50192 38.2182 -38.3693 2.9464 71.8353 0.759622 -13 822 1 0 1
-4.86806 -0.787544 38.2182 -17.2258 -3.93007 52.6578 0.048163 -13 823 1 0 1
-8.45759 0.414619 38.2182 -26.5751 -0.0502732 52.2378 0.417568 -13 825 1 0 1
-7.03555 2.20045 38.2182 -26.1953 8.87373 58.4079 -1.259 -13 826 1 0 1
-5.60884 -5.09249 38.2182 -20.7295 -13.709 56.0357 2.79596 -13 827 1 0 1
-5.81611 0.822204 38.2182 -21.3934 -1.50804 57.8919 -2.32613 -13 828 1 0 1
-0.260776 -7.34744 38.2182 -9.65522 -14.2905 47.34 0.930372 -13 829 1 0 1
-8.50198 -4.89736 38.2182 -27.1973 -11.0778 54.5392 -0.0253694 -13 830 1 0 1
-3.15372 -1.16116 38.2182 -17.7874 -5.55068 61.6593 2.10986 -13 831 1 0 1
-6.38118 -2.10758 38.2182 -18.3391 -4.44261 47.4825 0.506985 -13 832 1 0 1
-8.67978 -5.85694 38.2182 -25.8239 -12.2703 50.4372 0.517474 -13 833 1 0 1
-9.05011 -5.83602 38.2182 -26.1208 -9.05034 51.3201 -0.0902468 -13 834 1 0 1
-6.27845 -4.54245 38.2182 -33.1121 -13.9044 68.6163 -0.817293 -13 835 1 0 1
-3.145 4.24819 38.2182 -18.7404 10.9445 61.0344 0.010941 -13 836 1 0 1
-2.11 -8.20868 38.2182 -16.0772 -12.558 62.8072 1.15907 -13 837 1 0 1
-2.90951 4.92521 38.2182 -20.0095 6.9518 66.8479 -1.20269 -13 838 1 0 1
-7.79777 -5.38175 38.2182 -21.4646 -6.78541 48.0513 -0.26816 -13 839 1 0 1
0.952281 -7.15142 38.2182 -4.41329 -16.4445 55.7233 2.565 -13 840 1 0 1
-11.6671 5.76455 38.2182 -28.9636 7.74326 45.1389 -1.67303 -13 841 1 0 1
-7.26618 -1.63793 38.2182 -30.9709 -2.324 65.1634 -0.845898 -13 842 1 0 1
-6.21967 -2.71062 38.2182 -29.8921 -13.9502 65.9429 0.613748 -13 843 1 0 1
-12.1269 -0.723612 38.2182 -30.1227 -1.1705 46.3553 1.03952 -13 844 1 0 1
-3.75236 -0.964185 38.2182 -16.5054 0.469665 56.4126 1.11082 -13 845 1 0 1
-7.57242 -8.86284 38.2182 -14.358 -6.57371 20.9233 0.72527 -13 846 1 0 1
-3.7507 -6.51832 38.2182 -15.343 -4.90071 53.0909 -1.03396 -13 847 1 0 1
-8.89643 3.65309 38.2182 -23.3093 4.01858 46.2221 -0.659023 -13 848 1 0 1
-15.3409 -1.49752 38.2182 -31.181 -0.474595 36.1145 -1.82605 -13 849 1 0 1
-1.10146 -5.65615 38.2182 -14.8619 -12.4119 65.3161 -0.756982 -13 850 1 0 1
-9.23174 4.14815 38.2182 -26.1859 5.79448 50.6827 -0.335013 -13 851 1 0 1
-1.7431 -2.16665 38.2182 -20.987 -4.40744 71.6662 0.628981 -13 852 1 0 1
-4.9602 1.62959 38.2182 -20.1644 3.61769 57.71 1.21446 -13 853 1 0 1
-6.23576 1.39982 38.2182 -27.4753 -2.40303 62.3009 -0.691611 -13 854 1 0 1
-11.1668 4.05445 38.2182 -30.6039 7.85579 49.8875 0.26712 -13 855 1 0 1
-14.3027 0.831818 38.2182 -34.5112 -4.57694 43.7808 0.484027 -13 856 1 0 1
-11.9365 -8.15037 38.2182 -32.5557 -9.88519 49.9154 -0.717954 -13 857 1 0 1
-19.0174 3.00166 38.2182 -44.3882 4.74049 42.2338 -2.22998 -13 858 1 0 1
-12.651 -1.69395 38.2182 -27.3256 -1.38995 39.4254 1.75818 -13 859 1 0 1
-7.31611 1.52639 38.2182 -27.1501 4.00532 60.1391 1.45567 -13 860 1 0 1
-6.28888 -3.69874 38.2182 -30.8414 -10.5401 68.665 -1.69017 -13 861 1 0 1
-5.80317 0.873828 38.2182 -21.5787 4.14485 57.1002 0.0525851 -13 862 1 0 1
-17.0179 -6.15419 38.2182 -37.4498 -9.38971 39.564 0.372386 -13 863 1 0 1
-8.89933 -1.24229 38.2182 -25.3801 -2.14387 51.631 -0.463293 -13 864 1 0 1
-8.07376 -3.40524 38.2182 -22.9391 -2.83328 48.7278 1.92557 -13 865 1 0 1
-9.37644 3.8099 38.2182 -25.647 10.5279 46.8415 0.0910896 -13 866 1 0 1
-2.25501 5.36516 38.2182 -19.9348 10.503 69.6915 -0.523551 -13 867 1 0 1
-5.78662 1.9888 38.2182 -32.2087 1.84715 70.3408 -1.50121 -13 868 1 0 1
-18.117 -7.88568 38.2182 -38.2169 -13.3842 38.6111 -0.503524 -13 869 1 0 1
-6.86866 0.0360138 38.2182 -22.7982 -2.49334 53.243 0.89238 -13 870 1 0 1
-10.3868 -4.22472 38.2182 -31.6196 -10.0231 53.8894 -1.04372 -13 871 1 0 1
-8.46009 -2.50541 38.2182 -29.3818 -3.5116 58.6001 -0.988283 -13 872 1 0 1
-2.25847 2.20095 38.2182 -18.1257 1.95829 68.179 -0.950337 -13 873 1 0 1
-7.68023 2.93454 38.2182 -27.5047 7.40804 58.2814 2.7192 -13 874 1 0 1
-7.10549 -4.15392 38.2182 -25.0762 -10.1013 57.0005 0.346026 -13 875 1 0 1
-2.72332 4.86652 38.2182 -21.826 10.4549 69.8575 0.12628 -13 876 1 0 1
-6.28812 3.65132 38.2182 -24.6881 15.6618 60.4338 -1.87117 -13 877 1 0 1
-4.75343 3.68933 38.2182 -25.2687 13.9598 66.5267 -3.5787 -13 878 1 0 1
-14.3568 4.89825 38.2182 -25.029 5.84564 31.7681 1.34146 -13 879 1 0 1
-3.91995 -5.67973 38.2182 -19.8646 -14.0757 62.6761 0.941461 -13 880 1 0 1
-7.47156 -2.9556 38.2182 -21.8208 -5.42775 48.699 1.95991 -13 881 1 0 1
0.119833 8.54407 38.2182 -14.4056 20.826 69.303 -0.438672 -13 882 1 0 1
-1.86658 6.00007 38.2182 -15.6907 15.9968 59.7529 -0.229598 -13 883 1 0 1
-2.3492 -4.32278 38.2182 -8.52311 -3.58476 30.1698 -0.0305625 -13 885 1 0 1
-2.53943 0.697234 38.2182 -24.6972 -6.4013 74.7133 2.44971 -13 886 1 0 1
-12.7886 1.47739 38.2182 -39.5856 2.20192 55.2423 0.638944 -13 887 1 0 1
-4.92679 1.50924 38.2182 -16.4996 -1.48821 50.4871 0.157591 -13 888 1 0 1
-8.4669 -2.04088 38.2182 -23.9495 -3.0583 49.2525 -0.506087 -13 889 1 0 1
-3.419 -6.13192 38.2182 -19.5106 -15.3326 62.916 -1.03985 -13 890 1 0 1
-14.072 0.880838 38.2182 -18.1328 1.4672 14.9084 -0.856787 -13 891 1 0 1
-5.4065 -4.93977 38.2182 -25.6361 -6.25147 65.815 0.537748 -13 892 1 0 1
-14.4471 -0.930554 38.2182 -33.136 0.667126 43.6772 -1.5387 -13 893 1 0 1
-2.8928 -4.15542 38.2182 -22.6213 -8.95997 71.5287 0.0661664 -13 894 1 0 1
-11.5881 3.97197 38.2182 -39.6529 19.3304 56.53 1.63021 -13 895 1 0 1
-9.28476 7.38415 38.2182 -31.1454 18.4889 57.4501 -1.57216 -13 896 1 0 1
-9.90975 -1.38739 38.2182 -23.0771 -1.90187 38.6698 -1.64463 -13 897 1 0 1
-4.30728 -1.54753 38.2182 -16.6487 -1.55291 51.4103 -0.597513 -13 898 1 0 1
-1.81969 0.288929 38.2182 -13.1696 3.33553 59.8452 -0.200833 -13 899 1 0 1
-6.29512 4.46034 38.2182 -25.4156 5.0659 61.293 0.669441 -13 901 1 0 1
-0.222606 -0.224471 38.2182 -7.97826 -3.36622 53.0259 0.649355 -13 902 1 0 1
-5.25391 -6.65267 38.2182 -27.6409 -8.06342 66.7692 1.24124 -13 903 1 0 1
-3.59891 -1.65702 38.2182 -16.5035 -7.5722 54.3189 2.02378 -13 904 1 0 1
-10.9038 -0.262087 38.2182 -43.1647 1.64028 64.3994 0.223416 -13 905 1 0 1
-13.3659 -3.5045 38.2182 -28.1596 -4.90793 39.6825 1.38442 -13 906 1 0 1
-6.83534 1.58595 38.2182 -26.5995 -0.403684 60.6815 0.389517 -13 907 1 0 1
-6.02075 -5.48007 38.2182 -28.7821 -9.21692 64.9961 0.763576 -13 909 1 0 1
-6.31069 -3.32853 38.2182 -27.0096 -8.53009 63.0021 -0.0870556 -13 910 1 0 1
-23.8666 3.96663 38.2182 -25.6309 3.38165 10.494 -0.321108 -13 911 1 0 1
-4.61377 6.86433 38.2182 -18.1147 8.0084 49.7166 -0.717636 -13 912 1 0 1
-4.15266 2.37692 38.2182 -31.4834 13.7247 72.5365 1.37364 -13 913 1 0 1
-16.6735 -0.0658035 38.2182 -45.3196 5.52234 50.1554 1.09172 -13 914 1 0 1
-6.20784 -3.51968 38.2182 -21.8962 -4.44465 55.2085 -0.779662 -13 915 1 0 1
-10.0304 0.0731368 38.2182 -45.7821 2.54777 65.8891 4.38515 -13 916 1 0 1
-23.6338 7.85644 38.2182 -22.5348 7.11519 8.21938 0.127664 -13 917 1 0 1
-11.9652 3.03822 38.2182 -39.5932 6.85593 57.7999 2.1131 -13 918 1 0 1
-6.94321 2.88395 38.2182 -25.2079 3.52614 59.1572 -0.527819 -13 919 1 0 1
-7.91512 -2.41707 38.2182 -37.2046 -1.96926 69.1102 0.522575 -13 920 1 0 1
-6.99238 -5.41162 38.2182 -37.2398 -12.652 71.0213 2.51117 -13 922 1 0 1
-13.3443 -0.436028 38.2182 -32.5733 -1.18773 44.0878 -0.0545475 -13 923 1 0 1
-7.09221 3.05771 38.2182 -27.0784 4.04803 59.9934 -0.968829 -13 924 1 0 1
-10.5898 2.3083 38.2182 -30.2219 5.81937 50.2883 0.460221 -13 925 1 0 1
-7.22177 2.09598 38.2182 -33.8585 2.68427 67.7156 1.44553 -13 926 1 0 1
-6.62283 -3.38714 38.2182 -24.3377 -2.67176 61.7022 0.624337 -13 927 1 0 1
-6.44825 1.82905 38.2182 -20.1154 3.1085 51.2126 -0.150403 -13 928 1 0 1
-7.10272 -0.0279679 38.2182 -27.8216 -0.460264 61.6983 1.41076 -13 930 1 0 1
-2.17124 1.37537 38.2182 -14.9539 -0.789598 59.6932 2.06454 -13 931 1 0 1
-17.997 -2.4919 38.2182 -28.6184 -4.10998 25.4318 2.05875 -13 932 1 0 1
-3.68219 3.94731 38.2182 -20.3782 12.9818 63.9048 1.09844 -13 933 1 0 1
-6.6241 -0.330233 38.2182 -30.7225 1.65988 66.0475 -0.484429 -13 934 1 0 1
-12.9131 1.59131 38.2182 -32.6276 2.34612 46.6952 1.02978 -13 935 1 0 1
-1.6661 -3.01963 38.2182 -11.737 -1.23021 58.8682 0.099593 -13 936 1 0 1
-4.74751 -4.14293 38.2182 -25.5936 -4.8507 66.5813 -0.144668 -13 938 1 0 1
-13.1896 -1.68659 38.2182 -32.6464 -2.63989 45.7332 -0.449922 -13 939 1 0 1
-6.65279 -2.35872 38.2182 -22.6709 -2.27543 54.8814 0.0368024 -13 940 1 0 1
-9.01404 0.953719 38.2182 -29.6209 5.66731 57.2825 0.293045 -13 941 1 0 1
0.549685 -1.37199 38.2182 -12.7943 -3.65958 70.0887 0.61476 -13 942 1 0 1
-4.96125 -1.01581 38.2182 -22.8701 -0.256451 62.2161 1.48785 -13 943 1 0 1
-8.89322 -1.29361 38.2182 -20.9426 1.49778 41.9545 -0.336195 -13 944 1 0 1
-3.51453 4.70734 38.2182 -21.4771 15.6011 66.1691 0.954104 -13 945 1 0 1
-12.051 2.16567 38.2182 -23.0189 3.07754 31.1303 -0.617879 -13 946 1 0 1
-2.17013 -2.08712 38.2182 -15.0276 -0.890334 62.1144 -1.10918 -13 947 1 0 1
-8.10889 -0.185273 38.2182 -19.8794 2.18023 39.3546 1.40309 -13 948 1 0 1
-10.1764 -3.90285 38.2182 -22.1934 -6.9545 42.5223 0.507693 -13 949 1 0 1
-7.29747 3.59171 38.2182 -25.2494 5.83716 58.5396 0.142258 -13 950 1 0 1
3.9843 -5.37307 38.2182 -1.65525 -7.27132 53.2305 0.697453 -13 951 1 0 1
-4.38978 -2.74666 38.2182 -17.5785 -5.67295 54.7956 2.74359 -13 952 1 0 1
-2.20844 -0.184164 38.2182 -14.8835 -2.06245 57.283 0.338352 -13 953 1 0 1
-8.74366 -8.35626 38.2182 -22.1978 -13.0584 43.6226 -0.128287 -13 954 1 0 1
-5.50338 -1.45036 38.2182 -20.59 -8.51487 53.9757 0.625318 -13 955 1 0 1
-8.28962 1.16446 38.2182 -21.4127 -1.52063 44.7369 0.00636074 -13 956 1 0 1
-19.452 -0.900051 38.2182 -35.9479 -4.41876 32.2076 -0.873646 -13 957 1 0 1
-7.06852 0.34597 38.2182 -41.2447 -1.27375 69.4242 -0.714207 -13 958 1 0 1
-0.110829 -6.059 38.2182 -10.1614 -14.1219 58.3651 0.483172 -13 959 1 0 1
-6.47762 2.18071 38.2182 -29.8668 3.58394 65.9525 -1.93296 -13 960 1 0 1
-10.4321 -2.18346 38.2182 -26.1499 -1.18199 45.1187 0.28846 -13 961 1 0 1
1.62662 2.10764 38.2182 -8.60538 -4.40408 67.4957 2.06398 -13 963 1 0 1
-5.66933 1.5834 38.2182 -19.8381 1.5833 56.3833 2.03527 -13 964 1 0 1
-8.91269 -1.59936 38.2182 -28.8278 -5.22504 55.123 1.50785 -13 965 1 0 1
-9.00898 -5.55713 38.2182 -24.3412 -5.73851 47.8886 2.40011 -13 966 1 0 1
-3.67316 0.556104 38.2182 -13.5105 2.87627 49.9586 0.667295 -13 967 1 0 1
-17.3992 0.230039 38.2182 -39.6593 -1.78262 41.7615 -0.911843 -13 968 1 0 1
-7.31605 -2.92558 38.2182 -17.441 -5.69115 40.7986 0.70087 -13 969 1 0 1
-4.41847 -3.02951 38.2182 -20.0584 -9.10983 59.39 0.0209744 -13 970 1 0 1
-5.65591 -5.78642 38.2182 -23.4175 -7.14672 61.8767 -1.04556 -13 971 1 0 1
-9.31414 2.47914 38.2182 -31.6601 6.14974 58.8037 -0.508003 -13 974 1 0 1
-8.28171 0.647131 38.2182 -32.9231 8.90499 64.2238 1.76413 -13 975 1 0 1
-14.91 -0.521325 38.2182 -34.6468 0.842553 43.0971 0.518383 -13 977 1 0 1
-12.43 1.80882 38.2182 -39.6608 0.913265 56.2933 -1.30054 -13 979 1 0 1
-15.7755 -0.109821 38.2182 -35.6495 -1.07811 41.2997 -1.25598 -13 980 1 0 1
-7.17453 -0.847104 38.2182 -24.8394 -5.79392 55.2995 -0.558684 -13 981 1 0 1
-7.09384 5.40352 38.2182 -24.2463 8.4355 55.9558 -0.543973 -13 982 1 0 1
-8.54225 0.227509 38.2182 -32.6196 7.85458 61.6282 -0.198624 -13 983 1 0 1
4.05248 -5.89661 38.2182 -4.11233 -5.74927 34.7962 1.4116 -13 984 1 0 1
-2.86054 -2.98545 38.2182 -15.0672 -4.97151 57.7058 1.00348 -13 985 1 0 1
-8.68115 1.34278 38.2182 -26.2648 4.04222 53.3177 -0.174578 -13 986 1 0 1
-10.7443 -7.77411 38.2182 -28.5016 -15.7117 47.1081 0.585055 -13 987 1 0 1
-2.64852 -2.68012 38.2182 -17.6822 -4.36443 66.3702 1.18781 -13 989 1 0 1
-5.63531 -2.14447 38.2182 -24.6058 -10.8664 63.3506 0.405412 -13 990 1 0 1
-13.7319 0.0852885 38.2182 -29.0734 -3.40369 38.343 -2.04753 -13 991 1 0 1
-8.13608 -5.32855 38.2182 -18.1231 -7.31074 39.6558 1.80383 -13 993 1 0 1
-2.09574 -16.1067 38.2182 -10.6415 -19.0573 38.3229 -0.593417 -13 994 1 0 1
-3.20039 -0.394155 38.2182 -16.7417 0.421624 60.5035 -1.67389 -13 995 1 0 1
-9.90283 -0.143947 38.2182 -33.0379 -0.906338 57.9708 0.343649 -13 996 1 0 1
-9.85417 1.3648 38.2182 -21.2232 2.19267 35.879 2.59788 -13 997 1 0 1
-4.50534 -1.80193 38.2182 -17.2223 -2.77343 52.5892 0.115434 -13 999 1 0 1
-11.7606 0.0997332 38.2182 -24.5317 0.25647 36.3271 -0.364844 -13 1000 1 0 1
