#BLTrackFile NTuple/Z75
#x y z Px Py Pz t PDGid EventID TrackID ParentID Weight
#mm mm mm MeV/c MeV/c MeV/c ns - - - - -
6.73992 -6.22159 74.9003 18.0322 -5.50114 71.506 -0.749676 -13 1 1 0 1
12.1832 -1.92267 74.9003 23.8156 -2.2509 68.1509 1.31456 -13 3 1 0 1
1.35688 -4.47991 74.9003 10.6732 -3.15934 78.9819 0.741658 -13 4 1 0 1
1.06439 0.369635 74.9003 13.8993 -1.32142 60.8667 0.934623 -13 5 1 0 1
1.97552 -1.1197 74.9003 12.5936 0.0543284 74.4493 -0.37319 -13 6 1 0 1
12.1109 -4.16163 74.9003 24.2999 -3.14283 57.4566 -0.437574 -13 7 1 0 1
8.48725 6.90111 74.9003 20.0644 7.29311 44.5773 0.453558 -13 8 1 0 1
15.9104 -2.06086 74.9003 19.7866 -12.1721 45.743 1.12814 -13 10 1 0 1
8.30691 -9.23734 74.9003 20.5961 -9.59987 58.0066 2.13741 -13 12 1 0 1
9.11451 11.076 74.9003 21.2745 11.7402 60.9253 -0.213238 -13 17 1 0 1
6.20191 -9.69397 74.9003 18.592 -8.82142 50.306 1.8914 -13 18 1 0 1
0.16039 5.76205 74.9003 11.7487 6.95496 66.5229 0.547914 -13 19 1 0 1
13.3449 -14.0784 74.9003 25.167 -12.8517 59.7487 3.40162 -13 20 1 0 1
9.58328 3.98194 74.9003 21.812 5.64706 54.1691 -0.719428 -13 22 1 0 1
3.34117 10.3375 74.9003 16.1873 8.6808 53.0913 1.174 -13 24 1 0 1
12.1653 2.88508 74.9003 24.492 3.28834 64.6556 0.305419 -13 26 1 0 1
7.45318 -7.98257 74.9003 19.3755 -4.76823 63.5635 1.90001 -13 27 1 0 1
9.42063 8.50028 74.9003 21.2815 10.3005 64.0041 1.45527 -13 30 1 0 1
12.2041 3.16185 74.9003 23.8989 4.59255 68.4646 0.153492 -13 31 1 0 1
6.73258 4.23207 74.9003 19.1333 4.23638 60.583 -0.0382558 -13 32 1 0 1
1.0188 -1.42493 74.9003 13.0192 -0.0603385 66.237 -0.178616 -13 34 1 0 1
-6.4619 -13.4605 74.9003 3.80486 -13.7001 73.1533 2.6122 -13 35 1 0 1
13.0027 2.38148 74.9003 25.182 4.80516 62.2951 -0.662159 -13 36 1 0 1
11.4 -5.41843 74.9003 22.9282 -7.95243 76.9961 -1.04905 -13 37 1 0 1
9.52466 9.53551 74.9003 20.4548 7.50472 49.2339 1.26276 -13 40 1 0 1
8.62525 3.87473 74.9003 20.3603 1.9154 65.7963 1.68526 -13 42 1 0 1
2.03411 -2.73282 74.9003 10.0869 -3.60102 79.3013 0.711143 -13 43 1 0 1
16.5323 -7.52203 74.9003 25.2917 0.287914 38.3602 0.842657 -13 46 1 0 1
15.7275 13.4942 74.9003 11.5048 4.16229 46.9226 1.39607 -13 47 1 0 1
6.66851 5.90976 74.9003 18.3216 8.63088 64.4647 1.13186 -13 48 1 0 1
16.2696 0.510105 74.9003 12.2514 -2.52875 49.9571 0.125142 -13 51 1 0 1
12.7781 12.9449 74.9003 24.2379 11.1966 51.226 0.566893 -13 52 1 0 1
7.48468 -4.99606 74.9003 18.9312 -6.42404 68.7689 1.32025 -13 55 1 0 1
8.56783 -3.26948 74.9003 20.8857 -1.88738 60.8536 0.0305545 -13 58 1 0 1
12.928 -7.58422 74.9003 24.9242 -7.72613 64.1039 2.38498 -13 59 1 0 1
8.00017 7.76014 74.9003 20.2738 8.53833 60.6907 -0.407644 -13 61 1 0 1
14.3546 -0.368696 74.9003 26.5009 1.70686 65.9358 -0.13278 -13 62 1 0 1
11.7606 -0.730421 74.9003 23.426 0.114317 56.1219 0.589485 -13 64 1 0 1
10.4417 1.3525 74.9003 22.4543 0.858856 68.3557 0.860393 -13 66 1 0 1
9.79924 -7.40162 74.9003 22.075 -7.37208 59.855 0.431964 -13 69 1 0 1
8.64565 -5.14461 74.9003 19.2799 -10.4897 78.1445 0.615055 -13 70 1 0 1
7.7895 1.29083 74.9003 20.5634 -0.746554 57.9052 -1.01475 -13 71 1 0 1
10.173 -3.36794 74.9003 21.6756 -6.06309 71.6582 -0.509378 -13 73 1 0 1
12.9811 6.12785 74.9003 24.7212 5.73498 71.4865 -2.45653 -13 75 1 0 1
15.0104 5.15831 74.9003 25.7703 0.86158 52.1112 2.85873 -13 77 1 0 1
7.93037 -2.29991 74.9003 19.9927 -3.3263 57.5041 -0.307342 -13 78 1 0 1
15.9188 6.63868 74.9003 12.5456 14.7882 54.484 0.510527 -13 81 1 0 1
7.87673 0.11072 74.9003 20.3826 1.09414 60.0069 1.66703 -13 82 1 0 1
6.27605 16.5491 74.9003 18.3881 18.8045 66.071 0.462424 -13 83 1 0 1
1.24397 -4.32539 74.9003 13.2381 -4.75698 63.5539 0.589677 -13 84 1 0 1
14.0103 2.7441 74.9003 26.4107 2.18478 71.5632 1.5629 -13 85 1 0 1
15.9607 -3.291 74.9003 20.8857 -5.89016 51.8309 0.266774 -13 86 1 0 1
8.31368 -6.44671 74.9003 20.3528 -6.40012 65.8386 0.0394887 -13 88 1 0 1
12.6438 4.87154 74.9003 24.7756 4.36424 61.6881 0.276404 -13 90 1 0 1
3.7833 -5.64606 74.9003 16.4528 -6.05854 63.0685 1.33459 -13 91 1 0 1
14.3599 -2.37824 74.9003 25.7696 -3.29132 53.2287 1.33047 -13 93 1 0 1
9.24572 -3.76381 74.9003 21.1436 -3.13422 67.5045 0.511405 -13 95 1 0 1
15.9714 7.0424 74.9003 -0.465646 1.98616 34.7064 -1.31694 -13 96 1 0 1
9.32687 -4.2833 74.9003 21.675 -1.18141 53.7867 -0.538083 -13 97 1 0 1
11.3041 -0.23519 74.9003 23.4798 1.816 63.8572 0.898373 -13 98 1 0 1
7.04753 2.26532 74.9003 19.1112 0.764569 64.0909 0.164069 -13 104 1 0 1
10.0834 6.30254 74.9003 22.4237 9.06873 56.7578 -0.966262 -13 105 1 0 1
5.30845 -1.2672 74.9003 17.5827 -1.16646 59.0448 0.762885 -13 106 1 0 1
13.0712 -4.92275 74.9003 24.9059 -5.4039 66.5552 -0.590544 -13 107 1 0 1
8.35957 1.96579 74.9003 19.3665 2.6921 70.6263 0.190171 -13 110 1 0 1
7.77915 -7.02197 74.9003 18.7368 -5.84156 75.3958 0.141255 -13 111 1 0 1
4.81551 -3.45168 74.9003 15.8574 -4.00263 71.6467 0.958715 -13 116 1 0 1
13.0438 2.83476 74.9003 25.0636 4.03099 66.3486 0.959691 -13 119 1 0 1
14.743 -2.46715 74.9003 24.8886 -1.2298 47.3818 0.349941 -13 120 1 0 1
7.21008 -4.91482 74.9003 18.27 -4.48829 75.4554 1.05396 -13 122 1 0 1
13.2584 -11.2655 74.9003 25.4491 -11.1664 66.5805 1.20505 -13 123 1 0 1
-0.711216 -15.4436 74.9003 11.9706 -14.6497 59.9482 -1.04553 -13 125 1 0 1
9.05978 0.246086 74.9003 19.6597 -2.987 76.9463 1.36886 -13 126 1 0 1
14.5129 -2.55954 74.9003 26.4721 -4.56893 60.0753 0.795045 -13 128 1 0 1
15.3411 2.1012 74.9003 32.6017 2.27328 56.3924 -0.0156393 -13 131 1 0 1
7.42257 6.17526 74.9003 18.977 6.17266 71.8846 1.71859 -13 132 1 0 1
16.2398 4.37802 74.9003 10.3918 -6.60491 38.1521 -0.86011 -13 133 1 0 1
11.6544 11.8657 74.9003 22.9536 10.4238 52.0962 0.784207 -13 140 1 0 1
3.97641 -3.16777 74.9003 15.6164 -4.094 70.3534 -0.448431 -13 143 1 0 1
12.653 -0.126873 74.9003 24.7924 -0.102771 61.2612 -0.783483 -13 147 1 0 1
7.3917 -12.2412 74.9003 19.3503 -10.4388 67.9737 0.651966 -13 148 1 0 1
16.4309 -1.92924 74.9003 15.1369 1.82907 26.6482 2.53358 -13 152 1 0 1
11.3941 -3.82703 74.9003 23.5586 -6.28886 63.8707 -0.102297 -13 153 1 0 1
4.92079 -7.99019 74.9003 14.8933 -9.80872 77.5565 -1.74459 -13 154 1 0 1
6.17776 1.25353 74.9003 18.294 0.443956 65.6012 -1.08247 -13 155 1 0 1
10.1822 -0.608192 74.9003 22.2906 0.813757 59.3415 0.279396 -13 157 1 0 1
11.6694 4.39697 74.9003 22.0472 2.94825 76.3412 1.65295 -13 158 1 0 1
10.7049 8.99766 74.9003 22.7176 6.44973 53.0152 -0.256661 -13 159 1 0 1
6.93625 10.248 74.9003 18.1752 6.331 39.196 -0.101697 -13 162 1 0 1
7.20888 5.35948 74.9003 18.9971 8.10785 68.2866 -1.37556 -13 163 1 0 1
0.977374 -6.36002 74.9003 14.3215 -4.39144 33.7101 2.62606 -13 165 1 0 1
-5.69852 -3.92691 74.9003 4.9208 -4.57561 72.2502 0.0876672 -13 166 1 0 1
8.87112 6.88983 74.9003 18.5144 9.36727 76.7088 1.40926 -13 168 1 0 1
7.65934 -6.59386 74.9003 19.4736 -7.53805 65.6818 -0.339548 -13 170 1 0 1
15.2568 4.62697 74.9003 29.1884 -1.13447 46.2577 -0.0214668 -13 172 1 0 1
10.8696 -6.92941 74.9003 22.0496 -6.46975 45.1534 0.216721 -13 176 1 0 1
6.0164 1.71721 74.9003 17.7441 1.72357 40.0212 -0.485643 -13 182 1 0 1
5.79674 2.22902 74.9003 17.9234 0.409268 57.469 0.343401 -13 184 1 0 1
9.77774 -6.49015 74.9003 21.9675 -7.35495 57.331 -0.446113 -13 185 1 0 1
15.4243 -3.54555 74.9003 20.1048 -0.749616 62.8079 1.45289 -13 188 1 0 1
3.82432 -4.17924 74.9003 13.3345 -5.52866 78.9185 0.475126 -13 189 1 0 1
5.61807 5.1783 74.9003 18.4409 5.06193 58.585 2.23624 -13 191 1 0 1
10.8054 2.21173 74.9003 21.2328 5.74839 77.353 1.1443 -13 192 1 0 1
9.80084 -0.718779 74.9003 19.9125 -1.89333 37.9988 -0.609213 -13 193 1 0 1
15.3836 7.74723 74.9003 35.9551 12.4896 54.443 0.0679255 -13 194 1 0 1
13.4256 2.11582 74.9003 25.0243 2.07276 56.2387 2.59829 -13 195 1 0 1
7.30641 13.4025 74.9003 19.8367 12.2459 59.9524 -0.590815 -13 197 1 0 1
2.02516 14.9686 74.9003 15.3359 10.9438 57.6846 -1.27215 -13 199 1 0 1
7.38132 -2.76523 74.9003 19.0106 -1.15385 48.8408 1.02662 -13 200 1 0 1
0.488859 -5.48181 74.9003 11.7916 -7.22337 69.7902 0.624071 -13 201 1 0 1
9.04045 19.2277 74.9003 20.9739 15.302 54.567 -0.50363 -13 202 1 0 1
14.4533 2.53541 74.9003 26.0156 0.980091 57.3892 0.602884 -13 203 1 0 1
15.6593 2.15095 74.9003 7.76143 3.44032 14.3718 1.8042 -13 205 1 0 1
-4.52929 2.12993 74.9003 2.30802 1.65114 78.0572 0.497451 -13 206 1 0 1
4.71119 -10.5213 74.9003 17.4328 -9.3815 56.4683 -0.730928 -13 207 1 0 1
-2.47406 1.83958 74.9003 8.84023 2.2801 70.3648 0.0167692 -13 208 1 0 1
7.67133 15.4255 74.9003 18.9023 16.8868 70.8248 2.398 -13 212 1 0 1
-0.931672 6.95735 74.9003 12.1561 5.40588 59.4006 -0.995778 -13 213 1 0 1
11.5854 10.3115 74.9003 23.5851 10.1242 72.0746 1.33829 -13 214 1 0 1
14.1385 -5.97054 74.9003 25.9764 -9.57953 67.8505 2.05838 -13 215 1 0 1
13.7276 0.299501 74.9003 25.4685 0.471866 65.8735 1.46542 -13 216 1 0 1
11.862 -6.26355 74.9003 23.9355 -6.39015 64.0879 0.502204 -13 218 1 0 1
9.88768 -2.60322 74.9003 21.562 -2.93029 75.2352 0.363032 -13 219 1 0 1
14.6669 2.18726 74.9003 26.7255 0.705486 67.5112 2.72403 -13 220 1 0 1
8.35806 10.4086 74.9003 20.2023 11.7164 69.5926 -0.445835 -13 222 1 0 1
3.61158 -2.84825 74.9003 15.8149 -0.980141 61.2867 1.37673 -13 223 1 0 1
5.12623 -4.85394 74.9003 17.547 -3.88815 61.2147 -0.0917155 -13 224 1 0 1
12.2857 0.920515 74.9003 23.308 0.728826 75.222 -1.56184 -13 228 1 0 1
8.84059 3.96669 74.9003 20.0976 2.11154 70.9634 0.605118 -13 229 1 0 1
5.21653 1.26849 74.9003 17.3403 0.480757 63.9464 -1.09076 -13 233 1 0 1
72.0291 3.21888 74.9003 51.715 2.30304 47.0477 -0.0617502 -13 234 1 0 1
5.52939 -5.58727 74.9003 17.9013 -7.65639 63.6619 1.65613 -13 236 1 0 1
12.7366 0.0630829 74.9003 24.4263 -0.342058 58.8247 0.487189 -13 238 1 0 1
4.27664 -2.00605 74.9003 15.6399 0.45507 69.9861 1.64528 -13 239 1 0 1
12.435 -0.0366445 74.9003 24.1936 -1.98797 54.8857 2.24791 -13 242 1 0 1
11.8365 5.39209 74.9003 23.758 8.31881 67.1677 0.192273 -13 246 1 0 1
10.6274 -6.11702 74.9003 22.7282 -5.96974 64.8303 1.07418 -13 248 1 0 1
15.645 10.7556 74.9003 28.836 11.0349 56.8193 -0.949031 -13 253 1 0 1
10.2774 -0.503443 74.9003 21.69 1.61019 75.3196 0.333022 -13 255 1 0 1
15.2453 -1.97718 74.9003 26.2775 7.20321 54.2216 0.559494 -13 258 1 0 1
13.6025 -2.44255 74.9003 25.9199 -4.70462 68.6417 0.103607 -13 260 1 0 1
11.2845 6.95229 74.9003 22.9248 5.94905 56.591 -0.686638 -13 261 1 0 1
12.1856 -4.38401 74.9003 22.5905 -3.3365 46.0668 0.280529 -13 264 1 0 1
8.15099 2.20863 74.9003 20.2251 -0.49601 60.9204 0.134726 -13 267 1 0 1
6.95494 4.39505 74.9003 17.5875 1.88667 76.7341 0.866921 -13 269 1 0 1
9.66055 -3.4587 74.9003 21.9843 -5.56753 61.0034 1.69462 -13 270 1 0 1
13.4621 -6.55491 74.9003 25.1279 -9.8571 73.4077 -0.430328 -13 271 1 0 1
15.3508 -10.0067 74.9003 -9.00384 7.31129 42.2901 2.03991 -13 272 1 0 1
4.80689 5.90168 74.9003 17.8596 4.31462 53.9033 3.27789 -13 273 1 0 1
15.6655 -4.36681 74.9003 32.6451 -1.5564 49.4372 -1.60569 -13 274 1 0 1
-0.137448 0.633575 74.9003 12.667 0.520279 61.9299 1.9956 -13 278 1 0 1
4.80751 -3.49986 74.9003 16.6912 -7.44392 67.7875 -2.05643 -13 279 1 0 1
15.8469 -4.84619 74.9003 20.7604 -8.06588 49.1196 -0.86018 -13 281 1 0 1
15.5656 15.8547 74.9003 20.4623 8.16571 28.3836 -0.30148 -13 282 1 0 1
12.2559 11.3985 74.9003 23.4026 6.57975 49.7142 0.130989 -13 284 1 0 1
0.837295 7.66766 74.9003 13.2372 8.65759 62.1426 -0.0597455 -13 285 1 0 1
6.45715 -7.74282 74.9003 18.6421 -2.89535 68.0101 -1.0441 -13 286 1 0 1
14.5674 -0.578129 74.9003 24.6585 -2.24257 47.4671 -1.11566 -13 287 1 0 1
13.1273 30.1209 74.9003 23.8838 34.7652 67.8683 0.14562 -13 288 1 0 1
10.5376 9.00588 74.9003 22.0483 10.7613 75.2142 0.85091 -13 289 1 0 1
13.4587 -6.64897 74.9003 24.9551 -8.80689 71.8599 0.845313 -13 291 1 0 1
8.40923 3.3929 74.9003 20.0914 4.88409 71.1997 0.129438 -13 292 1 0 1
-2.65724 10.9342 74.9003 11.2715 11.2122 51.0246 2.54478 -13 293 1 0 1
16.2112 -0.768475 74.9003 16.8275 5.16508 44.5425 0.509852 -13 295 1 0 1
3.50494 4.46018 74.9003 16.4143 3.87986 58.7891 0.16458 -13 296 1 0 1
9.87396 3.6609 74.9003 21.696 1.73851 64.4875 -1.4482 -13 298 1 0 1
-2.13024 10.1592 74.9003 11.7153 10.2642 48.193 3.24151 -13 299 1 0 1
7.21678 36.3813 74.9003 19.3294 22.2781 42.6669 1.64452 -13 300 1 0 1
6.00101 -0.0641293 74.9003 18.5711 -1.93779 61.2676 -0.343853 -13 301 1 0 1
4.37289 3.84458 74.9003 16.5939 5.68618 61.442 0.662953 -13 302 1 0 1
11.5499 -0.157391 74.9003 23.4561 2.13404 59.0146 0.439073 -13 303 1 0 1
12.3317 11.5092 74.9003 23.9688 12.971 61.0284 0.959029 -13 304 1 0 1
3.79088 13.0758 74.9003 16.6857 9.94881 45.1249 1.71205 -13 305 1 0 1
15.4329 -1.12123 74.9003 13.3243 -4.11391 57.6538 -0.623145 -13 306 1 0 1
13.5703 -15.5496 74.9003 25.1027 -18.9978 63.2232 -0.880364 -13 307 1 0 1
11.2018 -11.5929 74.9003 22.9532 -12.5851 69.8939 0.478186 -13 308 1 0 1
11.9124 6.88039 74.9003 23.8797 7.00048 63.0537 -0.445605 -13 309 1 0 1
5.20218 2.41915 74.9003 16.7887 3.63862 70.4433 0.225823 -13 312 1 0 1
7.56917 10.6468 74.9003 19.2311 11.0153 70.208 1.32309 -13 313 1 0 1
10.8699 -12.4528 74.9003 22.7812 -12.4732 59.6214 1.17216 -13 317 1 0 1
12.3105 -2.3125 74.9003 24.3427 -1.0395 65.3018 -1.0221 -13 318 1 0 1
11.5758 6.47323 74.9003 23.0851 9.66381 66.8198 2.40196 -13 319 1 0 1
8.23562 2.55877 74.9003 16.9885 4.09593 78.2907 2.21357 -13 322 1 0 1
15.9702 7.37451 74.9003 17.8706 12.9245 45.6252 -0.27694 -13 324 1 0 1
1.56015 10.4536 74.9003 13.8755 9.11251 61.1678 0.34759 -13 326 1 0 1
8.0378 -23.2387 74.9003 19.861 -18.6435 47.236 0.652429 -13 327 1 0 1
5.00881 -2.37842 74.9003 17.5207 -6.38207 57.8033 -1.11654 -13 328 1 0 1
13.0535 8.59466 74.9003 25.1499 10.02 64.8078 1.47001 -13 329 1 0 1
6.15167 9.87005 74.9003 17.5858 6.9656 70.6078 -1.21161 -13 331 1 0 1
5.4636 -4.29013 74.9003 18.0945 -3.74512 64.5582 0.698906 -13 334 1 0 1
12.7653 5.22905 74.9003 24.9539 6.43506 65.3251 0.565414 -13 340 1 0 1
9.06341 4.92795 74.9003 20.4688 6.81317 71.2219 0.961114 -13 342 1 0 1
15.0721 -5.95793 74.9003 33.2223 -2.31613 52.9871 0.0140432 -13 343 1 0 1
10.4666 1.13448 74.9003 22.6923 2.54894 65.6756 -0.494985 -13 345 1 0 1
-3.31746 1.01512 74.9003 8.73348 0.884396 66.4489 0.931298 -13 346 1 0 1
6.55249 -1.9202 74.9003 18.7437 -1.8759 66.7803 -0.490222 -13 347 1 0 1
9.34948 6.72199 74.9003 21.1966 5.9937 67.7201 -1.20441 -13 352 1 0 1
10.0135 6.78987 74.9003 22.3144 5.83427 62.9996 0.120805 -13 353 1 0 1
14.4402 12.9125 74.9003 24.9029 8.8197 49.8043 0.793483 -13 354 1 0 1
7.5245 3.84898 74.9003 18.5709 4.89614 72.3487 -0.143903 -13 355 1 0 1
6.32322 -1.74369 74.9003 17.7126 -1.7397 74.4107 -0.28776 -13 360 1 0 1
15.8978 0.124644 74.9003 -5.64992 -18.0329 56.8841 0.200933 -13 361 1 0 1
7.64998 1.76194 74.9003 19.9547 -0.077062 63.7907 -2.43835 -13 362 1 0 1
10.3055 2.87779 74.9003 21.8583 4.87892 72.6635 0.01824 -13 363 1 0 1
15.0376 -8.05346 74.9003 26.5455 -7.51045 59.4061 0.601252 -13 364 1 0 1
12.4794 5.4205 74.9003 24.6529 6.32995 60.9643 0.904575 -13 368 1 0 1
11.0493 0.148449 74.9003 22.9927 1.65938 56.5935 -0.725536 -13 369 1 0 1
0.948657 1.36105 74.9003 11.7686 0.93104 72.5923 1.18574 -13 370 1 0 1
13.8637 -4.07551 74.9003 26.2724 -3.05195 61.6649 2.74302 -13 371 1 0 1
15.7872 -10.1196 74.9003 21.5606 -6.36195 29.9292 1.21733 -13 372 1 0 1
4.17432 -5.97019 74.9003 16.3683 -6.69316 62.2448 1.05063 -13 373 1 0 1
5.54771 -0.358683 74.9003 16.3374 0.740824 75.544 0.950193 -13 374 1 0 1
-0.886107 6.2937 74.9003 8.03378 9.11871 79.0513 -1.08305 -13 375 1 0 1
5.30409 -11.7577 74.9003 17.0839 -12.337 67.535 0.812989 -13 376 1 0 1
1.92106 -9.98317 74.9003 13.8154 -12.2239 66.6594 0.986366 -13 379 1 0 1
-2.76288 9.10789 74.9003 11.108 6.6269 50.673 1.73105 -13 383 1 0 1
9.91266 -1.11739 74.9003 22.1671 -3.27768 64.4636 2.12707 -13 385 1 0 1
5.98102 -1.40466 74.9003 17.4728 -2.70101 70.371 0.461633 -13 387 1 0 1
10.6149 2.57707 74.9003 21.715 2.5678 47.8354 -0.344084 -13 388 1 0 1
15.8711 -2.534 74.9003 13.3314 -12.7201 39.349 1.12267 -13 390 1 0 1
6.72216 1.05327 74.9003 19.0439 -1.48491 52.3921 0.60495 -13 392 1 0 1
15.4403 12.4245 74.9003 18.9235 7.24586 51.3504 -0.425715 -13 394 1 0 1
8.43701 12.731 74.9003 20.0067 16.4775 71.6999 -1.31697 -13 395 1 0 1
15.9528 -2.77585 74.9003 16.7647 -5.82685 49.2007 1.22994 -13 398 1 0 1
9.02224 -8.34423 74.9003 20.4707 -7.46217 68.8459 2.38955 -13 399 1 0 1
14.9408 -7.46479 74.9003 26.3697 -7.21095 53.0234 0.0992459 -13 402 1 0 1
9.95918 -16.024 74.9003 22.2446 -19.4983 67.1587 0.578726 -13 403 1 0 1
14.5542 -6.9569 74.9003 25.6725 -8.47187 55.5917 -0.192561 -13 406 1 0 1
8.18699 -5.18167 74.9003 19.5691 -5.92421 74.4787 -2.24093 -13 410 1 0 1
8.09566 10.9433 74.9003 18.5909 4.01121 35.4823 1.07422 -13 411 1 0 1
7.95974 -14.8545 74.9003 19.8519 -15.0032 63.2543 1.62746 -13 412 1 0 1
6.36297 5.6784 74.9003 16.95 5.45228 77.386 0.415215 -13 413 1 0 1
3.36705 -4.55606 74.9003 16.4881 -3.38099 58.4488 1.3677 -13 414 1 0 1
10.9977 0.0701624 74.9003 22.9837 -1.55914 66.416 1.82489 -13 418 1 0 1
12.4022 -7.69884 74.9003 24.38 -10.3629 69.8571 -0.0949574 -13 421 1 0 1
2.86641 -15.049 74.9003 15.8164 -8.57584 45.1531 0.215149 -13 423 1 0 1
11.5319 2.63268 74.9003 23.8009 3.4157 60.0665 0.309072 -13 425 1 0 1
10.6508 1.4089 74.9003 21.8887 3.77447 71.6847 -1.08419 -13 426 1 0 1
12.5759 10.7389 74.9003 24.4111 12.7826 61.6771 0.748421 -13 428 1 0 1
1.27537 12.2375 74.9003 12.2365 13.8045 70.2316 -1.36345 -13 430 1 0 1
15.2374 -5.27288 74.9003 22.5881 0.135716 69.4648 2.23084 -13 431 1 0 1
15.6695 1.05485 74.9003 20.6458 -5.7034 55.5538 2.30241 -13 432 1 0 1
13.8995 -8.83665 74.9003 25.651 -11.8959 65.712 1.72804 -13 433 1 0 1
13.4034 -0.785091 74.9003 25.3568 -0.165696 63.6914 -1.96444 -13 437 1 0 1
13.5444 -1.29036 74.9003 25.02 -0.870863 50.2956 2.34734 -13 438 1 0 1
15.7328 -14.1154 74.9003 -5.31604 -6.38481 31.0107 -0.753341 -13 439 1 0 1
6.50781 0.620537 74.9003 18.0544 0.417499 70.2753 1.69174 -13 441 1 0 1
8.13322 -3.95181 74.9003 20.4548 -1.22911 63.1703 0.208027 -13 442 1 0 1
8.78095 -10.8947 74.9003 20.879 -8.9887 66.7592 -1.2214 -13 446 1 0 1
10.4025 1.73538 74.9003 22.5114 3.27771 67.4996 -1.67248 -13 448 1 0 1
13.3159 0.847305 74.9003 23.7531 -0.193708 48.415 0.205987 -13 449 1 0 1
17.2597 3.04406 74.9003 27.1928 -6.76224 45.5893 0.395642 -13 451 1 0 1
11.1955 -2.13547 74.9003 23.6649 -2.84869 64.1522 1.43126 -13 452 1 0 1
9.8089 4.28096 74.9003 21.6744 2.76423 46.6743 1.75743 -13 454 1 0 1
11.5047 2.08691 74.9003 23.2025 3.27197 62.1179 0.185751 -13 460 1 0 1
5.6582 6.6703 74.9003 18.0613 8.09138 64.363 0.688151 -13 461 1 0 1
15.7628 -6.33058 74.9003 41.4154 -10.6622 38.2367 0.0652721 -13 462 1 0 1
15.4625 -1.01426 74.9003 18.6677 2.02295 59.6142 1.81541 -13 463 1 0 1
5.04309 11.9215 74.9003 16.4557 7.04485 37.4442 -0.350758 -13 465 1 0 1
15.5247 -1.11454 74.9003 -2.11092 0.0877359 37.4671 -0.444609 -13 468 1 0 1
14.1573 15.3592 74.9003 24.3386 11.2613 46.0971 0.873663 -13 469 1 0 1
14.9106 8.28008 74.9003 27.1943 10.054 67.0842 1.91691 -13 475 1 0 1
5.09836 11.7421 74.9003 17.5405 11.8485 60.4269 0.36117 -13 476 1 0 1
16.4818 14.0994 74.9003 21.8312 1.2335 39.1774 -0.918954 -13 477 1 0 1
10.9887 -5.45982 74.9003 22.4908 -4.37345 58.5591 -1.41301 -13 478 1 0 1
6.79881 -1.84947 74.9003 17.9997 -2.75169 38.7402 0.893765 -13 482 1 0 1
2.66065 10.6382 74.9003 14.3458 10.3671 68.3177 1.14277 -13 483 1 0 1
6.31791 1.88691 74.9003 18.1352 0.923346 66.2432 -0.908246 -13 484 1 0 1
3.0672 -8.88254 74.9003 15.8622 -9.11111 57.2788 2.24103 -13 485 1 0 1
-1.62455 -6.36518 74.9003 11.2683 -6.10617 61.3651 -0.512067 -13 488 1 0 1
10.8182 -11.9771 74.9003 22.8287 -13.0238 58.961 -1.42427 -13 490 1 0 1
16.091 0.138963 74.9003 16.7418 -21.0193 45.4642 1.2329 -13 491 1 0 1
11.821 -1.48496 74.9003 24.0924 -1.60871 55.8721 1.42217 -13 493 1 0 1
13.6742 3.06582 74.9003 25.2508 3.33314 59.817 0.659876 -13 497 1 0 1
10.1686 4.65384 74.9003 22.2396 5.235 66.2 -0.0553718 -13 498 1 0 1
14.541 3.91165 74.9003 26.2296 3.21626 75.6349 0.0549202 -13 501 1 0 1
0.684283 9.84123 74.9003 12.5423 8.34522 66.8189 -0.798771 -13 502 1 0 1
14.4433 -15.4606 74.9003 26.6307 -13.1031 64.2039 -1.24663 -13 503 1 0 1
5.1154 -1.88212 74.9003 14.9834 -3.4582 78.2063 1.61132 -13 506 1 0 1
6.08246 8.48905 74.9003 18.7569 7.42446 58.9225 1.53593 -13 510 1 0 1
-1.30075 -1.73191 74.9003 9.72455 -0.504463 72.1675 2.40098 -13 511 1 0 1
8.31682 -3.98057 74.9003 20.2631 -3.16665 55.9305 -0.0166533 -13 512 1 0 1
10.7613 3.20799 74.9003 21.9881 2.92381 52.0246 -3.07865 -13 514 1 0 1
3.12029 -1.11777 74.9003 14.8961 -0.660735 65.5853 -1.09157 -13 515 1 0 1
13.9202 3.55216 74.9003 24.8804 5.33069 52.4276 -1.54761 -13 516 1 0 1
12.7472 -4.30978 74.9003 24.7511 -6.46716 68.2984 -0.77826 -13 517 1 0 1
13.3828 0.808241 74.9003 25.5502 1.62307 60.7587 1.17789 -13 518 1 0 1
3.66864 1.72063 74.9003 13.2777 1.09862 78.1342 0.244795 -13 519 1 0 1
15.8715 -4.52652 74.9003 -2.12152 -5.89595 34.2058 2.90373 -13 520 1 0 1
8.42004 -9.91454 74.9003 20.5077 -9.44062 67.4297 -1.13261 -13 521 1 0 1
13.2703 4.61609 74.9003 24.4616 5.10209 76.7687 1.23073 -13 522 1 0 1
4.11608 6.7882 74.9003 15.8771 5.80447 68.9108 1.20205 -13 523 1 0 1
13.5118 -5.83556 74.9003 25.3418 -1.83932 56.7193 1.09577 -13 524 1 0 1
4.20368 -2.45802 74.9003 15.2591 -0.218144 71.4999 0.368781 -13 526 1 0 1
9.00587 -0.861161 74.9003 20.9595 -0.701258 57.0697 1.39152 -13 527 1 0 1
11.5283 3.31402 74.9003 23.2086 2.37836 51.518 3.06991 -13 528 1 0 1
15.2466 3.9826 74.9003 25.827 0.696937 59.8546 -0.258743 -13 530 1 0 1
13.3279 3.75223 74.9003 25.049 3.90883 53.953 1.36795 -13 531 1 0 1
4.57334 7.7807 74.9003 17.4825 7.75873 52.0041 2.03727 -13 532 1 0 1
7.05905 -3.0462 74.9003 18.7162 -5.79909 69.1346 1.34566 -13 539 1 0 1
12.6656 8.4255 74.9003 24.4387 10.2885 67.0029 1.28199 -13 541 1 0 1
8.58426 -22.8512 74.9003 20.272 -24.8199 65.7595 1.48731 -13 545 1 0 1
-1.09684 12.9542 74.9003 10.427 14.6667 67.9386 -2.16388 -13 550 1 0 1
9.85464 -5.99019 74.9003 22.184 -6.14977 57.2583 0.585827 -13 553 1 0 1
2.12095 -0.847982 74.9003 14.1283 -1.9142 64.9343 -0.674239 -13 554 1 0 1
11.6654 10.376 74.9003 22.9507 8.38765 53.0585 0.868943 -13 556 1 0 1
8.45024 -3.62914 74.9003 20.5196 -4.64851 59.8439 -2.25712 -13 558 1 0 1
8.93208 8.19667 74.9003 20.2708 6.21925 44.7757 -1.00857 -13 560 1 0 1
1.28497 4.6533 74.9003 12.5921 3.37097 69.2327 1.42365 -13 562 1 0 1
16.6185 -3.6296 74.9003 21.4665 -20.3794 34.4878 -0.00340851 -13 564 1 0 1
5.63747 -0.530734 74.9003 16.6597 -1.3487 72.9825 1.05095 -13 566 1 0 1
8.39279 -2.92529 74.9003 20.3955 -1.62112 50.1161 0.586013 -13 567 1 0 1
6.1961 3.64606 74.9003 18.0317 4.85347 70.0075 0.495379 -13 568 1 0 1
14.7577 -6.57222 74.9003 26.0836 -6.4052 57.1034 2.15063 -13 569 1 0 1
14.9328 -11.2474 74.9003 25.257 -7.59059 47.2976 -2.0084 -13 570 1 0 1
15.9626 -5.83241 74.9003 26.219 -14.5848 53.8809 0.172338 -13 572 1 0 1
6.04772 1.29349 74.9003 18.1447 -1.18374 67.5858 2.26453 -13 573 1 0 1
8.68172 19.8817 74.9003 20.5985 19.0906 55.5469 -0.597727 -13 574 1 0 1
11.9083 -2.40096 74.9003 23.7865 -2.53618 66.0748 0.509049 -13 575 1 0 1
10.7371 2.79935 74.9003 22.8616 -0.12909 65.4844 -0.566489 -13 576 1 0 1
14.5307 -9.45294 74.9003 26.0912 -6.17972 60.7675 -1.63101 -13 577 1 0 1
5.38652 10.8995 74.9003 16.773 12.4434 71.1206 2.25667 -13 578 1 0 1
3.20743 7.80029 74.9003 15.0439 9.91346 66.0923 1.80277 -13 580 1 0 1
15.2414 -15.6387 74.9003 26.3863 -14.3815 55.8824 -1.69787 -13 585 1 0 1
5.47206 14.1787 74.9003 16.523 17.832 71.411 0.680643 -13 587 1 0 1
11.3552 1.16389 74.9003 23.2468 0.383048 66.3021 -0.917332 -13 589 1 0 1
3.81271 -9.09433 74.9003 14.9381 -12.469 73.4591 -0.553446 -13 590 1 0 1
5.12439 -0.0884114 74.9003 15.5079 1.6187 77.2378 2.88602 -13 591 1 0 1
10.0149 -1.41543 74.9003 22.3835 -2.45215 68.4573 -2.29073 -13 592 1 0 1
14.5527 2.47656 74.9003 26.5612 -0.34836 59.1779 2.29289 -13 593 1 0 1
3.99695 0.413527 74.9003 15.8137 -0.912944 62.7899 0.581448 -13 594 1 0 1
-0.114327 -1.74295 74.9003 8.18421 -2.47556 79.384 0.229447 -13 597 1 0 1
13.3059 -8.63684 74.9003 24.3484 -11.1543 76.9936 -1.40568 -13 598 1 0 1
7.61543 1.86123 74.9003 19.3238 1.42827 45.9637 -1.15261 -13 599 1 0 1
16.875 -5.2506 74.9003 19.2682 -8.26798 21.0397 1.00439 -13 602 1 0 1
-1.56586 -1.97851 74.9003 9.99581 -1.70119 68.7218 -0.926012 -13 603 1 0 1
10.7898 -17.6902 74.9003 22.5716 -14.5483 55.7058 0.442529 -13 605 1 0 1
0.234985 1.17121 74.9003 10.8979 4.64967 73.332 0.489393 -13 609 1 0 1
8.52661 2.36362 74.9003 20.5989 6.12448 65.3798 -1.31485 -13 610 1 0 1
11.7482 -1.06877 74.9003 23.0699 -2.48084 50.7165 1.32767 -13 611 1 0 1
2.16554 -2.20057 74.9003 13.496 -5.23432 73.2558 1.1623 -13 615 1 0 1
12.8262 23.5095 74.9003 23.929 20.7076 52.813 -0.606059 -13 618 1 0 1
9.77331 3.5875 74.9003 20.8464 3.8765 75.5977 -1.86566 -13 620 1 0 1
11.5722 -0.681922 74.9003 23.5343 1.59803 55.6726 0.114225 -13 623 1 0 1
7.89516 12.2631 74.9003 19.9338 8.43007 54.6293 -0.427002 -13 625 1 0 1
14.8635 -0.977211 74.9003 26.5803 -2.5283 66.4438 2.82659 -13 626 1 0 1
7.35548 4.96333 74.9003 18.3309 9.39602 74.952 0.928445 -13 627 1 0 1
13.0339 11.942 74.9003 25.5228 12.7258 61.7156 0.583496 -13 629 1 0 1
3.11434 6.87982 74.9003 15.42 7.97265 62.7701 1.05171 -13 630 1 0 1
14.4504 -1.93867 74.9003 26.1946 -1.29457 54.2511 -0.23425 -13 631 1 0 1
12.5491 -8.45321 74.9003 24.4342 -7.91779 63.2915 -1.12154 -13 632 1 0 1
1.59087 22.1709 74.9003 14.343 20.2487 58.1603 0.294793 -13 634 1 0 1
3.84238 6.63472 74.9003 15.0083 9.72319 71.9952 -1.74256 -13 636 1 0 1
9.78396 -10.6575 74.9003 21.6187 -11.5437 68.0743 -0.00749698 -13 643 1 0 1
8.35109 -11.9628 74.9003 19.7001 -9.8911 47.9396 2.70096 -13 644 1 0 1
2.89858 3.03648 74.9003 13.7172 3.02285 72.6942 1.70711 -13 646 1 0 1
-1.51451 -1.73566 74.9003 7.16892 -0.756412 78.7953 -1.15394 -13 647 1 0 1
10.956 -6.20716 74.9003 22.5679 -5.3694 70.7529 1.3096 -13 650 1 0 1
15.6013 3.51557 74.9003 18.9773 2.86582 55.6838 0.862402 -13 651 1 0 1
11.0126 -6.96909 74.9003 22.8531 -7.56514 62.6978 1.36864 -13 652 1 0 1
13.547 -5.74906 74.9003 25.2985 -4.46071 64.1863 0.986914 -13 653 1 0 1
3.02971 13.0321 74.9003 14.9808 14.6916 63.602 0.251252 -13 656 1 0 1
13.0294 -9.89165 74.9003 24.291 -7.04139 56.2851 0.992377 -13 657 1 0 1
10.294 -9.57263 74.9003 21.9531 -7.64918 66.1959 2.57215 -13 659 1 0 1
14.6396 -6.41264 74.9003 26.214 -5.67835 61.8123 -1.14584 -13 660 1 0 1
9.2519 -3.0735 74.9003 20.1712 -6.55158 74.3862 1.95499 -13 661 1 0 1
11.6729 5.83417 74.9003 23.3541 5.09826 55.1431 0.110972 -13 662 1 0 1
11.7107 -7.41356 74.9003 23.2426 -7.04816 67.4052 2.0735 -13 664 1 0 1
9.56911 -4.45407 74.9003 20.9785 -6.2206 74.3872 0.624074 -13 665 1 0 1
8.11817 7.29007 74.9003 20.5889 7.97438 60.1687 1.33701 -13 666 1 0 1
10.1703 0.299792 74.9003 21.9694 0.886257 58.2084 -1.78947 -13 667 1 0 1
15.7051 -12.5054 74.9003 17.7557 -7.43408 54.8026 1.73705 -13 669 1 0 1
13.6338 -11.5731 74.9003 25.6616 -11.717 68.1004 0.364914 -13 670 1 0 1
11.9501 -10.5104 74.9003 23.911 -10.8333 59.1709 3.53486 -13 675 1 0 1
13.3583 7.096 74.9003 25.454 11.414 67.5023 1.88776 -13 678 1 0 1
4.94975 5.76857 74.9003 16.7689 6.35992 66.891 0.350018 -13 679 1 0 1
10.5526 7.88821 74.9003 22.5395 5.52043 52.4322 -0.495142 -13 680 1 0 1
11.9019 -2.51543 74.9003 23.9594 -6.64061 70.1511 -2.90098 -13 681 1 0 1
12.6529 -12.0562 74.9003 24.1875 -10.4023 56.6774 0.169526 -13 684 1 0 1
12.6518 7.21212 74.9003 22.6865 6.19954 43.5722 2.13724 -13 687 1 0 1
10.3185 6.02342 74.9003 22.3902 4.39604 63.4072 0.32935 -13 688 1 0 1
7.10853 14.8517 74.9003 16.6825 7.01587 26.1616 0.269474 -13 689 1 0 1
8.45508 -1.01284 74.9003 20.3214 -3.35344 59.588 -0.572026 -13 692 1 0 1
15.8804 -8.13827 74.9003 28.5886 -2.65986 45.7227 2.7447 -13 694 1 0 1
10.6713 5.71457 74.9003 22.0244 7.2843 68.0391 0.887176 -13 697 1 0 1
12.3846 -3.70357 74.9003 24.1697 -3.81648 68.9559 1.7501 -13 700 1 0 1
15.2961 8.2684 74.9003 29.6114 7.46628 58.4126 1.70836 -13 701 1 0 1
4.58877 5.09144 74.9003 14.3528 4.98927 78.7827 -1.88616 -13 703 1 0 1
15.0379 1.5586 74.9003 27.952 1.8688 47.851 -1.17191 -13 706 1 0 1
10.9499 1.67269 74.9003 22.8166 4.9959 68.7572 3.67771 -13 707 1 0 1
4.05321 -4.74734 74.9003 16.7433 -4.32269 58.2713 0.903331 -13 708 1 0 1
10.4868 -6.59308 74.9003 22.3465 -6.32688 66.0194 1.7565 -13 712 1 0 1
9.34741 -7.63314 74.9003 19.7089 -10.8201 78.0007 0.346478 -13 713 1 0 1
10.9415 1.77582 74.9003 22.8604 3.21011 68.9159 -0.715466 -13 715 1 0 1
11.9335 -3.52227 74.9003 22.9801 -3.23677 48.4077 2.22786 -13 717 1 0 1
7.27077 1.4582 74.9003 18.828 0.200978 70.6761 1.29819 -13 718 1 0 1
16.2869 3.35131 74.9003 2.25225 -4.08855 36.3565 0.272875 -13 719 1 0 1
9.31927 3.27271 74.9003 21.3318 3.30503 62.7905 2.46315 -13 720 1 0 1
12.9138 -5.46926 74.9003 24.3347 -3.25489 57.5175 -0.808919 -13 723 1 0 1
14.4006 12.1434 74.9003 26.3979 11.8934 67.8945 2.36998 -13 724 1 0 1
14.1614 13.9629 74.9003 25.0367 10.4428 51.2256 0.147375 -13 725 1 0 1
16.4821 -4.69123 74.9003 18.4984 6.59279 55.9113 -1.46826 -13 729 1 0 1
8.96083 -5.45824 74.9003 20.9189 -4.82861 68.4196 -0.87843 -13 731 1 0 1
6.92527 3.06416 74.9003 19.2151 1.82883 67.9294 2.37266 -13 732 1 0 1
8.52603 5.3783 74.9003 19.947 2.29803 44.5849 0.0400549 -13 733 1 0 1
16.1494 -0.000992019 74.9003 17.9227 -5.23598 50.0332 2.62006 -13 734 1 0 1
11.3597 8.78242 74.9003 23.6428 7.55163 59.6053 2.45251 -13 737 1 0 1
10.486 1.55116 74.9003 22.2594 1.39986 70.711 1.13123 -13 740 1 0 1
1.18347 -1.20923 74.9003 14.5839 -0.195216 50.8365 -1.8111 -13 742 1 0 1
11.6041 3.35267 74.9003 23.9143 4.9865 69.1128 1.68632 -13 743 1 0 1
13.0637 6.4192 74.9003 24.125 3.8586 50.7463 0.686498 -13 744 1 0 1
13.0451 -2.04121 74.9003 25.0407 -1.81542 63.9367 0.549118 -13 747 1 0 1
11.4429 1.83251 74.9003 22.5253 2.12725 45.7846 -1.36451 -13 748 1 0 1
8.60099 7.47284 74.9003 21.0299 2.84159 59.619 1.09554 -13 750 1 0 1
15.9406 12.1129 74.9003 5.90522 3.5434 16.096 0.455524 -13 751 1 0 1
11.1018 0.308921 74.9003 23.365 2.02422 64.9598 -0.120394 -13 752 1 0 1
12.2608 0.928317 74.9003 24.5185 -1.06733 60.3534 -0.655829 -13 753 1 0 1
3.17422 -0.808221 74.9003 15.0261 0.187948 69.3884 0.667535 -13 754 1 0 1
8.99757 -0.484249 74.9003 20.3689 -1.42452 73.2255 -1.08498 -13 755 1 0 1
15.6025 -0.988931 74.9003 27.1027 -7.51036 39.2095 0.771087 -13 758 1 0 1
11.1518 4.09098 74.9003 20.135 3.58935 35.4643 -0.44084 -13 762 1 0 1
12.6143 -5.03214 74.9003 25.2272 -5.51038 60.9954 -0.176234 -13 765 1 0 1
14.3734 22.1903 74.9003 19.4301 9.17261 23.246 -0.474621 -13 766 1 0 1
4.41309 -5.04885 74.9003 16.2941 -10.0575 69.4569 -0.692249 -13 770 1 0 1
15.1209 8.11066 74.9003 22.7264 11.1252 48.6684 0.240252 -13 772 1 0 1
6.5889 -2.80772 74.9003 19.1005 -1.30828 56.5695 1.33628 -13 774 1 0 1
11.7924 7.03813 74.9003 23.2904 6.14766 51.6516 2.93627 -13 776 1 0 1
7.20425 -8.2131 74.9003 19.1051 -9.49122 65.462 0.332391 -13 777 1 0 1
6.70361 -8.34635 74.9003 18.8758 -8.59386 66.802 2.04528 -13 779 1 0 1
12.8686 1.92724 74.9003 25.0517 0.468621 62.2923 0.258113 -13 781 1 0 1
11.1565 -7.884 74.9003 23.0543 -7.37303 59.8986 0.88717 -13 782 1 0 1
3.25768 -20.3198 74.9003 15.719 -21.5414 62.8436 -0.496508 -13 784 1 0 1
0.194688 -3.85835 74.9003 9.55696 -8.55715 78.402 0.130513 -13 785 1 0 1
12.2666 -3.75587 74.9003 17.8308 -2.30586 20.7924 1.0657 -13 786 1 0 1
0.0430424 -0.85093 74.9003 12.6694 -1.61476 61.5317 -0.557055 -13 788 1 0 1
6.39343 0.0460626 74.9003 18.6826 0.364182 65.0326 2.55265 -13 792 1 0 1
3.99055 4.8834 74.9003 16.2175 6.25995 67.6477 0.642018 -13 794 1 0 1
2.53863 -8.25969 74.9003 15.103 -7.61533 55.1908 -2.00871 -13 795 1 0 1
7.86472 5.76909 74.9003 20.5915 4.81148 56.3935 0.28635 -13 796 1 0 1
13.1572 15.4003 74.9003 24.8279 17.5265 70.1286 2.34966 -13 798 1 0 1
16.0155 6.00557 74.9003 -4.27812 9.81103 38.3192 1.29237 -13 799 1 0 1
3.29982 4.37537 74.9003 15.9413 5.68593 59.2345 1.57394 -13 800 1 0 1
14.6975 -4.67782 74.9003 26.5238 -6.12806 62.2999 -0.914051 -13 802 1 0 1
15.6449 0.845069 74.9003 28.381 5.35473 62.5717 -1.3416 -13 803 1 0 1
8.52568 -0.800819 74.9003 20.2092 -1.22432 51.3402 1.40533 -13 806 1 0 1
8.82255 -11.9196 74.9003 21.3533 -10.7258 63.8679 0.757317 -13 807 1 0 1
9.69995 11.4578 74.9003 19.4328 6.63057 32.8402 1.93904 -13 808 1 0 1
3.85371 0.0411509 74.9003 16.2326 -0.110507 63.8883 -0.189897 -13 809 1 0 1
7.68881 -2.92454 74.9003 18.8299 -4.75759 75.2582 -0.338414 -13 810 1 0 1
15.3718 3.28483 74.9003 21.4538 0.363302 62.947 0.146591 -13 811 1 0 1
5.75908 -8.54346 74.9003 17.317 -4.37807 39.3582 2.4421 -13 812 1 0 1
10.9981 -5.47719 74.9003 22.6616 -3.23304 57.47 1.09779 -13 814 1 0 1
11.5862 -2.28296 74.9003 22.904 -2.54209 74.2746 1.82514 -13 816 1 0 1
12.4815 1.46718 74.9003 23.3918 3.012 48.6337 -1.329 -13 821 1 0 1
5.13059 4.56036 74.9003 13.2783 2.57335 80.3633 0.950292 -13 822 1 0 1
11.3113 -7.72552 74.9003 22.768 -7.39648 58.0484 0.650947 -13 825 1 0 1
14.9617 8.24412 74.9003 26.6588 9.97454 62.0399 -1.03243 -13 826 1 0 1
7.65969 0.556118 74.9003 20.1425 -1.2154 62.1811 -2.09962 -13 828 1 0 1
13.2369 -9.41625 74.9003 25.0057 -7.10354 56.3227 0.147475 -13 834 1 0 1
9.38152 -11.8841 74.9003 19.9447 -14.8939 75.0178 -0.616499 -13 835 1 0 1
4.39634 8.04808 74.9003 16.7308 6.85187 58.8988 2.79831 -13 840 1 0 1
12.2134 8.39503 74.9003 23.9917 5.75325 55.1216 -1.4451 -13 841 1 0 1
12.7207 -8.91877 74.9003 24.6577 -8.7793 68.8964 -0.632324 -13 842 1 0 1
9.21547 -11.0893 74.9003 20.4496 -15.7017 71.2425 0.822604 -13 843 1 0 1
10.6104 14.5773 74.9003 22.5717 12.7477 55.4915 1.27341 -13 844 1 0 1
8.35707 -1.35031 74.9003 20.3851 -2.78864 53.9915 -0.420675 -13 848 1 0 1
5.46722 -5.32964 74.9003 17.856 -3.60021 52.3855 -1.60746 -13 849 1 0 1
10.5781 6.28077 74.9003 22.6185 4.45221 56.4768 -0.0985355 -13 851 1 0 1
11.6046 7.30358 74.9003 23.4019 6.62257 57.2642 1.46236 -13 853 1 0 1
12.454 0.410805 74.9003 24.0162 -2.18081 66.7589 -0.476318 -13 854 1 0 1
9.86368 8.39232 74.9003 22.098 7.89894 59.4657 0.487881 -13 855 1 0 1
3.33901 -2.53862 74.9003 15.7485 -5.34542 58.34 0.699153 -13 856 1 0 1
13.6748 -3.51191 74.9003 25.7782 -0.501688 61.5521 -0.509758 -13 857 1 0 1
-4.87361 4.78996 74.9003 6.87843 4.34845 66.9083 -2.05123 -13 858 1 0 1
9.30319 -0.673858 74.9003 21.1888 0.276721 50.4573 1.99631 -13 859 1 0 1
6.83477 10.8647 74.9003 18.8621 11.1929 64.6754 1.67942 -13 860 1 0 1
12.3163 -5.57267 74.9003 24.2672 -6.96163 73.6152 -1.48763 -13 861 1 0 1
15.0529 4.038 74.9003 26.8692 6.51533 58.3908 0.287045 -13 862 1 0 1
1.21905 -10.129 74.9003 13.7651 -8.58419 59.7959 0.568834 -13 863 1 0 1
11.2221 3.03125 74.9003 23.255 3.48732 59.1174 -0.238397 -13 864 1 0 1
15.7384 0.402088 74.9003 17.1788 -5.58753 32.3766 2.18904 -13 865 1 0 1
8.8584 1.50277 74.9003 19.4876 0.231559 76.846 -1.30468 -13 868 1 0 1
-2.68378 -13.6898 74.9003 10.3276 -12.6024 61.1043 -0.312513 -13 869 1 0 1
15.6745 -6.79715 74.9003 15.9725 -5.96217 55.2485 -0.823847 -13 871 1 0 1
8.91657 -4.49857 74.9003 20.9841 -3.55496 65.0843 -0.771793 -13 872 1 0 1
9.19024 7.9262 74.9003 21.1529 8.43333 64.8558 2.93609 -13 874 1 0 1
4.53895 -5.1203 74.9003 16.8605 -5.47831 60.8836 0.579714 -13 875 1 0 1
16.6102 7.07114 74.9003 29.6314 2.71316 42.1193 0.344204 -13 876 1 0 1
14.6406 5.09541 74.9003 27.0566 8.57018 64.5394 -1.65246 -13 877 1 0 1
13.7503 9.69971 74.9003 25.5959 12.6627 68.5776 -3.36228 -13 878 1 0 1
6.55704 6.23819 74.9003 19.1178 4.32684 49.4703 1.55427 -13 879 1 0 1
16.2928 -8.65319 74.9003 12.3963 -11.6859 44.7387 1.17382 -13 880 1 0 1
10.8122 12.3139 74.9003 19.5717 6.74919 31.2354 0.0581606 -13 884 1 0 1
16.5094 -0.858607 74.9003 8.28051 -8.95034 58.5927 2.65805 -13 886 1 0 1
-4.1817 2.03253 74.9003 6.45956 1.59205 71.4127 0.833132 -13 887 1 0 1
11.0901 -10.3149 74.9003 22.6666 -8.27155 53.1162 -0.253782 -13 889 1 0 1
7.83052 -4.91619 74.9003 19.732 -2.80369 69.5205 0.750787 -13 892 1 0 1
2.81077 1.57022 74.9003 15.9101 2.7683 58.3778 -1.32435 -13 893 1 0 1
-1.03304 9.92993 74.9003 8.87441 16.5359 72.826 1.82097 -13 895 1 0 1
7.71013 12.243 74.9003 19.8612 13.7541 66.805 -1.36405 -13 896 1 0 1
14.9028 -12.2583 74.9003 26.7915 -9.71676 70.5043 1.45088 -13 903 1 0 1
-0.00791416 2.72871 74.9003 8.95453 4.44055 79.1169 0.407795 -13 905 1 0 1
5.32175 -3.51086 74.9003 18.2874 -2.35937 54.4123 1.60269 -13 906 1 0 1
13.1709 9.25325 74.9003 25.1413 7.62582 63.7895 0.614152 -13 907 1 0 1
14.1885 -13.6591 74.9003 22.0384 -7.94144 34.5287 0.640497 -13 908 1 0 1
13.1705 -10.0824 74.9003 24.9226 -9.16119 70.0829 0.971961 -13 909 1 0 1
5.64891 -5.29449 74.9003 17.2878 -5.98155 68.8871 0.124796 -13 910 1 0 1
10.6734 8.65184 74.9003 20.3386 13.6127 76.434 1.57547 -13 913 1 0 1
-3.43321 7.20431 74.9003 7.60973 11.118 71.4894 1.27461 -13 914 1 0 1
-0.908453 1.19896 74.9003 5.91224 2.62212 80.0127 4.57064 -13 916 1 0 1
0.896394 10.1536 74.9003 11.7292 11.1837 71.6297 2.3095 -13 918 1 0 1
9.86751 3.59138 74.9003 22.1597 2.23148 63.6197 -0.305458 -13 919 1 0 1
4.73979 -2.13887 74.9003 14.7296 -0.521651 78.8809 0.712883 -13 920 1 0 1
5.08015 -10.7482 74.9003 14.3513 -12.2297 78.9644 2.70506 -13 922 1 0 1
7.65405 0.139761 74.9003 19.8561 0.0454733 57.3209 0.162143 -13 923 1 0 1
10.7275 3.10104 74.9003 22.7876 1.76427 65.306 -0.751843 -13 924 1 0 1
5.85741 2.55286 74.9003 16.4223 1.75492 76.3765 1.64048 -13 926 1 0 1
9.11215 -3.67735 74.9003 21.9747 -1.43785 64.8242 0.846897 -13 927 1 0 1
10.8165 3.60029 74.9003 22.9707 3.69482 67.2712 1.62378 -13 930 1 0 1
7.46036 -8.80713 74.9003 19.389 -7.34335 50.4635 2.23094 -13 932 1 0 1
7.21901 3.33397 74.9003 18.4058 4.83816 73.0037 -0.281976 -13 934 1 0 1
4.77676 14.9528 74.9003 17.1055 13.5347 57.7612 1.25665 -13 935 1 0 1
10.7464 -4.04258 74.9003 22.3281 -2.05321 70.5228 0.0648278 -13 938 1 0 1
-0.21309 0.918035 74.9003 12.6663 1.08704 58.7294 -0.228335 -13 939 1 0 1
13.86 4.32952 74.9003 25.4141 4.9059 55.8905 0.284289 -13 940 1 0 1
9.60348 6.92135 74.9003 21.8384 8.69061 64.0418 0.511274 -13 941 1 0 1
15.5091 12.9353 74.9003 20.5927 15.5686 62.0532 1.17899 -13 945 1 0 1
15.4241 8.04789 74.9003 18.7077 11.0397 28.8441 -0.34885 -13 946 1 0 1
4.55979 -2.48108 74.9003 17.6209 -1.97856 54.0296 0.735799 -13 949 1 0 1
10.8946 13.7694 74.9003 23.1811 12.2035 61.656 0.37367 -13 950 1 0 1
13.1847 -3.31998 74.9003 24.0087 -3.68384 49.5875 0.262912 -13 956 1 0 1
0.909081 -1.71953 74.9003 13.8963 -3.42415 57.9647 -0.697543 -13 957 1 0 1
3.52033 -0.250425 74.9003 10.4441 -1.35291 80.0722 -0.525269 -13 958 1 0 1
4.57095 -2.28007 74.9003 15.5448 -3.39322 73.0355 -1.7297 -13 960 1 0 1
11.463 0.0284886 74.9003 23.7837 -0.683223 58.6092 2.27251 -13 964 1 0 1
12.1096 -10.5444 74.9003 23.9098 -10.9839 60.5278 1.73657 -13 965 1 0 1
15.0536 6.56047 74.9003 27.4315 8.52322 49.0713 2.65828 -13 966 1 0 1
-5.70062 -3.50065 74.9003 6.65259 -4.80277 64.8542 -0.725541 -13 968 1 0 1
12.8057 3.52039 74.9003 25.1394 5.83342 63.2991 -0.817879 -13 971 1 0 1
9.90907 5.35615 74.9003 22.2137 5.81949 66.4113 -0.296664 -13 974 1 0 1
6.62961 4.54736 74.9003 18.282 8.66405 72.5432 1.96531 -13 975 1 0 1
5.69691 -1.53209 74.9003 17.0349 -2.92746 71.0163 -1.10936 -13 979 1 0 1
3.45428 -1.48245 74.9003 16.1465 -1.95335 59.1848 -1.05372 -13 980 1 0 1
8.7241 -4.00222 74.9003 20.5652 -5.53881 59.9134 -0.32693 -13 981 1 0 1
12.9106 0.218056 74.9003 24.9848 3.70757 69.3781 0.00544573 -13 983 1 0 1
8.40969 -7.8237 74.9003 20.4799 -6.51284 57.9388 0.0634849 -13 986 1 0 1
17.1843 -4.47439 74.9003 26.9289 2.93031 25.5807 0.632689 -13 990 1 0 1
11.0423 10.8102 74.9003 22.4614 6.73192 48.4251 -1.79909 -13 991 1 0 1
9.4674 9.81868 74.9003 20.4845 5.9762 41.1153 1.3233 -13 992 1 0 1
10.3849 -7.3113 74.9003 22.5351 -7.94646 66.2612 0.554385 -13 996 1 0 1
9.94395 2.83895 74.9003 20.7726 2.37782 46.0817 2.84794 -13 997 1 0 1
12.8685 -5.83149 74.9003 23.0038 -4.34157 44.4849 -0.0997148 -13 1000 1 0 1
