#BLTrackFile NTuple/Z144
#x y z Px Py Pz t PDGid EventID TrackID ParentID Weight
#mm mm mm MeV/c MeV/c MeV/c ns - - - - -
-11.0156 -15.1601 143.789 -3.48003 -7.52211 72.6175 -0.338555 -13 1 1 0 1
1.15144 -4.17858 143.789 3.1122 -2.33032 71.5645 1.71966 -13 3 1 0 1
-4.98188 -2.31674 143.789 -0.487674 -0.649131 75.4028 0.0223768 -13 6 1 0 1
6.96711 -11.8899 143.789 6.86283 -5.1099 61.0937 0.0154686 -13 7 1 0 1
12.7053 -10.5373 143.789 9.67629 -4.51769 66.1633 1.55121 -13 10 1 0 1
14.5554 18.6191 143.789 10.2274 9.61741 71.0227 0.306248 -13 11 1 0 1
-8.01502 -27.3555 143.789 0.121527 -12.5724 59.2558 2.6181 -13 12 1 0 1
-2.59556 23.8023 143.789 2.17196 11.8446 63.7164 0.231086 -13 17 1 0 1
-5.76151 -21.0975 143.789 1.77539 -8.766 52.1946 2.41478 -13 18 1 0 1
10.7897 -18.8353 143.789 8.46714 -8.66998 63.7416 3.83788 -13 20 1 0 1
-4.90038 9.50558 143.789 1.8067 5.14185 56.9146 -0.235049 -13 22 1 0 1
4.95954 6.16983 143.789 5.65704 3.31772 68.3413 0.722218 -13 26 1 0 1
7.68095 -2.74784 143.789 6.94717 0.250256 66.3592 2.32584 -13 27 1 0 1
10.7549 -15.603 143.789 8.32671 -8.31061 72.6597 1.08343 -13 28 1 0 1
-2.77888 13.5622 143.789 1.6522 7.62748 67.0085 1.88094 -13 30 1 0 1
0.367559 3.4531 143.789 2.68343 2.41868 72.0021 0.556436 -13 31 1 0 1
-4.90359 6.35754 143.789 1.24163 3.04276 62.5745 0.41315 -13 32 1 0 1
5.73503 11.9226 143.789 6.11201 7.08707 65.942 -0.233141 -13 36 1 0 1
4.26067 -13.7276 143.789 4.2935 -8.86241 79.7248 -0.669722 -13 37 1 0 1
9.31329 -24.299 143.789 7.80574 -11.284 59.4888 2.38531 -13 38 1 0 1
-2.22985 14.6506 143.789 2.77908 5.67527 51.8885 1.78371 -13 40 1 0 1
-0.384269 0.764668 143.789 2.66236 -0.619344 68.3396 2.1056 -13 42 1 0 1
-11.9843 -7.80214 143.789 9.01433 -8.12895 61.3943 1.12576 -13 43 1 0 1
14.918 4.02058 143.789 10.1128 1.29471 55.8162 1.61039 -13 44 1 0 1
4.42688 -15.3846 143.789 5.0633 -7.68017 67.6656 1.25631 -13 46 1 0 1
9.52017 20.6284 143.789 7.74517 7.98518 59.3652 1.85727 -13 47 1 0 1
-6.98144 11.2464 143.789 -0.615641 6.99025 67.704 1.55297 -13 48 1 0 1
8.48228 -36.1868 143.789 7.26788 -20.1589 67.6122 0.314246 -13 49 1 0 1
0.00239413 7.05558 143.789 2.29143 2.8096 72.8745 0.519878 -13 51 1 0 1
-0.698186 28.8254 143.789 3.67985 12.1724 55.0448 1.06154 -13 52 1 0 1
-1.32644 -10.0865 143.789 1.89933 -5.82715 70.6911 1.73295 -13 55 1 0 1
8.00318 5.14483 143.789 7.33015 3.10767 63.3047 0.474361 -13 58 1 0 1
6.90665 -18.0662 143.789 6.50865 -9.12676 67.4277 2.80854 -13 59 1 0 1
-0.480978 13.7263 143.789 3.2201 6.98346 62.8831 0.0410154 -13 61 1 0 1
7.6413 4.37455 143.789 6.85784 3.31222 69.8282 0.277538 -13 62 1 0 1
7.23904 -0.80918 143.789 6.80874 -0.101034 59.9164 1.04712 -13 64 1 0 1
13.2455 3.48006 143.789 9.68843 1.23961 65.2149 -0.584969 -13 65 1 0 1
3.20842 2.26779 143.789 4.46235 0.925715 71.33 1.26698 -13 66 1 0 1
13.484 -5.79762 143.789 9.80725 -1.90478 60.8312 0.221337 -13 67 1 0 1
13.0511 29.1808 143.789 9.24484 10.8474 52.7785 0.0363488 -13 68 1 0 1
-1.60219 -14.2776 143.789 2.76862 -6.89518 63.0132 0.87705 -13 69 1 0 1
-3.72237 -15.1343 143.789 -0.641271 -11.1072 80.1938 0.995935 -13 70 1 0 1
3.79034 4.8517 143.789 5.62769 1.27939 60.4703 -0.555674 -13 71 1 0 1
2.11399 -0.755295 143.789 3.45464 -1.5591 74.6255 -0.115517 -13 73 1 0 1
13.2914 19.3352 143.789 9.51181 8.49411 57.9335 1.1952 -13 74 1 0 1
8.5659 12.3137 143.789 6.97388 6.30336 74.7668 -2.06312 -13 75 1 0 1
4.30145 -6.39329 143.789 5.42641 -3.88146 57.0421 3.33187 -13 77 1 0 1
-3.90086 -2.00481 143.789 1.77613 -1.47228 60.0472 0.156075 -13 78 1 0 1
11.3221 -7.0402 143.789 8.59698 -3.49598 62.4353 2.33016 -13 79 1 0 1
8.36446 -11.9314 143.789 6.97342 -5.61094 72.2152 0.869633 -13 80 1 0 1
9.74973 18.4061 143.789 7.68709 11.3395 69.4146 0.921704 -13 81 1 0 1
9.82306 4.18838 143.789 8.26625 2.45787 62.2791 2.11653 -13 82 1 0 1
-13.4615 35.708 143.789 -3.55301 18.7377 67.3016 0.900398 -13 83 1 0 1
8.0867 -0.306255 143.789 6.95422 -0.615159 75.374 1.95228 -13 85 1 0 1
11.1812 -12.0076 143.789 8.65931 -7.82437 67.5768 0.683066 -13 86 1 0 1
5.70979 -25.3665 143.789 6.32727 -9.88237 49.8805 1.90672 -13 87 1 0 1
-3.55444 -12.0596 143.789 1.22708 -6.00352 68.1676 0.462651 -13 88 1 0 1
12.9771 -4.43048 143.789 9.3328 -1.20661 61.659 0.344888 -13 89 1 0 1
8.58797 9.16415 143.789 7.52002 4.2756 65.4163 0.706172 -13 90 1 0 1
-13.1484 -7.1221 143.789 -2.77706 -3.63529 64.3345 1.78064 -13 91 1 0 1
12.7521 44.9817 143.789 8.98117 17.4933 52.1437 -0.297629 -13 94 1 0 1
12.6893 4.13807 143.789 9.47853 2.55647 69.9311 0.924153 -13 95 1 0 1
10.0252 19.3474 143.789 7.99121 9.58425 60.4286 -0.867735 -13 96 1 0 1
4.06614 -3.59997 143.789 5.75402 -0.296255 56.8929 -0.0587265 -13 97 1 0 1
4.93167 -5.26411 143.789 5.63697 -1.66839 67.2353 1.32089 -13 98 1 0 1
-0.752383 21.6674 143.789 3.06362 10.2111 62.9492 1.42794 -13 99 1 0 1
12.4554 4.25515 143.789 9.13857 1.92766 66.779 0.806956 -13 102 1 0 1
-2.74677 14.0632 143.789 2.51702 7.99653 60.2863 -0.507279 -13 105 1 0 1
-13.6274 -6.43115 143.789 -2.65129 -2.92806 60.365 1.23276 -13 106 1 0 1
3.87943 -13.2578 143.789 4.72634 -7.06027 70.2218 -0.180345 -13 107 1 0 1
-0.306914 23.2466 143.789 -10.9696 11.0273 31.6125 0.341813 -13 108 1 0 1
15.1606 5.91868 143.789 -4.40543 -3.04776 51.5506 1.88787 -13 109 1 0 1
-3.31956 3.8431 143.789 0.440221 2.34506 72.7397 0.594681 -13 110 1 0 1
-4.75296 -10.6218 143.789 -0.754404 -4.95626 77.2749 0.530567 -13 111 1 0 1
-10.6244 -5.7066 143.789 -3.33651 -3.18357 72.9194 1.36592 -13 116 1 0 1
4.07709 5.20964 143.789 5.29133 2.58983 55.3084 0.651735 -13 117 1 0 1
4.28641 5.81221 143.789 5.0398 3.57775 70.4673 1.36631 -13 119 1 0 1
-10.9357 1.96316 143.789 -0.320754 1.04141 50.0651 0.896712 -13 120 1 0 1
-6.11235 -6.18159 143.789 -1.43631 -2.94346 77.2479 1.4436 -13 122 1 0 1
3.39805 -21.7217 143.789 4.63981 -11.0518 70.5559 1.61357 -13 123 1 0 1
-2.04773 -2.66258 143.789 0.36969 -3.16857 79.1018 1.75121 -13 126 1 0 1
14.0885 19.5641 143.789 9.85442 8.00819 59.3239 -0.146309 -13 127 1 0 1
8.1986 -8.65753 143.789 7.32938 -5.2168 64.395 1.22823 -13 128 1 0 1
9.52659 12.3798 143.789 7.61348 6.374 68.7318 0.3978 -13 131 1 0 1
11.4057 4.25304 143.789 8.53769 1.07339 69.6023 1.69584 -13 135 1 0 1
-4.27662 -5.81251 143.789 1.40574 -3.03755 63.1587 2.40311 -13 137 1 0 1
-0.159371 27.2079 143.789 3.69715 11.5129 55.2915 1.27951 -13 140 1 0 1
11.7832 15.9807 143.789 8.54211 7.02693 51.9061 0.896639 -13 141 1 0 1
-13.2343 -6.95017 143.789 -4.20882 -4.00086 71.3464 -0.0332195 -13 143 1 0 1
3.69943 -4.49267 143.789 5.12194 -2.23016 65.2369 -0.353336 -13 147 1 0 1
-6.56921 -16.6246 143.789 -0.530382 -7.45775 69.782 1.07006 -13 148 1 0 1
13.9206 22.7892 143.789 10.021 11.4008 64.7527 0.676665 -13 150 1 0 1
10.0096 -4.12879 143.789 8.15419 -2.1461 64.032 2.96044 -13 152 1 0 1
-2.2431 -14.0853 143.789 1.95872 -8.3106 67.7565 0.318466 -13 153 1 0 1
-8.83229 -16.1453 143.789 -3.43462 -9.52887 78.2709 -1.35441 -13 154 1 0 1
-12.9647 7.88864 143.789 -3.26966 3.51252 66.4185 -0.642987 -13 155 1 0 1
-0.613796 1.3804 143.789 3.19097 1.3304 62.4382 0.727348 -13 157 1 0 1
1.77462 6.96964 143.789 2.26659 2.99978 79.4268 2.03156 -13 158 1 0 1
-4.8234 16.9213 143.789 1.88571 6.56178 56.3202 0.229879 -13 159 1 0 1
-12.0346 8.30341 143.789 0.342412 2.41705 40.7667 0.554128 -13 162 1 0 1
-4.74219 12.658 143.789 0.337205 7.79935 70.2728 -0.960161 -13 163 1 0 1
8.78878 -9.97949 143.789 7.4189 -5.8086 66.2007 0.822085 -13 164 1 0 1
-4.16171 15.1151 143.789 -1.28207 9.4506 78.8911 1.79337 -13 168 1 0 1
-7.05766 -6.91026 143.789 -0.594321 -3.90791 67.7867 0.086007 -13 170 1 0 1
5.9686 9.10135 143.789 6.34227 3.17882 56.575 0.453382 -13 172 1 0 1
14.3662 10.2786 143.789 10.4202 3.72159 68.1776 0.986306 -13 174 1 0 1
-1.83141 -15.0474 143.789 3.5095 -6.15492 48.6412 0.762896 -13 176 1 0 1
12.7602 -10.7892 143.789 8.93627 -3.75346 52.0194 0.300841 -13 178 1 0 1
-3.3833 -6.16971 143.789 2.99226 -1.80536 39.1384 -0.352122 -13 181 1 0 1
-10.1394 6.27411 143.789 0.992721 2.19417 40.8619 0.174638 -13 182 1 0 1
-2.67492 -14.3941 143.789 2.49535 -7.15636 60.2362 0.0162057 -13 185 1 0 1
13.3132 1.39023 143.789 9.85602 2.25314 70.8598 1.85838 -13 188 1 0 1
-13.515 -9.0261 143.789 -6.45399 -5.5765 79.7731 0.860593 -13 189 1 0 1
-9.0838 8.44234 143.789 -0.28939 3.89075 59.9197 2.70707 -13 191 1 0 1
0.284835 7.13528 143.789 1.42975 5.77782 80.1994 1.52157 -13 192 1 0 1
-10.2962 -5.84393 143.789 0.99768 -2.41858 39.0552 0.084679 -13 193 1 0 1
8.48256 25.8871 143.789 7.32446 14.0513 68.6342 0.487528 -13 194 1 0 1
8.22284 -0.189873 143.789 7.316 -0.0209561 59.9972 3.05647 -13 195 1 0 1
14.2691 -4.67346 143.789 9.16509 -4.43833 80.075 3.24812 -13 196 1 0 1
-5.8026 18.8822 143.789 0.795209 8.72267 63.236 -0.148564 -13 197 1 0 1
-14.3049 31.1343 143.789 -2.12298 12.1521 57.2956 -0.772954 -13 199 1 0 1
-2.35632 -9.93976 143.789 2.89169 -3.35935 50.9391 1.55774 -13 200 1 0 1
1.04771 38.0885 143.789 4.16107 15.783 57.8855 -0.0275979 -13 202 1 0 1
2.51104 2.10508 143.789 4.61016 0.289743 62.0476 1.04676 -13 203 1 0 1
8.42958 4.95707 143.789 7.00422 0.930578 49.5849 2.33074 -13 205 1 0 1
-11.1908 -23.1753 143.789 -0.979546 -9.9628 57.4612 -0.240506 -13 207 1 0 1
-4.88908 31.6728 143.789 -0.221067 17.0862 72.6458 2.80755 -13 212 1 0 1
1.04996 17.899 143.789 2.97186 9.29198 75.2646 1.73111 -13 214 1 0 1
0.436105 -16.8083 143.789 2.74358 -10.5557 71.827 2.46283 -13 215 1 0 1
9.86585 1.08023 143.789 7.84151 0.655923 69.6282 1.87628 -13 216 1 0 1
-1.40221 -6.8513 143.789 1.3088 -3.9121 77.8023 0.74867 -13 219 1 0 1
9.39214 2.84792 143.789 7.6512 0.719336 71.8408 3.12443 -13 220 1 0 1
0.41901 19.0222 143.789 2.91978 10.4892 72.2423 -0.0411713 -13 222 1 0 1
-11.8094 3.67752 143.789 -2.11439 2.50232 62.0931 1.83654 -13 223 1 0 1
-8.42668 -0.724492 143.789 -0.430299 0.0497981 62.7713 0.360353 -13 224 1 0 1
13.3815 26.031 143.789 9.2251 10.7026 53.3736 0.628742 -13 226 1 0 1
-3.03378 -14.2114 143.789 2.0911 -6.90085 62.2996 0.8626 -13 227 1 0 1
6.04076 1.86514 143.789 5.08273 0.913908 78.2789 -1.18003 -13 228 1 0 1
-10.3701 1.67392 143.789 -3.2374 -0.190353 72.5063 1.01492 -13 229 1 0 1
-12.1903 -3.24841 143.789 -2.75641 -1.96881 65.784 -0.653725 -13 233 1 0 1
8.43056 -3.17864 143.789 -12.6308 -12.451 44.2877 0.24681 -13 234 1 0 1
15.5399 -11.4764 143.789 10.3524 5.31209 57.8492 1.04785 -13 235 1 0 1
-10.359 -13.3405 143.789 -1.66427 -7.46944 65.0561 2.099 -13 236 1 0 1
5.38738 3.47337 143.789 5.89007 1.44582 62.7148 0.929951 -13 238 1 0 1
-12.6011 -3.72684 143.789 -3.96249 -0.708499 70.8581 2.0626 -13 239 1 0 1
-0.134846 -5.66253 143.789 3.63944 -3.46115 58.8188 2.71402 -13 242 1 0 1
10.0956 8.35612 143.789 7.76859 4.65093 75.6332 1.43638 -13 244 1 0 1
6.47848 11.8355 143.789 6.16798 7.50034 70.4549 0.601764 -13 246 1 0 1
12.4928 -11.0698 143.789 9.13736 -4.1998 60.5536 0.553399 -13 247 1 0 1
0.268524 -12.1536 143.789 3.18575 -6.01826 67.9663 1.49537 -13 248 1 0 1
14.4699 -21.1554 143.789 10.2087 -10.8095 67.5966 -0.668972 -13 250 1 0 1
9.58464 25.3831 143.789 7.58875 14.3061 70.5685 -0.539192 -13 253 1 0 1
3.66391 7.70693 143.789 4.07866 5.51077 77.432 0.720846 -13 255 1 0 1
-0.390483 7.95918 143.789 3.63403 3.19566 53.6682 0.0277052 -13 256 1 0 1
10.3395 -31.188 143.789 7.48874 -10.3232 42.3305 0.891186 -13 257 1 0 1
9.12616 -1.07035 143.789 7.58768 -1.03626 63.0846 0.995533 -13 258 1 0 1
2.17007 0.958773 143.789 3.84466 -0.464373 72.6429 0.502597 -13 260 1 0 1
0.136978 13.3916 143.789 3.5587 5.87296 60.1218 -0.227166 -13 261 1 0 1
15.015 1.08849 143.789 8.35991 2.71615 62.2399 2.98529 -13 262 1 0 1
6.03332 -10.1481 143.789 6.11322 -3.91563 50.4858 0.800917 -13 264 1 0 1
14.4354 4.78294 143.789 10.4036 1.61787 70.0915 1.41105 -13 266 1 0 1
0.759306 3.63944 143.789 3.6779 0.382671 63.6452 0.576269 -13 267 1 0 1
-5.49065 7.35705 143.789 -1.35919 2.6632 78.1705 1.25443 -13 269 1 0 1
-3.41521 -6.20726 143.789 1.77961 -4.08257 64.1172 2.13411 -13 270 1 0 1
9.77079 -24.0613 143.789 7.99127 -11.3735 61.4259 2.48925 -13 272 1 0 1
-13.51 6.86956 143.789 -1.54115 2.45551 55.0224 3.78465 -13 273 1 0 1
13.4963 0.567046 143.789 9.82823 1.24836 67.0111 -1.18543 -13 274 1 0 1
14.4284 4.59746 143.789 9.99047 1.53513 60.8009 1.14239 -13 280 1 0 1
5.44594 -7.59576 143.789 5.56206 -3.02574 66.5219 -0.441437 -13 281 1 0 1
4.68117 27.0709 143.789 5.61298 10.2163 47.5913 0.242495 -13 282 1 0 1
-2.69858 11.4599 143.789 2.82966 3.30791 53.1032 0.639802 -13 284 1 0 1
-10.836 -9.48035 143.789 -2.58583 -2.3522 69.5972 -0.623366 -13 286 1 0 1
3.28115 0.399193 143.789 5.07049 -0.673352 51.8275 -0.603035 -13 287 1 0 1
-2.44478 21.5244 143.789 0.609635 12.5042 77.487 1.24087 -13 289 1 0 1
11.0589 -17.1494 143.789 8.17975 -10.1563 74.4727 1.24288 -13 291 1 0 1
-0.572979 6.42277 143.789 2.21743 4.05199 73.187 0.532197 -13 292 1 0 1
-4.41548 4.4721 143.789 1.07807 1.96292 65.5168 0.938589 -13 295 1 0 1
-12.2213 7.73211 143.789 -1.66434 3.31682 59.5824 0.639868 -13 296 1 0 1
11.2374 4.08284 143.789 8.65866 1.11494 66.9133 -1.02202 -13 298 1 0 1
-8.82684 11.7507 143.789 -0.576395 4.70288 62.9259 0.108481 -13 301 1 0 1
-7.2289 12.4007 143.789 -0.0498007 6.90351 63.7432 1.10637 -13 302 1 0 1
4.55892 3.57678 143.789 5.56933 2.80673 62.3134 0.886422 -13 303 1 0 1
2.93811 13.5818 143.789 4.5363 7.56421 65.6604 1.38293 -13 304 1 0 1
-0.779198 -7.72063 143.789 2.77518 -4.60412 66.7625 -0.202406 -13 306 1 0 1
5.44269 -28.8482 143.789 5.61363 -16.3972 68.1828 -0.465885 -13 307 1 0 1
-1.74368 -25.2527 143.789 1.5469 -13.6443 72.8274 0.882937 -13 308 1 0 1
1.7278 16.4678 143.789 4.00942 8.20611 66.1012 -0.0145844 -13 309 1 0 1
-8.28186 3.62127 143.789 -1.70909 2.41524 71.7927 0.63658 -13 312 1 0 1
-7.76377 21.8736 143.789 -1.51918 11.4396 72.107 1.73346 -13 313 1 0 1
-7.24103 5.10529 143.789 -0.971092 2.68552 68.2033 0.22918 -13 314 1 0 1
13.3084 -44.0757 143.789 9.08866 -16.6965 50.1845 -0.219512 -13 316 1 0 1
-3.54436 -19.5002 143.789 1.68054 -9.65596 63.9664 1.60748 -13 317 1 0 1
6.81521 -5.22589 143.789 6.40914 -2.04119 68.9651 -0.608156 -13 318 1 0 1
0.294471 13.9672 143.789 2.72654 8.70097 70.1491 2.81361 -13 319 1 0 1
-5.88316 6.10425 143.789 -2.80198 4.12387 80.0623 2.59462 -13 322 1 0 1
12.1983 14.913 143.789 9.25416 7.34684 65.251 0.148863 -13 324 1 0 1
10.9603 -9.48394 143.789 8.48279 -5.44422 72.1355 0.760763 -13 325 1 0 1
-11.0768 -4.34202 143.789 -1.30121 -3.93796 59.5341 -0.645522 -13 328 1 0 1
3.21475 18.5049 143.789 4.66062 10.0503 68.5786 1.88725 -13 329 1 0 1
-13.3531 11.6112 143.789 -4.54119 4.36558 72.0592 -0.800091 -13 331 1 0 1
14.9584 10.65 143.789 7.02148 2.62385 26.7335 0.391205 -13 332 1 0 1
-7.62631 -11.4763 143.789 -0.278861 -5.39078 65.9245 1.13638 -13 334 1 0 1
4.2939 -20.0144 143.789 4.80916 -9.94789 68.5505 0.122016 -13 336 1 0 1
7.92626 -19.1208 143.789 6.82204 -6.76827 49.6495 1.32636 -13 339 1 0 1
11.6174 15.261 143.789 8.98647 8.32174 68.8078 0.981717 -13 340 1 0 1
12.4429 -4.66162 143.789 -14.2472 -24.6766 42.3342 0.713702 -13 341 1 0 1
-1.01559 11.5427 143.789 1.79582 6.98532 73.5736 1.36201 -13 342 1 0 1
8.67774 -12.3043 143.789 7.49931 -6.86798 61.7852 0.459444 -13 343 1 0 1
1.33461 1.24753 143.789 3.72447 1.30796 69.0092 -0.0799889 -13 345 1 0 1
-2.18171 3.00073 143.789 1.98808 1.59853 68.5014 -0.0677954 -13 347 1 0 1
6.89823 11.5789 143.789 6.71489 5.88213 52.1068 0.415513 -13 348 1 0 1
14.079 -7.84191 143.789 10.0794 -3.54612 64.9889 1.56651 -13 350 1 0 1
-3.02009 12.5957 143.789 1.19281 6.04251 70.3065 -0.790997 -13 352 1 0 1
0.42684 12.609 143.789 3.53602 5.73552 65.8103 0.552982 -13 353 1 0 1
6.40271 16.6883 143.789 6.3268 5.88119 53.636 1.29432 -13 354 1 0 1
-8.97774 15.5904 143.789 -2.68308 8.85315 73.978 0.260408 -13 355 1 0 1
10.5085 3.42841 143.789 7.24961 1.52712 42.1251 1.08386 -13 357 1 0 1
-7.40362 -8.48381 143.789 -1.76981 -4.61605 75.3647 0.111582 -13 360 1 0 1
11.5185 3.52048 143.789 8.42388 2.87334 76.9303 0.582609 -13 361 1 0 1
-14.4512 8.71891 143.789 -3.72355 3.31494 65.3268 -1.99489 -13 362 1 0 1
2.07556 10.1487 143.789 3.3803 6.47066 75.2596 0.412236 -13 363 1 0 1
6.52354 -10.0492 143.789 6.12301 -4.3789 64.6754 1.0313 -13 364 1 0 1
-3.12602 12.0803 143.789 2.82685 4.84946 47.5509 -0.919756 -13 365 1 0 1
0.224659 13.4461 143.789 3.48155 7.0384 64.8734 1.33817 -13 368 1 0 1
6.6924 -3.77013 143.789 6.61469 -0.912657 60.1772 -0.268617 -13 369 1 0 1
-14.9647 2.48876 143.789 -5.55439 1.05844 72.6588 1.59739 -13 370 1 0 1
4.3172 -9.72107 143.789 5.53423 -4.32668 66.0376 3.16848 -13 371 1 0 1
10.0621 -21.0449 143.789 8.10031 -9.61988 53.011 1.71836 -13 372 1 0 1
-7.86042 -14.0565 143.789 -0.46712 -7.21086 64.773 1.48788 -13 373 1 0 1
-10.0544 -0.415038 143.789 -3.62747 0.32094 76.7018 1.34414 -13 374 1 0 1
-3.95198 19.7604 143.789 11.8533 11.5505 37.9559 -0.517634 -13 375 1 0 1
-8.2301 -28.5064 143.789 -1.23883 -14.5811 68.6572 1.24149 -13 376 1 0 1
2.01753 -31.5259 143.789 3.96241 -16.6172 66.7841 1.42465 -13 379 1 0 1
-4.42603 -43.4641 143.789 2.92294 -14.2492 42.0707 0.363625 -13 380 1 0 1
3.47152 -7.36369 143.789 4.94335 -4.71648 67.3105 2.55144 -13 385 1 0 1
5.53052 -5.12842 143.789 5.82467 -3.05892 69.6779 2.69065 -13 386 1 0 1
-10.0899 -5.82371 143.789 -2.84178 -3.67996 72.5319 0.867861 -13 387 1 0 1
12.3058 -0.864944 143.789 8.69996 -0.0794426 51.3835 0.17168 -13 388 1 0 1
-6.27615 3.28666 143.789 0.567647 1.21217 63.9176 1.55416 -13 390 1 0 1
-6.01292 -1.44905 143.789 1.46344 -1.73298 54.3464 1.11011 -13 392 1 0 1
2.72399 24.2667 143.789 4.64619 10.3218 60.4052 0.0326026 -13 394 1 0 1
-1.78461 24.0166 143.789 1.44914 14.4196 74.3846 -0.91916 -13 395 1 0 1
7.99093 -5.27498 143.789 7.01027 -3.01046 66.4911 1.64902 -13 398 1 0 1
5.22836 -22.6746 143.789 5.34554 -11.2511 70.7387 2.80382 -13 399 1 0 1
11.9656 9.0675 143.789 9.07314 6.24923 64.1848 0.777767 -13 400 1 0 1
-10.4422 11.0108 143.789 -0.796775 4.52459 57.96 0.569804 -13 402 1 0 1
4.37634 -46.209 143.789 5.40449 -24.4815 67.4213 1.0232 -13 403 1 0 1
13.1126 -14.9378 143.789 9.64728 -8.31173 65.5905 2.00798 -13 404 1 0 1
0.910979 -14.8368 143.789 3.8432 -7.79235 60.0769 0.264291 -13 406 1 0 1
1.62469 -12.9968 143.789 4.06556 -5.70204 65.9451 2.07632 -13 407 1 0 1
-4.13859 -11.7471 143.789 -0.126743 -6.62229 76.1411 -1.84658 -13 410 1 0 1
3.52967 16.2491 143.789 5.35867 4.14189 43.2175 1.62114 -13 411 1 0 1
2.42829 -19.3321 143.789 4.26252 -9.7338 66.7152 2.04962 -13 412 1 0 1
-11.1322 9.50702 143.789 -4.66121 4.92327 78.7615 0.802596 -13 413 1 0 1
3.4127 1.25243 143.789 4.60946 -0.156489 69.5589 2.23818 -13 418 1 0 1
4.42744 -17.0199 143.789 4.92555 -10.2339 73.3058 0.304146 -13 421 1 0 1
3.21201 5.7285 143.789 4.99832 3.18287 64.0442 0.744556 -13 425 1 0 1
-3.27946 6.53747 143.789 0.309031 4.68996 74.2327 -0.68546 -13 426 1 0 1
-2.71766 22.6258 143.789 1.87838 12.0977 65.348 1.18241 -13 428 1 0 1
7.0586 -9.64137 143.789 6.00698 -5.67076 75.6761 2.61805 -13 431 1 0 1
15.0679 9.69827 143.789 4.66186 11.0178 64.9363 2.72304 -13 432 1 0 1
4.22047 -20.0908 143.789 4.91054 -11.7601 69.5519 2.14137 -13 433 1 0 1
11.6669 -0.907495 143.789 8.81848 -0.184876 66.669 -1.53754 -13 437 1 0 1
2.16819 0.542366 143.789 4.94083 0.365622 54.9313 2.83484 -13 438 1 0 1
5.88854 -25.7671 143.789 6.05274 -11.4631 62.7055 -0.317597 -13 439 1 0 1
-8.26226 0.358928 143.789 -1.7928 0.0650302 71.8774 2.10201 -13 441 1 0 1
-5.24277 -2.2929 143.789 0.712014 0.157821 65.7747 0.641069 -13 442 1 0 1
14.226 5.48718 143.789 9.82356 3.53631 56.2093 1.90215 -13 443 1 0 1
-2.31233 -13.9103 143.789 1.80849 -6.00189 69.203 -0.803864 -13 446 1 0 1
2.84631 5.60449 143.789 4.37221 3.65751 70.5663 -1.26294 -13 448 1 0 1
5.675 -0.301482 143.789 6.02013 -0.562898 52.5321 0.712712 -13 449 1 0 1
12.5981 4.70349 143.789 8.93108 1.73949 80.7055 0.761501 -13 451 1 0 1
4.35121 -4.82447 143.789 5.46807 -2.78888 67.2808 1.85463 -13 452 1 0 1
-3.43805 6.93003 143.789 2.89544 2.43583 50.6591 2.28082 -13 454 1 0 1
-6.45612 31.3757 143.789 -9.29162 13.9978 28.7282 2.00311 -13 457 1 0 1
-2.42174 3.91858 143.789 1.88878 2.56127 65.5536 0.617293 -13 460 1 0 1
-4.90567 8.61154 143.789 0.860966 4.89597 66.4463 1.11854 -13 461 1 0 1
11.854 -4.16816 143.789 8.96237 -1.97164 68.5529 2.22885 -13 463 1 0 1
-3.19449 35.3959 143.789 3.12766 10.1338 38.2508 0.348076 -13 465 1 0 1
15.3256 -6.78098 143.789 -0.18163 -25.3211 34.4096 0.0355325 -13 468 1 0 1
4.53754 31.5458 143.789 5.69697 11.6584 49.8741 1.40924 -13 469 1 0 1
15.1964 -13.4029 143.789 8.19051 -1.00846 56.9702 0.328492 -13 470 1 0 1
4.16367 -9.33367 143.789 5.64786 -3.98811 54.8178 0.2739 -13 473 1 0 1
11.3037 13.0244 143.789 8.81085 7.58927 71.7432 2.31663 -13 475 1 0 1
10.9856 25.0664 143.789 8.87953 11.5549 66.2521 -0.498758 -13 477 1 0 1
2.46114 -12.5663 143.789 4.42709 -5.46094 61.6313 -0.960461 -13 478 1 0 1
12.803 -19.3043 143.789 8.45498 -7.28126 44.5529 1.44672 -13 482 1 0 1
-10.2005 0.813863 143.789 -2.18978 -0.0859482 67.6712 -0.47867 -13 484 1 0 1
8.90308 -27.93 143.789 7.48911 -12.9152 57.5423 3.62652 -13 486 1 0 1
13.2089 17.6557 143.789 8.13524 6.86179 41.329 2.46576 -13 489 1 0 1
2.15044 -26.6231 143.789 4.50907 -13.2669 62.2478 -0.973938 -13 490 1 0 1
13.1968 7.84203 143.789 9.63848 2.85417 69.4255 1.6425 -13 491 1 0 1
13.7727 10.755 143.789 9.74529 5.88604 60.7539 2.02985 -13 492 1 0 1
3.54558 -7.54675 143.789 5.45997 -3.56666 59.4626 1.88508 -13 493 1 0 1
14.5061 8.57188 143.789 10.1321 4.26573 63.6585 1.09764 -13 497 1 0 1
-3.36451 12.9159 143.789 1.21579 6.84898 69.0047 0.363607 -13 498 1 0 1
12.8967 8.75631 143.789 8.83943 2.66832 51.5835 0.120697 -13 499 1 0 1
10.9397 11.5769 143.789 8.05538 6.10434 78.9766 0.434659 -13 501 1 0 1
3.60855 -30.4683 143.789 4.90973 -14.2143 68.2795 -0.827142 -13 503 1 0 1
2.71623 8.55347 143.789 4.33759 4.68816 66.2277 1.09933 -13 504 1 0 1
-10.0063 -5.39205 143.789 -4.29281 -3.75389 79.2524 1.99707 -13 506 1 0 1
-11.0702 15.7284 143.789 -1.36273 6.93591 60.9582 1.99857 -13 510 1 0 1
-7.229 -7.71337 143.789 0.366096 -3.19955 58.7696 0.454674 -13 512 1 0 1
-2.61713 0.395015 143.789 2.52358 0.233987 55.2658 -2.58631 -13 514 1 0 1
0.164269 7.20623 143.789 3.69226 4.18256 56.6317 -1.06867 -13 516 1 0 1
4.2082 -6.37429 143.789 4.88246 -4.33056 72.154 -0.377494 -13 517 1 0 1
10.6597 1.35703 143.789 8.57934 1.08223 64.7165 1.6099 -13 518 1 0 1
-14.5332 4.09893 143.789 -6.82339 1.92401 78.5283 0.635654 -13 519 1 0 1
9.51222 -12.782 143.789 8.02867 -6.62827 60.1448 3.35595 -13 520 1 0 1
-3.02743 -20.3479 143.789 1.39485 -10.0988 69.8113 -0.715818 -13 521 1 0 1
5.49557 8.96846 143.789 4.67627 5.15829 80.4323 1.60481 -13 522 1 0 1
-7.89583 11.6496 143.789 -1.18714 5.36026 70.0059 1.62069 -13 523 1 0 1
11.3099 -6.66539 143.789 8.78002 -1.30151 61.4777 1.54043 -13 524 1 0 1
-11.6493 -1.51982 143.789 -3.7666 0.394028 72.2317 0.780558 -13 526 1 0 1
-2.75844 24.4529 143.789 2.40217 10.8637 59.1517 1.86709 -13 527 1 0 1
-1.22065 8.23948 143.789 3.44634 3.24436 54.6009 3.56903 -13 528 1 0 1
8.31819 9.46653 143.789 7.37469 4.67586 66.7998 0.16229 -13 530 1 0 1
10.3892 9.79137 143.789 8.39089 4.6271 58.519 1.83082 -13 531 1 0 1
1.56242 -39.5021 143.789 4.25555 -8.74421 29.867 4.74826 -13 533 1 0 1
10.2607 20.1307 143.789 8.05627 12.0986 68.9048 -2.07522 -13 535 1 0 1
0.556131 20.1915 143.789 2.95075 11.3175 70.5673 1.69256 -13 541 1 0 1
14.578 8.55907 143.789 10.3595 4.83132 67.0653 0.775354 -13 542 1 0 1
-4.28503 -46.9065 143.789 0.768407 -24.5675 68.4208 1.91532 -13 545 1 0 1
8.07656 32.448 143.789 7.00713 12.8569 51.3393 0.220215 -13 547 1 0 1
12.5332 14.1071 143.789 9.11291 7.48977 60.9492 3.07826 -13 548 1 0 1
-14.8556 -8.2328 143.789 -2.91175 -4.08637 59.5416 1.05947 -13 553 1 0 1
-13.1023 -4.87105 143.789 -3.21901 -2.87154 65.558 -0.232649 -13 554 1 0 1
0.118267 19.6972 143.789 3.70349 8.10732 56.4146 1.35362 -13 556 1 0 1
-0.0673292 -7.58895 143.789 3.42674 -4.10557 62.0022 -1.80348 -13 558 1 0 1
-8.7158 21.1913 143.789 0.212965 9.40844 55.629 2.13654 -13 565 1 0 1
-13.9438 -15.7093 143.789 2.55816 -19.5828 56.4834 1.50623 -13 566 1 0 1
-5.40628 -8.23346 143.789 1.75658 -2.85148 53.4068 1.09146 -13 567 1 0 1
2.62591 14.3858 143.789 4.2428 8.1192 71.4132 0.90669 -13 568 1 0 1
8.81276 -12.0528 143.789 7.43091 -5.71837 61.3295 2.59989 -13 569 1 0 1
10.0918 -14.9316 143.789 7.94484 -5.24264 51.9214 -1.50003 -13 570 1 0 1
7.08326 -12.521 143.789 6.25397 -7.85958 75.1442 0.560146 -13 572 1 0 1
-7.66374 -5.7215 143.789 -0.844233 -4.18416 68.9601 2.68802 -13 573 1 0 1
-7.94504 41.7212 143.789 0.204147 18.9225 58.327 -0.117383 -13 574 1 0 1
9.80379 2.73143 143.789 7.89039 1.41759 69.5972 0.920278 -13 575 1 0 1
3.19212 3.00036 143.789 4.63687 0.0445411 68.6225 -0.149224 -13 576 1 0 1
12.1375 -8.41275 143.789 9.01548 -2.63029 65.2346 -1.20395 -13 577 1 0 1
-5.55241 25.635 143.789 -0.356339 13.9928 72.1849 2.669 -13 578 1 0 1
-13.0883 10.7134 143.789 3.06107 -0.727237 34.6 2.35995 -13 580 1 0 1
13.7486 -0.653643 143.789 9.96989 -0.810294 70.7709 0.288565 -13 583 1 0 1
4.29244 -13.2487 143.789 5.13921 -7.18957 65.0242 -1.27847 -13 585 1 0 1
12.4193 -21.3214 143.789 9.21652 -11.8258 70.7209 2.91653 -13 586 1 0 1
-11.1101 28.4171 143.789 -3.59483 16.4764 72.9738 1.08978 -13 587 1 0 1
4.24924 10.8696 143.789 -22.679 22.2787 54.9216 -1.32638 -13 588 1 0 1
6.05909 7.44144 143.789 5.95727 3.44412 70.3493 -0.510775 -13 589 1 0 1
-15.6081 -23.2987 143.789 20.4897 -14.4039 41.2084 -0.138303 -13 590 1 0 1
-9.55067 -0.677538 143.789 -3.6695 0.439366 78.222 3.27498 -13 591 1 0 1
1.12512 -1.66091 143.789 3.53472 -1.32483 71.4485 -1.88449 -13 592 1 0 1
12.4132 6.06889 143.789 9.42031 1.54264 63.7271 2.72753 -13 593 1 0 1
-12.8021 0.39436 143.789 -2.95967 -0.44761 63.8 1.03144 -13 594 1 0 1
14.2772 -4.98059 143.789 10.0191 -1.55372 63.2224 1.37604 -13 595 1 0 1
5.42377 -18.1282 143.789 4.55365 -11.2636 80.6082 -1.03092 -13 598 1 0 1
-2.28033 -1.80105 143.789 3.28318 -0.628949 47.0938 -0.576839 -13 599 1 0 1
9.60976 -23.5816 143.789 7.65789 -8.92879 50.2677 1.50187 -13 600 1 0 1
10.4222 -13.6928 143.789 8.44529 -6.40124 64.0101 1.43138 -13 602 1 0 1
2.3734 -49.0856 143.789 4.84992 -20.4936 57.3551 0.938692 -13 605 1 0 1
-8.81351 8.31482 143.789 -1.36146 5.95108 67.2971 -0.884244 -13 610 1 0 1
1.38378 0.184302 143.789 4.41221 -0.701456 54.2292 1.82561 -13 611 1 0 1
10.9176 -11.8193 143.789 8.7034 -6.50405 64.1242 0.51275 -13 614 1 0 1
-11.9924 -9.21077 143.789 -3.84355 -6.37617 73.5662 1.56989 -13 615 1 0 1
12.295 11.2168 143.789 9.04691 7.17591 77.7898 0.512679 -13 616 1 0 1
2.61577 -14.0462 143.789 4.49964 -6.17436 64.0392 0.127795 -13 617 1 0 1
1.78776 47.5361 143.789 4.48275 20.4581 56.4871 -0.117874 -13 618 1 0 1
-4.03891 6.09688 143.789 -0.520633 3.3729 78.0181 -1.47992 -13 620 1 0 1
12.267 -10.1352 143.789 9.07024 -3.28627 59.4895 1.54771 -13 621 1 0 1
7.35203 0.266813 143.789 6.98684 1.23561 60.4145 0.564011 -13 623 1 0 1
11.4914 17.9321 143.789 8.79643 6.80979 58.9657 0.0295446 -13 625 1 0 1
15.2134 5.20762 143.789 1.69058 12.8575 57.9165 3.23574 -13 626 1 0 1
-14.3272 14.5046 143.789 -5.98087 9.94743 76.149 1.32796 -13 627 1 0 1
3.26314 30.0727 143.789 5.1598 15.0379 64.6456 1.02538 -13 629 1 0 1
11.4804 4.12574 143.789 8.98439 2.04336 58.6525 0.229021 -13 631 1 0 1
3.22741 -16.9117 143.789 4.71217 -8.18982 66.7198 -0.695335 -13 632 1 0 1
1.20883 41.5284 143.789 11.7602 6.01822 29.9828 1.03532 -13 634 1 0 1
-12.437 17.2026 143.789 -4.16263 10.4464 72.7347 -1.33122 -13 636 1 0 1
10.8182 -32.8767 143.789 6.3566 -7.06184 28.5927 1.61463 -13 638 1 0 1
14.1947 -18.3081 143.789 9.94233 -7.16398 57.0421 0.866412 -13 642 1 0 1
4.16563 -32.4844 143.789 4.98374 -16.9682 69.6198 0.416567 -13 643 1 0 1
-6.84905 -27.029 143.789 1.26771 -10.4978 50.0958 3.24419 -13 644 1 0 1
-13.0493 6.14638 143.789 -4.62996 3.13454 72.4218 2.12148 -13 646 1 0 1
2.02368 -11.4033 143.789 3.45148 -5.52762 73.6447 1.70833 -13 650 1 0 1
10.0026 5.59741 143.789 7.95565 2.63546 67.802 1.27806 -13 651 1 0 1
0.0443689 -11.2298 143.789 3.09566 -5.85249 65.9333 1.79845 -13 652 1 0 1
7.83871 -11.1973 143.789 6.85813 -5.01975 68.145 1.40377 -13 653 1 0 1
-5.4506 -19.0369 143.789 -11.8627 -8.6937 26.2789 0.943258 -13 654 1 0 1
-1.77811 -22.0936 143.789 3.46931 -6.14821 34.7834 1.47771 -13 655 1 0 1
-0.701392 -16.1738 143.789 2.39855 -7.19136 69.0492 2.98979 -13 659 1 0 1
4.81848 -9.41912 143.789 5.38427 -4.33356 66.1519 -0.721161 -13 660 1 0 1
-2.94429 -9.12329 143.789 0.210261 -6.66549 76.632 2.3458 -13 661 1 0 1
-4.86688 9.19578 143.789 1.52118 3.99261 58.2041 0.586173 -13 662 1 0 1
-0.932085 -15.8597 143.789 2.06709 -7.95012 70.5024 2.48515 -13 664 1 0 1
-1.84975 -8.57103 143.789 1.02675 -5.42791 76.986 1.01222 -13 665 1 0 1
-15.5547 1.47782 143.789 -4.82378 0.358429 15.0458 1.80376 -13 666 1 0 1
9.52629 2.09647 143.789 7.77393 1.19801 60.2193 -1.32583 -13 667 1 0 1
6.07862 -19.3639 143.789 5.48927 -5.39915 35.1774 2.00713 -13 668 1 0 1
9.5568 -26.9527 143.789 8.09958 -13.3106 66.6977 2.16011 -13 669 1 0 1
11.6679 -18.8029 143.789 8.88566 -9.74203 71.8134 0.767873 -13 670 1 0 1
8.40639 46.9097 143.789 7.42034 19.5709 57.4179 1.20765 -13 673 1 0 1
2.03736 -30.0623 143.789 4.49654 -14.3162 61.8859 3.99246 -13 675 1 0 1
7.84221 18.635 143.789 6.89562 11.7853 71.1607 2.2948 -13 678 1 0 1
-10.3927 14.5633 143.789 -2.23053 7.49936 67.6197 0.78285 -13 679 1 0 1
-4.39308 6.74816 143.789 2.05756 2.30005 56.1501 -0.0113092 -13 680 1 0 1
0.64075 -8.41933 143.789 2.90759 -6.4889 73.3374 -2.5013 -13 681 1 0 1
12.9176 -43.9679 143.789 7.40353 -12.0175 32.399 1.38013 -13 682 1 0 1
1.12172 -17.3048 143.789 3.98981 -7.60193 60.8636 0.621525 -13 684 1 0 1
1.794 9.55681 143.789 4.02895 3.93805 66.5801 0.755779 -13 688 1 0 1
11.587 -0.444207 143.789 8.66728 -1.10495 64.4023 -1.14971 -13 691 1 0 1
-1.56155 -1.62795 143.789 2.59351 -1.9441 62.4224 -0.124017 -13 692 1 0 1
8.38977 -16.7566 143.789 7.22188 -7.02106 64.6159 3.17478 -13 694 1 0 1
11.2188 16.7515 143.789 8.78162 8.09475 64.1544 1.1645 -13 696 1 0 1
-4.69089 7.58368 143.789 -0.0379546 4.59453 71.1264 1.29576 -13 697 1 0 1
5.18591 -6.95873 143.789 5.29932 -3.6579 72.2907 2.15216 -13 700 1 0 1
13.7664 23.9845 143.789 10.0922 13.0566 68.2051 2.12865 -13 701 1 0 1
-11.7712 9.61054 143.789 -5.37987 5.12504 79.7381 -1.50118 -13 703 1 0 1
12.9971 9.20525 143.789 9.08076 3.27177 53.1696 2.34725 -13 705 1 0 1
3.72813 8.47804 143.789 5.49158 3.56993 54.5552 -0.683659 -13 706 1 0 1
3.31146 6.76142 143.789 4.38078 5.22854 72.1899 4.07976 -13 707 1 0 1
5.81452 -13.6104 143.789 6.18545 -7.31365 65.4598 0.8926 -13 709 1 0 1
14.1166 -5.78017 143.789 8.80194 -2.63907 44.025 0.106909 -13 710 1 0 1
6.42283 -15.7296 143.789 6.15963 -7.85631 68.8444 2.1744 -13 712 1 0 1
-2.43468 -16.9291 143.789 -0.0934099 -10.9125 80.4396 0.725219 -13 713 1 0 1
12.987 -1.55326 143.789 8.73585 -1.34141 49.3206 2.64087 -13 714 1 0 1
-0.988663 12.891 143.789 2.13307 7.4888 71.2538 -0.303975 -13 715 1 0 1
3.55056 -7.60421 143.789 5.31546 -3.21619 52.5809 2.73368 -13 717 1 0 1
-7.03147 0.490991 143.789 -1.21847 -0.412111 72.3893 1.70608 -13 718 1 0 1
12.0434 6.43477 143.789 9.1078 4.22851 71.4309 0.669752 -13 719 1 0 1
6.67735 25.0087 143.789 6.55336 12.2286 65.1554 2.90232 -13 720 1 0 1
7.71446 -11.0591 143.789 6.91967 -4.2287 61.4504 -0.359705 -13 723 1 0 1
6.829 21.5853 143.789 6.2527 11.037 72.0256 2.77169 -13 724 1 0 1
-3.93906 17.0183 143.789 2.08946 6.51605 55.7042 0.631967 -13 725 1 0 1
12.3273 -10.7001 143.789 8.95543 -5.72188 75.9139 -1.08174 -13 729 1 0 1
4.5315 -27.5732 143.789 5.52232 -6.94146 36.2082 1.06791 -13 730 1 0 1
-1.28975 -8.41491 143.789 2.11587 -3.92584 70.6172 -0.465779 -13 731 1 0 1
-3.00656 17.5767 143.789 1.57859 8.31146 68.7643 2.79959 -13 732 1 0 1
-3.59356 -2.36923 143.789 2.83471 -1.64105 46.7142 0.613676 -13 733 1 0 1
12.9418 0.290616 143.789 9.69156 -2.58245 70.9681 3.01984 -13 734 1 0 1
0.146747 18.3144 143.789 3.66496 8.22895 62.891 2.89872 -13 737 1 0 1
5.07676 -2.6809 143.789 5.62483 -0.559679 57.3779 2.4173 -13 738 1 0 1
-5.01293 4.86275 143.789 -0.278016 2.48817 73.3657 1.53305 -13 740 1 0 1
-0.0557267 9.91354 143.789 2.77843 5.92416 72.0564 2.09182 -13 743 1 0 1
3.42874 16.6942 143.789 5.22075 6.22754 55.1485 1.17385 -13 744 1 0 1
2.14797 -12.8446 143.789 4.04295 -6.56562 68.3255 -1.03122 -13 746 1 0 1
8.82806 -5.40528 143.789 7.50979 -2.61357 67.7066 0.968154 -13 747 1 0 1
-5.30873 5.01477 143.789 2.10568 2.21775 49.3654 -0.824087 -13 748 1 0 1
14.6993 -13.3843 143.789 10.3564 -7.33641 72.399 1.88446 -13 749 1 0 1
6.09833 11.6941 143.789 6.34536 3.43568 63.7198 1.52993 -13 750 1 0 1
14.4321 21.2099 143.789 9.63883 8.81586 52.4043 0.956654 -13 751 1 0 1
2.24127 26.0336 143.789 4.34293 13.8505 66.6543 0.317085 -13 752 1 0 1
2.29559 3.37827 143.789 4.56758 0.721218 64.3203 -0.221275 -13 753 1 0 1
-10.7389 -2.78363 143.789 -2.66812 -0.94121 70.455 1.08454 -13 754 1 0 1
7.43829 -5.05688 143.789 6.36636 -3.24687 75.5778 -0.693008 -13 755 1 0 1
13.2619 -11.5247 143.789 9.63648 -5.90761 55.9373 1.25045 -13 758 1 0 1
12.3341 -7.23329 143.789 -9.29181 -2.21029 23.4837 1.17048 -13 760 1 0 1
5.58721 -13.1044 143.789 5.98815 -5.15828 58.3561 1.56211 -13 761 1 0 1
-13.7696 11.6703 143.789 0.129172 3.75673 36.3784 0.309613 -13 762 1 0 1
11.8367 8.36844 143.789 8.92027 4.59321 69.6013 -1.81812 -13 764 1 0 1
2.46607 -12.4102 143.789 4.79788 -6.32257 64.8297 0.257432 -13 765 1 0 1
-8.37207 -10.847 143.789 -1.47837 -7.96995 70.955 -0.278683 -13 770 1 0 1
-6.25312 -4.70859 143.789 1.01978 -1.46422 58.726 1.80988 -13 774 1 0 1
1.27929 14.4533 143.789 4.37056 6.10044 55.2504 3.42714 -13 776 1 0 1
-6.64283 -14.4348 143.789 -0.329973 -7.80331 67.7014 0.758215 -13 777 1 0 1
8.08899 24.2594 143.789 6.78263 9.17665 45.6694 3.62598 -13 778 1 0 1
-5.05178 -19.5286 143.789 0.551911 -9.92218 68.4803 2.47046 -13 779 1 0 1
-1.15409 4.50655 143.789 2.64361 1.60768 66.3196 0.684021 -13 781 1 0 1
-4.73557 -13.8317 143.789 1.05377 -6.49787 63.3907 1.33033 -13 782 1 0 1
-13.404 -34.6566 143.789 2.59509 -7.51887 40.5369 0.0597719 -13 784 1 0 1
-10.4637 -11.8406 143.789 8.66891 -10.7046 57.4845 0.57434 -13 785 1 0 1
12.5559 -9.33249 143.789 8.97261 -5.23978 59.7626 2.85865 -13 790 1 0 1
-3.24544 -5.20421 143.789 1.64685 -2.44947 66.8111 2.98289 -13 792 1 0 1
8.33545 -15.0311 143.789 -2.41718 -5.96659 13.4622 3.28229 -13 793 1 0 1
13.3474 -20.1951 143.789 9.9224 -9.68594 68.513 1.06608 -13 794 1 0 1
-10.2883 -22.666 143.789 -0.732656 -9.79402 56.4564 -1.51516 -13 795 1 0 1
-9.28351 2.74577 143.789 -0.238428 1.08197 59.1177 0.756302 -13 796 1 0 1
10.4883 -2.30355 143.789 7.80884 -1.70801 47.8757 0.167185 -13 797 1 0 1
4.32407 31.4482 143.789 4.67752 17.5379 73.6783 2.74964 -13 798 1 0 1
6.70936 10.612 143.789 6.51109 4.64298 63.3752 1.72713 -13 799 1 0 1
8.43557 -12.5314 143.789 7.30024 -6.96533 66.7341 -0.492068 -13 802 1 0 1
10.1638 4.61999 143.789 7.78699 4.1934 75.5466 -0.953518 -13 803 1 0 1
14.9222 -0.0970454 143.789 6.58024 0.0457725 24.4285 1.37653 -13 805 1 0 1
13.3968 -7.39546 143.789 9.32797 -3.33852 55.7932 1.88085 -13 806 1 0 1
-6.02053 -20.5776 143.789 0.39056 -9.59111 66.4994 1.18845 -13 807 1 0 1
-11.078 1.24752 143.789 -2.06464 0.52695 65.4087 0.24888 -13 809 1 0 1
-3.12894 -7.49833 143.789 0.287723 -4.9589 77.1011 0.0512957 -13 810 1 0 1
9.4752 4.71597 143.789 7.99864 3.06582 70.264 0.550927 -13 811 1 0 1
-8.26382 -16.2203 143.789 1.57379 -4.4058 39.9427 3.11732 -13 812 1 0 1
5.14827 1.64507 143.789 5.91038 1.68483 62.4341 1.53518 -13 814 1 0 1
0.809899 -4.32876 143.789 2.32317 -2.44108 77.3392 2.2106 -13 816 1 0 1
0.734397 -4.41549 143.789 4.16271 -0.923533 52.7952 -0.823765 -13 821 1 0 1
-11.9314 6.83684 143.789 -6.50145 2.64701 81.1906 1.33115 -13 822 1 0 1
1.2875 -3.64508 143.789 4.22623 -0.758121 25.6551 1.73529 -13 824 1 0 1
-3.00831 -11.6824 143.789 1.90676 -5.4896 61.4367 1.10406 -13 825 1 0 1
10.5936 14.1167 143.789 8.29423 7.88568 66.3833 -0.609109 -13 826 1 0 1
12.4461 -25.6365 143.789 9.28417 -12.4721 61.7296 3.48667 -13 827 1 0 1
-0.573924 -0.119659 143.789 3.14651 -0.928801 64.9664 -1.66487 -13 828 1 0 1
12.0509 -18.8354 143.789 9.0714 -9.23105 63.9429 0.638965 -13 830 1 0 1
14.3964 -5.88861 143.789 10.1437 -3.50657 65.196 2.77428 -13 831 1 0 1
7.46526 -18.2457 143.789 6.95782 -7.80938 55.4419 1.24622 -13 832 1 0 1
2.74536 -7.6759 143.789 4.6128 -3.67742 61.9717 1.19007 -13 833 1 0 1
3.87096 -18.4601 143.789 5.40248 -7.68084 60.4439 0.603022 -13 834 1 0 1
-3.90245 -24.9908 143.789 -0.563428 -14.9115 77.4231 -0.226651 -13 835 1 0 1
9.31968 -17.2665 143.789 7.76998 -6.38741 55.1671 0.477119 -13 839 1 0 1
-9.15688 13.9686 143.789 -0.622407 6.03511 60.5263 3.263 -13 840 1 0 1
0.119539 17.1076 143.789 3.78106 6.74325 58.6841 -0.975863 -13 841 1 0 1
5.60318 -9.13909 143.789 5.5865 -4.58021 73.1439 -0.23725 -13 842 1 0 1
-3.53946 -26.698 143.789 0.356201 -16.2381 73.3853 1.22833 -13 843 1 0 1
-6.6338 25.8442 143.789 0.830365 11.3096 58.703 1.74581 -13 844 1 0 1
-5.56535 -3.01047 143.789 1.40384 -2.01602 55.8323 0.0754297 -13 848 1 0 1
-12.99 -7.58251 143.789 -1.46116 -2.64208 54.1886 -1.09842 -13 849 1 0 1
-1.28736 12.9917 143.789 3.07824 5.25393 59.8889 0.363156 -13 851 1 0 1
7.99409 8.33634 143.789 -6.11026 9.45572 19.5715 1.50947 -13 852 1 0 1
0.747465 11.0224 143.789 3.84192 5.01902 61.207 1.91326 -13 853 1 0 1
0.740113 -1.29613 143.789 2.96945 -1.94331 69.68 -0.0615407 -13 854 1 0 1
-3.51532 20.8922 143.789 1.91175 9.7025 62.019 0.943223 -13 855 1 0 1
-10.8216 -9.68091 143.789 8.93252 -9.14136 50.7687 1.2046 -13 856 1 0 1
10.0458 -3.01834 143.789 8.24373 -0.005496 65.6761 -0.082904 -13 857 1 0 1
6.05819 -3.88064 143.789 6.43646 -1.12507 54.8409 2.48101 -13 859 1 0 1
-1.25131 7.59917 143.789 2.46497 3.97055 68.0173 2.09584 -13 860 1 0 1
1.91856 -11.247 143.789 3.24219 -6.72007 77.0678 -1.10199 -13 861 1 0 1
6.42738 11.5796 143.789 6.41009 6.00324 63.6478 0.724704 -13 862 1 0 1
1.83434 0.85858 143.789 4.38309 0.737408 62.5219 0.207348 -13 864 1 0 1
0.0875969 -10.6254 143.789 3.81884 -3.63194 55.37 2.67207 -13 865 1 0 1
-4.26542 2.16282 143.789 -0.874295 0.507783 78.814 -0.920511 -13 868 1 0 1
8.93379 -12.5801 143.789 7.48295 -6.1679 59.685 1.59717 -13 870 1 0 1
12.7301 -34.7755 143.789 9.39812 -17.1106 64.4113 -0.378834 -13 871 1 0 1
-1.88664 -6.11824 143.789 2.12197 -2.58228 67.795 -0.349038 -13 872 1 0 1
15.228 -2.51138 143.789 13.7254 4.56511 62.552 -0.324596 -13 873 1 0 1
-1.31369 16.4555 143.789 2.41301 8.41595 67.0431 3.36534 -13 874 1 0 1
-1.66814 -13.6098 143.789 2.6443 -6.73808 62.9504 1.02682 -13 875 1 0 1
14.0819 14.8467 143.789 10.0429 7.81093 74.3603 0.733283 -13 876 1 0 1
6.16614 13.9924 143.789 6.25854 8.75445 68.4059 -1.23487 -13 877 1 0 1
6.09368 21.0069 143.789 5.7763 12.44 72.5495 -2.9615 -13 878 1 0 1
-7.0736 9.46404 143.789 1.38973 3.34816 51.8568 2.07684 -13 879 1 0 1
14.6485 -14.3881 143.789 9.89547 -6.05204 56.1543 2.69352 -13 881 1 0 1
-9.05509 49.2189 143.789 -12.5095 16.5802 33.2441 0.503818 -13 882 1 0 1
11.637 -5.96098 143.789 8.45841 -5.35741 79.3272 3.0317 -13 886 1 0 1
7.21814 10.6154 143.789 6.90243 3.59837 55.0315 0.909241 -13 888 1 0 1
3.72671 -9.33149 143.789 5.31935 -3.77692 57.2997 0.216856 -13 889 1 0 1
1.01025 -12.6935 143.789 3.30908 -5.51991 71.6037 1.15933 -13 892 1 0 1
-14.1344 3.32553 143.789 6.50925 -5.25307 52.3868 -0.842433 -13 893 1 0 1
-5.24496 23.9807 143.789 12.8189 7.11232 57.0943 2.29837 -13 895 1 0 1
-6.34769 28.6561 143.789 -0.149709 15.0897 68.4977 -0.936211 -13 896 1 0 1
4.83883 -12.5815 143.789 5.52331 -4.55271 49.1612 -0.840281 -13 897 1 0 1
12.9309 -2.91481 143.789 8.96157 -0.847043 55.1267 0.154016 -13 898 1 0 1
13.5888 -1.00909 143.789 9.84737 -1.54163 67.9933 1.30957 -13 901 1 0 1
5.94413 -21.5903 143.789 5.52628 -10.0465 74.4301 1.84484 -13 903 1 0 1
9.56314 20.2825 143.789 7.85236 9.35328 67.3351 1.03709 -13 907 1 0 1
-0.213075 -18.2889 143.789 3.94959 -5.15557 37.7805 1.32998 -13 908 1 0 1
2.243 -7.53916 143.789 3.50955 -3.18969 73.697 1.36767 -13 909 1 0 1
-0.0567563 -10.0195 143.789 2.74008 -5.42303 70.5466 0.537793 -13 910 1 0 1
-0.835522 20.5248 143.789 0.510221 13.7196 79.0736 1.95856 -13 913 1 0 1
7.77404 25.1187 143.789 6.58844 8.13117 40.8885 0.834917 -13 917 1 0 1
-0.650069 6.75747 143.789 2.92645 2.68207 66.5439 0.122579 -13 919 1 0 1
-10.217 -2.31942 143.789 -4.36638 -0.371732 79.6235 1.09807 -13 920 1 0 1
-11.3155 -21.4467 143.789 -5.42403 -12.3649 80.0537 3.09005 -13 922 1 0 1
-6.34007 -1.45099 143.789 0.783385 -0.711249 59.2519 0.6345 -13 923 1 0 1
2.72922 5.86301 143.789 4.39025 2.30501 68.4411 -0.333606 -13 924 1 0 1
7.92329 16.5568 143.789 7.04506 7.96099 62.7321 1.12702 -13 925 1 0 1
-5.97364 9.74705 143.789 -1.50194 5.01193 77.4735 2.03135 -13 926 1 0 1
1.06173 -5.29751 143.789 3.97661 -1.53094 67.8785 1.26759 -13 927 1 0 1
1.3227 3.37279 143.789 3.58946 1.70729 70.4287 2.03367 -13 930 1 0 1
8.51204 -9.57788 143.789 -6.89347 -9.22845 58.2717 2.77427 -13 931 1 0 1
2.14077 -15.5218 143.789 4.72461 -6.28311 52.7487 2.74441 -13 932 1 0 1
-5.29707 7.03355 143.789 -0.674853 4.43808 74.7855 0.11624 -13 934 1 0 1
-0.259127 -8.38812 143.789 2.20998 -3.40802 73.4359 0.464501 -13 938 1 0 1
8.95431 -6.78508 143.789 7.81333 -3.05249 60.9768 0.221515 -13 939 1 0 1
4.47712 7.32027 143.789 5.60503 3.82139 60.3818 0.737587 -13 940 1 0 1
-3.37707 12.0814 143.789 1.54096 6.83794 66.7573 0.939812 -13 941 1 0 1
8.69138 9.99575 143.789 7.44017 4.93766 52.1286 0.431197 -13 944 1 0 1
8.32235 28.6912 143.789 7.06706 16.028 70.4347 1.58815 -13 945 1 0 1
8.35889 16.5067 143.789 6.76438 5.56789 44.8214 0.230832 -13 946 1 0 1
-9.36283 -7.99847 143.789 0.279211 -3.20885 54.6699 1.24631 -13 949 1 0 1
0.0160459 11.1298 143.789 3.398 4.95712 65.9967 0.796605 -13 950 1 0 1
15.1836 -10.7706 143.789 3.37203 0.627121 49.9742 1.05719 -13 953 1 0 1
10.2743 -40.0579 143.789 8.13909 -16.0812 53.9495 0.624663 -13 954 1 0 1
2.05132 9.49997 143.789 4.55331 3.07515 54.9727 0.744626 -13 956 1 0 1
-13.0911 -13.1353 143.789 -1.92193 -6.55844 57.8328 -0.206736 -13 957 1 0 1
-4.64154 -4.89221 143.789 -0.231231 -3.10851 74.2304 -1.32918 -13 960 1 0 1
5.90744 3.23087 143.789 6.37504 1.08139 62.2792 2.71797 -13 964 1 0 1
0.570659 -19.1131 143.789 3.52384 -9.6124 64.3871 2.1723 -13 965 1 0 1
-10.7596 -7.44621 143.789 -0.493919 -2.03103 54.2626 3.16331 -13 966 1 0 1
10.5034 8.71348 143.789 8.47862 5.53922 67.417 -0.398894 -13 971 1 0 1
9.85048 30.5701 143.789 6.45454 7.63229 30.8826 0.450844 -13 972 1 0 1
6.24738 5.89616 143.789 5.49123 1.90154 33.7882 0.492002 -13 973 1 0 1
-3.20454 10.1354 143.789 1.40921 5.35589 69.3678 0.119465 -13 974 1 0 1
-8.68647 6.74783 143.789 -2.26732 5.45662 74.5248 2.36423 -13 975 1 0 1
1.12332 -27.6483 143.789 4.04733 -12.0742 61.2665 1.18512 -13 977 1 0 1
-8.44321 -4.85051 143.789 -1.94021 -3.17833 71.5939 -0.694602 -13 979 1 0 1
-12.4371 -3.59482 143.789 -1.90777 -1.8804 59.908 -0.58016 -13 980 1 0 1
1.59279 -6.88414 143.789 3.98593 -4.12909 63.0194 0.116178 -13 981 1 0 1
15.3939 18.8452 143.789 22.1806 -0.545435 50.4881 0.125304 -13 982 1 0 1
6.6377 4.12245 143.789 6.16846 3.95707 73.1879 0.402655 -13 983 1 0 1
-7.93379 -10.9709 143.789 -0.166217 -4.74327 61.5779 0.514263 -13 986 1 0 1
15.1699 -35.34 143.789 1.3521 -16.6223 54.444 1.28302 -13 987 1 0 1
10.1979 -13.1755 143.789 8.29786 -6.35998 69.4524 1.82538 -13 989 1 0 1
7.33502 -12.9929 143.789 6.78559 -8.09513 69.8002 1.03597 -13 990 1 0 1
-3.3303 19.2692 143.789 2.74384 6.69746 51.7759 -1.27903 -13 991 1 0 1
-7.63137 15.6147 143.789 1.76094 4.69133 42.5099 1.95869 -13 992 1 0 1
-7.14265 1.226 143.789 -0.685877 0.49974 68.6063 0.976452 -13 996 1 0 1
5.2132 6.75226 143.789 5.78455 2.52376 48.1642 3.40486 -13 997 1 0 1
2.01107 -13.806 143.789 4.64802 -4.96288 47.8663 0.455402 -13 1000 1 0 1
