#BLTrackFile NTuple/Z152
#x y z Px Py Pz t PDGid EventID TrackID ParentID Weight
#mm mm mm MeV/c MeV/c MeV/c ns - - - - -
104.096 2.32464 151.611 21.4247 1.37925 28.9662 2.41044 -13 3 1 0 1
135.749 37.6721 151.611 32.1266 14.6136 32.8426 -0.0216318 -13 14 1 0 1
130.781 -33.6329 151.611 29.5534 -13.8796 28.4796 0.912923 -13 17 1 0 1
111.252 56.7606 151.611 23.6735 15.399 30.0527 1.40003 -13 26 1 0 1
133.823 -14.3423 151.611 33.7046 -4.75657 28.8407 0.895457 -13 34 1 0 1
132.632 29.982 151.611 37.1134 13.5139 30.6416 1.75181 -13 43 1 0 1
105.194 -14.7021 151.611 25.2161 -2.92181 38.3184 2.31477 -13 45 1 0 1
129.914 -15.6525 151.611 35.0502 -2.83141 34.4893 1.38468 -13 69 1 0 1
83.0557 -68.7739 151.611 17.0953 -25.3626 35.0781 -0.114274 -13 71 1 0 1
137.337 23.2514 151.611 35.2578 5.78144 34.1025 1.69871 -13 74 1 0 1
128.615 -30.8178 151.611 32.2469 -12.1305 35.1715 -0.298297 -13 76 1 0 1
104.336 -33.5532 151.611 26.7547 -11.5578 34.9438 0.955939 -13 88 1 0 1
127.078 40.0409 151.611 34.4357 17.4421 38.2188 0.80296 -13 89 1 0 1
134.355 -16.2186 151.611 35.8435 -3.82841 31.7353 2.33634 -13 91 1 0 1
137.497 18.8148 151.611 39.3186 4.90636 35.6197 2.22894 -13 93 1 0 1
110.417 -1.62007 151.611 25.8559 -1.24423 31.902 1.52288 -13 95 1 0 1
132.261 -15.522 151.611 34.2553 -6.01116 29.8819 0.460217 -13 97 1 0 1
132.006 -39.6577 151.611 29.476 -13.4142 26.3251 1.38982 -13 110 1 0 1
101.661 -19.2055 151.611 24.244 -5.24107 33.5752 1.11649 -13 111 1 0 1
90.8792 -12.0532 151.611 18.3242 -1.58322 28.0267 0.611992 -13 143 1 0 1
127.155 -28.7017 151.611 34.7305 -8.0452 35.6712 1.60749 -13 148 1 0 1
141.44 -17.9571 151.611 36.6259 -6.12334 29.6816 1.32966 -13 157 1 0 1
126.051 35.1481 151.611 24.4506 8.85541 24.5088 2.96717 -13 158 1 0 1
106.341 21.9053 151.611 22.3616 7.64233 27.3463 1.41752 -13 184 1 0 1
115.356 -18.7407 151.611 30.2267 -5.60679 31.6664 1.48164 -13 189 1 0 1
105.225 -41.2236 151.611 25.465 -15.2749 30.2435 1.63068 -13 201 1 0 1
134.307 27.9502 151.611 27.3924 7.97996 25.875 1.82594 -13 203 1 0 1
140.228 -2.48655 151.611 31.427 -2.21758 28.7668 2.86276 -13 205 1 0 1
140.204 -8.74867 151.611 22.8795 -2.7187 15.8611 2.18987 -13 206 1 0 1
142.941 -21.9508 151.611 33.2322 -10.1898 28.2616 1.99374 -13 211 1 0 1
128.997 -53.1984 151.611 22.5222 -13.0391 21.9589 1.93113 -13 218 1 0 1
129.896 47.5837 151.611 20.4137 9.34189 20.6394 4.2977 -13 220 1 0 1
141.77 -7.54804 151.611 39.888 -6.33532 35.3501 2.25883 -13 221 1 0 1
106.359 60.7279 151.611 26.2854 20.2191 33.4389 0.530593 -13 222 1 0 1
122.305 -30.6499 151.611 27.7932 -10.5524 30.0049 -0.439127 -13 228 1 0 1
70.7744 -25.2772 151.611 11.3256 -7.28169 28.8768 2.64949 -13 236 1 0 1
114.402 1.3432 151.611 29.1967 0.313225 32.6469 1.43323 -13 238 1 0 1
112.221 22.9288 151.611 26.7897 9.20486 30.5313 3.23302 -13 242 1 0 1
96.8993 -49.0829 151.611 19.7808 -15.225 31.9841 1.09775 -13 247 1 0 1
103.622 -14.3565 151.611 25.695 -3.96131 37.423 -0.193848 -13 250 1 0 1
136.57 46.0675 151.611 31.159 15.9247 30.6837 0.0642537 -13 263 1 0 1
125.05 7.52888 151.611 23.5373 2.34169 24.3408 1.42591 -13 267 1 0 1
143.148 27.7164 151.611 38.35 9.11545 30.4706 1.9512 -13 269 1 0 1
98.3195 26.6403 151.611 25.7775 13.4188 33.4706 2.87475 -13 278 1 0 1
139.346 57.0097 151.611 28.2482 17.5305 26.126 0.40772 -13 281 1 0 1
124.416 -5.32397 151.611 31.0242 -1.77051 29.5641 0.970234 -13 285 1 0 1
138.248 -33.1546 151.611 36.8089 -9.76108 30.0609 0.0134814 -13 286 1 0 1
127.223 -51.6823 151.611 24.7146 -14.9112 25.1652 0.087471 -13 287 1 0 1
101.98 -51.542 151.611 22.828 -20.5176 34.4462 1.47995 -13 295 1 0 1
120.231 49.8452 151.611 27.2057 16.6483 30.0358 -0.357046 -13 298 1 0 1
124.678 2.73952 151.611 28.3511 -0.716826 25.1784 2.75346 -13 305 1 0 1
133.737 -18.7591 151.611 35.1779 -6.27198 33.5285 -0.0173466 -13 318 1 0 1
115.694 0.115734 151.611 22.0866 0.553609 24.7245 1.57493 -13 326 1 0 1
132.939 15.3689 151.611 35.665 7.18044 31.2593 -1.06342 -13 337 1 0 1
133.001 -4.62649 151.611 32.8364 -0.465995 31.7321 0.555231 -13 345 1 0 1
120.302 5.78675 151.611 28.7066 2.77504 28.5751 2.27652 -13 370 1 0 1
117.915 70.3555 151.611 17.7165 14.0333 16.4496 0.595729 -13 375 1 0 1
124.679 45.498 151.611 28.854 14.1838 29.4938 2.74598 -13 383 1 0 1
115.351 -20.0403 151.611 18.5539 -2.73319 20.5488 1.93878 -13 387 1 0 1
122.208 -48.5696 151.611 29.4363 -16.4916 35.4998 2.2202 -13 398 1 0 1
125.717 2.04602 151.611 24.1463 1.4166 25.8271 2.90524 -13 407 1 0 1
121.562 46.0342 151.611 25.8319 19.4499 26.5157 2.80586 -13 412 1 0 1
143.426 52.6701 151.611 33.7228 18.8352 31.9642 6.28263 -13 416 1 0 1
138.822 -12.8201 151.611 32.5506 -4.0544 29.0633 2.96096 -13 418 1 0 1
135.147 -39.6566 151.611 36.2509 -18.1654 34.3844 3.29468 -13 432 1 0 1
138.106 -33.5127 151.611 28.1068 -8.1902 25.6312 3.00595 -13 433 1 0 1
123.928 34.8336 151.611 28.3957 9.94405 31.1815 1.53482 -13 434 1 0 1
126.606 118.927 151.611 14.84 19.5622 16.2174 2.60099 -13 440 1 0 1
77.2059 -23.6769 151.611 18.1291 -15.0936 39.8455 1.46785 -13 461 1 0 1
121.772 -19.785 151.611 35.0008 -10.4262 36.6076 1.05426 -13 467 1 0 1
131.214 7.79182 151.611 36.3982 -0.425989 36.4115 0.00160189 -13 477 1 0 1
139.345 53.1545 151.611 33.9289 16.8476 30.5607 1.82036 -13 482 1 0 1
142.897 -39.1767 151.611 36.4694 -12.1161 28.4237 2.48769 -13 493 1 0 1
131.011 67.2067 151.611 21.9808 14.6048 19.7282 1.47499 -13 498 1 0 1
125.844 21.3199 151.611 27.8287 4.22375 29.7367 0.63954 -13 499 1 0 1
129.424 46.023 151.611 23.5373 12.1879 23.5917 2.03366 -13 504 1 0 1
125.543 -0.278268 151.611 32.3893 -0.869057 35.8356 -0.639842 -13 516 1 0 1
130.431 -8.55768 151.611 28.2979 -1.31343 28.9882 0.385645 -13 517 1 0 1
142.412 55.1854 151.611 29.8005 13.2141 26.8089 2.21304 -13 525 1 0 1
137.287 10.5525 151.611 36.4023 6.66845 33.2208 2.33478 -13 531 1 0 1
129.425 -16.3786 151.611 26.6614 -6.76757 27.7788 1.95959 -13 544 1 0 1
81.1748 23.8111 151.611 12.2557 5.86704 29.5404 3.7295 -13 548 1 0 1
104.274 -15.4777 151.611 23.9227 -1.38707 35.6799 3.08231 -13 569 1 0 1
134.283 -53.623 151.611 35.2823 -20.1773 28.8768 3.34283 -13 573 1 0 1
134.42 10.5491 151.611 33.113 3.92272 30.5323 1.58468 -13 575 1 0 1
130.048 16.1967 151.611 32.9251 3.17598 28.8527 2.87348 -13 580 1 0 1
133.439 -2.3871 151.611 24.0924 0.0183946 23.7231 -0.343428 -13 585 1 0 1
123.789 11.063 151.611 31.3011 -1.01081 31.5677 1.71595 -13 587 1 0 1
122.918 -48.6766 151.611 30.6622 -12.9052 29.0163 0.529139 -13 590 1 0 1
120.004 -18.0374 151.611 29.5193 -8.85616 29.4864 1.62195 -13 594 1 0 1
141.098 -29.8259 151.611 38.7438 -8.04581 33.9986 -0.378748 -13 598 1 0 1
118.689 24.7682 151.611 27.4264 8.50884 31.0572 1.13109 -13 624 1 0 1
109.468 52.9147 151.611 28.8666 19.3895 33.8862 1.89535 -13 627 1 0 1
139.44 -31.8489 151.611 31.3799 -9.09446 30.8355 1.69985 -13 635 1 0 1
143.727 -25.8333 151.611 36.3462 -12.4748 28.6488 -0.609986 -13 636 1 0 1
135.01 -13.8577 151.611 36.1023 -0.717974 33.2373 3.61276 -13 644 1 0 1
133.113 6.79191 151.611 30.444 3.5019 27.5254 1.79737 -13 665 1 0 1
127.743 38.2172 151.611 17.2207 7.48747 16.6887 0.00179621 -13 667 1 0 1
131.021 39.2531 151.611 35.2869 13.987 33.1525 1.36617 -13 670 1 0 1
117.934 12.4827 151.611 28.7088 5.41714 30.5103 -1.85535 -13 681 1 0 1
137.697 -30.6329 151.611 34.8038 -13.151 28.1858 -0.750755 -13 703 1 0 1
114.116 -33.1973 151.611 26.1386 -8.90129 29.5651 1.43821 -13 713 1 0 1
125.08 6.20152 151.611 31.5026 1.67286 31.6144 0.316362 -13 715 1 0 1
63.1394 -37.0466 151.611 8.97184 -10.9646 33.4401 0.0439807 -13 731 1 0 1
114.77 68.535 151.611 24.2817 20.4606 27.4011 3.5843 -13 737 1 0 1
71.6909 -110.413 151.611 5.13871 -17.5226 14.424 1.40228 -13 770 1 0 1
126.86 -30.8198 151.611 30.0038 -9.42248 28.3744 1.27556 -13 772 1 0 1
123.988 84.3797 151.611 21.3282 21.1167 20.7445 2.76149 -13 774 1 0 1
102.071 1.69099 151.611 18.7979 -2.03594 28.0709 4.03733 -13 776 1 0 1
121.7 -26.6278 151.611 32.7087 -7.50679 31.247 0.415797 -13 788 1 0 1
142.859 -7.95129 151.611 37.4346 -4.38402 30.4228 1.70532 -13 794 1 0 1
114.338 8.30017 151.611 32.086 -1.04587 32.8631 2.47826 -13 800 1 0 1
105.462 20.9369 151.611 28.4396 5.37593 39.2573 3.43797 -13 801 1 0 1
92.2931 -57.966 151.611 12.1347 -15.2737 18.0338 3.26389 -13 808 1 0 1
139.497 0.233857 151.611 37.6093 0.510582 33.745 1.14638 -13 811 1 0 1
105.11 15.1971 151.611 20.2904 3.28154 27.95 -0.262165 -13 821 1 0 1
111.275 8.63272 151.611 28.4158 1.13537 35.372 -0.113373 -13 826 1 0 1
138.567 23.8028 151.611 33.4867 5.77043 31.1183 0.110458 -13 838 1 0 1
106.824 -45.371 151.611 20.2967 -9.81206 25.5229 2.04874 -13 843 1 0 1
125.889 -11.808 151.611 34.3433 -3.45875 36.0111 2.36662 -13 853 1 0 1
119.687 -88.1769 151.611 21.9811 -25.4538 23.3166 0.0792438 -13 868 1 0 1
129.85 -20.2496 151.611 31.2653 -9.22902 30.1825 4.01276 -13 874 1 0 1
135.233 88.4667 151.611 12.9604 12.5081 10.4466 3.80028 -13 880 1 0 1
135.413 -6.69961 151.611 34.9348 -5.16956 27.3752 1.93946 -13 887 1 0 1
128.441 -80.957 151.611 29.8247 -28.3067 30.5607 1.47399 -13 888 1 0 1
76.2168 -10.569 151.611 10.4497 -2.66448 25.7952 1.95775 -13 892 1 0 1
131.817 46.3622 151.611 39.0237 12.5708 34.2314 -0.406372 -13 896 1 0 1
137.158 -31.9548 151.611 32.6049 -8.23931 29.0628 2.10756 -13 909 1 0 1
125.453 22.0802 151.611 32.5855 5.32366 30.7786 3.34186 -13 918 1 0 1
117.208 -103.651 151.611 23.0609 -30.6777 24.1136 2.03352 -13 920 1 0 1
108.347 -41.4397 151.611 18.7679 -14.5068 20.6372 1.50295 -13 923 1 0 1
127.324 19.7848 151.611 38.0754 8.36829 37.0842 1.7376 -13 927 1 0 1
140.803 76.1281 151.611 27.5348 21.0937 25.7186 1.38169 -13 928 1 0 1
122.007 -49.773 151.611 30.2513 -21.2462 30.578 0.78986 -13 934 1 0 1
86.9748 16.2971 151.611 15.1615 8.48186 27.8104 1.19677 -13 938 1 0 1
138.77 50.0887 151.611 34.8532 15.6151 30.5078 1.438 -13 950 1 0 1
93.2763 21.4472 151.611 25.2096 10.5619 37.0868 0.337583 -13 958 1 0 1
127.891 -22.542 151.611 27.3852 -4.61272 28.416 2.8809 -13 965 1 0 1
43.487 -91.127 151.611 0.403798 -31.5804 30.8688 3.64893 -13 966 1 0 1
106.063 9.87597 151.611 30.3211 6.44601 40.8509 -0.0032118 -13 971 1 0 1
138.945 -27.0524 151.611 35.0627 -8.41697 26.6955 0.0424141 -13 980 1 0 1
122.274 -19.0905 151.611 30.6177 -4.76604 31.9712 0.669701 -13 981 1 0 1
105.879 -15.8112 151.611 24.5504 -6.42169 30.9418 1.02443 -13 983 1 0 1
78.9706 -90.7395 151.611 6.44973 -15.3976 14.84 4.80974 -13 997 1 0 1
124.285 38.858 151.611 31.9193 15.8459 34.8728 1.70967 -13 998 1 0 1
