#BLTrackFile NTuple/Z75
#x y z Px Py Pz t PDGid EventID TrackID ParentID Weight
#mm mm mm MeV/c MeV/c MeV/c ns - - - - -
-13.5013 -7.87687 74.9003 -22.0516 -7.10599 68.8902 -0.736439 -13 1 1 0 1
2.53585 2.8818 74.9003 -7.11144 -1.69917 80.7253 0.345352 -13 2 1 0 1
-8.43074 -1.83539 74.9003 -16.5058 -2.19431 69.5736 1.31523 -13 3 1 0 1
-14.11 -4.87077 74.9003 -25.2449 -3.46265 73.9842 0.757286 -13 4 1 0 1
-9.48507 -2.57898 74.9003 -18.4591 -1.60103 72.5168 -0.366523 -13 6 1 0 1
-6.71929 -6.58058 74.9003 -11.2562 -5.46891 59.3876 -0.435883 -13 7 1 0 1
0.107524 10.9835 74.9003 -5.87177 11.125 62.7955 1.54774 -13 9 1 0 1
-2.29937 -6.96728 74.9003 -8.01877 -5.62863 66.0427 1.11945 -13 10 1 0 1
-0.0869802 9.80872 74.9003 -7.64641 10.173 70.9911 -0.105916 -13 11 1 0 1
-13.7684 -7.64371 74.9003 -17.5308 -7.81202 56.9064 2.15038 -13 12 1 0 1
3.29082 9.69186 74.9003 -2.54744 5.20421 38.5195 -0.256249 -13 13 1 0 1
5.25286 -8.25962 74.9003 -1.10012 -6.2178 67.88 -1.10337 -13 14 1 0 1
-1.69685 -8.39846 74.9003 -7.76063 -8.16684 66.2649 1.90945 -13 15 1 0 1
15.1338 -20.3571 74.9003 -1.26227 -16.5826 40.4043 2.61439 -13 16 1 0 1
-13.1858 11.4311 74.9003 -18.2185 11.8126 60.114 -0.202528 -13 17 1 0 1
-4.66609 -10.3182 74.9003 -10.3905 -9.39594 62.8268 3.3965 -13 20 1 0 1
-13.8665 1.39162 74.9003 -16.2536 3.31714 53.4361 -0.705051 -13 22 1 0 1
-0.220309 -3.55388 74.9003 -7.30554 -1.73422 70.2725 0.715731 -13 25 1 0 1
-6.05112 2.23938 74.9003 -12.4408 2.66444 67.1375 0.302742 -13 26 1 0 1
-3.70544 -2.04291 74.9003 -9.76873 1.25517 65.555 1.89706 -13 27 1 0 1
-3.69516 -12.3691 74.9003 -11.6056 -13.3982 71.577 0.681878 -13 28 1 0 1
-10.1812 5.18182 74.9003 -16.5425 6.91999 64.467 1.45852 -13 30 1 0 1
-8.31432 0.962461 74.9003 -16.3658 2.14996 69.676 0.154751 -13 31 1 0 1
-13.0206 2.09576 74.9003 -17.1601 2.02368 58.852 -0.0239025 -13 32 1 0 1
-8.19308 4.96989 74.9003 -14.0602 7.40441 64.122 -0.661062 -13 36 1 0 1
-4.2508 -6.15841 74.9003 -14.0694 -8.83268 77.9197 -1.04771 -13 37 1 0 1
-7.96996 -3.75808 74.9003 -12.42 -4.27692 58.2707 1.91907 -13 38 1 0 1
-15.0457 2.95626 74.9003 -13.0273 6.65065 47.6228 1.28087 -13 40 1 0 1
0.634537 14.6236 74.9003 -5.16323 12.7409 60.969 0.30277 -13 41 1 0 1
-6.73975 -0.975933 74.9003 -13.6313 -3.03875 66.6746 1.68705 -13 42 1 0 1
-15.3182 -2.87513 74.9003 -23.2433 -9.08672 71.6616 0.725492 -13 43 1 0 1
-1.82617 3.29723 74.9003 -6.23106 2.03103 56.0035 1.12026 -13 44 1 0 1
-5.71124 -7.0136 74.9003 -12.6758 -7.03461 66.3874 0.833288 -13 46 1 0 1
-6.22508 10.524 74.9003 -11.0022 7.09744 58.0875 1.39359 -13 47 1 0 1
-10.1078 9.12135 74.9003 -16.6014 11.7104 63.8368 1.13964 -13 48 1 0 1
-5.22969 -14.6123 74.9003 -12.3233 -19.0175 67.0368 -0.116385 -13 49 1 0 1
-2.32933 2.939 74.9003 -5.30336 2.66829 41.5682 -0.0862157 -13 50 1 0 1
-2.6086 6.22969 74.9003 -10.7565 4.78152 71.784 0.117492 -13 51 1 0 1
-14.5377 11.0173 74.9003 -16.1168 9.353 50.5336 0.585747 -13 52 1 0 1
-2.29971 5.77619 74.9003 -6.51373 4.12642 56.3029 -1.88255 -13 53 1 0 1
-8.45408 11.9042 74.9003 -9.50313 6.67581 40.231 0.597778 -13 54 1 0 1
-10.2876 -3.5686 74.9003 -18.1204 -4.80267 68.0191 1.32672 -13 55 1 0 1
8.12756 8.96417 74.9003 1.79779 8.541 61.856 -0.531009 -13 56 1 0 1
-1.46222 -1.15345 74.9003 -6.60025 0.17471 63.2253 0.028416 -13 58 1 0 1
-4.26286 -9.63182 74.9003 -10.8059 -9.95988 66.35 2.38444 -13 59 1 0 1
-2.04623 17.4371 74.9003 -6.8396 16.4528 55.0052 0.732983 -13 60 1 0 1
-10.6913 4.75478 74.9003 -15.6577 5.55253 60.5298 -0.400998 -13 61 1 0 1
-5.4203 -0.347959 74.9003 -12.3894 1.72081 68.5091 -0.135022 -13 62 1 0 1
-6.69765 -9.5484 74.9003 -8.13095 -4.97462 32.2191 0.837618 -13 63 1 0 1
-5.33833 -0.523519 74.9003 -10.3985 -0.0467434 59.7931 0.581516 -13 64 1 0 1
-2.27721 1.7238 74.9003 -8.22011 0.74565 65.039 -1.02094 -13 65 1 0 1
-4.15311 1.85529 74.9003 -11.3933 1.42151 70.3923 0.858712 -13 66 1 0 1
-2.9093 -4.18496 74.9003 -7.73649 -2.41746 60.3791 -0.235608 -13 67 1 0 1
-4.74733 15.379 74.9003 -8.25793 11.0081 52.1948 -0.473955 -13 68 1 0 1
-10.7661 -5.82041 74.9003 -15.5676 -5.84171 60.6308 0.435719 -13 69 1 0 1
-8.28436 -4.88204 74.9003 -19.3296 -10.0708 77.7488 0.619078 -13 70 1 0 1
-7.64393 2.44926 74.9003 -11.5253 0.324985 59.1867 -1.01296 -13 71 1 0 1
1.30701 13.0431 74.9003 -4.90747 10.7837 64.2535 1.54563 -13 72 1 0 1
-9.01248 1.10678 74.9003 -17.8861 -1.09849 71.8582 -0.505981 -13 73 1 0 1
-4.29431 10.324 74.9003 -8.79506 9.44142 57.2699 0.721212 -13 74 1 0 1
-4.08945 6.15741 74.9003 -12.7123 5.86028 73.6191 -2.45815 -13 75 1 0 1
3.94963 2.00408 74.9003 -6.29585 2.05659 79.5784 -1.32904 -13 76 1 0 1
-11.1165 0.8416 74.9003 -15.2879 -0.397919 57.5765 -0.300429 -13 78 1 0 1
-5.0585 -3.35483 74.9003 -10.6131 -3.65363 61.5996 1.8824 -13 79 1 0 1
-5.01095 -8.77572 74.9003 -12.9702 -7.91124 70.4092 0.468313 -13 80 1 0 1
-3.50513 7.44123 74.9003 -10.9554 11.5111 68.396 0.505326 -13 81 1 0 1
-3.84711 -2.45425 74.9003 -8.63796 -1.40291 61.8585 1.66657 -13 82 1 0 1
-16.0558 17.5691 74.9003 -8.31595 10.7418 37.5477 0.484047 -13 83 1 0 1
-2.36642 -0.204286 74.9003 -10.3414 -1.07784 74.7629 1.55836 -13 85 1 0 1
-2.63504 -4.74762 74.9003 -9.16694 -8.5251 67.0581 0.258345 -13 86 1 0 1
-8.59704 -11.8899 74.9003 -10.4558 -9.68055 47.7896 1.38181 -13 87 1 0 1
-10.7474 -5.90388 74.9003 -17.3071 -5.75671 65.4172 0.0462757 -13 88 1 0 1
-2.87056 -2.64073 74.9003 -8.3877 -0.781038 61.1882 -0.107778 -13 89 1 0 1
-5.22933 5.90914 74.9003 -10.9863 5.49535 64.3762 0.273858 -13 90 1 0 1
0.27635 0.987566 74.9003 -3.99739 0.866264 54.809 0.485328 -13 92 1 0 1
-1.79979 2.09834 74.9003 -6.43771 0.741077 58.6782 1.31597 -13 93 1 0 1
-6.90869 22.2567 74.9003 -10.5426 17.5378 50.9602 -0.813486 -13 94 1 0 1
-5.37282 2.07061 74.9003 -12.4263 3.04622 69.0814 0.510732 -13 95 1 0 1
-6.03772 9.56229 74.9003 -11.1182 10.4901 59.0641 -1.32485 -13 96 1 0 1
-7.17391 -2.32284 74.9003 -10.3868 0.539365 55.6105 -0.536825 -13 97 1 0 1
-6.18224 -2.70598 74.9003 -12.3701 -0.765548 65.9328 0.897241 -13 98 1 0 1
-10.2182 10.8622 74.9003 -15.3473 10.3055 60.624 0.985518 -13 99 1 0 1
-0.651472 -5.8589 74.9003 -7.07712 -3.65882 66.6854 -0.40898 -13 100 1 0 1
3.99475 0.750547 74.9003 -2.45537 -0.458341 68.2906 -0.212313 -13 101 1 0 1
-2.8235 3.10213 74.9003 -9.45272 2.77902 66.249 0.379365 -13 102 1 0 1
6.2195 -2.02765 74.9003 0.205784 1.28198 61.9556 -1.96514 -13 103 1 0 1
-1.88542 -2.94882 74.9003 -8.22652 -4.40195 66.5132 0.160175 -13 104 1 0 1
-10.7833 4.89238 74.9003 -14.6496 7.81239 57.9197 -0.963389 -13 105 1 0 1
-6.95285 -6.11427 74.9003 -14.4399 -6.72988 68.4664 -0.590878 -13 107 1 0 1
2.27903 6.38264 74.9003 -3.3973 8.73355 62.9374 -0.330539 -13 108 1 0 1
-5.50474 1.62168 74.9003 -11.6741 2.1883 66.3129 1.4615 -13 109 1 0 1
-9.76046 2.50345 74.9003 -18.5399 3.24658 69.9691 0.196493 -13 110 1 0 1
-9.91532 -6.00229 74.9003 -19.9099 -4.59507 74.3046 0.147661 -13 111 1 0 1
-0.768137 0.135913 74.9003 -6.32172 -1.23074 55.6939 -1.34238 -13 112 1 0 1
-5.17507 8.96468 74.9003 -9.09649 7.18683 53.2754 1.30054 -13 113 1 0 1
0.917962 -11.2652 74.9003 -4.58571 -11.304 61.8186 0.422021 -13 114 1 0 1
2.50528 3.53041 74.9003 -2.18479 2.27287 49.2863 0.380981 -13 115 1 0 1
-13.9203 -2.70338 74.9003 -22.4842 -3.05302 68.6835 0.971839 -13 116 1 0 1
-8.31484 0.972019 74.9003 -12.0803 1.66714 53.6115 0.164495 -13 117 1 0 1
-2.27094 -1.24337 74.9003 -5.47475 -3.49375 46.4115 0.143117 -13 118 1 0 1
-2.64206 -4.83203 74.9003 -9.70739 -4.08216 69.7832 0.954026 -13 119 1 0 1
-1.56145 -9.94956 74.9003 -7.00117 -6.7762 60.1991 2.01075 -13 121 1 0 1
-9.86053 -5.86618 74.9003 -19.6278 -5.52238 74.2616 1.06078 -13 122 1 0 1
-6.15242 -10.5274 74.9003 -13.3669 -10.4531 68.9683 1.2028 -13 123 1 0 1
8.45316 1.32065 74.9003 2.62314 1.80462 58.1853 0.787967 -13 124 1 0 1
-7.17885 0.958627 74.9003 -17.8004 -2.10273 76.7363 1.37256 -13 126 1 0 1
-5.33061 11.4085 74.9003 -10.1085 8.87037 57.8478 -0.607728 -13 127 1 0 1
-5.57144 -3.87058 74.9003 -11.0609 -5.98864 62.7961 0.793415 -13 128 1 0 1
8.8706 8.16678 74.9003 2.74768 7.74161 58.7699 0.0130499 -13 129 1 0 1
-0.0072645 -2.16775 74.9003 -4.42124 0.249377 49.8159 1.12297 -13 130 1 0 1
-2.49073 2.44839 74.9003 -9.63963 2.60284 68.2487 -0.0226309 -13 131 1 0 1
2.21483 -0.172304 74.9003 -3.43825 -0.800013 63.7965 -0.877594 -13 133 1 0 1
4.5191 1.96643 74.9003 -3.14111 1.91715 74.602 0.818974 -13 134 1 0 1
-2.09862 3.80843 74.9003 -9.45769 1.73346 69.1075 1.2802 -13 135 1 0 1
5.46409 5.86429 74.9003 -0.168054 3.51562 56.0242 0.525072 -13 136 1 0 1
-12.7201 1.28663 74.9003 -17.5018 0.643708 60.1079 1.96543 -13 137 1 0 1
-10.1549 13.0136 74.9003 -13.4019 11.2969 52.9146 0.792883 -13 140 1 0 1
-7.3553 3.99991 74.9003 -10.2956 4.67712 50.6517 0.383503 -13 141 1 0 1
4.04267 4.11071 74.9003 -1.84889 6.12219 64.5649 2.35466 -13 142 1 0 1
-14.6803 -7.21789 74.9003 -21.9303 -7.92434 65.5489 -0.42675 -13 143 1 0 1
1.72809 -1.92591 74.9003 -5.26256 -3.49294 71.4979 3.31688 -13 144 1 0 1
-6.25805 -21.4673 74.9003 -10.321 -16.9701 52.6447 2.17839 -13 145 1 0 1
0.420501 -6.2735 74.9003 -5.65715 -4.61409 65.5202 0.641934 -13 146 1 0 1
-7.03808 -2.45099 74.9003 -12.7067 -2.51695 63.6543 -0.785158 -13 147 1 0 1
-11.2493 -8.47176 74.9003 -18.4208 -6.4592 67.0293 0.658957 -13 148 1 0 1
0.814062 9.20963 74.9003 -4.74315 7.31186 55.7888 -0.0523774 -13 149 1 0 1
-4.42488 10.4555 74.9003 -10.3871 11.1297 64.1561 0.237917 -13 150 1 0 1
-4.96213 -9.46854 74.9003 -9.487 -8.81667 55.5548 1.62803 -13 151 1 0 1
-3.44822 -2.34513 74.9003 -9.009 -2.67434 63.4977 2.5198 -13 152 1 0 1
-11.0687 -5.64872 74.9003 -17.4651 -8.10901 64.9335 -0.0994568 -13 153 1 0 1
-11.9594 -8.78224 74.9003 -22.9091 -10.3842 74.3682 -1.73271 -13 154 1 0 1
-12.9012 1.01358 74.9003 -18.9368 0.187471 63.6202 -1.06979 -13 155 1 0 1
3.57174 -6.83149 74.9003 -1.96011 -3.71456 46.0018 -0.0879133 -13 156 1 0 1
-11.3823 0.307846 74.9003 -16.0704 1.65613 59.7115 0.285915 -13 157 1 0 1
-5.21018 4.40028 74.9003 -16.2878 2.99975 77.7719 1.65244 -13 158 1 0 1
-13.9081 7.85969 74.9003 -16.2446 5.44969 53.3153 -0.247071 -13 159 1 0 1
8.80283 -0.290141 74.9003 2.46151 -0.113049 63.9996 0.345851 -13 160 1 0 1
2.04897 0.929831 74.9003 -4.89457 -1.40118 70.2769 1.90082 -13 161 1 0 1
-11.0484 6.12065 74.9003 -18.4043 8.77441 67.3218 -1.36768 -13 163 1 0 1
0.576089 -8.60276 74.9003 -5.63964 -10.4385 65.2255 0.395327 -13 164 1 0 1
4.4816 10.6555 74.9003 -1.36386 10.2252 62.3406 0.943866 -13 167 1 0 1
-8.18329 6.9762 74.9003 -19.8807 9.41217 76.3606 1.41319 -13 168 1 0 1
4.29846 -5.81313 74.9003 -1.56301 -6.27871 57.8837 0.0772256 -13 169 1 0 1
-8.07387 -2.12163 74.9003 -14.7124 -2.99367 65.9873 -0.336678 -13 170 1 0 1
12.4886 -9.134 74.9003 3.06653 -3.93078 41.4827 1.17826 -13 171 1 0 1
-8.79388 4.81017 74.9003 -12.2944 2.75443 54.9526 -0.0254243 -13 172 1 0 1
-1.55814 -9.47172 74.9003 -6.236 -8.60386 57.3981 0.498624 -13 173 1 0 1
-8.22282 4.18744 74.9003 -14.3914 1.16677 65.5528 0.572385 -13 174 1 0 1
-14.3822 -7.53216 74.9003 -14.4037 -6.75723 45.2589 0.234369 -13 176 1 0 1
7.74985 -9.29318 74.9003 1.16568 -7.35823 51.3911 -0.00314982 -13 177 1 0 1
-7.13248 -6.56299 74.9003 -10.21 -4.30379 51.0019 -0.211584 -13 178 1 0 1
2.31751 -11.5487 74.9003 -4.50253 -14.1343 68.5631 -0.43453 -13 179 1 0 1
-1.93082 -7.30877 74.9003 -6.23449 -5.36658 51.6328 1.91039 -13 180 1 0 1
0.798648 12.91 74.9003 -3.61615 10.3697 41.6417 0.445038 -13 183 1 0 1
-13.0835 -2.86225 74.9003 -16.8459 -3.78226 57.4838 -0.438754 -13 185 1 0 1
-4.41955 6.92072 74.9003 -7.26318 5.20169 41.1733 -0.224269 -13 186 1 0 1
-3.32333 1.22909 74.9003 -10.4188 4.47712 70.2325 1.44832 -13 188 1 0 1
-12.8673 -4.56631 74.9003 -24.5913 -5.83805 76.0278 0.485167 -13 189 1 0 1
-5.94376 2.21048 74.9003 -17.1483 5.75615 78.3592 1.14479 -13 192 1 0 1
-4.65039 12.331 74.9003 -11.4995 14.4664 67.463 0.06753 -13 194 1 0 1
-4.41747 0.105668 74.9003 -9.14343 0.241606 59.3145 2.59489 -13 195 1 0 1
1.52694 -0.860204 74.9003 -9.40574 -4.44735 80.0466 2.86755 -13 196 1 0 1
-11.3603 9.35692 74.9003 -16.2867 8.51913 60.9593 -0.590902 -13 197 1 0 1
5.07851 0.716055 74.9003 -0.889025 0.70853 49.8043 -0.230108 -13 198 1 0 1
-10.3531 -7.30656 74.9003 -12.6818 -4.79943 48.8803 1.03848 -13 200 1 0 1
-16.6209 -4.81087 74.9003 -10.9859 0.310465 20.4758 0.647107 -13 201 1 0 1
-7.16658 3.03445 74.9003 -12.2273 1.53691 60.6484 0.598089 -13 203 1 0 1
-9.2669 2.87336 74.9003 -11.741 0.288666 48.2967 1.79848 -13 205 1 0 1
7.9317 2.64362 74.9003 1.47058 2.81799 47.3513 -0.00267511 -13 210 1 0 1
5.18807 11.4166 74.9003 -1.26835 6.07731 42.112 1.00527 -13 211 1 0 1
-9.51501 18.3284 74.9003 -18.1177 19.6008 69.3048 2.40847 -13 212 1 0 1
-7.14406 5.76886 74.9003 -15.8649 5.01612 73.7016 1.33691 -13 214 1 0 1
-2.91607 -6.38476 74.9003 -10.6622 -10.1914 71.0118 2.05408 -13 215 1 0 1
-3.58977 0.632872 74.9003 -10.8338 0.892879 68.9593 1.46104 -13 216 1 0 1
12.4134 7.8028 74.9003 3.64899 7.03771 45.0276 -0.55364 -13 217 1 0 1
-7.70821 -3.6693 74.9003 -17.2015 -4.16569 75.5921 0.365892 -13 219 1 0 1
1.29352 3.95539 74.9003 -5.76722 2.72525 71.7795 2.71693 -13 220 1 0 1
5.66342 0.798113 74.9003 0.886908 -0.614474 55.4215 1.34664 -13 221 1 0 1
-7.65066 8.73492 74.9003 -15.4622 9.9946 70.3087 -0.444673 -13 222 1 0 1
-14.3736 3.00184 74.9003 -18.9313 4.36706 58.6723 1.39284 -13 223 1 0 1
-10.9497 -2.35816 74.9003 -15.661 -1.54312 60.4033 -0.0834964 -13 224 1 0 1
-5.07798 12.0271 74.9003 -8.87873 10.2881 51.8782 0.128536 -13 226 1 0 1
-11.7846 7.71056 74.9003 -16.4036 6.49486 59.5952 0.418775 -13 227 1 0 1
-3.1966 1.67513 74.9003 -13.1335 1.62977 77.1083 -1.56324 -13 228 1 0 1
-13.6171 2.83616 74.9003 -22.2646 0.872279 68.4051 0.619012 -13 229 1 0 1
-3.25865 -11.5557 74.9003 -6.66042 -7.80406 44.5391 0.0978633 -13 230 1 0 1
8.80671 16.158 74.9003 2.13058 18.2721 65.2016 1.61443 -13 231 1 0 1
15.0927 15.0268 74.9003 10.2632 6.77067 57.443 1.25984 -13 232 1 0 1
-2.4252 -5.24374 74.9003 -10.5285 -8.14637 72.4253 0.64665 -13 235 1 0 1
6.33303 -14.8724 74.9003 0.283012 -10.9622 53.4359 1.20558 -13 237 1 0 1
-6.44751 1.3889 74.9003 -11.7617 0.936648 61.3094 0.485428 -13 238 1 0 1
-14.6452 -0.222347 74.9003 -22.4061 2.19991 66.8402 1.65974 -13 239 1 0 1
-1.98769 19.4059 74.9003 -5.75484 13.3626 43.8942 0.119789 -13 240 1 0 1
-3.59284 3.3637 74.9003 -6.10465 1.82497 32.2656 1.34339 -13 241 1 0 1
-10.7863 -0.353275 74.9003 -14.4955 -2.19214 56.5049 2.25077 -13 242 1 0 1
3.60421 -10.792 74.9003 -2.68805 -9.58413 68.1478 0.275534 -13 243 1 0 1
-3.68122 3.63127 74.9003 -12.5293 4.027 74.5775 1.04431 -13 244 1 0 1
1.14023 5.289 74.9003 -6.02942 9.02467 71.0563 -0.312121 -13 245 1 0 1
-3.77565 3.81885 74.9003 -10.9721 6.72258 69.6444 0.189219 -13 246 1 0 1
-4.06301 -5.42579 74.9003 -9.22303 -3.33037 60.0742 0.0940802 -13 247 1 0 1
-8.91899 -5.95902 74.9003 -15.4622 -5.78239 65.7992 1.07675 -13 248 1 0 1
10.5744 7.60299 74.9003 3.80613 4.28503 61.7371 -0.519109 -13 249 1 0 1
-2.42223 -10.9005 74.9003 -9.29678 -11.5587 67.2251 -1.09477 -13 250 1 0 1
2.08072 17.8282 74.9003 -3.74359 13.2529 61.3638 -0.594258 -13 251 1 0 1
2.78147 0.985153 74.9003 -2.61966 -0.126407 63.6486 0.690092 -13 252 1 0 1
-4.65276 11.8192 74.9003 -12.5513 14.5704 69.3914 -0.951442 -13 253 1 0 1
-4.23184 5.7839 74.9003 -8.14915 5.23886 52.6621 -0.0317354 -13 254 1 0 1
-7.12856 0.66789 74.9003 -16.8389 2.93285 75.4918 0.336452 -13 255 1 0 1
-12.3397 1.46554 74.9003 -14.3755 1.12823 49.8453 -0.45841 -13 256 1 0 1
-6.32473 -14.4794 74.9003 -8.69131 -10.8971 43.702 0.258603 -13 257 1 0 1
-5.78767 0.624345 74.9003 -11.3944 -0.412085 62.0453 0.551678 -13 258 1 0 1
-1.67023 0.252299 74.9003 -5.84735 -1.26914 56.5239 -0.729043 -13 259 1 0 1
-8.36217 -3.47259 74.9003 -16.2191 -5.80325 70.4709 0.103596 -13 260 1 0 1
-11.3096 7.10728 74.9003 -15.6895 6.13378 57.8893 -0.683972 -13 261 1 0 1
-2.20419 -2.1624 74.9003 -7.12356 -1.49856 62.548 2.5343 -13 262 1 0 1
2.73857 -6.46251 74.9003 -3.02179 -6.08318 63.1059 -1.05114 -13 263 1 0 1
-7.96393 -4.15092 74.9003 -10.8378 -3.31264 49.2461 0.275406 -13 264 1 0 1
3.7038 6.24219 74.9003 -2.19635 7.11105 63.3889 1.13022 -13 265 1 0 1
0.419486 3.34372 74.9003 -6.27181 1.77497 70.2259 0.995876 -13 266 1 0 1
-8.07017 4.51017 74.9003 -13.5384 1.59053 61.9538 0.136548 -13 267 1 0 1
-8.26037 3.81144 74.9003 -9.6329 3.51207 40.4982 -0.532331 -13 268 1 0 1
-10.1363 5.18071 74.9003 -20.5712 2.78316 75.1306 0.874574 -13 269 1 0 1
-10.9266 -2.37885 74.9003 -16.027 -4.49997 61.4266 1.69981 -13 270 1 0 1
3.54721 -4.53268 74.9003 -4.55096 -7.72479 77.2831 -0.436548 -13 271 1 0 1
-8.09593 -10.0705 74.9003 -13.1918 -10.0905 60.1428 2.03529 -13 272 1 0 1
-0.963334 1.86158 74.9003 -7.15863 3.84915 66.5767 -1.61146 -13 274 1 0 1
3.48745 -3.7521 74.9003 -2.34071 -4.91507 59.1337 0.154261 -13 275 1 0 1
-0.365774 -9.61671 74.9003 -5.01719 -9.13838 56.5494 1.64274 -13 277 1 0 1
-16.2522 -3.48455 74.9003 -11.5734 -0.741895 32.7227 -2.03573 -13 279 1 0 1
-2.28967 3.49129 74.9003 -7.66165 2.2102 60.9333 0.682322 -13 280 1 0 1
-6.55725 -1.96147 74.9003 -13.2808 -0.482747 64.9418 -0.867491 -13 281 1 0 1
-10.1573 9.19379 74.9003 -11.7918 7.54428 45.3523 -0.303905 -13 282 1 0 1
0.262937 -12.9515 74.9003 -4.45102 -9.72944 48.9227 -1.09667 -13 283 1 0 1
-11.4041 8.66504 74.9003 -13.758 4.40154 51.1117 0.136392 -13 284 1 0 1
-14.4351 -7.60602 74.9003 -21.2364 -2.70958 65.823 -1.03141 -13 286 1 0 1
-9.25201 1.34643 74.9003 -11.9955 -0.658141 50.0918 -1.11518 -13 287 1 0 1
-3.05636 30.13 74.9003 -12.6155 35.2004 69.9504 0.144016 -13 288 1 0 1
-6.63782 9.08453 74.9003 -16.2806 10.7987 75.5709 0.853845 -13 289 1 0 1
13.5003 -2.07863 74.9003 4.44113 -2.10876 45.2049 0.70317 -13 290 1 0 1
-4.6824 -6.45029 74.9003 -13.8439 -8.67621 74.0365 0.843448 -13 291 1 0 1
-5.37909 4.22939 74.9003 -13.343 5.69241 71.2665 0.133524 -13 292 1 0 1
11.4525 5.7064 74.9003 4.68346 9.92358 70.3907 2.0035 -13 294 1 0 1
-9.59464 -3.10765 74.9003 -15.397 -3.59112 63.4128 0.508146 -13 295 1 0 1
3.48227 -4.21405 74.9003 -1.87459 -4.60285 54.0426 3.01193 -13 297 1 0 1
-2.81044 0.0874156 74.9003 -9.20416 -1.85462 66.4185 -1.44909 -13 298 1 0 1
-12.3126 5.74929 74.9003 -16.9637 3.78021 60.6833 -0.336022 -13 301 1 0 1
-13.8371 5.85051 74.9003 -18.7352 7.53316 60.1783 0.672835 -13 302 1 0 1
-7.216 0.570418 74.9003 -12.2715 2.86793 60.7426 0.440333 -13 303 1 0 1
-6.97746 5.4969 74.9003 -13.1452 7.28405 63.9517 0.952566 -13 304 1 0 1
-9.15868 -1.54838 74.9003 -15.2669 -3.04954 64.5412 -0.626187 -13 306 1 0 1
-6.72331 -14.4885 74.9003 -13.8607 -18.1969 65.783 -0.883645 -13 307 1 0 1
-7.5942 -13.2358 74.9003 -15.8865 -14.3294 70.5057 0.481935 -13 308 1 0 1
-12.1449 4.05752 74.9003 -18.0088 4.02972 62.8797 -0.437559 -13 309 1 0 1
4.67467 -2.2885 74.9003 -2.6238 -2.33279 72.1578 -0.00582269 -13 310 1 0 1
-12.7488 2.80484 74.9003 -20.4433 3.94873 67.7455 0.238671 -13 312 1 0 1
-15.2408 9.82482 74.9003 -16.1191 3.15904 67.4382 1.33617 -13 313 1 0 1
3.32207 -3.60006 74.9003 -3.82551 -3.4604 69.3629 -0.201015 -13 314 1 0 1
3.72659 -2.49435 74.9003 -1.74798 -0.113541 62.7687 -1.04784 -13 315 1 0 1
-6.25394 -20.2433 74.9003 -9.60935 -15.7481 49.3209 -0.753043 -13 316 1 0 1
-10.1091 -10.3704 74.9003 -15.4423 -10.541 61.0856 1.17266 -13 317 1 0 1
-1.98722 -3.16494 74.9003 -8.77543 -2.01249 68.8959 -1.02841 -13 318 1 0 1
-7.38433 4.38092 74.9003 -15.0732 7.41572 67.9713 2.40317 -13 319 1 0 1
3.63975 0.696649 74.9003 -3.18212 0.848466 72.1975 0.967318 -13 320 1 0 1
-0.903569 -0.608868 74.9003 -6.01279 -1.11433 56.5632 -1.23137 -13 321 1 0 1
-8.60597 2.60674 74.9003 -21.3659 4.10212 77.2107 2.21914 -13 322 1 0 1
2.33387 -5.44856 74.9003 -5.56925 -2.61414 75.551 0.584914 -13 323 1 0 1
-3.56873 6.93347 74.9003 -9.47069 7.09049 64.9174 -0.287404 -13 324 1 0 1
-3.61551 -6.61587 74.9003 -11.26 -7.96877 71.1487 0.356615 -13 325 1 0 1
-14.8338 2.47512 74.9003 -18.2793 -1.78049 56.2631 -1.10396 -13 328 1 0 1
-8.71956 9.06025 74.9003 -15.3842 10.4348 66.1117 1.47238 -13 329 1 0 1
1.88601 -3.61678 74.9003 -6.2791 -2.20863 76.0902 -0.489489 -13 330 1 0 1
-14.8988 6.9106 74.9003 -23.053 3.62412 68.0253 -1.19908 -13 331 1 0 1
-1.88631 4.77366 74.9003 -5.94102 4.38948 48.0948 4.50412 -13 333 1 0 1
-13.4847 -5.9775 74.9003 -18.7414 -5.35371 62.7954 0.710952 -13 334 1 0 1
-0.121824 -8.30012 74.9003 -5.99181 -8.82562 65.8585 0.705303 -13 335 1 0 1
-7.23623 -9.67866 74.9003 -14.7733 -9.4584 66.727 -0.295823 -13 336 1 0 1
-1.41571 -9.88064 74.9003 -6.25468 -10.7266 53.2052 1.29303 -13 338 1 0 1
-7.09392 -8.45487 74.9003 -10.0441 -5.74201 48.3729 0.794342 -13 339 1 0 1
-7.94796 4.12975 74.9003 -14.7632 5.27333 67.3665 0.564292 -13 340 1 0 1
0.366178 1.54882 74.9003 -7.87962 -0.768412 77.2194 0.291386 -13 341 1 0 1
-10.9547 3.49187 74.9003 -19.74 5.15275 70.5857 0.967382 -13 342 1 0 1
-4.91998 -4.87181 74.9003 -10.0579 -7.06086 60.8917 0.00786695 -13 343 1 0 1
1.80879 -0.505148 74.9003 -3.18172 1.79595 49.5887 0.0999802 -13 344 1 0 1
-6.61173 -0.041533 74.9003 -13.2445 1.30559 67.449 -0.49579 -13 345 1 0 1
-9.84312 0.215076 74.9003 -16.2973 0.325549 66.033 -0.483051 -13 347 1 0 1
-8.56004 4.06352 74.9003 -10.9547 5.96055 49.9307 -0.0900187 -13 348 1 0 1
2.88413 11.8906 74.9003 -2.79954 9.22613 56.1746 1.22999 -13 349 1 0 1
-3.35889 -5.7986 74.9003 -9.30321 -5.23909 64.4518 1.13085 -13 350 1 0 1
-15.479 1.08296 74.9003 -1.32352 13.0062 50.2013 -1.19135 -13 352 1 0 1
-10.1677 7.30258 74.9003 -15.6755 6.30742 63.1062 0.127594 -13 353 1 0 1
-8.19011 10.3021 74.9003 -11.4082 6.62806 51.0172 0.802769 -13 354 1 0 1
-10.8052 4.19123 74.9003 -19.9433 5.186 71.0935 -0.136128 -13 355 1 0 1
1.70656 8.06381 74.9003 -3.68724 9.22153 59.1966 0.645947 -13 356 1 0 1
-8.2355 1.50001 74.9003 -9.64723 1.84589 40.1046 0.486298 -13 357 1 0 1
4.54162 8.13481 74.9003 -1.28267 8.21706 51.3547 0.999157 -13 358 1 0 1
-1.84379 1.91524 74.9003 -6.97026 4.35361 61.5269 0.813007 -13 359 1 0 1
-11.1737 -5.03146 74.9003 -20.1747 -5.36482 72.1136 -0.276933 -13 360 1 0 1
-1.29 1.07634 74.9003 -10.3631 3.01963 76.5018 0.193356 -13 361 1 0 1
-11.5335 0.313776 74.9003 -17.1888 -1.53163 63.2423 -2.43041 -13 362 1 0 1
-6.57546 4.16073 74.9003 -15.4673 6.29691 73.3722 0.0204269 -13 363 1 0 1
-4.88289 -4.27918 74.9003 -11.2306 -3.23478 63.4078 0.595672 -13 364 1 0 1
-0.465254 7.63844 74.9003 -4.62813 7.19313 50.0637 -1.50047 -13 365 1 0 1
3.57377 -1.37357 74.9003 -1.6348 -1.26742 45.6983 2.66332 -13 366 1 0 1
2.04425 -2.28023 74.9003 -2.68272 -3.07631 41.292 1.76443 -13 367 1 0 1
-9.08406 6.95069 74.9003 -14.4943 7.85769 62.615 0.906286 -13 368 1 0 1
-5.80847 -2.53769 74.9003 -10.5146 -0.696385 59.2496 -0.728652 -13 369 1 0 1
-8.03739 -6.02231 74.9003 -13.6253 -5.09868 64.3289 2.74083 -13 371 1 0 1
-8.69783 -8.53483 74.9003 -11.3294 -9.36241 51.3703 1.21523 -13 372 1 0 1
-14.8115 -7.18586 74.9003 -19.9741 -7.70163 60.8649 1.06051 -13 373 1 0 1
-11.3159 -0.84995 74.9003 -21.1216 0.148428 73.4503 0.959217 -13 374 1 0 1
-17.7606 5.5941 74.9003 -12.0679 1.61171 31.1895 -1.05717 -13 375 1 0 1
-14.4108 -10.034 74.9003 -21.3955 -10.247 65.3264 0.824507 -13 376 1 0 1
4.91092 -5.92225 74.9003 -3.09598 -8.75587 78.0548 1.50793 -13 377 1 0 1
-9.64029 -8.59469 74.9003 -10.0959 -7.05844 39.1648 2.68764 -13 378 1 0 1
-6.9803 -15.7093 74.9003 -13.8102 -17.5827 64.7285 0.998219 -13 379 1 0 1
0.397165 -0.233573 74.9003 -4.79916 2.22279 59.6468 1.52827 -13 381 1 0 1
1.97034 -9.72425 74.9003 -5.2161 -10.9041 71.9645 0.000956358 -13 382 1 0 1
5.85054 3.87905 74.9003 0.496714 1.85564 58.9672 -0.970881 -13 384 1 0 1
-7.25278 -3.7366 74.9003 -13.3717 -5.88488 65.6419 2.12919 -13 385 1 0 1
0.00353908 3.49193 74.9003 -6.53669 3.00582 69.3776 2.27475 -13 386 1 0 1
-11.7832 -0.971134 74.9003 -19.7557 -2.08076 68.6371 0.471046 -13 387 1 0 1
-9.23703 0.64061 74.9003 -11.752 1.05085 49.6707 -0.341257 -13 388 1 0 1
9.8504 -0.0195051 74.9003 4.00296 1.04843 62.1863 1.40781 -13 389 1 0 1
-11.6682 -0.0701909 74.9003 -16.4832 -0.82343 61.4703 1.11703 -13 390 1 0 1
9.41023 1.76988 74.9003 3.04006 0.851287 52.6664 0.168575 -13 391 1 0 1
-6.47031 12.9669 74.9003 -11.5298 10.6231 58.9185 -0.426019 -13 394 1 0 1
-8.19475 11.389 74.9003 -16.8684 14.9465 72.0434 -1.31486 -13 395 1 0 1
7.01706 5.26109 74.9003 0.882692 3.17618 64.3473 0.210997 -13 396 1 0 1
-1.57712 -7.9989 74.9003 -6.85612 -6.29013 59.2228 1.64446 -13 397 1 0 1
-4.63832 -1.01604 74.9003 -11.0284 -1.81267 65.6568 1.22043 -13 398 1 0 1
-6.12623 -12.6397 74.9003 -13.9223 -12.0239 68.8802 2.39534 -13 399 1 0 1
-5.39263 2.3783 74.9003 -11.0834 6.17852 63.2766 0.338716 -13 400 1 0 1
1.18755 0.269051 74.9003 -6.07681 0.924627 71.5885 0.115989 -13 401 1 0 1
-1.57279 7.64635 74.9003 -5.98862 6.36418 57.9514 0.0881703 -13 402 1 0 1
-6.61584 -21.8546 74.9003 -13.4338 -24.777 65.7671 0.593844 -13 403 1 0 1
1.49579 -13.1065 74.9003 -4.51279 -15.1072 64.5425 1.58029 -13 404 1 0 1
-9.58289 -5.97923 74.9003 -14.2942 -7.67294 57.9971 -0.193485 -13 406 1 0 1
-10.302 -4.83238 74.9003 -16.0502 -3.39365 63.4224 1.65039 -13 407 1 0 1
6.28537 7.93234 74.9003 0.518583 7.41063 57.8138 2.19374 -13 408 1 0 1
2.18129 -1.64246 74.9003 -3.53586 -1.65331 64.2621 0.685343 -13 409 1 0 1
-10.048 -5.46368 74.9003 -19.4395 -6.12713 73.3147 -2.23361 -13 410 1 0 1
-14.3002 6.18811 74.9003 -12.7686 1.579 38.5448 1.05919 -13 411 1 0 1
-11.1527 -14.8418 74.9003 -17.0368 -14.4656 61.4888 1.64101 -13 412 1 0 1
-10.6344 6.16201 74.9003 -21.2391 5.9258 75.6164 0.423057 -13 413 1 0 1
-0.919258 9.08992 74.9003 -6.04097 8.64704 56.3852 0.738014 -13 415 1 0 1
1.81643 3.05802 74.9003 -3.96169 1.7572 24.2098 5.68971 -13 416 1 0 1
-3.04677 -24.4607 74.9003 -6.5018 -13.4468 38.0964 0.400475 -13 417 1 0 1
-5.28688 4.18595 74.9003 -12.2775 2.82114 68.3182 1.82398 -13 418 1 0 1
5.19081 -0.302203 74.9003 -0.700712 -0.0292156 64.3597 0.874555 -13 419 1 0 1
-4.64304 -6.76302 74.9003 -12.6427 -9.39692 71.9952 -0.0968122 -13 421 1 0 1
-11.9919 9.24142 74.9003 -18.2717 9.56631 63.2728 0.759403 -13 422 1 0 1
4.92372 17.583 74.9003 -0.581227 10.4134 46.8487 1.07965 -13 424 1 0 1
-8.14523 -2.77957 74.9003 -13.3968 -1.92289 62.4421 0.30671 -13 425 1 0 1
-6.21502 2.31759 74.9003 -15.1082 4.74908 72.1099 -1.08089 -13 426 1 0 1
2.73731 -8.54698 74.9003 -3.4417 -6.50252 63.403 -0.164833 -13 427 1 0 1
-11.3547 9.94401 74.9003 -17.2314 11.7703 62.41 0.753163 -13 428 1 0 1
4.48864 -12.4395 74.9003 -0.954327 -11.9251 57.0362 0.280381 -13 429 1 0 1
-3.69519 -4.89188 74.9003 -12.6558 -6.08974 74.4819 2.22633 -13 431 1 0 1
-2.11848 -0.865196 74.9003 -8.59262 0.634663 67.4951 2.29329 -13 432 1 0 1
-7.11931 -8.36777 74.9003 -14.5553 -11.4644 67.6437 1.72764 -13 433 1 0 1
-2.71937 7.37833 74.9003 -7.68414 9.17978 58.5271 0.493344 -13 434 1 0 1
12.5206 3.26345 74.9003 5.41426 2.08295 59.8033 1.43508 -13 435 1 0 1
-2.91882 -0.640199 74.9003 -9.45006 -0.07989 66.5908 -1.96755 -13 437 1 0 1
-10.2967 0.226631 74.9003 -12.7366 0.467571 52.6903 2.34835 -13 438 1 0 1
-6.5562 -8.10656 74.9003 -12.1473 -6.44979 61.2813 -0.765362 -13 439 1 0 1
-1.43142 4.41763 74.9003 -6.90932 4.7526 60.7775 0.577916 -13 440 1 0 1
-13.0147 0.738229 74.9003 -21.0567 0.539266 68.4213 1.7021 -13 441 1 0 1
-9.54905 -2.78299 74.9003 -15.1994 -0.171151 63.4333 0.212691 -13 442 1 0 1
-4.82602 3.38775 74.9003 -8.84995 5.502 55.3816 1.41944 -13 443 1 0 1
10.618 -2.78302 74.9003 4.26471 -2.02214 70.4388 1.30946 -13 444 1 0 1
1.65829 -0.284102 74.9003 -5.06763 -3.11313 68.9331 0.399925 -13 445 1 0 1
-9.85612 -7.31912 74.9003 -16.6293 -5.24188 66.7532 -1.21693 -13 446 1 0 1
1.85125 1.49841 74.9003 -3.3785 1.72258 56.9702 -0.0708137 -13 447 1 0 1
-6.21012 2.33166 74.9003 -13.2867 3.92066 69.1058 -1.67266 -13 448 1 0 1
-5.80042 1.34635 74.9003 -9.26711 0.175251 51.345 0.204286 -13 449 1 0 1
0.15941 3.21473 74.9003 -9.62266 1.73823 80.626 0.3831 -13 451 1 0 1
-5.24223 -3.7103 74.9003 -11.2913 -4.51215 66.5443 1.42903 -13 452 1 0 1
-0.572046 -5.64694 74.9003 -5.09556 -4.66223 59.1402 0.0257222 -13 453 1 0 1
-10.111 -4.4551 74.9003 -12.0344 -3.71833 50.0407 1.74911 -13 454 1 0 1
1.85665 -4.64661 74.9003 -3.04818 -5.54896 55.052 0.569451 -13 455 1 0 1
0.995815 8.61568 74.9003 -5.11806 9.27266 64.2464 -0.292097 -13 456 1 0 1
3.40932 5.74035 74.9003 -1.56097 6.83941 56.8821 1.16952 -13 457 1 0 1
-1.27324 -21.1022 74.9003 -6.48924 -16.6337 52.7279 -0.707553 -13 458 1 0 1
4.21617 7.89062 74.9003 -2.74308 6.78202 74.4896 1.99684 -13 459 1 0 1
-10.6001 -1.09229 74.9003 -16.6646 0.242326 63.0278 0.189074 -13 460 1 0 1
-13.6052 9.13293 74.9003 -18.8709 10.1491 61.5295 0.70563 -13 461 1 0 1
-9.08918 -0.0192849 74.9003 -14.4245 0.389751 61.9512 0.0635763 -13 462 1 0 1
-0.973057 -3.37007 74.9003 -7.65797 -3.20832 68.3973 1.80802 -13 463 1 0 1
4.4882 15.0905 74.9003 -1.52562 14.7249 61.4771 0.207175 -13 464 1 0 1
-2.30389 8.82558 74.9003 -7.23903 8.34855 56.0282 0.711596 -13 466 1 0 1
5.0654 -4.17457 74.9003 -1.0233 -1.42075 34.4367 0.432627 -13 467 1 0 1
-3.56438 -2.19599 74.9003 -7.575 -4.34993 55.5107 -0.454394 -13 468 1 0 1
-10.2206 17.188 74.9003 -12.2493 12.6212 47.4084 0.885389 -13 469 1 0 1
-0.965717 -7.69587 74.9003 -7.01204 -6.21483 63.974 -0.1102 -13 470 1 0 1
-7.66745 11.9908 74.9003 -10.1498 8.45882 47.0915 1.63024 -13 471 1 0 1
-1.73225 -14.8758 74.9003 -5.54328 -9.54632 41.5608 1.67431 -13 472 1 0 1
-8.54008 -3.23045 74.9003 -11.6575 -3.00902 53.5915 -0.219491 -13 473 1 0 1
2.53955 -7.41912 74.9003 -2.81933 -7.05798 61.6836 -0.255334 -13 474 1 0 1
-2.23667 6.36207 74.9003 -9.39235 8.14734 70.3816 1.9121 -13 475 1 0 1
-3.95195 13.1117 74.9003 -9.6581 11.5317 65.5029 -0.929741 -13 477 1 0 1
-8.74878 -5.85889 74.9003 -13.9326 -4.77587 59.6115 -1.4092 -13 478 1 0 1
-3.79729 -0.837044 74.9003 -7.50359 -1.61433 47.0781 -0.179624 -13 479 1 0 1
-0.541858 6.05388 74.9003 -5.42221 6.09033 54.3539 0.71305 -13 480 1 0 1
1.50641 -5.20619 74.9003 -3.0349 -2.7037 32.328 1.19683 -13 481 1 0 1
-4.93529 -8.90713 74.9003 -7.65063 -8.02254 45.0836 0.852993 -13 482 1 0 1
-16.3645 9.56289 74.9003 -27.8254 7.58345 45.8379 1.161 -13 483 1 0 1
-14.9778 -0.0215735 74.9003 -21.4818 -1.0442 63.7278 -0.893577 -13 484 1 0 1
-6.46249 -12.0712 74.9003 -10.9731 -12.3707 56.3082 3.14978 -13 486 1 0 1
2.78009 3.46291 74.9003 -4.03534 2.15981 69.0961 0.49677 -13 487 1 0 1
-8.94673 3.53983 74.9003 -9.92108 4.83412 39.2423 1.85888 -13 489 1 0 1
-3.36714 -3.00634 74.9003 -8.78724 -4.70934 62.4162 -1.43319 -13 490 1 0 1
-5.37244 -0.74151 74.9003 -12.6451 -3.25976 69.0666 1.22502 -13 491 1 0 1
-2.56528 4.58145 74.9003 -7.91242 6.3731 60.6645 1.5702 -13 492 1 0 1
-10.0532 -4.66982 74.9003 -13.6675 -4.66139 57.4084 1.42556 -13 493 1 0 1
-7.09434 -1.88013 74.9003 -7.92953 -2.08571 33.2971 0.692236 -13 494 1 0 1
-2.54542 10.7243 74.9003 -5.59682 4.46618 41.7683 -2.20107 -13 495 1 0 1
-4.55873 -12.4239 74.9003 -7.38239 -7.95249 42.0484 0.776554 -13 496 1 0 1
-8.67321 -2.94383 74.9003 -14.5792 -2.5469 62.4879 0.656866 -13 497 1 0 1
-10.7477 6.78651 74.9003 -17.6228 7.39306 66.0795 -0.048568 -13 498 1 0 1
-4.7171 6.72435 74.9003 -8.45142 3.94129 51.1849 -0.398349 -13 499 1 0 1
9.83794 -2.02957 74.9003 2.93725 -3.2742 52.2084 -0.704299 -13 500 1 0 1
-0.82014 7.2015 74.9003 -10.2438 7.15028 77.755 0.0541196 -13 501 1 0 1
-10.5734 -20.76 74.9003 -17.0579 -18.0073 63.998 -1.23499 -13 503 1 0 1
-8.82565 1.10445 74.9003 -15.1319 1.95216 64.0497 0.67356 -13 504 1 0 1
9.91364 1.64215 74.9003 3.8298 1.42095 57.4339 -0.729312 -13 505 1 0 1
-11.5657 -1.85052 74.9003 -22.8474 -3.33004 75.7388 1.62059 -13 506 1 0 1
1.37438 14.9458 74.9003 -3.97966 11.5418 48.6091 0.899782 -13 507 1 0 1
2.19957 -9.76116 74.9003 -3.28517 -8.22106 63.0341 1.35036 -13 508 1 0 1
3.44666 -7.6851 74.9003 -3.81152 -8.01735 72.3557 0.367583 -13 509 1 0 1
-14.3421 -2.26071 74.9003 -17.7701 -1.57436 55.2502 -0.00500591 -13 512 1 0 1
-3.24782 2.34779 74.9003 -7.22216 3.02813 50.6376 1.54179 -13 513 1 0 1
-10.1544 -0.0261285 74.9003 -13.5729 0.0164063 53.6098 -3.07669 -13 514 1 0 1
-6.6085 -0.44304 74.9003 -10.8528 2.07016 56.7761 -1.55928 -13 516 1 0 1
-5.5004 -0.678758 74.9003 -13.2087 -2.56843 70.8806 -0.781897 -13 517 1 0 1
-6.41336 0.957801 74.9003 -11.9652 1.85871 63.6616 1.17442 -13 518 1 0 1
-12.8456 2.61239 74.9003 -24.0582 2.08925 74.5733 0.257055 -13 519 1 0 1
-4.94182 -4.25402 74.9003 -9.42916 -5.68285 59.4456 2.89459 -13 520 1 0 1
-10.1099 -10.5102 74.9003 -17.1329 -10.0192 67.2543 -1.12695 -13 521 1 0 1
-3.40572 4.57633 74.9003 -13.8877 5.15435 79.3624 1.22741 -13 522 1 0 1
-12.0071 5.55308 74.9003 -19.0838 4.33268 66.9973 1.21156 -13 523 1 0 1
-4.27261 -5.9736 74.9003 -9.25266 -1.99699 60.9596 1.08667 -13 524 1 0 1
-5.66303 11.7596 74.9003 -7.47859 6.44403 37.9093 1.16864 -13 525 1 0 1
-13.5514 -2.81348 74.9003 -21.926 -0.592513 68.5116 0.38177 -13 526 1 0 1
-10.7739 11.03 74.9003 -14.6976 9.81956 56.5109 1.40492 -13 527 1 0 1
-12.36 5.64779 74.9003 -14.4904 4.37467 51.4954 3.08426 -13 528 1 0 1
7.52764 -8.71887 74.9003 0.924591 -12.2261 70.9536 1.12803 -13 529 1 0 1
-6.51988 5.07776 74.9003 -12.7188 5.12789 65.7163 -0.264081 -13 530 1 0 1
-3.08949 3.68554 74.9003 -7.52988 4.03209 58.6462 1.35676 -13 531 1 0 1
0.436768 -0.772623 74.9003 -6.34323 -0.0350692 69.8576 1.29919 -13 534 1 0 1
-4.50201 10.8775 74.9003 -11.6879 14.7793 67.0182 -2.48961 -13 535 1 0 1
-2.27254 -0.501346 74.9003 -6.90081 1.22554 54.3857 -0.529655 -13 536 1 0 1
0.786322 11.0324 74.9003 -4.27977 9.76689 62.9162 0.456814 -13 538 1 0 1
6.70944 -3.43995 74.9003 -0.858859 -3.27192 77.1981 1.69353 -13 540 1 0 1
-8.69661 8.32833 74.9003 -16.4139 10.2208 68.2159 1.28373 -13 541 1 0 1
-0.909989 0.675004 74.9003 -7.33228 1.80054 67.3312 0.345882 -13 542 1 0 1
2.72149 -4.7124 74.9003 -3.17091 -6.85107 66.8368 -0.182053 -13 543 1 0 1
-0.787475 -2.35662 74.9003 -6.33615 -2.84176 62.9068 0.773566 -13 544 1 0 1
-7.41475 -21.5379 74.9003 -14.8861 -23.6041 66.7318 1.48747 -13 545 1 0 1
-8.48448 -18.4703 74.9003 -10.421 -11.5211 41.3385 0.953014 -13 546 1 0 1
-9.33912 14.0209 74.9003 -12.179 11.646 49.6718 -0.298542 -13 547 1 0 1
-3.16511 4.87117 74.9003 -8.61398 6.75438 60.7433 2.61924 -13 548 1 0 1
-1.64907 -4.98431 74.9003 -6.45043 -2.58905 57.3033 2.93328 -13 549 1 0 1
-0.818076 -9.2441 74.9003 -4.81569 -2.96701 33.8373 1.78463 -13 551 1 0 1
-2.13351 3.38057 74.9003 -10.6122 3.86158 72.9337 1.55921 -13 555 1 0 1
-10.9914 9.4659 74.9003 -14.4247 7.58541 53.8864 0.87605 -13 556 1 0 1
0.0353917 0.17812 74.9003 -5.36772 -0.528664 61.082 2.78324 -13 557 1 0 1
-9.45386 -2.72271 74.9003 -14.2354 -3.76249 59.8189 -2.24978 -13 558 1 0 1
1.10704 -2.8894 74.9003 -6.03212 -4.79258 70.2307 -0.0151914 -13 564 1 0 1
-10.2846 -7.14382 74.9003 -13.1472 -4.8052 52.6079 0.581663 -13 567 1 0 1
-7.84862 8.10378 74.9003 -15.1472 9.61556 69.0739 0.503074 -13 568 1 0 1
-4.83377 -5.52717 74.9003 -10.1292 -5.55786 59.6239 2.15032 -13 569 1 0 1
-6.68542 -7.33758 74.9003 -9.48267 -4.49621 49.9829 -2.00701 -13 570 1 0 1
-1.43267 -4.37541 74.9003 -9.5597 -6.77274 74.7391 0.163843 -13 572 1 0 1
-12.0893 -2.18855 74.9003 -18.6068 -4.74172 65.8349 2.2757 -13 573 1 0 1
-15.3696 21.098 74.9003 -14.7603 17.8159 44.6257 -0.578197 -13 574 1 0 1
-4.16613 -3.25425 74.9003 -11.2046 -3.47538 68.4678 0.506805 -13 575 1 0 1
-5.72659 3.09632 74.9003 -12.3378 0.183355 67.34 -0.567259 -13 576 1 0 1
-3.3721 -6.69212 74.9003 -9.6244 -3.69031 64.7696 -1.63896 -13 577 1 0 1
-11.4447 11.6596 74.9003 -19.641 12.9544 69.1302 2.2667 -13 578 1 0 1
1.92701 -14.5176 74.9003 -3.50282 -13.8764 61.1393 0.103162 -13 579 1 0 1
3.98928 4.18551 74.9003 -1.67075 2.66669 62.4784 0.416521 -13 581 1 0 1
6.49589 1.52648 74.9003 0.231745 2.58273 48.9306 0.402482 -13 582 1 0 1
-0.108965 -0.710801 74.9003 -7.16072 -1.72675 70.7982 -0.123656 -13 583 1 0 1
-1.41907 -1.03131 74.9003 -7.6336 -2.97419 63.6963 -0.419261 -13 584 1 0 1
-2.61989 -6.49585 74.9003 -9.15817 -8.13794 64.8664 -1.71734 -13 585 1 0 1
-4.9866 -4.91515 74.9003 -12.669 -6.48746 70.0977 2.50244 -13 586 1 0 1
-11.74 10.9312 74.9003 -20.6121 13.999 69.9927 0.686754 -13 587 1 0 1
1.10094 -0.530774 74.9003 -5.06097 0.989576 66.4994 -1.79195 -13 588 1 0 1
-6.07691 3.30725 74.9003 -13.2692 2.57609 68.7034 -0.92028 -13 589 1 0 1
-15.2928 -10.6039 74.9003 -23.5283 -4.29425 67.0914 -0.537241 -13 590 1 0 1
-12.4286 -1.23102 74.9003 -22.9856 0.245413 74.2283 2.89748 -13 591 1 0 1
-6.83245 0.338158 74.9003 -13.8753 -0.505473 69.8268 -2.29041 -13 592 1 0 1
-2.44782 5.55439 74.9003 -7.76026 2.65198 63.4839 2.28484 -13 593 1 0 1
-1.95652 -4.3793 74.9003 -7.76799 -2.66531 63.079 0.930377 -13 595 1 0 1
-3.32514 -8.55752 74.9003 -14.0558 -11.2528 79.5053 -1.40881 -13 598 1 0 1
-13.9138 -4.17997 74.9003 -13.6717 -2.97069 43.3167 -1.11434 -13 599 1 0 1
-8.15155 -9.97734 74.9003 -10.6663 -7.67334 48.9821 0.974639 -13 600 1 0 1
3.83472 -0.158783 74.9003 -1.8782 -0.435243 59.6177 1.5539 -13 601 1 0 1
-4.15043 -5.41749 74.9003 -9.50927 -4.90688 62.8911 0.99255 -13 602 1 0 1
2.54527 -0.551364 74.9003 -1.92765 -1.37549 47.7159 0.594029 -13 604 1 0 1
-9.70594 -23.5336 74.9003 -13.7854 -19.2386 55.4641 0.457634 -13 605 1 0 1
2.65179 -2.21445 74.9003 -3.97526 -2.27124 66.7947 2.97428 -13 606 1 0 1
4.11254 10.2067 74.9003 -4.11906 14.4073 75.8061 -0.422657 -13 607 1 0 1
-11.7158 2.77341 74.9003 -18.1273 6.4212 64.7701 -1.30688 -13 610 1 0 1
-10.2208 2.13613 74.9003 -12.8601 0.0391799 52.0181 1.33351 -13 611 1 0 1
5.29174 2.41785 74.9003 -0.76684 3.76843 57.0444 -1.83746 -13 612 1 0 1
3.93743 -10.9304 74.9003 -2.17575 -6.23024 38.1924 1.89133 -13 613 1 0 1
-6.59449 -5.07621 74.9003 -11.8986 -6.58655 62.7742 0.0752128 -13 614 1 0 1
-14.5178 -1.58203 74.9003 -22.8579 -4.36094 69.7993 1.17537 -13 615 1 0 1
-0.976859 4.61551 74.9003 -9.82889 6.82963 77.0378 0.126735 -13 616 1 0 1
-7.56105 -9.93015 74.9003 -13.158 -8.45964 61.6627 -0.306294 -13 617 1 0 1
-11.0759 21.0453 74.9003 -15.0141 18.8665 54.6629 -0.606249 -13 618 1 0 1
4.52971 13.4847 74.9003 -1.32513 11.6172 50.7142 1.16386 -13 619 1 0 1
-8.89951 3.22312 74.9003 -19.1765 3.41908 75.3646 -1.86126 -13 620 1 0 1
-3.64191 -10.1807 74.9003 -8.47465 -6.90413 58.792 1.08447 -13 621 1 0 1
0.178238 -25.5215 74.9003 -5.10728 -19.3721 54.6965 0.791578 -13 622 1 0 1
-8.12037 -5.04015 74.9003 -12.4657 -2.72932 58.7964 0.108573 -13 623 1 0 1
-3.62178 -5.13077 74.9003 -9.0462 -6.12237 63.4746 0.0912948 -13 624 1 0 1
-14.8533 13.0371 74.9003 -17.3692 8.80099 52.8013 -0.407224 -13 625 1 0 1
1.50277 0.397372 74.9003 -5.62218 -1.06405 70.4943 2.82013 -13 626 1 0 1
-16.3071 3.58306 74.9003 -7.64904 7.14903 38.6703 0.948486 -13 627 1 0 1
-4.618 -15.4681 74.9003 -11.8401 -15.645 69.5069 0.518516 -13 628 1 0 1
-9.66087 14.9873 74.9003 -14.9494 15.5782 62.3452 0.590839 -13 629 1 0 1
-6.55706 3.01665 74.9003 -10.4153 3.21675 57.7094 -0.238891 -13 631 1 0 1
-9.03828 -7.31215 74.9003 -15.2966 -6.93349 64.5962 -1.11965 -13 632 1 0 1
6.00349 3.94025 74.9003 0.455801 2.75245 56.3905 -0.388017 -13 633 1 0 1
7.51201 -1.49957 74.9003 1.31449 -0.309664 52.5835 0.642019 -13 635 1 0 1
-13.8137 7.59265 74.9003 -22.2504 10.4293 68.9151 -1.72935 -13 636 1 0 1
0.0141523 -0.670563 74.9003 -7.57065 -1.80231 71.7704 0.459192 -13 637 1 0 1
0.601053 -8.48792 74.9003 -5.6786 -8.40077 65.613 -1.57344 -13 639 1 0 1
-2.26103 7.41267 74.9003 -5.94437 4.33008 38.0976 -1.59883 -13 640 1 0 1
0.968655 -12.4744 74.9003 -4.8725 -12.4515 61.3176 -0.913182 -13 641 1 0 1
-1.9061 -8.88944 74.9003 -6.2708 -6.4456 56.9522 0.384859 -13 642 1 0 1
-8.46287 -11.1135 74.9003 -15.9985 -11.9287 68.1912 -0.00255376 -13 643 1 0 1
-13.4819 -12.4791 74.9003 -14.7744 -9.95059 46.7204 2.72324 -13 644 1 0 1
-2.31368 -9.18123 74.9003 -6.94029 -7.29539 56.2275 1.42637 -13 645 1 0 1
-14.4113 3.48103 74.9003 -23.0505 3.35735 68.418 1.72387 -13 646 1 0 1
1.30267 2.11881 74.9003 -4.79292 2.86765 68.0503 0.253319 -13 649 1 0 1
-6.90401 -5.4539 74.9003 -15.4464 -4.57444 71.8301 1.31068 -13 650 1 0 1
-2.08483 3.30107 74.9003 -8.81725 3.01009 67.4422 0.854241 -13 651 1 0 1
-7.89671 -2.09829 74.9003 -14.1027 -2.73622 64.2518 1.36841 -13 652 1 0 1
-4.64958 -5.71729 74.9003 -11.5336 -4.55273 67.2053 0.982665 -13 653 1 0 1
-0.422819 -4.68258 74.9003 -3.6847 -2.7341 39.8763 0.104769 -13 654 1 0 1
2.06469 -1.97348 74.9003 -3.50006 0.28678 60.9672 0.98194 -13 657 1 0 1
-9.00952 -8.93781 74.9003 -16.2897 -6.97389 66.7654 2.57561 -13 659 1 0 1
-5.31037 0.175967 74.9003 -11.6881 0.718206 65.1527 -1.15157 -13 660 1 0 1
-10.8321 -8.04033 74.9003 -20.8682 -11.9402 72.6296 1.96579 -13 661 1 0 1
0.152561 3.34749 74.9003 -4.85896 3.99758 57.2509 0.823466 -13 663 1 0 1
-10.1645 -8.78729 74.9003 -18.0604 -8.50628 67.7065 2.07864 -13 664 1 0 1
-7.77852 -3.58644 74.9003 -17.2475 -5.17762 74.6701 0.626866 -13 665 1 0 1
-6.98448 -0.713693 74.9003 -11.8429 -0.185652 58.844 -1.78321 -13 667 1 0 1
-4.26354 -13.7193 74.9003 -10.259 -13.7511 65.8799 1.73076 -13 669 1 0 1
-1.36095 -8.98115 74.9003 -8.78472 -9.2181 71.6542 0.358671 -13 670 1 0 1
4.15195 -15.3235 74.9003 -1.68404 -14.1424 61.7694 0.847008 -13 671 1 0 1
3.21556 9.90115 74.9003 -2.94815 8.07189 56.1916 1.94492 -13 672 1 0 1
-7.2253 23.7291 74.9003 -11.7161 19.5078 56.0239 0.72744 -13 673 1 0 1
6.58397 5.25495 74.9003 -0.124921 5.11687 62.3947 1.21425 -13 674 1 0 1
-9.40248 -12.8262 74.9003 -14.3701 -12.8492 60.3299 3.53946 -13 675 1 0 1
7.11087 5.44064 74.9003 0.582463 5.2553 49.5288 0.25236 -13 676 1 0 1
7.91459 -2.14361 74.9003 1.09339 -2.9652 66.6896 1.35229 -13 677 1 0 1
-8.53314 11.0072 74.9003 -16.1743 15.6252 68.8655 1.89064 -13 678 1 0 1
-15.5947 13.4181 74.9003 -11.1965 11.0753 53.1065 0.373425 -13 679 1 0 1
-13.4567 2.6199 74.9003 -15.8228 1.0917 52.9799 -0.487149 -13 680 1 0 1
-6.56611 -3.48509 74.9003 -14.568 -7.66458 71.4788 -2.89982 -13 681 1 0 1
14.1045 8.96763 74.9003 7.12538 11.3389 62.1415 2.41339 -13 683 1 0 1
-8.3268 -6.48203 74.9003 -13.1933 -5.51671 59.5656 0.163857 -13 684 1 0 1
-0.23607 10.4009 74.9003 -6.95836 11.2658 68.8065 0.762351 -13 686 1 0 1
-4.44556 5.59367 74.9003 -8.16415 5.60211 51.1638 2.0993 -13 687 1 0 1
-7.57073 4.52468 74.9003 -13.7673 2.89763 64.9631 0.329447 -13 688 1 0 1
3.13334 -12.7363 74.9003 -2.35717 -12.967 59.7604 1.38161 -13 690 1 0 1
-3.08091 0.743376 74.9003 -9.25414 -1.0886 63.8527 -1.58837 -13 691 1 0 1
-8.64417 4.60324 74.9003 -13.7595 1.94895 60.3396 -0.568853 -13 692 1 0 1
-4.56041 11.1559 74.9003 -8.49081 5.08515 49.1106 2.26396 -13 693 1 0 1
-4.52549 -10.5696 74.9003 -10.5946 -8.22591 63.6659 2.73789 -13 694 1 0 1
-8.16454 7.5391 74.9003 -13.6473 7.46458 62.4617 0.727864 -13 696 1 0 1
-9.75524 2.25774 74.9003 -17.9572 3.53089 68.6431 0.889775 -13 697 1 0 1
6.83933 -11.3299 74.9003 0.733629 -6.63766 44.1705 -0.229001 -13 699 1 0 1
-1.99633 -2.52233 74.9003 -9.63116 -2.6528 71.5517 1.74712 -13 700 1 0 1
-2.08028 8.05492 74.9003 -8.78571 10.4223 68.962 1.69928 -13 701 1 0 1
-3.22683 2.78115 74.9003 -6.78579 2.25848 43.5305 1.80737 -13 702 1 0 1
-13.8976 5.73024 74.9003 -25.5707 5.5744 75.4138 -1.87394 -13 703 1 0 1
1.22897 11.5824 74.9003 -3.72606 11.6089 56.3096 -0.0626439 -13 704 1 0 1
-5.66347 5.71284 74.9003 -9.22515 3.89074 52.3985 1.84242 -13 705 1 0 1
-12.6925 0.546039 74.9003 -14.7906 0.558005 51.6544 -1.1692 -13 706 1 0 1
-5.93547 2.79923 74.9003 -13.7304 6.3102 70.6565 3.67646 -13 707 1 0 1
-8.6189 -4.91586 74.9003 -14.2369 -6.19021 63.5653 0.462436 -13 709 1 0 1
-4.07962 -6.63064 74.9003 -6.53499 -5.81971 41.401 -0.456845 -13 710 1 0 1
-0.408511 2.05193 74.9003 -5.05319 0.0449354 50.0942 0.11762 -13 711 1 0 1
-10.077 -11.7253 74.9003 -17.0794 -11.545 65.8582 1.76444 -13 712 1 0 1
-7.3475 -7.6912 74.9003 -18.7054 -10.8756 78.2397 0.348809 -13 713 1 0 1
-7.00295 1.31448 74.9003 -9.7761 -0.505573 48.1745 2.10778 -13 714 1 0 1
-9.51572 6.06088 74.9003 -17.2472 7.74388 68.5506 -0.70786 -13 715 1 0 1
0.298882 10.3026 74.9003 -4.06343 7.70483 49.9454 1.66696 -13 716 1 0 1
-5.16867 -2.96623 74.9003 -8.60549 -2.90426 52.1094 2.22029 -13 717 1 0 1
-10.3513 0.0496461 74.9003 -18.4492 -1.32302 69.5472 1.306 -13 718 1 0 1
-1.90482 2.4105 74.9003 -9.13612 4.259 70.9643 0.261178 -13 719 1 0 1
-9.64807 2.76406 74.9003 -15.5029 2.74274 63.492 2.46658 -13 720 1 0 1
0.757908 -11.5625 74.9003 -6.50251 -12.2207 70.4224 0.276844 -13 721 1 0 1
0.249069 -9.06284 74.9003 -4.64825 -8.32246 54.5062 -1.10974 -13 722 1 0 1
-5.32559 -6.11852 74.9003 -10.5591 -3.98773 59.9201 -0.80974 -13 723 1 0 1
-5.06503 10.9828 74.9003 -12.9072 10.8584 70.6571 2.36634 -13 724 1 0 1
-12.7692 9.72196 74.9003 -15.5699 6.8505 52.6344 0.152204 -13 725 1 0 1
7.9403 -13.7641 74.9003 1.72971 -11.6224 53.8035 -0.550944 -13 726 1 0 1
-0.812729 3.68636 74.9003 -5.17123 2.79591 43.9159 2.4252 -13 727 1 0 1
-2.57088 25.1057 74.9003 -6.48732 16.0907 39.2673 0.210306 -13 728 1 0 1
-1.31145 -5.4575 74.9003 -10.0743 -5.62795 75.3437 -1.47413 -13 729 1 0 1
-10.0322 -6.39065 74.9003 -17.2568 -5.64156 67.5809 -0.869997 -13 731 1 0 1
-8.55756 4.9711 74.9003 -15.2013 3.78177 67.41 2.37915 -13 732 1 0 1
-14.5275 0.846253 74.9003 -14.2721 -1.09897 43.793 0.0631788 -13 733 1 0 1
-0.661591 2.02108 74.9003 -7.47763 -3.38792 70.8966 2.60864 -13 734 1 0 1
13.6296 9.0219 74.9003 4.56055 5.16242 46.4401 -0.70207 -13 735 1 0 1
-3.36486 8.26819 74.9003 -6.94692 5.85325 45.7571 0.266235 -13 736 1 0 1
-11.014 10.1646 74.9003 -15.6036 8.80045 60.0322 2.45966 -13 737 1 0 1
5.23243 0.832579 74.9003 -0.633642 2.11106 58.698 1.93247 -13 738 1 0 1
-0.639463 -3.01291 74.9003 -5.8899 -1.1921 58.9542 -0.748975 -13 739 1 0 1
-8.85977 0.563235 74.9003 -17.1772 0.27816 70.8505 1.13568 -13 740 1 0 1
6.76056 4.44395 74.9003 -2.8978 1.72313 20.0487 2.71606 -13 741 1 0 1
-8.96576 3.08228 74.9003 -16.4902 4.57057 69.8187 1.68947 -13 743 1 0 1
-12.0169 7.76669 74.9003 -14.8678 5.09738 53.176 0.685285 -13 744 1 0 1
5.16747 10.8561 74.9003 -2.30449 11.1981 72.0436 2.31024 -13 745 1 0 1
-9.16396 -5.58101 74.9003 -15.9383 -5.73311 65.9209 -1.44723 -13 746 1 0 1
-4.10329 -2.72988 74.9003 -10.5986 -2.54429 66.9771 0.54497 -13 747 1 0 1
-14.0939 0.131103 74.9003 -14.4329 0.72169 46.1235 -1.34894 -13 748 1 0 1
-1.08551 -7.50512 74.9003 -8.88311 -8.50154 71.9879 1.47926 -13 749 1 0 1
-5.13907 7.6846 74.9003 -10.6054 3.15213 63.0818 1.08713 -13 750 1 0 1
-12.8946 8.04719 74.9003 -14.8747 7.07036 49.8657 0.454311 -13 751 1 0 1
-8.82702 11.4277 74.9003 -15.0132 13.248 64.5681 -0.109368 -13 752 1 0 1
-6.78756 3.63351 74.9003 -12.026 1.7496 62.9416 -0.658457 -13 753 1 0 1
-15.2073 -1.06246 74.9003 -24.0889 0.118255 62.1121 0.683196 -13 754 1 0 1
-0.593816 -2.62775 74.9003 -8.76472 -3.834 74.7327 -1.08536 -13 755 1 0 1
-1.58837 6.06102 74.9003 -8.24063 8.52231 67.2901 -0.673781 -13 756 1 0 1
6.66762 -7.1455 74.9003 0.923283 -5.02968 53.319 -0.695856 -13 757 1 0 1
-1.6881 -6.95013 74.9003 -5.5702 -8.29282 55.6028 0.764477 -13 758 1 0 1
-0.921396 -16.3164 74.9003 -6.92661 -16.0785 60.8763 1.53789 -13 759 1 0 1
-3.9422 7.04397 74.9003 -8.0181 5.6338 53.2117 0.619643 -13 760 1 0 1
-2.59709 -7.29111 74.9003 -7.75659 -5.44954 58.6558 1.085 -13 761 1 0 1
6.18012 5.66966 74.9003 -0.116866 7.35749 60.7465 1.65512 -13 763 1 0 1
-0.349529 3.05796 74.9003 -7.2857 3.82204 70.0257 -2.23715 -13 764 1 0 1
-8.97664 -6.19585 74.9003 -13.9792 -6.70583 62.9129 -0.175562 -13 765 1 0 1
4.49099 -15.8244 74.9003 -2.36547 -7.13948 27.2253 -0.448505 -13 766 1 0 1
-5.62299 -1.99284 74.9003 -10.2081 -2.46638 57.4021 -0.0483249 -13 767 1 0 1
1.64341 -20.7618 74.9003 -4.70733 -20.7594 65.194 0.997073 -13 768 1 0 1
-6.9553 -2.93154 74.9003 -8.1818 -3.04636 36.457 0.669658 -13 769 1 0 1
-11.5455 -3.05051 74.9003 -18.782 -7.73606 68.1004 -0.685227 -13 770 1 0 1
-13.445 -22.5272 74.9003 -11.6667 -12.3051 32.8619 -0.0806267 -13 771 1 0 1
-0.266199 -5.13611 74.9003 -4.78842 -5.31173 55.118 0.230372 -13 772 1 0 1
2.21974 0.331956 74.9003 -6.11031 0.934617 76.497 0.85038 -13 773 1 0 1
-14.8228 -4.58828 74.9003 -17.7682 -2.83504 55.1575 1.35111 -13 774 1 0 1
8.6142 -4.14626 74.9003 2.63295 -5.186 61.4056 0.306381 -13 775 1 0 1
-9.81174 5.92704 74.9003 -12.8455 5.19135 53.3308 2.93936 -13 776 1 0 1
-11.6847 -5.93404 74.9003 -18.0874 -6.96501 64.2369 0.341552 -13 777 1 0 1
-7.52821 11.0758 74.9003 -9.85939 9.67742 45.4552 3.04639 -13 778 1 0 1
-11.1911 -8.99043 74.9003 -17.7049 -9.08042 65.7992 2.05381 -13 779 1 0 1
0.948759 -1.40808 74.9003 -4.59037 -1.12673 67.5513 -0.547048 -13 780 1 0 1
-5.80051 5.95972 74.9003 -11.7218 4.64192 65.1248 0.254916 -13 781 1 0 1
-8.24401 -10.4247 74.9003 -13.7084 -9.80976 61.1084 0.890864 -13 782 1 0 1
3.34588 -5.74734 74.9003 -2.15238 -4.41507 58.9696 1.3713 -13 783 1 0 1
-9.88539 -5.0248 74.9003 -20.2703 -9.59783 74.7423 0.140779 -13 785 1 0 1
4.78578 3.76597 74.9003 -1.0723 1.7942 47.6577 -0.582324 -13 787 1 0 1
4.43625 -0.371429 74.9003 -2.17249 -2.89807 71.0667 0.784982 -13 789 1 0 1
-3.87001 -2.72243 74.9003 -9.26583 -4.66653 59.3071 2.3944 -13 790 1 0 1
0.0253147 -12.1437 74.9003 -6.21991 -14.1783 66.8118 -1.05634 -13 791 1 0 1
-9.85917 -2.20267 74.9003 -15.7904 -1.95824 64.704 2.55854 -13 792 1 0 1
-0.515187 -0.91449 74.9003 -5.27483 -2.08845 52.6586 2.19872 -13 793 1 0 1
-6.77681 3.29564 74.9003 -13.239 4.60738 67.3726 0.645632 -13 794 1 0 1
-14.694 -10.7596 74.9003 -17.5453 -9.42874 52.9388 -1.9914 -13 795 1 0 1
-14.1275 1.98302 74.9003 -17.0589 1.50375 55.9738 0.2963 -13 796 1 0 1
-5.42973 -1.05911 74.9003 -8.12158 -2.66374 46.8848 -0.379217 -13 797 1 0 1
-6.33963 15.06 74.9003 -15.1733 17.2812 71.9236 2.34901 -13 798 1 0 1
-8.20091 4.85626 74.9003 -13.3723 3.7732 61.0597 1.28988 -13 799 1 0 1
3.87321 4.34312 74.9003 -1.98958 1.5894 69.1866 2.58287 -13 801 1 0 1
-7.83736 -6.96822 74.9003 -13.8904 -8.38668 64.211 -0.912694 -13 802 1 0 1
-2.24869 1.54458 74.9003 -10.9163 5.02195 74.7976 -1.34649 -13 803 1 0 1
8.67304 0.395572 74.9003 1.88993 0.753917 50.6415 -0.0688155 -13 804 1 0 1
-2.03177 0.95668 74.9003 -6.7577 0.290871 56.1885 1.3884 -13 806 1 0 1
-12.8938 -10.6481 74.9003 -18.5174 -9.32402 63.3534 0.765189 -13 807 1 0 1
-15.1916 0.983315 74.9003 -19.9102 -0.089317 58.0031 -0.176614 -13 809 1 0 1
-9.79696 -2.46493 74.9003 -19.5321 -4.17013 74.2321 -0.332105 -13 810 1 0 1
-4.17017 3.54553 74.9003 -10.8248 4.9851 69.3043 0.13947 -13 811 1 0 1
-1.14339 10.1679 74.9003 -6.15061 10.0228 55.8413 1.16104 -13 813 1 0 1
-5.12167 0.039512 74.9003 -10.2808 1.83329 61.7481 1.08608 -13 814 1 0 1
-0.534208 8.8533 74.9003 -5.35751 7.96798 54.7335 -1.65335 -13 815 1 0 1
-3.17681 -2.41574 74.9003 -12.4461 -2.72542 75.7753 1.82492 -13 816 1 0 1
-4.91215 -1.30044 74.9003 -6.682 -0.681625 38.6043 -1.16549 -13 817 1 0 1
-3.69148 -11.8435 74.9003 -7.08878 -9.82653 47.2728 0.335314 -13 820 1 0 1
-10.0307 0.693961 74.9003 -12.6434 2.29715 50.8686 -1.32805 -13 821 1 0 1
-11.5993 4.67024 74.9003 -25.0545 2.65407 77.5011 0.959955 -13 822 1 0 1
0.102271 -0.0127768 74.9003 -4.54126 -1.19894 57.0562 0.298337 -13 823 1 0 1
-11.3562 -3.80354 74.9003 -16.2444 -3.76808 58.7816 0.655442 -13 825 1 0 1
-4.06533 6.15911 74.9003 -10.523 8.08105 65.7207 -1.0391 -13 826 1 0 1
-4.24546 -13.1644 74.9003 -9.57587 -13.7956 60.9699 3.0335 -13 827 1 0 1
-3.187 -0.761827 74.9003 -8.55032 -2.40997 63.5023 -2.09807 -13 828 1 0 1
4.69082 -21.2997 74.9003 -1.912 -16.237 48.1364 1.23107 -13 829 1 0 1
-6.69109 -11.0764 74.9003 -12.343 -11.1538 62.2751 0.201948 -13 830 1 0 1
-1.55993 -2.23962 74.9003 -7.74827 -3.54921 65.1988 2.33751 -13 831 1 0 1
-5.24008 -6.68676 74.9003 -9.25177 -6.18789 55.1835 0.751915 -13 832 1 0 1
-3.86396 -13.0903 74.9003 -9.12516 -12.4095 59.2926 0.750632 -13 833 1 0 1
-10.9577 -9.55424 74.9003 -15.209 -7.36503 58.2072 0.148659 -13 834 1 0 1
-8.07231 -12.5545 74.9003 -18.5854 -15.5218 74.6346 -0.611606 -13 835 1 0 1
1.20369 11.5001 74.9003 -5.42817 12.291 65.0818 0.240117 -13 836 1 0 1
5.65166 -15.7612 74.9003 -0.789341 -13.1873 66.0823 1.38917 -13 837 1 0 1
0.456067 5.86603 74.9003 -6.72488 4.01917 70.8011 -0.987637 -13 838 1 0 1
-6.5056 -9.604 74.9003 -10.0641 -6.57562 54.0548 -0.0129891 -13 839 1 0 1
-12.8222 1.96318 74.9003 -17.1242 1.22612 58.3185 2.80444 -13 840 1 0 1
-12.6444 8.97681 74.9003 -16.1243 6.3476 55.795 -1.43741 -13 841 1 0 1
-8.69779 -2.83471 74.9003 -17.0001 -2.34736 71.378 -0.636293 -13 842 1 0 1
-8.67997 -11.0847 74.9003 -17.6365 -15.5287 71.0362 0.827458 -13 843 1 0 1
-13.5809 13.0449 74.9003 -16.9651 11.3422 55.3332 1.28367 -13 844 1 0 1
-0.182168 -0.368644 74.9003 -5.40777 0.865705 59.8537 1.35403 -13 845 1 0 1
2.44221 -17.9451 74.9003 -3.44123 -8.98553 35.5212 1.00293 -13 846 1 0 1
1.24879 -8.8806 74.9003 -3.98907 -4.44457 57.8984 -0.787666 -13 847 1 0 1
-7.64625 6.76632 74.9003 -11.0369 4.46343 53.705 -0.407569 -13 848 1 0 1
3.69601 -9.98945 74.9003 -2.96629 -10.0858 68.2773 -0.533978 -13 850 1 0 1
-11.7684 7.11576 74.9003 -15.6629 5.24365 57.1087 -0.0920908 -13 851 1 0 1
3.87261 -1.03798 74.9003 -4.26669 -0.678376 75.5562 0.835797 -13 852 1 0 1
-10.4631 2.53211 74.9003 -15.1707 2.24469 59.3842 1.46041 -13 853 1 0 1
-7.63784 0.886201 74.9003 -15.2322 -1.64384 67.6258 -0.473111 -13 854 1 0 1
-12.503 12.592 74.9003 -16.8819 11.6381 58.407 0.502645 -13 855 1 0 1
-0.44864 -5.58525 74.9003 -6.17046 -2.63734 65.7188 -0.517054 -13 857 1 0 1
-11.9445 -0.530828 74.9003 -13.8072 0.397037 50.284 2.01048 -13 859 1 0 1
-10.2416 4.0277 74.9003 -16.6281 4.30601 65.4216 1.67918 -13 860 1 0 1
-7.0703 -5.33995 74.9003 -16.3992 -6.72949 75.1193 -1.48769 -13 861 1 0 1
-6.94963 3.3042 74.9003 -12.3734 4.13441 61.9489 0.285525 -13 862 1 0 1
-7.42286 -2.0087 74.9003 -12.4261 -1.18267 61.3244 -0.240003 -13 864 1 0 1
-10.1115 -5.89049 74.9003 -13.294 -3.3581 53.507 2.18476 -13 865 1 0 1
-4.34963 13.6023 74.9003 -8.87534 13.2429 54.6917 0.342295 -13 866 1 0 1
1.28867 9.34128 74.9003 -6.45201 9.19579 73.515 -0.313125 -13 867 1 0 1
-8.16695 2.08023 74.9003 -18.824 0.917661 76.2856 -1.29983 -13 868 1 0 1
-5.75701 -4.42165 74.9003 -10.6464 -5.13495 58.6022 1.13464 -13 870 1 0 1
-6.64574 -16.5174 74.9003 -12.758 -16.8392 63.0253 -0.81857 -13 871 1 0 1
-10.737 -2.72284 74.9003 -17.0499 -1.71185 64.9247 -0.765637 -13 872 1 0 1
-0.970644 0.560049 74.9003 -8.07083 -0.895101 71.0941 -0.734745 -13 873 1 0 1
-9.26287 6.7475 74.9003 -15.6166 7.16554 64.776 2.94205 -13 874 1 0 1
-11.328 -4.67797 74.9003 -16.3624 -5.06773 60.5978 0.584781 -13 875 1 0 1
1.24632 5.94546 74.9003 -6.68374 5.91732 74.7453 0.332408 -13 876 1 0 1
-2.82868 9.91672 74.9003 -9.08427 13.7233 67.3427 -1.65321 -13 877 1 0 1
-4.72641 9.2187 74.9003 -12.8137 12.3387 71.3108 -3.3658 -13 878 1 0 1
0.484748 -7.24875 74.9003 -5.72052 -8.05141 67.966 1.15992 -13 880 1 0 1
0.0549282 -8.4545 74.9003 -4.90624 -7.49734 57.2266 2.20063 -13 881 1 0 1
6.76243 17.82 74.9003 -0.564774 19.7853 73.1934 -0.22486 -13 882 1 0 1
5.00789 14.9399 74.9003 -1.81516 15.8633 63.4304 0.00642081 -13 883 1 0 1
7.46112 4.43645 74.9003 0.361318 3.24225 36.9871 0.307669 -13 885 1 0 1
-0.880166 -1.31706 74.9003 -10.4168 -5.34832 78.8412 2.64996 -13 886 1 0 1
-16.1744 8.86266 74.9003 -29.9711 12.6286 46.7844 0.852533 -13 887 1 0 1
-3.02453 0.185894 74.9003 -6.99889 -1.60484 55.1555 0.411881 -13 888 1 0 1
-8.54521 -4.82457 74.9003 -12.3142 -3.73411 55.4332 -0.256535 -13 889 1 0 1
0.918473 -14.5611 74.9003 -5.67987 -15.5667 67.025 -0.814818 -13 890 1 0 1
-8.98484 -0.787423 74.9003 -9.06175 -0.0277009 32.483 -0.602038 -13 891 1 0 1
-8.34822 -3.05601 74.9003 -15.9382 -0.681661 69.8096 0.753711 -13 892 1 0 1
3.05116 -5.22016 74.9003 -4.6077 -5.27216 75.9844 0.271441 -13 894 1 0 1
-11.7829 14.7388 74.9003 -18.4847 15.9638 65.3407 -1.3524 -13 896 1 0 1
-9.8513 -5.84969 74.9003 -12.153 -4.16434 46.9838 -1.37092 -13 897 1 0 1
-3.18784 -0.147126 74.9003 -7.95479 0.66664 55.2466 -0.341722 -13 898 1 0 1
7.66506 2.96651 74.9003 1.80547 4.05243 61.5272 0.0447045 -13 899 1 0 1
-1.72974 3.92905 74.9003 -8.36328 1.89195 67.8202 0.886251 -13 901 1 0 1
6.69623 -3.04691 74.9003 0.862465 -3.97333 55.0088 0.913682 -13 902 1 0 1
-3.73347 -10.6365 74.9003 -12.29 -8.11171 73.2573 1.44744 -13 903 1 0 1
-0.677564 -2.52617 74.9003 -6.02464 -4.09685 58.2887 2.26994 -13 904 1 0 1
-5.77725 8.12089 74.9003 -12.2752 6.60818 66.1124 0.612281 -13 907 1 0 1
-4.95933 -9.35922 74.9003 -13.3449 -8.40507 71.4317 0.973099 -13 909 1 0 1
-7.88217 -4.8221 74.9003 -15.2468 -5.43956 68.5787 0.128934 -13 910 1 0 1
-9.48707 23.4805 74.9003 -10.7371 15.0437 38.6532 -0.173115 -13 911 1 0 1
-1.91793 16.7328 74.9003 -7.3593 11.8833 53.8765 -0.45466 -13 912 1 0 1
-6.3408 8.69876 74.9003 -18.1487 13.6712 76.973 1.57718 -13 913 1 0 1
-2.11339 -10.0237 74.9003 -7.47559 -8.24584 60.6109 -0.541961 -13 915 1 0 1
-12.746 11.2744 74.9003 -11.7177 7.46266 37.0951 0.239224 -13 917 1 0 1
-5.06998 8.05174 74.9003 -10.7312 6.95416 64.6288 -0.301696 -13 919 1 0 1
-11.6387 -1.3256 74.9003 -22.8273 0.437212 76.0844 0.722901 -13 920 1 0 1
0.429249 -0.403995 74.9003 -4.16914 -2.22375 33.7151 0.860134 -13 921 1 0 1
-11.8134 -11.0321 74.9003 -24.035 -12.3073 76.5621 2.7139 -13 922 1 0 1
-14.9456 -0.20241 74.9003 -18.3325 -0.296458 55.5841 0.179067 -13 923 1 0 1
-6.56182 4.37402 74.9003 -13.1644 3.15601 66.8262 -0.751259 -13 924 1 0 1
-9.66241 8.19758 74.9003 -14.6877 8.12425 59.6833 0.689749 -13 925 1 0 1
-11.3223 3.77391 74.9003 -21.486 3.10318 73.714 1.65134 -13 926 1 0 1
-7.50242 -4.4349 74.9003 -13.1952 -2.23343 66.3298 0.84708 -13 927 1 0 1
-6.99595 -5.0398 74.9003 -11.151 -4.90442 56.214 0.099265 -13 928 1 0 1
-7.82797 -1.09978 74.9003 -14.898 -1.27957 68.5007 1.62484 -13 930 1 0 1
3.02114 -0.955532 74.9003 -2.98516 -2.65402 63.0021 2.29985 -13 931 1 0 1
-0.717834 10.9191 74.9003 -7.4319 13.051 67.5792 1.32211 -13 933 1 0 1
-9.37315 2.36012 74.9003 -18.3652 3.68448 72.1314 -0.275968 -13 934 1 0 1
7.07024 -2.26456 74.9003 1.58905 0.184119 61.0564 0.344893 -13 936 1 0 1
-7.54879 -4.76082 74.9003 -16.0642 -2.86794 71.3939 0.0667789 -13 938 1 0 1
-10.3633 -0.459583 74.9003 -14.6883 -0.25664 59.154 -0.230329 -13 939 1 0 1
-9.21493 1.65589 74.9003 -13.6654 2.60431 58.5823 0.281648 -13 940 1 0 1
-5.9444 -0.337387 74.9003 -12.0589 1.3091 66.1065 0.508283 -13 941 1 0 1
5.71983 -1.58948 74.9003 -1.33191 -1.83417 72.1642 0.830708 -13 942 1 0 1
-0.73089 -3.43857 74.9003 -7.27629 -2.67108 67.2418 1.70913 -13 943 1 0 1
-9.97172 0.395332 74.9003 -12.2831 2.25133 50.4244 -0.0780675 -13 944 1 0 1
-3.73248 13.1856 74.9003 -11.2954 16.0504 69.4427 1.17401 -13 945 1 0 1
-10.5166 7.03135 74.9003 -11.6086 4.76102 42.6572 -0.339477 -13 946 1 0 1
1.6077 -0.285584 74.9003 -4.30057 1.45251 65.013 -0.878923 -13 947 1 0 1
-3.66876 0.334557 74.9003 -7.32761 1.44957 48.1495 1.67154 -13 948 1 0 1
-8.96185 6.44974 74.9003 -14.4945 5.37985 63.8117 0.369756 -13 950 1 0 1
1.26288 -2.85154 74.9003 -4.09887 -2.66873 59.578 2.98535 -13 952 1 0 1
-5.49841 -5.86929 74.9003 -10.7513 -5.80054 58.1819 0.590105 -13 953 1 0 1
-6.78165 -18.6714 74.9003 -10.4352 -15.1165 52.8396 0.121734 -13 954 1 0 1
-2.39559 -4.19551 74.9003 -7.87775 -6.53598 59.9421 0.862175 -13 955 1 0 1
-9.07693 3.06868 74.9003 -12.0887 0.804227 52.0238 0.26291 -13 956 1 0 1
-13.6135 -0.274133 74.9003 -27.9003 -1.32837 75.7778 -0.511828 -13 958 1 0 1
6.34319 -6.27445 74.9003 0.176881 -6.52863 62.0928 0.719436 -13 959 1 0 1
-8.91863 3.62121 74.9003 -17.68 3.20105 71.9573 -1.72425 -13 960 1 0 1
-3.42387 -8.63207 74.9003 -7.39141 -6.16171 54.4373 0.535581 -13 961 1 0 1
-0.166821 -0.34647 74.9003 -4.13628 -0.313153 34.0424 1.21984 -13 962 1 0 1
8.1809 -1.60592 74.9003 1.66047 -5.77114 68.2644 2.29161 -13 963 1 0 1
-6.55409 0.960823 74.9003 -11.112 0.213951 60.4776 2.27357 -13 964 1 0 1
-8.1435 -7.20366 74.9003 -13.8617 -7.86077 62.7232 1.73417 -13 965 1 0 1
-15.425 1.41621 74.9003 -5.09558 -3.21719 6.93391 2.67842 -13 966 1 0 1
-0.15581 -1.47118 74.9003 -4.5415 -0.291666 53.8233 0.928754 -13 967 1 0 1
-3.12046 -6.36211 74.9003 -6.42093 -5.55907 48.972 0.967815 -13 969 1 0 1
0.937131 -6.94024 74.9003 -5.08915 -7.92995 64.1299 0.250874 -13 970 1 0 1
1.50748 -2.64727 74.9003 -4.6229 -0.23293 68.4774 -0.829523 -13 971 1 0 1
-12.9898 -3.06201 74.9003 -10.6451 -0.855244 29.4645 -0.189947 -13 973 1 0 1
-10.4433 4.98514 74.9003 -17.1396 5.40705 66.7826 -0.292371 -13 974 1 0 1
-11.8908 4.9533 74.9003 -20.376 8.86003 70.5852 1.97542 -13 975 1 0 1
-12.8295 -2.42964 74.9003 -20.927 -3.77292 68.0896 -1.09557 -13 979 1 0 1
-11.1357 -10.5504 74.9003 -16.3617 -11.6757 59.6174 -0.316962 -13 981 1 0 1
-3.87287 11.3023 74.9003 -9.41482 9.64479 63.0419 -0.316786 -13 982 1 0 1
-9.57523 2.80318 74.9003 -17.4746 6.41081 69.2639 0.0125383 -13 983 1 0 1
-8.07546 0.24669 74.9003 -12.6291 0.751194 58.4813 1.25323 -13 985 1 0 1
-14.688 -8.9473 74.9003 -18.6161 -7.33325 57.1047 0.0754362 -13 986 1 0 1
-4.09724 -17.7154 74.9003 -9.3233 -16.7199 58.6178 0.81468 -13 987 1 0 1
0.714748 -4.09542 74.9003 -5.62033 -3.41796 69.5028 1.40706 -13 989 1 0 1
-7.60519 -5.17412 74.9003 -14.4974 -8.11208 67.7865 0.625171 -13 990 1 0 1
-2.8902 -9.21562 74.9003 -6.03374 -6.55741 48.9823 2.06694 -13 993 1 0 1
9.77293 -31.0862 74.9003 1.29907 -19.2536 44.7241 -0.291533 -13 994 1 0 1
-1.03722 0.6351 74.9003 -6.74908 1.22218 63.7916 -1.44183 -13 995 1 0 1
-12.1987 -0.84119 74.9003 -18.8985 -1.0925 65.6318 0.562213 -13 996 1 0 1
-10.7046 3.40324 74.9003 -12.2106 2.59973 45.4218 2.87115 -13 997 1 0 1
2.06127 -1.91957 74.9003 -3.23102 -1.23287 56.6895 0.368858 -13 999 1 0 1
-10.5122 -4.35386 74.9003 -11.9657 -3.0453 45.4607 -0.0858207 -13 1000 1 0 1
