#BLTrackFile NTuple/Z53
#x y z Px Py Pz t PDGid EventID TrackID ParentID Weight
#mm mm mm MeV/c MeV/c MeV/c ns - - - - -
-6.04876 -3.06986 53.3342 -15.3964 -3.30566 78.104 -0.88716 -13 1 1 0 1
4.93786 3.33531 53.3342 0.778322 -1.68633 81.0345 0.226917 -13 2 1 0 1
-2.00237 -0.865719 53.3342 -8.02643 -1.96495 79.1994 1.16473 -13 3 1 0 1
-7.69948 -3.68824 53.3342 -20.2522 -3.26133 77.613 0.626669 -13 4 1 0 1
-10.2269 2.66321 53.3342 -18.5373 1.30554 77.9341 0.751343 -13 5 1 0 1
-4.53161 -2.76947 53.3342 -13.0928 -2.86749 78.9426 -0.505235 -13 6 1 0 1
-2.00244 -4.11722 53.3342 -4.4513 -6.05621 80.0504 -0.635293 -13 7 1 0 1
-2.69908 2.72035 53.3342 -2.9056 10.8168 79.864 0.167123 -13 8 1 0 1
2.24856 4.25069 53.3342 2.13327 8.34124 78.6267 1.36531 -13 9 1 0 1
-3.87168 -2.04076 53.3342 -8.52251 -1.40012 79.7575 0.951657 -13 10 1 0 1
0.325137 5.29735 53.3342 -3.95928 8.72321 79.5942 -0.254006 -13 11 1 0 1
-5.72124 -7.41096 53.3342 -10.7595 -15.9097 78.5745 1.94323 -13 12 1 0 1
3.88253 6.47058 53.3342 8.85419 10.1911 77.8159 -0.643276 -13 13 1 0 1
4.84119 -3.91005 53.3342 5.73802 -2.96467 79.1542 -1.26451 -13 14 1 0 1
0.345526 -4.86201 53.3342 -1.24828 -8.23132 80.7894 1.74038 -13 15 1 0 1
13.615 -13.4745 53.3342 20.6283 -24.5324 74.522 2.40324 -13 16 1 0 1
-2.16358 5.0372 53.3342 -5.12284 11.2234 79.8499 -0.397185 -13 17 1 0 1
-5.97849 -4.82804 53.3342 -9.98195 -10.6856 78.8264 1.64791 -13 18 1 0 1
-7.66886 1.43622 53.3342 -16.6699 4.56374 76.7977 0.389881 -13 19 1 0 1
-4.96531 -5.17752 53.3342 -10.6057 -8.4507 78.8564 3.21611 -13 20 1 0 1
-2.96735 -3.43584 53.3342 0.0127867 -6.47549 79.6131 -0.140197 -13 21 1 0 1
-2.60312 1.45039 53.3342 -4.42522 7.58188 80.8887 -0.938917 -13 22 1 0 1
-3.73589 1.8151 53.3342 -3.66584 1.97103 80.8845 0.728432 -13 23 1 0 1
-10.9623 6.49506 53.3342 -19.069 11.3381 76.6824 0.951795 -13 24 1 0 1
3.61209 -4.30536 53.3342 2.69315 -4.32175 80.1174 0.56487 -13 25 1 0 1
0.143357 6.79005 53.3342 -2.04079 13.0102 80.1652 0.141218 -13 26 1 0 1
0.26198 -4.51411 53.3342 -1.76583 -2.69301 79.4206 1.72849 -13 27 1 0 1
3.17673 -5.48203 53.3342 1.18773 -9.74698 80.5697 0.534332 -13 28 1 0 1
-6.43136 -0.802158 53.3342 -6.22676 -7.52082 78.7013 -0.290023 -13 29 1 0 1
-1.72655 2.25515 53.3342 -6.16803 7.43635 78.8353 1.28729 -13 30 1 0 1
-1.62046 0.550604 53.3342 -7.26958 2.90705 78.4152 0.00616761 -13 31 1 0 1
-6.73706 3.81068 53.3342 -13.0941 7.50954 78.6545 -0.220836 -13 32 1 0 1
-0.558383 -3.62974 53.3342 3.28249 -4.61002 80.3367 1.10755 -13 33 1 0 1
-5.96717 -1.28535 53.3342 -13.314 0.2096 79.6379 -0.342525 -13 34 1 0 1
-8.71849 -6.36388 53.3342 -19.6316 -9.59133 78.1014 2.4707 -13 35 1 0 1
-5.64499 -2.06537 53.3342 -12.0725 0.631649 78.9604 -0.834301 -13 36 1 0 1
0.00752689 -4.61946 53.3342 -6.53011 -10.7004 80.6799 -1.17301 -13 37 1 0 1
-1.63592 -2.92883 53.3342 -3.51305 -7.33902 79.5311 1.71509 -13 38 1 0 1
-0.806117 -4.23343 53.3342 3.26957 -12.4875 79.2706 -1.50141 -13 39 1 0 1
-2.42896 3.89877 53.3342 -4.67546 7.02737 77.7764 1.01483 -13 40 1 0 1
0.627947 5.83738 53.3342 -0.450404 8.8784 79.2706 0.108501 -13 41 1 0 1
-0.0410611 3.80637 53.3342 -3.39212 3.3367 79.8548 1.52315 -13 42 1 0 1
-6.65382 -1.8022 53.3342 -20.3762 -3.61452 77.2992 0.597466 -13 43 1 0 1
2.13092 1.59244 53.3342 5.0658 1.31433 80.8005 0.897233 -13 44 1 0 1
2.09432 -5.24143 53.3342 9.7924 -7.00749 79.3286 1.22227 -13 45 1 0 1
0.340412 -3.02331 53.3342 -2.70813 -5.22979 79.1357 0.668927 -13 46 1 0 1
-1.45809 5.57987 53.3342 -4.00933 5.94158 77.4306 1.19131 -13 47 1 0 1
-2.01292 3.59037 53.3342 -6.8012 11.0577 77.42 0.967778 -13 48 1 0 1
0.175188 -7.2135 53.3342 -3.25944 -19.6795 78.3148 -0.277723 -13 49 1 0 1
-4.8981 -0.345352 53.3342 -5.86867 2.02699 79.5518 -0.429679 -13 50 1 0 1
-0.919356 2.15118 53.3342 -6.66414 0.477439 78.1163 -0.0235753 -13 51 1 0 1
-2.35221 4.60875 53.3342 -4.52639 9.61557 80.6759 0.331069 -13 52 1 0 1
0.27323 1.53442 53.3342 2.06226 0.997839 80.8566 -2.10415 -13 53 1 0 1
-2.5172 4.85344 53.3342 -2.54611 6.42184 79.8755 0.242573 -13 54 1 0 1
-0.514566 -2.75768 53.3342 -5.14836 -6.73064 78.1748 1.17224 -13 55 1 0 1
7.85734 0.356384 53.3342 12.8873 0.790357 79.9613 -0.724225 -13 56 1 0 1
-1.2582 1.49376 53.3342 2.05727 -0.451448 79.4522 0.547587 -13 57 1 0 1
-3.96149 -1.18033 53.3342 -8.26476 0.13913 79.2089 -0.151367 -13 58 1 0 1
-0.445948 -7.18212 53.3342 -3.59973 -12.9411 78.5548 2.22124 -13 59 1 0 1
-2.12551 6.62648 53.3342 -3.69018 14.5315 77.6763 0.50733 -13 60 1 0 1
0.0823422 4.06049 53.3342 -1.23583 9.50495 79.0001 -0.590944 -13 61 1 0 1
-1.32511 -1.13548 53.3342 -5.65643 1.56395 79.4628 -0.290649 -13 62 1 0 1
5.01146 -0.543675 53.3342 11.476 -1.226 79.1868 0.358772 -13 63 1 0 1
-1.23747 -0.635913 53.3342 -3.31241 0.00117559 79.7205 0.384495 -13 64 1 0 1
0.700367 2.55848 53.3342 -0.419772 3.11752 80.2421 -1.1938 -13 65 1 0 1
-2.84139 -3.09598 53.3342 -8.70401 -6.67629 79.3312 0.710861 -13 66 1 0 1
0.93989 -2.68398 53.3342 1.57178 -2.11881 80.2232 -0.431468 -13 67 1 0 1
-6.06306 11.2937 53.3342 -8.47698 17.3479 78.644 -0.716814 -13 68 1 0 1
-2.42234 -4.98291 53.3342 -5.49315 -9.7983 79.2781 0.245765 -13 69 1 0 1
-2.30438 -2.29161 53.3342 -11.2602 -10.5384 79.6898 0.495132 -13 70 1 0 1
-3.92357 -4.10744 53.3342 -7.06745 -11.033 79.9005 -1.21173 -13 71 1 0 1
3.77277 10.1646 53.3342 4.6195 14.2678 78.2206 1.37188 -13 72 1 0 1
-1.28128 -1.17065 53.3342 -7.3607 -5.78824 78.6569 -0.646738 -13 73 1 0 1
1.30251 4.79802 53.3342 2.02549 9.05071 79.0027 0.510265 -13 74 1 0 1
-0.693923 4.73251 53.3342 -6.54148 6.7135 78.8741 -2.59381 -13 75 1 0 1
6.16371 1.44777 53.3342 1.5882 2.06243 79.8111 -1.44848 -13 76 1 0 1
-4.1841 1.56972 53.3342 -7.8483 -1.87329 77.7638 2.63796 -13 77 1 0 1
-4.30219 -1.91698 53.3342 -8.20178 -5.67915 78.0376 -0.504184 -13 78 1 0 1
-0.28732 -1.09579 53.3342 -2.36732 -2.89784 78.6526 1.69678 -13 79 1 0 1
-1.42084 -2.59842 53.3342 -7.03242 -1.98441 79.1486 0.320037 -13 80 1 0 1
-1.09411 0.8254 53.3342 -5.96294 7.91339 78.793 0.348899 -13 81 1 0 1
-7.76924 -3.01312 53.3342 -14.5477 -3.66448 78.2269 1.48371 -13 82 1 0 1
-2.77842 3.26742 53.3342 -7.97565 9.48192 80.1877 0.295662 -13 83 1 0 1
-3.03609 1.07465 53.3342 -7.70156 0.965846 79.8303 0.413095 -13 84 1 0 1
1.1436 0.648307 53.3342 -2.5304 -0.251009 81.714 1.42083 -13 85 1 0 1
-0.773685 -2.47618 53.3342 -4.22666 -10.6679 80.2401 0.0944383 -13 86 1 0 1
-5.8584 -2.50409 53.3342 -8.59856 -6.79622 79.2824 1.1049 -13 87 1 0 1
-4.4525 -3.6463 53.3342 -10.7497 -6.23247 79.1705 -0.120961 -13 88 1 0 1
3.06603 -3.10031 53.3342 3.89376 -2.57172 80.2008 -0.298905 -13 89 1 0 1
-4.90355 5.97715 53.3342 -10.6385 9.96189 78.1747 0.103472 -13 90 1 0 1
-3.98204 -3.22983 53.3342 -8.59595 -7.08372 80.5821 1.15704 -13 91 1 0 1
0.577693 0.561689 53.3342 2.36203 1.14655 80.0385 0.254796 -13 92 1 0 1
-1.85995 4.74239 53.3342 -3.36989 5.86317 81.0782 1.10893 -13 93 1 0 1
-0.371482 11.4912 53.3342 -0.93571 20.0911 77.6984 -1.06488 -13 94 1 0 1
-1.77024 0.502359 53.3342 -6.57902 2.33683 79.7863 0.356701 -13 95 1 0 1
-1.30083 2.43879 53.3342 -3.47307 8.07766 79.5429 -1.52646 -13 96 1 0 1
-7.77283 -1.14291 53.3342 -13.0379 3.39109 79.3652 -0.755964 -13 97 1 0 1
-7.33769 1.11509 53.3342 -15.3853 5.49243 78.2076 0.734476 -13 98 1 0 1
0.142471 4.92116 53.3342 -0.265768 8.78664 79.5328 0.793502 -13 99 1 0 1
3.25509 -6.86564 53.3342 3.12801 -8.21995 79.3871 -0.572835 -13 100 1 0 1
6.27849 1.01126 53.3342 8.49274 -0.571938 80.0151 -0.372257 -13 101 1 0 1
4.42382 1.0722 53.3342 4.84966 1.227 79.1918 0.21458 -13 102 1 0 1
4.06988 2.73428 53.3342 5.84706 10.9786 78.1016 -2.15195 -13 103 1 0 1
-1.39061 1.32923 53.3342 -4.95266 -0.1971 79.3249 -0.00474044 -13 104 1 0 1
-0.490272 3.8728 53.3342 -1.30549 13.4695 79.1601 -1.16728 -13 105 1 0 1
-8.79658 0.835595 53.3342 -16.9177 1.55355 78.1888 0.572785 -13 106 1 0 1
-0.545323 -2.92791 53.3342 -4.88194 -5.71237 79.0691 -0.746009 -13 107 1 0 1
3.37752 4.20184 53.3342 4.772 12.3338 79.8712 -0.514373 -13 108 1 0 1
-0.544795 2.4975 53.3342 -3.13188 5.39607 80.3749 1.2951 -13 109 1 0 1
-4.26826 0.641699 53.3342 -12.9034 2.04859 78.3927 0.0493587 -13 110 1 0 1
-2.2768 -4.47362 53.3342 -10.0323 -4.4899 79.2167 0.013923 -13 111 1 0 1
5.21702 1.45321 53.3342 8.4462 -0.494479 78.6758 -1.56355 -13 112 1 0 1
-2.16873 3.2209 53.3342 -3.82586 5.31387 79.4122 1.06347 -13 113 1 0 1
2.15934 3.65451 53.3342 2.85346 4.70468 80.0006 0.231054 -13 114 1 0 1
0.147729 4.93223 53.3342 2.34189 9.16852 80.0304 0.107502 -13 115 1 0 1
-6.45774 -2.5671 53.3342 -15.9116 -4.80801 76.8121 0.823663 -13 116 1 0 1
2.05288 -3.89099 53.3342 3.79859 -5.04909 79.5289 -0.0681061 -13 117 1 0 1
-4.75236 1.40786 53.3342 -6.8457 -4.21518 79.2086 -0.149684 -13 118 1 0 1
-0.0655617 -1.07317 53.3342 -3.63062 -0.101178 79.7253 0.802105 -13 119 1 0 1
-3.06626 3.80828 53.3342 -4.84105 8.12576 78.6812 0.0945902 -13 120 1 0 1
-0.820519 -6.64237 53.3342 -2.31067 -7.38052 79.0228 1.8151 -13 121 1 0 1
-3.25475 -1.82624 53.3342 -11.5846 -1.43875 79.8744 0.925536 -13 122 1 0 1
-0.702964 -6.7701 53.3342 -4.71803 -11.3784 80.3388 1.0468 -13 123 1 0 1
3.51754 -0.161602 53.3342 6.14253 1.47066 79.9225 0.574116 -13 124 1 0 1
-8.31815 -7.50762 53.3342 -15.9444 -14.313 76.3438 -1.23507 -13 125 1 0 1
-2.13856 1.06804 53.3342 -10.8097 -2.97955 78.6793 1.24791 -13 126 1 0 1
-1.1548 3.65127 53.3342 -3.12396 3.86444 79.6999 -0.816797 -13 127 1 0 1
-2.45928 -0.888864 53.3342 -6.18152 -5.77353 79.8139 0.611483 -13 128 1 0 1
3.15428 2.82851 53.3342 5.81789 6.68713 80.5349 -0.200482 -13 129 1 0 1
-1.0045 0.208509 53.3342 -0.0712936 4.51219 79.1168 0.85742 -13 130 1 0 1
-0.0751268 4.84235 53.3342 -3.90296 8.69765 77.9453 -0.176484 -13 131 1 0 1
-2.02053 2.1643 53.3342 -8.2141 2.80506 79.7422 1.57859 -13 132 1 0 1
2.45993 -5.22556 53.3342 3.11938 -10.6758 79.949 -1.05674 -13 133 1 0 1
5.7552 3.15849 53.3342 4.69712 5.18624 79.3131 0.684484 -13 134 1 0 1
2.17632 4.6696 53.3342 -0.0942617 4.42136 79.0736 1.12726 -13 135 1 0 1
0.114272 3.48245 53.3342 0.859939 2.84073 80.0139 0.298706 -13 136 1 0 1
-5.59053 1.99475 53.3342 -11.1994 2.15693 79.3982 1.77323 -13 137 1 0 1
-0.64964 -6.1534 53.3342 3.82773 -7.32528 78.9958 0.298784 -13 138 1 0 1
-1.37666 -3.44955 53.3342 1.65607 -5.22103 78.8002 0.823656 -13 139 1 0 1
-6.72966 7.39108 53.3342 -12.155 14.2257 76.6996 0.561749 -13 140 1 0 1
0.459854 -0.654419 53.3342 2.22546 2.44194 80.45 0.12667 -13 141 1 0 1
8.46551 1.21466 53.3342 13.4558 6.07253 78.9112 2.18082 -13 142 1 0 1
-8.16079 -3.8825 53.3342 -17.9543 -7.86595 77.2262 -0.588494 -13 143 1 0 1
4.47799 0.433344 53.3342 4.25269 -1.6331 80.8634 3.16861 -13 144 1 0 1
1.01963 -8.81555 53.3342 1.73999 -15.7629 78.1855 1.93607 -13 145 1 0 1
10.2112 -4.79206 53.3342 14.9159 -5.51691 78.0947 0.477344 -13 146 1 0 1
-2.84424 1.38942 53.3342 -6.825 2.39255 79.0399 -0.960725 -13 147 1 0 1
-0.730992 -6.78953 53.3342 -4.74349 -8.25813 79.7431 0.497236 -13 148 1 0 1
4.77821 0.32907 53.3342 7.89043 -0.367334 78.5276 -0.274338 -13 149 1 0 1
0.133479 1.60194 53.3342 -2.02832 4.464 80.0352 0.0604426 -13 150 1 0 1
2.45317 -1.25658 53.3342 4.6322 -3.76115 80.1714 1.40361 -13 151 1 0 1
3.37433 0.924195 53.3342 4.73574 0.895804 80.282 2.3403 -13 152 1 0 1
-1.57885 -1.46891 53.3342 -5.34523 -6.92244 79.584 -0.270236 -13 153 1 0 1
-5.16369 -5.64465 53.3342 -15.8576 -10.4209 77.5779 -1.86285 -13 154 1 0 1
-7.65207 0.112452 53.3342 -16.2137 -1.36526 78.11 -1.2417 -13 155 1 0 1
2.74076 -1.80301 53.3342 7.4966 -0.0603576 79.973 -0.393166 -13 156 1 0 1
-5.52989 -1.23945 53.3342 -11.3018 0.527054 79.4666 0.0910808 -13 157 1 0 1
-0.193576 3.55641 53.3342 -8.40759 3.00069 79.0131 1.53006 -13 158 1 0 1
-6.5585 1.40226 53.3342 -11.1819 -0.0563012 79.2659 -0.479042 -13 159 1 0 1
8.07141 2.8263 53.3342 11.8878 5.40954 77.3028 0.17019 -13 160 1 0 1
4.55126 1.82205 53.3342 4.25029 -0.699236 79.6088 1.75036 -13 161 1 0 1
-0.965441 4.52015 53.3342 0.320072 7.71413 79.7665 -0.443369 -13 162 1 0 1
-3.6446 3.74688 53.3342 -10.0126 10.7913 78.9065 -1.52633 -13 163 1 0 1
2.74707 -0.782767 53.3342 2.65784 -4.65064 80.2188 0.221155 -13 164 1 0 1
-8.05467 3.27526 53.3342 -11.2507 3.70944 79.6329 2.20598 -13 165 1 0 1
-10.4247 -3.33696 53.3342 -22.0578 -6.24485 76.6476 -0.0509751 -13 166 1 0 1
0.694171 -5.62861 53.3342 0.346524 -8.63763 79.5125 0.7547 -13 167 1 0 1
-2.06739 4.29946 53.3342 -11.9896 9.43861 77.9867 1.28846 -13 168 1 0 1
7.43686 -1.49695 53.3342 12.3554 -5.24377 78.6026 -0.132244 -13 169 1 0 1
-2.959 -6.34338 53.3342 -8.33023 -12.7425 77.6647 -0.497645 -13 170 1 0 1
6.57618 -4.0881 53.3342 13.2659 -3.6738 78.3557 0.815276 -13 171 1 0 1
-2.30795 3.96185 53.3342 -3.81536 4.36841 79.9356 -0.25004 -13 172 1 0 1
-3.00627 -0.177 53.3342 -5.01802 -1.04751 79.1207 0.286034 -13 173 1 0 1
0.185904 3.31096 53.3342 -2.11256 0.75099 80.5358 0.402786 -13 174 1 0 1
-6.0078 2.00714 53.3342 -6.653 2.80007 78.5977 1.06238 -13 175 1 0 1
-8.18906 -3.49399 53.3342 -12.6193 -9.3185 79.3957 -0.0597771 -13 176 1 0 1
8.46737 0.644283 53.3342 15.4641 0.332985 78.0831 -0.259934 -13 177 1 0 1
-1.38341 -5.06104 53.3342 -1.65098 -6.84372 79.4223 -0.463244 -13 178 1 0 1
0.0767251 -4.58058 53.3342 -3.47292 -11.6558 78.554 -0.591899 -13 179 1 0 1
2.95393 -0.18434 53.3342 6.45153 0.503753 80.4464 1.65761 -13 180 1 0 1
-2.81582 1.92208 53.3342 -2.04992 2.41175 79.3239 -1.3882 -13 181 1 0 1
-7.16004 -0.0404919 53.3342 -10.1073 0.879308 79.2936 -0.817495 -13 182 1 0 1
-0.832888 5.7659 53.3342 1.60541 16.7547 78.8775 0.0979223 -13 183 1 0 1
-6.96464 0.789934 53.3342 -13.2154 -1.90128 77.9944 0.144946 -13 184 1 0 1
-5.43859 -0.868633 53.3342 -10.0191 -4.486 79.6968 -0.646042 -13 185 1 0 1
-3.30407 1.82507 53.3342 -3.91449 5.41212 78.3931 -0.569663 -13 186 1 0 1
-0.904203 -1.1296 53.3342 3.36341 -4.0108 80.9303 -0.322427 -13 187 1 0 1
0.606584 -3.87699 53.3342 -2.48143 -1.66786 80.6608 1.29655 -13 188 1 0 1
-5.62282 -2.72277 53.3342 -17.1369 -5.55767 78.1789 0.359327 -13 189 1 0 1
1.76071 -1.00435 53.3342 9.13377 -5.14502 78.8744 1.76405 -13 190 1 0 1
-7.51783 2.9105 53.3342 -13.7208 5.30068 79.2438 2.04182 -13 191 1 0 1
-0.723314 0.626039 53.3342 -9.25319 5.77705 79.6766 1.0228 -13 192 1 0 1
-5.34984 -0.0134894 53.3342 -7.74657 -4.61321 77.8503 -0.954525 -13 193 1 0 1
-2.01169 2.94707 53.3342 -6.88993 8.268 79.5543 -0.0948292 -13 194 1 0 1
0.109293 1.69664 53.3342 -0.389004 3.29446 79.4882 2.39539 -13 195 1 0 1
4.56264 0.336403 53.3342 -1.51239 -4.45056 80.5829 2.74822 -13 196 1 0 1
-2.30012 -6.08896 53.3342 -5.4426 -10.1882 79.4873 -0.779983 -13 197 1 0 1
5.57251 0.300263 53.3342 10.9274 0.981356 79.1098 -0.499848 -13 198 1 0 1
-13.2306 13.628 53.3342 -22.796 19.0901 75.0609 -1.46269 -13 199 1 0 1
-0.451086 3.76746 53.3342 0.0562336 8.64763 78.3742 0.774276 -13 200 1 0 1
-7.90654 -0.786496 53.3342 -17.783 -3.71352 78.2447 0.476511 -13 201 1 0 1
1.03485 -0.848662 53.3342 0.963829 -3.50469 79.7694 -0.723613 -13 202 1 0 1
-0.191634 0.86597 53.3342 -1.2913 -1.14479 80.3993 0.404768 -13 203 1 0 1
-2.57613 -0.807616 53.3342 -0.579519 -7.57967 79.429 -1.69108 -13 204 1 0 1
0.0250154 3.85124 53.3342 0.820287 2.43983 79.6822 1.52642 -13 205 1 0 1
-11.7727 1.72965 53.3342 -28.1488 1.67842 72.841 0.387515 -13 206 1 0 1
-11.0333 -6.98185 53.3342 -19.2159 -12.1425 76.7644 -0.931429 -13 207 1 0 1
-7.36703 2.01469 53.3342 -16.2548 4.26924 78.2583 -0.130386 -13 208 1 0 1
-4.36761 2.74317 53.3342 -2.7362 6.06336 79.931 0.0560129 -13 209 1 0 1
3.56312 0.217068 53.3342 8.62609 1.92556 79.1366 -0.297162 -13 210 1 0 1
-4.19226 5.95787 53.3342 -3.41882 8.47498 79.4567 0.655017 -13 211 1 0 1
-3.99149 11.2058 53.3342 -11.9377 19.4344 76.125 2.26174 -13 212 1 0 1
-8.42353 4.95982 53.3342 -15.5157 7.37069 79.1419 -1.19145 -13 213 1 0 1
-0.996256 4.47395 53.3342 -6.72162 5.8921 80.541 1.19849 -13 214 1 0 1
-1.14546 -3.12375 53.3342 -6.49766 -11.022 79.2042 1.90778 -13 215 1 0 1
2.17706 -0.849136 53.3342 -0.086623 -1.04056 78.5928 1.30868 -13 216 1 0 1
11.1194 -2.60087 53.3342 19.9392 0.3845 77.0402 -0.870159 -13 217 1 0 1
-1.61756 -0.825734 53.3342 -5.4965 -1.7985 80.1272 0.333956 -13 218 1 0 1
-2.79348 -2.26574 53.3342 -10.5687 -4.0076 80.635 0.233743 -13 219 1 0 1
1.2424 4.5842 53.3342 -1.73123 5.48549 79.3079 2.57272 -13 220 1 0 1
-1.0746 5.6948 53.3342 -0.127526 7.94689 81.2326 1.11491 -13 221 1 0 1
-3.64122 6.54178 53.3342 -10.4729 12.5829 79.1926 -0.592269 -13 222 1 0 1
-2.18249 -3.77562 53.3342 -5.82682 -3.64549 79.4363 1.19255 -13 223 1 0 1
-3.39758 -1.73324 53.3342 -7.44207 -1.93282 80.3162 -0.276649 -13 224 1 0 1
1.35607 4.25579 53.3342 5.51228 8.21762 78.779 -0.432387 -13 225 1 0 1
3.26607 1.40897 53.3342 6.22576 4.13561 79.3922 -0.11882 -13 226 1 0 1
-0.411813 -0.15594 53.3342 -2.07747 -1.48584 80.4445 0.220783 -13 227 1 0 1
-0.0738368 0.708995 53.3342 -7.14906 0.740121 78.425 -1.6866 -13 228 1 0 1
-4.71706 2.81489 53.3342 -13.2663 1.38564 77.5249 0.46779 -13 229 1 0 1
2.1286 -9.79397 53.3342 4.57825 -16.8873 76.8939 -0.207047 -13 230 1 0 1
8.04796 7.20491 53.3342 11.4169 16.874 77.8136 1.44084 -13 231 1 0 1
0.975885 1.8094 53.3342 0.544724 2.82138 79.5876 1.05096 -13 232 1 0 1
-8.74273 1.93741 53.3342 -17.6896 2.28065 77.8766 -1.25707 -13 233 1 0 1
0.531017 3.60976 53.3342 -1.87872 6.70673 80.1487 -0.403377 -13 234 1 0 1
1.726 1.98782 53.3342 -1.86331 -0.288666 80.0911 0.503461 -13 235 1 0 1
-10.0951 -2.51957 53.3342 -19.5592 -7.94304 76.718 1.49158 -13 236 1 0 1
5.34922 -1.96543 53.3342 9.73609 -1.1846 79.1073 0.961745 -13 237 1 0 1
-5.24617 -0.0299708 53.3342 -10.8223 -0.6514 78.765 0.299014 -13 238 1 0 1
-5.47562 -1.05326 53.3342 -13.8105 2.43331 78.8236 1.49972 -13 239 1 0 1
4.21177 6.73406 53.3342 8.70078 12.2235 79.3883 -0.200825 -13 240 1 0 1
-1.07558 2.35445 53.3342 1.73892 4.85467 79.2105 0.861512 -13 241 1 0 1
-7.10811 -0.0596886 53.3342 -12.4519 -4.04415 77.5139 2.042 -13 242 1 0 1
0.278614 -6.08672 53.3342 -2.15509 -8.10997 79.3705 0.114949 -13 243 1 0 1
1.85725 0.772613 53.3342 -2.2663 1.27142 80.5062 0.908556 -13 244 1 0 1
4.42581 2.34473 53.3342 3.88615 9.89565 80.8863 -0.462062 -13 245 1 0 1
-0.384525 3.76852 53.3342 -4.40081 11.1674 78.4716 0.039992 -13 246 1 0 1
-0.335354 -4.72407 53.3342 -2.02834 -5.22167 79.1624 -0.100866 -13 247 1 0 1
-5.50335 -6.62538 53.3342 -12.3806 -11.3364 77.8923 0.91441 -13 248 1 0 1
8.09227 5.94081 53.3342 12.0101 5.10796 76.8251 -0.706957 -13 249 1 0 1
0.81656 -2.78236 53.3342 -1.92038 -5.51391 78.8909 -1.25672 -13 250 1 0 1
3.99425 6.29226 53.3342 6.27329 5.18613 80.774 -0.790301 -13 251 1 0 1
4.60307 -0.326117 53.3342 7.39271 -2.54833 80.1572 0.509145 -13 252 1 0 1
-3.26826 4.33402 53.3342 -10.2714 10.9665 77.3101 -1.1008 -13 253 1 0 1
3.70114 4.97947 53.3342 7.62267 10.2939 81.3583 -0.275764 -13 254 1 0 1
-1.34064 -0.189765 53.3342 -8.40902 3.03997 80.0904 0.204906 -13 255 1 0 1
-4.77809 1.26458 53.3342 -7.50106 2.30645 78.1535 -0.713295 -13 256 1 0 1
-1.05985 -5.25774 53.3342 -0.475535 -12.3369 78.9547 -0.0587505 -13 257 1 0 1
3.86201 -0.737278 53.3342 5.52564 -2.86981 79.7575 0.366922 -13 258 1 0 1
-5.49026 6.60717 53.3342 -9.235 8.65281 79.2308 -0.944849 -13 259 1 0 1
-5.17348 0.431259 53.3342 -13.0406 -2.58033 79.7209 -0.0443627 -13 260 1 0 1
0.235951 3.68113 53.3342 -0.332728 6.21819 79.7661 -0.890175 -13 261 1 0 1
-4.21441 -4.72181 53.3342 -8.16838 -7.5446 80.3599 2.34961 -13 262 1 0 1
2.50019 -1.99042 53.3342 3.47841 -3.81058 79.4604 -1.23447 -13 263 1 0 1
-2.24732 -5.31536 53.3342 -3.02198 -8.92979 78.8173 0.011941 -13 264 1 0 1
5.35193 7.13676 53.3342 8.28573 15.0043 79.2577 0.950023 -13 265 1 0 1
1.97563 3.0223 53.3342 0.418224 2.44492 80.9621 0.842712 -13 266 1 0 1
-2.07849 0.771275 53.3342 -5.84976 -3.12774 78.0558 -0.0451614 -13 267 1 0 1
2.06077 0.556761 53.3342 5.57913 4.75086 79.3767 -0.882639 -13 268 1 0 1
-3.91256 3.22323 53.3342 -13.3974 0.818974 79.3888 0.743485 -13 269 1 0 1
-2.98881 -1.73995 53.3342 -6.66941 -7.18971 79.7832 1.5131 -13 270 1 0 1
2.27602 -2.9431 53.3342 -2.02861 -9.07954 80.3836 -0.564696 -13 271 1 0 1
0.0117059 -3.43705 53.3342 -1.4826 -7.61369 79.9548 1.83937 -13 272 1 0 1
-12.358 -1.12471 53.3342 -21.2537 -2.99839 75.6228 3.06587 -13 273 1 0 1
-1.7062 -0.914597 53.3342 -5.51099 2.09295 79.8816 -1.77744 -13 274 1 0 1
7.5319 1.61152 53.3342 12.594 -0.0708215 78.2995 -0.0470731 -13 275 1 0 1
-1.38764 -2.89623 53.3342 1.4729 -8.39929 79.6567 -0.179605 -13 276 1 0 1
2.95086 1.31648 53.3342 5.37479 0.676771 79.8504 1.42373 -13 277 1 0 1
-9.5967 -1.6593 53.3342 -18.0313 -3.20279 78.456 1.81526 -13 278 1 0 1
-5.85398 -1.28579 53.3342 -13.5783 -8.63514 78.4851 -2.20933 -13 279 1 0 1
2.17499 4.5409 53.3342 2.57307 6.08078 79.7496 0.490647 -13 280 1 0 1
1.82275 -3.36472 53.3342 -0.0608473 -3.3642 80.1065 -1.03927 -13 281 1 0 1
-0.502851 4.01441 53.3342 0.765791 10.585 79.8162 -0.602968 -13 282 1 0 1
4.96706 -5.01828 53.3342 9.6721 -8.99275 78.7048 -1.36927 -13 283 1 0 1
-4.06912 -0.657755 53.3342 -6.46248 -5.99557 78.3711 -0.110206 -13 284 1 0 1
-6.77398 -1.04592 53.3342 -13.8626 0.633114 77.9908 -0.239698 -13 285 1 0 1
-6.15683 -6.61247 53.3342 -13.7985 -3.05663 79.1964 -1.19627 -13 286 1 0 1
-2.49868 1.11712 53.3342 -4.01308 -1.8565 78.4804 -1.37082 -13 287 1 0 1
-0.418447 19.0472 53.3342 -7.31452 35.2304 71.3476 0.00696079 -13 288 1 0 1
-3.21085 6.52441 53.3342 -11.7503 12.2248 79.6552 0.723444 -13 289 1 0 1
6.17936 -11.5905 53.3342 12.9252 -20.7544 76.859 0.388425 -13 290 1 0 1
0.113536 -4.6062 53.3342 -5.70325 -10.3118 78.4626 0.710072 -13 291 1 0 1
-1.6079 2.79604 53.3342 -7.25899 6.87199 79.2214 -0.0110302 -13 292 1 0 1
-5.41127 8.38468 53.3342 -9.31201 20.5675 77.2353 2.29903 -13 293 1 0 1
9.31711 3.95716 53.3342 12.0693 13.3845 78.4346 1.85275 -13 294 1 0 1
1.32577 1.61629 53.3342 0.351759 2.00131 79.5503 0.330923 -13 295 1 0 1
-9.99807 5.05402 53.3342 -17.7892 8.74027 77.2222 -0.0250908 -13 296 1 0 1
3.72482 0.17235 53.3342 7.27838 -2.28752 79.1982 2.77554 -13 297 1 0 1
-1.57494 1.48053 53.3342 -5.59387 -0.790164 79.2753 -1.61375 -13 298 1 0 1
-5.4909 6.02488 53.3342 -8.87853 17.0684 78.0002 2.97201 -13 299 1 0 1
2.46833 1.43175 53.3342 3.07044 -2.20021 79.7744 1.32597 -13 300 1 0 1
-3.642 0.492268 53.3342 -7.36306 -2.84959 80.9279 -0.528735 -13 301 1 0 1
-8.51967 -2.69089 53.3342 -17.1145 -1.10953 77.1988 0.485419 -13 302 1 0 1
-3.24299 2.93728 53.3342 -7.38526 9.84775 78.1071 0.252826 -13 303 1 0 1
-2.09079 4.52469 53.3342 -6.2442 11.5961 78.0417 0.780493 -13 304 1 0 1
-11.3622 2.08344 53.3342 -18.2303 5.13643 77.3875 1.42906 -13 305 1 0 1
-2.60536 -0.996587 53.3342 -6.84537 -4.55067 80.6363 -0.800175 -13 306 1 0 1
-0.671819 -7.97086 53.3342 -4.80122 -20.0218 77.0058 -1.04698 -13 307 1 0 1
-4.41213 -4.96239 53.3342 -12.5578 -8.82371 78.5088 0.334781 -13 308 1 0 1
-3.00241 2.16373 53.3342 -7.792 4.27125 78.44 -0.614823 -13 309 1 0 1
4.52136 -5.14134 53.3342 3.24883 -8.82061 78.226 -0.146858 -13 310 1 0 1
4.3901 -4.35081 53.3342 10.0309 0.157464 78.3223 -1.44209 -13 311 1 0 1
-3.76959 4.83061 53.3342 -10.4503 10.3888 78.5668 0.0832199 -13 312 1 0 1
-4.70345 1.6723 53.3342 -12.6066 2.22635 79.4552 1.17725 -13 313 1 0 1
0.42761 -0.147358 53.3342 -3.35139 0.215369 79.5396 -0.356024 -13 314 1 0 1
1.23517 -1.81731 53.3342 1.18065 1.06976 79.8328 -1.23347 -13 315 1 0 1
-1.42861 -12.1365 53.3342 -2.12496 -22.1098 75.8192 -1.01268 -13 316 1 0 1
-1.9486 -9.51836 53.3342 -5.24216 -18.0048 77.4108 0.989277 -13 317 1 0 1
-0.514695 -1.61861 53.3342 -4.0576 -0.547168 79.472 -1.18336 -13 318 1 0 1
-2.32358 5.09918 53.3342 -8.26953 13.7936 77.5437 2.25032 -13 319 1 0 1
5.35735 -0.440099 53.3342 5.88634 -0.616166 80.2818 0.822333 -13 320 1 0 1
5.88222 7.76505 53.3342 10.8097 12.7918 79.5273 -1.44726 -13 321 1 0 1
-2.1349 1.45443 53.3342 -13.4789 4.11632 78.9696 2.09531 -13 322 1 0 1
4.13903 -5.54055 53.3342 1.93998 -4.27903 79.6416 0.453266 -13 323 1 0 1
-0.396304 7.5507 53.3342 -2.65921 13.756 79.0361 -0.457515 -13 324 1 0 1
-1.32866 -0.690106 53.3342 -6.54222 -2.41846 79.6169 0.209892 -13 325 1 0 1
-4.16948 -1.13017 53.3342 -9.84757 -3.29324 78.0463 0.16263 -13 326 1 0 1
-6.29039 -6.22741 53.3342 -10.6196 -13.474 76.5749 0.387767 -13 327 1 0 1
-1.74553 -1.69347 53.3342 -3.38003 -10.974 79.5733 -1.3171 -13 328 1 0 1
-2.17516 3.39936 53.3342 -6.77314 8.65701 79.4917 1.30613 -13 329 1 0 1
3.84042 -3.39031 53.3342 1.12787 -3.09152 80.7479 -0.621444 -13 330 1 0 1
-2.3414 5.65476 53.3342 -8.46175 4.08424 79.1352 -1.35566 -13 331 1 0 1
-4.05138 0.0234562 53.3342 -3.34839 4.7198 80.0442 -1.13248 -13 332 1 0 1
0.64934 -0.453163 53.3342 2.72403 1.45246 79.812 4.22405 -13 333 1 0 1
-6.4892 -0.0526251 53.3342 -13.1432 1.06089 79.5028 0.531724 -13 334 1 0 1
-2.34369 -6.78371 53.3342 -5.89818 -13.0621 79.4755 0.536919 -13 335 1 0 1
2.3689 -4.28435 53.3342 -0.195442 -6.64688 78.8382 -0.45796 -13 336 1 0 1
-6.88015 -1.92441 53.3342 -13.0388 -3.24962 78.3444 -2.24713 -13 337 1 0 1
3.50558 2.89513 53.3342 5.51939 0.339199 78.9137 1.05335 -13 338 1 0 1
0.477943 -6.15105 53.3342 2.06183 -10.0735 78.2565 0.523826 -13 339 1 0 1
-1.98939 1.54585 53.3342 -6.33689 4.57769 80.0282 0.403106 -13 340 1 0 1
2.80695 0.331352 53.3342 -0.410561 -3.43242 81.1575 0.162515 -13 341 1 0 1
-2.23356 3.31799 53.3342 -8.931 8.16339 78.6903 0.821941 -13 342 1 0 1
1.81655 -1.28062 53.3342 1.83458 -7.47769 80.0982 -0.184259 -13 343 1 0 1
3.95772 -2.15931 53.3342 8.70382 1.3433 80.1477 -0.170692 -13 344 1 0 1
0.448367 -2.68744 53.3342 -1.74532 -2.40383 80.6551 -0.657864 -13 345 1 0 1
-8.89468 -2.27953 53.3342 -17.9228 -4.20493 77.0445 0.770928 -13 346 1 0 1
-6.42594 -2.04849 53.3342 -13.9649 -3.56969 79.285 -0.64713 -13 347 1 0 1
-2.89234 -1.59105 53.3342 -4.33899 3.617 79.3755 -0.349213 -13 348 1 0 1
-0.594511 4.66629 53.3342 -1.57125 6.61591 77.5123 1.01044 -13 349 1 0 1
0.462363 -4.10681 53.3342 -0.887446 -6.45135 79.455 0.956923 -13 350 1 0 1
-1.21433 -7.11753 53.3342 2.79455 -14.0594 78.1974 -0.261183 -13 351 1 0 1
-5.01259 2.44277 53.3342 -12.5543 2.52366 78.6691 -1.35586 -13 352 1 0 1
-6.5395 0.872554 53.3342 -13.7195 0.131602 78.4697 -0.0488174 -13 353 1 0 1
-2.20242 6.65908 53.3342 -4.19784 9.37309 79.2022 0.551549 -13 354 1 0 1
-3.85608 3.28129 53.3342 -12.2305 6.82522 78.9073 -0.280062 -13 355 1 0 1
2.9143 3.29828 53.3342 5.09863 9.56032 79.409 0.442375 -13 356 1 0 1
4.17195 -2.68466 53.3342 9.28087 -3.10071 79.8898 0.130924 -13 357 1 0 1
3.24196 4.69203 53.3342 5.80885 12.4013 77.9526 0.744975 -13 358 1 0 1
2.05496 -2.83377 53.3342 2.86397 -0.0192939 80.5431 0.621927 -13 359 1 0 1
-5.168 -2.40518 53.3342 -14.1667 -3.99295 79.8765 -0.419062 -13 360 1 0 1
2.27313 -0.00949611 53.3342 -2.28359 2.67287 79.242 0.0661448 -13 361 1 0 1
-7.22838 -0.287733 53.3342 -14.9953 -3.71617 78.666 -2.60544 -13 362 1 0 1
-0.78084 0.580316 53.3342 -6.67491 3.65187 79.4566 -0.117317 -13 363 1 0 1
5.47116 -4.93697 53.3342 6.71433 -7.36553 79.0147 0.419182 -13 364 1 0 1
0.148949 1.55786 53.3342 1.99341 5.18184 79.716 -1.76512 -13 365 1 0 1
-0.047601 -2.08119 53.3342 2.64275 -4.36566 79.651 2.35624 -13 366 1 0 1
2.16368 0.861063 53.3342 7.44931 -3.55205 80.3958 1.40955 -13 367 1 0 1
-4.9127 0.661249 53.3342 -10.643 3.40653 80.0569 0.723716 -13 368 1 0 1
-0.304226 2.86119 53.3342 -1.45963 7.95929 78.7785 -0.925993 -13 369 1 0 1
-6.2443 -0.714503 53.3342 -15.4547 -2.23365 77.7666 1.04958 -13 370 1 0 1
-6.9483 -0.544481 53.3342 -13.7906 0.644637 79.497 2.56803 -13 371 1 0 1
-7.2806 -2.34538 53.3342 -11.7357 -10.7423 78.7633 0.967855 -13 372 1 0 1
-11.013 -5.28611 53.3342 -20.8725 -11.1549 75.9381 0.880933 -13 373 1 0 1
-4.99067 -3.17684 53.3342 -14.4952 -3.90828 78.713 0.824248 -13 374 1 0 1
-9.52651 4.07291 53.3342 -23.1276 9.3562 76.3129 -1.19599 -13 375 1 0 1
-2.89906 -4.39439 53.3342 -8.70918 -8.0941 78.4235 0.657464 -13 376 1 0 1
7.45143 -1.81884 53.3342 7.10551 -5.95579 80.3436 1.38222 -13 377 1 0 1
-3.53369 3.03632 53.3342 -4.2928 -0.391894 80.734 2.31954 -13 378 1 0 1
-4.42118 -4.72794 53.3342 -10.8693 -12.2105 78.8726 0.824917 -13 379 1 0 1
-3.90223 -3.63229 53.3342 -5.41364 -11.2308 79.0659 -0.605056 -13 380 1 0 1
3.71674 0.752909 53.3342 6.26552 5.92631 78.7142 1.3303 -13 381 1 0 1
3.44503 -4.81964 53.3342 1.8734 -9.06341 79.0932 -0.143079 -13 382 1 0 1
-3.95829 2.92571 53.3342 -6.86164 3.9429 78.8327 1.47781 -13 383 1 0 1
1.50172 2.08125 53.3342 3.49299 0.792567 81.2289 -1.18172 -13 384 1 0 1
-5.79196 -0.810486 53.3342 -12.5872 -5.31242 79.0779 1.96286 -13 385 1 0 1
1.24939 2.04806 53.3342 -0.682874 2.45224 79.9922 2.12005 -13 386 1 0 1
-3.2375 -5.11569 53.3342 -9.94644 -11.0117 79.3628 0.317728 -13 387 1 0 1
-8.71695 1.26273 53.3342 -14.5987 3.51667 77.8288 -0.597927 -13 388 1 0 1
-0.0770059 -1.71079 53.3342 -1.26935 -0.794238 79.7473 1.21547 -13 389 1 0 1
-4.18111 -1.17461 53.3342 -8.0076 -3.39254 81.0117 0.928351 -13 390 1 0 1
3.36208 3.52225 53.3342 7.48995 5.5634 79.989 -0.0839498 -13 391 1 0 1
-5.61699 1.201 53.3342 -9.6848 -3.43821 79.4255 0.374799 -13 392 1 0 1
-4.77874 -4.58425 53.3342 -4.02653 -6.95466 79.6201 1.62069 -13 393 1 0 1
3.27987 7.94586 53.3342 4.38954 12.3647 78.665 -0.625892 -13 394 1 0 1
-4.87988 6.76438 53.3342 -13.4304 15.7598 78.044 -1.45429 -13 395 1 0 1
8.08267 3.93815 53.3342 12.1814 3.52148 79.389 0.0337535 -13 396 1 0 1
0.635956 -3.53041 53.3342 0.118598 -4.28861 79.0258 1.44369 -13 397 1 0 1
5.53068 -2.44505 53.3342 7.31339 -5.72184 79.2726 1.05394 -13 398 1 0 1
-3.48981 -5.167 53.3342 -10.7065 -6.94474 78.7703 2.24157 -13 399 1 0 1
-0.155942 -1.31437 53.3342 -1.80718 4.85648 79.4142 0.159628 -13 400 1 0 1
3.18693 -3.78579 53.3342 1.54023 -5.71745 79.7953 -0.0295628 -13 401 1 0 1
-0.16754 -3.32695 53.3342 -0.100262 -7.00107 80.0274 -0.121565 -13 402 1 0 1
-4.19904 -10.5455 53.3342 -10.6845 -23.2887 77.8804 0.426275 -13 403 1 0 1
-1.62263 -4.33655 53.3342 -4.92606 -11.5829 78.8223 1.40424 -13 404 1 0 1
-6.81629 1.11718 53.3342 -7.75438 0.37713 79.8478 -2.40918 -13 405 1 0 1
-1.26354 -1.77968 53.3342 -3.70408 -7.63886 78.3676 -0.397048 -13 406 1 0 1
1.36333 -1.98863 53.3342 0.211125 -1.05757 79.9919 1.47263 -13 407 1 0 1
1.97651 1.27479 53.3342 4.11194 3.76632 80.2865 1.97676 -13 408 1 0 1
0.530545 2.1304 53.3342 -0.221819 3.50669 80.5726 0.506192 -13 409 1 0 1
-3.56548 -1.50531 53.3342 -11.7839 -2.79794 80.0199 -2.37233 -13 410 1 0 1
-2.99437 5.30009 53.3342 -3.22164 4.51175 80.0858 0.690789 -13 411 1 0 1
-4.2375 -8.63289 53.3342 -10.1584 -16.004 78.7771 1.45551 -13 412 1 0 1
-2.624 4.76686 53.3342 -11.1024 6.66721 79.7918 0.292416 -13 413 1 0 1
-5.80342 1.38527 53.3342 -10.0682 4.06463 80.5958 1.16806 -13 414 1 0 1
-0.0104692 2.07575 53.3342 -0.545596 5.36983 78.7179 0.519873 -13 415 1 0 1
2.53518 -3.72227 53.3342 8.27548 -3.26843 78.9805 4.98425 -13 416 1 0 1
-0.258629 -5.43752 53.3342 1.04444 -6.4461 77.5921 0.0123265 -13 417 1 0 1
-1.18641 -0.322958 53.3342 -5.44901 -3.19958 79.1031 1.6682 -13 418 1 0 1
1.12708 2.21189 53.3342 0.372237 4.27568 79.1642 0.697306 -13 419 1 0 1
0.539032 2.08138 53.3342 4.17306 7.16638 79.7774 1.45466 -13 420 1 0 1
-2.23883 -4.35611 53.3342 -8.46541 -11.0397 79.3392 -0.239106 -13 421 1 0 1
2.1484 8.36805 53.3342 1.40736 16.252 78.0576 0.585273 -13 422 1 0 1
-7.30183 -1.34362 53.3342 -12.1578 2.43356 78.9897 -0.0744323 -13 423 1 0 1
-2.39005 6.50567 53.3342 -1.97045 6.91309 79.6002 0.780479 -13 424 1 0 1
-2.75891 0.465772 53.3342 -6.03388 2.29417 80.8587 0.121957 -13 425 1 0 1
-2.05892 -0.0387794 53.3342 -9.20235 3.39685 77.9207 -1.21966 -13 426 1 0 1
3.23284 4.20336 53.3342 3.9005 10.1873 77.9766 -0.342768 -13 427 1 0 1
-3.60101 5.44164 53.3342 -8.48912 13.8215 77.8211 0.574235 -13 428 1 0 1
-1.85436 -4.62782 53.3342 -3.08965 -10.678 78.8166 0.0621573 -13 429 1 0 1
-9.07702 9.28312 53.3342 -19.8136 16.7995 74.5449 -1.50034 -13 430 1 0 1
0.948348 -2.82114 53.3342 -4.10092 -5.83317 78.7868 2.09361 -13 431 1 0 1
-0.246342 3.93409 53.3342 -3.15533 10.1533 80.1907 2.13177 -13 432 1 0 1
-0.326042 -2.63255 53.3342 -4.56623 -9.47355 78.5306 1.56953 -13 433 1 0 1
0.0957925 2.55176 53.3342 -0.189113 9.40206 79.3748 0.288253 -13 434 1 0 1
10.0159 -1.81617 53.3342 16.7541 -4.89304 78.5683 1.23169 -13 435 1 0 1
4.17586 1.35752 53.3342 11.899 7.06672 78.5214 0.368718 -13 436 1 0 1
0.428175 -5.07214 53.3342 -1.90665 -7.88797 78.2762 -2.12908 -13 437 1 0 1
-9.42421 -5.37129 53.3342 -15.4705 -8.77971 78.6186 2.11399 -13 438 1 0 1
1.24591 -6.55348 53.3342 0.201504 -9.27913 79.6345 -0.953732 -13 439 1 0 1
2.82068 3.58351 53.3342 4.38754 7.93604 80.7819 0.382541 -13 440 1 0 1
-5.60694 -1.08531 53.3342 -13.9566 -2.35853 77.8216 1.55056 -13 441 1 0 1
-0.776564 -7.74714 53.3342 -3.39698 -9.14428 79.9298 0.0356022 -13 442 1 0 1
-3.05343 -0.826314 53.3342 -5.68593 4.37857 79.9224 1.19582 -13 443 1 0 1
7.93102 -1.78695 53.3342 10.3988 -1.53303 79.2929 1.15701 -13 444 1 0 1
6.23971 3.21825 53.3342 7.71156 0.862609 79.2271 0.245348 -13 445 1 0 1
-1.35713 -5.34301 53.3342 -5.64543 -5.91324 80.274 -1.38092 -13 446 1 0 1
2.56455 -0.289671 53.3342 4.32706 0.249166 79.1889 -0.286468 -13 447 1 0 1
-3.2411 3.0362 53.3342 -9.05748 8.05563 80.0675 -1.82666 -13 448 1 0 1
-1.4877 2.00135 53.3342 -1.64879 1.86512 79.4348 -0.0459439 -13 449 1 0 1
3.69027 -3.14408 53.3342 10.6628 -0.62884 80.6701 0.0104295 -13 450 1 0 1
3.22725 2.74766 53.3342 -1.7404 1.74548 81.1794 0.264348 -13 451 1 0 1
0.388866 -3.3379 53.3342 -1.27025 -7.56023 81.246 1.26178 -13 452 1 0 1
-0.990728 -3.44608 53.3342 -1.49 -5.61028 81.1907 -0.180174 -13 453 1 0 1
-2.88531 4.57867 53.3342 -3.20238 6.57969 80.6616 1.48965 -13 454 1 0 1
1.38285 -1.44261 53.3342 2.45495 -6.30062 79.0956 0.341446 -13 455 1 0 1
0.319372 8.12012 53.3342 -1.37696 15.8625 78.4032 -0.465734 -13 456 1 0 1
-4.13092 3.06488 53.3342 -6.44781 8.93388 79.4803 0.951308 -13 457 1 0 1
3.0089 -11.0482 53.3342 4.28107 -18.0745 76.4229 -0.946286 -13 458 1 0 1
4.14769 4.32337 53.3342 3.15363 4.59046 81.446 1.85699 -13 459 1 0 1
-1.17332 0.0629339 53.3342 -4.92635 2.50653 78.6674 0.0118481 -13 460 1 0 1
-7.02138 2.46897 53.3342 -14.4402 6.80641 79.6607 0.51955 -13 461 1 0 1
-2.02479 0.0491736 53.3342 -5.24355 0.871456 80.1985 -0.122081 -13 462 1 0 1
-0.312738 -4.37762 53.3342 -3.5322 -7.33801 80.0583 1.64986 -13 463 1 0 1
-0.368867 6.28148 53.3342 -2.19767 12.2487 78.5659 0.0146681 -13 464 1 0 1
-2.78276 -4.45106 53.3342 -3.2485 -9.49962 77.9006 -0.715108 -13 465 1 0 1
-0.105539 4.9725 53.3342 -0.0274014 10.6399 78.9002 0.492033 -13 466 1 0 1
-5.40709 2.22083 53.3342 -5.53176 4.63048 80.8861 -0.0248984 -13 467 1 0 1
-0.439599 -2.96976 53.3342 -0.495691 -10.397 79.0751 -0.675653 -13 468 1 0 1
-3.56639 8.60923 53.3342 -5.8753 14.7638 77.287 0.609693 -13 469 1 0 1
3.46373 -4.76353 53.3342 3.94245 -6.18262 79.1075 -0.286138 -13 470 1 0 1
-1.67863 4.13398 53.3342 -1.15288 6.62832 79.9521 1.34468 -13 471 1 0 1
0.529479 -10.4916 53.3342 3.37812 -18.7874 78.403 1.3312 -13 472 1 0 1
-5.50246 -2.05524 53.3342 -8.95581 -4.22747 80.1526 -0.453299 -13 473 1 0 1
3.71202 -2.49173 53.3342 6.34604 -4.95501 81.3314 -0.449322 -13 474 1 0 1
-1.12453 5.78342 53.3342 -5.65044 12.547 79.7068 1.76305 -13 475 1 0 1
-7.69657 1.1587 53.3342 -14.8433 3.69738 78.4702 0.17511 -13 476 1 0 1
0.937114 6.26458 53.3342 0.11261 8.71521 81.2401 -1.10318 -13 477 1 0 1
-2.67846 -6.23841 53.3342 -6.72446 -9.96455 77.1582 -1.60049 -13 478 1 0 1
2.14756 1.77867 53.3342 5.01166 0.830637 78.7058 -0.465059 -13 479 1 0 1
8.02849 6.82636 53.3342 14.4107 14.6416 78.6609 0.485225 -13 480 1 0 1
-2.52466 -0.341879 53.3342 -0.0589436 0.671687 81.1434 0.705117 -13 481 1 0 1
-1.6252 2.92863 53.3342 -1.18568 0.822726 80.9567 0.545549 -13 482 1 0 1
-7.93022 6.8225 53.3342 -16.9737 10.7255 76.6952 0.994316 -13 483 1 0 1
-6.39207 0.880777 53.3342 -14.4109 -0.279744 78.1042 -1.06547 -13 484 1 0 1
-10.4518 -3.86627 53.3342 -18.5597 -8.99436 76.895 2.04243 -13 485 1 0 1
1.13172 -9.79007 53.3342 1.27511 -20.7476 76.6469 2.94018 -13 486 1 0 1
3.23403 0.767589 53.3342 2.37985 -1.1574 79.4815 0.341191 -13 487 1 0 1
-10.1354 -8.0182 53.3342 -18.8547 -14.2436 76.5947 -0.691497 -13 488 1 0 1
2.57676 -4.77033 53.3342 6.57864 -1.32687 79.5636 1.49361 -13 489 1 0 1
-5.03867 -8.10543 53.3342 -10.3542 -17.5804 77.1258 -1.60972 -13 490 1 0 1
0.250942 2.29872 53.3342 -3.02687 -0.0818649 80.2123 1.06986 -13 491 1 0 1
-3.51399 -4.82068 53.3342 -7.41785 -4.5048 78.8918 1.37812 -13 492 1 0 1
-6.66331 -2.7496 53.3342 -12.195 -5.57551 79.7703 1.21733 -13 493 1 0 1
-2.24545 0.832953 53.3342 -0.752552 -0.0648168 79.9785 0.234322 -13 494 1 0 1
-3.25232 -1.37935 53.3342 -2.1686 -7.53251 80.115 -2.5444 -13 495 1 0 1
-0.364594 -3.79834 53.3342 2.47278 -7.68335 80.5288 0.435416 -13 496 1 0 1
-3.0264 2.77731 53.3342 -7.49434 5.49894 78.2615 0.477549 -13 497 1 0 1
-5.08704 3.60981 53.3342 -12.049 7.05452 78.6827 -0.211841 -13 498 1 0 1
-0.0435802 6.27467 53.3342 0.273574 7.49486 79.0719 -0.649008 -13 499 1 0 1
3.88502 -2.51478 53.3342 8.20413 -8.22349 80.3353 -0.962102 -13 500 1 0 1
1.09132 3.43196 53.3342 -4.96817 4.10753 80.1228 -0.071367 -13 501 1 0 1
-7.09487 4.17914 53.3342 -15.3892 4.49888 77.7865 -0.957383 -13 502 1 0 1
-4.08492 -9.11148 53.3342 -10.1077 -11.6725 78.4586 -1.41034 -13 503 1 0 1
-0.151318 -0.183495 53.3342 -2.8896 1.52612 79.2566 0.499627 -13 504 1 0 1
3.01667 1.64213 53.3342 5.94344 3.00348 80.3645 -0.950474 -13 505 1 0 1
-4.80003 -0.954796 53.3342 -15.4822 -3.46619 78.1087 1.49409 -13 506 1 0 1
3.02588 6.72279 53.3342 5.8896 13.2509 77.5788 0.624372 -13 507 1 0 1
0.258233 -4.17233 53.3342 -0.870666 -5.29023 78.9646 1.16773 -13 508 1 0 1
4.26694 -4.29747 53.3342 3.07953 -7.00779 79.5302 0.224222 -13 509 1 0 1
-3.6193 -1.25447 53.3342 -6.95304 -3.19 80.1826 1.34038 -13 510 1 0 1
-8.03485 -2.1692 53.3342 -18.2009 -1.67135 78.5324 2.26082 -13 511 1 0 1
-2.92424 0.217965 53.3342 -6.02022 0.82904 78.4593 -0.223043 -13 512 1 0 1
4.19631 2.40989 53.3342 8.13767 7.11853 80.0017 1.2848 -13 513 1 0 1
-3.06082 1.91209 53.3342 -5.65165 3.81518 80.5175 -3.31055 -13 514 1 0 1
-2.81467 -3.9954 53.3342 -8.00723 -6.27742 78.9366 -1.25573 -13 515 1 0 1
2.1803 0.979449 53.3342 3.64379 6.70893 79.839 -1.77259 -13 516 1 0 1
2.58211 -2.44874 53.3342 0.621952 -7.49504 79.6679 -0.928292 -13 517 1 0 1
-2.03688 -2.94614 53.3342 -4.94829 -3.93604 80.9032 0.995159 -13 518 1 0 1
-5.86398 1.43249 53.3342 -17.179 1.12191 77.3698 0.128471 -13 519 1 0 1
-0.808784 -4.60889 53.3342 -1.85606 -12.2265 79.7976 2.69577 -13 520 1 0 1
-3.65311 -6.72516 53.3342 -9.72494 -10.627 80.1481 -1.28878 -13 521 1 0 1
0.860646 3.16906 53.3342 -6.00471 5.16462 80.3437 1.1069 -13 522 1 0 1
-4.53998 4.47153 53.3342 -11.1018 5.67562 79.3776 1.05091 -13 523 1 0 1
-3.82817 -1.80458 53.3342 -7.52664 3.19685 80.0483 0.894694 -13 524 1 0 1
-0.359635 7.09898 53.3342 1.65887 11.3981 79.1003 0.783514 -13 525 1 0 1
-5.5963 0.0741953 53.3342 -14.4699 4.12082 77.5688 0.23116 -13 526 1 0 1
-4.89634 -1.0342 53.3342 -9.29172 -1.26695 78.3033 1.19246 -13 527 1 0 1
-3.41543 -0.0504125 53.3342 -6.03578 0.244017 79.792 2.83812 -13 528 1 0 1
4.28177 -4.8174 53.3342 3.61453 -13.549 79.4377 0.977509 -13 529 1 0 1
0.365468 0.826257 53.3342 -1.38599 1.39464 79.8993 -0.43246 -13 530 1 0 1
-2.22561 -4.58898 53.3342 -3.87725 -6.65919 79.5318 1.1529 -13 531 1 0 1
-7.55714 0.993216 53.3342 -12.8437 4.39026 79.994 1.80163 -13 532 1 0 1
-0.424981 -2.48067 53.3342 1.61607 -2.87982 77.4331 3.36958 -13 533 1 0 1
6.05283 -1.43024 53.3342 7.43371 -1.26204 79.9294 1.14738 -13 534 1 0 1
4.06765 6.62252 53.3342 3.44771 17.7561 77.6029 -2.64789 -13 535 1 0 1
2.82448 -1.272 53.3342 5.36723 1.78683 79.1486 -0.759573 -13 536 1 0 1
2.41642 2.43943 53.3342 8.81095 2.44983 79.3182 -0.409528 -13 537 1 0 1
1.10697 7.27973 53.3342 1.72296 11.5367 81.1329 0.270395 -13 538 1 0 1
-2.18502 -2.85675 53.3342 -7.8184 -9.47812 79.5209 1.19664 -13 539 1 0 1
5.51202 -3.72411 53.3342 3.82963 -5.5449 79.832 1.56566 -13 540 1 0 1
0.789287 3.26188 53.3342 -2.72275 8.41635 79.4725 1.12652 -13 541 1 0 1
2.55357 0.184158 53.3342 1.82977 2.26547 79.8921 0.183552 -13 542 1 0 1
0.948507 -2.93996 53.3342 -0.418536 -8.8073 79.7176 -0.347891 -13 543 1 0 1
2.18579 3.85111 53.3342 2.70732 6.14144 80.3126 0.590096 -13 544 1 0 1
-3.62107 -12.0936 53.3342 -10.3722 -23.8241 76.9708 1.32691 -13 545 1 0 1
8.62389 -4.57114 53.3342 16.2655 -6.87367 78.0646 0.61398 -13 546 1 0 1
0.0356965 6.21302 53.3342 0.245921 12.7895 78.6354 -0.559384 -13 547 1 0 1
3.68134 1.98643 53.3342 4.80519 7.91799 78.3654 2.42939 -13 548 1 0 1
1.04212 -3.76848 53.3342 1.53788 -2.46667 78.7738 2.72198 -13 549 1 0 1
-8.39539 5.29648 53.3342 -18.0572 11.4067 77.1899 -2.31882 -13 550 1 0 1
2.55394 -3.60708 53.3342 7.88329 -0.621345 80.2743 1.32485 -13 551 1 0 1
-6.87598 2.47494 53.3342 -6.8049 -0.0405172 78.7925 3.06429 -13 552 1 0 1
-2.68971 -0.719339 53.3342 -5.52499 -2.82786 80.4359 0.384092 -13 553 1 0 1
-7.69809 -1.97181 53.3342 -16.168 -5.3777 77.1933 -0.837508 -13 554 1 0 1
4.36753 2.92196 53.3342 2.29808 5.42976 78.9222 1.42115 -13 555 1 0 1
-3.45155 6.03363 53.3342 -6.9156 9.89227 78.0379 0.649137 -13 556 1 0 1
3.7497 -2.54889 53.3342 5.76288 -5.81091 79.0846 2.59292 -13 557 1 0 1
-3.03868 -2.07817 53.3342 -7.24264 -6.4044 79.5712 -2.44494 -13 558 1 0 1
3.43718 1.80853 53.3342 11.2123 2.28312 79.6591 -0.648938 -13 559 1 0 1
-5.6632 0.921227 53.3342 -8.82353 2.81089 78.4264 -1.29091 -13 560 1 0 1
-7.08539 6.098 53.3342 -9.42492 7.97869 77.9635 0.89499 -13 561 1 0 1
-8.07966 3.71191 53.3342 -17.7215 3.77386 76.6286 1.27841 -13 562 1 0 1
1.72603 0.37876 53.3342 5.33394 2.75475 80.0407 -1.64896 -13 563 1 0 1
2.73739 0.699214 53.3342 0.684305 -1.55472 78.0749 -0.162933 -13 564 1 0 1
-6.79588 1.11492 53.3342 -11.661 3.78304 78.9218 1.4166 -13 565 1 0 1
-4.75081 -0.544772 53.3342 -13.3946 -2.12486 78.0359 0.91797 -13 566 1 0 1
-1.55323 -0.0891791 53.3342 -2.84099 0.864721 79.4746 0.342359 -13 567 1 0 1
-3.6445 3.766 53.3342 -10.1352 8.36025 79.6939 0.349174 -13 568 1 0 1
1.6163 -8.10638 53.3342 1.12685 -15.3183 77.1623 1.95889 -13 569 1 0 1
1.37036 -5.9598 53.3342 3.23212 -9.38761 79.7535 -2.26719 -13 570 1 0 1
2.07493 5.40081 53.3342 6.45143 14.0534 78.4956 -0.112398 -13 571 1 0 1
1.76458 -2.61302 53.3342 -1.86163 -7.57558 80.3348 0.0286232 -13 572 1 0 1
-8.22188 0.865897 53.3342 -17.3501 -2.89994 78.3368 2.11284 -13 573 1 0 1
-7.96807 11.2128 53.3342 -14.8013 22.7933 75.4528 -0.800903 -13 574 1 0 1
-2.22728 -0.196421 53.3342 -7.62345 -0.378577 79.3953 0.350777 -13 575 1 0 1
-1.7004 1.05291 53.3342 -5.99077 -3.33693 79.4209 -0.727468 -13 576 1 0 1
-1.44218 -6.11703 53.3342 -5.24889 -5.53917 78.7162 -1.80975 -13 577 1 0 1
-2.44508 5.71088 53.3342 -8.81405 11.2263 79.5209 2.11277 -13 578 1 0 1
0.931454 -5.87942 53.3342 1.01773 -11.3556 79.8763 -0.0920436 -13 579 1 0 1
-8.0286 3.50948 53.3342 -16.7119 9.38289 76.5453 1.64607 -13 580 1 0 1
-0.0996143 4.42801 53.3342 -1.1545 5.50945 79.5091 0.229685 -13 581 1 0 1
3.46077 -1.19918 53.3342 7.92806 0.972568 79.7448 0.122254 -13 582 1 0 1
0.410009 -3.28906 53.3342 -3.01002 -7.42775 78.9483 -0.270236 -13 583 1 0 1
-0.444714 1.40632 53.3342 -3.1214 -1.05887 78.7565 -0.596067 -13 584 1 0 1
1.47944 -0.626161 53.3342 -0.317474 -4.21383 79.0463 -1.8893 -13 585 1 0 1
0.558753 -0.939475 53.3342 -3.09807 -3.63077 80.1316 2.35124 -13 586 1 0 1
-3.25074 7.49616 53.3342 -10.8228 16.8108 77.4034 0.541266 -13 587 1 0 1
2.34145 2.8465 53.3342 2.08888 8.00193 80.2145 -1.95903 -13 588 1 0 1
-0.696344 1.94709 53.3342 -4.7599 2.12385 79.9572 -1.07612 -13 589 1 0 1
-6.94393 -7.17041 53.3342 -16.7867 -16.0742 77.3967 -0.683765 -13 590 1 0 1
-5.17379 -1.20274 53.3342 -15.4657 0.433022 78.8342 2.76468 -13 591 1 0 1
-1.63794 -1.32807 53.3342 -5.88854 -4.10512 81.4365 -2.44439 -13 592 1 0 1
-4.03163 6.08374 53.3342 -8.26739 6.02989 80.4502 2.10444 -13 593 1 0 1
-8.09745 4.05039 53.3342 -16.3957 4.61427 76.0102 0.412573 -13 594 1 0 1
1.23448 -2.23474 53.3342 0.238001 -1.21724 79.0316 0.750526 -13 595 1 0 1
3.31088 3.87455 53.3342 9.60083 6.84497 79.7068 1.93909 -13 596 1 0 1
-8.38867 -1.10826 53.3342 -22.2761 -2.47914 76.6326 0.116901 -13 597 1 0 1
0.969996 -5.49422 53.3342 -6.1675 -11.2764 80.499 -1.52954 -13 598 1 0 1
-7.09441 1.23945 53.3342 -10.6422 3.38847 78.7642 -1.42644 -13 599 1 0 1
-3.12222 -5.9383 53.3342 -4.22484 -10.8956 80.0528 0.706081 -13 600 1 0 1
0.430401 -5.13545 53.3342 -0.355058 -9.64251 78.8691 1.35387 -13 601 1 0 1
-2.25393 -3.44776 53.3342 -5.28254 -5.63782 79.8425 0.81073 -13 602 1 0 1
-10.1185 -2.47017 53.3342 -20.7606 -3.95637 76.7014 -1.07463 -13 603 1 0 1
-2.102 5.82137 53.3342 -0.980076 8.17742 80.3248 0.306752 -13 604 1 0 1
-0.765061 -12.809 53.3342 -2.52638 -21.1054 77.4563 0.23833 -13 605 1 0 1
6.43296 -2.73861 53.3342 8.20485 -4.91144 79.1927 2.81048 -13 606 1 0 1
5.79034 6.26371 53.3342 3.9473 15.1927 78.4953 -0.552076 -13 607 1 0 1
10.0159 4.0198 53.3342 20.2286 7.65748 77.9072 0.780912 -13 608 1 0 1
-10.1952 1.35776 53.3342 -22.4761 7.60891 76.9219 0.35867 -13 609 1 0 1
-3.92219 0.230939 53.3342 -9.76036 6.98771 78.9311 -1.47645 -13 610 1 0 1
-3.54216 1.64855 53.3342 -5.72115 -0.625323 79.5718 1.09078 -13 611 1 0 1
4.79371 -0.490503 53.3342 8.58417 2.39399 79.1625 -2.05539 -13 612 1 0 1
1.87248 2.13364 53.3342 6.11634 5.1152 79.6363 1.49374 -13 613 1 0 1
-3.27481 0.432508 53.3342 -6.98472 -2.69719 80.3095 -0.107785 -13 614 1 0 1
-2.66473 -1.30982 53.3342 -8.95017 -6.90749 81.3005 1.02171 -13 615 1 0 1
3.65003 1.78676 53.3342 0.5498 5.50527 81.1353 -0.00264373 -13 616 1 0 1
-1.12211 -2.38191 53.3342 -4.02592 -2.27855 79.8881 -0.494205 -13 617 1 0 1
-2.77856 13.7553 53.3342 -6.09023 25.6499 74.8025 -0.822409 -13 618 1 0 1
2.75464 9.1587 53.3342 6.20822 19.413 79.1769 0.901217 -13 619 1 0 1
-2.08212 2.24832 53.3342 -10.1043 3.56657 79.4219 -1.99186 -13 620 1 0 1
0.330423 -6.44986 53.3342 0.0676662 -6.96279 79.3546 0.881422 -13 621 1 0 1
-1.21289 -3.74592 53.3342 -1.88454 -5.11836 80.4339 0.551405 -13 622 1 0 1
-2.13614 -1.97578 53.3342 -3.99623 0.582688 80.6617 -0.0949672 -13 623 1 0 1
-1.07172 0.522557 53.3342 -2.97058 -1.20317 80.5043 -0.0894806 -13 624 1 0 1
-6.37914 4.7438 53.3342 -11.8733 4.34906 78.4811 -0.641793 -13 625 1 0 1
1.32175 2.73159 53.3342 -1.85102 2.41937 79.9669 2.66967 -13 626 1 0 1
-4.6901 2.91383 53.3342 -14.1102 10.8233 78.6347 0.801318 -13 627 1 0 1
-1.69445 -2.98581 53.3342 -6.65923 -4.12361 81.1578 0.360595 -13 628 1 0 1
-4.79515 6.45571 53.3342 -9.83972 13.6209 79.807 0.406462 -13 629 1 0 1
-5.22202 3.22913 53.3342 -11.0965 7.95266 78.3444 0.876247 -13 630 1 0 1
-3.10237 0.130231 53.3342 -5.10185 1.30901 81.1633 -0.450086 -13 631 1 0 1
0.111732 -2.17245 53.3342 -2.71815 -3.48708 79.7353 -1.29258 -13 632 1 0 1
1.38867 2.64641 53.3342 3.33323 3.83477 80.2507 -0.612865 -13 633 1 0 1
-10.6384 7.63342 53.3342 -19.505 14.0406 76.2024 0.0961908 -13 634 1 0 1
4.02836 -2.32546 53.3342 8.13907 -2.1592 79.6221 0.39108 -13 635 1 0 1
-5.00484 4.91549 53.3342 -13.3307 12.4511 78.0753 -1.87988 -13 636 1 0 1
2.62483 -1.49613 53.3342 0.162617 -4.30825 79.5265 0.315078 -13 637 1 0 1
0.279344 -1.4445 53.3342 2.99243 -1.89678 79.1042 0.18473 -13 638 1 0 1
3.59531 -4.24501 53.3342 3.8835 -7.62594 79.8859 -1.74439 -13 639 1 0 1
0.467367 2.16838 53.3342 3.40671 3.3303 78.9283 -1.98828 -13 640 1 0 1
0.691521 -3.98568 53.3342 -0.11906 -8.87905 78.6253 -1.10455 -13 641 1 0 1
-2.11224 -7.87714 53.3342 -3.82722 -12.2399 78.7968 0.171859 -13 642 1 0 1
-3.32171 -7.25031 53.3342 -9.7945 -13.3786 78.3265 -0.15714 -13 643 1 0 1
-3.17152 -6.84359 53.3342 -5.3631 -13.9456 78.6714 2.4413 -13 644 1 0 1
0.244469 -5.60301 53.3342 0.722074 -9.15186 80.5997 1.2048 -13 645 1 0 1
-5.6358 1.36578 53.3342 -14.7875 1.81264 77.9226 1.57193 -13 646 1 0 1
-9.64297 -1.55463 53.3342 -23.2875 -0.788658 75.6157 -1.26631 -13 647 1 0 1
-6.17783 -7.04296 53.3342 -7.77771 -13.9714 79.2866 2.15972 -13 648 1 0 1
-2.65666 2.84233 53.3342 -7.04742 6.23783 79.5102 0.0938758 -13 649 1 0 1
-0.408938 -5.09778 53.3342 -5.66472 -6.75136 79.186 1.16852 -13 650 1 0 1
2.76458 4.34576 53.3342 1.77382 7.06394 78.4925 0.695772 -13 651 1 0 1
-0.0706072 -3.43058 53.3342 -2.70997 -7.55198 78.8521 1.19633 -13 652 1 0 1
0.263355 -5.40225 53.3342 -2.75837 -7.17619 78.3555 0.823783 -13 653 1 0 1
-0.10472 -1.77579 53.3342 3.96799 -4.31551 82.2372 -0.265896 -13 654 1 0 1
-4.57184 -4.30685 53.3342 -5.65054 -9.6415 77.1964 0.30741 -13 655 1 0 1
-8.88961 8.05415 53.3342 -17.8697 16.8262 74.7558 0.0875746 -13 656 1 0 1
-0.759003 -5.96307 53.3342 -2.91234 -6.78124 78.6428 0.79065 -13 657 1 0 1
1.31746 6.11093 53.3342 5.36055 13.2852 77.3139 0.555228 -13 658 1 0 1
-4.87178 -8.5291 53.3342 -12.2093 -11.2619 76.7666 2.41951 -13 659 1 0 1
1.17441 -2.08438 53.3342 -0.812735 -2.85891 78.9649 -1.32046 -13 660 1 0 1
-2.4524 -1.06036 53.3342 -10.5021 -6.4633 77.8241 1.82796 -13 661 1 0 1
3.96718 -0.833639 53.3342 6.27609 -1.11213 78.7849 -0.0975338 -13 662 1 0 1
2.65753 -2.93041 53.3342 4.49183 -2.63476 79.8051 0.609167 -13 663 1 0 1
-1.42958 -2.96653 53.3342 -6.97417 -4.06192 77.8378 1.92283 -13 664 1 0 1
-2.39057 -1.89317 53.3342 -9.92164 -5.11907 79.649 0.493536 -13 665 1 0 1
-2.37479 0.616618 53.3342 -5.34864 3.10238 79.7801 1.14953 -13 666 1 0 1
-3.79382 -0.452857 53.3342 -8.19386 0.0760261 78.2067 -1.98162 -13 667 1 0 1
1.98149 -2.88829 53.3342 5.9926 -8.14251 79.9357 0.849681 -13 668 1 0 1
-0.311222 -7.40072 53.3342 -2.72796 -13.3861 80.046 1.56128 -13 669 1 0 1
-2.54142 1.83988 53.3342 -8.90138 4.54277 79.967 0.21262 -13 670 1 0 1
-2.3364 -3.24842 53.3342 -5.10327 -5.20945 79.2476 0.654265 -13 671 1 0 1
8.27691 3.71545 53.3342 13.0028 6.55492 77.3247 1.72744 -13 672 1 0 1
-1.46935 9.36288 53.3342 -3.05148 14.72 78.8142 0.506326 -13 673 1 0 1
3.25423 4.49987 53.3342 3.02736 8.23839 77.1021 1.03103 -13 674 1 0 1
-4.46763 -8.88943 53.3342 -8.98692 -17.6107 77.6632 3.35044 -13 675 1 0 1
6.8716 -1.27121 53.3342 13.1917 0.0549318 78.2914 -0.0197269 -13 676 1 0 1
4.53248 -2.43085 53.3342 4.46997 -5.67488 77.7065 1.18807 -13 677 1 0 1
0.26931 5.02949 53.3342 -3.42826 15.6679 79.4508 1.73557 -13 678 1 0 1
-5.52446 6.56504 53.3342 -12.7772 12.4091 77.9891 0.195192 -13 679 1 0 1
-3.1477 2.94555 53.3342 -5.12746 2.71504 80.6035 -0.724131 -13 680 1 0 1
-4.13179 -0.190348 53.3342 -11.6021 -6.62729 78.8256 -3.04268 -13 681 1 0 1
-4.33315 2.92313 53.3342 -4.10479 -4.35927 79.3085 0.12007 -13 682 1 0 1
3.86424 3.40876 53.3342 4.99673 11.5124 77.7172 2.22111 -13 683 1 0 1
0.667107 -3.09914 53.3342 -0.129383 -5.15707 79.7965 -0.033944 -13 684 1 0 1
11.9271 -2.43045 53.3342 17.1642 -7.55787 78.4462 -1.48082 -13 685 1 0 1
-0.731447 5.72856 53.3342 -4.54189 10.7559 79.7535 0.605267 -13 686 1 0 1
-2.94948 -0.2 53.3342 -4.35486 2.40104 78.8446 1.84745 -13 687 1 0 1
-2.23001 -4.24903 53.3342 -6.29576 -10.3871 78.2675 0.162156 -13 688 1 0 1
-6.71816 2.88312 53.3342 -8.96572 6.6267 79.532 -0.27262 -13 689 1 0 1
-1.4043 -4.86374 53.3342 -2.98843 -11.4526 78.6319 1.18087 -13 690 1 0 1
2.01046 1.4676 53.3342 1.10796 -0.795715 79.0331 -1.76408 -13 691 1 0 1
2.11093 0.205822 53.3342 2.1854 -4.41464 79.4153 -0.761184 -13 692 1 0 1
-0.103797 3.1367 53.3342 -0.348968 -2.15594 78.6166 1.99628 -13 693 1 0 1
-0.59569 -6.57332 53.3342 -3.48502 -7.79083 78.3498 2.56257 -13 694 1 0 1
-0.815837 -3.54223 53.3342 2.41672 -6.96042 79.0082 1.177 -13 695 1 0 1
1.17931 -0.736122 53.3342 0.29339 -0.938167 80.4214 0.543493 -13 696 1 0 1
-3.22677 -1.68544 53.3342 -10.3607 -0.908035 77.7606 0.738594 -13 697 1 0 1
1.09771 0.75512 53.3342 7.70286 -1.91967 79.5586 -0.339902 -13 698 1 0 1
-0.120206 -3.42958 53.3342 2.63974 -3.91198 80.9 -0.557876 -13 699 1 0 1
0.0188926 -2.59157 53.3342 -4.4853 -4.56551 79.7842 1.60201 -13 700 1 0 1
2.53917 2.81786 53.3342 1.63688 8.34535 80.4493 1.54209 -13 701 1 0 1
1.27438 2.88025 53.3342 4.42442 4.92976 79.327 1.48506 -13 702 1 0 1
-5.09968 3.7734 53.3342 -16.1089 5.04207 78.439 -2.00261 -13 703 1 0 1
-0.656488 -1.86762 53.3342 -0.552912 0.147323 79.5352 -0.285504 -13 704 1 0 1
-0.120282 -0.152836 53.3342 0.720686 -2.59411 79.7224 1.59925 -13 705 1 0 1
-5.08979 0.599621 53.3342 -8.17531 1.08779 80.1082 -1.41436 -13 706 1 0 1
-0.419135 2.44165 53.3342 -4.85424 9.6707 79.026 3.53029 -13 707 1 0 1
-7.12755 -2.7584 53.3342 -13.4165 -4.84884 78.1571 0.707906 -13 708 1 0 1
-2.03399 1.05335 53.3342 -5.47894 -0.65878 79.8158 0.284734 -13 709 1 0 1
-1.92659 2.37324 53.3342 -0.870024 -0.23107 79.4384 -0.800979 -13 710 1 0 1
3.47706 6.98569 53.3342 7.03399 9.74343 79.0076 -0.144179 -13 711 1 0 1
-1.38162 -5.77425 53.3342 -5.91443 -9.47175 78.2161 1.59978 -13 712 1 0 1
-1.7023 -4.67635 53.3342 -10.8111 -10.9045 79.7109 0.226159 -13 713 1 0 1
0.203505 -0.0758501 53.3342 1.68114 -4.28935 79.8928 1.83226 -13 714 1 0 1
-2.59094 0.506107 53.3342 -8.64463 3.21711 79.2828 -0.86306 -13 715 1 0 1
-2.40861 3.82314 53.3342 -2.60615 6.58427 79.4975 1.40066 -13 716 1 0 1
-1.70731 0.961592 53.3342 -2.11255 0.861787 79.1495 1.97605 -13 717 1 0 1
-6.65554 0.797788 53.3342 -16.164 -0.79557 78.8441 1.15715 -13 718 1 0 1
0.977815 1.02746 53.3342 -2.06028 4.80599 79.9396 0.113345 -13 719 1 0 1
-7.28695 2.43181 53.3342 -14.8775 4.68677 77.724 2.29421 -13 720 1 0 1
1.70099 -5.96775 53.3342 -1.09955 -10.2726 78.5607 0.128055 -13 721 1 0 1
0.984478 -3.12793 53.3342 2.16416 -6.98697 80.6441 -1.34423 -13 722 1 0 1
-1.97207 -6.26764 53.3342 -5.19447 -7.93477 78.2704 -1.00282 -13 723 1 0 1
2.4475 6.38574 53.3342 0.0692387 9.82222 79.3656 2.21857 -13 724 1 0 1
-1.77459 5.15659 53.3342 -3.45146 6.96784 79.7699 -0.0864075 -13 725 1 0 1
0.811326 -4.27213 53.3342 1.92326 -9.05894 80.4384 -0.796782 -13 726 1 0 1
-0.541075 6.46139 53.3342 0.649048 12.4556 77.4547 2.10906 -13 727 1 0 1
-0.619552 10.0521 53.3342 0.681453 20.8689 76.4654 -0.161696 -13 728 1 0 1
1.09062 -3.8993 53.3342 -4.02504 -6.04043 79.872 -1.60641 -13 729 1 0 1
-11.054 -3.20268 53.3342 -16.615 -2.05992 77.8982 -0.0459622 -13 730 1 0 1
-6.14296 -6.08232 53.3342 -14.521 -9.11272 78.6212 -1.02631 -13 731 1 0 1
-7.27535 7.19717 53.3342 -15.6161 10.714 79.0262 2.22196 -13 732 1 0 1
-3.96463 -0.102159 53.3342 -6.34269 -3.1913 78.3844 -0.243451 -13 733 1 0 1
-2.26629 1.80868 53.3342 -7.33677 -6.07752 79.6454 2.46098 -13 734 1 0 1
4.90113 5.69179 53.3342 10.5394 7.57684 77.6316 -1.0103 -13 735 1 0 1
8.0275 7.28155 53.3342 14.7514 12.3015 77.7303 -0.0266795 -13 736 1 0 1
-4.26492 3.52158 53.3342 -8.46734 5.12272 80.4358 2.2634 -13 737 1 0 1
-0.182903 4.4204 53.3342 -1.50423 10.402 77.6973 1.72851 -13 738 1 0 1
0.0475277 -5.35352 53.3342 -0.393506 -6.47243 80.1976 -0.953532 -13 739 1 0 1
-3.08873 0.827507 53.3342 -10.162 1.04735 79.3718 0.989769 -13 740 1 0 1
6.95432 -6.4535 53.3342 15.9325 -8.4458 78.2692 1.81106 -13 741 1 0 1
-8.2015 -2.81708 53.3342 -14.1082 -3.8023 78.5477 -2.0545 -13 742 1 0 1
-0.687449 0.220474 53.3342 -4.77925 2.59284 80.9262 1.53633 -13 743 1 0 1
-5.17956 2.8567 53.3342 -8.85822 2.06918 79.2586 0.451449 -13 744 1 0 1
3.31648 7.17041 53.3342 0.744325 11.4443 77.0464 2.16991 -13 745 1 0 1
-1.77618 -0.354091 53.3342 -6.2622 -0.608186 80.0053 -1.61454 -13 746 1 0 1
-1.04332 -2.1427 53.3342 -4.60737 -3.53671 80.2477 0.38111 -13 747 1 0 1
-9.48961 5.78499 53.3342 -14.2516 12.2711 77.3629 -1.62978 -13 748 1 0 1
1.47435 -1.74278 53.3342 -2.03989 -3.67185 79.3645 1.33557 -13 749 1 0 1
-2.40114 3.32349 53.3342 -5.44622 -1.20218 80.6969 0.904754 -13 750 1 0 1
-1.30222 2.27712 53.3342 -1.256 6.15139 80.3598 0.194422 -13 751 1 0 1
-3.71998 3.93884 53.3342 -9.22288 10.4084 79.5599 -0.282748 -13 752 1 0 1
-0.566714 -0.37609 53.3342 -2.07641 -4.27938 80.4118 -0.840104 -13 753 1 0 1
-6.03045 0.734296 53.3342 -14.0386 3.16609 79.9468 0.517222 -13 754 1 0 1
-0.283013 0.526548 53.3342 -5.83873 -0.375731 79.8147 -1.21979 -13 755 1 0 1
2.06337 4.08332 53.3342 0.635075 11.4924 79.0357 -0.834525 -13 756 1 0 1
2.11084 -4.76415 53.3342 5.44347 -7.43029 79.8429 -0.941593 -13 757 1 0 1
-5.35311 -5.37693 53.3342 -8.79864 -15.0438 79.2809 0.54257 -13 758 1 0 1
3.79561 -8.32745 53.3342 4.91387 -16.3262 77.3544 1.34802 -13 759 1 0 1
0.793388 -2.46474 53.3342 1.89058 -4.85502 79.0645 0.382718 -13 760 1 0 1
1.76915 -3.37443 53.3342 2.03098 -3.88754 78.5376 0.882639 -13 761 1 0 1
-0.632378 0.710003 53.3342 1.63308 5.84667 80.1124 -0.820702 -13 762 1 0 1
7.17154 3.13054 53.3342 11.6669 9.6774 78.8163 1.45975 -13 763 1 0 1
1.7861 0.253215 53.3342 -0.345572 1.36279 79.6898 -2.38851 -13 764 1 0 1
-5.55571 -0.872461 53.3342 -10.995 -2.9561 80.4351 -0.357269 -13 765 1 0 1
-0.391215 -3.48452 53.3342 3.806 -8.16605 79.6892 -1.06699 -13 766 1 0 1
0.208932 -1.73368 53.3342 -0.047379 -4.51818 79.0281 -0.257565 -13 767 1 0 1
3.21212 -8.6178 53.3342 3.44798 -15.9901 80.0893 0.81982 -13 768 1 0 1
-4.03799 2.61196 53.3342 -4.6538 0.455921 79.2192 0.264306 -13 769 1 0 1
-2.45515 -3.69813 53.3342 -7.56382 -14.5822 79.9977 -0.842203 -13 770 1 0 1
-4.92232 -1.66485 53.3342 -5.73924 -4.92363 79.6915 -0.54005 -13 771 1 0 1
-6.3588 -1.98113 53.3342 -11.0006 -4.92808 78.4649 0.00572806 -13 772 1 0 1
3.77706 -0.782227 53.3342 0.668101 -0.550102 79.5696 0.721918 -13 773 1 0 1
-6.28556 0.439526 53.3342 -11.4239 3.49515 79.9369 1.13035 -13 774 1 0 1
4.37365 -3.85955 53.3342 7.3314 -9.85133 78.9498 0.112542 -13 775 1 0 1
0.403944 5.20481 53.3342 1.20061 10.1028 79.465 2.70601 -13 776 1 0 1
-2.57543 -3.98027 53.3342 -7.4569 -9.16757 78.3472 0.170732 -13 777 1 0 1
3.65748 4.06661 53.3342 8.35673 12.0108 79.0789 2.74796 -13 778 1 0 1
-8.03118 -2.86205 53.3342 -17.1212 -5.06537 78.4185 1.88989 -13 779 1 0 1
2.05979 0.823843 53.3342 2.41846 2.0089 81.2944 -0.712028 -13 780 1 0 1
-2.10976 0.726097 53.3342 -5.92385 -1.16792 80.1286 0.0833823 -13 781 1 0 1
-6.69801 -1.49886 53.3342 -13.7651 -2.41077 77.5498 0.70544 -13 782 1 0 1
2.10838 -2.15295 53.3342 3.30948 -2.44125 79.2265 1.16611 -13 783 1 0 1
-9.58147 -8.99676 53.3342 -18.763 -18.8994 76.3898 -0.669689 -13 784 1 0 1
-3.59761 -0.702184 53.3342 -12.9006 -7.22908 79.2179 0.00816473 -13 785 1 0 1
-11.6006 12.0251 53.3342 -17.5389 18.4889 73.1939 0.429631 -13 786 1 0 1
0.504638 -4.54185 53.3342 2.52379 -10.8735 78.3957 -0.868948 -13 787 1 0 1
-9.32199 -3.98539 53.3342 -17.7857 -8.79789 76.4943 -0.735141 -13 788 1 0 1
2.94061 0.457016 53.3342 1.93313 -3.4356 80.8836 0.633782 -13 789 1 0 1
4.42013 -4.33443 53.3342 7.1329 -11.9667 78.6116 2.19711 -13 790 1 0 1
1.21808 -5.45128 53.3342 -0.416494 -13.3082 79.3971 -1.22202 -13 791 1 0 1
-4.01289 -1.82957 53.3342 -9.32258 -2.72717 80.3035 2.386 -13 792 1 0 1
1.11123 1.8504 53.3342 2.89098 1.1451 79.6442 1.95401 -13 793 1 0 1
-3.36517 1.8114 53.3342 -8.50012 5.42429 80.8767 0.482974 -13 794 1 0 1
-5.67987 -7.15161 53.3342 -10.4206 -13.5858 77.6443 -2.22217 -13 795 1 0 1
-3.30998 1.0442 53.3342 -5.5087 1.21191 80.5375 0.0787817 -13 796 1 0 1
-5.26555 8.29212 53.3342 -7.08799 12.012 79.6581 -0.665927 -13 797 1 0 1
-2.45875 8.74962 53.3342 -9.64401 16.4812 77.7434 2.20861 -13 798 1 0 1
-1.88643 2.21548 53.3342 -4.90427 2.93239 80.4775 1.09875 -13 799 1 0 1
-10.2648 5.40336 53.3342 -18.9495 12.6639 76.5253 1.38817 -13 800 1 0 1
0.632248 6.80179 53.3342 -0.740319 7.40586 81.9957 2.42226 -13 801 1 0 1
-2.62744 -1.78804 53.3342 -7.15948 -6.01442 78.6242 -1.08543 -13 802 1 0 1
0.569911 -0.760412 53.3342 -4.65448 3.78977 79.2886 -1.47939 -13 803 1 0 1
8.55851 0.343676 53.3342 15.8982 1.59954 78.9116 -0.332939 -13 804 1 0 1
3.31158 5.71157 53.3342 8.99209 12.3242 79.4615 -0.297754 -13 805 1 0 1
1.72576 2.72661 53.3342 2.5946 3.59497 78.8461 1.17088 -13 806 1 0 1
-3.26329 -4.12166 53.3342 -7.67839 -5.29346 80.9433 0.584653 -13 807 1 0 1
-10.5439 3.50494 53.3342 -15.3299 6.76159 78.254 1.53079 -13 808 1 0 1
-3.46616 -1.2427 53.3342 -7.95213 -2.39745 80.0755 -0.362826 -13 809 1 0 1
-1.95662 -0.964273 53.3342 -9.21424 -3.85699 79.9306 -0.467517 -13 810 1 0 1
-0.00777443 -0.987134 53.3342 -2.57404 0.174856 81.3889 -0.0173135 -13 811 1 0 1
-0.0297582 -6.17183 53.3342 1.90764 -9.94763 79.8216 2.09944 -13 812 1 0 1
4.96953 -0.300386 53.3342 9.20196 2.17576 79.5863 0.937923 -13 813 1 0 1
-0.418902 -3.45022 53.3342 -2.07474 -2.58919 79.1249 0.900396 -13 814 1 0 1
2.46788 1.87774 53.3342 4.28204 4.27781 78.7342 -1.88173 -13 815 1 0 1
-0.275424 -2.85632 53.3342 -6.73692 -4.98759 79.2067 1.69586 -13 816 1 0 1
-0.554527 -1.28025 53.3342 2.07171 -1.77312 80.1245 -1.54277 -13 817 1 0 1
0.900358 -0.998379 53.3342 5.89544 -2.84315 79.6088 0.0211049 -13 818 1 0 1
3.88674 4.9692 53.3342 11.1869 10.7991 78.4833 0.604268 -13 819 1 0 1
-3.97841 -2.56327 53.3342 -6.09193 -7.61428 77.5805 0.0528073 -13 820 1 0 1
-1.8362 2.06827 53.3342 -1.81919 7.53815 79.7175 -1.57983 -13 821 1 0 1
-4.12834 3.90494 53.3342 -17.1747 2.63732 79.6195 0.835755 -13 822 1 0 1
-1.42047 -3.44945 53.3342 -1.94906 -8.61895 79.8913 0.0833081 -13 823 1 0 1
-7.20569 -5.46373 53.3342 -7.5116 -9.54312 80.0956 0.132121 -13 824 1 0 1
1.3008 -1.46914 53.3342 0.46169 -3.49699 80.2475 0.453594 -13 825 1 0 1
-1.23747 3.20362 53.3342 -4.94761 9.18719 79.5591 -1.20735 -13 826 1 0 1
2.23768 -6.89364 53.3342 3.12873 -15.1404 79.529 2.84164 -13 827 1 0 1
-1.23472 0.918638 53.3342 -3.40296 -1.29049 80.7521 -2.27887 -13 828 1 0 1
9.95165 -9.3743 53.3342 16.4358 -18.4131 75.8814 0.952586 -13 829 1 0 1
-2.72265 0.0211995 53.3342 -6.47401 -1.38043 79.6859 0.0164086 -13 830 1 0 1
0.292443 -2.83114 53.3342 -1.87685 -7.41035 78.9559 2.16784 -13 831 1 0 1
-6.08816 -4.6905 53.3342 -10.9351 -9.96773 78.4826 0.53061 -13 832 1 0 1
-2.08296 -4.15362 53.3342 -5.28934 -8.35176 79.1714 0.549687 -13 833 1 0 1
-1.68148 -5.48824 53.3342 -3.56019 -7.46854 80.1821 -0.0566307 -13 834 1 0 1
-2.12496 -7.65045 53.3342 -10.6252 -15.0339 76.866 -0.740274 -13 835 1 0 1
2.62813 7.13518 53.3342 1.76625 14.6326 78.9145 0.0682635 -13 836 1 0 1
6.05828 -7.80295 53.3342 7.71119 -9.32846 78.0207 1.22128 -13 837 1 0 1
1.89316 5.43811 53.3342 -0.59913 6.00867 80.0179 -1.13668 -13 838 1 0 1
0.816518 -9.0327 53.3342 2.22377 -12.6295 79.3698 -0.242519 -13 839 1 0 1
0.114368 2.98339 53.3342 -0.996424 4.56561 79.7076 2.60174 -13 840 1 0 1
-3.58169 4.1055 53.3342 -6.98791 4.40371 79.5986 -1.65533 -13 841 1 0 1
-1.2733 -3.86817 53.3342 -6.64985 -5.64568 79.4754 -0.780458 -13 842 1 0 1
-3.60705 -7.29779 53.3342 -11.6873 -18.2292 77.2494 0.686241 -13 843 1 0 1
1.41232 2.62852 53.3342 1.40244 5.00166 78.766 1.06368 -13 844 1 0 1
1.79412 2.94396 53.3342 2.89795 7.58574 80.338 1.1541 -13 845 1 0 1
-1.3106 -7.15902 53.3342 0.750655 -10.7822 78.6409 0.565472 -13 846 1 0 1
-0.724705 -7.52906 53.3342 -1.19975 -7.95286 80.5787 -1.00113 -13 847 1 0 1
-6.41436 -0.0211055 53.3342 -11.6122 -3.19919 77.9183 -0.636163 -13 848 1 0 1
-5.87172 -0.0720851 53.3342 -10.2007 1.81281 78.6056 -1.83741 -13 849 1 0 1
3.14924 -7.98769 53.3342 2.21913 -13.5187 78.0374 -0.690206 -13 850 1 0 1
-6.19454 6.30284 53.3342 -11.3728 8.73407 77.6933 -0.297418 -13 851 1 0 1
3.55766 -1.33647 53.3342 0.113434 -1.58228 78.1122 0.706727 -13 852 1 0 1
-0.754904 -2.41393 53.3342 -2.26894 -3.91645 80.4594 1.26128 -13 853 1 0 1
-1.27194 0.555293 53.3342 -6.49604 -3.38024 78.9284 -0.630902 -13 854 1 0 1
-7.33203 3.63474 53.3342 -14.5247 6.72604 78.3196 0.301917 -13 855 1 0 1
-4.82146 1.48337 53.3342 -9.80754 -3.63025 79.4872 0.499591 -13 856 1 0 1
-2.37811 -5.98774 53.3342 -6.0371 -5.76133 80.069 -0.687157 -13 857 1 0 1
-10.646 1.39221 53.3342 -21.5725 1.41889 77.3445 -2.21156 -13 858 1 0 1
-7.33536 -0.0484156 53.3342 -11.9969 2.20149 79.9115 1.75587 -13 859 1 0 1
-4.13649 5.89092 53.3342 -10.073 11.019 79.0233 1.5129 -13 860 1 0 1
-0.84685 -4.70418 53.3342 -6.96548 -9.43594 80.4423 -1.62101 -13 861 1 0 1
0.339642 1.44897 53.3342 -0.889488 4.7545 79.1703 0.101281 -13 862 1 0 1
-7.22995 -4.78011 53.3342 -13.9438 -7.0174 77.7991 0.378367 -13 863 1 0 1
-2.59069 -0.844991 53.3342 -5.64806 -0.250994 79.9921 -0.428708 -13 864 1 0 1
-2.00467 1.15197 53.3342 -3.53105 5.19004 79.0493 1.9531 -13 865 1 0 1
3.32142 4.11324 53.3342 5.14544 11.0087 76.8905 0.118426 -13 866 1 0 1
1.52718 3.2147 53.3342 -2.20035 3.77601 79.6508 -0.452627 -13 867 1 0 1
-2.34892 1.57871 53.3342 -11.0547 0.504828 78.5785 -1.42572 -13 868 1 0 1
-8.35233 -10.7396 53.3342 -15.7939 -18.766 76.2917 -0.495662 -13 869 1 0 1
4.19062 -2.60784 53.3342 6.61586 -6.83034 79.335 0.932402 -13 870 1 0 1
-0.731247 -1.72717 53.3342 -3.46525 -4.82486 80.8903 -1.00454 -13 871 1 0 1
-2.42287 -3.76417 53.3342 -7.02478 -5.17536 80.6167 -0.937759 -13 872 1 0 1
1.94203 2.31137 53.3342 -0.159 1.73848 80.4232 -0.883083 -13 873 1 0 1
-2.34193 3.82569 53.3342 -7.21845 7.94472 79.0877 2.77167 -13 874 1 0 1
-3.56915 -6.27099 53.3342 -7.82834 -12.0609 78.6295 0.396755 -13 875 1 0 1
1.52345 6.49583 53.3342 -2.57658 10.3401 79.2096 0.199238 -13 876 1 0 1
-1.33859 1.68675 53.3342 -4.81276 9.31864 80.939 -1.81892 -13 877 1 0 1
0.307958 4.84974 53.3342 -4.07861 12.3509 79.2405 -3.51104 -13 878 1 0 1
-10.156 6.62475 53.3342 -15.9334 10.0426 78.9118 1.30818 -13 879 1 0 1
-7.66818 -1.97112 53.3342 -15.6006 -4.88765 78.9461 1.00156 -13 880 1 0 1
0.85802 -2.66519 53.3342 1.90138 -5.26625 80.0009 1.98469 -13 881 1 0 1
2.02456 8.29424 53.3342 -1.58323 14.9966 79.3118 -0.368938 -13 882 1 0 1
5.65474 9.65847 53.3342 6.62981 19.3615 75.9103 -0.168449 -13 883 1 0 1
-7.94279 0.129358 53.3342 -11.5459 0.840628 78.4424 -0.374453 -13 884 1 0 1
-3.61393 -4.56245 53.3342 -2.63763 -6.40596 79.4032 -0.110787 -13 885 1 0 1
2.821 0.337082 53.3342 -1.90384 -5.04958 80.1895 2.52795 -13 886 1 0 1
-9.97873 4.45537 53.3342 -21.3228 6.91507 76.0392 0.69399 -13 887 1 0 1
-1.0225 1.95833 53.3342 -1.17466 -0.257192 80.5013 0.184941 -13 888 1 0 1
0.0287494 -8.98681 53.3342 0.23675 -14.8847 78.3855 -0.473673 -13 889 1 0 1
0.93372 -9.41966 53.3342 -1.42263 -17.7081 78.6464 -0.977604 -13 890 1 0 1
-0.112987 -0.57893 53.3342 3.75634 0.00669912 80.4737 -1.07387 -13 891 1 0 1
-1.19743 -1.43006 53.3342 -5.91093 1.65619 80.1512 0.602183 -13 892 1 0 1
-7.24304 -0.323302 53.3342 -12.8969 1.98318 80.2826 -1.524 -13 893 1 0 1
2.13444 -4.20492 53.3342 -1.44283 -6.50733 80.7069 0.13862 -13 894 1 0 1
-8.92417 5.34159 53.3342 -20.4135 17.2883 73.2699 1.69365 -13 895 1 0 1
-7.19926 9.32105 53.3342 -15.4917 18.1316 76.8879 -1.51529 -13 896 1 0 1
0.350748 -3.90264 53.3342 0.814203 -6.77876 79.0205 -1.65286 -13 897 1 0 1
1.74172 3.97059 53.3342 2.73467 9.81402 80.2642 -0.567749 -13 898 1 0 1
2.20587 1.77888 53.3342 3.45168 5.71962 79.8755 -0.15008 -13 899 1 0 1
0.308277 -1.13935 53.3342 5.83176 -0.418415 79.8389 -1.50214 -13 900 1 0 1
-0.408505 2.66862 53.3342 -3.64016 1.13303 80.5912 0.724537 -13 901 1 0 1
0.823782 -7.78768 53.3342 2.3149 -16.6146 77.7989 0.685791 -13 902 1 0 1
-0.695531 -6.6251 53.3342 -6.60393 -5.81563 79.1364 1.30952 -13 903 1 0 1
2.62656 -4.42368 53.3342 3.52116 -10.9715 77.7512 2.06739 -13 904 1 0 1
-8.4177 1.53117 53.3342 -21.4247 4.35855 76.7091 0.294453 -13 905 1 0 1
-9.80015 2.2475 53.3342 -16.8244 5.13858 78.7368 1.38709 -13 906 1 0 1
2.07552 5.40378 53.3342 1.07115 7.09616 80.3683 0.44477 -13 907 1 0 1
-1.82117 -6.99551 53.3342 -0.850164 -13.6084 77.5721 0.259711 -13 908 1 0 1
-1.75613 -5.63559 53.3342 -8.23055 -7.05883 78.9692 0.829282 -13 909 1 0 1
-2.04534 -3.19577 53.3342 -7.30261 -6.37528 79.2583 -0.0257177 -13 910 1 0 1
-1.96081 3.23444 53.3342 -1.19003 8.48009 78.4288 -0.550283 -13 911 1 0 1
6.68824 8.78179 53.3342 10.8495 10.6337 77.0084 -0.684881 -13 912 1 0 1
-0.759165 4.85226 53.3342 -10.237 13.7126 78.411 1.45305 -13 913 1 0 1
-7.34839 -1.72713 53.3342 -17.0049 2.64605 80.3508 1.12526 -13 914 1 0 1
0.524745 -4.08894 53.3342 -0.0574088 -5.33871 79.6852 -0.736621 -13 915 1 0 1
-8.64567 0.530724 53.3342 -24.5503 2.60513 76.383 4.45978 -13 916 1 0 1
-1.53137 4.23271 53.3342 -0.0223186 9.96744 79.3315 -0.14965 -13 917 1 0 1
-5.64596 5.07848 53.3342 -14.5921 9.16401 78.0357 2.16818 -13 918 1 0 1
-4.37857 4.69596 53.3342 -9.89665 6.11343 78.8264 -0.472937 -13 919 1 0 1
-4.56593 -2.25877 53.3342 -14.9762 -1.01329 79.1518 0.595342 -13 920 1 0 1
-2.74056 4.13883 53.3342 -1.74329 1.02692 78.1769 0.399202 -13 921 1 0 1
-4.55955 -7.51944 53.3342 -16.1573 -12.3282 78.5994 2.58838 -13 922 1 0 1
-11.1484 6.2413 53.3342 -20.0313 10.4641 76.2559 -0.0290281 -13 923 1 0 1
-3.21737 2.71153 53.3342 -8.6749 2.33543 78.9633 -0.912606 -13 924 1 0 1
-4.90547 -0.755802 53.3342 -10.3663 -0.349387 77.9402 0.496461 -13 925 1 0 1
-4.20092 2.74768 53.3342 -13.5382 3.0373 78.5668 1.51722 -13 926 1 0 1
-3.06432 -0.340118 53.3342 -7.06194 3.41682 81.9926 0.678021 -13 927 1 0 1
2.13958 -0.0241594 53.3342 3.95412 -0.988809 80.2029 -0.11885 -13 928 1 0 1
1.6935 4.47038 53.3342 8.15029 7.80076 79.5728 -0.491983 -13 929 1 0 1
-2.14935 -0.526415 53.3342 -7.04657 -0.977054 80.2789 1.46801 -13 930 1 0 1
5.48341 2.06377 53.3342 7.71615 0.841704 78.6287 2.1189 -13 931 1 0 1
-3.81151 -1.08329 53.3342 -6.62158 -3.15045 78.9708 1.98838 -13 932 1 0 1
1.90113 3.03874 53.3342 0.256522 8.49797 78.7748 1.16121 -13 933 1 0 1
-4.18059 3.88507 53.3342 -12.627 8.62394 78.4948 -0.41493 -13 934 1 0 1
-12.2723 1.62799 53.3342 -22.5847 2.28205 75.0003 1.06478 -13 935 1 0 1
5.21744 -4.14429 53.3342 9.4796 -2.88502 80.607 0.147284 -13 936 1 0 1
-8.04398 -4.16059 53.3342 -9.39375 -9.3274 79.6021 -1.27913 -13 937 1 0 1
-3.69971 -6.30616 53.3342 -11.2449 -7.34094 77.3878 -0.0727264 -13 938 1 0 1
-5.24913 -1.90635 53.3342 -9.89891 -2.93054 78.6539 -0.426713 -13 939 1 0 1
-0.523128 0.604162 53.3342 -1.88801 3.04355 79.7187 0.0791346 -13 940 1 0 1
-3.60138 -0.881395 53.3342 -8.82541 1.56338 80.0453 0.341732 -13 941 1 0 1
4.83148 -0.122096 53.3342 4.01824 -0.327335 78.9298 0.687399 -13 942 1 0 1
4.35404 -1.07082 53.3342 5.02375 -0.516194 81.2827 1.54405 -13 943 1 0 1
-5.97739 -0.966646 53.3342 -9.14877 3.64463 79.1488 -0.331876 -13 944 1 0 1
-4.10322 7.20137 53.3342 -11.3304 16.2628 77.6622 1.0244 -13 945 1 0 1
3.32866 5.84829 53.3342 6.79984 10.7509 77.8417 -0.659229 -13 946 1 0 1
3.42619 -3.51511 53.3342 4.6938 -3.44198 79.9853 -1.05283 -13 947 1 0 1
5.54171 0.402637 53.3342 10.7739 3.80777 79.3877 1.39553 -13 948 1 0 1
-11.7213 -0.455482 53.3342 -19.8396 -0.757675 77.3038 0.520535 -13 949 1 0 1
-2.22103 4.17372 53.3342 -5.66943 5.75965 80.4299 0.19238 -13 950 1 0 1
5.62044 -4.88274 53.3342 10.3196 -6.99306 78.7487 0.725517 -13 951 1 0 1
1.33939 -3.14115 53.3342 2.09597 -5.95619 79.9127 2.78356 -13 952 1 0 1
-0.421054 2.14616 53.3342 -2.26994 2.46952 78.4767 0.38602 -13 953 1 0 1
-3.2794 -10.5812 53.3342 -5.59019 -18.503 77.5355 -0.114687 -13 954 1 0 1
-2.51208 -2.19289 53.3342 -5.46892 -9.55937 79.3598 0.665234 -13 955 1 0 1
-2.71057 1.51265 53.3342 -4.74633 -0.164119 79.6981 0.0189628 -13 956 1 0 1
-6.5703 -1.6124 53.3342 -12.0002 -6.60483 78.3526 -0.897825 -13 957 1 0 1
-5.15876 0.10226 53.3342 -20.0149 -1.34102 78.2309 -0.638528 -13 958 1 0 1
7.17567 -6.81837 53.3342 10.8048 -13.3085 78.2291 0.53381 -13 959 1 0 1
-4.27719 0.187625 53.3342 -12.5772 -0.94695 78.5412 -1.86434 -13 960 1 0 1
-0.577912 -4.40154 53.3342 -0.223181 -5.04448 80.2811 0.304192 -13 961 1 0 1
-4.96656 2.45502 53.3342 -5.64031 4.67999 79.4849 0.76587 -13 962 1 0 1
6.65448 -1.83408 53.3342 8.59872 -10.425 78.9179 2.13225 -13 963 1 0 1
-4.982 2.12282 53.3342 -9.6149 2.0267 79.3814 2.08174 -13 964 1 0 1
0.596674 -4.45769 53.3342 -1.24969 -10.001 79.651 1.55289 -13 965 1 0 1
-2.06338 -2.80798 53.3342 -3.19032 -0.909212 81.0079 2.42135 -13 966 1 0 1
-5.13726 3.64181 53.3342 -7.44784 9.15926 78.4422 0.69564 -13 967 1 0 1
-12.1116 2.11297 53.3342 -23.2463 1.2829 77.2823 -0.894626 -13 968 1 0 1
-4.4437 -2.18778 53.3342 -5.36479 -5.88988 79.6691 0.696535 -13 969 1 0 1
3.1442 -2.86371 53.3342 3.56714 -7.29 78.7863 0.0750508 -13 970 1 0 1
-1.37188 -3.18862 53.3342 -4.59206 -1.2912 80.5111 -0.989477 -13 971 1 0 1
1.59521 5.23419 53.3342 5.29123 12.1841 79.8773 -0.866058 -13 972 1 0 1
-0.506259 3.82939 53.3342 3.3389 9.83112 80.3258 -0.713785 -13 973 1 0 1
-3.43268 2.01639 53.3342 -8.9529 4.2325 79.623 -0.45489 -13 974 1 0 1
-3.88288 -0.45401 53.3342 -11.3742 4.91893 80.4793 1.82581 -13 975 1 0 1
7.97659 -1.29843 53.3342 18.0331 -1.56552 77.8966 -2.34797 -13 976 1 0 1
-2.26239 -1.1553 53.3342 -4.99484 -0.334945 79.4905 0.531823 -13 977 1 0 1
0.716491 0.3948 53.3342 6.06298 1.72934 78.3262 -2.911 -13 978 1 0 1
-4.13261 0.92799 53.3342 -11.685 -0.378651 78.4773 -1.25018 -13 979 1 0 1
-10.4451 -1.67831 53.3342 -19.3207 -3.61257 76.7759 -1.24089 -13 980 1 0 1
-4.20675 -3.22325 53.3342 -9.54696 -8.98439 77.2073 -0.509226 -13 981 1 0 1
-1.90978 3.28721 53.3342 -4.85799 3.57802 80.5674 -0.500567 -13 982 1 0 1
-3.98289 -0.814771 53.3342 -11.3348 4.25323 79.199 -0.139197 -13 983 1 0 1
3.0935 1.34696 53.3342 9.25264 2.32533 78.4358 1.34254 -13 984 1 0 1
1.14121 1.08147 53.3342 1.21011 2.7224 80.2948 1.04903 -13 985 1 0 1
-2.59032 -3.05457 53.3342 -5.51743 -4.58562 79.3636 -0.134141 -13 986 1 0 1
-2.33396 -5.41585 53.3342 -5.03995 -11.262 78.6018 0.60941 -13 987 1 0 1
-4.48045 9.97232 53.3342 -5.65356 15.6913 77.2635 0.00877316 -13 988 1 0 1
2.17543 -5.68568 53.3342 1.1705 -8.84993 80.7102 1.25181 -13 989 1 0 1
-2.48034 -1.2932 53.3342 -7.39005 -7.12854 79.8304 0.465886 -13 990 1 0 1
-0.0369329 6.09349 53.3342 1.32291 7.34304 80.661 -2.05451 -13 991 1 0 1
-6.82807 0.230947 53.3342 -10.1737 -0.106295 79.6821 1.00752 -13 992 1 0 1
-5.65637 -4.17626 53.3342 -7.84903 -6.96754 80.4515 1.79446 -13 993 1 0 1
4.90591 -6.0079 53.3342 9.05153 -7.71823 78.1502 -0.620778 -13 994 1 0 1
4.06129 1.58762 53.3342 6.03901 4.30343 81.0435 -1.622 -13 995 1 0 1
-2.75077 -0.786488 53.3342 -7.86505 -1.98891 80.1627 0.394138 -13 996 1 0 1
-4.05122 -0.994961 53.3342 -6.44181 -1.69077 77.7064 2.57857 -13 997 1 0 1
-0.358641 -1.18947 53.3342 3.79552 -4.89542 81.628 0.553032 -13 998 1 0 1
3.24151 -0.44212 53.3342 6.10648 0.116982 79.0606 0.151274 -13 999 1 0 1
0.776556 -5.90535 53.3342 2.28765 -10.1303 79.1226 -0.380142 -13 1000 1 0 1
