#BLTrackFile NTuple/Z38
#x y z Px Py Pz t PDGid EventID TrackID ParentID Weight
#mm mm mm MeV/c MeV/c MeV/c ns - - - - -
-1.73395 -4.27656 38.2182 -8.08176 -7.70935 72.353 -0.963632 -13 1 1 0 1
5.86611 3.65111 38.2182 6.73548 -1.67911 80.758 0.144392 -13 2 1 0 1
0.727163 -0.753199 38.2182 -1.57093 -2.36925 71.6537 1.09172 -13 3 1 0 1
-2.2402 -2.73817 38.2182 -13.0265 -2.40459 77.3853 0.541074 -13 4 1 0 1
-5.00586 0.940006 38.2182 -8.75465 -1.70413 60.3691 0.696601 -13 5 1 0 1
-0.376732 -1.41556 38.2182 -5.27255 -0.671835 75.253 -0.584657 -13 6 1 0 1
0.000282153 -3.00435 38.2182 2.11356 -5.00369 61.5076 -0.68739 -13 7 1 0 1
-6.49587 0.29935 38.2182 -7.19495 5.75294 46.4455 0.157888 -13 8 1 0 1
3.80306 4.23753 38.2182 8.49925 10.5935 63.073 1.30761 -13 9 1 0 1
1.87143 -3.24034 38.2182 5.08917 -4.35318 66.7525 0.888342 -13 10 1 0 1
3.58566 4.34531 38.2182 5.34629 9.72514 71.5979 -0.32606 -13 11 1 0 1
-0.691371 -4.62852 38.2182 0.328688 -12.667 60.9603 1.88838 -13 12 1 0 1
4.14028 4.98469 38.2182 8.98917 5.75848 38.7227 -0.617367 -13 13 1 0 1
6.01463 -4.6508 38.2182 12.8858 -5.60184 67.1297 -1.32941 -13 14 1 0 1
2.74994 -4.07903 38.2182 6.38586 -8.77795 67.0974 1.67855 -13 15 1 0 1
11.5671 -9.25957 38.2182 21.5394 -19.2921 53.8645 2.35761 -13 16 1 0 1
-1.34584 4.22544 38.2182 -2.45755 12.0272 63.7578 -0.454153 -13 17 1 0 1
-3.53802 -3.31714 38.2182 -2.97759 -8.73196 52.2492 1.61679 -13 18 1 0 1
-5.69253 1.89505 38.2182 -14.1441 6.61707 64.3134 0.325991 -13 19 1 0 1
1.51553 -4.45298 38.2182 3.69015 -8.68294 64.2497 3.15574 -13 20 1 0 1
-2.98092 0.05389 38.2182 -2.86805 5.35699 57.0068 -0.978854 -13 22 1 0 1
-6.52927 9.10738 38.2182 -5.6699 12.47 40.3082 0.74906 -13 23 1 0 1
-5.60506 4.89355 38.2182 -8.02318 9.60267 53.8585 0.910555 -13 24 1 0 1
3.65306 -2.62145 38.2182 6.49374 -1.66344 70.6857 0.495104 -13 25 1 0 1
0.592807 1.08416 38.2182 0.98133 3.42916 68.5987 0.074292 -13 26 1 0 1
1.08185 -3.15629 38.2182 2.13728 0.193934 66.742 1.66466 -13 27 1 0 1
2.05094 -4.70739 38.2182 1.64332 -11.4152 73.1576 0.461515 -13 28 1 0 1
-0.938897 1.57701 38.2182 -3.1745 7.73329 66.9988 1.2219 -13 30 1 0 1
0.549348 -0.0496095 38.2182 -2.06345 2.53954 72.0582 -0.0689888 -13 31 1 0 1
-2.30429 1.23469 38.2182 -3.63376 3.08925 62.5557 -0.278695 -13 32 1 0 1
-0.0287492 -2.99989 38.2182 3.4486 -1.32315 25.8559 1.2413 -13 33 1 0 1
-4.59666 -1.45974 38.2182 -10.9743 -0.243419 65.6855 -0.403669 -13 34 1 0 1
-7.70415 -6.62358 38.2182 -21.4428 -13.4302 69.0284 2.40151 -13 35 1 0 1
0.516298 0.534035 38.2182 1.42625 7.00558 66.2907 -0.898568 -13 36 1 0 1
2.30978 -1.98509 38.2182 -0.515993 -8.8663 79.8644 -1.25545 -13 37 1 0 1
0.559197 -4.16344 38.2182 2.88062 -11.1018 60.0466 1.66585 -13 38 1 0 1
-2.1845 3.22102 38.2182 -2.11409 5.95629 52.0003 0.98408 -13 40 1 0 1
3.87247 7.20286 38.2182 8.82489 13.3792 61.0245 0.0573211 -13 41 1 0 1
-0.156223 1.46705 38.2182 -2.04414 -1.23183 68.3808 1.45724 -13 42 1 0 1
-1.5139 -1.08493 38.2182 -14.4187 -3.62193 78.6282 0.50969 -13 43 1 0 1
1.19058 1.57823 38.2182 5.40191 1.33288 56.5264 0.859024 -13 44 1 0 1
1.35311 -3.38222 38.2182 1.19957 -7.75871 68.0297 0.602446 -13 46 1 0 1
0.831974 6.44783 38.2182 2.90765 8.11093 59.8655 1.13838 -13 47 1 0 1
-1.59241 0.377387 38.2182 -5.34697 7.09584 67.5292 0.898114 -13 48 1 0 1
1.86621 -4.73991 38.2182 2.49298 -20.2976 67.9814 -0.346574 -13 49 1 0 1
1.60832 -1.62005 38.2182 7.41168 -0.90677 43.0002 -0.424599 -13 50 1 0 1
0.748743 3.08083 38.2182 -2.46972 3.07226 72.8932 -0.100554 -13 51 1 0 1
-2.11223 5.42051 38.2182 -1.02854 12.1323 55.2806 0.295754 -13 52 1 0 1
2.47213 3.08486 38.2182 8.41705 4.15235 56.5784 -2.14181 -13 53 1 0 1
0.698214 5.55042 38.2182 5.53131 6.49375 43.1197 0.248798 -13 54 1 0 1
-0.447703 -1.46038 38.2182 -4.08384 -6.0201 70.6545 1.09897 -13 55 1 0 1
7.20623 3.86019 38.2182 15.6243 8.40779 60.2379 -0.772619 -13 56 1 0 1
0.174725 0.0233761 38.2182 1.84212 3.25881 63.7284 -0.209826 -13 58 1 0 1
1.17325 -3.81599 38.2182 1.70955 -9.27023 67.7578 2.15304 -13 59 1 0 1
3.12675 5.01886 38.2182 8.58496 13.6025 56.5634 0.462797 -13 60 1 0 1
-1.08638 1.97714 38.2182 -1.42616 6.95064 63.0098 -0.648458 -13 61 1 0 1
1.65113 -0.733367 38.2182 2.40985 3.04728 70.1987 -0.360671 -13 62 1 0 1
1.26512 -3.56433 38.2182 4.50432 -4.84555 35.4214 0.408488 -13 63 1 0 1
0.10748 -0.61831 38.2182 1.89324 -0.019903 60.2715 0.334737 -13 64 1 0 1
2.16118 1.48076 38.2182 4.97618 1.28368 65.7837 -1.25422 -13 65 1 0 1
0.717253 0.907122 38.2182 -0.385945 0.954469 71.5034 0.637991 -13 66 1 0 1
1.40463 -2.4644 38.2182 5.09162 -1.87428 61.4724 -0.482832 -13 67 1 0 1
0.420738 7.5125 38.2182 4.37986 11.0372 53.433 -0.75195 -13 68 1 0 1
-1.54201 -2.80365 38.2182 -2.105 -7.11746 63.0707 0.188592 -13 69 1 0 1
0.946609 -0.267848 38.2182 -5.21703 -10.4868 80.1466 0.410472 -13 70 1 0 1
-1.23805 2.60034 38.2182 0.630803 1.27049 60.7753 -1.26358 -13 71 1 0 1
4.22851 7.1524 38.2182 9.1082 11.4618 64.1445 1.31012 -13 72 1 0 1
1.19315 1.48229 38.2182 -1.30022 -1.46955 74.7463 -0.725836 -13 73 1 0 1
1.22012 3.88985 38.2182 4.73363 8.62155 58.5727 0.463032 -13 74 1 0 1
2.97397 3.32979 38.2182 2.89044 6.12944 75.1608 -2.67303 -13 75 1 0 1
6.95393 1.0593 38.2182 7.54471 2.06288 79.4696 -1.53174 -13 76 1 0 1
0.234676 0.951261 38.2182 2.30819 -3.56005 57.5187 2.59102 -13 77 1 0 1
-2.21984 1.32503 38.2182 -3.25277 0.208425 60.055 -0.55704 -13 78 1 0 1
1.6001 -1.05452 38.2182 3.90336 -3.32799 62.9703 1.63907 -13 79 1 0 1
2.41287 -3.70632 38.2182 2.49306 -5.59585 72.5605 0.2456 -13 80 1 0 1
2.47665 1.16376 38.2182 3.03781 11.3832 69.867 0.27853 -13 81 1 0 1
0.364727 0.181315 38.2182 2.96313 2.82733 62.7825 1.42431 -13 82 1 0 1
-0.764358 -1.009 38.2182 -3.10839 1.77824 70.6754 0.225836 -13 83 1 0 1
-6.05391 -0.729806 38.2182 -13.6908 -2.4726 62.2048 0.360337 -13 84 1 0 1
2.87293 1.21079 38.2182 3.78533 1.13064 75.8409 1.34626 -13 85 1 0 1
2.13789 0.266396 38.2182 3.99555 -7.70021 68.066 0.0291946 -13 86 1 0 1
-1.58079 -4.45651 38.2182 1.42868 -9.99558 50.4008 1.0811 -13 87 1 0 1
-1.05551 -2.7322 38.2182 -3.47457 -5.96233 68.18 -0.188182 -13 88 1 0 1
1.84143 -2.37429 38.2182 4.56897 -1.25876 62.2555 -0.352261 -13 89 1 0 1
1.00823 2.17817 38.2182 2.75575 4.09348 65.8487 0.0378373 -13 90 1 0 1
-3.8609 -1.11295 38.2182 -7.34057 -3.53724 64.0588 1.1006 -13 91 1 0 1
2.2039 1.13065 38.2182 8.1694 2.42056 54.9384 0.219527 -13 92 1 0 1
1.51695 0.899825 38.2182 5.93016 -0.876194 58.8902 1.06474 -13 93 1 0 1
0.839303 9.64497 38.2182 4.04973 17.7981 52.7488 -1.09893 -13 94 1 0 1
2.71526 0.0924482 38.2182 4.88987 2.09422 70.4668 0.286799 -13 95 1 0 1
1.11299 2.56803 38.2182 3.26087 9.54946 60.9473 -1.57776 -13 96 1 0 1
-1.46456 -2.87913 38.2182 0.860378 0.0754588 57.2477 -0.800163 -13 97 1 0 1
0.509322 -2.66331 38.2182 0.932792 -1.7363 67.5183 0.665586 -13 98 1 0 1
-1.11807 4.53303 38.2182 -1.80267 10.2554 63.0487 0.737719 -13 99 1 0 1
3.52886 -2.62275 38.2182 7.4204 -0.697761 67.3964 -0.638533 -13 100 1 0 1
5.14489 0.952833 38.2182 10.6926 -0.562108 67.896 -0.437291 -13 101 1 0 1
2.50238 1.21189 38.2182 4.44409 1.95476 67.3074 0.148824 -13 102 1 0 1
5.94779 -2.80513 38.2182 13.4163 1.23234 60.8838 -2.20643 -13 103 1 0 1
2.95714 2.70732 38.2182 6.18328 2.88215 67.3069 -0.0697011 -13 104 1 0 1
-2.252 0.119534 38.2182 -2.40072 8.16095 60.3393 -1.21937 -13 105 1 0 1
-3.97832 -1.15499 38.2182 -7.28194 -2.58681 60.0895 0.519626 -13 106 1 0 1
1.33272 -2.74125 38.2182 0.773045 -7.32811 70.3245 -0.816923 -13 107 1 0 1
4.2651 0.936004 38.2182 10.2924 7.89489 62.7304 -0.569875 -13 108 1 0 1
2.59945 0.829887 38.2182 6.12116 3.04837 67.7916 1.23098 -13 109 1 0 1
-0.368897 -0.0112672 38.2182 -5.60237 1.2202 72.5941 -0.0268752 -13 110 1 0 1
0.0489476 -2.86146 38.2182 -5.72623 -2.34086 77.1943 -0.0674174 -13 111 1 0 1
3.52955 0.907062 38.2182 7.65738 -1.304 56.0841 -1.60412 -13 112 1 0 1
1.91342 2.55342 38.2182 6.57879 4.2177 54.9669 1.02682 -13 113 1 0 1
2.96953 -2.43146 38.2182 7.58898 -6.63949 62.9703 0.176182 -13 114 1 0 1
2.74464 1.74666 38.2182 8.83667 2.1348 49.2914 0.0900648 -13 115 1 0 1
-1.71341 -1.09993 38.2182 -8.14028 -3.20625 72.5952 0.743695 -13 116 1 0 1
-0.669811 0.336424 38.2182 0.517478 2.75121 55.619 -0.106412 -13 117 1 0 1
0.658517 -0.198931 38.2182 5.85091 -6.38687 46.9515 -0.161193 -13 118 1 0 1
0.842963 0.437898 38.2182 0.0386505 3.54863 70.6761 0.731915 -13 119 1 0 1
-4.37019 -0.0721922 38.2182 -5.15779 1.35655 49.8954 0.0718492 -13 120 1 0 1
2.56412 -5.7529 38.2182 6.39572 -6.80415 60.8592 1.76323 -13 121 1 0 1
-0.285013 -2.14609 38.2182 -6.15551 -2.92021 77.052 0.845709 -13 122 1 0 1
0.743138 -5.24201 38.2182 -0.150144 -11.2532 70.7429 0.9775 -13 123 1 0 1
6.38677 0.222191 38.2182 15.2536 1.91013 56.6847 0.534303 -13 124 1 0 1
-5.56174 -5.74453 38.2182 -10.5714 -12.8272 59.0286 -1.28904 -13 125 1 0 1
1.20967 1.57539 38.2182 -4.3792 -3.15152 79.0199 1.16295 -13 126 1 0 1
1.84777 5.03665 38.2182 5.45005 7.45439 60.0605 -0.865497 -13 127 1 0 1
0.776774 -0.0391235 38.2182 2.46931 -5.06135 64.824 0.552051 -13 128 1 0 1
6.71325 2.70189 38.2182 15.3586 6.42482 57.4416 -0.239712 -13 129 1 0 1
3.18019 -3.06261 38.2182 9.26772 -1.07252 49.8034 0.83681 -13 130 1 0 1
2.21434 0.932949 38.2182 2.89006 2.31895 69.0309 -0.247946 -13 131 1 0 1
-3.39866 1.89279 38.2182 -12.3126 3.17053 72.9453 1.50552 -13 132 1 0 1
4.08248 0.502857 38.2182 9.96687 -0.281096 63.5794 -1.11388 -13 133 1 0 1
5.24489 0.897399 38.2182 8.42975 1.64832 75.3771 0.60547 -13 134 1 0 1
2.72236 2.60764 38.2182 3.75869 1.05837 70.098 1.05648 -13 135 1 0 1
5.52442 3.59788 38.2182 13.2993 3.4819 54.8959 0.264759 -13 136 1 0 1
-1.83069 -0.916834 38.2182 -3.13268 -3.47381 63.1654 1.71605 -13 137 1 0 1
-1.65448 5.21542 38.2182 -1.06962 11.5873 55.5 0.516927 -13 140 1 0 1
0.22992 1.71829 38.2182 3.73563 7.11976 52.5412 0.0995728 -13 141 1 0 1
4.96689 0.456991 38.2182 11.4102 5.68537 64.0424 2.1202 -13 142 1 0 1
-2.83472 -1.01167 38.2182 -9.04653 -3.97212 70.9439 -0.665383 -13 143 1 0 1
4.83829 0.955138 38.2182 9.32334 -0.839745 71.6156 3.09882 -13 144 1 0 1
3.07717 -8.17371 38.2182 8.02706 -14.865 55.7312 1.89633 -13 145 1 0 1
4.24268 -3.14541 38.2182 9.42395 -3.32281 65.8547 0.409869 -13 146 1 0 1
-0.0968571 -0.866131 38.2182 0.254578 -2.19746 65.5054 -1.02309 -13 147 1 0 1
-1.70705 -5.41223 38.2182 -5.91573 -7.66561 69.5623 0.429096 -13 148 1 0 1
4.34658 4.11255 38.2182 9.85754 6.74979 55.8207 -0.314209 -13 149 1 0 1
2.46365 4.26728 38.2182 5.56119 11.6086 65.3168 0.00125014 -13 150 1 0 1
2.13012 -4.76444 38.2182 6.15081 -11.2907 56.2891 1.36608 -13 151 1 0 1
1.2181 -0.623609 38.2182 3.4035 -2.2338 64.5032 2.28214 -13 152 1 0 1
-0.828857 -1.14134 38.2182 -2.69375 -8.35361 67.7821 -0.335537 -13 153 1 0 1
-0.343956 -3.27936 38.2182 -8.21086 -9.52838 77.9575 -1.94933 -13 154 1 0 1
-2.27308 0.938667 38.2182 -5.753 0.292634 66.925 -1.30944 -13 155 1 0 1
5.6804 -3.76257 38.2182 12.7171 -3.54183 45.2779 -0.393381 -13 156 1 0 1
-1.24918 -0.905543 38.2182 -1.50932 1.24176 62.5619 0.0353266 -13 157 1 0 1
2.50807 2.97889 38.2182 -2.45112 3.00478 79.4212 1.44533 -13 158 1 0 1
-3.03199 4.55397 38.2182 -2.88064 6.46388 56.385 -0.52038 -13 159 1 0 1
7.10025 -0.194112 38.2182 15.2983 -0.0486024 62.6177 0.109899 -13 160 1 0 1
5.5605 1.52896 38.2182 10.8651 -1.79263 70.1598 1.68071 -13 161 1 0 1
-5.65322 2.10052 38.2182 -4.48936 2.52886 40.7612 -0.428256 -13 162 1 0 1
-1.04834 0.856301 38.2182 -4.57451 7.6167 70.1851 -1.59797 -13 163 1 0 1
4.14661 -2.91845 38.2182 8.98292 -10.9179 65.1682 0.162559 -13 164 1 0 1
-11 -2.5266 38.2182 -7.75117 -4.21781 27.0296 2.31524 -13 165 1 0 1
-6.71469 -0.503235 38.2182 -18.4786 -1.76766 69.0074 -0.124971 -13 166 1 0 1
3.98299 4.74653 38.2182 9.67425 10.4601 61.6062 0.702534 -13 167 1 0 1
1.37152 2.45709 38.2182 -6.02407 9.44952 78.6714 1.20234 -13 168 1 0 1
5.64051 -1.88451 38.2182 12.7655 -6.36599 56.9981 -0.176477 -13 169 1 0 1
-1.76537 -0.858948 38.2182 -5.40435 -4.00902 67.6116 -0.567564 -13 170 1 0 1
8.61325 -5.27132 38.2182 15.003 -3.4114 39.8812 0.839426 -13 171 1 0 1
-0.526797 3.20027 38.2182 1.7625 3.28479 56.9709 -0.291309 -13 172 1 0 1
4.85806 -1.25096 38.2182 12.6353 -3.51201 58.3671 0.240734 -13 173 1 0 1
2.67745 4.39923 38.2182 5.75677 3.50848 68.798 0.33744 -13 174 1 0 1
-4.04731 -1.53706 38.2182 -2.59209 -5.88364 48.2089 -0.0774311 -13 176 1 0 1
6.43082 -4.27888 38.2182 13.7966 -7.82421 49.9866 -0.282908 -13 177 1 0 1
0.432929 -3.08401 38.2182 4.24377 -3.62432 52.7033 -0.493759 -13 178 1 0 1
4.68561 -4.01017 38.2182 9.08486 -14.222 68.4582 -0.660241 -13 179 1 0 1
2.41684 -4.08353 38.2182 7.37102 -6.62324 52.0805 1.63219 -13 180 1 0 1
-3.68365 -1.44364 38.2182 -1.43228 -2.08737 39.4997 -1.36612 -13 181 1 0 1
-5.49364 0.641385 38.2182 -3.87341 2.3041 40.9501 -0.804724 -13 182 1 0 1
3.38721 2.97099 38.2182 9.48003 9.27243 42.3419 0.106439 -13 183 1 0 1
-5.84202 0.0655286 38.2182 -10.4107 -3.94331 56.3395 0.101812 -13 184 1 0 1
-2.05107 -1.82999 38.2182 -2.20664 -7.15141 60.3438 -0.696187 -13 185 1 0 1
0.914109 2.31458 38.2182 4.96407 5.26954 41.832 -0.559444 -13 186 1 0 1
2.77096 -2.11026 38.2182 4.89681 1.8704 71.4437 1.22674 -13 188 1 0 1
-1.18221 -1.63567 38.2182 -11.1776 -5.56702 79.2501 0.27273 -13 189 1 0 1
-3.58932 1.59069 38.2182 -5.01528 3.92805 59.8081 1.99131 -13 191 1 0 1
2.11965 -0.473665 38.2182 -3.29255 5.78044 80.1443 0.938368 -13 192 1 0 1
-5.21187 0.305495 38.2182 -3.49328 -3.1032 39.2106 -0.934914 -13 193 1 0 1
1.75421 4.28665 38.2182 2.67607 14.1377 69.0097 -0.162081 -13 194 1 0 1
0.211651 -0.195902 38.2182 2.36489 -0.128028 60.4341 2.34482 -13 195 1 0 1
5.92235 1.17041 38.2182 4.44678 -4.44743 80.4745 2.66519 -13 196 1 0 1
-2.44936 4.31074 38.2182 -4.14643 8.74814 63.1208 -0.836637 -13 197 1 0 1
4.91526 -0.0487292 38.2182 11.2234 0.242458 49.2986 -0.51787 -13 198 1 0 1
-5.03101 8.65645 38.2182 -7.1012 12.0705 57.0736 -1.5187 -13 199 1 0 1
-2.63617 -2.83427 38.2182 -2.08066 -3.10535 51.0544 0.746814 -13 200 1 0 1
-4.07841 -1.06853 38.2182 -11.855 -5.51227 69.1144 0.405768 -13 201 1 0 1
-1.05909 9.40346 38.2182 -0.593165 16.1251 57.9887 -0.765905 -13 202 1 0 1
-0.613335 1.40807 38.2182 -0.241117 -0.177069 62.2502 0.352086 -13 203 1 0 1
-0.517797 2.88889 38.2182 2.20676 0.786644 50.0998 1.50473 -13 205 1 0 1
-4.64099 1.37001 38.2182 -22.1924 1.68282 74.8709 0.294308 -13 206 1 0 1
-4.10103 -4.85965 38.2182 -5.81265 -10.0226 57.2617 -0.982291 -13 207 1 0 1
-5.52792 0.552759 38.2182 -14.6582 2.01308 68.3998 -0.199411 -13 208 1 0 1
2.4734 3.53645 38.2182 6.81085 4.26488 25.3518 0.190379 -13 209 1 0 1
6.10191 -0.654194 38.2182 13.8817 0.898135 46.3315 -0.303781 -13 210 1 0 1
5.47366 5.95685 38.2182 11.2122 6.18258 41.8464 0.671728 -13 211 1 0 1
-0.282852 6.83324 38.2182 -5.03328 17.1376 72.5083 2.17963 -13 212 1 0 1
-5.97774 4.22372 38.2182 -10.6334 6.64129 58.9381 -1.23966 -13 213 1 0 1
0.919998 4.86898 38.2182 -1.67157 9.3428 75.3407 1.12265 -13 214 1 0 1
0.568834 -1.30838 38.2182 -2.09011 -10.6289 71.881 1.83436 -13 215 1 0 1
2.20294 0.0508193 38.2182 2.9814 0.561325 70.0512 1.23712 -13 216 1 0 1
9.79347 1.46808 38.2182 17.7613 6.02681 42.6964 -0.865896 -13 217 1 0 1
-3.78081 2.29835 38.2182 -9.05468 4.73135 64.5152 0.276538 -13 218 1 0 1
2.21458 -1.44753 38.2182 0.85654 -3.61379 77.595 0.154321 -13 219 1 0 1
2.28208 1.80689 38.2182 2.90003 0.777789 72.2216 2.49885 -13 220 1 0 1
4.30874 1.25586 38.2182 12.8826 -0.265132 54.3023 1.08324 -13 221 1 0 1
0.320881 3.66451 38.2182 -1.86028 10.458 72.3218 -0.667143 -13 222 1 0 1
-3.44404 -0.660023 38.2182 -6.93906 2.34738 61.809 1.13902 -13 223 1 0 1
-2.94509 -0.882881 38.2182 -5.11964 -0.117566 62.6501 -0.33052 -13 224 1 0 1
0.969285 4.89257 38.2182 4.49083 10.8412 54.0405 -0.152572 -13 226 1 0 1
-1.38408 -2.76763 38.2182 -1.80379 -7.49525 62.4063 0.167828 -13 227 1 0 1
2.93395 0.620028 38.2182 0.234564 0.885016 78.4912 -1.77128 -13 228 1 0 1
-0.433958 3.0025 38.2182 -5.42625 2.4686 72.9108 0.389113 -13 229 1 0 1
1.7277 -5.46665 38.2182 6.43242 -8.53731 45.7671 -0.219178 -13 230 1 0 1
6.65402 4.3606 38.2182 13.8488 14.9774 64.3249 1.37736 -13 231 1 0 1
7.62933 4.2335 38.2182 17.8075 8.43997 59.9477 1.00345 -13 232 1 0 1
-3.25101 -0.08749 38.2182 -7.56417 -1.97816 65.4696 -1.32243 -13 233 1 0 1
3.94121 0.924816 38.2182 8.04065 1.93674 67.7922 -0.467613 -13 234 1 0 1
4.16067 -0.796401 38.2182 6.38735 -7.4349 74.0015 0.428887 -13 235 1 0 1
-3.00621 -1.21607 38.2182 -6.35918 -7.51956 64.8873 1.42415 -13 236 1 0 1
5.11712 -6.4565 38.2182 12.1257 -9.41332 52.7224 0.931973 -13 237 1 0 1
0.177521 1.06982 38.2182 1.08457 1.53 63.0317 0.240965 -13 238 1 0 1
-2.46749 -2.68842 38.2182 -8.69248 -0.748893 70.4936 1.4278 -13 239 1 0 1
3.38376 8.39495 38.2182 9.37104 13.7142 44.3172 -0.200447 -13 240 1 0 1
3.37756 0.838212 38.2182 8.27318 1.36056 34.0767 0.918695 -13 241 1 0 1
-1.55556 0.553497 38.2182 -0.946214 -3.47063 59.0133 1.99011 -13 242 1 0 1
5.13179 -4.93307 38.2182 11.1678 -7.95319 67.8269 0.0493203 -13 243 1 0 1
3.91454 2.04256 38.2182 4.97817 5.12687 76.4574 0.830966 -13 244 1 0 1
4.08338 0.622504 38.2182 7.22467 9.03922 71.2984 -0.531655 -13 245 1 0 1
1.43882 0.604731 38.2182 1.30145 7.53585 70.7509 -0.033434 -13 246 1 0 1
-0.622758 -5.84607 38.2182 -0.197265 -8.70783 60.6296 -0.152041 -13 247 1 0 1
-0.258632 -2.78476 38.2182 -1.48029 -6.00254 68.0798 0.843823 -13 248 1 0 1
8.06822 4.79668 38.2182 16.7501 3.71402 59.9874 -0.761612 -13 249 1 0 1
3.11689 -4.3151 38.2182 5.59617 -10.9625 68.1612 -1.32377 -13 250 1 0 1
4.82329 9.69828 38.2182 11.1372 12.8586 61.1245 -0.838589 -13 251 1 0 1
4.24846 0.876379 38.2182 10.8639 -0.55209 63.1569 0.453697 -13 252 1 0 1
2.63816 3.95222 38.2182 2.92872 14.2872 70.9617 -1.17651 -13 253 1 0 1
2.07456 3.08258 38.2182 6.76861 7.23426 53.9337 -0.306458 -13 254 1 0 1
1.93541 0.109713 38.2182 -0.690123 5.29514 77.5846 0.124775 -13 255 1 0 1
-1.90828 1.86933 38.2182 -0.962822 3.65629 53.9654 -0.749834 -13 256 1 0 1
-0.930067 -5.51167 38.2182 2.6952 -10.5969 43.1596 -0.0549838 -13 257 1 0 1
0.556675 0.201083 38.2182 1.46898 -1.89387 63.3461 0.310199 -13 258 1 0 1
1.31262 0.931708 38.2182 6.2634 -1.60419 56.4857 -0.987196 -13 259 1 0 1
0.666837 1.65339 38.2182 -0.878173 -0.408175 72.7732 -0.118725 -13 260 1 0 1
-1.11572 3.08712 38.2182 -1.12522 5.92615 60.281 -0.939664 -13 261 1 0 1
1.6172 -0.155566 38.2182 5.76605 1.12788 63.0803 2.2943 -13 262 1 0 1
4.76904 -2.89439 38.2182 11.1839 -6.05969 62.6126 -1.2891 -13 263 1 0 1
-0.918864 -1.97332 38.2182 1.23088 -3.9668 50.8722 -0.0139458 -13 264 1 0 1
5.16646 2.33636 38.2182 11.8397 7.58908 62.5872 0.893273 -13 265 1 0 1
3.03291 2.30313 38.2182 5.64835 1.53725 70.6991 0.774741 -13 266 1 0 1
-0.756601 2.96449 38.2182 -1.20719 0.327001 63.7798 -0.105816 -13 267 1 0 1
0.24312 1.01271 38.2182 4.13819 4.26629 43.3594 -0.878412 -13 268 1 0 1
-1.61723 3.40069 38.2182 -10.7725 1.67572 77.4508 0.662394 -13 269 1 0 1
-1.07424 -1.42376 38.2182 -1.37041 -8.37237 63.9595 1.45522 -13 270 1 0 1
5.46107 -0.702061 38.2182 8.39421 -7.30782 77.297 -0.644002 -13 271 1 0 1
0.41231 -3.86913 38.2182 1.76447 -10.0755 62.1233 1.78636 -13 272 1 0 1
-5.11805 2.18167 38.2182 -6.28859 2.53795 54.8529 3.019 -13 273 1 0 1
2.58389 1.16029 38.2182 5.51345 7.4347 67.3399 -1.84118 -13 274 1 0 1
4.42588 -0.319957 38.2182 10.1397 -4.06811 58.8448 -0.0963953 -13 275 1 0 1
4.67704 -2.10117 38.2182 12.477 -6.10793 57.1431 1.38214 -13 277 1 0 1
-6.30266 0.707112 38.2182 -12.1373 1.42375 60.9402 1.76085 -13 278 1 0 1
-3.59465 -0.0755367 38.2182 -9.98373 -8.686 68.5081 -2.27835 -13 279 1 0 1
1.94742 1.90762 38.2182 5.0933 1.50224 61.454 0.437999 -13 280 1 0 1
1.10889 -2.8558 38.2182 0.872702 -3.19999 66.7835 -1.10183 -13 281 1 0 1
-1.38459 4.47978 38.2182 0.655009 10.4452 47.9904 -0.615881 -13 282 1 0 1
3.5058 -5.39211 38.2182 9.30985 -9.41167 49.738 -1.39079 -13 283 1 0 1
-2.795 4.89533 38.2182 -2.05292 3.3682 53.1997 -0.14445 -13 284 1 0 1
-5.82146 1.74822 38.2182 -12.1363 6.52616 61.5668 -0.295097 -13 285 1 0 1
-2.72884 -6.61217 38.2182 -7.56139 -4.02412 69.2632 -1.26543 -13 286 1 0 1
-1.39942 1.70106 38.2182 0.190167 -0.7915 52.1499 -1.40112 -13 287 1 0 1
2.48376 11.3764 38.2182 -0.887622 34.8387 71.7366 -0.0872334 -13 288 1 0 1
1.17953 3.97456 38.2182 -2.72045 11.232 77.5636 0.641779 -13 289 1 0 1
9.58208 -0.0903504 38.2182 17.3574 -1.68289 42.5069 0.392838 -13 290 1 0 1
3.52672 -2.73746 38.2182 3.43522 -10.1491 74.8794 0.630351 -13 291 1 0 1
-0.21349 0.914945 38.2182 -3.87102 4.92442 73.4988 -0.086962 -13 292 1 0 1
-7.99834 2.51115 38.2182 -11.1636 9.95167 48.746 2.27548 -13 293 1 0 1
9.17493 0.6649 38.2182 18.6104 10.202 68.6305 1.78251 -13 294 1 0 1
-1.52109 1.64882 38.2182 -3.40253 2.78899 65.4523 0.269784 -13 295 1 0 1
-4.27926 1.79511 38.2182 -6.47798 3.20326 59.4091 -0.0798373 -13 296 1 0 1
4.6704 -0.979043 38.2182 11.5777 -4.38938 53.3861 2.74379 -13 297 1 0 1
1.94524 2.44406 38.2182 3.69446 1.43957 67.4218 -1.67921 -13 298 1 0 1
-9.13531 0.836156 38.2182 -12.8591 7.04658 46.1664 2.96085 -13 299 1 0 1
-3.10848 3.65219 38.2182 -5.32149 4.23471 62.7991 -0.581743 -13 301 1 0 1
-5.83494 -1.83556 38.2182 -12.1775 0.99723 61.5011 0.427805 -13 302 1 0 1
-0.160868 -1.22429 38.2182 0.712858 2.68766 62.6361 0.193903 -13 303 1 0 1
0.201375 1.40291 38.2182 -0.225084 7.55618 65.9107 0.714966 -13 304 1 0 1
-7.09653 4.59301 38.2182 -7.41208 8.3563 44.4536 1.42185 -13 305 1 0 1
-0.730403 -0.497707 38.2182 -2.00579 -4.7636 66.8574 -0.862071 -13 306 1 0 1
1.25123 -4.63188 38.2182 0.723858 -18.9846 67.4537 -1.11787 -13 307 1 0 1
0.231498 -5.439 38.2182 -3.18235 -13.6197 72.827 0.258592 -13 308 1 0 1
-0.299723 1.35697 38.2182 -1.13818 3.66949 66.9697 -0.681243 -13 309 1 0 1
6.12219 -2.00734 38.2182 11.1353 -4.57243 71.0575 -0.22113 -13 310 1 0 1
14.7756 17.3046 38.2182 15.7652 19.7486 23.6787 -1.26587 -13 311 1 0 1
-1.6599 -0.0305295 38.2182 -6.56029 2.16328 71.6102 0.00840954 -13 312 1 0 1
-1.30293 5.08863 38.2182 -6.25212 11.4035 71.9188 1.10485 -13 313 1 0 1
-0.94205 2.01456 38.2182 -4.78248 5.1871 68.1246 -0.421741 -13 314 1 0 1
4.3345 -2.39514 38.2182 10.9699 -0.131882 61.7753 -1.28613 -13 315 1 0 1
0.69778 -8.89065 38.2182 4.17071 -16.7416 50.9265 -1.04533 -13 316 1 0 1
-1.47747 -3.3476 38.2182 -2.7945 -9.18884 64.0605 0.924824 -13 317 1 0 1
1.46315 -2.05999 38.2182 2.07655 -1.96017 69.2523 -1.25171 -13 318 1 0 1
0.496088 0.887109 38.2182 -1.94693 8.77233 70.2384 2.17543 -13 319 1 0 1
5.5252 0.33213 38.2182 11.0657 1.01807 71.7025 0.751279 -13 320 1 0 1
2.98872 0.172461 38.2182 7.59559 -0.968892 56.8608 -1.4898 -13 321 1 0 1
1.54905 0.66058 38.2182 -7.5208 4.12146 79.7576 2.00987 -13 322 1 0 1
5.36256 -6.23378 38.2182 8.83774 -7.92106 75.1225 0.375951 -13 323 1 0 1
1.12427 2.52044 38.2182 2.85302 6.19868 65.8652 -0.521569 -13 324 1 0 1
2.80114 -1.4688 38.2182 4.0099 -5.34606 72.5708 0.136374 -13 325 1 0 1
-5.89232 5.9915 38.2182 -11.9802 10.7975 59.4725 0.113169 -13 326 1 0 1
-4.82501 -9.57719 38.2182 -5.64084 -19.2581 48.6365 0.366163 -13 327 1 0 1
-3.80316 2.57229 38.2182 -6.13644 -4.11442 59.2845 -1.36529 -13 328 1 0 1
0.413561 3.03361 38.2182 -0.172981 10.0953 68.7964 1.23883 -13 329 1 0 1
4.96671 -2.47154 38.2182 7.49058 -2.01717 76.5915 -0.698995 -13 330 1 0 1
-2.52091 5.28824 38.2182 -9.28995 4.56131 71.6363 -1.42814 -13 331 1 0 1
-4.16405 -2.96746 38.2182 -1.20725 -1.38318 28.1431 -1.02496 -13 332 1 0 1
2.19504 1.35299 38.2182 7.05818 4.24537 48.7936 4.20833 -13 333 1 0 1
-2.69 -2.80744 38.2182 -5.1418 -5.33123 65.798 0.469387 -13 334 1 0 1
1.07369 -2.60474 38.2182 2.69833 -7.01077 65.6347 0.474318 -13 335 1 0 1
1.3721 -4.70423 38.2182 0.232341 -10.0172 68.76 -0.526501 -13 336 1 0 1
14.6608 -7.02092 38.2182 30.1205 -13.5561 56.7472 -2.28424 -13 337 1 0 1
3.894 -1.08347 38.2182 9.69744 -7.97213 53.851 1.01957 -13 338 1 0 1
-0.548836 -4.67636 38.2182 1.93523 -6.75527 50.2904 0.499272 -13 339 1 0 1
2.27828 2.45782 38.2182 4.38137 8.27162 69.3148 0.335908 -13 340 1 0 1
3.63044 1.29461 38.2182 4.44878 -2.45333 77.7838 0.0840722 -13 341 1 0 1
0.47759 1.50189 38.2182 -2.92438 6.96586 73.5862 0.744632 -13 342 1 0 1
0.686162 -0.59201 38.2182 2.65099 -6.92565 62.2346 -0.237918 -13 343 1 0 1
3.93008 -1.7844 38.2182 10.068 1.87507 49.3215 -0.187424 -13 344 1 0 1
-0.10805 -0.65909 38.2182 -1.10522 1.54874 69.1269 -0.723681 -13 345 1 0 1
-5.38644 0.268814 38.2182 -12.0457 0.247082 64.7942 0.705588 -13 346 1 0 1
-0.935984 0.546007 38.2182 -2.79717 1.62604 68.5518 -0.715412 -13 347 1 0 1
-0.851426 -0.2856 38.2182 2.15782 6.00281 52.6936 -0.379697 -13 348 1 0 1
5.46271 0.162398 38.2182 12.4888 -2.06333 55.9907 0.968038 -13 349 1 0 1
1.68607 -2.94403 38.2182 3.82724 -5.6175 65.2503 0.896059 -13 350 1 0 1
-0.548826 3.53909 38.2182 -3.51734 6.11756 70.2633 -1.4278 -13 352 1 0 1
-0.737588 3.37982 38.2182 -1.28072 5.70387 65.9739 -0.113592 -13 353 1 0 1
-0.489859 5.1148 38.2182 1.47292 5.96054 54.1055 0.517151 -13 354 1 0 1
-1.03574 2.9377 38.2182 -7.3559 8.84265 73.7036 -0.35675 -13 355 1 0 1
3.99141 2.73056 38.2182 9.98079 10.1288 58.8842 0.395877 -13 356 1 0 1
-0.611571 -0.446927 38.2182 2.43395 1.44196 42.8232 0.138018 -13 357 1 0 1
5.23532 2.16003 38.2182 12.036 8.0859 50.9091 0.718049 -13 358 1 0 1
2.73296 -1.3271 38.2182 7.68417 2.92212 62.1715 0.569757 -13 359 1 0 1
-0.974774 -2.01733 38.2182 -6.54969 -4.63501 75.1473 -0.496494 -13 360 1 0 1
3.83493 -0.432475 38.2182 3.69359 2.8441 77.345 -0.0153061 -13 361 1 0 1
-1.91619 1.82939 38.2182 -4.16007 0.0599153 66.0877 -2.67048 -13 362 1 0 1
1.28834 1.0636 38.2182 -1.38456 6.46801 75.3649 -0.195373 -13 363 1 0 1
1.07887 -2.95001 38.2182 1.23306 -4.52554 65.0608 0.357168 -13 364 1 0 1
2.59491 1.2617 38.2182 8.79537 5.28209 50.3842 -1.78726 -13 365 1 0 1
4.67657 -0.345716 38.2182 11.7286 -1.29362 45.0274 2.35545 -13 366 1 0 1
4.61616 0.381765 38.2182 11.4564 -3.21597 40.9436 1.42853 -13 367 1 0 1
-0.367203 2.05629 38.2182 -0.192361 7.21964 64.943 0.664429 -13 368 1 0 1
-0.0928346 -2.18468 38.2182 1.61849 -0.974948 60.5616 -0.978844 -13 369 1 0 1
-2.78056 0.945455 38.2182 -10.356 1.04802 72.1812 0.972707 -13 370 1 0 1
0.0422486 -2.75987 38.2182 0.940924 -4.24469 66.3239 2.50436 -13 371 1 0 1
-0.190495 -1.77568 38.2182 3.5644 -9.43388 53.6809 0.93283 -13 372 1 0 1
-2.48005 -2.3575 38.2182 -5.26584 -7.39387 64.6258 0.811689 -13 373 1 0 1
-1.1705 -0.862254 38.2182 -8.37301 0.30997 76.3619 0.742793 -13 374 1 0 1
-3.19951 1.506 38.2182 -15.5862 7.5135 77.4381 -1.28508 -13 375 1 0 1
-1.77578 -6.07917 38.2182 -5.9301 -14.6344 68.4572 0.58943 -13 376 1 0 1
7.63342 -1.65104 38.2182 13.8586 -8.29426 77.5063 1.30259 -13 377 1 0 1
1.10601 -0.409324 38.2182 5.49891 -4.88811 44.8572 2.32023 -13 378 1 0 1
2.74385 -7.09359 38.2182 4.72777 -20.9227 65.9079 0.762826 -13 379 1 0 1
-4.0671 -7.72928 38.2182 -1.99521 -14.5315 42.3459 -0.596113 -13 380 1 0 1
3.16988 -1.2645 38.2182 8.45992 2.99026 59.693 1.2799 -13 381 1 0 1
4.80003 -3.74062 38.2182 8.85901 -9.84697 72.1172 -0.217038 -13 382 1 0 1
-8.6092 1.85285 38.2182 -12.4134 1.95274 48.5881 1.46053 -13 383 1 0 1
5.34786 2.48624 38.2182 13.6167 1.34107 57.7746 -1.22129 -13 384 1 0 1
0.102451 0.0654447 38.2182 0.107584 -4.65158 67.5442 1.89612 -13 385 1 0 1
0.427177 -0.28059 38.2182 -0.294001 -2.52363 69.9559 2.05147 -13 386 1 0 1
-1.35151 0.494002 38.2182 -6.23731 -1.40867 71.4148 0.24464 -13 387 1 0 1
0.14173 -0.695428 38.2182 3.72527 -0.0838998 52.0694 -0.630434 -13 388 1 0 1
7.73961 -1.18095 38.2182 18.0496 0.0305778 61.2199 1.16492 -13 389 1 0 1
-2.65117 1.30037 38.2182 -4.34169 1.25658 63.8011 0.873063 -13 390 1 0 1
7.22897 0.891891 38.2182 16.3822 0.308855 50.6413 -0.104783 -13 391 1 0 1
-3.45238 1.95865 38.2182 -3.39485 -1.64476 54.3765 0.339361 -13 392 1 0 1
-0.385432 6.28636 38.2182 -0.194775 10.5257 60.6035 -0.678626 -13 394 1 0 1
0.23231 3.583 38.2182 -3.42264 14.5565 74.3458 -1.53496 -13 395 1 0 1
6.13613 3.40117 38.2182 13.5371 3.04459 63.2795 -0.0240231 -13 396 1 0 1
2.34163 -3.55461 38.2182 6.14665 -5.0948 59.9064 1.39374 -13 397 1 0 1
1.33107 -0.522116 38.2182 2.25745 -3.08217 66.8638 0.988617 -13 398 1 0 1
1.60452 -5.78115 38.2182 0.735119 -11.0544 71.0053 2.16881 -13 399 1 0 1
1.76265 -1.20367 38.2182 4.41947 6.26308 64.7536 0.0998793 -13 400 1 0 1
3.76697 -0.556828 38.2182 6.25045 0.0483905 71.8702 -0.101992 -13 401 1 0 1
-4.49234 0.423601 38.2182 -7.02199 -0.619752 57.7156 -0.164663 -13 402 1 0 1
0.656982 -7.76111 38.2182 0.17348 -24.3667 67.8033 0.356448 -13 403 1 0 1
2.1576 -1.56197 38.2182 4.7885 -8.34426 66.1809 1.33994 -13 404 1 0 1
1.07716 -4.5661 38.2182 3.76939 -3.14871 14.3838 -2.04991 -13 405 1 0 1
-0.847086 -1.18781 38.2182 -0.909515 -7.92192 60.2598 -0.44914 -13 406 1 0 1
-0.17961 -3.93557 38.2182 -0.286839 -5.89808 66.2558 1.41069 -13 407 1 0 1
5.8485 3.30308 38.2182 13.8533 7.69838 56.87 1.93847 -13 408 1 0 1
4.1971 -0.589097 38.2182 10.1064 -1.41261 63.9167 0.45059 -13 409 1 0 1
-0.0308229 -2.57623 38.2182 -4.85859 -6.67932 76.0153 -2.45038 -13 410 1 0 1
-2.57569 6.03203 38.2182 0.685288 4.04882 43.8952 0.692451 -13 411 1 0 1
0.232313 -3.92199 38.2182 -0.437435 -9.77535 66.9287 1.38841 -13 412 1 0 1
-0.974527 2.9023 38.2182 -9.15004 4.92404 78.4011 0.210681 -13 413 1 0 1
-5.2912 -2.96188 38.2182 -7.98353 -4.602 57.9875 1.12508 -13 414 1 0 1
3.37695 2.76528 38.2182 8.49742 7.28067 56.9927 0.477184 -13 415 1 0 1
6.34999 0.679399 38.2182 9.29288 2.25048 26.2927 5.11599 -13 416 1 0 1
3.51188 -10.2351 38.2182 8.57383 -12.3383 40.9734 0.0268166 -13 417 1 0 1
0.616686 1.42301 38.2182 -0.274376 -0.31286 69.7427 1.59824 -13 418 1 0 1
5.3955 -0.788477 38.2182 12.4463 -1.19543 63.4515 0.640018 -13 419 1 0 1
1.43596 -2.28104 38.2182 0.150589 -10.266 73.5043 -0.315161 -13 421 1 0 1
2.88135 8.7235 38.2182 5.98169 21.0633 63.8717 0.525205 -13 422 1 0 1
-7.07428 -9.99015 38.2182 -8.15105 -11.1058 45.2195 -0.0782711 -13 423 1 0 1
6.2413 8.02684 38.2182 14.8685 8.3643 46.4621 0.774442 -13 424 1 0 1
-0.214544 0.615053 38.2182 0.70844 3.52491 64.2591 0.0657393 -13 425 1 0 1
1.03882 -0.210242 38.2182 -2.49198 4.4902 74.2353 -1.2993 -13 426 1 0 1
5.08632 -4.35555 38.2182 11.098 -5.42815 62.7724 -0.401656 -13 427 1 0 1
-1.19933 2.26877 38.2182 -3.09804 10.3161 65.5124 0.508926 -13 428 1 0 1
5.52955 -3.91948 38.2182 13.7062 -10.236 56.3666 0.0215353 -13 429 1 0 1
-3.64559 5.45058 38.2182 -12.0309 14.584 69.5127 -1.5812 -13 430 1 0 1
2.65017 -1.73406 38.2182 1.34637 -5.69873 75.9312 2.01319 -13 431 1 0 1
2.81854 0.918924 38.2182 5.80917 5.81702 67.7908 2.06713 -13 432 1 0 1
1.1427 -2.24491 38.2182 0.182387 -11.816 69.8079 1.49856 -13 433 1 0 1
1.99451 2.06625 38.2182 5.86644 10.2762 59.1662 0.240657 -13 434 1 0 1
9.128 2.16181 38.2182 18.6672 2.45434 57.5097 1.18717 -13 435 1 0 1
1.79873 -0.520233 38.2182 3.0851 0.0957887 67.4668 -2.19691 -13 437 1 0 1
-2.00851 -0.244899 38.2182 0.0399197 0.172547 55.2203 2.07263 -13 438 1 0 1
0.648566 -6.48723 38.2182 1.4463 -11.5812 63.0126 -1.00956 -13 439 1 0 1
2.797 2.46256 38.2182 6.9223 6.93041 61.1387 0.333193 -13 440 1 0 1
-1.42565 0.252973 38.2182 -6.37189 0.0387204 71.6501 1.47447 -13 441 1 0 1
-1.9736 -2.66779 38.2182 -4.2588 -0.140281 65.7232 -0.0259589 -13 442 1 0 1
1.04824 -1.22249 38.2182 4.88813 3.36624 56.9581 1.15431 -13 443 1 0 1
6.65064 -0.733326 38.2182 13.5695 0.299412 69.3727 1.08747 -13 444 1 0 1
4.60435 1.42628 38.2182 9.1856 -2.96044 69.0949 0.176226 -13 445 1 0 1
1.13494 -4.27675 38.2182 1.52065 -5.04852 69.7923 -1.44879 -13 446 1 0 1
3.59489 0.160382 38.2182 9.35513 1.25062 56.815 -0.328391 -13 447 1 0 1
0.496442 0.120529 38.2182 -0.408512 3.64007 70.7396 -1.89687 -13 448 1 0 1
-0.894036 0.835589 38.2182 1.02692 -0.534388 52.9357 -0.0763501 -13 449 1 0 1
4.61725 2.42374 38.2182 4.21575 1.74849 81.0885 0.181727 -13 451 1 0 1
0.224511 -0.497468 38.2182 0.83777 -2.91473 67.5271 1.19956 -13 452 1 0 1
1.93473 -1.74072 38.2182 7.09813 -2.40682 59.7141 -0.22567 -13 453 1 0 1
-3.7188 1.80101 38.2182 -2.0206 2.35238 50.7429 1.46653 -13 454 1 0 1
3.96862 0.441919 38.2182 10.7485 -2.63406 55.4876 0.302826 -13 455 1 0 1
3.60768 3.45975 38.2182 7.84264 9.70068 64.2687 -0.527736 -13 456 1 0 1
4.53453 -0.225144 38.2182 12.4157 3.70504 56.3441 0.910973 -13 457 1 0 1
3.31065 -9.76947 38.2182 7.69594 -17.281 53.3166 -0.983969 -13 458 1 0 1
7.00556 4.7429 38.2182 14.4827 7.29089 73.8385 1.78547 -13 459 1 0 1
-0.909423 -0.109721 38.2182 -2.78302 2.78088 65.5653 -0.0510372 -13 460 1 0 1
-2.50939 2.14134 38.2182 -5.33692 8.08569 65.8742 0.457219 -13 461 1 0 1
2.94962 0.4066 38.2182 7.56889 1.70348 64.8477 -0.180508 -13 462 1 0 1
2.38213 -1.0815 38.2182 4.16748 -1.86202 69.0545 1.58271 -13 463 1 0 1
4.04571 7.55903 38.2182 9.1646 17.1251 59.9449 -0.0350784 -13 464 1 0 1
-3.89694 7.2995 38.2182 -2.11064 10.1292 38.4631 -0.68989 -13 465 1 0 1
2.42354 3.09873 38.2182 6.53328 7.89415 56.8727 0.449638 -13 466 1 0 1
2.43471 2.05558 38.2182 8.00189 5.09067 39.029 0.00329932 -13 467 1 0 1
0.692323 1.16598 38.2182 4.66253 -3.32185 56.1666 -0.7172 -13 468 1 0 1
-1.35689 6.65761 38.2182 0.752241 11.3642 50.3734 0.581806 -13 469 1 0 1
2.12839 -3.83783 38.2182 4.52556 -5.60074 64.8432 -0.3473 -13 470 1 0 1
0.982664 4.63791 38.2182 5.47749 7.19831 49.4385 1.3266 -13 471 1 0 1
3.02617 -6.01945 38.2182 8.41442 -9.11983 42.7025 1.33629 -13 472 1 0 1
-1.27892 -1.67866 38.2182 0.897065 -4.07522 55.2018 -0.489765 -13 473 1 0 1
4.22882 -2.98021 38.2182 10.8276 -6.55202 61.355 -0.497962 -13 474 1 0 1
2.50764 1.87264 38.2182 4.0039 7.65369 72.2067 1.68939 -13 475 1 0 1
-4.35639 4.54299 38.2182 -8.32096 11.458 60.8483 0.12174 -13 476 1 0 1
1.52784 6.67541 38.2182 4.24857 11.6829 66.7313 -1.16332 -13 477 1 0 1
-0.338699 -3.16214 38.2182 -0.462256 -5.38152 61.8568 -1.65946 -13 478 1 0 1
1.47041 0.8858 38.2182 5.29901 -0.735497 48.3832 -0.481173 -13 479 1 0 1
3.92563 1.49181 38.2182 10.0485 5.09814 54.4733 0.44627 -13 480 1 0 1
2.28225 -2.92067 38.2182 7.64617 -3.92749 33.9761 0.764496 -13 481 1 0 1
-0.81968 -1.98137 38.2182 2.91734 -7.15959 45.0491 0.544636 -13 482 1 0 1
-3.55857 5.12469 38.2182 -10.052 10.3467 68.3037 0.921322 -13 483 1 0 1
-2.73151 -0.581038 38.2182 -7.75264 -3.79749 67.0539 -1.1327 -13 484 1 0 1
-4.78711 -4.61376 38.2182 -7.44185 -12.0686 57.0375 1.99371 -13 485 1 0 1
0.574728 -4.23932 38.2182 2.75806 -12.9876 58.0139 2.88777 -13 486 1 0 1
5.83914 1.74216 38.2182 11.7228 0.781961 68.4556 0.274696 -13 487 1 0 1
-6.31165 -1.81615 38.2182 -11.9207 -4.2547 60.4243 -0.750334 -13 488 1 0 1
-0.166868 0.06561 38.2182 3.3929 6.78901 42.2369 1.50309 -13 489 1 0 1
-0.586162 -4.12867 38.2182 -0.338182 -13.3501 62.4529 -1.67111 -13 490 1 0 1
3.77089 3.68578 38.2182 7.15104 3.30188 70.0857 1.00183 -13 491 1 0 1
1.70587 0.542066 38.2182 4.7951 5.91914 61.3644 1.32431 -13 492 1 0 1
-1.15633 -1.17303 38.2182 0.696807 -3.48955 59.7877 1.16778 -13 493 1 0 1
0.674066 -0.484477 38.2182 4.97521 -3.54388 37.0802 0.272596 -13 494 1 0 1
1.04269 7.0291 38.2182 6.30055 4.81798 41.71 -2.53128 -13 495 1 0 1
1.24328 -5.74566 38.2182 5.48005 -8.57279 43.2832 0.444799 -13 496 1 0 1
2.25011 0.425604 38.2182 5.04621 1.82616 64.4459 0.415849 -13 497 1 0 1
-0.88197 2.41514 38.2182 -3.50886 6.8285 68.986 -0.281816 -13 498 1 0 1
0.501154 3.15864 38.2182 3.84947 2.43162 52.2507 -0.679021 -13 499 1 0 1
7.7929 0.479464 38.2182 16.4678 -2.87978 50.2295 -0.979734 -13 500 1 0 1
3.95007 2.66828 38.2182 3.29068 4.10784 79.5049 -0.154013 -13 501 1 0 1
-5.08046 3.74893 38.2182 -12.5354 4.73418 65.7305 -1.02244 -13 502 1 0 1
0.535399 -8.46801 38.2182 0.111767 -14.2491 68.5267 -1.47963 -13 503 1 0 1
0.427163 1.09156 38.2182 -0.0960069 4.74516 66.4338 0.436243 -13 504 1 0 1
7.24429 0.0204781 38.2182 16.84 -0.117536 55.5285 -0.985265 -13 505 1 0 1
-0.5164 -0.375221 38.2182 -9.0564 -3.72587 78.8892 1.40793 -13 506 1 0 1
4.41454 6.09203 38.2182 10.0071 11.4958 48.7945 0.605188 -13 507 1 0 1
4.45079 -4.43006 38.2182 11.1605 -6.96892 62.7227 1.11152 -13 508 1 0 1
5.46334 -3.61299 38.2182 10.0102 -8.02364 72.1893 0.151023 -13 509 1 0 1
-3.7381 3.7309 38.2182 -6.04529 7.01652 60.7656 1.29066 -13 510 1 0 1
-4.66604 -0.983124 38.2182 -13.7487 0.756907 70.7981 2.1879 -13 511 1 0 1
-2.83187 -1.9621 38.2182 -4.40502 -3.20111 58.6957 -0.271233 -13 512 1 0 1
1.80289 0.264545 38.2182 6.25543 3.24146 51.4297 1.25895 -13 513 1 0 1
-2.11648 0.139854 38.2182 -2.29076 0.638047 55.3436 -3.34609 -13 514 1 0 1
-4.159 -0.196957 38.2182 -10.765 0.588785 65.923 -1.31851 -13 515 1 0 1
-1.38932 -0.474049 38.2182 -0.871995 4.44948 56.7889 -1.81394 -13 516 1 0 1
1.18579 -0.0966404 38.2182 0.146336 -4.4871 72.3476 -1.00183 -13 517 1 0 1
1.18299 -0.348123 38.2182 3.62642 1.21991 65.2223 0.93688 -13 518 1 0 1
-1.50854 1.51564 38.2182 -11.5307 1.93599 78.0201 0.0419743 -13 519 1 0 1
0.386993 -1.22729 38.2182 3.19814 -6.83169 60.6337 2.64468 -13 520 1 0 1
-0.788629 -5.04964 38.2182 -3.31773 -10.0832 69.7928 -1.35704 -13 521 1 0 1
3.06482 2.19541 38.2182 -0.04632 5.16813 80.5675 1.02329 -13 522 1 0 1
-1.88042 3.55712 38.2182 -6.06138 5.36282 69.8125 0.981262 -13 523 1 0 1
1.05241 -4.32129 38.2182 3.95474 -1.11307 62.0156 0.841736 -13 524 1 0 1
0.126766 6.35459 38.2182 4.37696 8.03512 39.7618 0.803182 -13 525 1 0 1
-2.06205 -2.0816 38.2182 -8.65392 0.435793 71.8563 0.154309 -13 526 1 0 1
-1.99532 5.1731 38.2182 -2.63895 11.1926 59.1968 1.14327 -13 527 1 0 1
-2.48909 1.93394 38.2182 -1.39625 3.21293 54.87 2.80191 -13 528 1 0 1
5.98343 -3.41404 38.2182 11.7789 -14.8139 69.8995 0.908027 -13 529 1 0 1
1.18446 2.02489 38.2182 2.74999 4.56807 67.2157 -0.496221 -13 530 1 0 1
0.244929 1.4515 38.2182 3.37588 4.66165 59.0314 1.10538 -13 531 1 0 1
-5.76446 2.87744 38.2182 -7.497 8.61799 52.8261 1.7715 -13 532 1 0 1
-3.0295 -8.2675 38.2182 -0.862538 -8.68798 30.6468 3.45221 -13 533 1 0 1
3.96212 -0.921063 38.2182 7.77152 -0.456576 70.113 1.07778 -13 534 1 0 1
2.31959 1.57387 38.2182 3.24334 12.069 69.3378 -2.72197 -13 535 1 0 1
2.87051 -1.14303 38.2182 7.92044 1.61946 55.172 -0.796955 -13 536 1 0 1
3.71367 4.45862 38.2182 10.2582 7.63091 61.9639 0.219279 -13 538 1 0 1
-15.7917 10.9765 38.2182 -35.1454 18.5262 58.2526 1.16183 -13 539 1 0 1
7.37609 -2.16393 38.2182 13.3629 -4.01973 76.3985 1.48675 -13 540 1 0 1
0.458941 3.2916 38.2182 -1.74642 11.4385 70.6486 1.05607 -13 541 1 0 1
2.72581 0.983136 38.2182 5.54714 4.90759 67.6734 0.118796 -13 542 1 0 1
4.21918 -1.06306 38.2182 9.93584 -7.15909 66.468 -0.410736 -13 543 1 0 1
2.48912 -0.571312 38.2182 6.42143 -2.58306 63.8439 0.533535 -13 544 1 0 1
-0.696036 -8.97806 38.2182 -4.21937 -24.6332 68.3201 1.25456 -13 545 1 0 1
0.956561 -9.54164 38.2182 4.17784 -13.846 42.9675 0.617881 -13 546 1 0 1
-0.250088 5.9331 38.2182 2.16107 12.8196 51.9415 -0.588238 -13 547 1 0 1
1.68487 1.14822 38.2182 4.30088 7.53209 61.5293 2.37382 -13 548 1 0 1
1.99845 -3.48888 38.2182 6.26293 -2.90827 57.8231 2.67678 -13 549 1 0 1
-5.39222 5.08205 38.2182 -14.1884 14.4283 66.3971 -2.38635 -13 550 1 0 1
2.22778 -5.85803 38.2182 6.33196 -2.92684 35.7718 1.37346 -13 551 1 0 1
-4.56486 -1.07543 38.2182 -7.46508 -4.29467 59.2523 0.338415 -13 553 1 0 1
-3.39143 -0.195947 38.2182 -8.06756 -2.76498 65.2275 -0.903431 -13 554 1 0 1
6.03513 3.81118 38.2182 10.268 9.88795 73.2276 1.34551 -13 555 1 0 1
-1.63908 4.46164 38.2182 -1.45073 8.0285 56.6352 0.604679 -13 556 1 0 1
2.77638 0.197423 38.2182 7.20309 -1.22856 61.5381 2.53861 -13 557 1 0 1
-1.23389 -0.625477 38.2182 -1.6243 -4.17536 62.1547 -2.49938 -13 558 1 0 1
-5.75444 2.30491 38.2182 -5.99955 4.403 46.1484 -1.30093 -13 560 1 0 1
-3.85761 3.09518 38.2182 -11.384 3.91874 68.7541 1.20473 -13 562 1 0 1
4.07338 -0.153766 38.2182 7.13533 -4.1907 70.511 -0.236195 -13 564 1 0 1
-3.55995 3.3697 38.2182 -4.33684 9.55368 55.5231 1.37679 -13 565 1 0 1
-1.18641 0.702412 38.2182 -7.29881 0.1523 73.6901 0.839223 -13 566 1 0 1
-3.4628 -2.46735 38.2182 -3.24414 -2.6665 53.3459 0.31032 -13 567 1 0 1
-0.305274 2.63821 38.2182 -2.59955 8.75818 71.1351 0.277753 -13 568 1 0 1
0.847159 -2.2381 38.2182 2.53951 -5.81169 61.7674 1.89904 -13 569 1 0 1
-0.281054 -4.43628 38.2182 3.14059 -5.64559 52.4777 -2.29639 -13 570 1 0 1
-0.998305 4.02966 38.2182 2.0792 5.87135 25.9538 0.0174503 -13 571 1 0 1
2.31302 -1.49527 38.2182 1.58861 -7.92039 75.4163 -0.0480525 -13 572 1 0 1
-2.06934 0.75797 38.2182 -5.63958 -4.01798 68.8012 2.04213 -13 573 1 0 1
-2.7426 7.25503 38.2182 -4.60629 18.632 58.3563 -0.856839 -13 574 1 0 1
1.89254 0.783711 38.2182 2.5842 1.95384 70.062 0.280835 -13 575 1 0 1
0.274693 2.90396 38.2182 -0.357227 -0.00332056 68.817 -0.79525 -13 576 1 0 1
2.09749 -4.15422 38.2182 4.18909 -2.67975 65.759 -1.87322 -13 577 1 0 1
-0.767586 5.15481 38.2182 -5.1054 14.0167 72.0602 2.04008 -13 578 1 0 1
4.06322 -5.7098 38.2182 10.3459 -12.8626 61.1105 -0.142789 -13 579 1 0 1
-4.07428 1.51868 38.2182 -10.5462 7.81158 66.2439 1.57653 -13 580 1 0 1
4.37208 1.99106 38.2182 10.5509 1.33268 62.0261 0.176098 -13 581 1 0 1
6.22516 -0.369582 38.2182 13.6298 2.64538 47.6498 0.112105 -13 582 1 0 1
3.0341 0.588399 38.2182 5.06487 -0.721473 71.3248 -0.343467 -13 583 1 0 1
3.89994 4.1221 38.2182 8.15046 4.67114 64.307 -0.655855 -13 584 1 0 1
0.716167 -1.70539 38.2182 0.774222 -7.51763 65.2498 -1.95072 -13 585 1 0 1
3.07793 -3.61362 38.2182 4.7016 -11.7378 71.256 2.28143 -13 586 1 0 1
-1.64458 4.56911 38.2182 -8.40046 16.521 72.6094 0.462846 -13 587 1 0 1
3.72996 -0.991254 38.2182 8.16012 1.22537 66.6438 -2.02138 -13 588 1 0 1
1.36526 2.33873 38.2182 1.24041 3.64075 70.6538 -1.14581 -13 589 1 0 1
-2.73904 -3.57032 38.2182 -10.6664 -14.0119 73.2092 -0.76411 -13 590 1 0 1
-0.761839 -1.28313 38.2182 -8.36136 0.409956 77.9119 2.68127 -13 591 1 0 1
0.0108985 0.285456 38.2182 -1.30635 -1.35745 71.5623 -2.51295 -13 592 1 0 1
1.42603 3.4343 38.2182 4.49812 1.41107 64.316 2.04696 -13 593 1 0 1
-3.19718 1.0912 38.2182 -7.64823 -0.556435 63.4679 0.347472 -13 594 1 0 1
2.29602 -2.30677 38.2182 5.29621 -1.39203 63.8808 0.691518 -13 595 1 0 1
-2.8179 -0.611418 38.2182 -16.3193 -2.48487 78.1181 0.0282604 -13 597 1 0 1
3.20147 -3.37254 38.2182 -0.199416 -11.2828 80.7338 -1.6133 -13 598 1 0 1
-3.50342 -0.471316 38.2182 -1.76376 -0.81306 47.3998 -1.44156 -13 599 1 0 1
-0.341212 -4.83012 38.2182 2.9599 -9.00936 50.8469 0.682782 -13 600 1 0 1
2.43989 0.423726 38.2182 6.12809 0.235903 59.4802 1.304 -13 601 1 0 1
1.22106 -3.09857 38.2182 3.76078 -6.35902 64.5212 0.752079 -13 602 1 0 1
-5.80977 -1.76325 38.2182 -14.7875 -3.41159 66.9247 -1.14487 -13 603 1 0 1
2.89799 -0.827078 38.2182 9.76011 -3.62978 47.1951 0.296778 -13 604 1 0 1
-0.857905 -11.2901 38.2182 -0.186203 -20.505 57.6544 0.190606 -13 605 1 0 1
4.60396 -0.334448 38.2182 9.08783 -0.86286 66.7285 2.74553 -13 606 1 0 1
6.19476 3.67658 38.2182 9.73736 15.4925 75.3483 -0.632793 -13 607 1 0 1
-3.80921 -0.714847 38.2182 -13.017 5.63499 72.2978 0.27859 -13 609 1 0 1
-2.2199 -0.9921 38.2182 -6.07788 6.05577 67.1128 -1.54207 -13 610 1 0 1
-1.81144 1.44413 38.2182 -0.47682 -0.894106 54.5133 1.05532 -13 611 1 0 1
6.19771 0.165414 38.2182 13.6075 4.10816 55.7663 -2.09323 -13 612 1 0 1
4.68903 -4.68361 38.2182 9.83139 -6.0059 38.4502 1.52612 -13 613 1 0 1
1.32683 -1.09224 38.2182 4.04574 -6.50422 64.6828 -0.165738 -13 614 1 0 1
-2.3822 -0.0904836 38.2182 -8.56591 -6.48389 73.2048 0.95061 -13 615 1 0 1
3.8848 1.53788 38.2182 4.33004 7.35989 78.2821 -0.0817618 -13 616 1 0 1
2.08951 -4.49434 38.2182 4.85577 -7.58866 63.8393 -0.550929 -13 617 1 0 1
-0.763259 9.14197 38.2182 -0.423939 20.303 56.8273 -0.875232 -13 618 1 0 1
5.6107 5.09404 38.2182 12.6781 11.7104 49.893 0.880529 -13 619 1 0 1
0.503168 1.52667 38.2182 -5.19616 3.37018 77.8782 -2.07371 -13 620 1 0 1
1.21838 -4.29177 38.2182 4.33426 -3.3187 60.079 0.831501 -13 621 1 0 1
5.05698 -13.489 38.2182 11.453 -21.4933 54.8604 0.523345 -13 622 1 0 1
0.00458628 -1.91095 38.2182 2.15674 1.20133 60.7783 -0.143967 -13 623 1 0 1
3.35738 2.1972 38.2182 8.68702 2.1314 65.3047 -0.148166 -13 624 1 0 1
0.79889 5.72667 38.2182 3.86236 6.8613 59.5567 -0.692424 -13 625 1 0 1
1.40484 3.44081 38.2182 0.334511 5.10927 70.9215 2.59957 -13 626 1 0 1
-2.47704 -0.121381 38.2182 -11.9157 7.85778 75.7836 0.720633 -13 627 1 0 1
5.63017 0.648871 38.2182 12.0841 3.53813 72.1495 0.290915 -13 628 1 0 1
-0.394566 5.46924 38.2182 0.295571 15.0104 64.9112 0.346312 -13 629 1 0 1
-4.3206 2.76066 38.2182 -9.14097 9.05627 62.6899 0.818598 -13 630 1 0 1
0.388389 0.29104 38.2182 4.18841 1.68884 59.2769 -0.494798 -13 631 1 0 1
0.278825 -4.04451 38.2182 -0.0573667 -8.44135 66.9314 -1.35574 -13 632 1 0 1
10.7088 3.80189 38.2182 23.1816 5.776 53.3447 -0.639478 -13 633 1 0 1
-5.51625 10.1636 38.2182 -10.0671 21.1157 57.1666 0.0475507 -13 634 1 0 1
6.54353 -1.13171 38.2182 14.7436 0.00115963 51.0242 0.368381 -13 635 1 0 1
-2.22711 2.04217 38.2182 -8.96356 10.504 72.3557 -1.95679 -13 636 1 0 1
4.73227 0.681633 38.2182 8.17644 -0.716291 72.1845 0.241854 -13 637 1 0 1
-1.30333 -6.93924 38.2182 1.99792 -7.5908 29.9821 0.273337 -13 638 1 0 1
3.29743 -4.21191 38.2182 6.78121 -9.44698 65.7464 -1.80534 -13 639 1 0 1
2.50502 2.97054 38.2182 6.63359 3.95783 39.2124 -1.96164 -13 640 1 0 1
5.72845 -3.56343 38.2182 12.8822 -9.36569 61.1435 -1.15729 -13 641 1 0 1
0.976792 -5.15493 38.2182 4.82182 -7.47869 57.7502 0.126072 -13 642 1 0 1
1.08176 -6.70185 38.2182 0.161121 -16.9236 69.8667 -0.228787 -13 643 1 0 1
-3.41368 -4.86459 38.2182 -3.58279 -10.5201 50.1059 2.41766 -13 644 1 0 1
1.85606 -4.99826 38.2182 6.02273 -8.6612 56.7525 1.16606 -13 645 1 0 1
-2.11113 1.54801 38.2182 -9.26396 3.07531 72.0202 1.49567 -13 646 1 0 1
-3.901 -1.1037 38.2182 -17.4989 -0.0316106 76.6498 -1.35515 -13 647 1 0 1
3.46946 -0.233076 38.2182 7.85105 0.988054 68.1341 0.0274271 -13 649 1 0 1
1.16752 -3.52077 38.2182 -1.17247 -5.66232 73.7412 1.0921 -13 650 1 0 1
2.02674 1.50596 38.2182 3.25391 2.67952 68.2359 0.626835 -13 651 1 0 1
-0.403942 -1.90701 38.2182 -1.68947 -5.99275 66.0306 1.1327 -13 652 1 0 1
1.57526 -3.41914 38.2182 2.05896 -5.04986 68.4956 0.754375 -13 653 1 0 1
1.23775 -1.65329 38.2182 7.4935 -1.99337 40.8509 -0.246503 -13 654 1 0 1
-3.5592 -3.44814 38.2182 -1.26903 -6.31508 35.2511 0.350703 -13 655 1 0 1
-4.49198 4.33755 38.2182 -10.5421 13.6523 62.9762 0.0198239 -13 656 1 0 1
3.86014 -3.77174 38.2182 9.60738 -3.25806 60.918 0.737181 -13 657 1 0 1
-0.0181427 -5.18745 38.2182 -2.32425 -7.25389 69.0923 2.34496 -13 659 1 0 1
0.714841 -2.54351 38.2182 0.597587 -4.45339 66.4201 -1.38446 -13 660 1 0 1
0.684486 0.065454 38.2182 -4.46968 -6.67136 76.534 1.74463 -13 661 1 0 1
-2.33659 1.91453 38.2182 -2.84243 3.90745 58.2641 -0.144768 -13 662 1 0 1
3.26875 0.755036 38.2182 8.80277 4.01588 57.3364 0.567038 -13 663 1 0 1
-0.280467 -3.82258 38.2182 -3.9085 -7.68816 70.4449 1.84947 -13 664 1 0 1
0.591207 -1.14981 38.2182 -3.76957 -5.50704 76.9354 0.413365 -13 665 1 0 1
-4.54703 -0.192297 38.2182 -8.20153 1.70416 61.4645 1.09769 -13 666 1 0 1
1.02036 -0.587906 38.2182 3.45307 -0.151817 60.7645 -2.03564 -13 667 1 0 1
-1.53709 -2.83215 38.2182 1.09933 -5.02397 35.8931 0.896142 -13 668 1 0 1
1.33009 -5.86861 38.2182 3.23996 -13.3387 67.1551 1.49767 -13 669 1 0 1
3.2837 -4.75906 38.2182 5.19896 -10.3945 72.4498 0.14012 -13 670 1 0 1
5.69956 -5.15252 38.2182 13.2897 -10.5773 61.864 0.601509 -13 671 1 0 1
5.14125 4.95331 38.2182 10.6717 8.77836 55.8049 1.68458 -13 672 1 0 1
0.497553 10.8728 38.2182 2.57548 19.6158 57.8863 0.462072 -13 673 1 0 1
6.52704 1.99306 38.2182 13.1867 4.59476 61.69 0.973344 -13 674 1 0 1
-0.622481 -5.7058 38.2182 -0.290973 -14.5537 62.0638 3.29165 -13 675 1 0 1
6.4537 1.62592 38.2182 13.7737 5.4227 48.3299 -0.03592 -13 676 1 0 1
7.14962 -0.0478392 38.2182 14.268 -1.89532 65.629 1.12321 -13 677 1 0 1
1.87928 1.16926 38.2182 2.14711 11.854 71.4957 1.66242 -13 678 1 0 1
-2.48818 2.86419 38.2182 -7.06887 7.5613 67.3351 0.126497 -13 679 1 0 1
-3.04526 2.50385 38.2182 -2.81871 2.47555 56.1707 -0.762055 -13 680 1 0 1
1.11897 0.799674 38.2182 -0.317083 -6.77197 73.333 -3.11952 -13 681 1 0 1
-0.915831 -4.82653 38.2182 2.59928 -12.3692 33.6343 0.181303 -13 682 1 0 1
10.4048 0.983715 38.2182 21.5308 8.46801 58.8725 2.17267 -13 683 1 0 1
-0.838647 -4.15439 38.2182 -0.723294 -7.72434 61.0559 -0.0848367 -13 684 1 0 1
11.8387 -2.03708 38.2182 24.6317 -8.99076 65.9996 -1.54522 -13 685 1 0 1
2.1657 4.06853 38.2182 3.61205 10.5815 69.6821 0.536508 -13 686 1 0 1
2.11179 -4.63053 38.2182 6.98779 -5.78772 52.574 1.8173 -13 687 1 0 1
-0.172811 3.3206 38.2182 -0.815286 3.98629 66.7441 0.095314 -13 688 1 0 1
4.29493 -4.31398 38.2182 10.7626 -12.0843 59.5755 1.13128 -13 690 1 0 1
2.10327 1.18603 38.2182 4.15503 -1.51076 65.141 -1.82553 -13 691 1 0 1
-0.759271 0.830238 38.2182 -1.20678 -3.8662 62.6201 -0.816641 -13 692 1 0 1
2.49204 3.43718 38.2182 6.76837 -2.03681 50.7002 1.97202 -13 693 1 0 1
1.26329 -5.23704 38.2182 2.51173 -6.96285 65.0182 2.4998 -13 694 1 0 1
1.64409 3.36446 38.2182 4.40332 7.97418 64.7094 0.485746 -13 696 1 0 1
-0.425026 0.752831 38.2182 -4.73077 4.58691 71.0131 0.663928 -13 697 1 0 1
5.57243 -5.05026 38.2182 13.4316 -5.46424 43.312 -0.549207 -13 699 1 0 1
1.53548 -1.62252 38.2182 0.491653 -3.68695 72.5338 1.52875 -13 700 1 0 1
2.66937 3.78685 38.2182 5.32486 13.1289 68.7964 1.47679 -13 701 1 0 1
2.53599 0.0251133 38.2182 7.25149 0.753506 44.4547 1.48618 -13 702 1 0 1
-0.867993 2.81469 38.2182 -10.1106 5.11101 79.3109 -2.08868 -13 703 1 0 1
4.4447 3.79431 38.2182 11.6369 11.2723 56.0733 -0.323186 -13 704 1 0 1
0.540617 2.72447 38.2182 4.16581 3.34505 53.8495 1.56641 -13 705 1 0 1
-1.2666 1.57598 38.2182 1.12462 3.6314 54.951 -1.45025 -13 706 1 0 1
1.47421 -1.32697 38.2182 0.939321 4.02223 72.0614 3.45576 -13 707 1 0 1
-5.03747 -1.68195 38.2182 -8.59834 -3.4777 59.0231 0.657652 -13 708 1 0 1
0.604819 -1.73269 38.2182 1.85457 -7.13388 65.8506 0.223528 -13 709 1 0 1
-0.278987 0.664605 38.2182 3.81212 -2.4271 44.9179 -0.803635 -13 710 1 0 1
2.44153 1.90612 38.2182 7.08153 -0.170706 50.8738 -0.169263 -13 711 1 0 1
1.21126 -3.8079 38.2182 1.10267 -8.18614 69.0903 1.52893 -13 712 1 0 1
1.43689 -2.59665 38.2182 -4.84281 -10.9152 80.2934 0.141357 -13 713 1 0 1
0.394379 1.15272 38.2182 4.05329 -1.66144 50.0118 1.81202 -13 714 1 0 1
0.098219 1.78219 38.2182 -2.49178 7.4902 71.3124 -0.935087 -13 715 1 0 1
4.09749 4.09901 38.2182 11.3633 6.81986 49.8978 1.38059 -13 716 1 0 1
-1.67267 -1.10943 38.2182 0.182618 -3.15012 52.8515 1.94477 -13 717 1 0 1
-1.31775 1.06012 38.2182 -6.40691 -0.494565 72.1767 1.0819 -13 718 1 0 1
2.74082 0.202947 38.2182 4.28672 4.27916 71.9093 0.0414244 -13 719 1 0 1
0.825448 5.14361 38.2182 1.942 12.1817 65.5203 2.22905 -13 720 1 0 1
4.49905 -4.84674 38.2182 8.11276 -11.4397 70.9905 0.0550207 -13 721 1 0 1
1.95357 -3.96326 38.2182 6.01314 -9.3575 54.2611 -1.37585 -13 722 1 0 1
0.650233 -3.80408 38.2182 2.08626 -4.29371 61.8557 -1.0593 -13 723 1 0 1
1.89912 5.41757 38.2182 1.5489 11.1241 72.3758 2.14469 -13 724 1 0 1
-2.4157 4.6049 38.2182 -2.45559 6.42139 55.7934 -0.12467 -13 725 1 0 1
7.20071 -5.46812 38.2182 16.2585 -10.9718 52.4288 -0.821781 -13 726 1 0 1
3.2181 1.03651 38.2182 8.21779 2.34498 44.6276 2.10519 -13 727 1 0 1
3.21756 10.937 38.2182 7.48317 17.8611 40.2651 -0.144777 -13 728 1 0 1
3.80849 -2.71039 38.2182 4.18394 -5.66852 76.4244 -1.6854 -13 729 1 0 1
-3.21124 -7.36173 38.2182 0.5435 -7.20008 36.9566 -0.0159687 -13 730 1 0 1
-0.269181 -2.56196 38.2182 -2.69088 -3.99023 70.6419 -1.09995 -13 731 1 0 1
-1.11039 4.87375 38.2182 -3.30573 8.50704 68.7305 2.15233 -13 732 1 0 1
-3.72388 1.24756 38.2182 -1.99923 -1.78566 46.8359 -0.25692 -13 733 1 0 1
2.68268 4.17981 38.2182 4.82337 -2.42367 71.5014 2.38889 -13 734 1 0 1
10.6669 4.86742 38.2182 18.9969 5.02967 43.5723 -1.00445 -13 735 1 0 1
1.65137 3.18428 38.2182 6.01865 5.21357 47.3333 -0.0443809 -13 736 1 0 1
-1.25612 4.46189 38.2182 -1.19128 8.1909 63.0559 2.20901 -13 737 1 0 1
4.75441 -1.0941 38.2182 11.1503 0.827858 58.0786 1.68015 -13 738 1 0 1
2.82392 -2.22118 38.2182 7.40514 -1.1555 59.1641 -0.99948 -13 739 1 0 1
-0.564049 1.28216 38.2182 -5.02646 2.50027 73.2308 0.914702 -13 740 1 0 1
9.21328 -1.59425 38.2182 10.0689 -0.594471 22.5173 1.99852 -13 741 1 0 1
-7.81354 -0.156963 38.2182 -8.25697 1.47473 43.5286 -2.05543 -13 742 1 0 1
0.0740629 1.31841 38.2182 -1.8099 6.15687 72.1227 1.46617 -13 743 1 0 1
-1.01755 4.90259 38.2182 0.693394 6.56932 55.4507 0.413086 -13 744 1 0 1
6.62002 4.85955 38.2182 12.0388 10.5297 71.5937 2.09262 -13 745 1 0 1
0.514997 -2.72424 38.2182 -0.0982874 -6.66379 68.4964 -1.68028 -13 746 1 0 1
1.48491 -1.30268 38.2182 2.68734 -2.56088 68.1144 0.316236 -13 747 1 0 1
-3.87024 0.209703 38.2182 -2.76782 2.1106 49.4879 -1.6567 -13 748 1 0 1
3.79912 -2.68547 38.2182 5.68643 -7.36624 72.9546 1.26111 -13 749 1 0 1
0.16055 6.00705 38.2182 1.40429 3.49594 64.0055 0.848898 -13 750 1 0 1
0.926443 3.47209 38.2182 4.97629 8.91576 53.1079 0.165148 -13 751 1 0 1
0.010823 4.1054 38.2182 -0.333407 13.9369 66.8359 -0.346532 -13 752 1 0 1
-0.670224 2.13396 38.2182 -0.352992 0.587275 64.5317 -0.897909 -13 753 1 0 1
-2.47148 -1.38548 38.2182 -7.32079 -0.976722 70.179 0.447823 -13 754 1 0 1
2.59001 -0.509016 38.2182 1.9182 -3.22634 75.8685 -1.298 -13 755 1 0 1
3.33253 1.57981 38.2182 6.52515 8.89953 67.791 -0.901519 -13 756 1 0 1
6.14585 -3.63777 38.2182 14.6928 -4.94856 51.8159 -0.966499 -13 757 1 0 1
0.0961041 1.91289 38.2182 3.44138 -0.833874 55.7866 0.501581 -13 758 1 0 1
3.70872 -7.13438 38.2182 7.89724 -17.1414 60.9645 1.29226 -13 759 1 0 1
1.47097 -1.02303 38.2182 5.7267 -2.9096 55.019 0.344928 -13 760 1 0 1
-1.3745 -3.4615 38.2182 -1.56704 -5.31778 58.5214 0.834858 -13 761 1 0 1
-5.96035 0.63764 38.2182 -4.76897 3.63434 36.4656 -0.779437 -13 762 1 0 1
6.46629 0.785121 38.2182 13.9091 6.33462 59.5636 1.4103 -13 763 1 0 1
2.6367 1.40141 38.2182 4.25471 4.61069 70.1168 -2.45786 -13 764 1 0 1
-0.782849 -2.14488 38.2182 -0.0719496 -6.43483 65.0665 -0.416182 -13 765 1 0 1
-4.41115 10.6725 38.2182 -1.42206 10.2815 24.5234 -0.913037 -13 766 1 0 1
3.12587 -0.114552 38.2182 8.39306 -1.67162 58.6598 -0.304274 -13 767 1 0 1
4.78196 -8.92343 38.2182 10.3675 -20.3936 64.9832 0.761665 -13 768 1 0 1
0.998555 2.09742 38.2182 5.73609 -0.162769 40.1421 0.283675 -13 769 1 0 1
-1.97476 1.46047 38.2182 -6.31718 -6.8299 70.8517 -0.913191 -13 770 1 0 1
1.49962 -7.77774 38.2182 6.33229 -12.0813 38.5012 -0.50982 -13 771 1 0 1
2.02223 2.76178 38.2182 7.05382 3.93038 55.7232 -0.0355478 -13 772 1 0 1
5.70692 -0.212895 38.2182 8.96031 0.687086 76.599 0.642237 -13 773 1 0 1
-3.06547 -2.04691 38.2182 -3.79274 -1.4166 58.6878 1.08417 -13 774 1 0 1
7.43297 -0.977463 38.2182 16.9331 -5.01711 59.4515 0.0641752 -13 775 1 0 1
-1.66929 2.7407 38.2182 -0.415128 6.01219 55.5041 2.66708 -13 776 1 0 1
-0.815766 -2.12877 38.2182 -3.04965 -7.60639 67.9469 0.102293 -13 777 1 0 1
-0.945332 3.11135 38.2182 1.85082 9.36123 46.2297 2.7392 -13 778 1 0 1
-1.52727 -4.17933 38.2182 -4.3124 -9.84232 68.4119 1.82026 -13 779 1 0 1
2.96304 -0.228466 38.2182 7.84976 0.314822 67.564 -0.773903 -13 780 1 0 1
-0.888923 1.94521 38.2182 -2.08059 1.61674 66.387 0.0215858 -13 781 1 0 1
-1.73815 -2.9591 38.2182 -3.62183 -6.41762 63.3605 0.644218 -13 782 1 0 1
4.83863 -2.71 38.2182 11.8034 -3.82253 58.4143 1.12073 -13 783 1 0 1
-4.69132 -6.98411 38.2182 -10.2339 -19.3305 63.3933 -0.734144 -13 784 1 0 1
-2.85903 0.690641 38.2182 -14.0962 -6.94131 77.1206 -0.0723943 -13 785 1 0 1
6.57201 2.72562 38.2182 14.2378 2.32919 46.1733 -0.876816 -13 787 1 0 1
-5.40495 0.76743 38.2182 -10.6103 -0.266336 61.202 -0.794611 -13 788 1 0 1
5.71899 1.01907 38.2182 11.7782 -3.16118 70.4428 0.566453 -13 789 1 0 1
1.71079 -0.0925007 38.2182 4.17634 -5.28015 60.3488 2.14447 -13 790 1 0 1
3.32339 -4.28075 38.2182 7.19126 -14.0503 67.2288 -1.28668 -13 791 1 0 1
-1.4481 -1.3437 38.2182 -3.20633 -2.48634 66.8026 2.32357 -13 792 1 0 1
2.7888 0.7357 38.2182 7.70509 -1.59912 53.0785 1.92436 -13 793 1 0 1
2.34146 -5.32918 38.2182 4.77372 -9.87295 69.0466 0.417904 -13 794 1 0 1
-3.52536 -4.39019 38.2182 -5.53129 -9.9617 56.2472 -2.26691 -13 795 1 0 1
-3.86448 0.853896 38.2182 -5.03835 1.17721 58.9512 0.0336629 -13 796 1 0 1
-0.552763 1.4004 38.2182 2.95158 -1.79884 48.5133 -0.682475 -13 797 1 0 1
1.8543 6.30365 38.2182 -0.097396 17.5709 73.861 2.12863 -13 798 1 0 1
0.630383 2.87683 38.2182 1.87839 4.69215 63.7596 1.04304 -13 799 1 0 1
-4.78789 1.33971 38.2182 -8.42666 6.49644 59.4617 1.33153 -13 800 1 0 1
5.48354 2.59436 38.2182 12.8278 -0.498269 68.4646 2.36048 -13 801 1 0 1
1.38394 -1.47276 38.2182 2.55159 -6.8986 67.1558 -1.15164 -13 802 1 0 1
3.22073 -1.26204 38.2182 3.02886 4.13007 75.9246 -1.55873 -13 803 1 0 1
7.49922 0.0825765 38.2182 15.7624 1.197 48.904 -0.350853 -13 804 1 0 1
-1.47969 -0.0891866 38.2182 1.54598 0.259703 25.9887 -0.16685 -13 805 1 0 1
0.754535 -1.40871 38.2182 3.85477 -4.02309 56.3058 1.1292 -13 806 1 0 1
-2.06157 -5.34776 38.2182 -4.3065 -9.62877 66.4132 0.524566 -13 807 1 0 1
-8.00069 2.36137 38.2182 -5.50666 2.97741 32.04 1.59254 -13 808 1 0 1
-3.21062 0.36305 38.2182 -6.85904 0.44351 65.1372 -0.422146 -13 809 1 0 1
-0.252421 -0.31806 38.2182 -6.01149 -3.94227 76.9299 -0.546911 -13 810 1 0 1
1.7043 0.0833983 38.2182 3.2729 2.99978 70.6861 -0.0843932 -13 811 1 0 1
-5.152 -4.85392 38.2182 -3.59788 -4.95639 40.0896 2.11866 -13 812 1 0 1
3.7999 3.66437 38.2182 9.54271 10.1893 55.9418 0.899756 -13 813 1 0 1
-0.338852 -1.28413 38.2182 0.592541 1.55226 62.7435 0.84394 -13 814 1 0 1
3.27305 2.71689 38.2182 8.93475 6.32512 55.1549 -1.92008 -13 815 1 0 1
1.35051 -1.67301 38.2182 -2.73594 -4.27671 77.4587 1.61418 -13 816 1 0 1
-0.474466 -0.754951 38.2182 4.41625 -0.818588 39.4433 -1.52101 -13 817 1 0 1
1.77946 -3.4596 38.2182 6.84735 -8.67487 49.0335 0.0315177 -13 820 1 0 1
-2.11758 -2.31222 38.2182 -0.860486 -0.404329 53.0106 -1.61058 -13 821 1 0 1
0.237529 3.39429 38.2182 -11.2185 2.64149 80.6744 0.750265 -13 822 1 0 1
2.32902 0.55944 38.2182 7.72719 -1.66984 57.0073 0.0414484 -13 823 1 0 1
-1.52217 -2.29775 38.2182 -3.06854 -5.61932 61.4507 0.402541 -13 825 1 0 1
1.9393 1.55241 38.2182 3.53647 7.85117 66.859 -1.27133 -13 826 1 0 1
1.55769 -4.2656 38.2182 4.46435 -12.4329 62.3413 2.78645 -13 827 1 0 1
-1.27957 1.64734 38.2182 -1.97534 -0.304292 65.0839 -2.33703 -13 828 1 0 1
6.09011 -9.41492 38.2182 11.8225 -17.0912 47.1909 0.935004 -13 829 1 0 1
1.92776 -3.54674 38.2182 4.51437 -9.20209 64.5533 -0.0419057 -13 830 1 0 1
2.53388 -0.20969 38.2182 5.30449 -3.50875 65.8034 2.10463 -13 831 1 0 1
-0.347364 -3.37894 38.2182 2.15268 -7.87363 55.9252 0.488522 -13 832 1 0 1
-0.334499 -1.46222 38.2182 -0.171217 -3.81702 62.1963 0.494408 -13 833 1 0 1
-0.560025 -5.06723 38.2182 0.698285 -7.79037 60.7418 -0.106594 -13 834 1 0 1
0.847302 -4.6466 38.2182 -5.28369 -14.9364 77.2737 -0.827102 -13 835 1 0 1
4.30646 4.81597 38.2182 8.37156 12.9213 65.153 0.00631353 -13 836 1 0 1
6.38042 -8.02896 38.2182 13.521 -12.2265 65.2932 1.15763 -13 837 1 0 1
3.78212 3.37414 38.2182 6.55663 3.02749 71.6763 -1.20815 -13 838 1 0 1
-0.122345 -4.98738 38.2182 2.92123 -6.33589 55.7258 -0.282732 -13 839 1 0 1
-3.12692 3.61041 38.2182 -5.41511 6.44211 60.3336 2.55215 -13 840 1 0 1
-1.53968 4.96688 38.2182 -0.907154 6.77153 58.8859 -1.70181 -13 841 1 0 1
1.6393 -2.48322 38.2182 0.919169 -4.48621 73.3892 -0.855835 -13 842 1 0 1
0.135092 -3.32412 38.2182 -4.47391 -16.2655 73.283 0.605484 -13 843 1 0 1
-2.89518 5.52775 38.2182 -3.94508 11.4107 58.6641 1.01658 -13 844 1 0 1
3.0011 -0.540472 38.2182 7.97302 1.45426 60.032 1.10633 -13 845 1 0 1
5.23424 -7.88249 38.2182 9.77225 -8.3796 36.6005 0.609649 -13 846 1 0 1
3.99874 -6.87534 38.2182 10.1253 -6.27796 57.653 -1.04142 -13 847 1 0 1
-2.97021 0.795559 38.2182 -3.47755 -2.03852 55.8434 -0.679131 -13 848 1 0 1
-4.56635 -2.41014 38.2182 -6.07127 -2.61555 53.9534 -1.87323 -13 849 1 0 1
6.40081 -5.45064 38.2182 13.2262 -12.124 67.0828 -0.7576 -13 850 1 0 1
-1.74155 3.74096 38.2182 -1.68491 5.31916 59.9971 -0.351431 -13 851 1 0 1
5.4353 -1.08488 38.2182 7.97647 -1.6688 75.5809 0.625552 -13 852 1 0 1
-1.03383 2.41056 38.2182 -0.947528 5.14486 61.3547 1.21067 -13 853 1 0 1
0.529661 1.65223 38.2182 -1.67858 -1.92904 69.7746 -0.701189 -13 854 1 0 1
-1.84867 4.32593 38.2182 -2.76603 9.6589 62.1126 0.244912 -13 855 1 0 1
-4.83186 1.16234 38.2182 -8.67431 -4.46658 58.4567 0.454123 -13 856 1 0 1
1.2813 -3.00566 38.2182 3.38327 -0.03689 66.1485 -0.74885 -13 857 1 0 1
-7.43153 2.14609 38.2182 -17.4514 3.6483 64.0856 -2.27438 -13 858 1 0 1
-2.49392 -0.931405 38.2182 -1.02264 0.140437 53.46 1.72326 -13 859 1 0 1
-0.741643 1.4603 38.2182 -2.36027 4.05076 68.0823 1.44488 -13 860 1 0 1
1.36499 -2.02281 38.2182 -1.45434 -6.69351 77.1602 -1.70026 -13 861 1 0 1
0.56889 1.66859 38.2182 1.8366 6.13562 63.9847 0.0424991 -13 862 1 0 1
-5.66283 -4.45631 38.2182 -10.8302 -7.44025 59.145 0.327653 -13 863 1 0 1
-1.59734 -0.245699 38.2182 -2.18365 0.89877 62.349 -0.482609 -13 864 1 0 1
-1.92409 -3.70215 38.2182 -1.12501 -3.67852 55.5305 1.91381 -13 865 1 0 1
1.92993 4.65058 38.2182 5.74706 13.172 55.9704 0.0741679 -13 866 1 0 1
5.07748 3.91336 38.2182 8.72131 7.15228 74.2757 -0.528444 -13 867 1 0 1
0.671809 1.49471 38.2182 -5.6244 0.542223 78.6459 -1.51031 -13 868 1 0 1
-7.53636 -5.36634 38.2182 -14.4022 -10.6615 59.1927 -0.55099 -13 869 1 0 1
0.769962 -1.73587 38.2182 2.83037 -6.34139 60.1635 0.88179 -13 870 1 0 1
2.28835 -6.64687 38.2182 4.67363 -17.0262 65.0477 -1.06072 -13 871 1 0 1
-0.823641 -2.17833 38.2182 -2.64457 -2.8024 67.8127 -1.00138 -13 872 1 0 1
3.14209 0.188769 38.2182 5.46519 -3.07696 71.9618 -0.954135 -13 873 1 0 1
-0.650907 3.20636 38.2182 -2.39847 8.46986 67.1951 2.70633 -13 874 1 0 1
-1.4984 -2.35176 38.2182 -2.44457 -6.86762 62.9848 0.337891 -13 875 1 0 1
3.99836 3.93823 38.2182 5.58525 8.26368 74.7228 0.121166 -13 876 1 0 1
-0.0105586 -0.300484 38.2182 -0.495748 6.98072 68.6472 -1.8837 -13 877 1 0 1
1.86273 2.90944 38.2182 0.975332 12.4906 72.8058 -3.58601 -13 878 1 0 1
-4.13184 2.65458 38.2182 -3.27432 3.40464 51.8819 1.27631 -13 879 1 0 1
2.27247 -3.78422 38.2182 5.11622 -10.1013 67.0253 0.935617 -13 880 1 0 1
1.43227 -3.04264 38.2182 5.11288 -6.17084 56.8589 1.94463 -13 881 1 0 1
4.54265 5.5543 38.2182 7.13866 14.4346 74.62 -0.446777 -13 882 1 0 1
6.36572 6.22903 38.2182 12.5541 16.8212 62.309 -0.231361 -13 883 1 0 1
5.51128 1.68555 38.2182 12.0068 3.81076 36.0194 -0.0666913 -13 885 1 0 1
4.1692 1.16764 38.2182 3.7892 -5.35183 79.715 2.44514 -13 886 1 0 1
-3.15383 4.4674 38.2182 -10.3769 9.69262 70.1604 0.615853 -13 887 1 0 1
-0.782643 3.72354 38.2182 1.7693 3.67671 55.4689 0.148567 -13 888 1 0 1
-0.919503 -2.41818 38.2182 0.489537 -3.90757 57.5939 -0.520981 -13 889 1 0 1
4.34535 -5.68869 38.2182 8.91419 -14.7694 67.2542 -1.04483 -13 890 1 0 1
0.956123 -0.984758 38.2182 4.98574 -0.392329 35.4337 -1.02308 -13 891 1 0 1
0.274205 -4.51513 38.2182 -1.48778 -5.45796 71.7077 0.531174 -13 892 1 0 1
-5.09246 -0.0959562 38.2182 -7.82465 2.85946 58.9673 -1.57017 -13 893 1 0 1
4.31152 -3.51049 38.2182 6.40661 -7.47993 75.6224 0.0625013 -13 894 1 0 1
-3.55273 2.45552 38.2182 -13.8963 18.2618 71.0228 1.60783 -13 895 1 0 1
-1.63321 5.37039 38.2182 -5.02623 15.0938 68.3733 -1.5892 -13 896 1 0 1
-0.738886 -2.55266 38.2182 1.09478 -4.17712 49.954 -1.67496 -13 897 1 0 1
1.08767 -1.27017 38.2182 3.9843 -0.815179 55.7711 -0.604846 -13 898 1 0 1
6.55423 0.522869 38.2182 15.2688 4.02813 60.1573 -0.198098 -13 899 1 0 1
2.60933 1.2493 38.2182 4.90553 -1.83158 68.5513 0.659771 -13 901 1 0 1
5.25048 -0.339889 38.2182 12.6892 -3.91167 53.9755 0.648228 -13 902 1 0 1
2.20361 -7.3111 38.2182 0.856999 -10.0359 74.678 1.23194 -13 903 1 0 1
2.29206 0.692167 38.2182 5.89895 -2.66417 58.8032 2.01638 -13 904 1 0 1
-3.07318 0.660037 38.2182 -15.4982 4.34166 77.6674 0.20665 -13 905 1 0 1
-5.5418 -2.87301 38.2182 -7.51077 -4.41355 55.1044 1.34692 -13 906 1 0 1
1.68764 5.56403 38.2182 2.92097 9.28193 67.7799 0.380951 -13 907 1 0 1
-3.457 -3.89016 38.2182 -1.08862 -5.26653 38.2195 0.284853 -13 908 1 0 1
1.066 -3.84502 38.2182 -1.6697 -5.43993 73.2148 0.753119 -13 909 1 0 1
0.0849354 -1.91284 38.2182 -1.95428 -5.46887 70.6169 -0.0969401 -13 910 1 0 1
-0.29465 9.89941 38.2182 2.33068 16.1284 40.5357 -0.530001 -13 911 1 0 1
3.03954 8.07257 38.2182 6.46454 10.8312 54.7657 -0.725576 -13 912 1 0 1
2.3235 2.19532 38.2182 -4.25954 13.7249 78.9595 1.36723 -13 913 1 0 1
-6.68119 0.927468 38.2182 -18.0858 9.34015 68.9752 1.0604 -13 914 1 0 1
2.73574 -4.86944 38.2182 6.99009 -7.96819 61.3152 -0.788283 -13 915 1 0 1
-2.59149 0.00765057 38.2182 -18.5932 2.61231 78.047 4.37049 -13 916 1 0 1
-1.794 3.98361 38.2182 1.67487 7.99717 41.6289 -0.138967 -13 917 1 0 1
-3.56567 3.75993 38.2182 -12.1808 9.38786 71.2095 2.09384 -13 918 1 0 1
-0.848966 2.47545 38.2182 -1.85244 2.63343 66.6445 -0.538297 -13 919 1 0 1
-0.677699 -1.85786 38.2182 -9.12314 -0.453781 79.2617 0.5109 -13 920 1 0 1
3.19619 1.38413 38.2182 7.49977 -2.87006 33.9647 0.456791 -13 921 1 0 1
-0.336521 -5.12084 38.2182 -10.1879 -12.3476 79.5905 2.50195 -13 922 1 0 1
-2.773 -0.179318 38.2182 -4.05592 -0.706311 59.2026 -0.0863877 -13 923 1 0 1
0.292286 2.27129 38.2182 -0.352186 2.22999 68.6351 -0.981032 -13 924 1 0 1
1.04943 3.07296 38.2182 2.63643 7.8129 63.2609 0.436709 -13 925 1 0 1
-0.113826 2.85862 38.2182 -6.35918 4.86874 77.2662 1.43431 -13 926 1 0 1
-0.836154 -2.88437 38.2182 -0.963427 -1.472 68.0271 0.616403 -13 927 1 0 1
1.75263 -1.55952 38.2182 5.86855 -4.75887 58.0039 -0.162022 -13 928 1 0 1
0.17294 0.869155 38.2182 -1.10149 1.84943 70.561 1.39892 -13 930 1 0 1
4.75546 0.559719 38.2182 10.6137 -2.7067 62.6544 2.06146 -13 931 1 0 1
-1.72374 -2.92582 38.2182 -0.260736 -6.28051 53.12 1.95592 -13 932 1 0 1
3.99343 3.77553 38.2182 7.93744 12.9435 67.9642 1.09434 -13 933 1 0 1
-0.385028 0.766376 38.2182 -5.48298 4.44882 74.6274 -0.494553 -13 934 1 0 1
-5.8941 1.48993 38.2182 -10.9935 2.65988 58.3486 1.00827 -13 935 1 0 1
6.0693 -2.35593 38.2182 14.9924 0.196626 59.6237 0.101115 -13 936 1 0 1
0.840716 -3.32886 38.2182 -1.90663 -3.02031 73.4431 -0.15285 -13 938 1 0 1
0.187213 -1.47359 38.2182 2.75812 -3.00396 61.4831 -0.48181 -13 939 1 0 1
-0.401858 0.699123 38.2182 0.84591 3.95946 60.6845 0.0285841 -13 940 1 0 1
-1.3312 1.28087 38.2182 -3.20096 6.89724 66.7509 0.279178 -13 941 1 0 1
6.3738 -0.749786 38.2182 12.1489 -2.07312 71.5203 0.614234 -13 942 1 0 1
3.73788 -2.61118 38.2182 7.61661 -4.27422 67.5382 1.48192 -13 943 1 0 1
-0.461965 -0.0630258 38.2182 3.0042 4.81719 52.9505 -0.363667 -13 944 1 0 1
2.12051 4.65118 38.2182 2.24788 16.0501 70.7971 0.948933 -13 945 1 0 1
-0.898183 3.38763 38.2182 1.90547 5.61401 45.3963 -0.668128 -13 946 1 0 1
3.96326 -1.12392 38.2182 9.15362 1.36481 64.914 -1.11187 -13 947 1 0 1
4.36871 -3.89407 38.2182 10.4485 -4.48099 50.2584 1.37394 -13 948 1 0 1
-4.4464 -1.6312 38.2182 -4.453 -2.85118 54.6481 0.478016 -13 949 1 0 1
-0.943973 3.22256 38.2182 -1.44653 5.0411 66.1672 0.131515 -13 950 1 0 1
13.2703 -4.75084 38.2182 25.121 -6.02927 50.1389 0.707955 -13 951 1 0 1
3.03543 -2.4348 38.2182 7.88923 -5.36532 59.1914 2.7374 -13 952 1 0 1
2.49121 -1.63184 38.2182 5.74356 -4.78671 59.6659 0.335824 -13 953 1 0 1
0.23084 -8.68397 38.2182 3.12857 -16.4081 54.4672 -0.154248 -13 954 1 0 1
2.6531 0.103842 38.2182 6.40576 -6.03754 61.0316 0.613254 -13 955 1 0 1
-1.19646 3.75664 38.2182 -0.0599689 3.48057 55.3215 -0.0177965 -13 956 1 0 1
-5.65048 0.136345 38.2182 -9.37935 -3.88795 57.5699 -0.943974 -13 957 1 0 1
-0.15239 0.363463 38.2182 -14.0584 -1.34391 79.5174 -0.725495 -13 958 1 0 1
6.93517 -4.7009 38.2182 14.971 -11.2075 60.0756 0.481294 -13 959 1 0 1
-0.383404 2.13192 38.2182 -5.158 3.62154 74.3191 -1.943 -13 960 1 0 1
1.87716 -2.30806 38.2182 7.29326 -1.72749 55.7143 0.266796 -13 961 1 0 1
2.77907 -1.57217 38.2182 7.94026 -2.38108 35.3229 0.813335 -13 962 1 0 1
6.71332 2.8176 38.2182 13.9451 -2.74599 67.4104 2.06528 -13 963 1 0 1
-0.618615 0.723535 38.2182 0.782159 -0.0875302 62.5439 2.02579 -13 964 1 0 1
-0.499191 -3.39728 38.2182 -1.19364 -9.76218 64.5045 1.49387 -13 965 1 0 1
-4.43304 -3.34215 38.2182 -5.45142 -1.76181 54.0006 2.39053 -13 966 1 0 1
2.08415 -1.47484 38.2182 7.26933 -0.628752 54.2323 0.658721 -13 967 1 0 1
-8.72153 0.745091 38.2182 -18.7247 -1.12569 61.3073 -0.952121 -13 968 1 0 1
1.05532 -2.41286 38.2182 6.15325 -5.94544 50.2858 0.67478 -13 969 1 0 1
4.01494 -2.6149 38.2182 8.94482 -8.45844 64.0818 0.0153673 -13 970 1 0 1
1.28187 0.16601 38.2182 2.86101 5.82794 67.8065 -1.05306 -13 971 1 0 1
-2.1888 4.41617 38.2182 1.50886 7.7224 31.8322 -0.796766 -13 972 1 0 1
-2.07103 0.22353 38.2182 0.789663 2.32269 34.5388 -0.658195 -13 973 1 0 1
-1.06041 1.97365 38.2182 -3.35408 5.35407 69.3509 -0.523127 -13 974 1 0 1
-0.959108 -0.235902 38.2182 -5.64805 7.42936 74.2599 1.75127 -13 975 1 0 1
-1.12195 -6.7113 38.2182 -1.30375 -11.8382 61.3821 0.480298 -13 977 1 0 1
-1.42636 -0.131823 38.2182 -6.70965 -3.11006 71.3517 -1.32409 -13 979 1 0 1
-4.14478 -0.296681 38.2182 -6.77898 -1.93075 59.6502 -1.2967 -13 980 1 0 1
-0.040053 0.0166053 38.2182 0.0412425 -4.2011 63.1055 -0.571033 -13 981 1 0 1
2.33532 5.01124 38.2182 6.02531 8.2678 64.5624 -0.557397 -13 982 1 0 1
1.79388 -1.61092 38.2182 1.40943 3.88833 73.4785 -0.21553 -13 983 1 0 1
16.7575 -9.17128 38.2182 19.9944 -8.94029 30.4668 1.44647 -13 984 1 0 1
2.84976 2.50033 38.2182 7.86749 6.22782 60.0394 1.00133 -13 985 1 0 1
-2.76574 -2.92162 38.2182 -4.84229 -4.96503 61.4405 -0.186897 -13 986 1 0 1
2.18505 -6.89599 38.2182 5.62675 -16.2034 59.9775 0.559326 -13 987 1 0 1
-4.64556 11.5125 38.2182 -1.68105 9.77169 25.4745 0.141178 -13 988 1 0 1
1.89464 -3.51455 38.2182 3.51891 -6.41278 69.8921 1.18435 -13 989 1 0 1
0.914129 -0.509377 38.2182 0.933839 -7.53779 70.2051 0.396381 -13 990 1 0 1
-3.05096 5.67414 38.2182 -1.88171 6.87365 51.9016 -2.08052 -13 991 1 0 1
-5.16144 3.97439 38.2182 -3.38631 4.78971 42.7039 1.0128 -13 992 1 0 1
1.27965 -3.59562 38.2182 7.11091 -5.4089 50.2772 1.7733 -13 993 1 0 1
8.39194 -16.098 38.2182 14.7753 -20.6888 43.0271 -0.608981 -13 994 1 0 1
4.07152 1.18324 38.2182 9.60214 4.07549 63.9011 -1.67716 -13 995 1 0 1
-1.18736 -1.49592 38.2182 -4.07889 -4.24831 69.0723 0.327542 -13 996 1 0 1
-1.35709 1.2322 38.2182 0.911594 2.58552 48.676 2.55782 -13 997 1 0 1
1.41105 -5.25478 38.2182 5.00088 -5.83986 21.4183 0.746269 -13 998 1 0 1
3.90409 -1.14431 38.2182 9.86421 -1.2847 56.3974 0.110683 -13 999 1 0 1
-1.96787 -2.92002 38.2182 -0.0524754 -5.1394 48.236 -0.397238 -13 1000 1 0 1
