#BLTrackFile NTuple/Z152
#x y z Px Py Pz t PDGid EventID TrackID ParentID Weight
#mm mm mm MeV/c MeV/c MeV/c ns - - - - -
11.8805 -7.1321 151.611 16.5737 -3.20759 77.8668 -0.340372 -13 1 1 0 1
25.3941 -3.32124 151.611 23.9191 -1.88982 75.9285 1.72345 -13 3 1 0 1
4.17559 -7.6556 151.611 11.7209 -3.20959 79.3529 1.16567 -13 4 1 0 1
3.72149 4.25205 151.611 13.4089 1.26552 78.9789 1.29223 -13 5 1 0 1
16.1804 -6.28301 151.611 18.8697 -2.76029 77.7682 0.0428457 -13 6 1 0 1
30.06 -11.6789 151.611 27.58 -5.72016 75.3072 -0.0710317 -13 7 1 0 1
31.6928 16.4359 151.611 29.2391 10.3552 74.4416 0.73784 -13 8 1 0 1
22.6541 -3.755 151.611 23.4227 -1.30656 76.7171 1.50648 -13 10 1 0 1
33.3343 16.287 151.611 28.1646 8.24548 74.6041 0.314564 -13 11 1 0 1
18.4792 -27.2379 151.611 21.7205 -15.3783 76.3843 2.50235 -13 12 1 0 1
36.6419 -15.1759 151.611 30.8514 -7.73398 74.7303 2.31006 -13 15 1 0 1
29.142 19.1012 151.611 27.082 10.7142 75.3657 0.167786 -13 17 1 0 1
19.0193 -18.143 151.611 22.197 -10.3181 76.343 2.20543 -13 18 1 0 1
8.90096 7.12173 151.611 15.3061 4.48287 77.0858 0.939794 -13 19 1 0 1
19.1465 -15.6628 151.611 21.5041 -8.1383 76.6392 3.77131 -13 20 1 0 1
35.7327 -11.7285 151.611 32.0489 -6.06899 72.9124 0.439046 -13 21 1 0 1
29.1357 10.8854 151.611 27.6042 7.30802 76.1883 -0.378432 -13 22 1 0 1
29.0159 4.24688 151.611 28.2831 1.84042 75.8704 1.29004 -13 23 1 0 1
2.69569 20.5015 151.611 13.1683 11.1608 77.9384 1.4989 -13 24 1 0 1
35.7396 23.1999 151.611 30.2834 12.2789 74.3777 0.713666 -13 26 1 0 1
36.4149 -7.87509 151.611 30.2041 -2.40039 73.4844 2.30297 -13 27 1 0 1
23.6914 -10.3727 151.611 25.7953 -7.28402 74.6376 0.276661 -13 29 1 0 1
28.4374 11.6784 151.611 25.873 7.15067 74.7516 1.85344 -13 30 1 0 1
27.1166 4.24328 151.611 24.6818 2.81255 74.7873 0.57075 -13 31 1 0 1
14.104 13.0734 151.611 18.9669 7.29783 77.4685 0.329301 -13 32 1 0 1
14.2626 -1.01939 151.611 18.6229 0.231781 78.5661 0.201903 -13 34 1 0 1
3.95465 -17.988 151.611 12.5302 -9.45239 79.5668 3.01021 -13 35 1 0 1
16.3857 -1.26368 151.611 19.8628 0.666648 77.3687 -0.284149 -13 36 1 0 1
29.0255 -17.8171 151.611 25.6407 -10.2668 76.8344 -0.615871 -13 37 1 0 1
31.9904 -12.2298 151.611 28.5354 -6.98971 74.3523 2.28483 -13 38 1 0 1
30.3282 12.9515 151.611 27.382 6.65742 72.9816 1.59054 -13 40 1 0 1
38.9975 17.5263 151.611 27.4696 15.5659 52.2168 0.690983 -13 41 1 0 1
33.5699 7.96716 151.611 28.5837 3.07793 74.6521 2.09083 -13 42 1 0 1
5.10938 -6.21255 151.611 11.5893 -3.57297 79.097 1.13753 -13 43 1 0 1
35.2838 -9.68701 151.611 29.2958 -4.92852 73.584 1.24257 -13 46 1 0 1
32.4293 13.2415 151.611 28.0412 5.52203 72.3193 1.77062 -13 47 1 0 1
27.9073 17.8265 151.611 25.3769 10.6249 73.5221 1.54066 -13 48 1 0 1
35.1343 -32.6081 151.611 29.4746 -18.7156 72.8841 0.304929 -13 49 1 0 1
25.3391 2.21911 151.611 26.0726 1.98324 75.3879 0.132809 -13 50 1 0 1
28.7785 2.72643 151.611 25.2755 0.39044 74.2145 0.54399 -13 51 1 0 1
29.3991 16.5508 151.611 27.6099 9.16261 75.9953 0.892928 -13 52 1 0 1
32.335 12.9353 151.611 29.5041 6.00595 74.3052 0.812989 -13 54 1 0 1
31.369 -11.3846 151.611 26.8852 -6.42549 73.6139 1.74441 -13 55 1 0 1
23.1011 -0.988806 151.611 23.6723 0.171731 76.0392 0.406651 -13 58 1 0 1
33.681 -23.7505 151.611 28.7407 -12.2268 73.3197 2.79787 -13 59 1 0 1
32.3266 25.4782 151.611 28.7236 13.776 72.4125 1.08927 -13 60 1 0 1
37.32 16.299 151.611 30.8976 8.97859 72.7847 -0.0111889 -13 61 1 0 1
29.2415 0.86293 151.611 26.2806 1.56089 75.2042 0.272808 -13 62 1 0 1
32.5246 -0.621005 151.611 28.625 0.0270639 74.4778 0.952894 -13 64 1 0 1
38.5721 6.49126 151.611 38.0705 2.22093 56.8128 -0.618748 -13 65 1 0 1
23.6345 -11.4012 151.611 23.3284 -6.42742 76.343 1.26795 -13 66 1 0 1
21.3521 33.0403 151.611 24.2199 16.5679 75.4758 -0.151549 -13 68 1 0 1
28.5747 -17.3249 151.611 26.661 -9.33656 74.9214 0.812152 -13 69 1 0 1
20.6844 -15.2434 151.611 20.8571 -10.2748 77.7671 1.04561 -13 70 1 0 1
24.6561 -17.8342 151.611 25.1076 -10.6141 76.2412 -0.652076 -13 71 1 0 1
27.2597 -8.49594 151.611 24.6327 -5.59957 75.0764 -0.0831846 -13 73 1 0 1
28.9438 13.1769 151.611 25.5149 6.36854 74.9495 -2.029 -13 75 1 0 1
23.9822 -0.854253 151.611 24.0878 -1.87511 74.3543 3.20421 -13 77 1 0 1
23.3056 -9.12551 151.611 23.7985 -5.47681 74.7866 0.0602594 -13 78 1 0 1
35.3583 -4.83063 151.611 29.5875 -2.75158 72.9194 2.2737 -13 79 1 0 1
27.3667 -5.06178 151.611 24.9198 -1.84653 75.4552 0.881519 -13 80 1 0 1
29.3672 10.8953 151.611 26.068 7.66171 74.6209 0.91592 -13 81 1 0 1
11.234 -7.52485 151.611 17.4272 -3.55292 77.6414 2.03184 -13 82 1 0 1
24.4242 14.9835 151.611 24.1306 9.1523 76.9255 0.8512 -13 83 1 0 1
24.5738 2.26373 151.611 24.239 0.908285 76.4511 0.96955 -13 84 1 0 1
35.1017 0.322269 151.611 29.4068 -0.270014 76.2812 1.98124 -13 85 1 0 1
31.5736 -15.8672 151.611 27.9048 -10.2546 75.4076 0.659585 -13 86 1 0 1
20.7742 -10.9762 151.611 23.429 -6.56023 76.2487 1.6625 -13 87 1 0 1
19.3232 -11.3464 151.611 21.2788 -6.01095 77.0289 0.431907 -13 88 1 0 1
19.4174 18.4449 151.611 21.5391 9.59183 75.9458 0.662263 -13 90 1 0 1
22.2178 -11.9075 151.611 23.4451 -6.82627 77.5968 1.70864 -13 91 1 0 1
31.2685 11.9784 151.611 28.6625 5.49557 75.9452 1.67086 -13 93 1 0 1
38.381 37.6457 151.611 21.1596 6.03018 65.0548 -0.471041 -13 94 1 0 1
27.395 3.42553 151.611 25.3675 2.25825 75.9341 0.916239 -13 95 1 0 1
32.3824 12.6923 151.611 28.5867 7.7243 74.3473 -0.956492 -13 96 1 0 1
12.8876 3.02726 151.611 18.9059 3.35593 78.1769 -0.209579 -13 97 1 0 1
10.5891 7.87781 151.611 16.6004 5.39405 77.9656 1.28114 -13 98 1 0 1
38.7663 16.5375 151.611 35.2286 23.328 52.1867 1.37475 -13 99 1 0 1
30.2211 1.05353 151.611 26.9842 -0.24112 74.7583 0.561239 -13 104 1 0 1
36.6437 21.2198 151.611 30.975 12.8128 72.9783 -0.587086 -13 105 1 0 1
7.14869 2.73524 151.611 15.0251 1.52311 78.5751 1.11588 -13 106 1 0 1
31.3193 -10.1596 151.611 27.13 -5.43272 74.4502 -0.177978 -13 107 1 0 1
33.2113 9.26297 151.611 28.8681 5.12529 75.096 1.8611 -13 109 1 0 1
16.8289 3.18196 151.611 19.0417 1.99826 77.1332 0.600249 -13 110 1 0 1
22.4289 -10.0101 151.611 21.9682 -4.27256 76.7804 0.567963 -13 111 1 0 1
31.0427 9.93491 151.611 28.181 5.02073 74.3626 1.63254 -13 113 1 0 1
11.106 -8.56925 151.611 16.0788 -4.69916 76.784 1.37522 -13 116 1 0 1
24.2657 -3.9366 151.611 25.1026 -4.15117 75.4404 0.412197 -13 118 1 0 1
33.2419 -1.1797 151.611 28.307 -0.0550306 74.6193 1.36961 -13 119 1 0 1
29.066 14.157 151.611 27.2428 7.73658 74.0147 0.665312 -13 120 1 0 1
34.8176 -16.0207 151.611 29.7934 -6.84129 73.2801 2.39098 -13 121 1 0 1
19.1637 -3.57318 151.611 20.3602 -1.36849 78.1011 1.47274 -13 122 1 0 1
30.9886 -20.9287 151.611 27.5278 -10.793 75.7085 1.61045 -13 123 1 0 1
9.54556 -25.4796 151.611 16.4624 -13.982 76.2952 -0.678454 -13 125 1 0 1
21.6576 -2.66641 151.611 21.1325 -2.94466 76.5566 1.8024 -13 126 1 0 1
32.9135 8.50022 151.611 28.8596 3.59079 74.3707 -0.247514 -13 127 1 0 1
27.2661 -8.12622 151.611 25.8075 -5.58699 75.7929 1.17235 -13 128 1 0 1
37.7785 6.08741 151.611 31.8713 5.51043 68.4167 1.43882 -13 130 1 0 1
33.7663 16.0555 151.611 28.2187 8.22059 72.8182 0.401 -13 131 1 0 1
24.9354 5.62965 151.611 23.7446 2.67206 76.5716 2.13433 -13 132 1 0 1
40.3715 7.45534 151.611 30.3721 1.22785 31.9945 0.884881 -13 136 1 0 1
17.4763 4.64001 151.611 20.7519 2.06554 77.4548 2.32346 -13 137 1 0 1
40.1291 -10.4907 151.611 13.2677 -6.24543 27.8093 1.42011 -13 139 1 0 1
16.117 25.4413 151.611 20.2507 13.7639 75.056 1.12565 -13 140 1 0 1
6.72371 -13.5773 151.611 14.1173 -7.73127 78.0324 -0.0424957 -13 143 1 0 1
26.2715 4.39407 151.611 25.1261 2.28243 75.2535 -0.398145 -13 147 1 0 1
31.1128 -17.1087 151.611 27.3875 -7.75861 75.0959 1.06281 -13 148 1 0 1
35.607 7.25874 151.611 29.9485 4.24571 74.2613 0.631096 -13 150 1 0 1
29.4177 -10.1958 151.611 26.6726 -6.67179 75.1942 0.294181 -13 153 1 0 1
12.4068 -18.5338 151.611 16.3265 -10.1837 77.5121 -1.31317 -13 154 1 0 1
9.20629 -1.56663 151.611 15.7257 -1.34844 78.21 -0.696818 -13 155 1 0 1
17.3729 -0.576145 151.611 20.6347 0.546529 77.5684 0.640703 -13 157 1 0 1
26.7624 7.27787 151.611 23.5615 2.82053 75.8924 2.08882 -13 158 1 0 1
16.5624 1.31788 151.611 20.7553 -0.0893831 77.3132 0.0717553 -13 159 1 0 1
38.1205 14.2535 151.611 26.2037 -0.655919 68.7467 0.1364 -13 162 1 0 1
21.2733 17.1919 151.611 22.1473 10.4525 76.4407 -0.969239 -13 163 1 0 1
14.8903 7.81198 151.611 20.7264 3.55711 77.7143 2.7552 -13 165 1 0 1
-0.622837 -10.9681 151.611 9.96637 -6.19468 79.1372 0.488932 -13 166 1 0 1
41.1485 -16.1234 151.611 4.59826 -2.78578 13.8774 1.34926 -13 167 1 0 1
20.4609 16.0938 151.611 20.1379 9.15367 76.3246 1.84472 -13 168 1 0 1
24.7861 -22.5584 151.611 23.9768 -12.2203 74.4268 0.0705498 -13 170 1 0 1
30.6782 9.41687 151.611 28.1793 4.07794 74.9175 0.316209 -13 172 1 0 1
28.6013 -1.50831 151.611 26.9211 -1.01023 74.5694 0.852899 -13 173 1 0 1
35.28 4.18802 151.611 29.83 0.584394 74.839 0.97027 -13 174 1 0 1
23.5252 5.5398 151.611 25.3054 2.65559 74.7147 1.62765 -13 175 1 0 1
13.0967 -14.9137 151.611 19.4844 -9.07539 78.024 0.488599 -13 176 1 0 1
34.9929 -13.7569 151.611 30.4148 -6.38083 73.4282 0.112236 -13 178 1 0 1
34.3139 -19.5514 151.611 28.749 -11.088 73.2748 -0.0154648 -13 179 1 0 1
32.9613 4.98285 151.611 29.9041 2.2458 73.5051 -0.814054 -13 181 1 0 1
17.3841 1.05334 151.611 21.831 0.861507 76.8964 -0.264314 -13 182 1 0 1
13.8239 -1.58783 151.611 18.7236 -1.88396 76.8588 0.696917 -13 184 1 0 1
19.1124 -6.41 151.611 21.9502 -4.36685 77.2735 -0.0941989 -13 185 1 0 1
30.2363 8.78495 151.611 28.0811 5.16706 73.3134 0.00455086 -13 186 1 0 1
35.1249 -5.89795 151.611 29.4714 -1.45145 75.1294 1.86243 -13 188 1 0 1
10.0791 -9.51484 151.611 14.8664 -5.45466 78.6495 0.90247 -13 189 1 0 1
12.3211 9.38443 151.611 18.2795 5.15705 78.3275 2.58753 -13 191 1 0 1
24.8663 7.79251 151.611 22.732 5.62927 76.9346 1.57675 -13 192 1 0 1
22.9423 -5.91855 151.611 24.2187 -4.49316 74.3991 -0.38814 -13 193 1 0 1
26.8834 13.2889 151.611 25.18 7.95362 75.8118 0.466085 -13 194 1 0 1
38.1863 5.87383 151.611 28.2936 4.18514 64.2858 2.97383 -13 195 1 0 1
28.7023 -18.873 151.611 26.7458 -9.67527 75.1179 -0.214382 -13 197 1 0 1
-3.65351 37.3485 151.611 10.102 18.9365 77.8305 -0.912376 -13 199 1 0 1
39.4467 14.9516 151.611 22.456 4.29502 55.9541 1.36405 -13 200 1 0 1
6.94097 -5.31275 151.611 14.1764 -3.66213 78.9803 1.0178 -13 201 1 0 1
36.1401 -0.612077 151.611 30.6458 -1.14444 74.3408 0.97526 -13 203 1 0 1
35.3375 -10.5976 151.611 31.4461 -7.26614 72.9732 -1.11233 -13 204 1 0 1
39.9926 7.39564 151.611 21.2387 7.51685 42.6259 2.11208 -13 205 1 0 1
-9.1388 3.83301 151.611 3.79793 1.69583 77.998 0.930721 -13 206 1 0 1
2.44852 -21.959 151.611 13.0652 -11.9565 78.0757 -0.384669 -13 207 1 0 1
9.42724 7.24468 151.611 15.7209 4.18282 78.3719 0.414038 -13 208 1 0 1
30.1648 10.4032 151.611 29.2804 5.75239 74.4498 0.625524 -13 209 1 0 1
29.652 16.6589 151.611 28.7086 7.96289 74.2246 1.22572 -13 211 1 0 1
19.5996 36.0606 151.611 20.9275 18.7463 74.336 2.83203 -13 212 1 0 1
9.17618 13.91 151.611 16.5552 7.18775 78.9479 -0.648664 -13 213 1 0 1
27.7366 11.7179 151.611 25.308 5.59205 76.7788 1.75454 -13 214 1 0 1
28.4761 -17.0086 151.611 25.6605 -10.6164 75.2718 2.4723 -13 215 1 0 1
28.9066 -3.06767 151.611 26.4478 -1.71893 75.8378 0.894551 -13 218 1 0 1
20.748 -7.13149 151.611 21.4048 -3.86971 78.4642 0.780065 -13 219 1 0 1
37.5351 11.5504 151.611 31.2852 4.10554 71.306 3.1483 -13 220 1 0 1
36.6086 15.6101 151.611 31.9754 7.39863 74.7311 1.68533 -13 221 1 0 1
20.6438 22.1094 151.611 21.8166 12.1442 76.9158 -0.036908 -13 222 1 0 1
28.1838 -8.31807 151.611 26.1537 -3.40989 75.2444 1.75588 -13 223 1 0 1
24.3937 -4.10637 151.611 24.5062 -1.82999 76.8499 0.278188 -13 224 1 0 1
34.774 -2.03663 151.611 29.8632 -1.43032 74.7261 0.788862 -13 227 1 0 1
28.8211 1.64025 151.611 24.7901 0.697033 74.747 -1.12188 -13 228 1 0 1
16.1358 4.5298 151.611 18.6811 1.30282 76.4025 1.02177 -13 229 1 0 1
6.28896 4.72692 151.611 14.2625 2.23165 78.5779 -0.71419 -13 233 1 0 1
36.203 12.0732 151.611 30.163 6.32415 74.3137 0.167524 -13 234 1 0 1
37.3862 1.574 151.611 29.8437 -1.11906 74.2281 1.07395 -13 235 1 0 1
2.83071 -12.3101 151.611 12.4935 -7.84667 78.1898 2.03646 -13 236 1 0 1
18.5054 -0.842558 151.611 21.1157 -0.63714 76.6498 0.85295 -13 238 1 0 1
14.3179 1.95037 151.611 18.1292 2.41339 77.9444 2.0467 -13 239 1 0 1
39.4233 7.38433 151.611 4.96674 1.90517 29.1469 1.45471 -13 241 1 0 1
14.8405 -5.15077 151.611 19.5066 -3.96594 76.0498 2.59817 -13 242 1 0 1
35.9797 -16.3777 151.611 29.9637 -7.56978 73.5865 0.689582 -13 243 1 0 1
36.7456 2.36514 151.611 29.675 1.19721 74.8729 1.47579 -13 244 1 0 1
32.5269 18.0858 151.611 27.7833 10.6733 73.5938 0.614032 -13 246 1 0 1
35.5942 -11.3527 151.611 29.9926 -4.8355 73.3153 0.474596 -13 247 1 0 1
16.5971 -20.7732 151.611 19.863 -10.9695 76.3815 1.47085 -13 248 1 0 1
37.0299 -9.86253 151.611 30.0874 -5.19968 72.9766 -0.679414 -13 250 1 0 1
21.8364 18.2595 151.611 21.9147 10.6016 74.8997 -0.536572 -13 253 1 0 1
25.2239 3.58184 151.611 23.5386 2.9743 77.0163 0.758555 -13 255 1 0 1
23.7353 4.18842 151.611 24.4489 2.20512 74.6119 -0.148055 -13 256 1 0 1
37.4086 -21.2028 151.611 31.1231 -13.725 71.886 0.524617 -13 257 1 0 1
20.3644 17.3292 151.611 22.9045 8.26539 76.451 -0.38806 -13 259 1 0 1
15.3911 -2.72438 151.611 18.9026 -2.5449 78.5389 0.500395 -13 260 1 0 1
38.2793 11.8562 151.611 29.6573 16.9903 60.8436 -0.312333 -13 261 1 0 1
22.6534 -13.9868 151.611 23.9055 -7.22224 77.1863 2.90337 -13 262 1 0 1
32.4717 -16.7253 151.611 29.113 -8.41205 73.3669 0.587302 -13 264 1 0 1
28.8013 -3.27002 151.611 26.0958 -3.0656 73.7992 0.525085 -13 267 1 0 1
16.2767 4.20156 151.611 18.5458 0.741056 78.347 1.28882 -13 269 1 0 1
26.0967 -10.7276 151.611 25.3565 -6.94215 75.963 2.07318 -13 270 1 0 1
37.6586 -14.3858 151.611 32.6382 0.379225 71.2028 0.00520213 -13 271 1 0 1
36.362 -13.1003 151.611 30.5805 -7.19839 73.9321 2.41264 -13 272 1 0 1
-1.45386 -4.84425 151.611 10.7013 -2.97055 77.8214 3.61106 -13 273 1 0 1
28.8937 1.7361 151.611 26.4282 2.06743 75.585 -1.21565 -13 274 1 0 1
40.0127 -13.6649 151.611 25.1623 -1.05257 43.0137 0.409665 -13 276 1 0 1
4.90036 -5.54727 151.611 13.9283 -3.14942 79.2894 2.35513 -13 278 1 0 1
14.387 -11.9634 151.611 18.4713 -8.46257 77.4986 -1.65924 -13 279 1 0 1
39.7715 18.0774 151.611 35.8296 18.0817 41.4448 -0.0172635 -13 282 1 0 1
25.8388 -8.3126 151.611 25.5293 -5.80729 74.3927 0.457191 -13 284 1 0 1
13.1615 -0.250784 151.611 18.074 0.642674 77.1236 0.310776 -13 285 1 0 1
13.5879 -10.3111 151.611 18.1882 -2.87974 78.3116 -0.650813 -13 286 1 0 1
30.8253 -1.3027 151.611 27.9248 -1.84277 73.4543 -0.7978 -13 287 1 0 1
19.2332 21.4889 151.611 20.5182 11.8374 77.9189 1.27361 -13 289 1 0 1
31.1617 -17.7364 151.611 26.4653 -9.84619 74.1476 1.28025 -13 291 1 0 1
26.8848 11.4107 151.611 24.775 6.60342 75.621 0.550231 -13 292 1 0 1
21.4169 34.6295 151.611 23.5169 19.8127 74.3601 2.87121 -13 293 1 0 1
5.12322 15.8319 151.611 14.3265 8.5782 77.9569 0.521508 -13 296 1 0 1
29.1555 0.451643 151.611 26.342 -0.821294 74.9795 -1.04922 -13 298 1 0 1
21.4815 27.6385 151.611 23.6336 16.469 74.9961 3.53922 -13 299 1 0 1
24.0331 -3.02591 151.611 24.5815 -2.79549 77.4571 0.0235044 -13 301 1 0 1
7.37545 -4.05609 151.611 14.8301 -1.06101 77.6707 1.03231 -13 302 1 0 1
25.5457 15.4742 151.611 24.7345 9.49069 74.5008 0.820142 -13 303 1 0 1
28.3912 19.3522 151.611 25.9724 11.1064 73.9327 1.35186 -13 304 1 0 1
3.09565 8.39592 151.611 13.7596 5.05731 78.3112 1.97323 -13 305 1 0 1
25.889 -6.62077 151.611 25.1259 -4.40228 76.9356 -0.245123 -13 306 1 0 1
32.6912 -34.0882 151.611 28.0019 -19.0627 72.1549 -0.461291 -13 307 1 0 1
17.2068 -15.8837 151.611 19.5594 -8.5514 77.094 0.88714 -13 308 1 0 1
25.0142 7.55477 151.611 24.1867 4.09362 75.0336 -0.0515544 -13 309 1 0 1
20.6741 17.7934 151.611 21.7186 10.0377 76.272 0.640738 -13 312 1 0 1
16.4994 4.39147 151.611 19.3438 2.15062 78.091 1.72408 -13 313 1 0 1
34.2169 0.130657 151.611 28.586 0.214576 74.3009 0.213208 -13 314 1 0 1
36.8233 -41.7194 151.611 31.0644 -20.6901 69.6336 -0.409846 -13 316 1 0 1
30.5401 -32.7858 151.611 27.4701 -17.0817 72.7853 1.57013 -13 317 1 0 1
32.3009 -2.28286 151.611 27.8818 -0.466862 74.5315 -0.615713 -13 318 1 0 1
25.5576 22.7106 151.611 24.0546 13.2802 74.2744 2.81974 -13 319 1 0 1
18.0696 6.50944 151.611 18.4904 4.01784 77.9538 2.64255 -13 322 1 0 1
34.8937 25.1152 151.611 29.7292 12.9702 73.4232 0.119579 -13 324 1 0 1
27.9535 -3.71968 151.611 25.4057 -2.33086 75.7404 0.770357 -13 325 1 0 1
21.1424 -5.28149 151.611 22.1109 -3.18769 75.4983 0.722496 -13 326 1 0 1
18.6686 -23.466 151.611 21.7221 -13.0029 74.2773 0.955815 -13 327 1 0 1
32.0922 -15.6574 151.611 28.749 -10.5574 74.3357 -0.746133 -13 328 1 0 1
26.9156 14.2365 151.611 25.315 8.31436 75.6952 1.86776 -13 329 1 0 1
24.5178 10.6998 151.611 23.5405 3.81567 76.0391 -0.797486 -13 331 1 0 1
29.5271 6.00698 151.611 28.6176 4.57167 74.8377 -0.565485 -13 332 1 0 1
13.9971 1.24673 151.611 18.7954 1.04381 78.3595 1.07712 -13 334 1 0 1
28.104 -23.1668 151.611 26.4256 -12.4554 75.2882 1.10249 -13 335 1 0 1
14.0614 -5.94666 151.611 18.9236 -3.15158 77.1387 -1.69623 -13 337 1 0 1
27.4327 7.25051 151.611 25.6401 4.40312 76.0843 0.962335 -13 340 1 0 1
40.1244 -3.55238 151.611 15.4489 4.75389 29.1509 0.740022 -13 341 1 0 1
24.1777 13.5544 151.611 23.1428 7.87286 75.7694 1.3819 -13 342 1 0 1
36.0171 -5.67029 151.611 30.2116 -2.20676 74.8095 -0.0898974 -13 345 1 0 1
6.01259 -7.47367 151.611 14.0547 -4.13051 77.847 1.31705 -13 346 1 0 1
13.0688 -6.40157 151.611 18.0016 -3.47365 78.4714 -0.102368 -13 347 1 0 1
29.5667 3.04718 151.611 27.604 3.5696 74.5497 0.218373 -13 348 1 0 1
36.8846 13.3029 151.611 30.4879 6.1585 71.3229 1.59683 -13 349 1 0 1
37.8678 -12.3785 151.611 23.6169 -8.47135 69.9815 1.53439 -13 350 1 0 1
16.4767 5.55094 151.611 19.4027 2.42416 77.2688 -0.805385 -13 352 1 0 1
13.4618 1.02887 151.611 18.2181 0.112409 77.5488 0.499835 -13 353 1 0 1
30.6715 18.4987 151.611 27.9735 8.82335 74.2839 1.12171 -13 354 1 0 1
18.0382 11.7023 151.611 19.8066 6.62378 77.3715 0.270723 -13 355 1 0 1
13.9288 -7.23518 151.611 17.8075 -3.88665 79.1498 0.122804 -13 360 1 0 1
37.77 3.43194 151.611 37.3651 3.17959 65.9931 0.640175 -13 361 1 0 1
11.0799 -4.84752 151.611 16.9608 -3.65569 78.2686 -2.06019 -13 362 1 0 1
28.3853 5.16965 151.611 25.2834 3.53568 75.6273 0.443716 -13 363 1 0 1
18.6938 4.8397 151.611 21.3126 3.32061 77.9021 1.27236 -13 368 1 0 1
36.678 13.1443 151.611 30.6073 7.54618 72.6483 -0.34614 -13 369 1 0 1
11.6727 -3.47751 151.611 16.4919 -2.18937 77.5545 1.59761 -13 370 1 0 1
12.7024 0.246629 151.611 18.1466 0.644551 78.6171 3.11205 -13 371 1 0 1
15.3557 -15.6764 151.611 20.392 -10.4771 77.0141 1.52152 -13 372 1 0 1
0.463652 -19.0946 151.611 11.3323 -11.0343 77.952 1.42744 -13 373 1 0 1
13.9661 -7.96117 151.611 17.4843 -3.7904 78.1092 1.37039 -13 374 1 0 1
-0.951874 15.5019 151.611 8.98775 9.30358 79.2386 -0.655976 -13 375 1 0 1
23.9204 -14.5724 151.611 23.3804 -7.76679 75.3965 1.21927 -13 376 1 0 1
28.4025 2.48785 151.611 27.6423 -0.49627 75.9751 2.8802 -13 378 1 0 1
19.3981 -19.8911 151.611 21.3631 -11.8362 76.757 1.38067 -13 379 1 0 1
27.3056 -17.8609 151.611 26.7651 -10.773 74.6621 -0.036888 -13 380 1 0 1
25.2037 7.87957 151.611 25.1179 3.73949 75.0489 2.04149 -13 383 1 0 1
15.5531 -7.35752 151.611 19.3926 -5.19876 77.6974 2.51177 -13 385 1 0 1
39.1003 5.03835 151.611 29.2769 3.94769 57.9588 2.69665 -13 386 1 0 1
21.6435 -18.7442 151.611 22.2477 -10.6324 76.8806 0.872931 -13 387 1 0 1
10.308 5.62349 151.611 17.3625 3.43846 77.2628 -0.0481732 -13 388 1 0 1
36.6158 -2.68992 151.611 30.6714 -0.689251 73.6251 1.7895 -13 389 1 0 1
22.6112 -5.32231 151.611 23.9511 -3.27725 77.8083 1.47874 -13 390 1 0 1
19.4528 -3.08954 151.611 22.2592 -3.39549 76.8572 0.928539 -13 392 1 0 1
28.0868 -13.3333 151.611 28.0341 -6.56171 74.6657 2.18847 -13 393 1 0 1
15.8967 26.338 151.611 19.0195 15.3414 76.9579 -0.899046 -13 395 1 0 1
39.7152 -8.60638 151.611 14.2111 8.8573 39.2069 2.03153 -13 397 1 0 1
20.4894 -13.7795 151.611 21.3595 -6.6664 76.5961 2.79655 -13 399 1 0 1
35.9272 4.96878 151.611 30.1487 4.7483 73.4981 0.734275 -13 400 1 0 1
38.1767 -12.1815 151.611 31.9927 -10.0204 62.3525 0.455544 -13 402 1 0 1
20.6775 -39.8414 151.611 22.4189 -22.4867 75.5886 0.993685 -13 403 1 0 1
30.3981 -19.0768 151.611 27.2834 -11.0723 74.1917 1.97514 -13 404 1 0 1
20.7143 1.57096 151.611 24.184 0.332917 76.4916 -1.85295 -13 405 1 0 1
32.619 -11.6322 151.611 28.3376 -7.32101 73.1911 0.178396 -13 406 1 0 1
38.6714 -4.65762 151.611 -13.2965 -5.36689 36.6168 2.05499 -13 407 1 0 1
38.2385 6.50465 151.611 19.6253 2.03381 69.0529 1.07919 -13 409 1 0 1
18.557 -4.91416 151.611 20.1708 -2.71089 78.3304 -1.82612 -13 410 1 0 1
30.7736 10.909 151.611 28.787 4.15374 74.8234 1.2579 -13 411 1 0 1
20.735 -28.5582 151.611 22.3637 -15.4156 76.3373 2.01518 -13 412 1 0 1
20.5114 12.9208 151.611 20.9487 6.41786 77.8101 0.841751 -13 413 1 0 1
18.4022 6.34198 151.611 21.8995 3.94353 78.2204 1.71568 -13 414 1 0 1
38.2656 9.47824 151.611 24.3882 29.4446 56.5116 1.10316 -13 415 1 0 1
29.8279 -4.38691 151.611 26.5035 -3.09624 74.7343 2.23415 -13 418 1 0 1
24.6413 -18.1116 151.611 23.716 -10.6431 76.2399 0.319791 -13 421 1 0 1
14.6092 1.6801 151.611 19.7806 2.41832 77.4337 0.475482 -13 423 1 0 1
33.4473 15.2263 151.611 30.1155 6.3931 73.7567 1.3541 -13 424 1 0 1
26.74 3.30284 151.611 25.912 2.21748 76.8339 0.677699 -13 425 1 0 1
24.1771 4.27772 151.611 22.7496 3.31773 75.0953 -0.65755 -13 426 1 0 1
23.8759 23.0038 151.611 23.8427 13.3069 74.6571 1.14169 -13 428 1 0 1
32.7933 -18.3062 151.611 29.0947 -10.133 73.3924 0.637902 -13 429 1 0 1
4.20799 30.5254 151.611 12.7949 16.5521 76.1187 -0.942906 -13 430 1 0 1
34.052 -10.2597 151.611 27.9131 -5.54007 73.8131 2.66528 -13 431 1 0 1
33.6426 16.7103 151.611 28.9898 9.67209 74.8975 2.69989 -13 432 1 0 1
32.2746 -14.7714 151.611 27.5379 -9.08144 73.7349 2.14219 -13 433 1 0 1
38.6221 14.661 151.611 30.3987 6.94378 57.0768 0.869843 -13 434 1 0 1
37.0308 -15.2604 151.611 30.1934 -7.38194 72.2972 -1.54776 -13 437 1 0 1
8.37659 -16.1051 151.611 16.6492 -8.5666 78.401 2.65946 -13 438 1 0 1
14.2553 -4.01595 151.611 17.9926 -2.29832 76.9905 2.10167 -13 441 1 0 1
32.9149 -19.1947 151.611 28.7823 -8.54215 74.7164 0.604115 -13 442 1 0 1
27.2946 4.69233 151.611 26.2686 4.28702 75.7012 1.75719 -13 443 1 0 1
28.9595 -12.6501 151.611 26.3952 -5.56038 76.0468 -0.82089 -13 446 1 0 1
22.5256 12.9599 151.611 23.0053 7.78656 77.2519 -1.27354 -13 448 1 0 1
34.8151 4.35607 151.611 30.3003 1.71158 73.4509 0.528724 -13 449 1 0 1
38.5304 4.86714 151.611 20.5038 -3.49564 64.7774 0.830345 -13 451 1 0 1
36.4043 -12.7791 151.611 30.7868 -7.15881 75.237 1.82884 -13 452 1 0 1
34.7158 -10.4293 151.611 30.5235 -5.27286 75.2738 0.386157 -13 453 1 0 1
30.6717 12.7632 151.611 28.8465 6.19014 75.4282 2.05425 -13 454 1 0 1
37.8657 28.739 151.611 29.4778 23.5032 65.3686 0.119883 -13 456 1 0 1
25.4149 14.2721 151.611 25.6429 8.58854 75.5459 1.5139 -13 457 1 0 1
30.7625 3.27607 151.611 27.0196 2.42949 74.0483 0.581388 -13 460 1 0 1
11.8035 10.7263 151.611 17.5835 6.6578 79.039 1.06223 -13 461 1 0 1
28.8174 1.14189 151.611 26.6949 0.845187 75.8072 0.438772 -13 462 1 0 1
33.0605 -13.582 151.611 28.5352 -6.93473 74.922 2.21683 -13 463 1 0 1
35.7681 22.06 151.611 30.0913 11.5464 72.7231 0.59502 -13 464 1 0 1
32.0496 -16.7565 151.611 28.8943 -8.99489 72.4811 -0.135213 -13 465 1 0 1
39.156 18.8658 151.611 21.8263 19.2967 53.6072 1.07851 -13 466 1 0 1
24.7875 7.93436 151.611 26.4513 4.42574 76.6508 0.532223 -13 467 1 0 1
37.8757 -16.4049 151.611 34.14 -9.7692 66.3778 -0.0936874 -13 468 1 0 1
27.9242 27.6555 151.611 26.6058 14.0059 72.9503 1.18757 -13 469 1 0 1
35.1431 12.5303 151.611 30.8944 6.20921 73.7874 1.91868 -13 471 1 0 1
20.3242 -7.25336 151.611 23.0198 -4.07268 77.3047 0.0989095 -13 473 1 0 1
29.5449 21.5008 151.611 26.6248 11.9861 75.432 2.32788 -13 475 1 0 1
10.8573 5.70402 151.611 17.1189 3.62107 78.009 0.721532 -13 476 1 0 1
38.6859 17.2138 151.611 16.8375 7.98516 63.1057 -0.531168 -13 477 1 0 1
27.473 -19.0639 151.611 25.4684 -9.46526 73.2098 -1.02638 -13 478 1 0 1
35.2046 0.517881 151.611 31.8786 0.663924 74.6192 1.27515 -13 481 1 0 1
34.5867 3.90024 151.611 30.7569 0.664166 74.8975 1.11341 -13 482 1 0 1
8.408 20.173 151.611 15.249 10.4926 77.0887 1.54559 -13 483 1 0 1
12.7976 0.52832 151.611 17.5262 -0.291256 77.4646 -0.516726 -13 484 1 0 1
3.73963 -14.9718 151.611 13.5436 -8.85745 77.9507 2.5889 -13 485 1 0 1
3.9061 -25.6474 151.611 13.5532 -14.0113 77.7504 -0.142365 -13 488 1 0 1
20.2634 -30.4626 151.611 22.2642 -16.9563 74.7092 -1.04159 -13 490 1 0 1
34.1934 2.14624 151.611 28.91 -0.173783 74.8824 1.6365 -13 491 1 0 1
24.869 -10.4417 151.611 24.587 -4.23235 75.3446 1.94016 -13 492 1 0 1
15.0196 -9.55564 151.611 19.8086 -5.41205 78.2396 1.76411 -13 493 1 0 1
35.0795 0.729175 151.611 31.1847 -0.10099 73.6521 0.808582 -13 494 1 0 1
32.0102 -10.9389 151.611 29.8618 -7.22403 74.4039 -1.97395 -13 495 1 0 1
25.4877 9.74237 151.611 24.5118 5.26516 74.7176 1.04269 -13 497 1 0 1
17.1165 12.3422 151.611 19.9984 6.83717 77.0664 0.340429 -13 498 1 0 1
39.8149 15.8599 151.611 26.5004 11.3303 42.1153 -0.0611943 -13 499 1 0 1
32.375 8.53429 151.611 27.0172 3.86285 75.6066 0.490846 -13 501 1 0 1
10.9327 9.72946 151.611 16.6092 4.36432 77.5429 -0.409038 -13 502 1 0 1
20.9456 -23.6709 151.611 22.2057 -11.165 76.0028 -0.850977 -13 503 1 0 1
34.4339 1.77996 151.611 29.0503 1.48408 73.7981 1.07168 -13 504 1 0 1
13.0098 -5.22482 151.611 16.4761 -3.40063 77.908 2.04068 -13 506 1 0 1
38.0391 -10.8136 151.611 33.6173 3.74582 64.7579 1.74799 -13 508 1 0 1
24.8901 -5.20952 151.611 25.0045 -3.06733 76.5058 1.89715 -13 510 1 0 1
6.22972 -4.19253 151.611 13.7467 -1.63058 79.4341 2.79993 -13 511 1 0 1
27.5432 1.27497 151.611 25.9184 0.797913 74.2993 0.344503 -13 512 1 0 1
27.1075 6.63843 151.611 26.3176 3.64346 76.3131 -2.75207 -13 514 1 0 1
24.7554 -11.8492 151.611 24.0282 -5.99674 75.6386 -0.695097 -13 515 1 0 1
28.9489 -7.79308 151.611 27.03 -3.7175 76.4256 1.55357 -13 518 1 0 1
9.91216 2.81405 151.611 14.7631 1.08977 77.8673 0.67449 -13 519 1 0 1
35.1806 -20.1582 151.611 30.3845 -11.607 73.9097 3.27035 -13 520 1 0 1
21.2828 -19.7372 151.611 22.4839 -10.2122 77.5978 -0.7368 -13 521 1 0 1
30.6313 9.56318 151.611 25.9968 4.91558 76.2748 1.66553 -13 522 1 0 1
18.7042 11.4443 151.611 20.923 5.45162 77.3871 1.60191 -13 523 1 0 1
23.9381 2.20302 151.611 24.4123 3.17482 76.6066 1.45069 -13 524 1 0 1
13.6592 5.21259 151.611 17.4892 4.05305 76.9479 0.782433 -13 526 1 0 1
21.0803 -2.6216 151.611 22.6503 -1.20785 75.5305 1.75232 -13 527 1 0 1
26.4924 0.257256 151.611 25.9017 0.239146 75.7119 3.39893 -13 528 1 0 1
36.8129 2.59361 151.611 30.5562 1.30949 73.8402 0.140435 -13 530 1 0 1
30.8869 -12.9766 151.611 28.1759 -6.27137 74.5082 1.72148 -13 531 1 0 1
13.2046 6.33463 151.611 19.1247 4.29345 78.7343 2.34583 -13 532 1 0 1
25.4659 -14.6818 151.611 24.2829 -9.15337 76.1649 1.75574 -13 539 1 0 1
35.5951 13.9726 151.611 29.36 8.00243 73.9465 1.69906 -13 541 1 0 1
39.5261 -14.3007 151.611 26.8975 -9.26482 53.4942 0.233323 -13 543 1 0 1
22.0737 -42.4393 151.611 22.8716 -22.9279 74.5042 1.90014 -13 545 1 0 1
39.8089 22.9316 151.611 19.5428 14.008 36.9008 0.0333169 -13 547 1 0 1
6.44214 19.357 151.611 14.155 11.2159 78.0275 -1.77178 -13 550 1 0 1
22.3557 2.38249 151.611 25.1322 -0.122941 74.9861 3.62806 -13 552 1 0 1
27.6747 -4.24018 151.611 26.4262 -2.72442 76.1754 0.943183 -13 553 1 0 1
9.44766 -8.65103 151.611 15.8257 -5.27359 77.2713 -0.288114 -13 554 1 0 1
26.0653 18.6118 151.611 25.2659 9.41693 74.2196 1.2181 -13 556 1 0 1
25.3338 -10.0792 151.611 24.7716 -6.17308 75.9823 -1.88545 -13 558 1 0 1
20.9187 4.46244 151.611 23.1289 2.71647 75.4595 -0.730374 -13 560 1 0 1
18.9258 16.1394 151.611 22.6883 7.61724 75.2198 1.45722 -13 561 1 0 1
7.16984 8.39662 151.611 14.2608 3.68511 77.3516 1.8267 -13 562 1 0 1
15.8052 5.79867 151.611 20.302 3.68318 77.1571 1.9681 -13 565 1 0 1
15.7938 -3.18716 151.611 18.5506 -2.07683 76.9747 1.46936 -13 566 1 0 1
32.9981 1.01999 151.611 29.0972 0.840377 74.0113 0.913367 -13 567 1 0 1
20.8165 14.0637 151.611 21.9472 8.08217 77.3094 0.90157 -13 568 1 0 1
37.3731 -12.1834 151.611 30.0009 -7.43897 74.5401 0.598791 -13 572 1 0 1
7.14492 -2.67524 151.611 14.5925 -2.8758 78.8979 2.65453 -13 573 1 0 1
12.0502 40.297 151.611 18.3219 22.184 74.8594 -0.232099 -13 574 1 0 1
25.6456 -0.668611 151.611 24.3143 -0.362857 75.9642 0.909497 -13 575 1 0 1
28.4204 -3.18221 151.611 25.9539 -3.28215 75.3016 -0.164535 -13 576 1 0 1
30.074 -13.0904 151.611 26.7936 -5.1492 74.2298 -1.24091 -13 577 1 0 1
23.9207 19.6303 151.611 23.4016 10.7954 76.571 2.67003 -13 578 1 0 1
8.61568 15.2314 151.611 15.3997 9.20755 76.8413 2.19811 -13 580 1 0 1
36.9328 11.4244 151.611 30.8699 5.11263 73.3096 0.805854 -13 581 1 0 1
35.0365 -12.7883 151.611 29.0476 -7.04636 73.5095 0.304022 -13 583 1 0 1
34.04 0.00812953 151.611 28.8145 -1.08297 73.3621 -0.0220229 -13 584 1 0 1
34.4505 -5.52255 151.611 28.8627 -3.47784 74.8245 2.91832 -13 586 1 0 1
21.2737 28.7608 151.611 21.7237 16.2452 75.201 1.10637 -13 587 1 0 1
30.9268 4.58961 151.611 27.1911 1.98908 75.346 -0.51275 -13 589 1 0 1
9.62558 -27.0333 151.611 15.689 -15.7597 77.6911 -0.132878 -13 590 1 0 1
12.4828 -0.667147 151.611 16.471 0.445899 78.6303 3.30801 -13 591 1 0 1
27.8489 -6.36192 151.611 26.0794 -3.95147 77.3801 -1.89083 -13 592 1 0 1
22.6607 13.4454 151.611 23.7831 5.70506 77.3224 2.65722 -13 593 1 0 1
9.01815 9.85064 151.611 15.6054 4.49053 76.1838 0.966636 -13 594 1 0 1
1.10515 -4.13514 151.611 9.67388 -2.46123 79.2168 0.655932 -13 597 1 0 1
30.5755 -19.4433 151.611 26.0439 -10.7858 76.4896 -0.970427 -13 598 1 0 1
16.911 5.45743 151.611 21.3176 3.28545 76.5722 -0.871892 -13 599 1 0 1
29.3603 -19.5822 151.611 27.9864 -10.3381 75.199 1.27229 -13 600 1 0 1
38.9015 -17.6788 151.611 21.4351 -2.76528 56.3153 1.93862 -13 601 1 0 1
28.7243 -10.4919 151.611 26.7321 -5.35193 75.4405 1.37376 -13 602 1 0 1
1.25965 -7.32568 151.611 11.2145 -3.91094 78.6683 -0.53282 -13 603 1 0 1
34.8221 16.1177 151.611 31.1344 7.62657 74.1106 0.87964 -13 604 1 0 1
35.9372 -40.3323 151.611 30.5599 -19.7735 71.5989 0.829208 -13 605 1 0 1
-0.943443 10.6031 151.611 9.54934 7.56167 79.5719 0.896983 -13 609 1 0 1
21.2375 8.9702 151.611 22.241 6.82618 76.3738 -0.919982 -13 610 1 0 1
26.8895 0.82976 151.611 26.2147 -0.666754 75.3468 1.65349 -13 611 1 0 1
25.1362 -2.92908 151.611 24.9594 -2.64281 76.6533 0.448254 -13 614 1 0 1
22.8108 -9.70847 151.611 23.0605 -6.71823 78.4899 1.5692 -13 615 1 0 1
31.5637 -5.22066 151.611 27.9284 -2.11638 74.9602 0.0714827 -13 617 1 0 1
30.1916 47.9872 151.611 27.5119 24.2824 70.3128 -0.223196 -13 618 1 0 1
22.4425 6.64934 151.611 21.864 3.43037 77.025 -1.43907 -13 620 1 0 1
38.6518 -15.1565 151.611 6.50716 -2.56248 59.0838 1.46321 -13 621 1 0 1
34.2934 -10.1578 151.611 30.1228 -4.78535 74.6262 1.12048 -13 622 1 0 1
30.2436 -1.20637 151.611 27.9393 0.642075 75.7734 0.466825 -13 623 1 0 1
32.8176 -1.00711 151.611 28.9674 -1.18689 75.1711 0.475843 -13 624 1 0 1
16.0908 10.1196 151.611 20.127 4.15413 76.7907 -0.0886922 -13 625 1 0 1
37.0734 5.7594 151.611 30.1065 2.21825 74.1125 3.24095 -13 626 1 0 1
14.8692 16.2343 151.611 18.0293 10.5921 77.8614 1.35026 -13 627 1 0 1
26.8655 -8.01935 151.611 25.3217 -3.92044 77.404 0.913602 -13 628 1 0 1
20.1623 23.2249 151.611 22.4905 13.1471 77.2841 0.960896 -13 629 1 0 1
18.3623 13.1604 151.611 20.9695 7.70783 76.3223 1.43252 -13 630 1 0 1
27.5453 1.75111 151.611 26.838 1.26817 76.7681 0.10646 -13 631 1 0 1
34.734 -6.57652 151.611 29.2495 -3.28247 74.2358 -0.722406 -13 632 1 0 1
2.63224 25.0514 151.611 12.884 13.8351 77.6336 0.645564 -13 634 1 0 1
15.7812 20.3826 151.611 18.9164 12.1294 76.9645 -1.32607 -13 636 1 0 1
38.5189 -16.2321 151.611 6.04805 -20.8729 43.9542 -0.516455 -13 641 1 0 1
31.5644 -23.4603 151.611 28.4939 -11.5321 73.6783 0.746249 -13 642 1 0 1
22.1954 -24.0253 151.611 22.5568 -12.8711 75.7329 0.404316 -13 643 1 0 1
28.3926 -24.5648 151.611 27.0126 -13.2803 74.205 3.01282 -13 644 1 0 1
39.5694 -17.3253 151.611 30.7342 -9.82487 44.1642 1.78475 -13 645 1 0 1
13.112 3.6048 151.611 17.1587 1.76071 77.4363 2.12071 -13 646 1 0 1
-1.28161 -2.53048 151.611 8.65309 -0.783865 78.6458 -0.725186 -13 647 1 0 1
21.7706 -24.4877 151.611 24.5933 -13.395 75.8802 2.7218 -13 648 1 0 1
26.0112 10.6345 151.611 24.9728 5.98253 75.8355 0.654126 -13 649 1 0 1
30.3339 -13.5764 151.611 26.3972 -6.37629 74.9041 1.73408 -13 650 1 0 1
35.0411 -13.111 151.611 29.3534 -7.15363 73.275 1.77201 -13 652 1 0 1
35.5603 -14.6126 151.611 29.3237 -6.70219 72.7591 1.40195 -13 653 1 0 1
27.0798 -16.7958 151.611 26.4946 -9.19247 72.7854 0.884224 -13 655 1 0 1
6.87664 29.4436 151.611 14.7038 16.5126 75.5117 0.648417 -13 656 1 0 1
34.1708 -14.6086 151.611 29.1646 -6.30319 73.1359 1.3667 -13 657 1 0 1
17.8183 -22.7769 151.611 20.0801 -10.8374 75.1555 2.98171 -13 659 1 0 1
39.0719 -5.67188 151.611 22.682 4.9792 55.4089 -0.738614 -13 660 1 0 1
22.0632 -9.22314 151.611 21.5019 -6.29479 75.5427 2.38779 -13 661 1 0 1
27.9668 -8.13546 151.611 25.0084 -3.85112 74.0514 2.49127 -13 664 1 0 1
22.3163 -8.21209 151.611 22.0662 -4.95771 77.1823 1.04593 -13 665 1 0 1
28.5007 4.51829 151.611 26.6046 2.99229 75.4078 1.71233 -13 666 1 0 1
23.7274 -0.349457 151.611 23.7435 0.0881813 74.9644 -1.41853 -13 667 1 0 1
34.3786 -24.2581 151.611 29.6289 -12.6389 74.5411 2.13261 -13 669 1 0 1
23.4214 7.44483 151.611 23.0771 4.38583 77.0896 0.765857 -13 670 1 0 1
29.1357 -9.8114 151.611 26.9016 -4.93701 74.7349 1.22069 -13 671 1 0 1
33.4225 28.1575 151.611 29.4399 13.8353 73.3453 1.08399 -13 673 1 0 1
22.5591 -31.2409 151.611 23.6581 -16.9085 74.6785 3.91942 -13 675 1 0 1
34.2566 24.9408 151.611 28.9795 14.9617 74.2024 2.30916 -13 678 1 0 1
16.0432 22.0157 151.611 19.5091 12.0356 76.6426 0.750673 -13 679 1 0 1
27.7039 6.28323 151.611 26.8341 2.53165 76.1847 -0.16485 -13 680 1 0 1
18.5902 -8.42517 151.611 20.3917 -6.49285 77.0327 -2.49015 -13 681 1 0 1
28.4828 -2.69862 151.611 27.8321 -4.34082 74.3789 0.688731 -13 682 1 0 1
39.2518 -10.1329 151.611 21.0987 -19.9625 48.6705 0.54667 -13 684 1 0 1
31.4297 19.2369 151.611 27.6608 10.2166 75.0162 1.1721 -13 686 1 0 1
29.7231 2.88366 151.611 27.5891 2.33546 73.9904 2.41763 -13 687 1 0 1
28.0564 -17.4845 151.611 25.8685 -9.94563 74.1973 0.73176 -13 688 1 0 1
19.3324 11.0999 151.611 23.0624 6.39047 76.6611 0.282873 -13 689 1 0 1
33.5 -19.5793 151.611 29.2321 -10.8662 73.1469 1.7582 -13 690 1 0 1
37.8839 0.195697 151.611 1.62059 0.0630706 65.0304 2.5793 -13 693 1 0 1
33.6651 -16.5308 151.611 28.6329 -7.26544 73.0678 3.13881 -13 694 1 0 1
39.4658 -1.4424 151.611 23.772 2.79514 43.2076 1.12202 -13 696 1 0 1
21.4687 -2.8154 151.611 21.5807 -0.843242 75.4218 1.2984 -13 697 1 0 1
32.1213 -8.32103 151.611 27.5013 -4.33113 75.0427 2.16726 -13 700 1 0 1
11.8592 9.93375 151.611 15.8953 4.91806 78.4905 -1.45853 -13 703 1 0 1
37.1915 -1.6299 151.611 31.3838 0.229601 73.0834 0.291763 -13 704 1 0 1
38.8564 -3.43677 151.611 8.64023 -6.04591 54.1055 2.18099 -13 705 1 0 1
21.7799 1.94081 151.611 23.7648 1.04374 76.9382 -0.860361 -13 706 1 0 1
31.5533 14.7413 151.611 27.2501 9.29057 74.3862 4.09963 -13 707 1 0 1
13.383 -8.76665 151.611 18.5756 -4.70891 77.1026 1.25902 -13 708 1 0 1
28.6363 0.204423 151.611 26.4576 -0.678333 75.5019 0.846864 -13 709 1 0 1
35.5055 2.01549 151.611 31.0662 -0.332618 73.1167 -0.224115 -13 710 1 0 1
29.4683 -17.8359 151.611 26.247 -8.99109 73.9777 2.1704 -13 712 1 0 1
21.9098 -18.0737 151.611 21.3671 -10.564 77.5982 0.777705 -13 713 1 0 1
23.9372 4.52512 151.611 23.3088 3.12613 76.2743 -0.306162 -13 715 1 0 1
32.5315 12.1751 151.611 29.4363 6.20494 73.9257 1.97293 -13 716 1 0 1
34.0563 2.05122 151.611 29.8274 0.790465 73.3454 2.55088 -13 717 1 0 1
10.1092 -0.175346 151.611 15.7729 -0.796506 78.9233 1.699 -13 718 1 0 1
36.451 7.14053 151.611 29.9165 4.60109 74.1722 0.684463 -13 719 1 0 1
11.4135 8.24014 151.611 17.1089 4.57199 77.2704 2.84397 -13 720 1 0 1
39.5049 -18.6966 151.611 31.1214 -1.03028 42.749 0.714328 -13 721 1 0 1
29.8569 -16.3654 151.611 26.9225 -7.46242 73.7272 -0.430949 -13 723 1 0 1
31.8452 13.9117 151.611 28.617 6.54036 74.5787 0.482181 -13 725 1 0 1
33.8283 -11.4747 151.611 28.0039 -5.70438 74.9364 -1.04011 -13 729 1 0 1
5.34447 -5.72512 151.611 15.3402 -1.989 78.1611 0.499025 -13 730 1 0 1
12.8947 -17.258 151.611 17.6225 -8.85983 78.0138 -0.478725 -13 731 1 0 1
10.3049 20.221 151.611 16.6036 10.4484 78.8603 2.766 -13 732 1 0 1
26.0847 -4.18236 151.611 25.6086 -3.09919 74.3581 0.323768 -13 733 1 0 1
25.9167 -5.83211 151.611 24.6254 -5.98189 76.1049 3.01979 -13 734 1 0 1
22.1361 9.79538 151.611 23.5359 4.89948 77.3945 2.8156 -13 737 1 0 1
37.3672 18.042 151.611 30.6739 9.81638 71.4849 2.31516 -13 738 1 0 1
37.8673 -13.4517 151.611 31.2218 2.7951 69.1498 -0.37859 -13 739 1 0 1
21.3588 2.11847 151.611 21.7784 1.00309 76.9996 1.54247 -13 740 1 0 1
11.2951 -7.48922 151.611 17.8673 -3.68796 77.7843 -1.5068 -13 742 1 0 1
30.5027 3.44588 151.611 27.1675 2.51141 76.3822 2.09491 -13 743 1 0 1
21.0684 5.40587 151.611 23.0957 1.93744 76.3381 1.00785 -13 744 1 0 1
27.736 -1.10995 151.611 25.6761 -0.579797 76.0318 -1.05535 -13 746 1 0 1
30.6797 -6.54968 151.611 27.3602 -3.35309 75.5884 0.943568 -13 747 1 0 1
10.2771 21.1025 151.611 18.0117 11.9564 76.6246 -1.07488 -13 748 1 0 1
37.2536 -6.42783 151.611 29.9276 -3.47102 73.5436 1.90966 -13 749 1 0 1
27.9558 1.76751 151.611 26.485 -1.28796 76.4197 1.46267 -13 750 1 0 1
35.1436 10.0608 151.611 30.757 5.83806 74.2768 0.765834 -13 751 1 0 1
22.0414 16.8354 151.611 22.9261 10.0594 76.7878 0.27304 -13 752 1 0 1
34.6486 -5.79674 151.611 29.8875 -4.12241 74.6889 -0.271588 -13 753 1 0 1
13.2012 4.57049 151.611 17.9149 3.10266 79.1709 1.05896 -13 754 1 0 1
29.8885 0.0446911 151.611 26.0985 -0.384011 75.6528 -0.658588 -13 755 1 0 1
21.201 -24.1194 151.611 23.5755 -14.5278 76.3042 1.10262 -13 758 1 0 1
39.8441 8.74965 151.611 8.54505 1.55083 32.2264 -0.23237 -13 762 1 0 1
39.0874 2.06359 151.611 15.9026 -2.18508 42.9805 -1.80804 -13 764 1 0 1
17.4758 -4.47326 151.611 20.9576 -2.87674 78.4343 0.188869 -13 765 1 0 1
39.3119 -7.42497 151.611 28.2173 9.75054 49.3821 0.32712 -13 767 1 0 1
28.0433 3.14229 151.611 27.286 0.342709 74.5178 0.831636 -13 769 1 0 1
25.4784 -21.8094 151.611 24.7387 -14.0996 76.5421 -0.282793 -13 770 1 0 1
25.4629 -7.84209 151.611 26.2445 -4.72773 75.477 0.0224152 -13 771 1 0 1
17.2729 -8.12834 151.611 20.9859 -4.77659 76.4122 0.561029 -13 772 1 0 1
16.3301 4.72223 151.611 20.531 3.41734 78.0988 1.67779 -13 774 1 0 1
26.0214 -15.5913 151.611 24.6598 -8.79769 74.7825 0.736439 -13 777 1 0 1
7.63935 -9.03371 151.611 14.8744 -4.96698 78.8818 2.43197 -13 779 1 0 1
27.8195 -0.749073 151.611 26.0136 -1.16167 76.0196 0.642848 -13 781 1 0 1
13.4885 -4.50389 151.611 18.1865 -2.34013 76.6357 1.25822 -13 782 1 0 1
4.77943 -32.4586 151.611 13.9459 -18.596 77.4877 -0.116989 -13 784 1 0 1
17.3154 -9.58781 151.611 19.1094 -7.08695 77.9664 0.556143 -13 785 1 0 1
5.11407 36.0209 151.611 15.3121 18.0678 73.7963 0.999801 -13 786 1 0 1
5.93639 -14.9342 151.611 14.316 -8.64536 77.2361 -0.185374 -13 788 1 0 1
38.4802 -22.6541 151.611 17.7669 -14.8283 50.7354 -0.639249 -13 791 1 0 1
21.2644 -5.16566 151.611 22.6332 -2.61606 77.6137 2.93649 -13 792 1 0 1
22.8352 8.4429 151.611 23.491 5.24688 77.8676 1.03312 -13 794 1 0 1
19.2142 -24.2974 151.611 21.9424 -13.0911 75.2925 -1.65886 -13 795 1 0 1
27.0312 2.53828 151.611 26.4329 1.1414 76.2765 0.637316 -13 796 1 0 1
23.4592 23.2223 151.611 25.2197 11.4259 75.9826 -0.104736 -13 797 1 0 1
23.5868 29.5858 151.611 22.9236 15.8425 75.048 2.77486 -13 798 1 0 1
29.3242 5.84651 151.611 27.0561 2.7671 75.9578 1.65923 -13 799 1 0 1
3.58664 21.0867 151.611 13.3176 12.4787 77.7335 1.93669 -13 800 1 0 1
37.0607 15.895 151.611 31.3587 6.84952 75.8183 2.98692 -13 801 1 0 1
26.2129 -9.40008 151.611 24.8452 -5.79684 74.9554 -0.521143 -13 802 1 0 1
32.6245 4.07999 151.611 27.2958 3.70613 74.5916 -0.912185 -13 803 1 0 1
24.0235 -10.574 151.611 24.3336 -5.0382 77.5969 1.1364 -13 807 1 0 1
7.47425 11.8159 151.611 16.7082 6.6048 77.9848 2.07763 -13 808 1 0 1
23.7219 -4.20344 151.611 23.998 -2.30132 76.8106 0.191938 -13 809 1 0 1
23.59 -5.72726 151.611 22.7484 -3.74333 77.1828 0.085054 -13 810 1 0 1
34.0363 -0.747724 151.611 29.363 0.210282 75.9511 0.544589 -13 811 1 0 1
35.4266 -6.71236 151.611 29.8886 -2.34969 73.3002 1.47557 -13 814 1 0 1
28.9242 -9.10913 151.611 25.2594 -4.75868 75.3875 2.25817 -13 816 1 0 1
26.8177 -12.3727 151.611 25.9611 -7.30251 73.3929 0.625708 -13 820 1 0 1
34.1304 11.6845 151.611 30.2225 7.19057 73.8235 -1.00628 -13 821 1 0 1
11.2262 7.06432 151.611 14.7901 2.55787 80.0993 1.37251 -13 822 1 0 1
34.303 -14.388 151.611 30.1419 -8.17778 74.0627 0.655861 -13 823 1 0 1
20.6849 -17.2579 151.611 24.6369 -9.13122 76.6319 0.68926 -13 824 1 0 1
40.7787 -5.72948 151.611 6.41145 0.606246 12.1899 1.04199 -13 825 1 0 1
30.3754 14.7851 151.611 27.1541 8.79927 74.9917 -0.641147 -13 826 1 0 1
31.935 -0.720556 151.611 28.5342 -1.2879 75.6194 -1.71595 -13 828 1 0 1
26.6223 -1.71388 151.611 25.4657 -1.34445 75.7849 0.576644 -13 830 1 0 1
36.5616 -12.3613 151.611 30.1745 -7.02775 73.0245 2.74533 -13 831 1 0 1
17.7195 -17.1173 151.611 21.2164 -9.64085 76.3896 1.08722 -13 832 1 0 1
29.2102 -14.6982 151.611 26.8046 -7.95681 74.7264 1.11672 -13 833 1 0 1
31.6089 -14.819 151.611 28.526 -7.01813 75.0642 0.509664 -13 834 1 0 1
22.7989 -26.8036 151.611 21.8333 -14.4908 74.5696 -0.172937 -13 835 1 0 1
39.6706 12.3421 151.611 24.2467 -7.45075 46.1575 -0.557637 -13 838 1 0 1
37.2552 8.78589 151.611 30.9946 4.26734 73.4592 3.17712 -13 840 1 0 1
25.1224 9.56794 151.611 25.0082 4.15392 75.9045 -1.09567 -13 841 1 0 1
27.9568 -10.9133 151.611 25.3695 -5.36503 75.631 -0.219136 -13 842 1 0 1
19.828 -30.3314 151.611 20.9354 -17.6713 75.4042 1.25076 -13 843 1 0 1
39.7909 -22.1658 151.611 32.2229 -32.3097 31.2523 1.15982 -13 846 1 0 1
35.7681 -17.4567 151.611 30.932 -7.34117 74.4777 -0.430259 -13 847 1 0 1
16.5399 -4.04286 151.611 20.3382 -3.13464 76.1109 -0.0799953 -13 848 1 0 1
18.7678 2.20181 151.611 21.7406 1.77536 76.2258 -1.2812 -13 849 1 0 1
17.2628 17.2593 151.611 20.7682 8.39812 75.763 0.261508 -13 851 1 0 1
34.1714 -7.32179 151.611 29.706 -3.68604 74.8209 1.82898 -13 853 1 0 1
28.3427 -3.74384 151.611 25.4523 -3.3077 74.997 -0.0668219 -13 854 1 0 1
11.7143 11.9194 151.611 17.5146 6.55457 77.7202 0.8502 -13 855 1 0 1
20.0632 -3.0433 151.611 22.1356 -3.5914 76.972 1.05278 -13 856 1 0 1
27.4823 -13.1032 151.611 26.007 -5.39658 75.9947 -0.127148 -13 857 1 0 1
-0.38053 3.11623 151.611 10.3711 1.40369 79.6243 -1.67412 -13 858 1 0 1
14.5329 2.64678 151.611 19.9461 2.16188 78.3077 2.30204 -13 859 1 0 1
20.6952 19.5713 151.611 22.1393 10.6189 76.581 2.0694 -13 860 1 0 1
27.6471 -16.3485 151.611 25.1651 -9.04105 76.7691 -1.06422 -13 861 1 0 1
37.9465 7.57941 151.611 27.5971 4.25303 67.9461 0.680147 -13 862 1 0 1
12.7203 -13.4914 151.611 18.1194 -6.80713 76.9528 0.93033 -13 863 1 0 1
27.7743 -1.14537 151.611 26.2898 -0.213944 75.7595 0.132109 -13 864 1 0 1
31.779 7.79078 151.611 28.4532 4.97832 73.85 2.52486 -13 865 1 0 1
36.942 7.97872 151.611 29.7789 3.51082 73.9205 0.119488 -13 867 1 0 1
21.1493 2.1925 151.611 20.8846 0.455209 76.555 -0.871471 -13 868 1 0 1
9.93625 -34.3291 151.611 16.985 -18.3014 76.1485 0.0639993 -13 869 1 0 1
32.316 -7.73831 151.611 28.517 -4.60978 75.7896 -0.442122 -13 871 1 0 1
25.8575 -10.1167 151.611 24.982 -4.92252 76.986 -0.382943 -13 872 1 0 1
40.2582 4.28256 151.611 26.2836 -10.8663 33.87 -0.303028 -13 873 1 0 1
26.2817 13.7946 151.611 24.8574 7.61269 75.4603 3.33396 -13 874 1 0 1
24.4944 -21.4526 151.611 24.4408 -11.5532 75.2231 0.961125 -13 875 1 0 1
36.7435 19.6534 151.611 29.631 9.71644 73.5887 0.77423 -13 876 1 0 1
29.8688 13.2592 151.611 27.2614 8.99258 76.4007 -1.2592 -13 877 1 0 1
33.3753 20.5296 151.611 28.1723 11.7769 74.2688 -2.93969 -13 878 1 0 1
7.02479 18.8363 151.611 16.2499 9.80392 78.8772 1.85183 -13 879 1 0 1
9.81731 -7.92504 151.611 16.3835 -4.78808 78.7934 1.54451 -13 880 1 0 1
39.2755 26.956 151.611 34.6822 -7.88664 50.7733 0.212789 -13 882 1 0 1
14.9385 1.17814 151.611 20.3926 0.820856 76.6205 0.179279 -13 884 1 0 1
31.3297 -12.6787 151.611 29.4096 -6.00086 73.8372 0.461866 -13 885 1 0 1
38.389 -6.04903 151.611 20.4408 -3.57347 66.9897 3.09878 -13 886 1 0 1
0.836487 12.992 151.611 10.7329 6.84315 78.2458 1.23795 -13 887 1 0 1
35.4261 1.58468 151.611 30.7617 -0.336384 74.401 0.755203 -13 888 1 0 1
38.8233 -31.831 151.611 47.0249 0.358156 49.5572 -0.390987 -13 890 1 0 1
28.7396 0.668231 151.611 26.0253 1.66136 76.0383 1.16159 -13 892 1 0 1
13.3604 2.08678 151.611 19.0439 1.95593 79.051 -0.981389 -13 893 1 0 1
38.1166 -12.3299 151.611 23.5893 -8.24679 68.5721 0.707983 -13 894 1 0 1
3.73525 27.4927 151.611 12.1023 17.0857 75.1378 2.25577 -13 895 1 0 1
11.2857 31.9759 151.611 17.1863 17.6942 76.6293 -0.958102 -13 896 1 0 1
32.505 4.03923 151.611 28.3044 0.993063 75.547 1.28764 -13 901 1 0 1
28.7526 -13.8713 151.611 25.4501 -5.43334 75.2514 1.87268 -13 903 1 0 1
2.13093 6.8645 151.611 10.5482 4.3209 78.9453 0.834993 -13 905 1 0 1
6.17919 8.4934 151.611 15.1661 5.0444 79.0791 1.92846 -13 906 1 0 1
36.9135 -24.8655 151.611 31.5345 -12.7538 71.037 0.850538 -13 908 1 0 1
25.5205 -14.4393 151.611 23.8459 -6.71228 75.7629 1.38938 -13 909 1 0 1
26.3705 -11.1731 151.611 24.7252 -6.10743 75.6784 0.535146 -13 910 1 0 1
35.6175 14.251 151.611 30.899 8.02162 72.1478 0.032502 -13 911 1 0 1
24.0952 22.0292 151.611 22.0654 13.2797 76.0124 2.01313 -13 913 1 0 1
8.06102 1.43488 151.611 14.9319 2.63649 80.762 1.65941 -13 914 1 0 1
39.2612 -10.7152 151.611 34.5356 -3.58732 48.2388 -0.155892 -13 915 1 0 1
-1.90112 3.68972 151.611 7.39776 2.59752 79.8899 4.99566 -13 916 1 0 1
37.3373 17.0727 151.611 32.1301 9.38849 72.611 0.432049 -13 917 1 0 1
13.4324 16.4022 151.611 17.5377 8.92734 77.4546 2.7182 -13 918 1 0 1
20.6574 12.2921 151.611 22.1424 5.85002 76.3179 0.0835368 -13 919 1 0 1
13.6487 -3.4823 151.611 16.9667 -0.960405 78.7498 1.13836 -13 920 1 0 1
34.0628 5.38282 151.611 30.2033 0.803538 72.1307 0.980503 -13 921 1 0 1
12.4649 -22.5583 151.611 16.138 -12.0481 78.6468 3.1337 -13 922 1 0 1
1.33969 19.1877 151.611 12.1673 10.3226 77.9173 0.517613 -13 923 1 0 1
23.3833 5.60815 151.611 23.2815 2.1993 75.9542 -0.354332 -13 924 1 0 1
19.722 -1.1883 151.611 21.5717 -0.3217 75.6096 1.05538 -13 925 1 0 1
16.0281 6.48258 151.611 18.4264 2.93118 77.5701 2.066 -13 926 1 0 1
24.637 3.82348 151.611 24.887 3.3449 78.4461 1.22616 -13 927 1 0 1
26.187 -1.73364 151.611 24.893 -0.935156 76.6471 2.02394 -13 930 1 0 1
25.617 -5.05884 151.611 25.3351 -3.02885 75.0941 2.5519 -13 932 1 0 1
17.3361 14.5667 151.611 19.4662 8.38058 77.1109 0.13727 -13 934 1 0 1
-2.95861 4.46749 151.611 9.36642 2.26528 77.7654 1.60986 -13 935 1 0 1
17.4576 -15.6958 151.611 22.7244 -9.001 76.9047 -0.724291 -13 937 1 0 1
20.0005 -15.5442 151.611 20.8516 -7.02919 75.399 0.487602 -13 938 1 0 1
19.7933 -5.55989 151.611 22.06 -2.81363 76.1476 0.130088 -13 939 1 0 1
35.293 4.49087 151.611 30.065 2.91408 73.8614 0.651683 -13 940 1 0 1
22.4141 1.06633 151.611 23.1123 1.55315 77.1426 0.894491 -13 941 1 0 1
19.9082 3.60502 151.611 22.7983 3.58868 76.347 0.224472 -13 944 1 0 1
19.622 27.6636 151.611 21.1708 15.7409 75.6856 1.58669 -13 945 1 0 1
0.69581 -1.38178 151.611 12.0991 -0.747494 78.8867 1.06143 -13 949 1 0 1
27.9898 11.2942 151.611 26.3546 5.45417 76.2232 0.751556 -13 950 1 0 1
35.4562 5.30951 151.611 29.6859 2.29066 72.6866 0.964158 -13 953 1 0 1
28.6934 -34.4039 151.611 27.1906 -17.5434 73.0634 0.464808 -13 954 1 0 1
28.4466 -14.2706 151.611 26.6256 -9.20714 75.0038 1.23117 -13 955 1 0 1
29.0329 1.27608 151.611 27.1905 -0.216347 75.0665 0.5836 -13 956 1 0 1
15.7713 -9.84068 151.611 20.0119 -6.44022 76.7125 -0.344041 -13 957 1 0 1
6.89701 -1.51808 151.611 11.9243 -1.33023 79.8656 -0.101703 -13 958 1 0 1
17.2059 -0.990253 151.611 19.3609 -0.933688 77.1498 -1.31344 -13 960 1 0 1
37.4074 -10.7537 151.611 32.3228 -4.84111 72.5169 0.878791 -13 961 1 0 1
25.643 8.3292 151.611 26.347 4.46048 75.2164 1.32959 -13 962 1 0 1
20.2016 4.61885 151.611 22.3357 1.92324 76.7813 2.63573 -13 964 1 0 1
37.4919 -17.2163 151.611 32.9953 -13.0646 70.9253 2.12918 -13 965 1 0 1
31.2943 -3.88923 151.611 28.7527 -0.768127 75.8022 2.98354 -13 966 1 0 1
23.4317 15.2336 151.611 24.6622 8.80131 74.8789 1.26089 -13 967 1 0 1
-3.88038 3.66793 151.611 8.69822 1.27533 80.2328 -0.359992 -13 968 1 0 1
26.4851 -9.58698 151.611 26.6413 -5.64314 75.2929 1.26026 -13 969 1 0 1
30.2503 -4.74678 151.611 27.355 -1.13396 75.8631 -0.428463 -13 971 1 0 1
22.5752 7.2563 151.611 23.0228 4.07696 76.7543 0.0997836 -13 974 1 0 1
18.6453 5.54475 151.611 20.5876 4.83579 78.6336 2.37116 -13 975 1 0 1
29.2208 -1.55831 151.611 26.9434 -0.282162 74.9518 1.09685 -13 977 1 0 1
18.5519 0.44611 151.611 20.2519 -0.393168 76.7142 -0.696945 -13 979 1 0 1
2.72546 -6.13184 151.611 12.6443 -3.56289 78.1557 -0.696577 -13 980 1 0 1
21.8849 -14.6852 151.611 22.5527 -8.67947 74.4908 0.0567007 -13 981 1 0 1
29.3369 7.7025 151.611 27.1175 3.35446 76.0322 0.0596693 -13 982 1 0 1
18.9624 4.46101 151.611 20.6181 4.18885 77.3071 0.411837 -13 983 1 0 1
28.2436 -8.81039 151.611 26.4737 -4.34491 75.0354 0.430496 -13 986 1 0 1
29.6298 -19.7602 151.611 27.1818 -10.7205 74.0047 1.18103 -13 987 1 0 1
27.4009 30.224 151.611 26.9241 14.8421 72.8191 0.587917 -13 988 1 0 1
25.5953 -10.1796 151.611 24.628 -6.90757 76.3156 1.02391 -13 990 1 0 1
39.6241 14.7245 151.611 10.5323 -3.0604 46.6707 -1.47302 -13 991 1 0 1
17.5047 0.0967714 151.611 21.7637 -0.110127 77.3245 1.55875 -13 992 1 0 1
21.5959 -12.7351 151.611 24.2024 -6.67024 77.1515 2.34841 -13 993 1 0 1
24.5213 -3.24432 151.611 24.0802 -1.91644 76.8658 0.948674 -13 996 1 0 1
26.1305 -3.15878 151.611 25.5027 -1.60841 73.6862 3.1489 -13 997 1 0 1
