#BLTrackFile NTuple/Z109
#x y z Px Py Pz t PDGid EventID TrackID ParentID Weight
#mm mm mm MeV/c MeV/c MeV/c ns - - - - -
2.33431 2.16141 109.345 -6.98392 -1.69966 80.7365 0.534367 -13 2 1 0 1
-11.1062 -3.2536 109.345 -14.8715 -2.43142 69.8341 1.52142 -13 3 1 0 1
-14.6377 -3.3053 109.345 -18.0742 -1.57543 72.7156 -0.165777 -13 6 1 0 1
-9.30881 -10.5223 109.345 -11.1071 -5.94859 59.5742 -0.204295 -13 7 1 0 1
0.705251 17.1383 109.345 -5.67921 11.1694 62.9541 1.77225 -13 9 1 0 1
-4.36952 -9.61432 109.345 -8.78578 -5.45699 66.0216 1.33545 -13 10 1 0 1
-0.533949 14.2474 109.345 -7.52287 9.82825 71.15 0.0993024 -13 11 1 0 1
4.98271 13.9619 109.345 -3.20386 5.07751 38.8666 0.0724729 -13 13 1 0 1
8.20799 -11.1508 109.345 -0.890325 -6.03461 68.0189 -0.890377 -13 14 1 0 1
-2.04122 -12.4199 109.345 -7.49929 -8.03131 66.4447 2.12443 -13 15 1 0 1
-6.49448 -14.9299 109.345 -10.1716 -9.08113 63.0951 3.61865 -13 20 1 0 1
-1.3586 -4.1157 109.345 -7.76734 -1.52586 70.5185 0.921141 -13 25 1 0 1
-9.32546 3.78186 109.345 -12.5384 2.78657 67.2242 0.515145 -13 26 1 0 1
-6.24266 -2.33236 109.345 -10.2602 0.623645 65.6253 2.11326 -13 27 1 0 1
-5.51828 -19.4448 109.345 -11.1485 -13.8529 71.666 0.886778 -13 28 1 0 1
-15.429 8.9941 109.345 -14.6786 -1.34308 53.2987 1.67667 -13 30 1 0 1
-11.6797 0.753681 109.345 -15.3238 1.27894 70.1253 0.359513 -13 31 1 0 1
-12.4824 9.29536 109.345 -14.1985 7.6545 64.2295 -0.441709 -13 36 1 0 1
-7.45977 -10.0309 109.345 -13.9391 -8.82569 78.1003 -0.855313 -13 37 1 0 1
-9.85032 -19.1733 109.345 -11.503 -11.9468 58.3021 2.1581 -13 38 1 0 1
-14.4728 10.7676 109.345 -13.1913 5.63715 51.674 1.51568 -13 40 1 0 1
1.38506 22.0665 109.345 -5.16997 12.9026 61.1144 0.532762 -13 41 1 0 1
-11.4054 -1.54356 109.345 -14.235 -2.36893 66.6405 1.90092 -13 42 1 0 1
-5.08736 3.08901 109.345 -8.07092 1.22235 55.6545 1.36653 -13 44 1 0 1
-8.70724 -10.4822 109.345 -12.5067 -6.92673 66.5685 1.04704 -13 46 1 0 1
-8.2609 15.9192 109.345 -10.6201 7.82776 58.373 1.62863 -13 47 1 0 1
-16.1909 15.6882 109.345 -27.1103 6.58556 29.7659 1.36303 -13 48 1 0 1
-13.1501 -17.4758 109.345 -15.7197 -14.4372 67.3625 0.0933766 -13 49 1 0 1
-1.23991 2.60514 109.345 -5.16129 1.59915 42.2388 0.215256 -13 50 1 0 1
-4.08453 8.58911 109.345 -10.2896 4.83206 71.9631 0.320374 -13 51 1 0 1
-1.27334 8.41348 109.345 -5.82814 4.19765 56.512 -1.64007 -13 53 1 0 1
-8.54648 14.8628 109.345 -8.45462 5.61821 41.3425 0.898131 -13 54 1 0 1
-16.4012 -6.32416 109.345 -14.311 0.53149 41.9604 1.54052 -13 55 1 0 1
12.9474 13.8133 109.345 1.94245 8.58902 61.9473 -0.301216 -13 56 1 0 1
-4.81288 3.06583 109.345 -8.6619 2.85147 63.0086 0.252207 -13 58 1 0 1
-6.19283 -14.1193 109.345 -10.576 -9.51934 66.5986 2.59833 -13 59 1 0 1
-0.98234 26.328 109.345 -6.15118 15.7545 55.4948 0.978689 -13 60 1 0 1
-15.6257 8.39928 109.345 -19.8826 8.20086 41.0146 -0.172691 -13 61 1 0 1
-8.6169 1.12198 109.345 -12.5019 2.14519 68.5984 0.0744212 -13 62 1 0 1
-7.88214 -12.854 109.345 -7.91986 -4.37523 33.0278 1.20218 -13 63 1 0 1
-8.24368 -0.511778 109.345 -10.6416 -0.0165777 59.562 0.814922 -13 64 1 0 1
-3.55841 2.27333 109.345 -8.39119 0.855381 65.1567 -0.803425 -13 65 1 0 1
-6.8913 2.39824 109.345 -11.5683 1.30965 70.4464 1.06458 -13 66 1 0 1
-4.17286 -5.04995 109.345 -8.01627 -2.10328 60.7 -0.00763374 -13 67 1 0 1
-6.66719 22.1548 109.345 -8.67645 10.7808 52.4287 -0.218117 -13 68 1 0 1
-15.8394 -9.30569 109.345 -20.3634 3.05481 27.962 0.665891 -13 69 1 0 1
-13.8981 -10.6291 109.345 -19.2707 -11.0743 77.6769 0.813298 -13 70 1 0 1
-11.0672 2.63958 109.345 -11.7645 0.325807 59.294 -0.780783 -13 71 1 0 1
2.3937 19.1931 109.345 -4.72524 11.0235 64.3567 1.76711 -13 72 1 0 1
-10.1404 -0.468342 109.345 -14.79 -1.8633 72.9471 -0.308534 -13 73 1 0 1
-5.61423 14.5533 109.345 -8.73289 8.61425 57.621 0.958286 -13 74 1 0 1
-6.53276 8.76832 109.345 -12.3236 5.76912 73.7848 -2.25872 -13 75 1 0 1
4.0976 2.8929 109.345 -6.17037 2.05329 79.5883 -1.1382 -13 76 1 0 1
-6.93326 -5.58854 109.345 -10.2931 -3.78012 61.8279 2.10759 -13 79 1 0 1
-8.50945 -9.63665 109.345 -13.2252 -5.80419 71.0537 0.670546 -13 80 1 0 1
-5.72649 13.0125 109.345 -10.9243 11.385 68.5724 0.715465 -13 81 1 0 1
-13.0559 0.364523 109.345 -13.634 0.887635 60.9542 1.89737 -13 82 1 0 1
-4.22969 -0.658008 109.345 -10.3477 -1.05304 74.8674 1.75605 -13 85 1 0 1
-4.48347 -8.839 109.345 -9.44198 -8.3456 67.1771 0.47146 -13 86 1 0 1
-12.4098 -19.0355 109.345 -10.9915 -9.83297 48.1416 1.65318 -13 87 1 0 1
-4.42658 -2.99646 109.345 -8.62738 -0.722833 61.3539 0.119048 -13 89 1 0 1
-7.20327 8.12711 109.345 -10.6533 5.03253 64.632 0.491828 -13 90 1 0 1
1.22505 2.04134 109.345 -4.25343 1.1517 54.9635 0.733309 -13 92 1 0 1
-2.29257 1.96763 109.345 -6.64948 0.399501 58.7178 1.5515 -13 93 1 0 1
-9.62484 33.6212 109.345 -10.6913 17.3684 51.324 -0.553074 -13 94 1 0 1
-3.49326 5.70989 109.345 -9.01826 4.53729 69.6358 0.717562 -13 95 1 0 1
-7.99907 15.4238 109.345 -10.6772 10.3866 59.4144 -1.093 -13 96 1 0 1
-10.3842 -1.58672 109.345 -10.853 0.665797 56.0241 -0.296348 -13 97 1 0 1
-9.55548 -3.44991 109.345 -12.5229 -0.992518 66.0387 1.11211 -13 98 1 0 1
-15.0244 16.2717 109.345 -15.4896 7.15762 60.5808 1.2131 -13 99 1 0 1
-0.703897 -7.66029 109.345 -6.8341 -3.59612 66.8299 -0.194928 -13 100 1 0 1
5.84052 0.373637 109.345 -2.50717 -0.560836 68.4463 -0.00108672 -13 101 1 0 1
-4.0469 3.84024 109.345 -9.17781 2.3046 66.4798 0.593322 -13 102 1 0 1
9.6988 -1.34724 109.345 0.123202 1.26331 62.0742 -1.73733 -13 103 1 0 1
-1.86373 -3.5157 109.345 -7.55826 -3.29328 66.8812 0.373012 -13 104 1 0 1
-10.6418 -9.63294 109.345 -14.2108 -6.83429 68.66 -0.381803 -13 107 1 0 1
3.93927 10.7783 109.345 -3.36133 8.49541 63.1055 -0.106359 -13 108 1 0 1
-8.42402 3.03699 109.345 -11.7645 2.37977 66.3905 1.67587 -13 109 1 0 1
-15 3.76965 109.345 -18.0695 3.02283 70.2281 0.40167 -13 110 1 0 1
-15.5836 -8.22334 109.345 -9.95154 -0.0734637 64.1559 0.346078 -13 111 1 0 1
-1.0115 -0.116391 109.345 -6.43966 -0.942955 55.8686 -1.09841 -13 112 1 0 1
-5.19812 11.6919 109.345 -8.13423 6.17429 53.841 1.54905 -13 113 1 0 1
-3.82634 -13.2864 109.345 -8.17083 -8.65735 62.273 0.643422 -13 114 1 0 1
3.41331 3.94777 109.345 -3.17123 1.67392 49.4484 0.650589 -13 115 1 0 1
-13.0155 2.09923 109.345 -12.6559 1.70014 53.6824 0.414469 -13 117 1 0 1
-2.29031 -1.90632 109.345 -5.76509 -2.58809 46.9164 0.420524 -13 118 1 0 1
-11.958 1.66366 109.345 -14.9912 1.85694 68.7876 1.16608 -13 119 1 0 1
-2.8156 -13.5747 109.345 -7.54975 -6.63652 60.3776 2.24066 -13 121 1 0 1
-9.71513 -15.7917 109.345 -13.4632 -10.4995 69.1293 1.41148 -13 123 1 0 1
13.7489 2.24295 109.345 2.61448 1.71866 58.3362 1.02792 -13 124 1 0 1
-12.7512 -0.251082 109.345 -18.1703 -2.31923 76.8136 1.56683 -13 126 1 0 1
-7.22616 17.0302 109.345 -9.97909 9.17844 58.4917 -0.374882 -13 127 1 0 1
-7.11766 -7.7994 109.345 -10.4281 -6.42997 63.5564 1.01199 -13 128 1 0 1
13.7086 11.54 109.345 2.44598 7.05743 59.0193 0.250216 -13 129 1 0 1
1.94737 -3.61832 109.345 -4.05146 -0.579631 50.039 1.39028 -13 130 1 0 1
-3.80224 3.79438 109.345 -9.38288 2.63317 68.4709 0.187009 -13 131 1 0 1
3.66528 -0.264181 109.345 -3.47947 -0.57922 63.9638 -0.656186 -13 133 1 0 1
3.55343 1.51656 109.345 -4.91943 0.944449 75.4877 1.01308 -13 134 1 0 1
-3.70771 4.72737 109.345 -9.48096 1.77028 69.2193 1.48863 -13 135 1 0 1
9.19164 8.49888 109.345 -0.200534 3.74375 56.1452 0.771381 -13 136 1 0 1
-15.0677 20.4483 109.345 -13.1999 7.83574 51.6509 1.044 -13 140 1 0 1
6.787 7.49915 109.345 -1.613 6.20221 64.6892 2.57547 -13 142 1 0 1
2.98009 -4.26101 109.345 -4.71997 -3.96456 71.6573 3.52135 -13 144 1 0 1
-8.07425 -31.7984 109.345 -10.0825 -16.668 53.1395 2.43114 -13 145 1 0 1
0.589742 -8.4815 109.345 -5.76644 -4.46945 65.6427 0.858981 -13 146 1 0 1
-10.3873 -3.50463 109.345 -12.6496 -2.31847 63.8404 -0.565424 -13 147 1 0 1
2.28996 13.6054 109.345 -4.45974 7.25843 56.0283 0.192132 -13 149 1 0 1
-5.53943 16.5986 109.345 -9.74968 11.2662 64.4127 0.457526 -13 150 1 0 1
-6.18214 -16.7314 109.345 -9.1058 -9.86078 55.6826 1.87344 -13 151 1 0 1
-5.17427 -3.42172 109.345 -9.17601 -2.43127 63.64 2.74077 -13 152 1 0 1
-14.427 -9.43627 109.345 -15.9172 -7.84979 65.615 0.114093 -13 153 1 0 1
7.60187 -9.7364 109.345 -1.57651 -3.78301 46.3293 0.198091 -13 156 1 0 1
-9.43968 5.71494 109.345 -16.1646 2.98313 77.7982 1.84531 -13 158 1 0 1
13.3164 -0.340289 109.345 2.32171 -0.106592 64.1357 0.568842 -13 160 1 0 1
2.60438 0.203436 109.345 -4.97603 -1.43298 70.4153 2.10743 -13 161 1 0 1
1.63501 -14.0485 109.345 -5.19482 -10.4057 65.3953 0.613741 -13 164 1 0 1
7.0587 16.2865 109.345 -1.49854 10.2114 62.409 1.17123 -13 167 1 0 1
-14.0594 11.1642 109.345 -19.771 9.37338 76.3938 1.60872 -13 168 1 0 1
7.65209 -9.63321 109.345 -1.25691 -6.32996 58.0493 0.316816 -13 169 1 0 1
-12.394 6.68662 109.345 -12.2384 2.83915 55.1558 0.219077 -13 172 1 0 1
2.53053 -13.758 109.345 -3.88851 -8.2294 58.2237 0.733999 -13 173 1 0 1
-8.04591 9.64352 109.345 -11.6879 4.45991 67.1078 0.779797 -13 174 1 0 1
12.5239 -15.2311 109.345 0.982902 -7.87494 51.4736 0.262535 -13 177 1 0 1
-8.85358 -9.03196 109.345 -9.7427 -4.09149 51.3667 0.0465697 -13 178 1 0 1
3.34852 -18.5656 109.345 -4.47025 -14.0851 68.6908 -0.222833 -13 179 1 0 1
-1.81693 -11.8715 109.345 -6.20596 -5.89801 51.7875 2.17003 -13 180 1 0 1
3.28367 21.093 109.345 -3.55701 10.2742 42.0992 0.752679 -13 183 1 0 1
-3.97328 10.57 109.345 -6.75529 5.039 42.2934 0.0712705 -13 186 1 0 1
-10.2487 2.79321 109.345 -13.8779 4.01813 69.7037 1.65723 -13 188 1 0 1
-10.5082 4.71387 109.345 -17.0252 5.74256 78.3871 1.33687 -13 192 1 0 1
-7.09013 19.2607 109.345 -11.4474 14.1944 67.7137 0.279573 -13 194 1 0 1
-7.01672 -0.100262 109.345 -9.71873 0.0327687 59.4081 2.82713 -13 195 1 0 1
0.341854 -2.76443 109.345 -9.28036 -4.44161 80.0615 3.05742 -13 196 1 0 1
8.85142 1.36327 109.345 -0.860175 0.790424 50.0228 0.0390121 -13 198 1 0 1
-10.7532 3.70047 109.345 -12.3841 1.39732 60.7792 0.825925 -13 203 1 0 1
-12.7514 4.40174 109.345 -11.5376 0.956284 48.4351 2.06945 -13 205 1 0 1
12.6369 4.50972 109.345 1.01151 2.73563 47.6025 0.278412 -13 210 1 0 1
8.66418 14.276 109.345 -1.52623 5.21842 42.6378 1.30895 -13 211 1 0 1
-15.071 24.0722 109.345 13.4782 4.937 42.8952 2.61634 -13 212 1 0 1
-13.1529 6.43925 109.345 -17.031 3.76742 73.6146 1.53698 -13 214 1 0 1
-4.89941 -10.6308 109.345 -10.6009 -9.71565 71.2068 2.25857 -13 215 1 0 1
-6.30509 1.24588 109.345 -11.1509 1.0091 69.0156 1.66982 -13 216 1 0 1
-12.3511 -5.7383 109.345 -17.0107 -4.30545 75.7517 0.561686 -13 219 1 0 1
-4.88165 2.17992 109.345 -10.3915 0.477723 71.3084 2.92204 -13 220 1 0 1
-11.5168 13.429 109.345 -15.0934 9.87689 70.5365 -0.239261 -13 222 1 0 1
-6.4014 19.0366 109.345 -8.7613 10.4527 52.3273 0.383648 -13 226 1 0 1
-9.07931 -0.61253 109.345 -15.2982 -0.695907 76.6825 -1.36735 -13 228 1 0 1
-1.83805 -17.2608 109.345 -5.89691 -7.69764 45.0305 0.386643 -13 230 1 0 1
13.2166 26.2459 109.345 1.94508 18.5294 65.245 1.83756 -13 231 1 0 1
-2.41424 -9.24408 109.345 -9.08405 -8.26725 72.752 0.84817 -13 235 1 0 1
9.27731 -12.2526 109.345 -0.390027 -5.76947 53.7992 1.45659 -13 237 1 0 1
-9.78843 2.11228 109.345 -11.952 1.0626 61.474 0.711286 -13 238 1 0 1
-0.266191 29.8512 109.345 -5.29441 13.4184 44.3335 0.41463 -13 240 1 0 1
-1.73731 4.60695 109.345 -5.51009 1.62277 33.1003 1.71185 -13 241 1 0 1
-15.773 -2.79699 109.345 -9.52236 4.01528 28.297 2.49292 -13 242 1 0 1
5.75527 -14.9541 109.345 -2.48169 -9.12456 68.317 0.487542 -13 243 1 0 1
-5.52614 5.94763 109.345 -11.7828 4.38296 74.824 1.24172 -13 244 1 0 1
1.333 9.85416 109.345 -5.99831 9.17048 71.1795 -0.106556 -13 245 1 0 1
-6.39508 7.08574 109.345 -11.2087 6.68973 69.7183 0.396779 -13 246 1 0 1
-6.40457 -9.18848 109.345 -9.65023 -4.47843 60.1174 0.324923 -13 247 1 0 1
-13.2704 -9.17821 109.345 -15.2236 -5.92672 65.9812 1.29147 -13 248 1 0 1
14.9579 8.81491 109.345 3.02855 3.56749 61.8948 -0.290382 -13 249 1 0 1
-2.77334 -16.1479 109.345 -8.5398 -11.1351 67.5644 -0.882707 -13 250 1 0 1
4.26486 25.0833 109.345 -3.35095 13.1507 61.5708 -0.365096 -13 251 1 0 1
4.78944 0.740953 109.345 -2.59609 -0.241761 63.7642 0.912558 -13 252 1 0 1
-6.77875 18.8716 109.345 -11.9574 14.4909 69.6653 -0.743442 -13 253 1 0 1
-0.399573 7.02746 109.345 -5.42248 4.33877 56.2002 0.191118 -13 254 1 0 1
-11.1172 2.8223 109.345 -16.2739 3.568 75.7523 0.531936 -13 255 1 0 1
-8.86994 -24.6255 109.345 -9.12902 -11.6576 43.9337 0.553587 -13 257 1 0 1
-8.52697 -0.294471 109.345 -11.349 -0.858348 62.2171 0.775761 -13 258 1 0 1
-1.34709 -1.1314 109.345 -5.79609 -1.63277 56.6874 -0.487387 -13 259 1 0 1
-13.2081 -6.46964 109.345 -16.273 -5.93271 70.5652 0.309 -13 260 1 0 1
-2.58379 -1.9635 109.345 -7.05995 -0.846382 62.698 2.7581 -13 262 1 0 1
4.88586 -9.6792 109.345 -2.79761 -6.02231 63.2513 -0.827189 -13 263 1 0 1
-11.734 -6.73106 109.345 -11.1563 -3.4588 49.3581 0.542539 -13 264 1 0 1
6.27446 10.2433 109.345 -1.98712 7.19754 63.4863 1.35419 -13 265 1 0 1
-1.38101 4.78327 109.345 -7.5613 2.17919 70.1793 1.20293 -13 266 1 0 1
-12.5358 4.70473 109.345 -13.8327 1.15036 62.0067 0.361226 -13 267 1 0 1
-11.5328 7.51955 109.345 -9.8848 3.86531 41.0422 -0.226377 -13 268 1 0 1
-15.929 6.57046 109.345 -3.0569 8.77434 54.0244 1.07297 -13 269 1 0 1
3.94172 -7.85673 109.345 -4.85176 -7.63792 77.3712 -0.242091 -13 271 1 0 1
-11.5456 -16.154 109.345 -12.9671 -10.2971 60.3365 2.26492 -13 272 1 0 1
-2.15448 2.60272 109.345 -7.68107 3.0231 66.7582 -1.39792 -13 274 1 0 1
5.29475 -6.05976 109.345 -2.63796 -4.58131 59.2684 0.389083 -13 275 1 0 1
3.87112 -12.3052 109.345 -3.0048 -7.59859 57.6045 1.8785 -13 277 1 0 1
-2.99359 3.93821 109.345 -7.62873 1.66883 60.8749 0.91203 -13 280 1 0 1
-9.08403 -4.91883 109.345 -12.5569 -2.24675 65.3582 -0.652159 -13 281 1 0 1
-12.4288 15.6854 109.345 -11.084 8.06875 46.3279 -0.0290742 -13 282 1 0 1
1.34293 -18.8459 109.345 -4.59949 -9.29643 49.3365 -0.827804 -13 283 1 0 1
-13.8107 0.857142 109.345 -12.3437 -0.678661 50.1838 -0.851943 -13 287 1 0 1
-7.04049 47.682 109.345 -13.6728 35.3279 69.9124 0.359196 -13 288 1 0 1
-13.0934 16.2758 109.345 -17.7826 12.4672 75.2449 1.05328 -13 289 1 0 1
-3.49184 -8.81708 109.345 -10.3614 -7.4584 74.4459 1.04134 -13 291 1 0 1
-11.874 7.94212 109.345 -15.5746 6.3163 70.6509 0.341346 -13 292 1 0 1
6.27541 -7.00465 109.345 -1.88591 -4.52817 54.2156 3.26393 -13 297 1 0 1
-3.78841 0.72608 109.345 -8.84012 -0.776632 66.5963 -1.23515 -13 298 1 0 1
-11.0897 2.72202 109.345 -12.5959 3.20589 60.816 0.668359 -13 303 1 0 1
-10.9831 9.53391 109.345 -13.402 7.37218 64.0506 1.17241 -13 304 1 0 1
-14.0189 -3.79956 109.345 -15.3663 -3.47515 64.6918 -0.408563 -13 306 1 0 1
-10.5771 -24.2126 109.345 -13.9396 -18.3486 65.8621 -0.66594 -13 307 1 0 1
-12.8382 -20.1574 109.345 -16.4022 -14.2805 70.5417 0.688621 -13 308 1 0 1
5.96349 -3.65828 109.345 -2.95192 -2.51856 72.2488 0.197712 -13 310 1 0 1
-14.0758 11.292 109.345 -16.6034 8.5386 69.0086 0.443574 -13 312 1 0 1
-7.146 -12.9089 109.345 -11.7071 -8.44451 67.15 0.0199351 -13 314 1 0 1
5.94491 -1.50754 109.345 -1.90889 0.540039 62.4437 -0.819606 -13 315 1 0 1
-8.65911 -32.2737 109.345 -9.85701 -16.2982 49.45 -0.482775 -13 316 1 0 1
-13.0471 -15.8518 109.345 -14.1609 -10.3236 61.6374 1.39689 -13 317 1 0 1
-8.324 -3.7643 109.345 -12.2525 -1.706 68.056 -0.814842 -13 318 1 0 1
-12.0029 8.90066 109.345 -15.2551 7.95699 68.0965 2.61377 -13 319 1 0 1
5.68559 1.18544 109.345 -2.76474 0.909913 72.3125 1.17091 -13 320 1 0 1
-0.62121 -1.44851 109.345 -5.93152 -1.21122 56.722 -0.989802 -13 321 1 0 1
-15.0701 4.41046 109.345 -16.5943 4.79958 77.3262 2.41294 -13 322 1 0 1
2.72597 -6.47497 109.345 -5.51587 -2.48445 75.6444 0.78194 -13 323 1 0 1
-5.13097 10.7726 109.345 -9.40418 7.14877 65.0347 -0.0693447 -13 324 1 0 1
-6.08656 -6.81525 109.345 -11.3458 -5.34728 71.511 0.559109 -13 325 1 0 1
-10.1826 13.2122 109.345 -13.3471 9.73034 67.2079 1.68114 -13 329 1 0 1
2.08057 -4.53442 109.345 -6.12882 -2.14671 76.2761 -0.293904 -13 330 1 0 1
-0.151913 7.42044 109.345 -5.18379 4.16048 48.5279 4.77626 -13 333 1 0 1
0.424756 -13.0329 109.345 -5.74655 -8.91828 65.9999 0.921998 -13 335 1 0 1
-10.9706 -14.7292 109.345 -14.4204 -9.5856 66.944 -0.0828739 -13 336 1 0 1
0.756628 -14.5296 109.345 -5.09637 -9.54567 53.7811 1.54344 -13 338 1 0 1
-10.3237 -11.7942 109.345 -10.3795 -5.39041 48.7164 1.06283 -13 339 1 0 1
-11.9785 7.22884 109.345 -14.6101 5.56557 67.5342 0.775711 -13 340 1 0 1
-0.118604 1.23559 109.345 -7.69938 -0.749743 77.3187 0.485317 -13 341 1 0 1
-12.5683 8.07157 109.345 -16.3695 6.70329 71.5294 1.16811 -13 342 1 0 1
-6.77146 -8.50093 109.345 -9.91866 -6.8481 61.146 0.234989 -13 343 1 0 1
4.34856 0.853406 109.345 -2.96898 1.85763 49.7948 0.36907 -13 344 1 0 1
-10.6607 -2.02517 109.345 -13.5781 -0.516628 67.4727 -0.283894 -13 345 1 0 1
-13.9192 -6.00101 109.345 7.71682 -7.37713 40.9336 -0.245131 -13 347 1 0 1
-11.8762 8.61273 109.345 -11.0825 6.2285 50.3123 0.171599 -13 348 1 0 1
6.5915 17.1842 109.345 -1.93154 9.04808 56.4908 1.47415 -13 349 1 0 1
-4.94005 -8.7893 109.345 -9.29996 -5.37602 64.6081 1.34961 -13 350 1 0 1
-13.3842 11.1266 109.345 -14.6369 6.60004 63.8569 0.344878 -13 353 1 0 1
-11.8411 14.2898 109.345 -11.5998 6.40137 51.4133 1.05965 -13 354 1 0 1
3.32734 13.8429 109.345 -3.65205 9.48609 59.3599 0.880849 -13 356 1 0 1
-11.86 2.97631 109.345 -10.0074 1.82074 40.543 0.79604 -13 357 1 0 1
7.64905 13.4836 109.345 -1.43035 8.16504 51.698 1.26028 -13 358 1 0 1
-0.616238 4.47984 109.345 -5.9519 4.45939 61.8141 1.03934 -13 359 1 0 1
-2.8036 2.31611 109.345 -10.1228 2.93293 76.64 0.388063 -13 361 1 0 1
-10.3302 7.27513 109.345 -15.1121 6.43079 73.5615 0.220063 -13 363 1 0 1
-7.92073 -6.60217 109.345 -11.4816 -3.59725 63.507 0.816843 -13 364 1 0 1
0.301785 11.7426 109.345 -4.82634 6.77462 50.2937 -1.23486 -13 365 1 0 1
7.47811 -2.23686 109.345 -1.43057 -1.22855 45.92 2.95218 -13 366 1 0 1
5.63567 -5.23941 109.345 -2.40908 -3.26292 41.6525 2.0763 -13 367 1 0 1
-14.0724 10.6501 109.345 -14.896 7.48241 62.8494 1.12817 -13 368 1 0 1
-8.69575 -2.99966 109.345 -10.7732 -0.735707 59.3324 -0.496248 -13 369 1 0 1
-11.1074 -8.58261 109.345 -13.1071 -4.99758 64.5998 2.95852 -13 371 1 0 1
-11.6391 -15.4375 109.345 -11.1883 -9.75888 51.6795 1.47274 -13 372 1 0 1
6.67008 -9.41457 109.345 -2.83344 -8.47449 78.2193 1.7013 -13 377 1 0 1
-11.66 -24.3055 109.345 -14.4053 -17.1268 64.872 1.21723 -13 379 1 0 1
1.0206 1.43084 109.345 -4.93318 2.46146 59.7603 1.76097 -13 381 1 0 1
3.78439 -15.3851 109.345 -4.31351 -11.2217 72.1071 0.205546 -13 382 1 0 1
9.91583 5.12012 109.345 0.550557 1.95106 59.0838 -0.73399 -13 384 1 0 1
-10.5165 -6.09416 109.345 -13.1132 -5.41415 65.8829 2.34397 -13 385 1 0 1
0.510508 4.06171 109.345 -6.08541 2.36649 69.5588 2.48288 -13 386 1 0 1
-7.23309 0.138194 109.345 -8.77561 0.430827 50.8199 -0.0850281 -13 388 1 0 1
15.167 -1.08486 109.345 -2.39068 13.268 40.6704 1.6378 -13 389 1 0 1
-10.9087 18.4023 109.345 -12.4503 10.1513 58.9962 -0.192427 -13 394 1 0 1
-12.9623 18.4672 109.345 -16.7766 14.9212 72.1646 -1.11145 -13 395 1 0 1
10.8026 7.07578 109.345 0.836736 3.24778 64.4655 0.432829 -13 396 1 0 1
-1.8837 -11.0985 109.345 -6.85123 -5.9567 59.4034 1.87748 -13 397 1 0 1
-7.34255 -2.47384 109.345 -11.1834 -2.1544 65.7345 1.43637 -13 398 1 0 1
-9.31378 -18.4302 109.345 -13.5778 -11.898 69.136 2.60383 -13 399 1 0 1
-7.26008 5.96287 109.345 -10.6349 6.35377 63.5273 0.559649 -13 400 1 0 1
1.30089 0.567878 109.345 -6.05675 0.819126 71.6808 0.3201 -13 401 1 0 1
-5.90451 13.1254 109.345 -8.67414 7.31846 57.4549 0.329519 -13 402 1 0 1
-9.92004 -34.2528 109.345 -13.4077 -24.4735 66.0356 0.81197 -13 403 1 0 1
2.4288 -16.3048 109.345 -4.52782 -12.0879 65.2642 1.79558 -13 404 1 0 1
-15.0932 -7.82016 109.345 -15.6289 -2.85528 61.6712 1.86996 -13 407 1 0 1
10.186 12.4268 109.345 0.401477 7.48143 58.0768 2.43325 -13 408 1 0 1
3.66079 -2.41172 109.345 -3.51951 -1.57795 64.368 0.906051 -13 409 1 0 1
-0.296757 13.6119 109.345 -5.79522 8.24603 56.728 0.979044 -13 415 1 0 1
4.76269 6.16403 109.345 -3.96883 1.98631 25.3711 6.14449 -13 416 1 0 1
1.28792 -35.4725 109.345 -4.8575 -13.3514 39.4485 0.716367 -13 417 1 0 1
-8.05378 5.44015 109.345 -12.1161 2.70364 68.4435 2.03369 -13 418 1 0 1
7.97116 -0.359142 109.345 -0.830788 -0.0564484 64.453 1.09582 -13 419 1 0 1
-9.13949 -12.5861 109.345 -13.7558 -10.3612 71.9165 0.107319 -13 421 1 0 1
-0.314258 30.946 109.345 -6.65223 20.2061 63.7268 0.989371 -13 422 1 0 1
9.71982 25.1351 109.345 -0.359492 10.4566 47.3977 1.36004 -13 424 1 0 1
-13.7704 -1.13875 109.345 -14.4942 -0.187024 62.2937 0.531331 -13 425 1 0 1
-10.2549 4.44812 109.345 -15.0302 4.66099 72.2634 -0.878961 -13 426 1 0 1
6.94107 -10.2649 109.345 -1.72867 -5.31536 63.5423 0.0592378 -13 427 1 0 1
8.4081 -18.8803 109.345 -0.59843 -11.5165 57.3356 0.522434 -13 429 1 0 1
-6.48055 -7.42091 109.345 -12.5658 -5.88303 74.6142 2.42437 -13 431 1 0 1
-1.35192 7.08183 109.345 -7.23901 5.80408 67.3753 2.50804 -13 432 1 0 1
-10.7911 -15.0067 109.345 -14.2671 -12.0238 67.7306 1.93991 -13 433 1 0 1
-4.04575 13.2079 109.345 -8.02594 9.45155 58.6139 0.729312 -13 434 1 0 1
-5.46396 -0.202375 109.345 -10.0597 0.243851 66.5567 -1.75303 -13 437 1 0 1
-15.3833 0.987189 109.345 -10.3364 -11.5099 40.4013 2.60119 -13 438 1 0 1
-9.88884 -11.6284 109.345 -12.2176 -6.38631 61.4493 -0.539153 -13 439 1 0 1
-1.37375 9.01552 109.345 -6.66188 5.94891 60.8836 0.807507 -13 440 1 0 1
-14.5735 -3.31836 109.345 -15.3592 -0.446131 63.5259 0.433238 -13 442 1 0 1
-4.52699 5.95844 109.345 -7.7792 5.04647 55.8726 1.6617 -13 443 1 0 1
2.52247 -1.59275 109.345 -4.88062 -2.9563 69.3331 0.607886 -13 445 1 0 1
-15.1728 -10.4424 109.345 -18.7482 -3.64016 62.9313 -1.00412 -13 446 1 0 1
3.30446 2.221 109.345 -3.54356 1.53929 57.1161 0.170268 -13 447 1 0 1
-9.89998 4.09846 109.345 -13.4563 3.79804 69.1922 -1.46449 -13 448 1 0 1
-9.4917 0.401633 109.345 -10.1826 -0.39086 51.4243 0.463128 -13 449 1 0 1
-1.11224 3.95494 109.345 -9.49749 1.73218 80.641 0.572007 -13 451 1 0 1
-6.56099 -6.54346 109.345 -10.4378 -4.86241 66.7796 1.64241 -13 452 1 0 1
-0.488822 -6.59765 109.345 -5.46485 -3.59185 59.3404 0.258796 -13 453 1 0 1
3.68527 -7.00105 109.345 -3.14945 -4.92989 55.3912 0.815425 -13 455 1 0 1
1.49934 13.8408 109.345 -5.22427 9.44059 64.3271 -0.0709842 -13 456 1 0 1
6.69795 8.29902 109.345 -1.30826 5.94759 57.1561 1.41102 -13 457 1 0 1
-0.646146 -32.3577 109.345 -6.2491 -16.8748 52.9583 -0.450368 -13 458 1 0 1
5.90179 10.7489 109.345 -2.71753 6.57462 74.6052 2.19628 -13 459 1 0 1
-15.4988 -1.14823 109.345 7.77586 -4.79875 39.0336 0.412098 -13 460 1 0 1
-13.9751 0.400745 109.345 -14.7091 0.519411 62.1463 0.287134 -13 462 1 0 1
-2.22486 -4.66987 109.345 -8.04485 -2.99254 68.4601 2.01837 -13 463 1 0 1
1.996 30.4844 109.345 -4.92678 18.5777 59.6531 0.45361 -13 464 1 0 1
-2.57252 13.6046 109.345 -7.08721 8.18113 56.3565 0.953481 -13 466 1 0 1
7.56298 -1.19315 109.345 -1.8843 0.134318 35.9648 0.765234 -13 467 1 0 1
-4.4342 -4.67169 109.345 -7.61255 -4.2384 55.7689 -0.210859 -13 468 1 0 1
-14.9753 25.1454 109.345 -12.6489 12.0952 47.8004 1.15758 -13 469 1 0 1
-1.2912 -10.9698 109.345 -6.98493 -6.16858 64.1179 0.110352 -13 470 1 0 1
-9.0001 18.1175 109.345 -9.51037 8.5369 47.8177 1.90123 -13 471 1 0 1
-1.03533 -23.0537 109.345 -5.57994 -9.73642 42.0112 1.98053 -13 472 1 0 1
-10.5535 -6.23228 109.345 -10.8934 -3.6356 54.0061 0.0283854 -13 473 1 0 1
4.44591 -11.3174 109.345 -2.85597 -7.03392 61.7946 -0.0273364 -13 474 1 0 1
-4.96511 12.339 109.345 -10.3567 9.67286 71.3356 2.11383 -13 475 1 0 1
-5.77405 18.9778 109.345 -9.77094 11.4326 65.8018 -0.713821 -13 477 1 0 1
-13.439 -9.15391 109.345 -14.1503 -5.10744 59.6881 -1.17816 -13 478 1 0 1
-4.9058 -1.73814 109.345 -7.60527 -1.48547 47.3361 0.0971352 -13 479 1 0 1
1.55881 9.09491 109.345 -4.54576 5.6461 54.6932 0.961646 -13 480 1 0 1
1.04635 -7.90537 109.345 -4.32799 -2.674 32.9464 1.56717 -13 481 1 0 1
-6.97897 -15.0794 109.345 -8.13362 -8.03222 45.0606 1.14371 -13 482 1 0 1
-9.38963 -19.8594 109.345 -11.1154 -12.5429 56.5507 3.39112 -13 486 1 0 1
4.18542 5.01385 109.345 -3.83149 2.48713 69.1938 0.706456 -13 487 1 0 1
-10.9367 9.71029 109.345 -9.52043 5.73571 40.0075 2.17016 -13 489 1 0 1
-5.35063 -6.93538 109.345 -9.16305 -5.52717 62.33 -1.20752 -13 490 1 0 1
-4.80048 -2.87235 109.345 -10.0565 -3.6776 69.6776 1.43106 -13 491 1 0 1
-3.4402 7.72296 109.345 -7.88349 6.08553 60.8249 1.799 -13 492 1 0 1
-7.36584 -3.64014 109.345 -7.48092 -2.00963 34.6138 1.0354 -13 494 1 0 1
-3.09538 14.6355 109.345 -6.06552 4.53277 41.7147 -1.88951 -13 495 1 0 1
-5.40985 -20.1888 109.345 -7.43896 -8.54576 42.3784 1.08016 -13 496 1 0 1
-13.6879 -4.7163 109.345 -14.8952 -2.77998 62.5092 0.880358 -13 497 1 0 1
-6.50496 8.56975 109.345 -8.62052 3.50975 51.3254 -0.138419 -13 499 1 0 1
-4.02977 8.71276 109.345 -11.4381 5.90864 78.4098 0.24418 -13 501 1 0 1
-8.7528 -23.4229 109.345 -12.4521 -14.0956 67.0752 -1.03517 -13 503 1 0 1
-12.9449 5.21705 109.345 -14.8108 3.98574 64.3242 0.891762 -13 504 1 0 1
3.24865 26.1935 109.345 -4.00481 13.0301 48.6664 1.17707 -13 507 1 0 1
4.71739 -14.2908 109.345 -2.74386 -8.25095 63.1963 1.57479 -13 508 1 0 1
4.94607 -11.6061 109.345 -3.59379 -8.0952 72.4744 0.571029 -13 509 1 0 1
-3.99665 4.05139 109.345 -7.27527 2.84732 50.8482 1.80382 -13 513 1 0 1
-14.819 -4.39817 109.345 -13.5557 -2.3346 53.2757 -2.82241 -13 514 1 0 1
-13.8078 -3.26149 109.345 -13.1429 -0.330909 55.0452 -1.30408 -13 516 1 0 1
-4.9735 -3.79964 109.345 -10.4767 -3.95085 71.605 -0.579973 -13 517 1 0 1
-10.7511 1.4685 109.345 -12.8021 1.53119 63.6071 1.39558 -13 518 1 0 1
-7.29817 -8.11657 109.345 -9.78237 -6.04401 59.5622 3.12669 -13 520 1 0 1
-15.5641 -16.4973 109.345 -10.268 -10.7192 54.2387 -0.913293 -13 521 1 0 1
-6.52654 6.79571 109.345 -13.7669 5.13805 79.3845 1.41803 -13 522 1 0 1
-6.03571 -6.65521 109.345 -9.31839 -1.71774 61.1283 1.31399 -13 524 1 0 1
-8.17165 17.9511 109.345 -8.11208 6.62389 38.2826 1.4962 -13 525 1 0 1
7.65785 -17.2706 109.345 -1.57163 -14.0627 70.6752 1.33725 -13 529 1 0 1
-9.77838 7.09329 109.345 -12.601 4.6431 65.6736 -0.047609 -13 530 1 0 1
-5.02576 6.31886 109.345 -8.23377 4.18229 58.5697 1.59287 -13 531 1 0 1
0.656232 -0.911564 109.345 -6.16079 -0.119352 69.9936 1.50653 -13 534 1 0 1
-4.70351 13.025 109.345 -10.0479 11.3248 68.5682 -2.28576 -13 535 1 0 1
-2.61546 0.760619 109.345 -6.86697 1.50532 54.5554 -0.281184 -13 536 1 0 1
4.30545 14.0177 109.345 -2.79892 8.14728 62.2988 0.687696 -13 538 1 0 1
9.06527 -4.59749 109.345 -0.910331 -3.03794 77.2863 1.88858 -13 540 1 0 1
-13.396 13.7017 109.345 -16.2339 10.3965 68.4431 1.49341 -13 541 1 0 1
-2.18099 5.04859 109.345 -7.81427 4.14549 67.2339 0.559823 -13 542 1 0 1
3.36067 -10.035 109.345 -3.8424 -8.02303 66.6374 0.0348327 -13 543 1 0 1
-1.22682 -3.81364 109.345 -6.59549 -2.78664 63.124 0.996027 -13 544 1 0 1
-11.4391 -33.5872 109.345 -14.8606 -23.5543 66.8888 1.70384 -13 545 1 0 1
-10.7234 -28.6718 109.345 -10.0758 -11.8486 41.7217 1.25927 -13 546 1 0 1
-13.0438 21.8702 109.345 -12.1217 11.5807 49.9859 -0.0344572 -13 547 1 0 1
-1.86668 8.18296 109.345 -7.02659 6.487 61.3408 2.84529 -13 548 1 0 1
-2.32692 -6.81398 109.345 -6.78357 -2.73935 57.4114 3.17245 -13 549 1 0 1
-2.15493 -11.2257 109.345 -5.81102 -2.62364 34.4178 2.14062 -13 551 1 0 1
-4.17233 5.49654 109.345 -10.6221 4.07931 73.033 1.76026 -13 555 1 0 1
0.161167 -0.178678 109.345 -5.60244 -0.566997 61.2357 3.01123 -13 557 1 0 1
-13.9576 -5.05925 109.345 -14.2542 -3.87417 60.0278 -2.02046 -13 558 1 0 1
1.83476 -4.64013 109.345 -5.6038 -4.37326 70.4061 0.1914 -13 564 1 0 1
-11.3584 11.7974 109.345 -14.5904 8.87045 69.4156 0.71006 -13 568 1 0 1
-7.73328 -8.99057 109.345 -10.613 -5.76173 60.5753 2.37485 -13 569 1 0 1
-9.69285 -15.387 109.345 -10.0436 -7.04089 50.2899 -1.7437 -13 570 1 0 1
-6.54481 -8.03107 109.345 -12.266 -7.13374 74.2965 0.36418 -13 572 1 0 1
-6.14454 -4.74015 109.345 -10.875 -3.30041 68.652 0.716028 -13 575 1 0 1
-9.25797 3.15105 109.345 -12.6509 0.149306 67.3941 -0.355213 -13 576 1 0 1
-7.44858 -11.3421 109.345 -11.1194 -5.39213 64.3947 -1.41781 -13 577 1 0 1
4.42214 -22.0887 109.345 -2.99554 -13.7518 61.4061 0.33274 -13 579 1 0 1
6.04062 4.75566 109.345 -1.97797 2.10246 62.6239 0.641821 -13 581 1 0 1
10.6411 3.55294 109.345 0.00484789 2.68896 49.1044 0.676541 -13 582 1 0 1
-1.03869 -1.02736 109.345 -7.51433 -1.35591 70.8704 0.0817693 -13 583 1 0 1
2.93381 6.19542 109.345 -4.36867 2.68115 64.443 -0.200614 -13 584 1 0 1
-6.17672 -16.2702 109.345 -11.3416 -12.2111 69.927 2.71274 -13 586 1 0 1
0.556144 -0.761127 109.345 -5.83755 0.501945 66.5195 -1.57692 -13 588 1 0 1
-8.90486 4.93992 109.345 -12.8486 2.81741 68.9933 -0.712374 -13 589 1 0 1
-12.2254 -3.1103 109.345 -15.0315 -2.75196 69.4799 -2.08132 -13 592 1 0 1
-3.92232 6.62203 109.345 -8.20065 2.41819 63.5863 2.5062 -13 593 1 0 1
-7.02425 -3.35255 109.345 -10.5281 -1.06132 63.0294 1.1526 -13 595 1 0 1
-6.50202 -13.3931 109.345 -13.9532 -11.2197 79.528 -1.21787 -13 598 1 0 1
-10.749 -16.5091 109.345 -10.4961 -8.28691 49.2463 1.24245 -13 600 1 0 1
-3.22039 -0.339257 109.345 -7.70378 -0.395811 58.9904 1.78896 -13 601 1 0 1
-13.807 -7.06606 109.345 -14.4925 -4.24648 62.0841 1.21992 -13 602 1 0 1
4.59609 -3.2464 109.345 -2.45066 -2.19684 47.8583 0.872195 -13 604 1 0 1
-12.8623 -36.9352 109.345 -13.1941 -20.0856 55.5941 0.705164 -13 605 1 0 1
3.81039 -3.18156 109.345 -3.99036 -2.13333 66.9258 3.18866 -13 606 1 0 1
5.87677 17.647 109.345 -3.59373 15.0462 75.7469 -0.223314 -13 607 1 0 1
-14.5982 1.92964 109.345 -12.9631 -0.0142262 52.1705 1.58859 -13 611 1 0 1
9.35124 5.68287 109.345 -0.361819 4.34083 57.1146 -1.59387 -13 612 1 0 1
7.50934 -14.8643 109.345 -2.22134 -5.60107 38.6681 2.22219 -13 613 1 0 1
-8.24347 -7.67883 109.345 -11.0393 -5.97786 63.2572 0.295581 -13 614 1 0 1
-2.05296 7.81507 109.345 -9.4527 6.94918 77.1698 0.320943 -13 616 1 0 1
-9.4452 -14.4464 109.345 -12.019 -8.3742 62.1955 -0.0832786 -13 617 1 0 1
-9.77407 36.0373 109.345 30.0376 29.2307 32.5251 -0.330435 -13 618 1 0 1
7.95368 21.9325 109.345 -1.38924 11.9041 50.8347 1.4314 -13 619 1 0 1
-14.5297 4.72634 109.345 -19.0534 3.37817 75.4878 -1.66497 -13 620 1 0 1
-4.83574 -12.4885 109.345 -8.44378 -5.86113 59.0779 1.3173 -13 621 1 0 1
3.966 -41.3968 109.345 -3.74119 -21.3394 54.7999 1.0477 -13 622 1 0 1
-13.1388 -4.57505 109.345 -13.411 -1.45406 58.9935 0.340587 -13 623 1 0 1
-2.7162 -7.45647 109.345 -7.53355 -5.58557 64.5946 0.306455 -13 624 1 0 1
1.33934 1.37963 109.345 -5.96215 0.00410273 70.5854 3.02629 -13 626 1 0 1
-6.14118 -23.1253 109.345 -11.095 -15.6345 69.8425 0.726315 -13 628 1 0 1
-11.8822 21.7048 109.345 -13.468 14.5372 63.1859 0.810356 -13 629 1 0 1
-8.55733 4.39968 109.345 -10.155 2.90606 57.9913 -0.00324047 -13 631 1 0 1
-12.8245 -11.5847 109.345 -14.7238 -7.32291 64.9322 -0.902911 -13 632 1 0 1
12.4742 -1.56694 109.345 1.29594 -0.235099 52.75 0.901318 -13 635 1 0 1
2.82604 -0.830143 109.345 -5.10352 -1.30059 72.0919 0.662507 -13 637 1 0 1
0.305957 -13.5509 109.345 -6.11735 -8.83077 65.6265 -1.35555 -13 639 1 0 1
-2.33885 10.8518 109.345 -6.09607 4.15919 38.4524 -1.26974 -13 640 1 0 1
0.87985 -19.1431 109.345 -5.47733 -12.2338 61.3199 -0.68366 -13 641 1 0 1
-2.92448 -12.8695 109.345 -6.9006 -6.49608 57.0711 0.625152 -13 642 1 0 1
-13.2578 -17.0421 109.345 -16.0265 -11.8775 68.3151 0.207954 -13 643 1 0 1
-3.15095 -14.5015 109.345 -7.22473 -7.79331 56.3096 1.66973 -13 645 1 0 1
1.87014 2.56898 109.345 -4.91087 2.18746 68.1671 0.464686 -13 649 1 0 1
-11.0376 -7.99563 109.345 -15.3055 -4.82922 71.9541 1.51334 -13 650 1 0 1
-5.28557 3.54781 109.345 -10.0989 2.13467 67.2929 1.06739 -13 651 1 0 1
-12.6464 -4.65471 109.345 -14.5133 -3.45388 64.2847 1.58758 -13 652 1 0 1
-7.13254 -8.36041 109.345 -11.4127 -4.76594 67.3294 1.19498 -13 653 1 0 1
0.62737 -6.40245 109.345 -4.15855 -2.4862 40.296 0.421616 -13 654 1 0 1
3.10912 -0.489684 109.345 -3.81562 1.11259 61.0941 1.21094 -13 657 1 0 1
-13.8558 -12.5171 109.345 -16.1562 -6.96599 66.9265 2.78831 -13 659 1 0 1
-8.81764 0.169626 109.345 -12.1589 0.47357 65.3959 -0.935847 -13 660 1 0 1
0.931139 5.34272 109.345 -4.90287 3.76867 57.436 1.06294 -13 663 1 0 1
-15.4835 -13.1909 109.345 -11.2545 -17.3146 51.9641 2.2901 -13 664 1 0 1
-12.594 -5.92513 109.345 -17.1341 -5.15263 74.8363 0.824195 -13 665 1 0 1
-10.7623 -0.097908 109.345 -12.1851 0.256567 58.9524 -1.55019 -13 667 1 0 1
-11.6802 -19.2765 109.345 -0.0689643 -3.3717 10.5785 2.29482 -13 668 1 0 1
-6.18091 -20.583 109.345 -10.2384 -13.5518 66.0667 1.94684 -13 669 1 0 1
-2.7486 -13.6225 109.345 -8.94699 -9.36499 71.6987 0.563027 -13 670 1 0 1
7.92023 -21.1339 109.345 -0.987652 -12.9251 62.2416 1.07343 -13 671 1 0 1
5.47477 14.6282 109.345 -2.85342 7.95349 56.3965 2.18904 -13 672 1 0 1
-10.4242 36.2743 109.345 -11.8844 19.8293 56.0957 0.973305 -13 673 1 0 1
9.91944 7.74141 109.345 -0.176824 4.90611 62.5337 1.44075 -13 674 1 0 1
11.9315 9.3451 109.345 0.580918 5.38561 49.7261 0.524298 -13 676 1 0 1
11.7663 -3.27997 109.345 1.11333 -2.70205 66.8126 1.56841 -13 677 1 0 1
-13.7074 19.0738 109.345 -16.4523 15.8044 68.848 2.10136 -13 678 1 0 1
-10.4099 -7.20275 109.345 -14.5125 -7.70412 71.5989 -2.69625 -13 681 1 0 1
-11.8337 -9.75046 109.345 -12.9549 -5.56964 59.795 0.394154 -13 684 1 0 1
-0.154724 15.65 109.345 -6.7029 11.0182 69.0362 0.971946 -13 686 1 0 1
0.0508592 4.29752 109.345 -5.14875 3.04645 52.7608 2.34666 -13 687 1 0 1
-11.6737 6.66128 109.345 -13.8876 3.29175 65.0288 0.546781 -13 688 1 0 1
5.38504 -19.6236 109.345 -2.42686 -12.6343 59.9754 1.61513 -13 690 1 0 1
-4.82855 0.555048 109.345 -9.35272 -0.832378 63.9819 -1.36824 -13 691 1 0 1
-14.1279 4.82316 109.345 -14.5446 1.39682 60.3166 -0.33947 -13 692 1 0 1
-1.84641 10.9381 109.345 -6.3359 3.22797 50.0978 2.52491 -13 693 1 0 1
-6.35419 -15.1917 109.345 -10.3154 -8.34995 63.8768 2.95838 -13 694 1 0 1
-9.65877 12.4693 109.345 -12.0953 8.03035 63.0236 0.948831 -13 696 1 0 1
-14.8491 10.2557 109.345 -17.4328 7.84762 68.3543 1.10184 -13 697 1 0 1
12.244 -15.7044 109.345 0.677759 -6.29685 44.5164 0.0683529 -13 699 1 0 1
-4.04638 -3.73946 109.345 -9.95593 -2.60852 71.6228 1.95083 -13 700 1 0 1
-2.14656 12.5985 109.345 -8.00808 10.0058 69.3917 1.90708 -13 701 1 0 1
-3.24579 3.57679 109.345 -6.60049 1.81704 43.878 2.1019 -13 702 1 0 1
3.29263 18.5609 109.345 -3.50328 11.5803 56.5907 0.180802 -13 704 1 0 1
-7.85722 7.63555 109.345 -9.38198 3.5478 52.6386 2.09633 -13 705 1 0 1
-9.54658 5.13211 109.345 -13.7507 5.78847 70.7831 3.88138 -13 707 1 0 1
-11.9255 -9.13098 109.345 -13.6638 -6.777 63.8753 0.681885 -13 709 1 0 1
-3.69931 -3.53154 109.345 -6.38642 -2.55781 43.8282 -0.184835 -13 710 1 0 1
-1.58592 1.41909 109.345 -6.09134 -0.305644 50.2897 0.381774 -13 711 1 0 1
-13.2811 -16.6652 109.345 -15.6178 -10.9012 66.5632 1.97611 -13 712 1 0 1
-12.5796 -12.4217 109.345 -18.5998 -10.8359 78.2704 0.541527 -13 713 1 0 1
-9.3382 0.877435 109.345 -9.71729 -0.556684 48.4856 2.37788 -13 714 1 0 1
3.72944 15.6576 109.345 -3.10038 7.76188 50.286 1.93403 -13 716 1 0 1
-9.80016 -5.78344 109.345 -10.2587 -3.36165 51.8285 2.47976 -13 717 1 0 1
-15.6725 0.016744 109.345 -7.94411 1.63695 31.6138 1.51763 -13 718 1 0 1
-2.93522 4.42669 109.345 -8.89866 4.23936 71.2611 0.465076 -13 719 1 0 1
-9.55 18.9808 109.345 -12.3232 12.3182 63.944 2.68851 -13 720 1 0 1
0.625033 -17.4461 109.345 -6.56681 -12.1601 70.5366 0.483964 -13 721 1 0 1
-0.178949 -10.5599 109.345 -5.4423 -6.05126 53.0005 -0.844358 -13 722 1 0 1
-8.1042 -8.26942 109.345 -10.7908 -3.90742 60.189 -0.580624 -13 723 1 0 1
-7.60608 15.9893 109.345 -12.4822 10.6682 70.868 2.5715 -13 724 1 0 1
14.0564 -20.3009 109.345 2.19655 -11.1579 54.1496 -0.296363 -13 726 1 0 1
-0.872223 5.21549 109.345 -5.58353 2.50976 44.2277 2.71822 -13 727 1 0 1
-2.01168 40.2903 109.345 -6.48189 16.5992 39.5885 0.536215 -13 728 1 0 1
-2.96937 -8.20202 109.345 -10.0327 -5.75935 75.4323 -1.27711 -13 729 1 0 1
-1.68611 0.817255 109.345 -7.79464 -3.08836 70.9889 2.81376 -13 734 1 0 1
-3.59541 12.3125 109.345 -6.84037 5.72686 46.2933 0.54652 -13 736 1 0 1
-15.9038 15.3948 109.345 -23.0529 -5.47042 36.9132 2.68841 -13 737 1 0 1
7.68486 1.46833 109.345 -1.1385 1.75367 58.8409 2.16879 -13 738 1 0 1
-0.857208 -3.63966 109.345 -6.14746 -1.15211 59.0388 -0.514502 -13 739 1 0 1
-14.2933 0.672588 109.345 -17.3332 0.259723 70.9266 1.34018 -13 740 1 0 1
13.0472 4.63594 109.345 -2.58968 1.23224 21.7544 3.21735 -13 741 1 0 1
-13.4418 5.29517 109.345 -16.168 4.54381 70.0417 1.89534 -13 743 1 0 1
7.2172 15.6266 109.345 -2.22578 10.7979 72.2151 2.51442 -13 745 1 0 1
-13.5524 -8.60755 109.345 -15.5839 -5.77461 66.2174 -1.23356 -13 746 1 0 1
-6.12186 -3.9081 109.345 -10.4739 -2.46214 67.1338 0.757557 -13 747 1 0 1
-1.67096 -11.5358 109.345 -8.43698 -8.49061 72.1797 1.68224 -13 749 1 0 1
-8.12029 9.51957 109.345 -10.9986 3.20594 63.0665 1.30992 -13 750 1 0 1
-13.16 19.0444 109.345 -14.9318 13.6622 64.7709 0.109239 -13 752 1 0 1
-10.8209 4.10737 109.345 -12.6188 1.42913 62.9556 -0.435895 -13 753 1 0 1
-0.899973 -3.16491 109.345 -8.13586 -2.91622 74.9458 -0.887838 -13 755 1 0 1
-2.26343 10.1556 109.345 -8.0398 8.35354 67.4486 -0.461056 -13 756 1 0 1
11.6369 -10.3134 109.345 1.06584 -4.98406 53.4693 -0.439038 -13 757 1 0 1
-3.11479 -10.2865 109.345 -6.6676 -7.27857 55.8402 1.00771 -13 758 1 0 1
5.39233 -17.0527 109.345 -2.80835 -11.1459 62.1382 1.75973 -13 759 1 0 1
-5.17734 9.77557 109.345 -8.09424 5.14057 53.4551 0.871146 -13 760 1 0 1
-4.4065 -11.0829 109.345 -8.34906 -5.80588 58.7237 1.32006 -13 761 1 0 1
9.90893 9.53086 109.345 0.00123761 7.16227 60.865 1.88683 -13 763 1 0 1
-1.02517 4.48783 109.345 -7.41578 3.50578 70.1381 -2.03028 -13 764 1 0 1
-12.5043 -9.46014 109.345 -13.6034 -6.46563 63.2032 0.0454143 -13 765 1 0 1
-7.38035 -3.8812 109.345 -9.87099 -2.72749 57.7099 0.188175 -13 767 1 0 1
4.24548 -31.0315 109.345 -3.70222 -20.3661 65.5473 1.21695 -13 768 1 0 1
-6.19793 -3.69058 109.345 -7.2873 -2.36282 38.5919 0.973571 -13 769 1 0 1
-12.7787 -32.696 109.345 -9.86596 -12.0375 35.1504 0.244734 -13 771 1 0 1
1.76384 -4.63925 109.345 -4.14568 -3.16987 55.6476 0.473982 -13 772 1 0 1
4.14107 0.454031 109.345 -4.69141 0.709432 76.7747 1.04534 -13 773 1 0 1
14.0542 -6.77323 109.345 2.86655 -5.00554 61.5013 0.53744 -13 775 1 0 1
-14.7817 9.94799 109.345 -13.3163 5.56533 53.4194 3.19035 -13 776 1 0 1
-10.1541 18.5289 109.345 -9.92064 9.78684 45.7848 3.32991 -13 778 1 0 1
1.60931 -1.44786 109.345 -4.7185 -0.756853 67.6384 -0.334332 -13 780 1 0 1
-14.8225 -14.5573 109.345 -15.2433 -8.92967 60.8812 1.11987 -13 782 1 0 1
5.87874 -8.59254 109.345 -2.08351 -4.58467 59.1511 1.60669 -13 783 1 0 1
8.66237 5.39412 109.345 -1.01165 1.95075 47.8692 -0.303153 -13 787 1 0 1
6.11487 -1.64151 109.345 -2.39088 -2.80589 71.1468 0.990862 -13 789 1 0 1
-5.59126 -5.77344 109.345 -9.26959 -4.88526 59.43 2.627 -13 790 1 0 1
0.412421 -18.5534 109.345 -6.04218 -13.6023 67.0925 -0.842304 -13 791 1 0 1
-14.9233 -2.1441 109.345 -15.8635 -1.2224 64.9131 2.77521 -13 792 1 0 1
-0.501725 -2.03115 109.345 -5.61628 -1.95078 52.8401 2.45364 -13 793 1 0 1
-9.78423 -1.81856 109.345 -9.61096 -2.07252 46.951 -0.101325 -13 797 1 0 1
-9.10189 23.4957 109.345 -14.2369 17.4514 72.2213 2.55245 -13 798 1 0 1
-10.7842 8.23916 109.345 -12.558 4.58246 61.4532 1.51505 -13 799 1 0 1
5.79988 4.93941 109.345 -2.13211 1.45666 69.2731 2.79264 -13 801 1 0 1
-11.4968 -11.4095 109.345 -13.7034 -8.389 64.5502 -0.694983 -13 802 1 0 1
-3.94345 3.32233 109.345 -10.6038 4.63206 74.9723 -1.14912 -13 803 1 0 1
14.4383 1.13866 109.345 1.9818 0.874199 50.8636 0.198591 -13 804 1 0 1
-2.80396 0.752225 109.345 -7.01481 0.0808769 56.3403 1.63063 -13 806 1 0 1
-15.7368 -4.37056 109.345 -16.1862 -15.0239 61.4172 -0.133329 -13 810 1 0 1
-5.3047 5.80818 109.345 -10.0499 4.84633 69.549 0.346911 -13 811 1 0 1
-0.132626 16.3905 109.345 -5.66013 10.0677 56.0875 1.40544 -13 813 1 0 1
-8.04982 0.97464 109.345 -10.7034 1.7895 61.7215 1.31239 -13 814 1 0 1
0.682932 13.074 109.345 -5.01237 7.54157 55.0201 -1.40594 -13 815 1 0 1
-6.00275 -3.62841 109.345 -12.481 -2.70652 75.8528 2.02089 -13 816 1 0 1
-3.75742 -17.0549 109.345 -6.89034 -8.96825 47.9256 0.607169 -13 820 1 0 1
-6.64527 -4.60542 109.345 -8.49117 -1.32487 51.9349 -1.07487 -13 821 1 0 1
-2.61977 -5.33394 109.345 -6.69561 -3.8399 56.7286 0.541443 -13 823 1 0 1
-9.63533 11.7306 109.345 -12.7696 8.92491 65.2603 -0.819686 -13 826 1 0 1
-5.96506 -17.9333 109.345 -9.55281 -11.9401 61.3577 3.2596 -13 827 1 0 1
-11.2405 5.29021 109.345 -13.0291 2.32574 63.1609 -1.87546 -13 828 1 0 1
7.86142 -33.5499 109.345 -2.10065 -16.5372 48.2696 1.51129 -13 829 1 0 1
-7.6677 -16.0638 109.345 -10.9308 -10.495 62.9379 0.422871 -13 830 1 0 1
-2.26012 -4.29917 109.345 -7.6979 -3.67928 65.3055 2.55503 -13 831 1 0 1
-10.8501 -11.8113 109.345 -11.257 -6.77194 54.2299 1.00668 -13 832 1 0 1
-6.11888 -20.1703 109.345 -9.58025 -12.3455 59.42 0.983966 -13 833 1 0 1
-15.42 -14.6273 109.345 5.7395 -4.64156 20.3671 0.386932 -13 834 1 0 1
-14.2649 -18.7588 109.345 -19.1281 -14.845 74.8317 -0.413436 -13 835 1 0 1
1.76172 18.2279 109.345 -5.41565 12.4398 65.1723 0.459603 -13 836 1 0 1
9.01096 -22.2162 109.345 -0.531153 -12.9136 66.2649 1.60704 -13 837 1 0 1
-3.86833 14.2626 109.345 -9.68651 8.57764 70.4986 -0.779804 -13 838 1 0 1
-9.01899 -13.776 109.345 -10.1634 -6.57841 54.274 0.235294 -13 839 1 0 1
-13.8106 -3.83314 109.345 -17.0155 -2.24877 71.4867 -0.432928 -13 842 1 0 1
-14.2749 -18.4471 109.345 -17.8414 -15.4382 71.1409 1.0329 -13 843 1 0 1
-0.163156 -0.282892 109.345 -5.69183 0.615137 59.9753 1.58568 -13 845 1 0 1
4.60265 -25.6295 109.345 -3.71654 -8.73089 36.2006 1.34835 -13 846 1 0 1
2.42061 -11.2206 109.345 -4.11195 -4.27662 58.1005 -0.550112 -13 847 1 0 1
-12.2143 7.72686 109.345 -11.9128 3.38551 53.7955 -0.158149 -13 848 1 0 1
-0.726941 -8.05652 109.345 -7.15144 -5.29317 68.5434 -0.326632 -13 850 1 0 1
-12.8188 8.55876 109.345 15.7897 -7.44094 53.7364 0.147136 -13 851 1 0 1
-0.311062 0.658263 109.345 -8.11575 0.830419 75.265 1.03343 -13 852 1 0 1
-13.5604 4.35214 109.345 -13.9562 2.57319 59.7992 1.68957 -13 853 1 0 1
-7.29592 2.71222 109.345 -11.9885 0.177135 68.7019 -0.267422 -13 854 1 0 1
-1.3266 -6.0795 109.345 -6.80141 -2.03825 65.8118 -0.300839 -13 857 1 0 1
-10.1356 -3.61739 109.345 -10.5576 -1.37293 53.907 2.23769 -13 859 1 0 1
-13.4227 5.36925 109.345 -15.2193 3.73386 66.013 1.89195 -13 860 1 0 1
-11.5223 -8.27687 109.345 -16.3153 -6.62595 75.2436 -1.2908 -13 861 1 0 1
-10.2773 6.73743 109.345 -12.405 4.88666 62.3317 0.508362 -13 862 1 0 1
-12.0865 -1.30571 109.345 -13.165 -0.366439 61.1655 -0.0120826 -13 864 1 0 1
-15.1444 -7.96737 109.345 -6.54708 12.8084 46.9928 2.4354 -13 865 1 0 1
-4.69203 21.3349 109.345 -8.24406 12.9707 55.1299 0.588287 -13 866 1 0 1
2.04198 13.03 109.345 -5.85882 8.7782 73.9304 -0.113759 -13 867 1 0 1
-13.9744 2.13428 109.345 -18.9961 0.636888 76.3297 -1.10473 -13 868 1 0 1
-8.51624 -7.59843 109.345 -10.7987 -5.23911 58.7848 1.36839 -13 870 1 0 1
-7.55933 -26.2814 109.345 -11.2394 -17.2966 63.4615 -0.596089 -13 871 1 0 1
-1.37941 3.7732 109.345 -7.74378 1.68956 71.142 -0.529565 -13 873 1 0 1
-14.1621 11.0596 109.345 -15.6534 7.50378 64.8766 3.15979 -13 874 1 0 1
1.11177 8.32047 109.345 -6.65153 5.65757 74.8721 0.530608 -13 876 1 0 1
-3.48577 16.5891 109.345 -8.61725 13.5258 67.61 -1.44058 -13 877 1 0 1
-7.59697 15.1089 109.345 -12.6777 12.3069 71.4483 -3.16128 -13 878 1 0 1
0.751324 -10.8965 109.345 -5.74645 -7.76662 68.109 1.37152 -13 880 1 0 1
-4.82528 -10.7555 109.345 -8.16372 -6.0798 56.057 2.44976 -13 881 1 0 1
8.36972 28.1936 109.345 -1.50506 20.5108 73.0896 -0.0192271 -13 882 1 0 1
7.79294 23.9 109.345 -1.69806 16.0727 63.5109 0.232121 -13 883 1 0 1
12.1967 8.42341 109.345 -0.190868 3.60468 37.2485 0.654587 -13 885 1 0 1
-2.40591 -3.66389 109.345 -10.2061 -5.36505 78.953 2.8412 -13 886 1 0 1
-3.47054 3.33732 109.345 -6.97391 0.746964 55.326 0.657542 -13 888 1 0 1
-12.4923 -7.11247 109.345 -12.4757 -3.72356 55.6723 -0.0140336 -13 889 1 0 1
1.73515 -22.2376 109.345 -5.41441 -15.3664 67.2134 -0.600016 -13 890 1 0 1
-10.8585 -2.2362 109.345 -8.73405 -0.525396 33.1965 -0.238408 -13 891 1 0 1
-12.3913 -3.16842 109.345 -15.4841 -0.52203 70.0553 0.959374 -13 892 1 0 1
3.79817 -7.03655 109.345 -4.61724 -4.83732 76.0881 0.467853 -13 894 1 0 1
-14.3246 -9.63785 109.345 -12.3031 -4.53539 47.1964 -1.09531 -13 897 1 0 1
-4.37358 0.060521 109.345 -8.03234 0.553752 55.3993 -0.0965992 -13 898 1 0 1
12.6055 5.32982 109.345 2.03791 4.11215 61.6349 0.274906 -13 899 1 0 1
-2.02979 2.92138 109.345 -7.84696 0.56583 68.0638 1.09692 -13 901 1 0 1
10.5638 -5.21485 109.345 0.513287 -3.79742 55.1598 1.16324 -13 902 1 0 1
-8.30851 -16.1041 109.345 -13.6155 -9.28352 73.1146 1.64945 -13 903 1 0 1
-1.13621 -4.2202 109.345 -6.38279 -3.66605 58.408 2.50606 -13 904 1 0 1
-8.57183 11.4904 109.345 -12.1024 6.56597 66.3314 0.826451 -13 907 1 0 1
-7.79968 -13.0755 109.345 -12.9903 -8.17599 71.6418 1.1764 -13 909 1 0 1
-12.2969 -7.51836 109.345 -15.2441 -5.42238 68.7124 0.337896 -13 910 1 0 1
-9.20428 36.5436 109.345 -9.47306 15.5728 40.6611 0.123366 -13 911 1 0 1
-1.8451 23.963 109.345 -7.01717 11.6981 54.1108 -0.203676 -13 912 1 0 1
-11.4044 14.7436 109.345 -18.0526 13.6248 77.0038 1.77227 -13 913 1 0 1
-1.97604 -14.1054 109.345 -6.99819 -7.89133 60.8943 -0.313366 -13 915 1 0 1
-14.3248 5.38866 109.345 -15.4179 2.62466 64.4703 -0.0836666 -13 919 1 0 1
0.903098 -2.40027 109.345 -4.72585 -2.13134 33.87 1.23156 -13 921 1 0 1
-10.0959 5.50679 109.345 -13.1926 2.817 66.9893 -0.538765 -13 924 1 0 1
-13.5086 11.7964 109.345 -14.2256 7.48528 60.2601 0.916826 -13 925 1 0 1
-11.5251 -5.01595 109.345 -13.5164 -1.8318 66.4028 1.06115 -13 927 1 0 1
-9.59038 -9.18286 109.345 -10.9654 -5.58715 56.4225 0.340321 -13 928 1 0 1
-12.0615 -1.19043 109.345 -14.8665 -0.897196 68.6213 1.83387 -13 930 1 0 1
5.04432 -2.51874 109.345 -2.83866 -2.72663 63.1185 2.52403 -13 931 1 0 1
-0.589453 17.6588 109.345 -7.0036 13.1255 67.7332 1.53527 -13 933 1 0 1
-14.9136 4.63873 109.345 -18.2808 4.07511 72.2969 -0.0742233 -13 934 1 0 1
11.5237 -2.18027 109.345 1.584 0.170179 61.1794 0.575843 -13 936 1 0 1
-12.1537 -5.90934 109.345 -16.0347 -2.69661 71.5195 0.270053 -13 938 1 0 1
-14.6885 -2.50154 109.345 -14.3959 -1.42356 59.4166 0.000380342 -13 939 1 0 1
-11.0983 1.51154 109.345 -13.4534 2.07391 65.7305 0.725667 -13 941 1 0 1
8.11577 -2.60159 109.345 -1.30836 -1.93332 72.2624 1.03465 -13 942 1 0 1
-0.258595 -5.78251 109.345 -6.60376 -3.34255 67.3821 1.92218 -13 943 1 0 1
-14.6462 3.57168 109.345 -12.6776 3.16526 50.8133 0.180539 -13 944 1 0 1
-6.5954 21.7869 109.345 -11.6646 16.4934 69.4161 1.38418 -13 945 1 0 1
-14.3666 11.126 109.345 -11.5109 4.91763 43.2073 -0.0465131 -13 946 1 0 1
2.82024 0.343578 109.345 -4.18341 1.35843 65.1387 -0.66033 -13 947 1 0 1
-4.13899 1.83283 109.345 -7.183 1.69084 48.4106 1.94382 -13 948 1 0 1
-13.3815 8.85575 109.345 -14.5447 5.05078 63.9656 0.589197 -13 950 1 0 1
2.48458 -8.01117 109.345 -4.148 -4.80823 59.4243 3.22124 -13 952 1 0 1
-6.92991 -9.23648 109.345 -10.0644 -5.79647 58.5125 0.824332 -13 953 1 0 1
-9.1123 -28.5595 109.345 -10.4109 -15.2302 53.2619 0.374079 -13 954 1 0 1
-2.99544 -7.88048 109.345 -7.69958 -6.52298 60.1617 1.09273 -13 955 1 0 1
-15.0808 4.88439 109.345 -14.3174 -1.7597 49.4406 0.51662 -13 956 1 0 1
9.87032 -9.90143 109.345 0.119522 -6.5304 62.2234 0.947128 -13 959 1 0 1
-14.3462 5.0891 109.345 -17.7299 3.15591 72.0715 -1.52198 -13 960 1 0 1
-2.30006 -9.91178 109.345 -6.36985 -4.74513 55.0933 0.779761 -13 961 1 0 1
0.90619 -3.04039 109.345 -4.4849 -1.16189 34.7467 1.57456 -13 962 1 0 1
12.1904 -4.32085 109.345 1.64228 -5.63396 68.3642 2.50461 -13 963 1 0 1
-9.69456 0.984985 109.345 -11.3822 0.148252 60.7001 2.50129 -13 964 1 0 1
-13.4388 -13.0312 109.345 -14.656 -8.81757 62.5895 1.95887 -13 965 1 0 1
0.445136 -2.49233 109.345 -4.80854 -0.743173 53.9953 1.1798 -13 967 1 0 1
-3.18911 -11.8859 109.345 -6.42835 -6.34281 49.4082 1.23522 -13 969 1 0 1
1.8403 -11.4196 109.345 -4.93761 -8.08009 64.2591 0.471933 -13 970 1 0 1
1.13418 0.852959 109.345 -5.42326 2.20862 68.3638 -0.617889 -13 971 1 0 1
-15.5423 7.81099 109.345 -8.21443 13.7067 52.5427 -0.0791326 -13 974 1 0 1
-5.01596 16.0892 109.345 -9.113 9.37078 63.3571 -0.0952142 -13 982 1 0 1
-14.774 5.94168 109.345 -17.2987 6.39922 69.44 0.219831 -13 983 1 0 1
-10.0319 3.90025 109.345 -11.5885 2.72678 58.8893 1.48555 -13 985 1 0 1
-4.69245 -26.7104 109.345 -8.7488 -16.3084 59.03 1.04899 -13 987 1 0 1
-3.73918 -10.2983 109.345 -8.98563 -6.53198 69.1334 1.61737 -13 989 1 0 1
-11.5305 -8.68867 109.345 -14.4016 -7.72421 68.0471 0.835218 -13 990 1 0 1
-1.40963 -12.7569 109.345 -5.37637 -6.06305 49.5177 2.33376 -13 993 1 0 1
-0.921314 1.59548 109.345 -6.50262 1.42133 63.9801 -1.2212 -13 995 1 0 1
-14.831 -4.97994 109.345 -12.5585 -2.36171 48.2248 3.1195 -13 997 1 0 1
3.9717 -2.93341 109.345 -3.18917 -1.3872 56.8316 0.611209 -13 999 1 0 1
