#BLTrackFile NTuple/Z75
#x y z Px Py Pz t PDGid EventID TrackID ParentID Weight
#mm mm mm MeV/c MeV/c MeV/c ns - - - - -
2.23544 -6.66912 74.9003 8.45382 -6.07378 72.9414 -0.750633 -13 1 1 0 1
14.9449 2.89332 74.9003 21.545 -1.67145 78.1221 0.350798 -13 2 1 0 1
6.36692 -4.04137 74.9003 13.0744 -4.61145 70.8952 1.31002 -13 3 1 0 1
-3.23274 -3.83897 74.9003 0.614417 -2.38992 78.9673 0.744457 -13 4 1 0 1
-3.48108 0.915378 74.9003 5.06424 -0.772046 61.7579 0.935646 -13 5 1 0 1
-2.62922 -1.92019 74.9003 2.78457 -0.87347 74.9698 -0.371634 -13 6 1 0 1
7.0888 -5.53575 74.9003 15.2335 -4.61543 60.1114 -0.442483 -13 7 1 0 1
-1.83431 8.37124 74.9003 7.81387 8.68661 47.8507 0.446618 -13 8 1 0 1
15.4094 11.3222 74.9003 13.9674 11.3838 54.1174 1.55677 -13 9 1 0 1
11.6263 -3.6044 74.9003 19.6272 -2.21864 64.5149 1.12168 -13 10 1 0 1
12.7881 9.0676 74.9003 19.9454 9.30602 69.5451 -0.103937 -13 11 1 0 1
2.82059 -9.1044 74.9003 11.0023 -9.63882 60.231 2.13386 -13 12 1 0 1
13.2751 -8.84076 74.9003 21.0224 -8.5585 64.4006 1.91331 -13 15 1 0 1
10.9434 8.96198 74.9003 18.6396 9.88456 62.5784 -0.217242 -13 17 1 0 1
1.85918 -9.25835 74.9003 10.6279 -8.58295 52.0428 1.88956 -13 18 1 0 1
-3.41019 5.42632 74.9003 3.57391 6.50424 65.9918 0.553725 -13 19 1 0 1
7.15959 -13.9987 74.9003 14.739 -13.08 62.6217 3.39621 -13 20 1 0 1
3.24936 3.99859 74.9003 11.803 5.79239 56.6143 -0.72341 -13 22 1 0 1
6.38525 19.4821 74.9003 13.9761 12.8344 43.0347 1.0486 -13 23 1 0 1
-2.86445 11.4505 74.9003 6.38786 9.82511 55.0192 1.17162 -13 24 1 0 1
13.8374 -3.07319 74.9003 21.2643 -1.21475 68.3831 0.719397 -13 25 1 0 1
5.47984 5.63935 74.9003 13.1366 6.13673 66.8494 0.30346 -13 26 1 0 1
3.174 -8.42569 74.9003 10.538 -5.40159 66.076 1.8947 -13 27 1 0 1
15.1665 -9.23552 74.9003 23.5358 -10.3878 67.2836 0.683146 -13 28 1 0 1
3.84327 5.3239 74.9003 11.1004 7.22522 66.2823 1.45104 -13 30 1 0 1
6.04393 2.24159 74.9003 12.729 3.64738 71.191 0.14885 -13 31 1 0 1
1.54635 3.68906 74.9003 9.63828 3.74509 62.3804 -0.040194 -13 32 1 0 1
-8.07936 3.01314 74.9003 -0.807603 4.52158 67.1987 -0.175025 -13 34 1 0 1
-11.2606 -12.9292 74.9003 -5.99338 -13.0184 72.7516 2.61621 -13 35 1 0 1
10.6569 2.7888 74.9003 18.4421 5.26787 64.5385 -0.665774 -13 36 1 0 1
7.78413 -6.11977 74.9003 14.0438 -8.89003 78.8303 -1.05106 -13 37 1 0 1
10.3428 -12.0334 74.9003 17.779 -11.939 57.8822 1.91947 -13 38 1 0 1
3.03362 8.52341 74.9003 10.7807 6.84774 51.5883 1.259 -13 40 1 0 1
4.46741 1.18695 74.9003 11.5365 -0.85428 67.6628 1.68272 -13 42 1 0 1
-2.18428 -2.73895 74.9003 0.389737 -3.61882 79.9385 0.7118 -13 43 1 0 1
13.3639 2.27802 74.9003 20.2524 1.13537 53.4766 1.12718 -13 44 1 0 1
10.0425 -7.72693 74.9003 17.1079 -7.82777 66.1367 0.83236 -13 46 1 0 1
8.10635 14.0745 74.9003 15.4832 10.3807 58.0559 1.39155 -13 47 1 0 1
1.06746 6.23598 74.9003 8.07564 9.06926 66.1764 1.13045 -13 48 1 0 1
10.7274 -15.2117 74.9003 17.9769 -19.5877 66.2767 -0.115301 -13 49 1 0 1
11.3367 5.40439 74.9003 18.2087 3.84659 70.8773 0.118496 -13 51 1 0 1
5.73347 13.0022 74.9003 13.8723 11.6204 54.3253 0.560135 -13 52 1 0 1
3.84571 -5.70211 74.9003 10.4379 -7.24389 70.3615 1.31855 -13 55 1 0 1
3.87955 0.091345 74.9003 11.8647 1.44037 62.9673 0.0272513 -13 58 1 0 1
8.60091 -8.51517 74.9003 16.035 -8.84427 66.3521 2.38194 -13 59 1 0 1
5.38676 6.53767 74.9003 13.2169 7.40107 61.9948 -0.408379 -13 61 1 0 1
9.53333 0.0277995 74.9003 17.0204 2.1125 68.7107 -0.13769 -13 62 1 0 1
7.30822 -0.881579 74.9003 15.0591 -0.150552 58.9659 0.58285 -13 64 1 0 1
12.4655 2.3583 74.9003 19.9647 1.4295 63.1715 -1.01677 -13 65 1 0 1
6.23157 1.52169 74.9003 13.4219 1.07435 70.4791 0.857288 -13 66 1 0 1
11.9529 -2.51076 74.9003 19.5636 -0.785209 58.9235 -0.233585 -13 67 1 0 1
11.8896 15.3076 74.9003 18.8142 10.9676 50.8403 -0.472942 -13 68 1 0 1
4.3708 -7.22729 74.9003 12.3993 -7.36125 62.3494 0.427401 -13 69 1 0 1
4.40103 -5.09787 74.9003 9.55599 -10.535 79.9125 0.613005 -13 70 1 0 1
4.33523 2.44499 74.9003 12.9509 0.369298 59.7065 -1.01718 -13 71 1 0 1
3.22361 0.428604 74.9003 9.32725 -1.87025 73.9628 -0.512581 -13 73 1 0 1
11.1735 10.4096 74.9003 18.454 9.44269 56.2149 0.721713 -13 74 1 0 1
8.75242 6.08006 74.9003 15.4741 5.79144 73.8538 -2.46016 -13 75 1 0 1
16.2326 2.20364 74.9003 13.3768 -0.906208 48.2525 -1.31905 -13 76 1 0 1
10.9816 3.5237 74.9003 18.0071 0.74705 55.326 2.85141 -13 77 1 0 1
2.68157 -0.536202 74.9003 10.6785 -1.69493 59.6394 -0.310787 -13 78 1 0 1
12.025 -2.86342 74.9003 19.1892 -3.12288 60.5203 1.88364 -13 79 1 0 1
13.3963 -3.70592 74.9003 20.7079 -2.4022 69.9733 0.466972 -13 80 1 0 1
10.9162 6.79727 74.9003 17.8887 10.9246 68.0586 0.504044 -13 81 1 0 1
3.80812 0.637913 74.9003 12.0338 1.61131 61.8451 1.6647 -13 82 1 0 1
0.321046 16.7932 74.9003 7.59577 19.2156 67.5594 0.462094 -13 83 1 0 1
-7.0054 -3.52733 74.9003 0.555337 -3.88139 64.1813 0.594219 -13 84 1 0 1
10.003 2.43387 74.9003 17.4418 1.88341 74.1174 1.55877 -13 85 1 0 1
11.6004 -2.7639 74.9003 19.104 -6.42817 65.8652 0.259581 -13 86 1 0 1
14.7296 -6.73518 74.9003 20.9417 -5.9445 48.2032 1.36726 -13 87 1 0 1
3.76013 -6.147 74.9003 11.11 -6.17858 67.7568 0.0369087 -13 88 1 0 1
12.1189 -3.57122 74.9003 19.2217 -1.65309 59.8178 -0.105749 -13 89 1 0 1
8.15815 5.29181 74.9003 15.9266 4.89489 64.2233 0.272001 -13 90 1 0 1
-1.57347 -4.54878 74.9003 6.59118 -5.00917 64.5429 1.33356 -13 91 1 0 1
15.4592 3.26201 74.9003 8.24567 -12.5063 26.3738 0.497935 -13 92 1 0 1
10.9873 -1.32543 74.9003 18.546 -2.40138 56.207 1.32321 -13 93 1 0 1
12.1614 22.0507 74.9003 18.6092 17.455 50.4831 -0.817371 -13 94 1 0 1
11.0943 -2.50068 74.9003 18.6428 -1.87094 68.4263 0.51096 -13 95 1 0 1
8.09388 6.48713 74.9003 15.4948 7.80969 59.5611 -1.33111 -13 96 1 0 1
6.11281 -4.05531 74.9003 14.5419 -1.03 55.8308 -0.541474 -13 97 1 0 1
8.28012 -3.40632 74.9003 15.9901 -1.48804 65.9716 0.895063 -13 98 1 0 1
6.78026 10.3575 74.9003 14.5137 10.0742 61.7878 0.978646 -13 99 1 0 1
13.6918 -3.66384 74.9003 21.2153 -1.35464 65.2617 -0.407442 -13 100 1 0 1
12.3769 3.23439 74.9003 19.5423 2.87978 64.7711 0.382272 -13 102 1 0 1
2.83908 2.22167 74.9003 10.3157 0.746631 65.9225 0.161525 -13 104 1 0 1
3.9132 5.89606 74.9003 12.2816 8.8879 59.4517 -0.971578 -13 105 1 0 1
-0.630195 -1.44703 74.9003 7.5098 -1.36369 60.6185 0.762362 -13 106 1 0 1
8.35733 -5.52819 74.9003 15.4644 -6.16093 69.1031 -0.594729 -13 107 1 0 1
12.3587 1.95488 74.9003 20.2152 2.45245 65.289 1.46284 -13 109 1 0 1
3.70708 2.01457 74.9003 9.68658 2.77849 72.391 0.188197 -13 110 1 0 1
3.69591 -6.43822 74.9003 9.38273 -5.23364 76.9866 0.13952 -13 111 1 0 1
13.4174 4.79364 74.9003 20.1503 3.70276 53.3472 1.2916 -13 113 1 0 1
15.0988 -6.8392 74.9003 18.6872 -5.55242 59.5014 0.424368 -13 114 1 0 1
0.710277 -2.76799 74.9003 6.70342 -3.28884 73.086 0.957188 -13 116 1 0 1
11.4699 3.81088 74.9003 17.8693 4.19271 52.6136 0.166893 -13 117 1 0 1
11.3534 3.80793 74.9003 17.7586 0.268992 45.8571 0.133969 -13 118 1 0 1
4.45409 -2.29477 74.9003 11.5446 -1.38832 69.8674 0.952701 -13 119 1 0 1
0.270616 3.52837 74.9003 8.91589 3.44011 49.9109 0.353779 -13 120 1 0 1
13.2867 -9.47608 74.9003 20.198 -6.30321 58.2755 2.01455 -13 121 1 0 1
2.90412 -3.44161 74.9003 8.64952 -2.81291 77.0603 1.05217 -13 122 1 0 1
7.6742 -10.7208 74.9003 15.0456 -10.8325 69.3864 1.19995 -13 123 1 0 1
-6.22151 -15.5496 74.9003 2.28831 -14.7334 60.4415 -1.04206 -13 125 1 0 1
4.6305 0.135668 74.9003 9.80662 -3.13507 78.7846 1.36668 -13 126 1 0 1
13.7898 8.4171 74.9003 20.8034 6.19536 57.4349 -0.611748 -13 127 1 0 1
8.88353 -2.2558 74.9003 16.641 -4.36146 63.2095 0.788479 -13 128 1 0 1
9.98108 2.26524 74.9003 16.9863 2.39627 67.3111 -0.0214496 -13 131 1 0 1
1.79736 6.64036 74.9003 8.08648 6.79597 73.5883 1.71723 -13 132 1 0 1
15.8133 1.72592 74.9003 27.7932 12.8347 59.5083 0.822907 -13 134 1 0 1
11.1317 2.91478 74.9003 18.2001 0.768683 68.458 1.28003 -13 135 1 0 1
7.95878 -5.38908 74.9003 15.729 -5.89467 62.1913 1.95432 -13 137 1 0 1
5.74574 12.7721 74.9003 13.4904 11.4587 54.5963 0.780383 -13 140 1 0 1
9.98629 7.0133 74.9003 16.9261 7.26335 50.3772 0.379874 -13 141 1 0 1
-1.50087 -2.9914 74.9003 5.0494 -3.9208 71.6573 -0.448749 -13 143 1 0 1
12.7855 -22.0632 74.9003 19.1198 -17.4295 51.7085 2.17822 -13 145 1 0 1
13.967 -5.3575 74.9003 21.3104 -3.57456 63.1078 0.647331 -13 146 1 0 1
5.66375 -2.5147 74.9003 13.5274 -2.55717 64.8745 -0.791816 -13 147 1 0 1
2.54351 -9.90918 74.9003 9.57245 -8.14718 69.4936 0.650408 -13 148 1 0 1
14.4432 11.2392 74.9003 21.8267 11.7935 62.3795 0.24209 -13 150 1 0 1
10.6656 -2.37159 74.9003 18.2886 -2.67082 62.2639 2.52179 -13 152 1 0 1
5.98462 -6.11737 74.9003 13.5215 -8.80087 66.8646 -0.107998 -13 153 1 0 1
1.00579 -7.73531 74.9003 5.61476 -9.55279 78.505 -1.74471 -13 154 1 0 1
1.45463 1.42442 74.9003 8.89674 0.638155 67.1107 -1.08353 -13 155 1 0 1
5.31476 -0.461666 74.9003 13.2214 0.960998 61.6432 0.275615 -13 157 1 0 1
7.33257 4.37221 74.9003 12.3532 2.98247 78.4937 1.64995 -13 158 1 0 1
4.77183 8.48858 74.9003 13.189 6.17862 55.649 -0.261776 -13 159 1 0 1
0.0950245 7.46469 74.9003 9.27497 4.62295 41.2864 -0.102878 -13 162 1 0 1
2.95151 5.26041 74.9003 9.90038 8.08057 69.9513 -1.37743 -13 163 1 0 1
-9.19925 -4.44865 74.9003 4.30445 -3.1071 33.8858 2.65992 -13 165 1 0 1
-8.59332 -0.85213 74.9003 -2.74278 -1.17332 71.8199 0.0905538 -13 166 1 0 1
16.2341 11.6387 74.9003 16.4227 13.3049 21.8728 0.960488 -13 167 1 0 1
4.56109 6.84916 74.9003 8.8048 9.42457 78.4119 1.40735 -13 168 1 0 1
1.75863 -6.59089 74.9003 8.8571 -7.61493 67.5146 -0.341252 -13 170 1 0 1
9.10955 6.46411 74.9003 16.7001 4.17106 55.0588 -0.0296569 -13 172 1 0 1
13.3347 6.40018 74.9003 21.1056 3.59333 66.0007 0.56808 -13 174 1 0 1
4.91436 -5.61906 74.9003 13.1971 -5.52265 48.0307 0.209537 -13 176 1 0 1
12.0895 -4.25563 74.9003 18.7062 -2.40784 50.0889 -0.212822 -13 178 1 0 1
7.61779 -5.23512 74.9003 13.9858 -3.34701 38.7975 -1.0274 -13 181 1 0 1
0.450745 3.31672 74.9003 9.68437 2.83471 41.786 -0.484862 -13 182 1 0 1
-3.76131 1.83654 74.9003 4.69638 -0.0972337 58.608 0.347962 -13 184 1 0 1
4.86882 -7.23627 74.9003 13.0001 -8.10214 59.5661 -0.449444 -13 185 1 0 1
11.2155 -3.76135 74.9003 18.8159 -0.954363 69.3991 1.44879 -13 188 1 0 1
-0.384507 -4.17612 74.9003 3.63499 -5.5582 79.9525 0.474824 -13 189 1 0 1
1.0218 4.0811 74.9003 9.67822 4.05991 60.3395 2.23399 -13 191 1 0 1
6.51963 2.18009 74.9003 11.527 5.77239 79.3799 1.14162 -13 192 1 0 1
1.9708 -2.21684 74.9003 10.4927 -2.94315 40.2207 -0.607866 -13 193 1 0 1
9.59401 11.3672 74.9003 17.0239 13.5475 67.3978 0.0652221 -13 194 1 0 1
7.17866 -0.855724 74.9003 14.9663 -0.69586 58.8927 2.59379 -13 195 1 0 1
13.9392 -0.884877 74.9003 19.2623 -4.4277 78.2628 2.87108 -13 196 1 0 1
2.82306 13.6389 74.9003 10.9894 12.6734 61.9584 -0.593826 -13 197 1 0 1
-2.31188 16.0112 74.9003 6.91062 11.9455 58.2711 -1.26868 -13 199 1 0 1
2.63619 -3.81829 74.9003 10.8049 -2.06598 50.6874 1.0248 -13 200 1 0 1
-4.30672 -5.08128 74.9003 2.07517 -6.79214 70.4182 0.625462 -13 201 1 0 1
5.81668 19.6604 74.9003 13.5996 16.0161 56.6706 -0.50743 -13 202 1 0 1
8.69933 2.96803 74.9003 16.2936 1.45691 60.5341 0.596057 -13 203 1 0 1
8.68531 2.39835 74.9003 15.5929 -0.138358 48.6025 1.79101 -13 205 1 0 1
-8.9557 2.14945 74.9003 -7.38722 1.67096 77.7407 0.500685 -13 206 1 0 1
0.254843 -11.2693 74.9003 8.96522 -10.1289 57.6532 -0.729988 -13 207 1 0 1
-5.82267 3.99214 74.9003 0.701387 4.58338 70.5224 0.0188794 -13 208 1 0 1
3.19616 16.3142 74.9003 9.34948 18.032 72.2536 2.39747 -13 212 1 0 1
-4.0434 8.38414 74.9003 4.69883 6.79937 60.3298 -0.996043 -13 213 1 0 1
7.47128 8.98389 74.9003 14.4064 8.79684 74.3662 1.33447 -13 214 1 0 1
5.74363 -7.29766 74.9003 12.3778 -11.2192 71.0502 2.05333 -13 215 1 0 1
9.51113 0.00474522 74.9003 16.6395 0.171526 68.4267 1.46103 -13 216 1 0 1
8.83244 5.06659 74.9003 16.4594 4.99031 66.0837 0.499156 -13 218 1 0 1
5.33595 -3.17671 74.9003 11.6712 -3.65278 77.1999 0.360645 -13 219 1 0 1
9.95587 2.52892 74.9003 17.2645 1.11659 70.4098 2.71872 -13 220 1 0 1
6.19073 8.52135 74.9003 13.3031 9.90927 71.4367 -0.449441 -13 222 1 0 1
-0.833624 -0.859428 74.9003 7.02249 0.881934 62.351 1.37721 -13 223 1 0 1
-0.211031 -2.33791 74.9003 7.88387 -1.46036 62.865 -0.0933564 -13 224 1 0 1
12.5036 11.6407 74.9003 19.1921 10.3121 52.3584 0.117389 -13 226 1 0 1
10.1693 -7.76025 74.9003 17.8949 -7.95785 60.7743 0.410814 -13 227 1 0 1
7.87479 0.913646 74.9003 13.6125 0.736338 77.5648 -1.56534 -13 228 1 0 1
6.01965 1.97851 74.9003 12.3968 -0.0668562 72.2931 0.604069 -13 229 1 0 1
14.2002 -12.9596 74.9003 18.9554 -8.7593 43.1155 0.0958673 -13 230 1 0 1
16.4191 7.55381 74.9003 23.8636 5.5133 17.851 1.25283 -13 232 1 0 1
-1.10166 -1.08264 74.9003 6.40925 -1.87712 66.0058 -1.09345 -13 233 1 0 1
67.8063 7.962 74.9003 49.7974 5.86573 48.3868 -0.0768157 -13 234 1 0 1
13.8499 -3.42359 74.9003 21.208 -6.15168 71.5805 0.646903 -13 235 1 0 1
0.602671 -5.54613 74.9003 8.42088 -7.68166 65.2393 1.65486 -13 236 1 0 1
8.05684 2.23751 74.9003 15.6134 1.78355 61.4307 0.482372 -13 238 1 0 1
-0.679976 -2.91277 74.9003 5.68975 -0.560865 71.1653 1.64517 -13 239 1 0 1
6.7497 -0.869736 74.9003 14.7262 -2.78204 57.7192 2.24218 -13 242 1 0 1
12.2102 4.15807 74.9003 19.2802 4.64792 73.9378 1.04479 -13 244 1 0 1
14.8709 8.33872 74.9003 22.2371 12.1014 68.0721 -0.303937 -13 245 1 0 1
7.35427 4.90233 74.9003 14.5121 7.91838 69.5339 0.188369 -13 246 1 0 1
11.9655 -6.54397 74.9003 19.1401 -4.3392 58.6111 0.0968669 -13 247 1 0 1
5.75761 -5.82854 74.9003 13.2198 -5.78228 67.1987 1.07026 -13 248 1 0 1
13.7828 -10.4957 74.9003 20.997 -11.016 65.4035 -1.09095 -13 250 1 0 1
10.9302 11.124 74.9003 17.9027 13.9515 69.4253 -0.953895 -13 253 1 0 1
14.5173 8.17856 74.9003 20.5569 7.15625 50.7915 -0.027472 -13 254 1 0 1
5.8571 -0.0068098 74.9003 11.9278 2.18673 76.8276 0.331984 -13 255 1 0 1
11.5456 4.82487 74.9003 18.4865 4.29956 52.7388 -0.482791 -13 256 1 0 1
11.4734 -14.1331 74.9003 17.0854 -10.2226 41.5128 0.267678 -13 257 1 0 1
9.01959 -1.53786 74.9003 16.3657 -2.51059 61.5124 0.551706 -13 258 1 0 1
15.5985 -1.77326 74.9003 18.5097 6.78273 39.9501 -0.716701 -13 259 1 0 1
6.23397 1.21042 74.9003 13.3842 -0.696221 71.8346 0.0976738 -13 260 1 0 1
5.95852 6.74861 74.9003 13.6362 5.91324 59.1715 -0.69162 -13 261 1 0 1
10.1613 2.53834 74.9003 18.1686 3.07846 60.9031 2.53753 -13 262 1 0 1
6.57542 -5.23808 74.9003 13.9064 -4.15001 48.9562 0.273729 -13 264 1 0 1
12.4608 2.41815 74.9003 20.1173 0.762652 68.4166 0.999094 -13 266 1 0 1
4.71858 2.51029 74.9003 12.425 -0.24951 62.8524 0.131586 -13 267 1 0 1
13.3755 7.39455 74.9003 17.9546 6.06629 40.7007 -0.548511 -13 268 1 0 1
2.79433 4.48688 74.9003 8.06691 2.03652 78.1395 0.865793 -13 269 1 0 1
4.10415 -3.19927 74.9003 12.0736 -5.41503 63.4458 1.69039 -13 270 1 0 1
15.3778 -3.50884 74.9003 16.2891 2.38734 70.2951 -0.431167 -13 271 1 0 1
10.3933 -10.5684 74.9003 17.8464 -10.6197 60.0991 2.03262 -13 272 1 0 1
-0.549579 4.4933 74.9003 8.74878 3.14122 55.4329 3.2775 -13 273 1 0 1
11.1095 -3.11439 74.9003 18.594 -1.15939 65.7538 -1.61201 -13 274 1 0 1
-5.43854 0.848533 74.9003 3.02936 0.736518 62.6665 1.9976 -13 278 1 0 1
0.210494 -3.45676 74.9003 7.27371 -7.43504 69.1602 -2.0573 -13 279 1 0 1
12.7569 2.80724 74.9003 19.8098 1.45076 58.7811 0.687859 -13 280 1 0 1
14.0549 -3.92356 74.9003 21.0392 -2.42523 64.1225 -0.866913 -13 281 1 0 1
8.01676 14.4764 74.9003 14.796 11.8062 46.1747 -0.314433 -13 282 1 0 1
4.18511 11.3124 74.9003 12.3605 6.74642 52.5878 0.125974 -13 284 1 0 1
-5.15769 5.07393 74.9003 2.83585 6.12779 63.3152 -0.0597738 -13 285 1 0 1
1.4215 -6.76957 74.9003 8.71547 -1.90339 69.6879 -1.04576 -13 286 1 0 1
6.24869 0.0436182 74.9003 13.7123 -1.71723 51.0526 -1.12491 -13 287 1 0 1
8.29448 29.7482 74.9003 13.9667 35.0812 70.423 0.140987 -13 288 1 0 1
6.16091 8.97793 74.9003 12.3417 10.8496 77.0258 0.848929 -13 289 1 0 1
11.6378 -7.52003 74.9003 18.3172 -9.80861 72.9849 0.845654 -13 291 1 0 1
3.66723 3.06972 74.9003 10.258 4.5786 73.0839 0.127089 -13 292 1 0 1
-8.76167 11.7942 74.9003 1.95934 11.815 51.1387 2.55333 -13 293 1 0 1
7.68017 5.91597 74.9003 15.4234 5.47478 63.9871 0.504395 -13 295 1 0 1
-2.02264 4.11075 74.9003 6.73033 3.57598 60.1033 0.164813 -13 296 1 0 1
5.98726 4.10565 74.9003 13.2371 2.29591 66.538 -1.4513 -13 298 1 0 1
-9.73505 7.93959 74.9003 1.42308 8.45817 48.806 3.24824 -13 299 1 0 1
-1.73238 35.6932 74.9003 8.24083 22.2696 44.6551 1.64595 -13 300 1 0 1
1.76186 1.99288 74.9003 10.0018 0.0985179 62.8441 -0.345423 -13 301 1 0 1
1.30514 2.70491 74.9003 9.12746 4.70496 64.1406 0.654943 -13 302 1 0 1
6.5954 -0.522257 74.9003 14.3334 1.80406 61.512 0.4346 -13 303 1 0 1
5.55171 9.81887 74.9003 12.8303 11.5743 63.9786 0.95283 -13 304 1 0 1
-2.73436 12.508 74.9003 7.42393 9.50655 46.1861 1.71775 -13 305 1 0 1
5.0909 -4.37834 74.9003 12.6832 -6.07829 66.0882 -0.632898 -13 306 1 0 1
8.43126 -14.803 74.9003 15.4053 -18.6702 66.1056 -0.886339 -13 307 1 0 1
6.05984 -11.8629 74.9003 12.7554 -13.0947 72.1466 0.475099 -13 308 1 0 1
6.54523 6.63252 74.9003 14.0316 6.87771 65.5519 -0.449791 -13 309 1 0 1
0.998697 1.50285 74.9003 7.62409 2.64931 71.7779 0.224803 -13 312 1 0 1
3.41033 9.78628 74.9003 10.0736 10.2402 72.2625 1.31962 -13 313 1 0 1
14.9829 3.12067 74.9003 21.9073 3.45094 66.3583 -0.194185 -13 314 1 0 1
12.6481 -23.4525 74.9003 18.7376 -18.1988 47.9759 -0.750092 -13 316 1 0 1
4.87217 -12.0767 74.9003 12.5292 -12.4057 62.3292 1.16689 -13 317 1 0 1
7.89807 -3.09054 74.9003 15.2867 -1.91182 67.7202 -1.02605 -13 318 1 0 1
7.75771 7.3231 74.9003 14.554 10.6914 68.7279 2.39987 -13 319 1 0 1
4.00834 2.54583 74.9003 7.28974 4.11555 79.7794 2.21219 -13 322 1 0 1
10.6668 6.7763 74.9003 18.3273 6.87729 63.7312 -0.285603 -13 324 1 0 1
10.513 0.774504 74.9003 17.8538 0.111808 70.8911 0.354761 -13 325 1 0 1
-7.12885 10.3005 74.9003 1.082 8.85614 61.6739 0.353633 -13 326 1 0 1
1.23285 -23.5317 74.9003 10.01 -19.1981 49.2927 0.651305 -13 327 1 0 1
-0.430515 -1.41682 74.9003 7.99539 -5.49944 59.4074 -1.11776 -13 328 1 0 1
4.85477 8.8081 74.9003 12.1937 10.4034 67.7206 1.46547 -13 329 1 0 1
14.4183 -3.37913 74.9003 21.7172 -1.89175 73.8305 -0.484983 -13 330 1 0 1
1.48417 8.71148 74.9003 7.88426 5.78171 72.1779 -1.21331 -13 331 1 0 1
7.48987 1.90113 74.9003 12.4749 1.92782 29.315 -0.618293 -13 332 1 0 1
0.626264 -5.25412 74.9003 8.65839 -4.81287 66.1151 0.697768 -13 334 1 0 1
9.54477 -6.76641 74.9003 17.2204 -7.16842 63.6782 0.710313 -13 335 1 0 1
8.59512 -9.87993 74.9003 15.3465 -9.79361 67.8896 -0.301736 -13 336 1 0 1
9.16 -10.1136 74.9003 15.8983 -7.07986 48.7207 0.785671 -13 339 1 0 1
7.10528 5.16524 74.9003 14.6 6.49129 68.134 0.560332 -13 340 1 0 1
13.4013 0.819462 74.9003 20.9691 -1.62544 75.2339 0.295357 -13 341 1 0 1
5.17517 5.4238 74.9003 11.596 7.44942 73.0004 0.959016 -13 342 1 0 1
9.23102 -4.95531 74.9003 16.7929 -7.09589 60.4381 0.00673845 -13 343 1 0 1
5.49552 0.675801 74.9003 13.024 2.09624 68.0926 -0.499061 -13 345 1 0 1
-6.53408 0.49675 74.9003 0.9957 0.341899 66.526 0.933693 -13 346 1 0 1
3.93808 1.63884 74.9003 11.4905 1.85816 68.1777 -0.491715 -13 347 1 0 1
11.3537 3.2967 74.9003 18.3911 5.42364 50.805 -0.103261 -13 348 1 0 1
12.1123 -6.2026 74.9003 19.5496 -5.60148 62.681 1.13505 -13 350 1 0 1
3.99704 6.83452 74.9003 10.9459 6.21815 69.8061 -1.20712 -13 352 1 0 1
4.77799 6.6401 74.9003 12.5889 5.77038 65.2355 0.117514 -13 353 1 0 1
8.69218 10.8934 74.9003 15.7974 7.38481 52.8384 0.786101 -13 354 1 0 1
2.7585 3.75246 74.9003 8.63246 4.83664 73.9838 -0.145477 -13 355 1 0 1
12.4158 0.574364 74.9003 17.0842 1.27576 40.3067 0.470271 -13 357 1 0 1
15.0943 0.538595 74.9003 21.6124 5.01293 56.7345 0.819881 -13 359 1 0 1
1.69876 -4.49345 74.9003 7.79081 -4.90453 75.3466 -0.286934 -13 360 1 0 1
11.7281 1.74688 74.9003 18.4392 3.77734 75.3746 0.195248 -13 361 1 0 1
2.90708 1.92949 74.9003 10.6668 0.117897 65.7267 -2.44092 -13 362 1 0 1
5.33223 2.41933 74.9003 11.6639 4.41752 74.7973 0.0152993 -13 363 1 0 1
9.39847 -7.25143 74.9003 16.3499 -6.19464 63.2666 0.594241 -13 364 1 0 1
11.1525 6.93236 74.9003 17.619 6.42261 47.0478 -1.48948 -13 365 1 0 1
6.6207 6.00358 74.9003 14.4761 7.05928 63.7535 0.899531 -13 368 1 0 1
6.34734 -0.997645 74.9003 14.2302 0.708422 58.9571 -0.729619 -13 369 1 0 1
-3.58559 1.80389 74.9003 2.15947 1.43374 73.1175 1.18728 -13 370 1 0 1
3.84592 -1.43499 74.9003 11.7592 -0.447178 66.1267 2.73235 -13 371 1 0 1
10.1235 -9.29986 74.9003 17.5496 -10.2562 51.6743 1.20755 -13 372 1 0 1
-1.26448 -5.92951 74.9003 6.51092 -6.67852 63.4632 1.05109 -13 373 1 0 1
0.879293 -0.816476 74.9003 6.30755 0.194338 76.7675 0.949738 -13 374 1 0 1
-4.73937 8.29231 74.9003 -1.09387 11.4104 78.6863 -1.07923 -13 375 1 0 1
0.239303 -10.9211 74.9003 7.15371 -11.5928 69.1116 0.811325 -13 376 1 0 1
12.787 -17.5107 74.9003 19.856 -19.4357 63.9101 0.999768 -13 379 1 0 1
7.21074 -22.6465 74.9003 14.4528 -16.1796 41.4238 -0.269895 -13 380 1 0 1
15.8556 -0.202414 74.9003 25.6427 -6.06744 33.75 1.53921 -13 381 1 0 1
16.2321 -8.58085 74.9003 33.1534 -2.27107 44.9334 0.00942397 -13 382 1 0 1
-9.15796 5.83872 74.9003 1.5472 4.01331 51.1869 1.73626 -13 383 1 0 1
5.01388 -1.18638 74.9003 12.674 -3.37876 66.7058 2.12363 -13 385 1 0 1
7.10513 4.043 74.9003 14.5926 3.59398 68.6862 2.27482 -13 386 1 0 1
1.94497 -0.897467 74.9003 8.48366 -2.15881 71.6851 0.460742 -13 387 1 0 1
10.1134 1.129 74.9003 17.0484 1.45774 50.0568 -0.350033 -13 388 1 0 1
3.11579 5.39767 74.9003 11.456 4.60227 62.8199 1.11122 -13 390 1 0 1
1.6983 1.10784 74.9003 10.374 -1.43247 54.2127 0.603154 -13 392 1 0 1
9.24888 12.0989 74.9003 16.5035 10.1607 59.811 -0.434143 -13 394 1 0 1
4.58788 11.2801 74.9003 11.0984 15.1062 73.7466 -1.32072 -13 395 1 0 1
13.5131 -6.48477 74.9003 20.3012 -4.77628 57.0726 1.64921 -13 397 1 0 1
9.69589 -2.5456 74.9003 17.0645 -3.37723 64.9834 1.22098 -13 398 1 0 1
8.19869 -10.6636 74.9003 15.0773 -10.0637 69.8303 2.38987 -13 399 1 0 1
12.6595 1.57684 74.9003 20.18 5.4181 62.2404 0.339701 -13 400 1 0 1
7.43141 -7.20832 74.9003 15.4514 -7.2558 56.8202 0.0893159 -13 402 1 0 1
7.27294 -20.8382 74.9003 14.7412 -24.1816 66.902 0.58719 -13 403 1 0 1
12.0565 -5.84068 74.9003 19.6138 -7.88216 63.9334 1.57524 -13 404 1 0 1
11.0648 -4.66026 74.9003 15.5724 -2.69633 33.4283 -1.98035 -13 405 1 0 1
8.0459 -7.47892 74.9003 15.3762 -9.18323 58.67 -0.198779 -13 406 1 0 1
12.1512 -5.64751 74.9003 20.0454 -4.33435 65.0756 1.64083 -13 407 1 0 1
12.201 11.5755 74.9003 19.5691 10.4035 59.8814 0.701429 -13 409 1 0 1
2.88294 -5.50465 74.9003 8.84473 -6.35494 75.9659 -2.24171 -13 410 1 0 1
7.67554 11.0528 74.9003 14.6203 4.85701 41.5316 1.02103 -13 411 1 0 1
2.77725 -14.7511 74.9003 10.0891 -15.1154 65.1849 1.62502 -13 412 1 0 1
2.06905 5.92523 74.9003 7.22741 5.80524 78.7142 0.414343 -13 413 1 0 1
-3.24693 -6.10087 74.9003 5.90212 -4.88853 58.7755 1.37421 -13 414 1 0 1
14.4465 5.27093 74.9003 20.7095 5.20345 53.8098 0.744051 -13 415 1 0 1
6.32232 0.447852 74.9003 13.5594 -1.17941 68.7829 1.82102 -13 418 1 0 1
7.79083 -7.78981 74.9003 14.7922 -10.6277 72.2298 -0.0985496 -13 421 1 0 1
14.4515 21.2584 74.9003 21.5055 20.9747 61.0018 0.772202 -13 422 1 0 1
-4.94038 -14.1514 74.9003 5.50817 -8.00859 46.9349 0.215493 -13 423 1 0 1
7.15942 2.74665 74.9003 15.1524 3.60414 62.652 0.304097 -13 425 1 0 1
6.17966 1.70276 74.9003 12.337 4.14336 73.6556 -1.08666 -13 426 1 0 1
4.98348 11.2769 74.9003 12.4449 13.4701 64.345 0.744685 -13 428 1 0 1
-3.46037 12.1124 74.9003 2.50605 13.7174 71.0183 -1.36264 -13 430 1 0 1
7.49546 -3.71938 74.9003 13.8206 -4.79575 75.2029 2.223 -13 431 1 0 1
12.3995 4.62627 74.9003 19.9106 6.30124 65.3712 2.29901 -13 432 1 0 1
8.47979 -8.52519 74.9003 15.5212 -11.8219 68.5843 1.72267 -13 433 1 0 1
15.6677 8.75473 74.9003 22.2546 9.60449 41.8304 0.503226 -13 434 1 0 1
9.91327 -0.361478 74.9003 17.2349 0.197363 65.5572 -1.96607 -13 437 1 0 1
6.51201 -2.68826 74.9003 14.8033 -2.11774 53.7339 2.33876 -13 438 1 0 1
10.4321 -13.6684 74.9003 17.6561 -11.7696 60.8233 -0.764771 -13 439 1 0 1
14.9538 6.90707 74.9003 21.727 7.00454 57.893 0.586812 -13 440 1 0 1
1.91781 0.358318 74.9003 8.46564 0.130956 71.802 1.69044 -13 441 1 0 1
1.58038 -3.6507 74.9003 9.31505 -1.03282 65.6461 0.203965 -13 442 1 0 1
11.5418 -0.178887 74.9003 18.7231 2.33452 54.9771 1.41514 -13 443 1 0 1
16.6307 -0.0509085 74.9003 2.10399 -3.50408 21.1085 0.414304 -13 445 1 0 1
3.93315 -10.0023 74.9003 11.2594 -8.20326 68.736 -1.2242 -13 446 1 0 1
6.10013 2.08466 74.9003 13.4388 3.69735 69.6765 -1.67574 -13 448 1 0 1
6.97332 0.489069 74.9003 14.3392 -0.498257 51.5531 0.198206 -13 449 1 0 1
12.4539 3.23645 74.9003 19.0201 1.73573 78.9392 0.386362 -13 451 1 0 1
11.8608 -4.34058 74.9003 19.819 -5.17951 64.9221 1.43295 -13 452 1 0 1
12.8672 -2.35448 74.9003 20.4466 -1.55391 57.0394 0.0292897 -13 453 1 0 1
2.787 3.64157 74.9003 11.8134 2.43037 49.6798 1.75007 -13 454 1 0 1
15.3414 8.87741 74.9003 20.206 0.264831 56.1451 -0.283584 -13 456 1 0 1
5.8419 2.34706 74.9003 13.1518 3.61305 64.6641 0.181398 -13 460 1 0 1
0.767284 6.62739 74.9003 8.56123 8.12035 65.985 0.686652 -13 461 1 0 1
12.2491 -4.54089 74.9003 19.8766 -4.16423 62.5364 0.0581201 -13 462 1 0 1
11.0246 -0.877711 74.9003 18.4493 -0.574852 66.9935 1.81014 -13 463 1 0 1
0.836969 14.6956 74.9003 9.47387 8.86496 38.6671 -0.344899 -13 465 1 0 1
9.08767 -2.33219 74.9003 16.813 -4.43381 54.4707 -0.454219 -13 468 1 0 1
7.80251 16.1407 74.9003 15.0476 12.2044 48.8186 0.869491 -13 469 1 0 1
13.6856 -8.39736 74.9003 20.8611 -6.91577 62.3859 -0.107705 -13 470 1 0 1
12.8489 8.22759 74.9003 18.7944 5.65151 46.9431 1.6212 -13 471 1 0 1
11.8453 -2.21738 74.9003 19.1108 -2.22654 52.7401 -0.220002 -13 473 1 0 1
8.47299 10.6101 74.9003 15.864 12.8428 70.2747 1.91166 -13 475 1 0 1
-0.897736 11.2939 74.9003 7.24772 11.492 61.811 0.361303 -13 476 1 0 1
10.8953 14.5432 74.9003 18.9233 12.9065 64.4362 -0.927919 -13 477 1 0 1
5.898 -5.65991 74.9003 13.2639 -4.66734 60.9223 -1.41694 -13 478 1 0 1
14.324 0.00660314 74.9003 19.2127 -0.977493 45.55 -0.179366 -13 479 1 0 1
5.55827 -6.8531 74.9003 13.0064 -6.17012 41.5445 0.87946 -13 482 1 0 1
-2.05435 10.2779 74.9003 4.75816 10.0502 69.4026 1.14268 -13 483 1 0 1
1.75152 1.68326 74.9003 8.85906 0.728344 67.7054 -0.909245 -13 484 1 0 1
-1.13325 -12.1291 74.9003 7.61579 -12.1418 57.9493 2.24486 -13 485 1 0 1
10.9076 -13.1433 74.9003 17.9419 -13.3317 55.6164 3.14958 -13 486 1 0 1
12.8323 0.315271 74.9003 -16.3115 -25.7056 37.9865 0.529007 -13 487 1 0 1
-6.6107 -3.56381 74.9003 1.96377 -3.51967 62.2488 -0.511739 -13 488 1 0 1
13.1765 6.68907 74.9003 17.6551 7.19696 39.9355 1.83666 -13 489 1 0 1
5.80006 -12.0911 74.9003 13.5897 -13.3871 61.3645 -1.42833 -13 490 1 0 1
11.6338 0.484071 74.9003 19.0897 -1.99932 68.3103 1.22562 -13 491 1 0 1
10.2551 4.35735 74.9003 17.6106 6.063 59.0874 1.57343 -13 492 1 0 1
6.67175 -2.60236 74.9003 15.0374 -2.71178 58.4945 1.41734 -13 493 1 0 1
11.6415 -0.205376 74.9003 18.9258 0.143488 62.1224 0.65567 -13 497 1 0 1
5.02334 5.49584 74.9003 12.3371 6.22281 68.3396 -0.0581477 -13 498 1 0 1
10.7988 5.0346 74.9003 17.3932 2.49853 50.0085 -0.397868 -13 499 1 0 1
11.9772 5.16227 74.9003 18.6807 4.75464 77.5038 0.0529464 -13 501 1 0 1
-4.57008 9.89044 74.9003 2.57409 8.39709 67.2161 -0.795788 -13 502 1 0 1
2.88654 -10.9226 74.9003 10.1599 -8.88555 69.0728 -1.25904 -13 503 1 0 1
10.0181 4.11864 74.9003 17.2621 5.13397 64.5908 0.669503 -13 504 1 0 1
0.876689 -1.87514 74.9003 5.28505 -3.471 79.4526 1.61052 -13 506 1 0 1
0.591047 8.12905 74.9003 9.06002 7.20235 60.9152 1.5331 -13 510 1 0 1
-5.46536 -1.3892 74.9003 0.552037 -0.131727 72.6755 2.40214 -13 511 1 0 1
3.65217 -4.42687 74.9003 11.5845 -3.61228 58.2067 -0.0209429 -13 512 1 0 1
15.2011 2.80153 74.9003 19.042 7.77135 42.2746 1.54825 -13 513 1 0 1
4.65839 2.51933 74.9003 12.3731 2.36992 54.6629 -3.08387 -13 514 1 0 1
-5.03251 -5.45279 74.9003 2.04386 -5.11712 66.9684 -1.09017 -13 515 1 0 1
6.31629 3.43101 74.9003 13.9093 5.35462 55.6375 -1.55455 -13 516 1 0 1
8.09724 -3.35662 74.9003 15.2651 -5.53439 70.908 -0.78291 -13 517 1 0 1
9.05506 1.12031 74.9003 16.9334 1.9867 63.3851 1.17311 -13 518 1 0 1
-0.578055 1.70655 74.9003 3.59149 1.09414 79.1065 0.244694 -13 519 1 0 1
9.97806 -5.7137 74.9003 17.8205 -7.065 58.6194 2.89475 -13 520 1 0 1
4.33447 -10.3593 74.9003 11.6566 -10.0648 69.1907 -1.13458 -13 521 1 0 1
8.94086 4.57103 74.9003 14.7635 5.14352 79.2049 1.22708 -13 522 1 0 1
0.0707488 5.5838 74.9003 6.98319 4.53738 70.1648 1.20106 -13 523 1 0 1
8.00264 -6.45537 74.9003 15.8856 -2.52225 59.7686 1.08919 -13 524 1 0 1
13.6612 14.289 74.9003 17.6934 8.1531 37.3366 1.15494 -13 525 1 0 1
0.0594177 -2.63748 74.9003 6.10415 -0.431073 72.5552 0.368634 -13 526 1 0 1
4.33365 11.4314 74.9003 12.2023 10.5991 58.8601 1.39174 -13 527 1 0 1
5.62071 3.75783 74.9003 13.868 2.87817 54.0242 3.06585 -13 528 1 0 1
10.1244 3.98766 74.9003 17.8968 3.93118 65.3375 -0.264945 -13 530 1 0 1
8.51567 4.1821 74.9003 16.4598 4.42145 56.9539 1.36109 -13 531 1 0 1
-1.76362 8.95714 74.9003 7.66431 8.86756 53.6478 2.03737 -13 532 1 0 1
8.98756 -20.23 74.9003 13.2751 -9.7845 30.6461 3.85568 -13 533 1 0 1
14.9644 -1.66413 74.9003 22.5388 -0.974833 67.1401 1.30577 -13 534 1 0 1
12.109 12.2107 74.9003 19.2015 16.1228 66.0841 -2.48788 -13 535 1 0 1
9.46732 9.57532 74.9003 16.6206 11.7706 69.58 1.27748 -13 541 1 0 1
12.3572 4.12035 74.9003 19.8405 5.30441 65.243 0.350952 -13 542 1 0 1
13.4513 -1.31189 74.9003 20.8825 -1.79151 60.948 0.777245 -13 544 1 0 1
4.15387 -22.6662 74.9003 11.0502 -25.044 67.7413 1.48429 -13 545 1 0 1
9.62287 14.4111 74.9003 16.4329 12.16 50.2533 -0.307587 -13 547 1 0 1
11.5486 5.82803 74.9003 18.6264 7.56796 59.2204 2.62249 -13 548 1 0 1
-6.4393 12.1142 74.9003 0.230603 13.7988 68.5996 -2.16259 -13 550 1 0 1
-1.05156 -6.41845 74.9003 7.55631 -6.82268 59.8644 0.583815 -13 553 1 0 1
-2.04434 -1.66092 74.9003 5.34044 -2.70282 66.0101 -0.674373 -13 554 1 0 1
4.97836 9.07031 74.9003 12.7125 7.44864 55.8959 0.862946 -13 556 1 0 1
15.3593 -0.817276 74.9003 24.9336 -0.247877 49.6593 2.79123 -13 557 1 0 1
3.59831 -4.05337 74.9003 11.4367 -5.1011 61.7675 -2.25941 -13 558 1 0 1
0.68123 6.90257 74.9003 9.68735 5.37374 47.2624 -1.01151 -13 560 1 0 1
-3.06975 4.87248 74.9003 3.39074 3.62924 69.9354 1.42471 -13 562 1 0 1
14.6725 -2.12808 74.9003 21.9306 -3.8816 67.7455 -0.00976568 -13 564 1 0 1
9.89562 10.9842 74.9003 17.5236 10.6365 54.3122 1.63942 -13 565 1 0 1
0.666912 -1.26869 74.9003 6.47506 -2.15934 73.9703 1.05153 -13 566 1 0 1
2.11727 -3.16312 74.9003 10.8045 -1.80939 52.6386 0.581178 -13 567 1 0 1
1.72704 3.26443 74.9003 8.58188 4.47972 71.622 0.493642 -13 568 1 0 1
9.15119 -6.30292 74.9003 16.4905 -6.32055 60.0528 2.14467 -13 569 1 0 1
9.02 -9.76109 74.9003 16.2938 -6.65456 50.4935 -2.01663 -13 570 1 0 1
10.0114 -5.50654 74.9003 17.12 -8.0235 73.7633 0.165454 -13 572 1 0 1
1.56526 0.727554 74.9003 8.87156 -1.78831 69.1264 2.26319 -13 573 1 0 1
2.90852 20.867 74.9003 10.8579 20.1923 57.3151 -0.59798 -13 574 1 0 1
7.50542 -2.81763 74.9003 14.7076 -3.02977 68.451 0.505206 -13 575 1 0 1
6.57628 3.39703 74.9003 14.0728 0.514824 67.7181 -0.570043 -13 576 1 0 1
11.3218 -5.44895 74.9003 18.5957 -2.41671 63.5585 -1.63722 -13 577 1 0 1
3.22575 12.0738 74.9003 9.81884 13.8015 71.9742 2.25697 -13 578 1 0 1
-2.22217 8.17589 74.9003 4.87809 10.352 67.2246 1.80327 -13 580 1 0 1
9.00857 -2.28644 74.9003 16.2241 -3.43169 69.5622 -0.121592 -13 583 1 0 1
16.1753 7.27885 74.9003 25.3137 -3.06351 34.665 -0.408664 -13 584 1 0 1
8.57142 -14.0847 74.9003 15.6454 -15.1858 62.4606 -1.70677 -13 585 1 0 1
12.242 -6.99116 74.9003 19.6478 -8.73595 69.6399 2.50236 -13 586 1 0 1
0.915767 13.6778 74.9003 6.84175 17.4318 72.816 0.679345 -13 587 1 0 1
14.0507 -2.25736 74.9003 21.5034 -0.57122 63.9093 -1.78615 -13 588 1 0 1
9.41663 4.96742 74.9003 16.7491 4.42839 69.1134 -0.9234 -13 589 1 0 1
-0.912878 -9.06722 74.9003 4.96821 -12.4966 74.538 -0.553483 -13 590 1 0 1
-0.548789 -1.69456 74.9003 4.1672 -0.302582 78.492 2.88584 -13 591 1 0 1
5.41234 -0.973985 74.9003 12.9119 -1.98903 70.6591 -2.29406 -13 592 1 0 1
8.96862 6.38011 74.9003 16.9016 3.43193 62.2601 2.28667 -13 593 1 0 1
-0.584881 0.420503 74.9003 6.77352 -0.912745 64.0935 0.580861 -13 594 1 0 1
12.2944 -2.81241 74.9003 19.5972 -1.06124 61.928 0.931042 -13 595 1 0 1
-4.35279 -1.74986 74.9003 -1.51234 -2.48552 79.7902 0.230676 -13 597 1 0 1
8.9919 -8.54432 74.9003 14.6358 -11.2347 79.4031 -1.40927 -13 598 1 0 1
3.59249 -0.348012 74.9003 11.9788 -0.270647 47.3576 -1.15102 -13 599 1 0 1
12.6757 -10.8927 74.9003 18.4532 -8.12826 46.0721 0.990147 -13 600 1 0 1
14.3671 -0.612615 74.9003 20.7869 -0.755253 56.343 1.56238 -13 601 1 0 1
10.6177 -5.49652 74.9003 18.4112 -5.05244 62.4517 0.990867 -13 602 1 0 1
-7.05531 -3.40564 74.9003 -0.336008 -3.23732 69.0639 -0.922996 -13 603 1 0 1
10.8826 -8.10227 74.9003 17.1734 -6.60423 43.6871 0.612914 -13 604 1 0 1
6.09877 -17.1064 74.9003 13.8766 -14.3475 58.058 0.438127 -13 605 1 0 1
-4.19992 1.82534 74.9003 1.36729 5.36404 73.7799 0.491126 -13 609 1 0 1
3.67064 2.41177 74.9003 11.0752 6.23686 67.3611 -1.31747 -13 610 1 0 1
5.81797 -0.786759 74.9003 13.7472 -2.28846 53.6376 1.32094 -13 611 1 0 1
11.8997 -4.28161 74.9003 19.6981 -6.00023 62.6302 0.072348 -13 614 1 0 1
-0.294711 -3.83652 74.9003 6.18239 -7.08049 73.7018 1.16342 -13 615 1 0 1
13.7896 6.42649 74.9003 21.1662 8.91851 75.7133 0.129313 -13 616 1 0 1
14.0865 -7.16323 74.9003 21.2689 -5.7901 61.1084 -0.307941 -13 617 1 0 1
6.52086 22.9071 74.9003 13.9461 20.7437 55.7054 -0.612393 -13 618 1 0 1
5.44612 3.93216 74.9003 11.1971 4.33577 77.424 -1.86775 -13 620 1 0 1
11.4902 -7.03746 74.9003 18.7823 -3.90641 57.662 1.08476 -13 621 1 0 1
7.77102 -0.375157 74.9003 15.7449 2.02643 58.6783 0.106521 -13 623 1 0 1
15.2006 3.00289 74.9003 19.1352 10.0131 59.1151 0.092724 -13 624 1 0 1
3.36037 12.1669 74.9003 11.5079 8.51061 56.4543 -0.429018 -13 625 1 0 1
9.61888 -1.39093 74.9003 16.6047 -3.01604 69.3301 2.82139 -13 626 1 0 1
1.84775 4.31509 74.9003 7.33483 8.70662 76.5971 0.926997 -13 627 1 0 1
15.8362 5.32493 74.9003 27.9286 -12.5194 52.6389 0.515098 -13 628 1 0 1
6.13167 13.1379 74.9003 14.2604 14.128 63.9975 0.581465 -13 629 1 0 1
1.21718 0.790819 74.9003 9.04216 2.11312 64.203 1.04806 -13 630 1 0 1
9.52526 -1.0584 74.9003 17.5492 -0.555578 57.3035 -0.241096 -13 631 1 0 1
12.859 -6.09945 74.9003 20.3681 -5.7207 65.3491 -1.12568 -13 632 1 0 1
-3.56766 24.0675 74.9003 5.12699 21.7697 58.3033 0.301832 -13 634 1 0 1
-0.48222 7.00295 74.9003 5.6067 10.1858 73.0202 -1.74247 -13 636 1 0 1
15.982 0.959012 74.9003 -2.40669 0.639906 29.1522 0.471495 -13 637 1 0 1
13.5782 -10.9049 74.9003 20.7381 -10.6144 62.9731 -1.56627 -13 639 1 0 1
11.2361 -10.7868 74.9003 18.6052 -8.09494 55.3149 0.387609 -13 642 1 0 1
4.91231 -10.4983 74.9003 11.8487 -11.5488 70.174 -0.0104516 -13 643 1 0 1
3.01187 -11.6586 74.9003 11.0764 -9.83503 49.968 2.69851 -13 644 1 0 1
14.6262 -11.0894 74.9003 21.092 -8.81501 53.4869 1.43506 -13 645 1 0 1
1.45463 2.18991 74.9003 7.47033 2.07097 73.0416 1.70792 -13 646 1 0 1
-6.20636 -0.967411 74.9003 -2.97455 0.148227 78.8955 -1.15155 -13 647 1 0 1
13.7649 -0.947922 74.9003 21.5477 -0.293132 65.3282 0.259382 -13 649 1 0 1
6.42912 -5.9876 74.9003 13.0135 -5.22906 72.9362 1.3064 -13 650 1 0 1
11.1391 3.09983 74.9003 18.4276 2.78551 66.1243 0.856487 -13 651 1 0 1
5.24715 -6.36194 74.9003 12.5849 -7.07839 64.998 1.36521 -13 652 1 0 1
9.02118 -6.31587 74.9003 16.2371 -5.17029 66.8319 0.982237 -13 653 1 0 1
10.1534 -13.8534 74.9003 14.7769 -8.56213 34.0566 0.727053 -13 655 1 0 1
-1.65806 12.1931 74.9003 5.73077 13.9566 64.8408 0.250504 -13 656 1 0 1
5.52831 -9.30618 74.9003 12.456 -7.51369 68.3303 2.56904 -13 659 1 0 1
8.75453 -5.96945 74.9003 15.9706 -5.38608 64.8925 -1.15208 -13 660 1 0 1
4.13045 -4.8613 74.9003 9.68023 -8.6691 76.0489 1.95393 -13 661 1 0 1
5.35157 5.45053 74.9003 13.2767 4.87538 57.7468 0.106399 -13 662 1 0 1
6.75268 -7.66595 74.9003 13.4758 -7.4629 69.6841 2.07018 -13 664 1 0 1
4.81514 -4.56373 74.9003 10.9074 -6.42405 76.3397 0.621698 -13 665 1 0 1
-2.37094 4.44699 74.9003 5.99497 5.19089 62.1426 1.33709 -13 666 1 0 1
8.73266 -2.17674 74.9003 16.2141 -1.48481 59.293 -1.78863 -13 667 1 0 1
12.1134 -6.79743 74.9003 15.7052 -4.31513 34.407 1.26789 -13 668 1 0 1
10.4761 -12.64 74.9003 18.4275 -12.5899 65.2227 1.73019 -13 669 1 0 1
10.7128 -10.6911 74.9003 18.0482 -10.9821 70.447 0.360888 -13 670 1 0 1
6.71516 -14.5729 74.9003 14.504 -14.6943 60.7755 3.53647 -13 675 1 0 1
9.97119 7.64544 74.9003 17.3372 12.1478 69.6733 1.88487 -13 678 1 0 1
0.128591 12.6094 74.9003 7.24653 13.4655 67.2745 0.35517 -13 679 1 0 1
4.15323 6.61373 74.9003 12.6218 4.61174 55.3528 -0.501856 -13 680 1 0 1
7.04981 -2.97254 74.9003 14.0813 -7.18957 72.1998 -2.90335 -13 681 1 0 1
7.06934 -9.92502 74.9003 14.661 -8.68921 59.6679 0.162308 -13 684 1 0 1
14.8285 7.9686 74.9003 22.4833 8.55954 66.6629 0.766096 -13 686 1 0 1
1.4486 8.98091 74.9003 10.0533 7.76293 46.1766 2.13808 -13 687 1 0 1
5.43001 5.62587 74.9003 12.9638 4.07175 65.7951 0.325232 -13 688 1 0 1
-5.52529 15.838 74.9003 6.58174 6.73684 25.106 0.378732 -13 689 1 0 1
15.3233 -10.9471 74.9003 22.9729 -12.5484 48.5755 1.39049 -13 690 1 0 1
10.9028 -0.29544 74.9003 18.0391 -2.14367 63.0839 -1.58836 -13 691 1 0 1
3.46953 0.15379 74.9003 11.1152 -2.27209 61.669 -0.575279 -13 692 1 0 1
12.9426 -1.32762 74.9003 18.4016 -4.51151 47.9383 2.26312 -13 693 1 0 1
10.2139 -8.34875 74.9003 17.5408 -6.01523 63.0701 2.73707 -13 694 1 0 1
11.3644 8.18645 74.9003 19.0192 8.14865 62.5843 0.724554 -13 696 1 0 1
4.62176 5.78781 74.9003 11.0056 7.46032 70.2649 0.8843 -13 697 1 0 1
7.78515 -3.68654 74.9003 14.6927 -3.87416 71.3631 1.74629 -13 700 1 0 1
12.6846 10.8038 74.9003 20.3585 12.9059 66.387 1.7071 -13 701 1 0 1
0.382022 5.08721 74.9003 4.65698 5.02901 79.9414 -1.88676 -13 703 1 0 1
10.9477 5.69296 74.9003 17.8277 3.84418 51.4784 1.84181 -13 705 1 0 1
9.20754 2.68336 74.9003 16.9051 2.47204 52.9608 -1.18124 -13 706 1 0 1
8.72981 2.39511 74.9003 15.9322 5.89333 70.8261 3.67442 -13 707 1 0 1
-2.01629 -4.6609 74.9003 6.6008 -4.29423 59.833 0.902763 -13 708 1 0 1
12.1018 -3.8131 74.9003 19.8378 -5.15455 63.8055 0.458397 -13 709 1 0 1
12.1932 -0.651485 74.9003 17.732 -1.94821 42.7561 -0.48807 -13 710 1 0 1
5.64154 -9.9869 74.9003 12.768 -10.0144 68.0012 1.75487 -13 712 1 0 1
5.10548 -7.58034 74.9003 9.9937 -10.8854 79.8202 0.3443 -13 713 1 0 1
12.3782 -0.917167 74.9003 18.3556 -2.3299 47.3696 2.10531 -13 714 1 0 1
6.19783 5.37029 74.9003 13.1738 7.1962 70.6343 -0.716367 -13 715 1 0 1
12.1595 16.123 74.9003 18.0461 11.6785 45.6561 1.68961 -13 716 1 0 1
5.82254 -3.62159 74.9003 13.7228 -3.39488 51.3195 2.22121 -13 717 1 0 1
2.35342 1.10562 74.9003 8.83732 -0.176402 72.3928 1.29644 -13 718 1 0 1
11.6003 3.38969 74.9003 19.0951 5.34396 69.9017 0.262592 -13 719 1 0 1
4.40105 3.34572 74.9003 11.9441 3.42672 64.9438 2.45994 -13 720 1 0 1
15.8694 -10.4459 74.9003 -0.714059 -7.44367 49.2579 0.284227 -13 721 1 0 1
14.4875 -11.0307 74.9003 20.4112 -9.69008 51.0956 -1.09746 -13 722 1 0 1
9.08658 -3.85532 74.9003 16.3383 -1.81002 59.5089 -0.811141 -13 723 1 0 1
9.61039 11.758 74.9003 16.7717 11.7404 70.6146 2.36517 -13 724 1 0 1
6.34956 12.8965 74.9003 14.0295 9.90895 54.7989 0.138041 -13 725 1 0 1
11.5654 -5.01347 74.9003 18.4942 -5.15565 75.1958 -1.47555 -13 729 1 0 1
12.0653 -6.43036 74.9003 17.3787 -2.46497 38.7655 0.303185 -13 730 1 0 1
4.4736 -5.15606 74.9003 11.5458 -4.55636 70.1006 -0.880029 -13 731 1 0 1
3.32231 3.01086 74.9003 10.8487 1.81824 68.9231 2.37313 -13 732 1 0 1
3.00682 -0.906514 74.9003 11.5783 -2.25902 46.142 0.0422893 -13 733 1 0 1
11.6381 -0.91722 74.9003 19.3083 -6.56755 68.9024 2.61329 -13 734 1 0 1
9.5096 1.34259 74.9003 17.5456 0.56347 61.9485 2.44678 -13 737 1 0 1
15.2532 -3.04328 74.9003 5.66639 4.57359 47.9199 -0.739191 -13 739 1 0 1
2.62247 1.914 74.9003 8.9619 1.8172 73.1259 1.12842 -13 740 1 0 1
-6.52704 0.950363 74.9003 4.59841 1.47575 46.2816 -1.76121 -13 742 1 0 1
6.52685 5.60525 74.9003 13.8695 7.38915 71.0527 1.68467 -13 743 1 0 1
8.19303 6.39243 74.9003 15.7176 3.97792 53.8411 0.678518 -13 744 1 0 1
6.79682 -5.11692 74.9003 14.1461 -5.37314 67.2894 -1.45379 -13 746 1 0 1
8.84662 -2.4488 74.9003 16.3523 -2.28613 66.4774 0.544666 -13 747 1 0 1
7.375 7.78004 74.9003 15.2723 6.88719 49.2779 -1.3765 -13 748 1 0 1
13.9043 -7.52072 74.9003 21.1337 -8.45517 70.1535 1.48305 -13 749 1 0 1
5.38695 8.17535 74.9003 13.3884 3.5768 62.3415 1.0889 -13 750 1 0 1
8.38673 11.9909 74.9003 15.6965 10.6448 51.2849 0.442435 -13 751 1 0 1
6.55865 10.8531 74.9003 14.2087 12.9913 66.1626 -0.117417 -13 752 1 0 1
5.86648 0.324786 74.9003 13.8324 -1.69283 63.4217 -0.662099 -13 753 1 0 1
-1.1857 -1.16187 74.9003 5.77271 -0.209695 70.487 0.66735 -13 754 1 0 1
9.93048 3.97156 74.9003 16.8392 3.69342 74.0439 -1.08506 -13 755 1 0 1
13.5893 7.41187 74.9003 20.8875 9.76357 64.9879 -0.667735 -13 756 1 0 1
10.8619 -1.04589 74.9003 18.422 -3.03425 54.2525 0.763811 -13 758 1 0 1
12.7756 -2.30734 74.9003 19.4105 -2.2667 52.3167 0.616866 -13 760 1 0 1
7.25641 -10.1534 74.9003 14.6316 -7.92798 57.3468 1.08879 -13 761 1 0 1
0.958688 4.75773 74.9003 9.50922 4.09156 38.0248 -0.438717 -13 762 1 0 1
12.8897 1.76423 74.9003 20.4193 2.39409 68.3945 -2.23446 -13 764 1 0 1
7.13648 -5.45544 74.9003 15.4518 -6.07362 63.816 -0.181519 -13 765 1 0 1
2.82613 22.334 74.9003 9.92501 9.34028 25.5045 -0.442376 -13 766 1 0 1
13.7416 -2.44342 74.9003 16.9833 -2.67924 33.9739 0.681739 -13 769 1 0 1
0.155846 -4.21992 74.9003 7.11746 -9.21365 70.8375 -0.693614 -13 770 1 0 1
3.05758 8.0201 74.9003 11.1939 6.1841 54.7221 0.228646 -13 772 1 0 1
15.231 0.066899 74.9003 16.3526 -4.14437 72.5244 0.855259 -13 773 1 0 1
1.76792 -2.65698 74.9003 10.2775 -1.17286 58.4237 1.33398 -13 774 1 0 1
6.94046 8.44075 74.9003 14.7657 7.46686 54.1241 2.93222 -13 776 1 0 1
1.6485 -7.35626 74.9003 8.81579 -8.72123 67.4237 0.329727 -13 777 1 0 1
9.7857 10.0384 74.9003 15.988 8.83447 44.3932 3.04763 -13 778 1 0 1
2.52571 -8.19796 74.9003 9.96685 -8.52747 68.4247 2.04355 -13 779 1 0 1
12.8768 1.43658 74.9003 21.1292 1.70105 64.5957 -0.539784 -13 780 1 0 1
8.97762 1.98742 74.9003 16.759 0.542552 64.8806 0.253314 -13 781 1 0 1
0.710001 -5.34477 74.9003 8.45793 -5.13804 63.4251 0.880025 -13 782 1 0 1
0.780926 -16.1243 74.9003 8.5942 -17.8965 64.9579 -0.504282 -13 784 1 0 1
1.77418 -5.15072 74.9003 6.81391 -10.0986 78.3349 0.130704 -13 785 1 0 1
1.45001 -8.58111 74.9003 8.92407 -3.3486 18.1459 1.30461 -13 786 1 0 1
-3.85788 0.871124 74.9003 4.37758 0.00388061 62.5075 -0.557251 -13 788 1 0 1
11.8612 -3.5258 74.9003 18.6463 -5.39989 57.9087 2.39721 -13 790 1 0 1
13.502 -16.0025 74.9003 20.9712 -17.6802 63.8631 -1.04679 -13 791 1 0 1
1.95453 -0.993482 74.9003 9.61277 -0.726332 66.7363 2.55068 -13 792 1 0 1
8.7242 -11.4257 74.9003 16.4047 -10.5615 67.1657 0.645978 -13 794 1 0 1
1.32325 -13.072 74.9003 9.46241 -11.9626 55.9773 -2.00702 -13 795 1 0 1
0.977612 3.05727 74.9003 9.84609 2.49959 58.6726 0.283006 -13 796 1 0 1
10.3954 -1.09199 74.9003 16.8953 -2.62792 46.2781 -0.384082 -13 797 1 0 1
8.67586 13.6142 74.9003 15.3375 15.9278 72.9153 2.34388 -13 798 1 0 1
9.90123 5.94969 74.9003 17.4004 5.07408 62.1815 1.282 -13 799 1 0 1
-2.28451 4.28968 74.9003 6.1789 5.63368 60.5945 1.57389 -13 800 1 0 1
16.6859 2.41257 74.9003 5.45262 8.28533 23.1231 2.60024 -13 801 1 0 1
9.74194 -5.10907 74.9003 17.1882 -6.68111 65.1672 -0.919393 -13 802 1 0 1
11.1768 0.715195 74.9003 18.0795 4.08466 74.226 -1.34647 -13 803 1 0 1
5.4651 -3.61269 74.9003 13.2266 -3.55412 53.7842 1.39902 -13 806 1 0 1
3.68904 -4.42263 74.9003 11.6477 -3.18436 67.1069 0.748211 -13 807 1 0 1
0.642836 9.46311 74.9003 9.82134 5.50223 34.8287 1.94828 -13 808 1 0 1
-0.74005 2.83043 74.9003 7.07414 2.66931 65.329 -0.190977 -13 809 1 0 1
3.19314 -2.36362 74.9003 9.00531 -4.14566 76.9104 -0.340171 -13 810 1 0 1
9.70052 1.28208 74.9003 17.5759 2.5758 68.8365 0.138839 -13 811 1 0 1
-0.730168 -9.11695 74.9003 8.65497 -4.88157 41.3334 2.4416 -13 812 1 0 1
6.79392 -3.49051 74.9003 14.5446 -1.4585 61.8377 1.08327 -13 814 1 0 1
5.99635 -3.9708 74.9003 11.8952 -4.58042 76.8381 1.82135 -13 816 1 0 1
13.3871 -3.94519 74.9003 17.2546 -2.19632 34.4212 -1.13355 -13 817 1 0 1
4.29596 1.1639 74.9003 12.3789 2.82792 52.1322 -1.33814 -13 821 1 0 1
0.998735 4.56453 74.9003 3.58479 2.61257 81.3727 0.950018 -13 822 1 0 1
14.6915 0.110886 74.9003 21.4497 -1.08252 53.7196 0.308617 -13 823 1 0 1
5.67175 -7.70656 74.9003 13.0685 -7.54232 60.503 0.646785 -13 825 1 0 1
11.1459 6.70114 74.9003 18.4573 8.6015 64.6652 -1.03749 -13 826 1 0 1
11.4293 -10.6557 74.9003 18.9145 -11.333 60.2572 3.03201 -13 827 1 0 1
3.70954 3.58154 74.9003 11.6605 1.87027 64.4903 -2.10414 -13 828 1 0 1
6.9025 -8.68826 74.9003 14.5111 -9.22782 64.1131 0.191032 -13 830 1 0 1
12.0138 -2.01883 74.9003 19.2997 -3.31065 63.4245 2.34117 -13 831 1 0 1
9.45261 -8.90776 74.9003 16.8776 -8.07863 54.0305 0.753993 -13 832 1 0 1
11.8626 -11.8785 74.9003 18.9672 -11.3375 58.7214 0.748195 -13 833 1 0 1
7.82447 -10.0411 74.9003 15.6822 -7.92475 59.1567 0.141893 -13 834 1 0 1
4.98131 -11.7998 74.9003 10.216 -14.9985 76.9284 -0.618966 -13 835 1 0 1
15.8149 13.3576 74.9003 3.54894 8.83723 34.8239 0.251885 -13 836 1 0 1
13.5202 5.08265 74.9003 20.9576 3.13449 69.1192 -0.984944 -13 838 1 0 1
9.84662 -9.00982 74.9003 17.3306 -6.07836 53.7424 -0.0164172 -13 839 1 0 1
-0.911041 6.04609 74.9003 7.26164 5.0828 60.5826 2.79617 -13 840 1 0 1
6.28494 9.03108 74.9003 14.2747 6.53675 57.7639 -1.4497 -13 841 1 0 1
7.42662 -8.93445 74.9003 14.4033 -8.98203 71.4864 -0.636542 -13 842 1 0 1
4.11177 -9.91375 74.9003 10.1579 -14.5995 73.272 0.819518 -13 843 1 0 1
3.32795 14.1319 74.9003 11.5258 12.6858 58.141 1.26881 -13 844 1 0 1
13.6817 0.605453 74.9003 20.6341 1.76589 57.1703 1.36117 -13 845 1 0 1
4.80343 -0.300219 74.9003 12.8382 -1.83064 55.9639 -0.423951 -13 848 1 0 1
-0.740201 -5.03474 74.9003 8.11843 -3.39949 54.3095 -1.60946 -13 849 1 0 1
13.5326 -4.74712 74.9003 20.8171 -4.54543 66.3566 -0.532661 -13 850 1 0 1
5.05949 6.74292 74.9003 13.1433 5.03003 59.0446 -0.103285 -13 851 1 0 1
14.8917 -1.72059 74.9003 21.8492 -1.43883 73.1743 0.840231 -13 852 1 0 1
5.78625 6.41366 74.9003 13.5835 5.96197 60.1095 1.45629 -13 853 1 0 1
7.38108 0.668146 74.9003 14.1731 -1.91489 69.3009 -0.480587 -13 854 1 0 1
4.58774 8.94245 74.9003 12.6004 8.57781 61.6184 0.4851 -13 855 1 0 1
-1.8036 -1.63521 74.9003 6.51686 -4.52136 59.5377 0.699527 -13 856 1 0 1
9.7777 -3.65333 74.9003 17.5656 -0.681477 64.1547 -0.514504 -13 857 1 0 1
-9.64559 4.16048 74.9003 -2.48007 3.68084 66.9016 -2.0477 -13 858 1 0 1
4.07881 -0.486251 74.9003 12.498 0.44466 52.7672 1.9924 -13 859 1 0 1
4.29774 3.8528 74.9003 11.8071 4.2619 67.4643 1.67063 -13 860 1 0 1
6.94083 -5.10462 74.9003 13.533 -6.5423 76.2088 -1.49175 -13 861 1 0 1
9.32394 6.653 74.9003 16.8713 7.45292 62.0443 0.283088 -13 862 1 0 1
-3.85705 -9.30084 74.9003 4.47843 -7.84155 60.7986 0.569542 -13 863 1 0 1
9.27724 1.90787 74.9003 16.9972 2.54177 61.3618 -0.242868 -13 864 1 0 1
4.45588 -6.10026 74.9003 12.5443 -3.62173 54.3437 2.17849 -13 865 1 0 1
14.2518 14.2082 74.9003 20.4964 13.5832 52.9028 0.346241 -13 866 1 0 1
15.6103 6.81876 74.9003 3.02835 4.55973 51.0691 -0.307237 -13 867 1 0 1
5.15291 1.56206 74.9003 10.5034 0.315007 78.4158 -1.30631 -13 868 1 0 1
-8.395 -13.6295 74.9003 0.385372 -12.5332 61.4655 -0.308761 -13 869 1 0 1
11.066 -6.95577 74.9003 18.1398 -7.32786 57.4508 1.13721 -13 870 1 0 1
10.44 -6.96674 74.9003 17.938 -7.92618 64.3416 -0.830431 -13 871 1 0 1
4.14789 -3.8546 74.9003 11.5782 -2.94665 67.1715 -0.774904 -13 872 1 0 1
13.3654 -1.29593 74.9003 21.1378 -2.94998 69.7504 -0.732784 -13 873 1 0 1
5.02823 8.67235 74.9003 12.4033 9.32645 66.6543 2.93421 -13 874 1 0 1
0.144964 -6.12177 74.9003 8.12187 -6.49266 62.2234 0.579272 -13 875 1 0 1
14.3011 6.91052 74.9003 21.628 6.88501 72.121 0.338447 -13 876 1 0 1
12.3283 7.54481 74.9003 20.248 11.1966 66.1615 -1.65261 -13 877 1 0 1
8.47213 9.03235 74.9003 15.375 12.1956 71.4388 -3.3676 -13 878 1 0 1
-1.29517 10.724 74.9003 8.39748 7.81688 50.6395 1.56071 -13 879 1 0 1
11.536 -9.31359 74.9003 19.4132 -10.1185 65.5394 1.1659 -13 880 1 0 1
12.8681 -8.11568 74.9003 19.6024 -6.99327 54.1404 2.2104 -13 881 1 0 1
9.19077 11.6248 74.9003 16.0638 13.1629 73.3316 -0.232399 -13 882 1 0 1
0.0428287 22.8306 74.9003 9.06209 9.44151 24.5649 0.270907 -13 884 1 0 1
12.0348 -0.827943 74.9003 18.7393 -4.74523 77.8224 2.65138 -13 886 1 0 1
-8.34931 1.46111 74.9003 -2.60092 0.98126 71.4242 0.835756 -13 887 1 0 1
11.6629 3.33533 74.9003 18.9408 1.11945 53.0954 0.416915 -13 888 1 0 1
6.83391 -5.71591 74.9003 14.6047 -4.58606 56.0923 -0.262731 -13 889 1 0 1
14.3458 -10.7567 74.9003 21.8448 -11.6273 65.7132 -0.815575 -13 890 1 0 1
5.01145 -6.4953 74.9003 12.145 -4.55608 70.9891 0.749371 -13 892 1 0 1
-2.84579 2.01483 74.9003 6.16136 3.21666 59.7006 -1.32412 -13 893 1 0 1
15.3208 -3.41101 74.9003 24.0999 5.32764 69.1531 0.276564 -13 894 1 0 1
-6.20012 12.2705 74.9003 -1.31927 18.8981 72.4684 1.82687 -13 895 1 0 1
2.6975 12.0306 74.9003 10.0171 13.6847 68.6132 -1.36608 -13 896 1 0 1
11.1504 0.741997 74.9003 17.7133 1.44347 54.1619 -0.341406 -13 898 1 0 1
12.3228 -0.681871 74.9003 19.7792 -2.7639 65.9553 0.890355 -13 901 1 0 1
9.10389 -11.5993 74.9003 15.8372 -9.21211 73.2488 1.44632 -13 903 1 0 1
11.8104 -1.31472 74.9003 18.5621 -2.90164 56.2886 2.27422 -13 904 1 0 1
-4.2079 2.21135 74.9003 -0.674121 3.81462 79.4303 0.409278 -13 905 1 0 1
2.3679 -5.9409 74.9003 11.2603 -4.46813 56.2194 1.59961 -13 906 1 0 1
7.82866 8.93833 74.9003 15.2359 7.48867 66.457 0.609409 -13 907 1 0 1
5.02781 -12.0408 74.9003 12.1632 -7.29004 37.9601 0.631667 -13 908 1 0 1
9.14474 -8.83603 74.9003 15.8819 -7.89501 71.7832 0.970355 -13 909 1 0 1
1.14362 -4.88339 74.9003 7.88329 -5.59679 70.3411 0.123557 -13 910 1 0 1
15.2906 24.1797 74.9003 16.7001 20.5492 24.5228 -0.190461 -13 911 1 0 1
15.6585 15.1755 74.9003 15.7369 10.3853 33.3498 -0.447711 -13 912 1 0 1
6.3376 8.57694 74.9003 10.6046 13.6907 78.366 1.57299 -13 913 1 0 1
-5.85585 5.18473 74.9003 0.386343 8.89861 71.5707 1.27541 -13 914 1 0 1
15.4337 -9.40171 74.9003 10.5023 -4.86965 51.6727 -0.534838 -13 915 1 0 1
-5.14898 1.20657 74.9003 -3.78515 2.62327 80.1415 4.57253 -13 916 1 0 1
8.65582 11.1161 74.9003 15.0421 8.04488 40.578 0.189263 -13 917 1 0 1
-3.6663 8.80894 74.9003 2.10171 9.74692 72.4906 2.30951 -13 918 1 0 1
4.84009 3.81905 74.9003 12.5828 2.49978 65.8673 -0.308878 -13 919 1 0 1
0.755427 -2.70745 74.9003 5.30673 -1.22663 79.866 0.712721 -13 920 1 0 1
0.891079 -10.736 74.9003 4.64416 -12.3117 80.1109 2.70448 -13 922 1 0 1
2.85371 0.130883 74.9003 10.9186 -0.0658734 58.8372 0.161924 -13 923 1 0 1
7.01624 1.08742 74.9003 14.4726 -0.288604 67.4202 -0.755113 -13 924 1 0 1
3.04118 5.90177 74.9003 10.7583 6.1224 61.837 0.678931 -13 925 1 0 1
1.67033 2.58488 74.9003 6.89912 1.81522 77.6168 1.63977 -13 926 1 0 1
4.95968 -3.98153 74.9003 13.217 -1.79242 66.9777 0.843511 -13 927 1 0 1
13.8035 -4.62083 74.9003 20.6205 -4.67221 54.9222 0.101081 -13 928 1 0 1
6.20002 3.31414 74.9003 13.5636 3.44792 69.6127 1.61998 -13 930 1 0 1
0.517615 -7.53851 74.9003 9.26585 -6.43403 52.2519 2.2308 -13 932 1 0 1
14.6229 9.58739 74.9003 21.989 11.4925 65.4033 1.32647 -13 933 1 0 1
2.72704 2.95013 74.9003 8.74011 4.45328 74.5948 -0.283557 -13 934 1 0 1
-1.35427 16.4227 74.9003 6.94325 14.9142 58.6759 1.26035 -13 935 1 0 1
6.40687 -4.70284 74.9003 13.005 -2.84741 72.5823 0.0620612 -13 938 1 0 1
-5.3674 1.45067 74.9003 3.42537 1.56293 59.4271 -0.225925 -13 939 1 0 1
7.88256 4.00057 74.9003 15.6122 4.74845 59.056 0.277153 -13 940 1 0 1
3.37061 5.7589 74.9003 10.9735 7.61421 66.3732 0.507668 -13 941 1 0 1
15.7946 -4.50909 74.9003 17.8438 -4.01929 52.5946 1.71803 -13 943 1 0 1
10.1522 0.561604 74.9003 17.4629 2.6059 51.5295 -0.0911467 -13 944 1 0 1
10.3264 12.6841 74.9003 17.4729 15.5724 69.0659 1.17302 -13 945 1 0 1
12.1792 8.80733 74.9003 17.7959 6.39143 45.1079 -0.371449 -13 946 1 0 1
-0.093549 -3.72952 74.9003 9.26856 -3.05311 55.0172 0.738336 -13 949 1 0 1
5.49433 13.1055 74.9003 13.401 11.8122 64.1767 0.369038 -13 950 1 0 1
10.669 1.3103 74.9003 17.5616 0.629495 57.937 0.586643 -13 953 1 0 1
10.5713 -21.9724 74.9003 17.6204 -17.9249 52.0426 0.122667 -13 954 1 0 1
14.4279 -3.02006 74.9003 21.2262 -5.50108 58.357 0.86409 -13 955 1 0 1
6.02995 1.92092 74.9003 13.8836 0.146504 51.6087 0.262884 -13 956 1 0 1
-3.8555 -1.82326 74.9003 5.07572 -3.52261 58.7551 -0.695517 -13 957 1 0 1
-0.65422 -0.249723 74.9003 0.747837 -1.35107 80.747 -0.524734 -13 958 1 0 1
2.42984 3.58277 74.9003 8.51724 3.23982 74.3551 -1.73163 -13 960 1 0 1
14.2695 -1.97143 74.9003 21.0672 -0.410187 52.4288 0.538867 -13 961 1 0 1
6.31677 -0.000441662 74.9003 14.5087 -0.716988 61.2721 2.2674 -13 964 1 0 1
6.86783 -9.40694 74.9003 14.3608 -10.1202 63.2235 1.73108 -13 965 1 0 1
3.71569 5.11092 74.9003 12.1156 6.14132 53.8184 2.65495 -13 966 1 0 1
13.9087 -4.65585 74.9003 20.4561 -2.85073 51.5261 0.932977 -13 967 1 0 1
-11.6369 0.412397 74.9003 -3.68833 -0.836736 64.625 -0.720068 -13 968 1 0 1
15.6164 -7.63909 74.9003 32.0954 -12.2575 45.3167 0.260996 -13 970 1 0 1
3.06032 1.40422 74.9003 10.7508 3.80309 66.5383 -0.823585 -13 971 1 0 1
12.2976 11.3539 74.9003 15.6037 6.71493 30.6717 -0.39326 -13 972 1 0 1
4.63412 5.15624 74.9003 12.1679 5.70776 68.695 -0.300132 -13 974 1 0 1
2.82107 3.00786 74.9003 9.42354 6.96176 74.1641 1.96308 -13 975 1 0 1
-5.65646 -4.63424 74.9003 3.23152 -3.30694 59.7834 0.733201 -13 977 1 0 1
1.33275 -1.53695 74.9003 7.65453 -2.94576 72.3349 -1.11014 -13 979 1 0 1
-0.840005 -1.90652 74.9003 7.63733 -2.35928 60.1639 -1.05258 -13 980 1 0 1
3.39541 -3.88908 74.9003 10.9816 -5.50977 62.0109 -0.329885 -13 981 1 0 1
11.622 7.5005 74.9003 19.1173 5.95638 61.9481 -0.316419 -13 982 1 0 1
8.1444 0.587738 74.9003 15.2859 4.15655 71.9229 0.0013567 -13 983 1 0 1
15.7646 5.05332 74.9003 5.52772 1.27478 33.3284 1.25946 -13 985 1 0 1
2.13296 -7.27013 74.9003 10.1643 -6.13593 60.1738 0.0601834 -13 986 1 0 1
14.846 -17.7699 74.9003 21.5118 -16.5593 56.5379 0.819869 -13 987 1 0 1
8.01845 26.7888 74.9003 12.7476 11.6594 27.8909 0.550109 -13 988 1 0 1
10.3133 -7.04799 74.9003 18.0441 -6.48138 67.8752 1.41015 -13 989 1 0 1
11.5081 -5.11145 74.9003 19.323 -8.20048 68.451 0.620477 -13 990 1 0 1
4.30762 10.9837 74.9003 12.6767 7.15235 51.1944 -1.80462 -13 991 1 0 1
0.461553 8.79301 74.9003 9.79109 5.40368 43.5625 1.32245 -13 992 1 0 1
2.93789 -5.9338 74.9003 10.1641 -6.58309 68.5635 0.551472 -13 996 1 0 1
6.53124 3.70834 74.9003 13.8646 3.05637 48.0064 2.84574 -13 997 1 0 1
5.46997 -5.63293 74.9003 13.1219 -4.35008 47.6203 -0.107163 -13 1000 1 0 1
