#BLTrackFile NTuple/Z66
#x y z Px Py Pz t PDGid EventID TrackID ParentID Weight
#mm mm mm MeV/c MeV/c MeV/c ns - - - - -
12.4484 -6.27334 66.0114 32.3716 -6.18863 66.666 -0.796048 -13 1 1 0 1
24.4205 3.09613 66.0114 46.0817 -1.65177 66.6617 0.31956 -13 2 1 0 1
19.6691 -1.0179 66.0114 40.1575 -1.4485 59.9623 1.27586 -13 3 1 0 1
7.22425 -4.15468 66.0114 25.028 -3.13871 76.2122 0.69321 -13 4 1 0 1
9.75833 -3.38802 66.0114 29.8502 -5.58604 55.9622 0.881304 -13 5 1 0 1
7.53765 -1.42496 66.0114 26.3815 -0.296964 71.2086 -0.422204 -13 6 1 0 1
17.1426 -3.98818 66.0114 37.1143 -3.17692 50.8697 -0.485281 -13 7 1 0 1
16.8492 6.21798 66.0114 33.9977 7.48517 37.8403 0.393152 -13 8 1 0 1
28.7016 8.46037 66.0114 46.8547 8.5327 45.1298 1.53092 -13 9 1 0 1
19.4172 1.40554 66.0114 40.1602 3.00297 54.9112 1.0821 -13 10 1 0 1
23.3541 7.93038 66.0114 44.2288 8.53515 57.9827 -0.136713 -13 11 1 0 1
24.6539 -12.5018 66.0114 43.4941 -13.0268 45.288 2.11056 -13 12 1 0 1
33.2893 -6.64991 66.0114 51.9764 -4.13187 45.9413 -1.10588 -13 14 1 0 1
25.6024 -9.62014 66.0114 45.8096 -9.49679 50.8326 1.88646 -13 15 1 0 1
16.5947 10.1573 66.0114 36.7204 11.9647 53.958 -0.258824 -13 17 1 0 1
15.7401 -12.7744 66.0114 34.2783 -12.2294 43.6735 1.83669 -13 18 1 0 1
9.52993 8.48306 66.0114 28.9546 11.0086 61.9611 0.496792 -13 19 1 0 1
21.7663 -7.49446 66.0114 41.5822 -7.11171 51.3023 3.35826 -13 20 1 0 1
18.2267 3.43653 66.0114 37.3937 5.67651 46.339 -0.766036 -13 22 1 0 1
33.5756 13.1355 66.0114 43.6593 7.79704 25.5331 1.02579 -13 23 1 0 1
11.1816 9.25851 66.0114 30.6386 8.84926 48.7929 1.11084 -13 24 1 0 1
22.7661 -1.38254 66.0114 43.5556 0.683065 57.1652 0.68574 -13 25 1 0 1
18.1038 5.58735 66.0114 38.9713 6.61042 57.3501 0.263715 -13 26 1 0 1
20.8159 -6.06124 66.0114 41.1747 -3.03118 54.3693 1.86012 -13 27 1 0 1
25.302 -8.64505 66.0114 46.6785 -9.73058 58.036 0.652484 -13 28 1 0 1
15.4094 6.28293 66.0114 35.4567 8.98408 58.0359 1.40813 -13 30 1 0 1
18.93 1.44462 66.0114 39.698 3.04353 61.3471 0.11151 -13 31 1 0 1
15.2012 3.35787 66.0114 35.3411 3.72953 53.7304 -0.0850204 -13 32 1 0 1
8.05606 -2.98404 66.0114 27.7632 -1.87948 62.3219 -0.230944 -13 34 1 0 1
7.18388 -10.6687 66.0114 26.4032 -12.1602 69.3771 2.5571 -13 35 1 0 1
20.0529 -1.68741 66.0114 40.6327 0.841496 54.4132 -0.704379 -13 36 1 0 1
16.7533 -5.6756 66.0114 37.9101 -9.21721 71.0709 -1.09062 -13 37 1 0 1
24.2738 -7.87498 66.0114 42.8265 -8.41439 45.3402 1.88514 -13 38 1 0 1
18.7354 12.6575 66.0114 35.4904 10.5749 40.7917 1.21762 -13 40 1 0 1
33.4438 15.7447 66.0114 49.3903 12.7668 39.176 0.304557 -13 41 1 0 1
14.9912 6.50832 66.0114 35.1158 5.11194 59.7975 1.63968 -13 42 1 0 1
8.32019 -2.34953 66.0114 24.9195 -3.56865 75.9585 0.664006 -13 43 1 0 1
29.1024 2.74697 66.0114 44.9738 1.46166 37.5687 1.1079 -13 44 1 0 1
23.4026 -5.71836 66.0114 43.4471 -6.02316 53.8547 0.800756 -13 46 1 0 1
24.4486 12.0264 66.0114 42.7489 8.82064 45.8615 1.3554 -13 47 1 0 1
12.2176 4.88022 66.0114 31.8416 8.54412 59.8286 1.08133 -13 48 1 0 1
21.7863 -12.5448 66.0114 42.3517 -18.0784 55.6738 -0.152776 -13 49 1 0 1
33.6831 -6.8818 66.0114 40.8705 -3.08975 21.3046 -0.0910894 -13 50 1 0 1
15.6526 -0.318358 66.0114 35.7781 -2.69493 64.409 0.0734418 -13 51 1 0 1
20.778 12.6323 66.0114 38.9291 11.6937 42.687 0.522205 -13 52 1 0 1
33.3453 5.67551 66.0114 47.6418 3.57717 34.1608 -1.8765 -13 53 1 0 1
13.932 -5.81492 66.0114 33.9755 -8.13727 63.2429 1.2745 -13 55 1 0 1
24.9147 -4.27513 66.0114 44.5075 -2.77587 48.1156 0.00289216 -13 58 1 0 1
19.6415 -8.42643 66.0114 40.0609 -9.32248 55.8992 2.34573 -13 59 1 0 1
34.2914 12.1601 66.0114 48.2857 11.1117 34.2103 0.727742 -13 60 1 0 1
15.3662 7.43631 66.0114 35.4488 9.04929 54.0127 -0.454046 -13 61 1 0 1
21.7047 -1.801 66.0114 42.789 0.298459 57.6576 -0.172229 -13 62 1 0 1
15.3724 -1.25743 66.0114 34.751 -0.304021 50.9349 0.536312 -13 64 1 0 1
24.9245 1.23587 66.0114 44.6944 0.294984 50.0783 -1.04594 -13 65 1 0 1
14.0822 -0.251236 66.0114 34.6163 -0.988901 63.6931 0.812681 -13 66 1 0 1
24.1185 -7.31637 66.0114 43.0422 -5.20881 46.0943 -0.263876 -13 67 1 0 1
29.4809 12.62 66.0114 44.2147 8.36455 34.3399 -0.490461 -13 68 1 0 1
17.0962 -6.40273 66.0114 37.2346 -7.00942 52.6823 0.386576 -13 69 1 0 1
14.1621 -4.11505 66.0114 34.1493 -10.4052 72.8963 0.572026 -13 70 1 0 1
12.4415 0.374005 66.0114 32.7842 -1.79684 52.8736 -1.06737 -13 71 1 0 1
31.7041 13.3647 66.0114 49.3524 10.4011 43.5227 1.54175 -13 72 1 0 1
17.3055 -3.20511 66.0114 38.1368 -6.55716 65.0074 -0.551471 -13 73 1 0 1
25.0251 10.7655 66.0114 42.7507 9.93926 42.6976 0.693018 -13 74 1 0 1
17.7657 4.44095 66.0114 38.7037 4.26466 65.5637 -2.50027 -13 75 1 0 1
26.2799 1.91111 66.0114 46.8781 1.99565 64.6147 -1.35271 -13 76 1 0 1
19.6837 5.15773 66.0114 37.784 2.01938 44.8828 2.81157 -13 77 1 0 1
15.241 -3.99423 66.0114 34.7433 -5.44844 51.0385 -0.356297 -13 78 1 0 1
23.7461 -0.140151 66.0114 42.6797 -0.559352 48.4418 1.85012 -13 79 1 0 1
19.9396 0.893441 66.0114 40.9106 2.84827 61.1685 0.426896 -13 80 1 0 1
23.3108 5.13869 66.0114 43.7252 9.84417 56.2061 0.4715 -13 81 1 0 1
17.0681 0.737638 66.0114 37.3682 1.89789 52.365 1.62245 -13 82 1 0 1
15.4773 14.5418 66.0114 36.1251 18.5043 59.2348 0.417392 -13 83 1 0 1
6.76235 -3.18306 66.0114 25.9872 -4.15102 59.8811 0.536332 -13 84 1 0 1
19.2568 1.58961 66.0114 41.0814 0.951398 64.8296 1.52133 -13 85 1 0 1
21.2769 -2.34598 66.0114 41.9283 -6.5461 55.5188 0.222238 -13 86 1 0 1
26.7334 -8.05091 66.0114 41.7545 -6.96295 34.2781 1.33778 -13 87 1 0 1
14.5939 -5.08673 66.0114 35.0588 -5.5615 60.11 -0.00748405 -13 88 1 0 1
24.6878 -5.63336 66.0114 43.1258 -3.63984 46.5662 -0.134292 -13 89 1 0 1
18.9258 2.92371 66.0114 39.3606 2.66405 54.3561 0.23253 -13 90 1 0 1
12.6895 -4.81092 66.0114 33.269 -5.82228 57.9461 1.28252 -13 91 1 0 1
29.7721 3.13047 66.0114 44.7976 2.57905 35.3061 0.477617 -13 92 1 0 1
10.8495 0.857309 66.0114 30.3708 -0.676946 50.9407 1.26801 -13 93 1 0 1
24.2704 21.3476 66.0114 40.6884 17.3501 38.5517 -0.856107 -13 94 1 0 1
20.3744 -2.21393 66.0114 41.4011 -1.60162 58.3973 0.473754 -13 95 1 0 1
23.7687 7.32374 66.0114 42.0403 8.90815 45.8645 -1.35798 -13 96 1 0 1
13.5844 -3.81964 66.0114 33.2278 -0.700738 49.1223 -0.59568 -13 97 1 0 1
14.5627 -3.17997 66.0114 35.0114 -1.31165 59.0474 0.848799 -13 98 1 0 1
27.4249 4.06301 66.0114 46.2363 3.7864 45.4405 0.959237 -13 99 1 0 1
24.4598 -4.29759 66.0114 44.752 -1.98665 52.7685 -0.437998 -13 100 1 0 1
37.5984 -6.87611 66.0114 56.2079 -4.98785 38.1809 -0.195793 -13 101 1 0 1
31.6534 0.247465 66.0114 50.6816 -0.176693 47.2836 0.36803 -13 102 1 0 1
35.8556 -2.86742 66.0114 50.9323 0.679779 37.7368 -1.95573 -13 103 1 0 1
20.4124 4.60339 66.0114 40.7825 3.26135 54.8471 0.124962 -13 104 1 0 1
17.1999 7.2042 66.0114 36.9512 10.8399 49.1983 -1.01083 -13 105 1 0 1
10.7365 -0.122302 66.0114 30.3673 -0.0787646 54.7605 0.707779 -13 106 1 0 1
19.8334 -4.4432 66.0114 40.6715 -5.36948 59.3752 -0.633052 -13 107 1 0 1
36.9654 6.0326 66.0114 52.4679 7.65376 37.8283 -0.316101 -13 108 1 0 1
17.3385 1.3776 66.0114 38.0199 2.071 57.0833 1.4199 -13 109 1 0 1
13.034 1.78535 66.0114 32.5944 2.82594 66.2321 0.14247 -13 110 1 0 1
14.5536 -6.62468 66.0114 34.9184 -5.97613 69.7987 0.0977859 -13 111 1 0 1
39.0504 -2.45558 66.0114 34.4422 -8.87152 11.9429 -1.31406 -13 112 1 0 1
27.6443 4.51905 66.0114 43.8277 3.24151 38.4521 1.26738 -13 113 1 0 1
28.8262 -7.5441 66.0114 46.9715 -7.70343 44.1098 0.404194 -13 114 1 0 1
33.6011 7.43491 66.0114 44.0772 4.62238 27.4889 0.386314 -13 115 1 0 1
10.9049 -4.01844 66.0114 30.4689 -5.22562 67.287 0.910987 -13 116 1 0 1
28.8714 2.93935 66.0114 43.5592 3.41065 36.5467 0.148618 -13 117 1 0 1
21.5286 5.69886 66.0114 36.9757 1.55243 34.9701 0.0880774 -13 118 1 0 1
18.146 2.20685 66.0114 38.9298 3.7333 59.9042 0.915528 -13 119 1 0 1
22.2492 4.32072 66.0114 38.0237 4.09978 37.1707 0.314529 -13 120 1 0 1
25.8684 -9.04619 66.0114 43.7455 -5.93722 44.5186 1.98727 -13 121 1 0 1
13.0187 -4.52572 66.0114 33.2286 -4.5363 70.8282 1.00841 -13 122 1 0 1
19.6565 -10.7594 66.0114 40.7147 -11.6155 58.9068 1.16448 -13 123 1 0 1
35.79 1.00444 66.0114 49.3095 1.40942 34.0932 0.7971 -13 124 1 0 1
7.34184 -11.8067 66.0114 26.9308 -13.1933 56.968 -1.1082 -13 125 1 0 1
14.62 0.549801 66.0114 34.4994 -2.97724 71.5339 1.32596 -13 126 1 0 1
28.9004 8.11322 66.0114 46.0645 5.79141 41.6438 -0.6314 -13 127 1 0 1
19.5086 -1.29391 66.0114 39.6994 -3.70385 53.1686 0.749345 -13 128 1 0 1
35.061 -5.91061 66.0114 44.8677 -2.03603 26.8965 1.1365 -13 130 1 0 1
21.4266 1.78907 66.0114 41.7337 2.01486 56.5479 -0.0570205 -13 131 1 0 1
14.3422 5.42266 66.0114 34.9488 5.92642 66.2505 1.67381 -13 132 1 0 1
22.6057 4.77308 66.0114 42.0748 3.82318 48.9307 -0.903454 -13 133 1 0 1
25.3892 2.42238 66.0114 47.0827 2.54688 60.6301 0.790696 -13 134 1 0 1
21.5303 3.29072 66.0114 42.1401 1.17758 58.0022 1.24398 -13 135 1 0 1
12.9255 0.588188 66.0114 32.8691 -0.228137 54.9445 1.9082 -13 137 1 0 1
19.5468 9.7078 66.0114 37.7091 9.33513 44.3176 0.735778 -13 140 1 0 1
27.3792 8.75001 66.0114 41.9609 8.56995 34.5279 0.361769 -13 141 1 0 1
36.0492 5.81166 66.0114 52.6266 7.22208 40.3813 2.36392 -13 142 1 0 1
10.1979 -3.45047 66.0114 30.2016 -4.99437 66.0679 -0.497098 -13 143 1 0 1
28.1527 -2.5424 66.0114 49.3216 -4.19457 54.5661 3.29786 -13 144 1 0 1
32.9316 -24.5175 66.0114 46.1844 -17.8459 32.4177 2.17883 -13 145 1 0 1
26.2989 -5.73719 66.0114 45.9302 -3.98866 49.6713 0.619239 -13 146 1 0 1
16.387 0.444975 66.0114 36.7396 0.437554 55.4111 -0.831221 -13 147 1 0 1
13.3406 -12.4482 66.0114 33.7484 -11.8311 62.5547 0.605882 -13 148 1 0 1
38.7102 7.00787 66.0114 39.8408 -3.67986 19.5908 -0.0295908 -13 149 1 0 1
28.333 5.15146 66.0114 47.8521 6.00099 48.2031 0.214068 -13 150 1 0 1
30.1354 -10.1111 66.0114 45.1971 -8.93464 36.841 1.61889 -13 151 1 0 1
24.5683 0.584339 66.0114 44.3676 0.198755 49.6046 2.49029 -13 152 1 0 1
18.4169 -2.55358 66.0114 39.0599 -5.50006 56.53 -0.145358 -13 153 1 0 1
10.6416 -7.35748 66.0114 29.4808 -10.2397 73.5147 -1.79058 -13 154 1 0 1
15.3269 0.782907 66.0114 35.7737 -0.262801 59.6609 -1.13037 -13 155 1 0 1
14.7832 -0.711801 66.0114 34.7007 0.806633 53.8493 0.229094 -13 157 1 0 1
17.0724 4.13172 66.0114 36.8735 2.89959 70.3896 1.61115 -13 158 1 0 1
20.1316 7.45524 66.0114 38.8141 5.42293 44.3541 -0.301076 -13 159 1 0 1
31.2628 3.63168 66.0114 51.2713 1.34069 50.5812 1.89105 -13 161 1 0 1
20.5983 11.0804 66.0114 34.5943 7.1108 29.9616 -0.158554 -13 162 1 0 1
14.0847 5.99067 66.0114 34.5427 9.87011 62.564 -1.42121 -13 163 1 0 1
24.6246 -4.03244 66.0114 44.482 -6.12468 51.1971 0.364897 -13 164 1 0 1
8.46603 -2.77914 66.0114 25.9548 -2.9747 31.9684 2.50098 -13 165 1 0 1
1.95257 -2.36475 66.0114 19.8836 -3.27815 69.91 0.0338075 -13 166 1 0 1
25.4098 10.5068 66.0114 43.8026 9.88558 44.8856 0.92663 -13 167 1 0 1
14.5481 5.95983 66.0114 33.3578 9.26729 71.5272 1.36561 -13 168 1 0 1
39.5772 -5.82349 66.0114 17.1558 -3.48703 19.446 0.106258 -13 169 1 0 1
12.0965 -6.99429 66.0114 31.9747 -8.9008 60.8438 -0.387675 -13 170 1 0 1
23.3754 4.84046 66.0114 41.0631 2.79009 42.0923 -0.0614264 -13 172 1 0 1
35.4408 5.0121 66.0114 49.7029 3.46884 34.5056 0.504934 -13 173 1 0 1
25.1615 5.32526 66.0114 45.8769 2.47896 52.9886 0.538974 -13 174 1 0 1
19.0352 -6.77045 66.0114 35.8573 -6.9081 37.1574 0.164769 -13 176 1 0 1
26.1796 -3.39762 66.0114 41.2386 -1.54485 35.4151 -0.236982 -13 178 1 0 1
28.7116 -9.25989 66.0114 48.7719 -11.851 51.0618 -0.452853 -13 179 1 0 1
38.6041 -9.51561 66.0114 33.4207 -10.9098 21.8346 1.93798 -13 180 1 0 1
18.5883 -4.38288 66.0114 33.4151 -2.46138 30.994 -0.540514 -13 182 1 0 1
9.51975 -2.35652 66.0114 28.8068 -4.47806 52.4705 0.292603 -13 184 1 0 1
22.1179 -5.63014 66.0114 41.3006 -7.02855 46.6718 -0.481331 -13 185 1 0 1
18.5222 -4.91553 66.0114 39.8283 -2.18587 61.6482 1.40541 -13 188 1 0 1
9.80592 -3.60897 66.0114 28.1687 -5.47609 74.9202 0.42946 -13 189 1 0 1
14.3357 5.9698 66.0114 34.519 6.34648 51.6354 2.18903 -13 191 1 0 1
16.2073 1.65101 66.0114 36.0798 5.70082 71.6458 1.1022 -13 192 1 0 1
17.4978 -2.88513 66.0114 32.4568 -3.67403 31.8447 -0.683366 -13 193 1 0 1
19.2012 6.01407 66.0114 40.0006 8.66107 58.3249 0.0232844 -13 194 1 0 1
16.2309 0.803465 66.0114 35.6737 0.925082 50.3622 2.54843 -13 195 1 0 1
23.4473 -0.51189 66.0114 43.8099 -4.34666 67.6572 2.8379 -13 196 1 0 1
9.37361 6.3397 66.0114 29.5668 6.48182 56.7796 -0.648836 -13 197 1 0 1
11.1136 18.6257 66.0114 31.1724 15.41 50.3413 -1.31562 -13 199 1 0 1
12.935 -2.12828 66.0114 30.9901 -0.68355 43.3013 0.968514 -13 200 1 0 1
6.56489 -3.67248 66.0114 25.6234 -6.05238 67.0577 0.570585 -13 201 1 0 1
10.7464 16.7515 66.0114 30.1602 14.6533 50.3884 -0.559961 -13 202 1 0 1
21.0369 2.00147 66.0114 40.3539 0.458718 49.1699 0.560505 -13 203 1 0 1
26.4226 4.01306 66.0114 41.033 0.857197 35.1008 1.75624 -13 205 1 0 1
2.78747 1.92926 66.0114 17.1383 1.61663 76.1882 0.445707 -13 206 1 0 1
12.2067 -7.80131 66.0114 32.1491 -7.82126 51.7052 -0.788782 -13 207 1 0 1
10.3536 5.23086 66.0114 30.4659 6.76859 64.2686 -0.0304298 -13 208 1 0 1
12.8868 13.1331 66.0114 32.7492 16.1969 66.3593 2.34978 -13 212 1 0 1
11.7399 8.80362 66.0114 31.8303 7.99902 53.4116 -1.04951 -13 213 1 0 1
16.8627 8.2652 66.0114 38.0935 8.68254 66.242 1.29425 -13 214 1 0 1
18.3219 -6.24099 66.0114 39.0366 -11.0145 61.7644 2.01428 -13 215 1 0 1
19.1461 1.84718 66.0114 39.6838 2.3235 59.2536 1.42152 -13 216 1 0 1
20.0489 -6.31549 66.0114 40.6645 -7.07808 56.0559 0.461273 -13 218 1 0 1
15.5471 -1.98741 66.0114 36.6512 -2.4748 69.652 0.31976 -13 219 1 0 1
19.617 2.62662 66.0114 40.7056 1.27298 60.7961 2.68109 -13 220 1 0 1
34.4813 1.84087 66.0114 47.6212 0.258775 31.5792 1.35788 -13 221 1 0 1
13.329 8.41735 66.0114 33.7632 10.7376 64.8195 -0.493502 -13 222 1 0 1
12.0893 -8.07895 66.0114 31.8929 -6.59602 55.9449 1.32556 -13 223 1 0 1
14.7027 -8.38194 66.0114 34.9732 -8.11288 55.0283 -0.14074 -13 224 1 0 1
29.1241 12.4166 66.0114 44.4477 10.7784 36.5198 0.0978782 -13 226 1 0 1
20.7388 -5.86098 66.0114 40.8204 -6.5713 50.9803 0.368651 -13 227 1 0 1
17.6899 0.854713 66.0114 38.1395 0.71737 68.8985 -1.60308 -13 228 1 0 1
14.4641 2.46441 66.0114 34.5464 0.467599 65.6929 0.559484 -13 229 1 0 1
30.8065 -17.4348 66.0114 41.0583 -11.1156 26.6978 0.0818624 -13 230 1 0 1
36.7919 13.2411 66.0114 53.0344 14.073 40.3953 1.62215 -13 231 1 0 1
30.2711 7.39433 66.0114 47.7122 6.34982 42.6232 1.22995 -13 232 1 0 1
9.92037 -0.458773 66.0114 29.7989 -1.38492 60.4648 -1.14485 -13 233 1 0 1
26.4519 2.99382 66.0114 46.6087 3.09588 51.8806 -0.264055 -13 234 1 0 1
23.1668 -2.52545 66.0114 44.7087 -5.58661 60.9102 0.611928 -13 235 1 0 1
12.4434 -4.32415 66.0114 32.8299 -7.19445 58.3295 1.60646 -13 236 1 0 1
15.9959 -0.676191 66.0114 35.6872 -1.0322 53.1619 0.437779 -13 238 1 0 1
10.8558 -0.735663 66.0114 30.6649 2.13565 65.6883 1.59621 -13 239 1 0 1
18.3781 1.66993 66.0114 37.6013 -0.55713 47.7661 2.20011 -13 242 1 0 1
26.4067 -5.97766 66.0114 46.8414 -4.58005 52.148 0.251444 -13 243 1 0 1
23.0647 1.76577 66.0114 44.7359 2.03289 62.7383 1.01185 -13 244 1 0 1
26.0817 6.51845 66.0114 47.0275 10.7499 55.4987 -0.334684 -13 245 1 0 1
19.5257 4.65542 66.0114 40.3802 8.27255 59.2639 0.152099 -13 246 1 0 1
23.9259 -3.73663 66.0114 42.4473 -1.63659 46.2723 0.063607 -13 247 1 0 1
17.069 -4.57229 66.0114 37.6995 -4.83081 58.1694 1.02949 -13 248 1 0 1
25.6594 -7.89396 66.0114 45.8023 -8.70426 52.7043 -1.12192 -13 250 1 0 1
36.5908 17.1452 66.0114 51.7849 11.0516 37.2383 -0.583584 -13 251 1 0 1
30.8345 1.92406 66.0114 48.918 0.651639 43.1656 0.6841 -13 252 1 0 1
20.6102 7.6486 66.0114 41.3871 11.1197 60.0618 -0.993994 -13 253 1 0 1
31.97 8.61072 66.0114 45.3492 7.12215 33.0468 -0.0370401 -13 254 1 0 1
16.1321 -0.58613 66.0114 37.0145 1.71687 69.5325 0.290285 -13 255 1 0 1
24.5677 -0.785715 66.0114 41.1439 -0.308471 38.5527 -0.508877 -13 256 1 0 1
23.0641 -1.27981 66.0114 42.1598 -2.39668 48.8877 0.520794 -13 258 1 0 1
23.06 -3.29895 66.0114 40.823 -4.77237 40.9504 -0.752064 -13 259 1 0 1
18.7897 3.63743 66.0114 40.226 2.06284 62.0259 0.0604743 -13 260 1 0 1
18.4241 6.49199 66.0114 37.5052 5.9976 49.0396 -0.731948 -13 261 1 0 1
17.8272 3.66838 66.0114 38.0149 4.50063 51.7943 2.49523 -13 262 1 0 1
31.608 -11.4403 66.0114 48.716 -10.2625 41.7714 -1.05126 -13 263 1 0 1
22.4013 2.91481 66.0114 37.1948 2.03687 33.6935 0.256772 -13 264 1 0 1
34.5455 7.78627 66.0114 50.8495 7.96358 39.9173 1.13748 -13 265 1 0 1
22.4649 1.44988 66.0114 43.5729 -0.362754 57.1997 0.96531 -13 266 1 0 1
14.3146 0.907768 66.0114 34.214 -1.78753 54.9475 0.0865153 -13 267 1 0 1
37.6157 3.03902 66.0114 35.9838 -4.10566 21.7192 -0.518041 -13 268 1 0 1
12.9277 3.51449 66.0114 32.7983 0.914741 72.1633 0.821635 -13 269 1 0 1
14.5475 -3.13331 66.0114 34.8237 -5.88324 55.4531 1.64544 -13 270 1 0 1
20.0963 -5.66152 66.0114 41.7396 -9.86981 66.8917 -0.472391 -13 271 1 0 1
22.187 -8.8404 66.0114 41.4077 -9.39747 48.6567 1.99658 -13 272 1 0 1
8.96869 4.65652 66.0114 29.028 3.78974 51.1191 3.21252 -13 273 1 0 1
24.4332 1.86316 66.0114 44.8722 4.26116 52.8047 -1.64114 -13 274 1 0 1
39.1784 -1.24205 66.0114 35.9139 5.48515 24.7521 0.174905 -13 275 1 0 1
6.73301 3.71327 66.0114 26.6782 3.96332 57.8849 1.94147 -13 278 1 0 1
10.1559 -1.65287 66.0114 30.1374 -6.23833 63.9175 -2.10749 -13 279 1 0 1
28.8976 5.41992 66.0114 46.681 3.85938 43.8026 0.664243 -13 280 1 0 1
19.9028 -5.50876 66.0114 39.7931 -4.29973 55.332 -0.909103 -13 281 1 0 1
28.7084 16.0904 66.0114 40.9303 12.4203 29.5859 -0.329484 -13 282 1 0 1
24.091 10.3613 66.0114 40.8487 5.95659 39.2763 0.091756 -13 284 1 0 1
7.72755 7.24374 66.0114 27.4864 9.5099 59.0828 -0.118126 -13 285 1 0 1
12.0972 -8.93867 66.0114 32.64 -4.62533 63.0077 -1.09143 -13 286 1 0 1
22.6003 1.06125 66.0114 38.6798 -1.12821 38.126 -1.15852 -13 287 1 0 1
19.2238 26.7009 66.0114 38.9091 34.1989 60.8414 0.102337 -13 288 1 0 1
15.4333 8.39148 66.0114 36.2356 11.2578 69.933 0.807138 -13 289 1 0 1
18.49 -5.46991 66.0114 39.2757 -8.32334 65.6279 0.802506 -13 291 1 0 1
16.0548 5.87625 66.0114 36.831 8.39025 64.2768 0.08844 -13 292 1 0 1
5.67364 10.792 66.0114 25.1349 12.7896 47.6104 2.47629 -13 293 1 0 1
36.51 11.2685 66.0114 55.2883 14.9826 46.361 2.00705 -13 294 1 0 1
21.5968 -1.133 66.0114 42.0513 -1.73069 53.5806 0.465098 -13 295 1 0 1
9.60343 4.56931 66.0114 29.7075 4.50246 54.3533 0.10966 -13 296 1 0 1
16.8702 3.4444 66.0114 37.2751 1.63051 58.1145 -1.49413 -13 298 1 0 1
10.8555 10.1708 66.0114 29.2175 11.5395 42.1282 3.17718 -13 299 1 0 1
12.8801 -3.59317 66.0114 33.1292 -6.06876 55.5132 -0.392513 -13 301 1 0 1
10.5656 2.94307 66.0114 30.3667 5.48892 57.2529 0.608496 -13 302 1 0 1
15.0787 -0.747415 66.0114 34.9623 1.77387 54.1333 0.386617 -13 303 1 0 1
19.7436 10.5417 66.0114 39.5115 13.1584 53.1731 0.916485 -13 304 1 0 1
12.5612 11.2451 66.0114 30.8418 9.76142 40.1214 1.64113 -13 305 1 0 1
20.1579 -2.86358 66.0114 40.7809 -4.87365 54.8255 -0.668079 -13 306 1 0 1
19.9375 -13.2674 66.0114 40.0137 -18.3877 55.9258 -0.924203 -13 307 1 0 1
17.016 -11.2567 66.0114 37.8971 -13.5749 63.6624 0.434771 -13 308 1 0 1
20.2855 6.00027 66.0114 40.6509 6.67933 54.7427 -0.486235 -13 309 1 0 1
27.3443 -2.49906 66.0114 47.9827 -2.59388 55.4658 -0.0260742 -13 310 1 0 1
11.1584 3.35961 66.0114 31.2472 5.29618 66.0277 0.177804 -13 312 1 0 1
14.8867 7.03051 66.0114 35.5604 7.88327 64.6448 1.27638 -13 313 1 0 1
27.5338 1.83156 66.0114 47.3505 2.22965 52.3728 -0.220198 -13 314 1 0 1
26.8176 -3.2204 66.0114 45.2293 -0.712486 44.7529 -1.06328 -13 315 1 0 1
33.6807 -20.5058 66.0114 45.4464 -14.6039 29.3032 -0.757094 -13 316 1 0 1
18.2964 -12.0937 66.0114 38.1131 -13.2499 52.1827 1.12776 -13 317 1 0 1
16.7122 -1.92587 66.0114 37.3145 -0.619386 59.307 -1.06769 -13 318 1 0 1
17.7178 5.48535 66.0114 37.9952 9.60134 60.3069 2.35782 -13 319 1 0 1
28.4308 2.45249 66.0114 49.3855 2.7227 53.9153 0.952568 -13 320 1 0 1
27.8091 -0.478912 66.0114 43.683 -0.964501 39.3362 -1.24849 -13 321 1 0 1
13.9197 2.14967 66.0114 31.8238 4.06052 73.5227 2.16957 -13 322 1 0 1
25.4766 -8.39282 66.0114 47.2327 -6.04005 60.4292 0.561398 -13 323 1 0 1
22.7284 6.44506 66.0114 42.8265 6.82095 51.5142 -0.317316 -13 324 1 0 1
20.6333 -2.56925 66.0114 41.9014 -3.80731 60.4261 0.319729 -13 325 1 0 1
5.69562 7.64307 66.0114 25.0059 7.3906 57.8417 0.292253 -13 326 1 0 1
13.3798 -18.9637 66.0114 31.9008 -17.4096 42.7228 0.584301 -13 327 1 0 1
11.9261 -1.3765 66.0114 31.648 -6.10502 52.2404 -1.16846 -13 328 1 0 1
20.6861 7.62646 66.0114 41.5321 9.8823 56.6944 1.42952 -13 329 1 0 1
23.8948 -4.31703 66.0114 45.7952 -3.12041 62.9256 -0.518644 -13 330 1 0 1
15.4893 10.3313 66.0114 36.0796 8.19777 63.7338 -1.25414 -13 331 1 0 1
30.7909 -2.66587 66.0114 34.5304 -0.0706433 15.0723 -0.688592 -13 332 1 0 1
11.7448 -4.81165 66.0114 32.3975 -4.76062 59.2568 0.650456 -13 334 1 0 1
25.7504 -5.69865 66.0114 45.869 -6.35567 50.1362 0.681547 -13 335 1 0 1
27.9853 -9.39552 66.0114 48.2036 -9.44642 53.2151 -0.326315 -13 336 1 0 1
35.6709 -1.62643 66.0114 47.6049 -3.66553 31.3653 1.29435 -13 338 1 0 1
27.4183 -9.66866 66.0114 41.4775 -6.66241 33.9482 0.758913 -13 339 1 0 1
19.4795 4.18048 66.0114 40.5221 5.94375 58.0965 0.522512 -13 340 1 0 1
23.0976 2.57035 66.0114 45.4297 0.366606 64.2494 0.262247 -13 341 1 0 1
15.5408 4.28914 66.0114 36.1272 6.90763 65.8694 0.915284 -13 342 1 0 1
23.9076 -5.40302 66.0114 42.9423 -7.91034 47.4996 -0.0236282 -13 343 1 0 1
17.946 0.509898 66.0114 38.8385 2.10374 58.2135 -0.536899 -13 345 1 0 1
4.06719 0.230125 66.0114 23.2782 0.0977786 63.8274 0.874802 -13 346 1 0 1
16.292 1.02999 66.0114 37.1882 1.2918 59.1942 -0.532354 -13 347 1 0 1
23.2861 0.398774 66.0114 40.598 3.43209 40.4868 -0.152033 -13 348 1 0 1
36.1539 -3.29383 66.0114 48.6157 -3.50303 32.7934 1.23811 -13 349 1 0 1
26.3303 -4.25573 66.0114 45.8169 -3.76642 48.7935 1.10799 -13 350 1 0 1
16.2079 4.17621 66.0114 36.916 3.63586 61.7247 -1.2503 -13 352 1 0 1
16.0666 4.06723 66.0114 36.634 3.39043 56.851 0.0735744 -13 353 1 0 1
22.101 12.0514 66.0114 39.107 8.62006 41.2522 0.747854 -13 354 1 0 1
13.5837 3.04355 66.0114 33.5238 4.48733 67.242 -0.189558 -13 355 1 0 1
29.1332 8.64059 66.0114 45.5944 9.44147 39.8935 0.637376 -13 356 1 0 1
36.0556 -2.64957 66.0114 41.5839 -0.652152 20.3306 0.477044 -13 357 1 0 1
29.0724 -0.931939 66.0114 47.0309 1.76388 43.1051 0.800076 -13 359 1 0 1
13.389 -4.4226 66.0114 33.9315 -5.3611 68.4549 -0.330354 -13 360 1 0 1
21.5277 0.0760639 66.0114 42.9713 2.0256 65.3827 0.159679 -13 361 1 0 1
11.9552 -0.192622 66.0114 32.1994 -2.40046 59.2424 -2.48876 -13 362 1 0 1
16.7207 2.64037 66.0114 37.6263 5.14732 66.5509 -0.0247697 -13 363 1 0 1
20.5725 -9.67873 66.0114 39.5829 -8.82044 51.4568 0.563292 -13 364 1 0 1
28.6765 6.02922 66.0114 41.7114 5.54913 30.949 -1.50799 -13 365 1 0 1
19.0977 2.69904 66.0114 39.675 4.05125 54.2099 0.85764 -13 368 1 0 1
16.9655 0.121038 66.0114 36.4884 1.73444 49.8463 -0.773448 -13 369 1 0 1
7.14145 0.884171 66.0114 26.0216 0.441823 69.2141 1.13586 -13 370 1 0 1
19.7155 1.96337 66.0114 40.4725 3.2822 54.179 2.69992 -13 371 1 0 1
28.2028 -2.73511 66.0114 44.3312 -5.20337 37.6622 1.17384 -13 372 1 0 1
12.4483 -6.79017 66.0114 32.588 -8.60235 57.864 0.995763 -13 373 1 0 1
10.9089 -0.876783 66.0114 30.4789 0.174605 71.5864 0.90331 -13 374 1 0 1
5.15931 5.44071 66.0114 22.22 9.2822 76.5911 -1.13225 -13 375 1 0 1
11.7425 -11.1898 66.0114 31.75 -13.1384 62.5722 0.764918 -13 376 1 0 1
30.2206 -4.23844 66.0114 52.6895 -6.85147 59.6892 1.49227 -13 377 1 0 1
37.0169 2.70359 66.0114 45.3911 -0.655515 25.2025 2.61386 -13 378 1 0 1
10.203 -15.2128 66.0114 30.065 -19.5675 60.3744 0.944127 -13 379 1 0 1
23.2382 -20.9396 66.0114 37.2997 -15.6951 30.0324 -0.324555 -13 380 1 0 1
28.7262 -0.0628433 66.0114 45.6653 2.46649 41.2155 1.51563 -13 381 1 0 1
25.9059 -8.8532 66.0114 47.0611 -10.1747 56.3614 -0.0220922 -13 382 1 0 1
10.6669 13.6972 66.0114 29.428 11.2897 44.4151 1.67149 -13 383 1 0 1
37.7127 4.08265 66.0114 48.6952 2.23362 31.897 -0.950944 -13 384 1 0 1
16.5883 -1.5244 66.0114 37.3054 -4.16008 57.8275 2.08232 -13 385 1 0 1
18.6059 3.82375 66.0114 39.566 3.56665 58.7971 2.23736 -13 386 1 0 1
10.623 -1.11871 66.0114 30.4044 -2.70554 66.3989 0.4129 -13 387 1 0 1
16.0856 -2.82266 66.0114 33.6561 -1.76434 41.192 -0.397927 -13 388 1 0 1
38.8724 -1.16716 66.0114 36.5001 1.13085 37.5136 1.4207 -13 389 1 0 1
20.5114 0.309867 66.0114 41.046 -0.508092 50.9355 1.07617 -13 390 1 0 1
14.4418 -8.65388 66.0114 33.2219 -10.4563 45.4424 0.556947 -13 392 1 0 1
22.9402 12.8008 66.0114 41.5369 11.0872 47.0812 -0.464279 -13 394 1 0 1
14.1284 8.80418 66.0114 34.6743 13.7017 67.0183 -1.36527 -13 395 1 0 1
36.7062 4.03583 66.0114 52.1394 1.57848 38.6789 0.225852 -13 396 1 0 1
26.2887 -6.37394 66.0114 43.7976 -4.69582 43.3142 1.62139 -13 397 1 0 1
24.9922 -1.06494 66.0114 44.7759 -1.89722 50.9789 1.1953 -13 398 1 0 1
19.6454 -7.67355 66.0114 40.6576 -7.43009 61.1765 2.34772 -13 399 1 0 1
25.4491 -0.42685 66.0114 44.9156 3.7046 48.679 0.311831 -13 400 1 0 1
25.7113 0.633277 66.0114 46.6803 1.40179 56.1726 0.0927236 -13 401 1 0 1
22.4475 -6.364 66.0114 40.8444 -6.6366 43.6558 0.0593389 -13 402 1 0 1
17.7765 -20.584 66.0114 38.5148 -25.7443 57.222 0.549607 -13 403 1 0 1
22.4579 -5.345 66.0114 42.6158 -7.88952 52.4897 1.54093 -13 404 1 0 1
22.6995 -4.94581 66.0114 41.3224 -7.21058 46.9684 -0.235683 -13 406 1 0 1
24.9115 -4.92616 66.0114 45.425 -3.71469 51.7012 1.61294 -13 407 1 0 1
27.4606 10.1077 66.0114 45.9255 9.0743 45.1069 0.677287 -13 409 1 0 1
14.943 -4.96268 66.0114 35.7115 -6.3504 68.7153 -2.28429 -13 410 1 0 1
22.2662 13.582 66.0114 36.9041 6.98586 32.5112 0.950022 -13 411 1 0 1
22.433 -11.7782 66.0114 42.6376 -12.8344 53.0718 1.58971 -13 412 1 0 1
12.471 5.61917 66.0114 32.3263 6.05211 72.8451 0.370153 -13 413 1 0 1
9.92779 -2.91584 66.0114 30.2408 -2.05612 53.424 1.31447 -13 414 1 0 1
34.8646 4.97075 66.0114 48.6938 4.69961 34.8471 0.737721 -13 415 1 0 1
14.6957 -1.28972 66.0114 35.2185 -3.15286 61.5665 1.77674 -13 418 1 0 1
30.2066 -1.54547 66.0114 48.2546 -1.21103 44.3194 0.865911 -13 419 1 0 1
16.09 -5.07007 66.0114 36.9823 -8.42455 64.9431 -0.14213 -13 421 1 0 1
27.8992 20.5277 66.0114 46.714 20.5108 46.3294 0.748365 -13 422 1 0 1
7.75586 -10.1722 66.0114 26.5123 -5.7595 40.716 0.147891 -13 423 1 0 1
12.3853 0.652243 66.0114 32.5919 1.65563 56.1877 0.255528 -13 425 1 0 1
16.7525 0.0287815 66.0114 37.1686 2.5244 65.7351 -1.12802 -13 426 1 0 1
29.721 -8.81212 66.0114 47.2747 -6.3376 43.8774 -0.173673 -13 427 1 0 1
21.2848 8.42305 66.0114 41.3733 11.4144 52.9096 0.708244 -13 428 1 0 1
7.25949 9.36002 66.0114 26.0887 12.284 67.6484 -1.41764 -13 430 1 0 1
19.989 -4.44345 66.0114 41.1384 -6.06037 64.8129 2.18862 -13 431 1 0 1
23.2425 5.37964 66.0114 43.6234 7.54432 53.4886 2.26665 -13 432 1 0 1
19.8461 -7.9075 66.0114 40.4066 -12.0612 58.4819 1.68565 -13 433 1 0 1
31.1064 7.74795 66.0114 47.139 9.23525 38.6328 0.48795 -13 434 1 0 1
19.5228 -1.42269 66.0114 40.0112 -0.874634 56.2231 -2.00667 -13 437 1 0 1
17.2235 1.7876 66.0114 35.999 1.93184 43.9035 2.2948 -13 438 1 0 1
20.1308 -9.47793 66.0114 39.4075 -8.16185 50.7097 -0.80527 -13 439 1 0 1
29.7764 5.62248 66.0114 46.7977 5.77066 41.7859 0.568408 -13 440 1 0 1
13.0002 1.23245 66.0114 33.2646 1.22234 65.1152 1.64524 -13 441 1 0 1
13.4079 -3.71723 66.0114 33.7922 -1.02482 57.7653 0.159528 -13 442 1 0 1
23.8527 1.40899 66.0114 41.9707 4.16724 43.9857 1.37359 -13 443 1 0 1
33.5749 0.807225 66.0114 52.9454 1.78317 48.2205 1.30496 -13 444 1 0 1
26.4292 -0.608863 66.0114 46.7392 -3.63615 53.0125 0.37781 -13 445 1 0 1
16.3436 -10.8136 66.0114 37.1378 -9.78201 60.1589 -1.26553 -13 446 1 0 1
33.8971 5.19914 66.0114 48.1481 4.59975 35.277 -0.0697259 -13 447 1 0 1
15.3717 1.45209 66.0114 36.1447 3.33422 61.8004 -1.71814 -13 448 1 0 1
20.0829 1.69313 66.0114 36.8738 0.558977 40.0163 0.16032 -13 449 1 0 1
21.8477 3.14002 66.0114 43.5435 1.68604 68.5368 0.352855 -13 451 1 0 1
21.6735 -2.32491 66.0114 42.5346 -3.32153 53.9921 1.39697 -13 452 1 0 1
25.2246 -2.0831 66.0114 43.5183 -1.35456 43.4206 0.0010664 -13 453 1 0 1
25.4172 3.12565 66.0114 41.5321 1.8722 36.1843 1.71252 -13 454 1 0 1
33.6527 -1.03773 66.0114 47.1315 -2.2787 33.5273 0.5694 -13 455 1 0 1
29.3377 7.25801 66.0114 47.6717 7.80201 45.5085 -0.304523 -13 456 1 0 1
32.3375 -4.14233 66.0114 47.222 -1.41415 35.42 1.16787 -13 457 1 0 1
21.4471 3.99353 66.0114 43.2996 2.50138 62.2627 1.96365 -13 459 1 0 1
18.4127 4.68058 66.0114 38.2749 6.41042 55.1146 0.141386 -13 460 1 0 1
13.6185 5.46048 66.0114 34.1781 7.63958 58.1854 0.641187 -13 461 1 0 1
20.8934 -6.85968 66.0114 40.869 -6.66099 51.5623 0.0229671 -13 462 1 0 1
20.9347 -1.21811 66.0114 41.6473 -1.02584 56.7168 1.77312 -13 463 1 0 1
32.7729 15.5536 66.0114 48.8993 14.0129 39.5038 0.208262 -13 464 1 0 1
9.48338 6.73327 66.0114 26.3908 4.43763 34.5105 -0.444675 -13 465 1 0 1
27.7706 8.08372 66.0114 43.7065 7.6526 39.2317 0.692091 -13 466 1 0 1
23.6002 -0.0161505 66.0114 41.0776 -2.51327 41.1694 -0.484375 -13 468 1 0 1
22.1268 11.658 66.0114 38.6694 9.34687 38.618 0.816678 -13 469 1 0 1
25.7451 -6.50816 66.0114 45.2051 -5.19399 49.675 -0.139078 -13 470 1 0 1
29.1497 7.5861 66.0114 42.0336 4.92606 31.2272 1.60031 -13 471 1 0 1
32.1062 -23.1654 66.0114 36.8268 -10.6387 16.1636 1.75036 -13 472 1 0 1
22.929 1.18301 66.0114 40.2419 0.705337 40.1018 -0.252789 -13 473 1 0 1
31.612 -5.00129 66.0114 48.5904 -4.44775 40.6366 -0.258666 -13 474 1 0 1
20.1362 4.18517 66.0114 41.5277 6.30178 60.2808 1.87299 -13 475 1 0 1
14.9962 10.1476 66.0114 35.047 11.4361 53.5628 0.313147 -13 476 1 0 1
22.8805 13.442 66.0114 43.6097 12.2855 52.4261 -0.960534 -13 477 1 0 1
17.5263 -6.65404 66.0114 36.7396 -6.00499 51.5781 -1.45899 -13 478 1 0 1
35.7645 -1.67489 66.0114 44.0647 -2.0945 25.1884 -0.170749 -13 479 1 0 1
34.1586 6.45752 66.0114 46.6742 5.81453 32.2032 0.720115 -13 480 1 0 1
26.6242 10.6618 66.0114 39.1609 5.30576 29.2001 0.824722 -13 482 1 0 1
9.12386 10.0606 66.0114 28.8325 11.0622 64.306 1.0922 -13 483 1 0 1
12.586 1.87939 66.0114 32.6109 1.02701 61.0435 -0.956332 -13 484 1 0 1
14.1229 -8.14735 66.0114 33.8533 -9.45815 50.599 2.18958 -13 485 1 0 1
24.9341 -12.1266 66.0114 42.2751 -12.6915 42.1294 3.12031 -13 486 1 0 1
28.2262 3.81361 66.0114 48.2814 2.46794 51.72 0.478987 -13 487 1 0 1
5.43922 -4.27491 66.0114 25.2639 -4.73303 58.639 -0.572318 -13 488 1 0 1
34.6337 4.87112 66.0114 41.3076 5.70034 21.4798 1.83044 -13 489 1 0 1
17.9437 -11.2159 66.0114 37.8529 -13.5737 51.906 -1.47061 -13 490 1 0 1
21.0187 1.1764 66.0114 41.8926 -1.4144 57.9428 1.1894 -13 491 1 0 1
20.5788 5.12733 66.0114 39.5285 7.24113 47.8309 1.53797 -13 492 1 0 1
10.4358 -1.46935 66.0114 30.811 -1.89863 53.4415 1.36111 -13 493 1 0 1
34.1739 -15.8655 66.0114 41.4099 -9.07826 22.1691 0.772558 -13 496 1 0 1
18.5337 -2.97215 66.0114 38.2406 -2.75629 53.1203 0.613651 -13 497 1 0 1
14.4971 10.9343 66.0114 34.883 12.7735 59.7129 -0.0964948 -13 498 1 0 1
24.5029 2.54024 66.0114 40.0157 0.319422 36.9614 -0.431119 -13 499 1 0 1
19.0299 4.24792 66.0114 40.3188 3.98976 69.424 0.0135915 -13 501 1 0 1
8.40935 9.3855 66.0114 28.1102 8.92598 62.8947 -0.851341 -13 502 1 0 1
21.0323 -12.2666 66.0114 42.0187 -10.7186 56.5052 -1.28928 -13 503 1 0 1
20.7541 5.35949 66.0114 40.5354 6.70033 53.2466 0.636242 -13 504 1 0 1
10.9939 -1.5285 66.0114 29.8186 -3.43353 73.836 1.56632 -13 506 1 0 1
27.6054 -7.23071 66.0114 46.3552 -5.60437 45.6905 1.33142 -13 508 1 0 1
27.9641 -7.83584 66.0114 49.1686 -8.29722 55.6689 0.347414 -13 509 1 0 1
11.0237 6.55186 66.0114 31.1979 6.38368 54.1438 1.48283 -13 510 1 0 1
6.02396 -1.64422 66.0114 25.0675 -0.446625 68.942 2.34968 -13 511 1 0 1
19.1421 6.0808 66.0114 37.887 5.93987 46.93 -0.0579412 -13 512 1 0 1
33.7795 1.94825 66.0114 45.0016 2.50557 29.4599 1.54494 -13 513 1 0 1
25.5531 3.38233 66.0114 42.4738 3.23038 40.908 -3.11588 -13 514 1 0 1
9.65415 -2.89133 66.0114 29.2265 -2.76717 61.4844 -1.14341 -13 515 1 0 1
22.7009 3.67853 66.0114 40.3016 5.84343 42.8904 -1.58736 -13 516 1 0 1
19.4369 -5.38209 66.0114 40.4531 -8.37045 60.5867 -0.8179 -13 517 1 0 1
17.4348 0.341713 66.0114 37.9452 1.27457 54.9196 1.1293 -13 518 1 0 1
9.71729 1.60657 66.0114 28.1085 1.07555 74.1027 0.198935 -13 519 1 0 1
22.7749 -5.29876 66.0114 41.7449 -6.94193 46.0194 2.86324 -13 520 1 0 1
13.5834 -9.74785 66.0114 34.1255 -10.286 61.9619 -1.17865 -13 521 1 0 1
18.4588 4.15391 66.0114 39.2924 5.03692 70.3461 1.19015 -13 522 1 0 1
12.6266 8.71879 66.0114 32.9931 8.7808 62.7993 1.1574 -13 523 1 0 1
13.554 -5.03128 66.0114 33.4327 -1.25707 52.4473 1.04163 -13 524 1 0 1
9.68888 -1.65483 66.0114 29.0048 0.804491 67.7004 0.319737 -13 526 1 0 1
26.2045 6.34878 66.0114 44.3848 6.14946 44.2604 1.36347 -13 527 1 0 1
27.915 -1.40534 66.0114 45.5461 -1.00768 42.8792 3.01771 -13 528 1 0 1
29.9141 -10.3547 66.0114 50.2256 -13.941 51.6151 1.11566 -13 529 1 0 1
21.5559 4.63179 66.0114 42.1606 4.89058 53.9437 -0.29882 -13 530 1 0 1
18.1533 1.87436 66.0114 37.3894 2.4441 47.1897 1.31862 -13 531 1 0 1
15.8138 5.33383 66.0114 35.0805 6.23382 45.9911 1.97709 -13 532 1 0 1
27.0161 -1.16701 66.0114 47.6465 -0.421837 53.2091 1.27987 -13 534 1 0 1
22.9841 6.77741 66.0114 43.5429 11.3971 55.8743 -2.52806 -13 535 1 0 1
36.0189 -2.66826 66.0114 47.9686 -0.272493 31.3959 -0.518763 -13 536 1 0 1
28.4483 11.1152 66.0114 46.6614 9.13282 42.7461 0.452126 -13 538 1 0 1
13.5927 -4.62248 66.0114 33.7798 -8.32877 62.9726 1.30226 -13 539 1 0 1
25.5316 -5.68136 66.0114 47.5574 -6.08822 62.2078 1.66836 -13 540 1 0 1
19.4273 7.15656 66.0114 40.1826 9.86716 59.8794 1.2394 -13 541 1 0 1
24.0254 4.11862 66.0114 44.2795 5.54424 52.7359 0.320443 -13 542 1 0 1
26.791 -2.17946 66.0114 46.8199 -4.32215 49.8237 -0.201767 -13 543 1 0 1
23.0055 0.469479 66.0114 42.4804 -0.089828 49.2513 0.743042 -13 544 1 0 1
14.6704 -19.1496 66.0114 34.8727 -23.6323 60.672 1.4369 -13 545 1 0 1
20.0834 13.2844 66.0114 36.5878 11.549 38.7808 -0.344694 -13 547 1 0 1
24.3928 6.09711 66.0114 42.7229 8.12004 46.2231 2.59269 -13 548 1 0 1
27.3843 -2.26772 66.0114 43.8967 0.0782278 39.9389 2.91664 -13 549 1 0 1
7.71231 12.0837 66.0114 27.0431 15.4208 62.9916 -2.21297 -13 550 1 0 1
19.7666 -5.80187 66.0114 39.4279 -6.35864 48.8014 0.542652 -13 553 1 0 1
7.77108 -1.71393 66.0114 27.2441 -3.19498 61.387 -0.727533 -13 554 1 0 1
27.0963 5.9394 66.0114 48.1312 6.90611 57.5417 1.537 -13 555 1 0 1
19.3283 11.2583 66.0114 37.5397 9.86092 45.0053 0.823865 -13 556 1 0 1
27.9981 0.602722 66.0114 45.7946 -0.153113 43.5539 2.76662 -13 557 1 0 1
14.6185 -3.51377 66.0114 34.4122 -5.00705 54.0843 -2.30687 -13 558 1 0 1
20.9185 1.22578 66.0114 37.2216 1.13921 37.0936 -1.06985 -13 560 1 0 1
8.6035 3.72363 66.0114 27.9768 2.65609 65.2086 1.37298 -13 562 1 0 1
25.802 -0.678184 66.0114 46.3692 -2.4979 54.9408 -0.0393051 -13 564 1 0 1
19.9079 -11.0425 66.0114 38.5947 -9.24178 44.8239 1.59234 -13 565 1 0 1
12.1219 -0.290971 66.0114 31.994 -1.22141 68.2553 1.00443 -13 566 1 0 1
28.0001 0.4047 66.0114 44.4448 0.828937 39.8021 0.538447 -13 567 1 0 1
13.1901 4.8946 66.0114 33.7434 6.93012 64.0967 0.451091 -13 568 1 0 1
20.864 -6.0899 66.0114 40.1276 -6.48435 49.6459 2.10504 -13 569 1 0 1
22.4433 -11.1403 66.0114 39.111 -7.95267 38.8016 -2.05598 -13 570 1 0 1
20.122 -4.71414 66.0114 41.6813 -7.73054 64.025 0.12892 -13 572 1 0 1
9.25511 0.487374 66.0114 29.2407 -2.35274 64.1546 2.21366 -13 573 1 0 1
15.4501 19.2262 66.0114 34.7276 20.5392 49.3422 -0.648589 -13 574 1 0 1
18.9066 -0.0769159 66.0114 39.5718 -0.0511648 59.2695 0.465053 -13 575 1 0 1
16.5221 -0.499348 66.0114 37.1541 -3.98115 59.1188 -0.61109 -13 576 1 0 1
22.4367 -3.37472 66.0114 42.4364 -0.207876 52.5906 -1.67381 -13 577 1 0 1
12.2679 11.0017 66.0114 32.3748 14.0623 65.9173 2.21091 -13 578 1 0 1
34.1255 -12.6616 66.0114 50.4939 -11.2195 38.8987 0.104324 -13 579 1 0 1
10.0753 6.48715 66.0114 29.8218 9.69061 61.5881 1.75201 -13 580 1 0 1
31.2895 2.72169 66.0114 48.2562 1.13255 41.3231 0.413561 -13 581 1 0 1
20.718 -2.8838 66.0114 41.687 -4.38846 58.909 -0.156715 -13 583 1 0 1
24.2479 0.890858 66.0114 43.3807 -1.34861 49.7336 -0.448495 -13 584 1 0 1
21.6239 -7.93387 66.0114 41.1463 -9.95114 52.2382 -1.74883 -13 585 1 0 1
22.8096 -3.76806 66.0114 43.7823 -5.57991 57.9081 2.46998 -13 586 1 0 1
10.4334 13.1958 66.0114 29.7819 18.9269 67.3014 0.632795 -13 587 1 0 1
25.2658 -2.89477 66.0114 45.2147 -1.1976 50.9857 -1.81572 -13 588 1 0 1
15.5541 2.54313 66.0114 35.9483 2.00895 60.9218 -0.964115 -13 589 1 0 1
10.1594 -7.92046 66.0114 29.9543 -12.6381 69.3188 -0.601349 -13 590 1 0 1
10.486 -0.983839 66.0114 29.6824 0.652072 73.386 2.83958 -13 591 1 0 1
15.8045 -1.34572 66.0114 36.9965 -2.6827 62.3902 -2.33517 -13 592 1 0 1
19.8238 1.809 66.0114 39.9792 -1.11328 51.6953 2.24894 -13 593 1 0 1
12.8589 -3.79717 66.0114 32.4061 -5.68485 56.6914 0.533484 -13 594 1 0 1
23.5422 -5.13023 66.0114 43.1613 -3.4946 50.6916 0.894897 -13 595 1 0 1
6.37353 -1.47479 66.0114 23.0166 -2.45662 76.4142 0.181392 -13 597 1 0 1
18.488 -7.61376 66.0114 39.1914 -11.0213 70.6247 -1.44644 -13 598 1 0 1
17.0938 6.37027 66.0114 34.3392 5.5704 39.1948 -1.21231 -13 599 1 0 1
28.9309 -11.127 66.0114 42.7139 -8.43986 32.6075 0.950798 -13 600 1 0 1
33.948 0.10648 66.0114 48.9903 -0.116066 37.6218 1.55479 -13 601 1 0 1
24.2423 -4.18681 66.0114 44.0328 -3.91821 49.0938 0.962408 -13 602 1 0 1
6.91148 -1.4424 66.0114 26.334 -1.27187 65.1899 -0.979305 -13 603 1 0 1
16.7461 -16.8924 66.0114 36.0267 -15.1904 49.2177 0.39316 -13 605 1 0 1
28.1084 -2.02615 66.0114 47.2549 -2.10158 49.3869 2.9568 -13 606 1 0 1
27.419 10.116 66.0114 48.9024 14.6803 59.4938 -0.443417 -13 607 1 0 1
6.22355 0.569377 66.0114 24.8736 4.57884 70.6297 0.438057 -13 609 1 0 1
15.6345 1.63526 66.0114 36.2043 6.02201 59.1218 -1.36071 -13 610 1 0 1
22.7803 -1.6272 66.0114 40.312 -3.46591 41.8624 1.28115 -13 611 1 0 1
24.6153 1.91815 66.0114 44.6313 -0.146698 49.7787 0.0414055 -13 614 1 0 1
10.3731 -4.55663 66.0114 30.5886 -8.85764 68.1077 1.11681 -13 615 1 0 1
23.1226 3.37579 66.0114 45.4228 5.81639 65.3073 0.094216 -13 616 1 0 1
25.3789 -2.94519 66.0114 44.5726 -1.77201 48.5103 -0.340144 -13 617 1 0 1
21.6159 22.7063 66.0114 39.3809 21.1029 43.1289 -0.644081 -13 618 1 0 1
16.0319 2.50295 66.0114 36.6824 2.91497 70.015 -1.90909 -13 620 1 0 1
23.2663 -7.54699 66.0114 41.6647 -4.43697 45.4219 1.05156 -13 621 1 0 1
16.345 -0.875217 66.0114 36.0018 1.60766 50.0251 0.0615106 -13 623 1 0 1
27.207 2.9026 66.0114 46.8365 1.53626 47.7589 0.0673811 -13 624 1 0 1
12.8666 16.0432 66.0114 31.7565 12.3129 46.9105 -0.466538 -13 625 1 0 1
21.4084 0.588102 66.0114 42.3701 -0.989974 59.2774 2.78378 -13 626 1 0 1
12.2 3.23092 66.0114 32.0483 8.42613 71.0157 0.881069 -13 627 1 0 1
18.944 7.82126 66.0114 40.3867 10.1619 61.1419 0.472641 -13 628 1 0 1
20.6176 10.4594 66.0114 41.5016 12.2664 53.4297 0.542269 -13 629 1 0 1
11.173 7.09947 66.0114 31.1903 9.20917 57.5606 1.00092 -13 630 1 0 1
23.5154 4.94865 66.0114 42.4317 5.08456 44.7375 -0.273982 -13 631 1 0 1
19.8905 -9.30471 66.0114 40.175 -9.53475 55.3845 -1.16251 -13 632 1 0 1
10.8921 16.3338 66.0114 30.6831 17.1205 53.988 0.232459 -13 634 1 0 1
10.7395 5.9074 66.0114 30.5365 10.0797 67.3984 -1.79002 -13 636 1 0 1
26.8211 0.905596 66.0114 47.9315 -0.109708 56.4597 0.435491 -13 637 1 0 1
27.6234 -8.55085 66.0114 46.8663 -8.43882 48.6195 -1.59191 -13 639 1 0 1
35.3907 -9.01694 66.0114 51.0572 -8.57614 38.718 -0.910474 -13 641 1 0 1
21.9785 -10.0161 66.0114 40.2102 -7.66933 44.0808 0.349225 -13 642 1 0 1
14.3201 -11.5054 66.0114 34.7659 -13.8917 63.0425 -0.0540641 -13 643 1 0 1
20.9346 -10.6584 66.0114 37.6755 -9.83693 39.7911 2.64619 -13 644 1 0 1
30.0254 -10.2693 66.0114 45.3914 -7.82523 37.1169 1.41808 -13 645 1 0 1
9.7793 1.34805 66.0114 29.1487 1.25658 68.7134 1.6582 -13 646 1 0 1
5.13831 -1.64726 66.0114 21.9997 -0.727254 76.0009 -1.20272 -13 647 1 0 1
22.2504 -3.39827 66.0114 42.9619 -2.94945 54.2182 0.224571 -13 649 1 0 1
17.031 -5.89439 66.0114 37.7988 -5.54734 64.5476 1.26627 -13 650 1 0 1
21.5931 3.50435 66.0114 41.9027 3.38194 55.2442 0.821235 -13 651 1 0 1
17.0845 -9.17442 66.0114 37.1152 -10.5763 55.6035 1.32595 -13 652 1 0 1
19.7197 -5.77155 66.0114 40.0871 -4.88359 56.7697 0.944662 -13 653 1 0 1
10.3742 9.39182 66.0114 30.0501 12.5835 59.4177 0.196489 -13 656 1 0 1
9.97608 -3.36829 66.0114 29.1017 -1.18905 54.8205 0.928949 -13 657 1 0 1
13.0446 -8.96608 66.0114 32.935 -7.86611 61.8889 2.52286 -13 659 1 0 1
22.4906 -5.38413 66.0114 42.3401 -4.97716 52.8736 -1.18451 -13 660 1 0 1
15.1857 -2.0961 66.0114 35.3511 -6.11319 68.9562 1.91092 -13 661 1 0 1
20.5597 7.02019 66.0114 39.2025 6.60482 46.1053 0.0706512 -13 662 1 0 1
31.9241 2.01464 66.0114 46.8603 2.73634 36.5896 0.820687 -13 663 1 0 1
17.5694 -6.47571 66.0114 37.8523 -6.67291 61.0334 2.02933 -13 664 1 0 1
16.4794 -4.72374 66.0114 37.4325 -7.26961 67.966 0.582442 -13 665 1 0 1
18.46 10.6786 66.0114 38.3968 11.8424 50.9283 1.29983 -13 666 1 0 1
15.9009 -0.575218 66.0114 35.5175 0.09966 52.1308 -1.83909 -13 667 1 0 1
32.7234 -8.39795 66.0114 37.6171 -4.80483 18.2327 1.23897 -13 668 1 0 1
20.9381 -11.0076 66.0114 41.809 -11.5738 54.5235 1.69357 -13 669 1 0 1
13.6426 -9.91353 66.0114 33.9792 -11.3153 64.7954 0.314086 -13 670 1 0 1
36.6598 -2.83323 66.0114 52.5141 -2.25925 38.5083 0.848158 -13 671 1 0 1
35.9334 15.1996 66.0114 48.0343 11.1988 32.6984 1.95844 -13 672 1 0 1
29.3781 9.04759 66.0114 46.827 6.91608 41.8973 0.686994 -13 673 1 0 1
37.036 4.85961 66.0114 51.7294 4.31967 38.1877 1.22285 -13 674 1 0 1
18.8366 -10.4547 66.0114 38.6593 -11.7438 51.3109 3.49225 -13 675 1 0 1
35.1231 -1.72506 66.0114 52.4939 -2.43047 43.9907 1.35194 -13 677 1 0 1
19.6548 6.86582 66.0114 40.7237 12.2958 60.0034 1.84706 -13 678 1 0 1
12.2497 10.3252 66.0114 32.285 12.299 60.6893 0.306558 -13 679 1 0 1
24.2938 -0.679246 66.0114 41.9143 -2.12407 40.7485 -0.528317 -13 680 1 0 1
17.2798 -0.938182 66.0114 38.388 -5.49916 63.8257 -2.94421 -13 681 1 0 1
23.0476 -9.18335 66.0114 41.8093 -8.32783 47.0469 0.129922 -13 684 1 0 1
25.5481 5.54163 66.0114 46.4207 6.28077 54.0427 0.735231 -13 686 1 0 1
29.7598 7.5508 66.0114 42.0713 6.42215 30.155 2.10875 -13 687 1 0 1
14.0856 5.21935 66.0114 34.3098 3.92833 58.4822 0.279852 -13 688 1 0 1
34.6024 -1.13443 66.0114 39.8764 -0.245532 18.3385 0.0981093 -13 689 1 0 1
34.0742 -10.3774 66.0114 49.7281 -10.1396 37.795 1.38106 -13 690 1 0 1
23.7252 0.0363558 66.0114 43.0616 -1.97771 50.5407 -1.61922 -13 691 1 0 1
15.4423 -3.0301 66.0114 34.9403 -5.8583 53.0779 -0.619093 -13 692 1 0 1
26.3458 0.844136 66.0114 39.9959 -3.00666 33.9859 2.23435 -13 693 1 0 1
22.1379 -6.47623 66.0114 41.836 -4.23291 51.6051 2.70223 -13 694 1 0 1
25.0575 5.10774 66.0114 44.6876 5.18151 49.0393 0.696356 -13 696 1 0 1
18.3155 3.01894 66.0114 38.744 4.91652 61.4459 0.842737 -13 697 1 0 1
18.9055 -4.51175 66.0114 39.8567 -5.19192 62.1398 1.70772 -13 700 1 0 1
24.6063 10.4679 66.0114 45.3049 13.1125 53.5116 1.67799 -13 701 1 0 1
10.4759 4.58307 66.0114 29.1802 4.92289 74.578 -1.93136 -13 703 1 0 1
31.473 0.703419 66.0114 46.3302 2.16592 35.4945 -0.0670928 -13 704 1 0 1
24.7557 -1.11317 66.0114 40.8119 -1.99889 38.1003 1.81087 -13 705 1 0 1
22.8409 -6.95606 66.0114 40.254 -5.59656 39.7532 -1.21124 -13 706 1 0 1
17.6131 1.07489 66.0114 38.595 4.96943 62.383 3.63369 -13 707 1 0 1
11.5597 -3.59116 66.0114 31.4351 -3.59503 52.9548 0.850069 -13 708 1 0 1
24.1111 3.88891 66.0114 44.3464 2.50454 51.3893 0.426607 -13 709 1 0 1
35.0942 -1.50787 66.0114 42.8806 -2.4767 22.9211 -0.483674 -13 710 1 0 1
32.064 1.76396 66.0114 43.8749 -0.344377 30.7472 0.108281 -13 711 1 0 1
17.5885 -9.62509 66.0114 38.036 -10.3615 58.6443 1.71556 -13 712 1 0 1
14.8211 -6.58525 66.0114 34.5562 -10.7108 72.6689 0.303603 -13 713 1 0 1
28.0374 -2.9619 66.0114 41.2848 -3.98841 32.1578 2.08264 -13 714 1 0 1
18.4337 2.77617 66.0114 39.2824 4.76727 61.0246 -0.75468 -13 715 1 0 1
32.7228 16.3733 66.0114 43.3717 10.8252 27.218 1.68475 -13 716 1 0 1
22.0074 0.49917 66.0114 38.8146 -0.175163 38.7131 2.18546 -13 717 1 0 1
12.5989 1.76308 66.0114 32.7502 0.601769 65.9555 1.25117 -13 718 1 0 1
22.637 2.71038 66.0114 44.0212 4.98399 58.7648 0.228606 -13 719 1 0 1
14.1407 1.86301 66.0114 34.3048 2.15321 57.677 2.41327 -13 720 1 0 1
26.8302 -8.06692 66.0114 47.7101 -8.62982 54.9243 0.252423 -13 721 1 0 1
29.5229 -13.6707 66.0114 44.0163 -11.3411 35.2846 -1.11599 -13 722 1 0 1
18.7504 -6.17233 66.0114 37.9273 -4.23025 50.3356 -0.854632 -13 723 1 0 1
20.1783 9.5512 66.0114 41.2102 10.0191 60.5563 2.32831 -13 724 1 0 1
23.9004 11.3403 66.0114 41.2042 8.63947 41.5588 0.105806 -13 725 1 0 1
20.1894 -5.04337 66.0114 41.6621 -5.62471 66.0229 -1.51297 -13 729 1 0 1
28.4938 -6.83112 66.0114 37.8623 -2.30449 22.5768 0.286718 -13 730 1 0 1
10.4186 -5.77257 66.0114 30.258 -5.79375 64.7556 -0.927297 -13 731 1 0 1
14.4774 7.26843 66.0114 35.3878 6.86724 61.3507 2.32956 -13 732 1 0 1
19.2752 -1.59985 66.0114 35.2384 -2.48369 34.8963 -0.00354687 -13 733 1 0 1
23.6262 -4.7739 66.0114 44.7268 -11.0276 55.9977 2.58596 -13 734 1 0 1
19.6236 7.97814 66.0114 39.7458 7.40362 51.2724 2.41079 -13 737 1 0 1
32.832 -1.29675 66.0114 47.5234 0.234832 36.8011 1.93316 -13 738 1 0 1
27.4672 -3.00588 66.0114 44.5211 -1.12019 41.7689 -0.766773 -13 739 1 0 1
13.0539 2.94838 66.0114 33.2311 3.30325 66.5458 1.08388 -13 740 1 0 1
4.31144 -1.29965 66.0114 23.8923 -0.0948839 45.0958 -1.85827 -13 742 1 0 1
25.2539 -7.07685 66.0114 46.9597 -6.56701 56.7072 1.65956 -13 743 1 0 1
22.8972 6.26385 66.0114 40.1363 3.85677 41.0322 0.645827 -13 744 1 0 1
28.6967 9.43187 66.0114 49.2993 9.67579 54.7371 2.29115 -13 745 1 0 1
20.6102 3.20791 66.0114 41.2933 3.6595 56.5007 -1.49004 -13 746 1 0 1
18.505 -0.806921 66.0114 39.0727 -0.596106 57.2605 0.50448 -13 747 1 0 1
18.9562 1.19051 66.0114 36.2028 1.83007 38.579 -1.42074 -13 748 1 0 1
25.6212 -5.66244 66.0114 46.7023 -6.75512 57.3904 1.45357 -13 749 1 0 1
12.8658 5.79005 66.0114 33.074 1.7431 53.681 1.0478 -13 750 1 0 1
26.0168 11.578 66.0114 41.6962 10.3294 36.7849 0.415695 -13 751 1 0 1
17.433 8.051 66.0114 38.1631 11.0089 57.4357 -0.160261 -13 752 1 0 1
15.0355 1.92995 66.0114 35.3851 -0.10017 55.3678 -0.706556 -13 753 1 0 1
11.1988 -0.683773 66.0114 31.6164 0.366945 64.7206 0.618274 -13 754 1 0 1
18.8479 2.17753 66.0114 40.2008 1.76282 65.6068 -1.12491 -13 755 1 0 1
25.1692 7.50348 66.0114 45.1911 10.3347 52.1205 -0.697131 -13 756 1 0 1
19.6559 -1.71822 66.0114 38.1979 -3.99655 44.3324 0.720193 -13 758 1 0 1
34.0931 -10.3229 66.0114 49.8993 -9.86909 39.5327 1.53513 -13 759 1 0 1
24.2315 -2.73251 66.0114 40.7333 -2.69327 39.5761 0.584095 -13 760 1 0 1
25.523 -13.0167 66.0114 42.8656 -10.5347 42.6532 1.06531 -13 761 1 0 1
25.1592 6.43114 66.0114 35.5372 5.12813 24.5232 -0.488367 -13 762 1 0 1
18.8489 -0.601488 66.0114 39.8078 -0.0234698 59.6582 -2.27505 -13 764 1 0 1
18.2225 -2.08653 66.0114 39.105 -2.8956 54.123 -0.221997 -13 765 1 0 1
29.7841 0.161028 66.0114 46.0084 -0.529309 39.5053 -0.0625725 -13 767 1 0 1
30.0648 -14.02 66.0114 49.447 -13.9786 47.3791 0.976881 -13 768 1 0 1
35.9537 0.282039 66.0114 38.2923 -1.2148 14.7981 0.683529 -13 769 1 0 1
8.14414 -0.201201 66.0114 27.9812 -5.66424 66.3784 -0.74431 -13 770 1 0 1
20.3239 8.46325 66.0114 38.0055 6.74579 42.262 0.194674 -13 772 1 0 1
24.475 -1.70209 66.0114 46.3457 -1.47074 62.9125 0.82233 -13 773 1 0 1
13.2016 -3.12367 66.0114 33.1126 -1.76979 51.266 1.2821 -13 774 1 0 1
19.4421 8.04284 66.0114 37.5549 7.44787 43.2891 2.89212 -13 776 1 0 1
13.746 -7.48858 66.0114 33.9482 -9.80453 60.1065 0.284118 -13 777 1 0 1
29.9427 13.5143 66.0114 40.672 10.5905 26.9326 3.04018 -13 778 1 0 1
13.1726 -6.52147 66.0114 33.7625 -7.4648 61.5797 1.99696 -13 779 1 0 1
24.0016 3.35442 66.0114 44.9094 3.87047 51.9536 -0.569966 -13 780 1 0 1
18.9931 -1.45906 66.0114 39.4513 -3.16961 55.3563 0.213526 -13 781 1 0 1
13.6634 -3.85437 66.0114 33.6417 -4.01435 55.869 0.832175 -13 782 1 0 1
35.177 -3.16966 66.0114 49.5519 -1.78063 35.7611 1.3782 -13 783 1 0 1
12.5707 -15.4951 66.0114 32.8824 -18.9429 57.5035 -0.550212 -13 784 1 0 1
12.187 -3.00321 66.0114 31.8244 -8.53591 72.761 0.0852387 -13 785 1 0 1
18.9033 10.4531 66.0114 29.1575 4.16651 19.1939 0.840615 -13 786 1 0 1
7.50948 -0.626563 66.0114 27.2481 -1.70427 57.9775 -0.614393 -13 788 1 0 1
35.7164 -2.48016 66.0114 55.2586 -5.00846 47.3034 0.788929 -13 789 1 0 1
25.0062 -3.90853 66.0114 42.5974 -5.99476 44.445 2.36918 -13 790 1 0 1
26.2487 -5.65327 66.0114 46.7973 -8.11342 52.2841 -1.08623 -13 791 1 0 1
10.9835 -1.76458 66.0114 31.2121 -1.65108 60.2301 2.50395 -13 792 1 0 1
35.2129 -2.31717 66.0114 46.4569 -2.94975 30.0824 2.20819 -13 793 1 0 1
16.4405 -9.05924 66.0114 37.2821 -8.83249 58.8497 0.603607 -13 794 1 0 1
18.6981 -9.2135 66.0114 37.1752 -9.12854 45.8041 -2.05322 -13 795 1 0 1
20.8683 4.34614 66.0114 40.425 3.64563 47.0178 0.244479 -13 796 1 0 1
20.9598 -4.05252 66.0114 36.314 -5.03 34.6568 -0.423519 -13 797 1 0 1
19.6024 13.1869 66.0114 40.6582 16.6873 63.2162 2.30718 -13 798 1 0 1
24.2924 6.65554 66.0114 43.6244 5.96219 48.7495 1.25411 -13 799 1 0 1
8.37785 4.63301 66.0114 28.2676 6.87497 56.3294 1.51414 -13 800 1 0 1
26.8395 1.90382 66.0114 47.5285 -1.06819 51.4776 2.5658 -13 801 1 0 1
21.6586 -2.26429 66.0114 41.9683 -4.12476 54.098 -0.955228 -13 802 1 0 1
20.8945 0.32663 66.0114 42.3113 4.04017 64.4491 -1.38279 -13 803 1 0 1
16.3823 5.32294 66.0114 34.5204 3.99466 44.1567 1.3553 -13 806 1 0 1
16.8277 -11.0065 66.0114 37.7255 -10.7406 56.7147 0.713363 -13 807 1 0 1
31.2509 7.93233 66.0114 37.9305 4.31394 18.298 1.90692 -13 808 1 0 1
11.2361 -3.21623 66.0114 31.499 -3.6721 58.4602 -0.238726 -13 809 1 0 1
17.0519 -3.17591 66.0114 38.1949 -5.59056 68.1316 -0.378872 -13 810 1 0 1
22.0493 2.38192 66.0114 43.4354 3.96525 56.8142 0.107721 -13 811 1 0 1
18.1129 -11.3375 66.0114 33.0032 -6.6245 31.7028 2.37561 -13 812 1 0 1
17.8388 -1.82013 66.0114 37.6473 0.228921 51.9242 1.04376 -13 814 1 0 1
30.8387 4.98316 66.0114 45.4639 4.36736 35.8066 -1.66546 -13 815 1 0 1
17.5787 -3.39358 66.0114 38.4771 -4.25568 68.243 1.78266 -13 816 1 0 1
24.3318 0.569614 66.0114 32.2207 0.126219 17.7832 -1.12157 -13 817 1 0 1
21.7262 -0.113038 66.0114 38.4572 1.89521 39.0658 -1.37058 -13 821 1 0 1
10.9988 4.29932 66.0114 28.1035 2.51379 76.453 0.905007 -13 822 1 0 1
27.8747 0.370823 66.0114 44.4377 -0.932182 39.0919 0.283265 -13 823 1 0 1
19.8881 -7.56314 66.0114 38.883 -7.82395 49.7414 0.608582 -13 825 1 0 1
21.222 3.92367 66.0114 41.5318 6.27472 54.7525 -1.07739 -13 826 1 0 1
23.6258 -10.2035 66.0114 42.7858 -11.3216 47.6826 3.00077 -13 827 1 0 1
15.5834 -0.500274 66.0114 35.9393 -2.56349 55.3045 -2.14476 -13 828 1 0 1
21.2618 6.70773 66.0114 41.3342 5.75074 52.0528 0.157936 -13 830 1 0 1
24.504 -2.34658 66.0114 44.1633 -3.85122 50.6654 2.31093 -13 831 1 0 1
16.0963 -8.91913 66.0114 34.9272 -8.97528 47.0209 0.698747 -13 832 1 0 1
19.5253 -6.80447 66.0114 38.799 -7.23257 49.2509 0.704098 -13 833 1 0 1
19.2378 -8.64203 66.0114 38.6524 -6.92382 49.031 0.101186 -13 834 1 0 1
15.0754 -10.4132 66.0114 34.7983 -14.7141 69.4253 -0.659887 -13 835 1 0 1
26.9133 10.0907 66.0114 46.3611 11.3084 50.0626 0.212972 -13 836 1 0 1
35.0126 -15.1761 66.0114 52.5378 -11.4855 43.0077 1.39164 -13 837 1 0 1
23.7461 5.32769 66.0114 44.8009 3.51389 57.4155 -1.01723 -13 838 1 0 1
24.4334 -8.80189 66.0114 41.4468 -5.8167 39.8117 -0.0435798 -13 839 1 0 1
14.597 11.0445 66.0114 34.167 10.5231 51.8024 2.75173 -13 840 1 0 1
21.3302 7.06269 66.0114 40.2992 4.89042 46.997 -1.49092 -13 841 1 0 1
18.5598 -7.68437 66.0114 39.5725 -8.21835 62.2374 -0.675259 -13 842 1 0 1
13.5868 -10.2381 66.0114 33.6334 -16.7524 67.2584 0.774025 -13 843 1 0 1
18.9242 13.0413 66.0114 38.3152 12.5214 48.6236 1.22284 -13 844 1 0 1
26.5215 0.104792 66.0114 44.135 1.38733 43.1342 1.33458 -13 845 1 0 1
32.5912 -9.26445 66.0114 47.579 -4.36678 36.9961 -0.79011 -13 847 1 0 1
12.8592 0.247553 66.0114 32.1139 -1.65369 49.0869 -0.476919 -13 848 1 0 1
15.1319 -5.11316 66.0114 33.849 -3.67839 45.3074 -1.65926 -13 849 1 0 1
34.1357 -10.8834 66.0114 52.8367 -10.3497 45.8572 -0.533692 -13 850 1 0 1
15.2358 4.71799 66.0114 34.8899 3.34582 50.7891 -0.150207 -13 851 1 0 1
25.0599 -2.12722 66.0114 46.4434 -1.99883 61.4064 0.808772 -13 852 1 0 1
21.173 7.21555 66.0114 40.2922 7.05375 48.3561 1.42146 -13 853 1 0 1
20.7113 -0.40698 66.0114 41.7586 -3.40642 60.3078 -0.522032 -13 854 1 0 1
16.7399 6.60957 66.0114 36.831 6.83448 52.8359 0.440057 -13 855 1 0 1
13.5672 -3.78765 66.0114 33.0225 -7.29524 51.6976 0.649595 -13 856 1 0 1
17.006 -3.80583 66.0114 37.4541 -0.855555 56.0987 -0.5588 -13 857 1 0 1
1.97871 3.16127 66.0114 20.5005 3.06651 65.1243 -2.10961 -13 858 1 0 1
15.6171 0.367549 66.0114 34.3755 1.28259 44.691 1.93878 -13 859 1 0 1
13.2697 2.6971 66.0114 33.7164 3.3442 60.7169 1.62413 -13 860 1 0 1
9.99474 -4.61149 66.0114 29.48 -6.75931 72.1803 -1.53889 -13 861 1 0 1
24.0987 5.10552 66.0114 43.5459 6.16472 49.172 0.252376 -13 862 1 0 1
9.35989 -9.61255 66.0114 28.9766 -9.08558 55.1935 0.513745 -13 863 1 0 1
19.7857 -1.50648 66.0114 39.6119 -0.708416 50.5171 -0.279499 -13 864 1 0 1
21.3772 4.76343 66.0114 39.4799 5.90061 44.439 2.13035 -13 865 1 0 1
26.4378 10.694 66.0114 42.7764 10.8283 39.9188 0.312261 -13 866 1 0 1
21.7883 4.59705 66.0114 43.3328 4.16083 62.1595 -0.3487 -13 867 1 0 1
14.3556 1.67405 66.0114 34.2329 0.464529 71.5887 -1.34797 -13 868 1 0 1
4.94689 -12.327 66.0114 24.7308 -12.9494 57.7667 -0.370794 -13 869 1 0 1
24.76 -7.95872 66.0114 42.5397 -8.45493 44.0273 1.10883 -13 870 1 0 1
31.2281 -11.8047 66.0114 50.2722 -12.4542 46.2662 -0.840572 -13 871 1 0 1
14.1862 -5.17024 66.0114 34.5614 -4.72745 59.7928 -0.819722 -13 872 1 0 1
23.7266 -0.485508 66.0114 45.1963 -2.22037 57.7952 -0.764258 -13 873 1 0 1
14.6903 7.75362 66.0114 34.9169 9.20019 59.2737 2.88888 -13 874 1 0 1
18.1697 -6.20531 66.0114 38.0576 -7.17465 51.9285 0.538077 -13 875 1 0 1
21.7432 6.44027 66.0114 43.1439 6.82472 62.4703 0.301109 -13 876 1 0 1
22.9533 4.8245 66.0114 44.1235 8.99558 55.0066 -1.68835 -13 877 1 0 1
19.0163 7.64274 66.0114 39.9805 11.6097 62.1792 -3.40629 -13 878 1 0 1
15.4512 5.55711 66.0114 34.1956 4.14015 42.7193 1.49868 -13 879 1 0 1
22.2773 -7.86098 66.0114 43.159 -9.11856 54.3192 1.13078 -13 880 1 0 1
28.5198 -7.69933 66.0114 44.5839 -6.82252 38.8784 2.1879 -13 881 1 0 1
24.831 11.7203 66.0114 46.5964 13.8424 60.0535 -0.259609 -13 882 1 0 1
38.1793 16.8543 66.0114 45.048 9.22818 40.5549 0.0224457 -13 883 1 0 1
21.439 11.4095 66.0114 31.8567 6.17877 21.0962 0.00718192 -13 884 1 0 1
21.6992 -0.628432 66.0114 43.4279 -4.93368 67.4474 2.61755 -13 886 1 0 1
8.94209 8.3835 66.0114 28.3406 9.65425 66.4321 0.783004 -13 887 1 0 1
21.1358 5.60718 66.0114 38.8946 3.02784 41.6305 0.380029 -13 888 1 0 1
19.3119 -5.5168 66.0114 37.7504 -4.57206 45.0728 -0.300745 -13 889 1 0 1
26.0468 -11.8502 66.0114 46.2763 -13.0651 51.8456 -0.84092 -13 890 1 0 1
13.9464 1.10473 66.0114 34.5226 4.14799 64.0044 0.7053 -13 892 1 0 1
10.0679 1.52155 66.0114 30.3188 3.08846 53.745 -1.37987 -13 893 1 0 1
26.0803 -6.41169 66.0114 47.9441 -6.77508 59.8524 0.250525 -13 894 1 0 1
5.67701 9.64095 66.0114 23.3947 18.512 69.6415 1.77084 -13 895 1 0 1
13.5401 11.4262 66.0114 34.1305 14.4445 61.4093 -1.41115 -13 896 1 0 1
23.5444 -6.21404 66.0114 38.4976 -4.57839 36.0863 -1.4254 -13 897 1 0 1
23.6632 0.208207 66.0114 40.452 0.971419 41.8862 -0.375925 -13 898 1 0 1
32.3903 6.34678 66.0114 48.8532 6.66108 39.7465 0.0428515 -13 899 1 0 1
23.9696 0.867956 66.0114 44.4403 -1.28822 53.7552 0.858635 -13 901 1 0 1
19.3593 -10.8609 66.0114 40.48 -9.00482 64.1237 1.40797 -13 903 1 0 1
26.0478 -0.851552 66.0114 43.1878 -2.60539 42.653 2.24531 -13 904 1 0 1
6.48483 2.192 66.0114 23.8802 4.33328 75.9819 0.359975 -13 905 1 0 1
11.8031 -3.25718 66.0114 31.706 -2.38601 49.2285 1.54667 -13 906 1 0 1
19.9504 7.25395 66.0114 40.5606 6.11671 56.3608 0.571113 -13 907 1 0 1
26.3557 -15.4369 66.0114 36.3275 -9.03121 23.703 0.593548 -13 908 1 0 1
19.3048 -7.91908 66.0114 40.4007 -7.47194 63.4146 0.929068 -13 909 1 0 1
12.5268 -6.71208 66.0114 32.6204 -8.37882 63.3302 0.0792506 -13 910 1 0 1
34.8227 14.2205 66.0114 46.818 8.62161 32.5249 -0.452515 -13 912 1 0 1
16.2367 7.31992 66.0114 35.214 13.4734 70.8489 1.53259 -13 913 1 0 1
5.093 6.35481 66.0114 24.0769 11.8405 69.2139 1.2192 -13 914 1 0 1
28.2638 -8.60747 66.0114 45.8873 -6.72387 43.1476 -0.55853 -13 915 1 0 1
5.7866 0.913657 66.0114 20.7464 2.61641 77.5023 4.52166 -13 916 1 0 1
32.0234 11.3905 66.0114 40.5672 7.52215 22.8308 0.177291 -13 917 1 0 1
11.9015 11.8711 66.0114 31.7493 14.6697 66.123 2.26276 -13 918 1 0 1
16.1035 3.88126 66.0114 36.7579 2.7421 57.4036 -0.351822 -13 919 1 0 1
11.1152 -2.41923 66.0114 30.3094 -0.945049 74.6376 0.667537 -13 920 1 0 1
10.9474 -9.50218 66.0114 29.1745 -12.0938 74.7897 2.65971 -13 922 1 0 1
13.7002 -0.466436 66.0114 33.2977 -0.56939 51.6282 0.110636 -13 923 1 0 1
16.5092 2.72756 66.0114 37.0817 1.47295 58.9538 -0.796781 -13 924 1 0 1
9.77577 -2.81786 66.0114 29.3565 -2.30079 56.4246 0.626224 -13 925 1 0 1
12.7782 2.51389 66.0114 32.6507 1.90536 71.3979 1.59574 -13 926 1 0 1
12.9812 -2.03528 66.0114 34.0698 0.25595 59.8081 0.798559 -13 927 1 0 1
29.1499 -9.28431 66.0114 45.2122 -8.54358 38.5774 0.0856462 -13 928 1 0 1
15.3143 -2.62339 66.0114 36.1271 -3.05011 61.4201 1.57867 -13 930 1 0 1
29.9865 1.40419 66.0114 47.7145 -0.427111 44.1834 2.28701 -13 931 1 0 1
18.5989 -12.9662 66.0114 36.4219 -11.7057 42.6033 2.18119 -13 932 1 0 1
26.5143 7.65685 66.0114 46.7934 9.9251 52.2217 1.29717 -13 933 1 0 1
13.4058 5.29832 66.0114 33.55 7.88752 67.7226 -0.326458 -13 934 1 0 1
13.1172 13.1379 66.0114 32.664 13.2532 51.9799 1.20369 -13 935 1 0 1
38.0891 -5.03587 66.0114 45.4933 -1.20292 34.5345 0.364552 -13 936 1 0 1
14.7143 -3.46532 66.0114 35.0367 -1.5696 65.5208 0.0188925 -13 938 1 0 1
17.2322 -0.871211 66.0114 37.1754 -0.621771 50.7727 -0.27939 -13 939 1 0 1
19.7881 3.63561 66.0114 38.9295 4.66896 48.0953 0.239932 -13 940 1 0 1
22.2443 5.24583 66.0114 42.9842 7.51945 54.045 0.474801 -13 941 1 0 1
27.4238 6.81385 66.0114 47.7995 7.29197 54.3227 0.814836 -13 942 1 0 1
26.4992 -4.46493 66.0114 46.3696 -3.7622 51.0683 1.68847 -13 943 1 0 1
23.4907 -3.36192 66.0114 40.2298 -0.438904 39.12 -0.127129 -13 944 1 0 1
17.2666 20.1102 66.0114 37.5511 24.9346 58.9164 1.14314 -13 945 1 0 1
25.3242 8.69471 66.0114 37.9382 5.94967 30.0712 -0.389678 -13 946 1 0 1
26.9404 -2.58037 66.0114 45.5911 -0.640198 46.414 -0.890186 -13 947 1 0 1
10.4684 -2.91919 66.0114 30.4154 -2.59854 49.1655 0.678812 -13 949 1 0 1
18.0387 9.70442 66.0114 38.631 9.15314 55.1088 0.325574 -13 950 1 0 1
30.0484 -5.16969 66.0114 46.2667 -4.60702 39.6925 2.9794 -13 952 1 0 1
12.2369 1.17107 66.0114 31.097 0.618301 50.1289 0.54362 -13 953 1 0 1
27.6561 -22.6582 66.0114 43.4074 -18.0203 36.6207 0.101977 -13 954 1 0 1
28.7214 -2.58193 66.0114 46.1822 -5.33912 43.1235 0.841891 -13 955 1 0 1
25.3049 6.04644 66.0114 43.1776 4.10306 43.389 0.19839 -13 956 1 0 1
12.8147 -4.49636 66.0114 32.5544 -6.56906 50.9404 -0.746845 -13 957 1 0 1
9.7061 -0.109564 66.0114 25.2769 -1.3535 76.6923 -0.57197 -13 958 1 0 1
35.4787 -5.30071 66.0114 50.759 -5.02656 38.3864 0.726348 -13 959 1 0 1
11.7165 1.19622 66.0114 31.6026 0.577854 68.5589 -1.77738 -13 960 1 0 1
27.5965 -1.88383 66.0114 43.584 -0.224255 37.2953 0.516589 -13 961 1 0 1
38.1139 1.80772 66.0114 54.9413 -2.10456 35.4322 2.30098 -13 963 1 0 1
16.0527 0.251399 66.0114 36.2671 -0.566121 52.4326 2.22418 -13 964 1 0 1
18.3741 -9.61119 66.0114 38.2164 -11.0291 53.4003 1.69183 -13 965 1 0 1
32.4304 -0.289541 66.0114 47.3283 1.6351 35.6686 2.64019 -13 966 1 0 1
26.9483 -3.9392 66.0114 42.6642 -2.01431 37.0503 0.907254 -13 967 1 0 1
0.202811 -0.497783 66.0114 18.836 -2.0959 63.7064 -0.786631 -13 968 1 0 1
31.4749 -1.78518 66.0114 43.5099 -2.09609 29.4463 0.960047 -13 969 1 0 1
30.4261 -5.73197 66.0114 48.5511 -6.57905 44.7795 0.240803 -13 970 1 0 1
16.4563 5.34414 66.0114 37.1185 8.50232 57.1493 -0.862957 -13 971 1 0 1
16.1105 5.33921 66.0114 37.028 6.45474 60.1319 -0.341461 -13 974 1 0 1
15.1233 3.81283 66.0114 36.1949 8.76458 66.0619 1.92241 -13 975 1 0 1
33.5349 -1.38003 66.0114 50.4375 -0.422369 40.7514 0.716689 -13 977 1 0 1
11.5837 -1.71691 66.0114 31.4667 -3.54714 66.5406 -1.15705 -13 979 1 0 1
8.9357 0.208721 66.0114 28.8375 -0.366757 55.6668 -1.1117 -13 980 1 0 1
14.7865 -3.6162 66.0114 34.3568 -5.73185 53.9984 -0.376007 -13 981 1 0 1
22.5706 5.88003 66.0114 42.2536 4.64831 50.4155 -0.351306 -13 982 1 0 1
17.134 -2.19791 66.0114 38.1639 1.25421 63.7109 -0.039647 -13 983 1 0 1
29.8734 1.81134 66.0114 47.2805 2.04837 41.891 1.23251 -13 985 1 0 1
16.0346 -8.48324 66.0114 35.728 -8.06841 52.0425 0.0119261 -13 986 1 0 1
30.4829 -16.4566 66.0114 47.1922 -15.2115 40.3391 0.801004 -13 987 1 0 1
31.9104 24.8248 66.0114 35.9448 10.2681 14.7941 0.449072 -13 988 1 0 1
24.1164 -5.87011 66.0114 45.1204 -5.38954 54.7106 1.38194 -13 989 1 0 1
23.7307 -3.50178 66.0114 45.1698 -6.97133 56.2786 0.588859 -13 990 1 0 1
19.8559 11.7864 66.0114 37.229 7.90633 39.775 -1.84477 -13 991 1 0 1
21.3365 15.9984 66.0114 36.357 10.6572 32.2859 1.26979 -13 992 1 0 1
34.922 -2.54039 66.0114 45.953 -1.26883 27.7716 2.06532 -13 993 1 0 1
26.3127 2.53149 66.0114 45.5045 3.1928 47.7479 -1.4634 -13 995 1 0 1
21.9913 -3.99076 66.0114 43.0099 -4.85417 56.2073 0.519052 -13 996 1 0 1
15.1624 -4.16468 66.0114 32.5384 -3.30407 41.3215 2.78128 -13 997 1 0 1
36.1832 -2.44148 66.0114 48.9383 -1.45982 32.8165 0.381675 -13 999 1 0 1
23.8023 -4.46636 66.0114 38.5712 -3.30818 34.3408 -0.142198 -13 1000 1 0 1
