#BLTrackFile NTuple/Z75
#x y z Px Py Pz t PDGid EventID TrackID ParentID Weight
#mm mm mm MeV/c MeV/c MeV/c ns - - - - -
-0.306234 2.87957 74.9003 -13.7244 -1.70837 79.8672 0.346354 -13 2 1 0 1
-9.40269 -3.68314 74.9003 -20.3843 -4.08294 67.219 1.32179 -13 3 1 0 1
-16.785 -4.1824 74.9003 -8.67642 18.8747 42.6624 0.766324 -13 4 1 0 1
-13.0424 -2.59629 74.9003 -25.3129 -1.58187 70.2656 -0.361445 -13 6 1 0 1
-9.98544 -6.87372 74.9003 -17.2466 -5.65419 57.7001 -0.431147 -13 7 1 0 1
-4.87159 11.4183 74.9003 -13.7639 11.3486 61.191 1.55177 -13 9 1 0 1
-7.06168 -8.25791 74.9003 -15.8729 -6.81596 64.1363 1.12452 -13 10 1 0 1
-1.85336 9.89073 74.9003 -12.7296 10.1864 70.2436 -0.104811 -13 11 1 0 1
-1.57493 10.1682 74.9003 -8.52592 5.33695 37.0518 -0.246767 -13 13 1 0 1
-3.04322 -8.6001 74.9003 -12.7858 -6.46084 66.2626 -1.10121 -13 14 1 0 1
-5.31533 -8.60269 74.9003 -14.5193 -8.25731 64.9143 1.91237 -13 15 1 0 1
11.1502 -19.4802 74.9003 0.183138 -17.7457 57.9195 2.60827 -13 16 1 0 1
-12.3492 -14.5006 74.9003 -20.5477 -12.9476 59.216 3.41011 -13 20 1 0 1
-14.3111 1.85713 74.9003 -19.8828 3.74676 53.1678 -0.708836 -13 22 1 0 1
-3.23505 -3.49489 74.9003 -13.6406 -1.64759 69.1934 0.717615 -13 25 1 0 1
-9.10094 2.1089 74.9003 -18.6049 2.49189 65.5408 0.306286 -13 26 1 0 1
-6.22533 -6.45935 74.9003 -15.1399 -3.26018 63.8382 1.90204 -13 27 1 0 1
-6.76465 -13.0883 74.9003 -18.0224 -14.0013 69.9671 0.685529 -13 28 1 0 1
-13.5268 5.83647 74.9003 -22.9483 7.53777 63.0956 1.46072 -13 30 1 0 1
-11.8029 1.0278 74.9003 -23.0307 2.18581 67.5893 0.159613 -13 31 1 0 1
-11.3218 5.29027 74.9003 -20.0964 7.59673 62.2402 -0.656169 -13 36 1 0 1
-7.56169 -6.30499 74.9003 -21.0232 -8.88061 76.1137 -1.04418 -13 37 1 0 1
-11.6259 -3.75893 74.9003 -18.656 -4.19364 56.3043 1.92499 -13 38 1 0 1
-2.97982 14.5433 74.9003 -11.643 12.4743 59.7115 0.305929 -13 41 1 0 1
-9.18832 -1.68378 74.9003 -19.1688 -3.72611 65.1686 1.69035 -13 42 1 0 1
-5.35118 2.98833 74.9003 -12.3217 1.7141 54.7163 1.12383 -13 44 1 0 1
-8.59775 -7.32893 74.9003 -18.6209 -7.24471 64.762 0.837103 -13 46 1 0 1
-10.3037 9.34697 74.9003 -17.6111 5.85847 56.1806 1.39911 -13 47 1 0 1
-14.089 8.99814 74.9003 -23.4091 11.3308 61.449 1.14618 -13 48 1 0 1
-8.83304 -14.6032 74.9003 -19.0793 -18.6985 65.229 -0.112105 -13 49 1 0 1
-9.16125 4.023 74.9003 -12.671 3.21078 38.802 -0.0675847 -13 50 1 0 1
-9.47427 3.59043 74.9003 -21.2463 1.83165 69.3739 0.12285 -13 51 1 0 1
-5.14816 3.60512 74.9003 -11.9981 2.21146 55.0598 -1.87903 -13 53 1 0 1
-14.1053 14.715 74.9003 -15.7768 8.01734 36.7901 0.624931 -13 54 1 0 1
-13.8953 -3.65124 74.9003 -24.7789 -4.80485 65.7265 1.33236 -13 55 1 0 1
4.39879 8.87987 74.9003 -4.85182 8.43927 61.5571 -0.531815 -13 56 1 0 1
-7.91472 -5.51921 74.9003 -15.9818 -4.12958 61.1508 0.0339996 -13 58 1 0 1
-7.99144 -10.033 74.9003 -17.6412 -10.2052 64.5982 2.38878 -13 59 1 0 1
-6.99849 17.4276 74.9003 -14.1749 16.1371 53.3932 0.737584 -13 60 1 0 1
-14.5105 4.3159 74.9003 -22.1161 5.02027 58.2671 -0.394505 -13 61 1 0 1
-8.89371 -2.25376 74.9003 -19.1171 -0.268459 66.9728 -0.131919 -13 62 1 0 1
-8.44693 -0.695206 74.9003 -16.3348 0.07657 58.3889 0.584876 -13 64 1 0 1
-5.37703 1.80074 74.9003 -14.3718 0.792869 63.7768 -1.01821 -13 65 1 0 1
-8.83477 0.969364 74.9003 -19.3947 0.456144 68.1758 0.864137 -13 66 1 0 1
-7.19048 -4.21284 74.9003 -14.7759 -2.38689 58.757 -0.231298 -13 67 1 0 1
-9.73775 14.7771 74.9003 -15.0794 9.80644 48.5263 -0.453965 -13 68 1 0 1
-13.962 -6.48485 74.9003 -21.4428 -6.35929 58.4781 0.44205 -13 69 1 0 1
-10.7797 -4.52754 74.9003 -25.2712 -9.53033 75.9149 0.622338 -13 70 1 0 1
-10.9052 2.46732 74.9003 -17.4983 0.312839 57.4888 -1.00825 -13 71 1 0 1
-2.27762 12.7881 74.9003 -11.5672 10.4173 63.2903 1.54715 -13 72 1 0 1
-12.2786 1.05782 74.9003 -24.404 -1.14814 69.726 -0.501224 -13 73 1 0 1
-8.58878 11.7912 74.9003 -15.573 10.5019 54.9858 0.729956 -13 74 1 0 1
-7.48545 6.24348 74.9003 -19.5706 5.86828 71.9617 -2.45482 -13 75 1 0 1
1.07147 2.0082 74.9003 -12.9066 2.04885 78.777 -1.32816 -13 76 1 0 1
-8.49964 -2.67092 74.9003 -16.8649 -2.94073 59.9133 1.88685 -13 79 1 0 1
-7.83015 -10.0395 74.9003 -18.9857 -9.09013 68.4449 0.473402 -13 80 1 0 1
-7.35164 7.47602 74.9003 -18.0291 11.3786 66.7105 0.509099 -13 81 1 0 1
-8.42461 -3.45788 74.9003 -16.0056 -2.33561 59.994 1.6718 -13 82 1 0 1
-5.84998 -0.408897 74.9003 -17.3333 -1.30734 73.2343 1.56131 -13 85 1 0 1
-5.10806 -3.43183 74.9003 -14.684 -7.03577 65.4325 0.262348 -13 86 1 0 1
-14.2041 -12.1003 74.9003 -17.4742 -9.4348 44.9186 1.39618 -13 87 1 0 1
-13.8924 -5.99082 74.9003 -23.3706 -5.72111 63.2896 0.0516457 -13 88 1 0 1
-6.15916 -2.93666 74.9003 -14.5112 -1.05204 59.7285 -0.103933 -13 89 1 0 1
-8.89533 6.39653 74.9003 -17.6342 5.87941 62.6049 0.278454 -13 90 1 0 1
-3.46466 0.736642 74.9003 -10.2587 0.657749 53.7943 0.48768 -13 92 1 0 1
-5.15807 2.31423 74.9003 -12.5822 0.921682 57.5752 1.31838 -13 93 1 0 1
-7.55731 20.0102 74.9003 -14.0952 15.5505 50.2316 -0.813568 -13 94 1 0 1
-6.26847 3.8751 74.9003 -16.4519 4.88807 67.9152 0.513332 -13 95 1 0 1
-10.8721 8.70875 74.9003 -18.5074 9.46479 56.9781 -1.31891 -13 96 1 0 1
-9.72593 -2.51796 74.9003 -15.5353 0.369668 54.1314 -0.532345 -13 97 1 0 1
-8.94475 -2.45574 74.9003 -18.211 -0.479333 64.5055 0.900269 -13 98 1 0 1
-14.2396 10.5725 74.9003 -22.0386 9.77624 58.389 0.991798 -13 99 1 0 1
-4.13766 -5.80579 74.9003 -13.7316 -3.5534 65.4716 -0.406587 -13 100 1 0 1
4.53932 -6.34614 74.9003 -5.12114 -7.78406 67.2512 -0.206959 -13 101 1 0 1
-7.03231 3.54096 74.9003 -16.771 3.18492 64.5371 0.383436 -13 102 1 0 1
2.50166 -2.13155 74.9003 -6.44274 1.18587 61.4372 -1.96503 -13 103 1 0 1
-6.5622 -3.94082 74.9003 -16.0031 -5.30787 64.6699 0.164848 -13 104 1 0 1
-13.9808 5.17297 74.9003 -20.413 7.9331 55.8384 -0.956994 -13 105 1 0 1
-10.1972 -5.7181 74.9003 -20.8327 -6.20548 66.6524 -0.586846 -13 107 1 0 1
-1.95522 6.53755 74.9003 -10.6185 8.80126 61.8437 -0.328424 -13 108 1 0 1
-3.54241 3.18637 74.9003 -12.7447 3.76155 66.4715 1.45989 -13 109 1 0 1
-13.483 2.71451 74.9003 -25.4045 3.40228 67.5741 0.202332 -13 110 1 0 1
-11.9841 -4.51125 74.9003 -25.2441 -2.82447 72.6324 0.150455 -13 111 1 0 1
-4.41437 -0.175943 74.9003 -12.5051 -1.49376 54.3881 -1.33873 -13 112 1 0 1
-11.8204 12.2421 74.9003 -17.654 9.72348 50.9307 1.30921 -13 113 1 0 1
-3.66728 -6.65359 74.9003 -12.1143 -6.86975 61.4406 0.419054 -13 114 1 0 1
-1.13795 4.1746 74.9003 -8.02698 2.7463 48.3468 0.38402 -13 115 1 0 1
-12.0895 0.530826 74.9003 -18.145 1.26553 51.5856 0.171426 -13 117 1 0 1
-7.18802 -3.23942 74.9003 -11.9666 -4.80122 43.6937 0.160232 -13 118 1 0 1
-2.9481 0.69934 74.9003 -13.1666 1.85074 69.3556 0.954035 -13 119 1 0 1
-4.91934 -10.236 74.9003 -13.1664 -6.91169 58.8434 2.01441 -13 121 1 0 1
-13.2262 -6.26859 74.9003 -26.3437 -5.86307 71.9724 1.06584 -13 122 1 0 1
-9.01536 -10.6134 74.9003 -19.4024 -10.381 67.3029 1.2065 -13 123 1 0 1
4.73083 1.72596 74.9003 -3.79529 2.17124 57.9162 0.787219 -13 124 1 0 1
-10.3897 1.17521 74.9003 -24.516 -1.83049 74.72 1.37661 -13 126 1 0 1
-8.14406 9.76747 74.9003 -15.7834 7.37016 56.8912 -0.606945 -13 127 1 0 1
-8.86648 -6.06041 74.9003 -17.3233 -8.02998 61.513 0.796237 -13 128 1 0 1
5.13772 8.98492 74.9003 -3.73186 8.45655 58.4152 0.0129488 -13 129 1 0 1
-4.45035 -1.33339 74.9003 -10.927 0.899996 48.5109 1.12713 -13 130 1 0 1
-5.79359 2.42723 74.9003 -16.1496 2.53952 66.782 -0.0194336 -13 131 1 0 1
-1.08081 -0.414703 74.9003 -9.77327 -1.03647 62.8829 -0.87585 -13 133 1 0 1
1.3428 1.32706 74.9003 -9.8781 1.17877 73.8693 0.819736 -13 134 1 0 1
-5.18208 3.75455 74.9003 -15.7895 1.64166 67.7844 1.28285 -13 135 1 0 1
0.213449 4.83694 74.9003 -7.80286 2.56046 55.8772 0.521384 -13 136 1 0 1
-14.1325 13.2507 74.9003 -19.5399 11.1463 50.496 0.802278 -13 140 1 0 1
-11.9443 3.87761 74.9003 -16.8214 4.45909 48.4286 0.392416 -13 141 1 0 1
0.416004 3.97703 74.9003 -8.55168 5.95643 63.8481 2.35541 -13 142 1 0 1
-16.4611 -4.81944 74.9003 -9.80719 0.516269 30.2218 -0.424441 -13 143 1 0 1
-1.57224 -2.17442 74.9003 -11.9734 -3.74457 70.5202 3.31843 -13 144 1 0 1
-10.9128 -21.4891 74.9003 -17.1338 -16.534 50.5381 2.18601 -13 145 1 0 1
-2.64235 -6.74831 74.9003 -11.8263 -5.04422 64.5015 0.643963 -13 146 1 0 1
-10.9581 -2.7987 74.9003 -19.5372 -2.81712 61.6622 -0.779851 -13 147 1 0 1
-15.6144 -8.45558 74.9003 -7.9762 -9.43654 56.0777 0.666715 -13 148 1 0 1
-2.75789 8.97819 74.9003 -10.8913 7.00254 54.6646 -0.0494856 -13 149 1 0 1
-9.62457 10.5406 74.9003 -18.5178 10.9904 62.0155 0.24367 -13 150 1 0 1
-9.41978 -8.09855 74.9003 -16.3348 -7.44177 53.8355 1.63264 -13 151 1 0 1
-8.0099 -2.89292 74.9003 -16.4085 -3.13049 60.9913 2.5278 -13 152 1 0 1
-14.9789 -5.03939 74.9003 -24.2677 -7.3334 62.6078 -0.0935029 -13 153 1 0 1
-14.5852 -10.2041 74.9003 -28.7431 -11.7641 71.9413 -1.72713 -13 154 1 0 1
-2.07916 -6.57396 74.9003 -9.08024 -3.44889 44.7028 -0.0836332 -13 156 1 0 1
-15.3914 0.477002 74.9003 -29.5611 7.59707 46.1205 0.294517 -13 157 1 0 1
-8.23584 4.42904 74.9003 -22.8974 2.98586 76.0891 1.6555 -13 158 1 0 1
5.25 -0.745185 74.9003 -4.12342 -0.566054 63.7642 0.345009 -13 160 1 0 1
-1.14228 0.931084 74.9003 -11.4278 -1.40365 69.2655 1.90259 -13 161 1 0 1
-15.0382 6.26624 74.9003 -25.5662 8.03162 64.1186 -1.36116 -13 163 1 0 1
3.85376 13.0612 74.9003 -5.47418 10.7079 64.7082 0.399351 -13 164 1 0 1
1.31495 9.40486 74.9003 -7.53832 9.03875 62.0441 0.942681 -13 167 1 0 1
-11.3259 7.06301 74.9003 -26.5016 9.36802 74.3282 1.41722 -13 168 1 0 1
-0.107397 -5.97383 74.9003 -8.60249 -6.37927 57.058 0.0782876 -13 169 1 0 1
-13.259 -1.68222 74.9003 -22.7508 -2.48117 63.1471 -0.328397 -13 170 1 0 1
8.29863 -9.60999 74.9003 -2.70032 -4.18545 41.0902 1.17907 -13 171 1 0 1
-12.7063 4.80426 74.9003 -18.5504 2.67915 52.8738 -0.0184614 -13 172 1 0 1
-8.13887 -10.6798 74.9003 -14.9665 -9.33188 54.779 0.508422 -13 173 1 0 1
-10.9395 0.0527174 74.9003 -20.0071 -2.86545 63.6398 0.577368 -13 174 1 0 1
3.60318 -8.83566 74.9003 -5.20688 -6.95022 50.9649 -0.0037802 -13 177 1 0 1
-12.8289 -6.92123 74.9003 -17.6504 -4.43406 48.4461 -0.200986 -13 178 1 0 1
-0.872577 -11.7115 74.9003 -10.9827 -14.1904 67.6499 -0.432964 -13 179 1 0 1
-6.17332 -6.63793 74.9003 -12.6679 -4.71459 50.1998 1.91476 -13 180 1 0 1
-4.39827 13.4329 74.9003 -10.0547 10.3967 39.8214 0.456133 -13 183 1 0 1
-9.69185 6.62909 74.9003 -13.4814 4.70996 38.361 -0.203937 -13 186 1 0 1
-6.23806 1.56749 74.9003 -16.6492 4.78686 68.915 1.4509 -13 188 1 0 1
-15.8421 -4.70581 74.9003 -19.991 -9.59552 66.9419 0.490646 -13 189 1 0 1
-8.96244 2.24494 74.9003 -23.7659 5.73356 76.6138 1.14797 -13 192 1 0 1
-8.1095 12.6501 74.9003 -18.1194 14.57 65.7519 0.071651 -13 194 1 0 1
-8.3477 1.39416 74.9003 -15.6809 1.48933 57.5259 2.60022 -13 195 1 0 1
-1.35148 -0.872447 74.9003 -16.0215 -4.43992 78.9892 2.86902 -13 196 1 0 1
-14.5192 9.36327 74.9003 -22.2354 8.35882 58.9835 -0.58576 -13 197 1 0 1
0.0382604 0.269552 74.9003 -7.86477 0.348933 48.9464 -0.22893 -13 198 1 0 1
-5.20268 -4.11628 74.9003 -11.5478 -2.23328 49.6679 1.03142 -13 200 1 0 1
-12.8866 22.3613 74.9003 -19.6718 17.5509 53.3747 -0.490886 -13 202 1 0 1
-10.1833 3.19223 74.9003 -18.0217 1.65996 58.8711 0.603053 -13 203 1 0 1
-13.3044 1.60494 74.9003 -17.7179 -0.731603 46.2582 1.80637 -13 205 1 0 1
3.81339 2.86363 74.9003 -4.62113 2.95922 46.7995 -0.00181928 -13 210 1 0 1
0.333968 11.216 74.9003 -7.51417 5.76847 40.9457 1.01068 -13 211 1 0 1
-12.7095 16.2787 74.9003 -24.5732 17.2213 67.7591 2.41014 -13 212 1 0 1
-10.2367 5.70842 74.9003 -22.3292 4.86354 71.8576 1.34069 -13 214 1 0 1
-6.24781 -7.05849 74.9003 -17.3342 -10.7807 69.3723 2.05784 -13 215 1 0 1
-6.34485 0.557798 74.9003 -16.8002 0.803552 67.6077 1.46378 -13 216 1 0 1
7.21072 8.12541 74.9003 -3.05529 7.22696 44.6094 -0.554289 -13 217 1 0 1
-10.9005 -3.64185 74.9003 -23.8485 -4.06026 73.5932 0.369985 -13 219 1 0 1
-6.04326 1.12777 74.9003 -16.9001 -0.436475 69.8733 2.72036 -13 220 1 0 1
2.32822 -7.19645 74.9003 -5.10805 -7.45721 54.5383 1.35071 -13 221 1 0 1
-11.3333 8.98203 74.9003 -22.4038 10.0747 68.2294 -0.439791 -13 222 1 0 1
-15.8153 0.982476 74.9003 -4.68903 -2.77419 40.354 -0.0733388 -13 224 1 0 1
-10.8618 10.62 74.9003 -16.724 9.1706 50.916 0.127085 -13 226 1 0 1
-11.5942 9.71405 74.9003 -19.4037 8.26576 58.9333 0.418776 -13 227 1 0 1
-6.44958 0.950916 74.9003 -19.9921 0.764083 75.47 -1.56017 -13 228 1 0 1
-15.6436 1.23736 74.9003 -18.1381 0.204115 58.3565 0.623459 -13 229 1 0 1
-7.77423 -11.4987 74.9003 -12.7855 -7.54652 42.6805 0.107033 -13 230 1 0 1
5.49981 15.9098 74.9003 -4.31351 18.0019 65.0089 1.61344 -13 231 1 0 1
10.4012 17.7503 74.9003 1.01843 16.0352 59.816 1.26143 -13 232 1 0 1
-8.06139 -4.45993 74.9003 -19.7487 -7.15366 70.3387 0.651054 -13 235 1 0 1
-0.381366 -19.7632 74.9003 -8.42939 -14.4133 50.9808 1.21854 -13 237 1 0 1
-9.36656 1.37364 74.9003 -17.4506 0.897379 59.3155 0.491571 -13 238 1 0 1
-8.83794 18.9211 74.9003 -13.5103 12.5938 41.6892 0.130143 -13 240 1 0 1
-12.6292 3.5169 74.9003 -13.4713 1.7476 28.7829 1.37966 -13 241 1 0 1
-12.238 -0.636989 74.9003 -18.7513 -2.45043 55.0955 2.25428 -13 242 1 0 1
0.0978113 -11.3689 74.9003 -9.48287 -10.0962 67.3147 0.276891 -13 243 1 0 1
-7.43964 2.79956 74.9003 -19.8112 3.02192 72.8165 1.0478 -13 244 1 0 1
-1.94713 5.25118 74.9003 -12.4905 8.91128 70.0136 -0.310327 -13 245 1 0 1
-6.78544 4.40014 74.9003 -17.232 7.2726 68.1678 0.192433 -13 246 1 0 1
-8.2223 -7.96458 74.9003 -16.0932 -5.65395 58.2083 0.099894 -13 247 1 0 1
-12.5227 -5.93282 74.9003 -22.047 -5.62949 63.6995 1.08208 -13 248 1 0 1
6.91902 7.55802 74.9003 -2.74101 4.22725 61.6562 -0.520631 -13 249 1 0 1
-6.57033 -11.372 74.9003 -16.5753 -11.7819 65.0838 -1.08882 -13 250 1 0 1
-1.8122 18.9872 74.9003 -10.5538 14.1637 60.1629 -0.590944 -13 251 1 0 1
-0.322642 0.924907 74.9003 -8.74851 -0.192065 62.9238 0.69117 -13 252 1 0 1
-10.4014 13.5846 74.9003 -21.5416 15.9497 66.4314 -0.942514 -13 253 1 0 1
-8.66515 5.78147 74.9003 -14.7808 5.12707 50.8531 -0.0254684 -13 254 1 0 1
-10.4253 0.907057 74.9003 -23.6067 3.1675 73.5047 0.340549 -13 255 1 0 1
-11.7106 -14.2025 74.9003 -15.2931 -10.306 41.2932 0.271433 -13 257 1 0 1
-8.1333 -0.0952054 74.9003 -16.634 -1.11729 60.6576 0.555007 -13 258 1 0 1
-5.39585 0.810427 74.9003 -12.1701 -0.754665 55.2877 -0.725834 -13 259 1 0 1
-12.0303 -3.15295 74.9003 -23.0678 -5.3486 68.1744 0.109117 -13 260 1 0 1
-14.8588 5.18577 74.9003 -21.706 4.27493 55.4891 -0.676442 -13 261 1 0 1
-5.90297 -3.17352 74.9003 -13.7578 -2.45621 61.1874 2.53759 -13 262 1 0 1
0.0508961 -8.65925 74.9003 -8.76034 -8.05677 61.9484 -1.0472 -13 263 1 0 1
-12.2116 -4.40699 74.9003 -17.0357 -3.41347 47.1642 0.283677 -13 264 1 0 1
-0.00755624 6.1872 74.9003 -8.92863 7.01169 62.6664 1.13095 -13 265 1 0 1
-2.2213 3.52927 74.9003 -12.2002 1.949 69.282 0.997513 -13 266 1 0 1
-11.2841 5.04617 74.9003 -19.5948 2.05081 60.1294 0.141353 -13 267 1 0 1
-13.6441 5.30188 74.9003 -27.469 2.84893 72.7394 0.879797 -13 269 1 0 1
-14.2538 -2.68614 74.9003 -22.0808 -4.71858 59.2885 1.70578 -13 270 1 0 1
-2.85649 -7.63647 74.9003 -15.2148 -11.2866 76.0038 -0.434407 -13 271 1 0 1
-12.0139 -10.0718 74.9003 -19.7555 -9.86555 57.9339 2.04201 -13 272 1 0 1
-4.45421 2.91199 74.9003 -13.7493 4.85699 65.0313 -1.60748 -13 274 1 0 1
-0.225818 -3.53616 74.9003 -8.81643 -4.68109 58.3435 0.155393 -13 275 1 0 1
-3.79255 -9.27611 74.9003 -11.0543 -8.75581 55.5144 1.645 -13 277 1 0 1
-5.04802 4.39641 74.9003 -13.3255 3.00633 59.6007 0.686048 -13 280 1 0 1
-8.86676 -3.89691 74.9003 -18.6282 -2.37996 63.523 -0.864394 -13 281 1 0 1
-14.5133 8.06638 74.9003 -17.7029 6.47643 42.9532 -0.292601 -13 282 1 0 1
-4.20874 -13.766 74.9003 -10.9179 -10.1422 47.3651 -1.0901 -13 283 1 0 1
-13.0427 10.4363 74.9003 -18.2767 5.76842 50.2624 0.136365 -13 284 1 0 1
-13.4101 1.12075 74.9003 -18.1687 -0.848405 47.9573 -1.10705 -13 287 1 0 1
-8.49169 30.033 74.9003 -21.5997 34.5457 67.9846 0.148084 -13 288 1 0 1
-11.2719 10.9336 74.9003 -24.5307 12.6476 72.9907 0.860362 -13 289 1 0 1
8.80783 -2.28982 74.9003 -1.87344 -2.25325 45.1672 0.699817 -13 290 1 0 1
-8.06059 -6.43957 74.9003 -20.6858 -8.53997 72.2685 0.84705 -13 291 1 0 1
-8.79893 4.28227 74.9003 -20.0884 5.66284 69.5169 0.137271 -13 292 1 0 1
8.01172 4.53625 74.9003 -2.08913 8.70653 70.5049 2.00132 -13 294 1 0 1
-13.4374 1.38649 74.9003 -22.1193 0.916847 61.3139 0.513433 -13 295 1 0 1
-0.777103 -4.16986 74.9003 -8.52381 -4.51913 53.1483 3.01363 -13 297 1 0 1
-6.75325 -0.563767 74.9003 -16.2799 -2.50105 64.8431 -1.44548 -13 298 1 0 1
-13.0965 9.45549 74.9003 -20.3479 7.10057 58.2516 -0.327165 -13 301 1 0 1
-10.3915 0.350537 74.9003 -18.2186 2.62125 58.9897 0.445088 -13 303 1 0 1
-12.6827 10.9752 74.9003 -21.4566 12.1673 60.1588 0.967377 -13 304 1 0 1
-7.6147 -2.239 74.9003 -16.8815 -3.75962 64.4796 -0.62812 -13 306 1 0 1
-10.1678 -14.4838 74.9003 -20.3694 -17.8917 63.9449 -0.879265 -13 307 1 0 1
-12.217 -12.0606 74.9003 -23.8361 -12.8099 68.3544 0.486451 -13 308 1 0 1
-15.9159 2.77632 74.9003 -5.99591 -8.27417 36.6044 -0.428097 -13 309 1 0 1
2.00873 -2.13191 74.9003 -8.68404 -2.14546 71.5344 -0.00510554 -13 310 1 0 1
-11.7299 -2.76843 74.9003 -13.7425 1.16425 31.1877 -0.970949 -13 311 1 0 1
-0.723016 -5.44803 74.9003 -11.2041 -5.32018 68.1607 -0.198511 -13 314 1 0 1
-4.03362 1.38851 74.9003 -12.2627 3.54999 60.2973 -1.04058 -13 315 1 0 1
-13.108 -22.1644 74.9003 -17.6423 -16.2818 45.6004 -0.731995 -13 316 1 0 1
-14.7343 -9.98419 74.9003 -22.7095 -9.90103 58.5975 1.17997 -13 317 1 0 1
-7.48947 2.42793 74.9003 -17.5965 3.89397 67.0388 -1.02422 -13 318 1 0 1
-10.4748 4.11564 74.9003 -21.2788 7.02348 66.1375 2.40731 -13 319 1 0 1
0.270065 0.639597 74.9003 -10.0202 0.779658 71.4302 0.968171 -13 320 1 0 1
-3.24424 -0.769016 74.9003 -11.0843 -1.24479 55.4625 -1.22805 -13 321 1 0 1
-11.738 2.64424 74.9003 -27.9789 4.0821 75.0689 2.22337 -13 322 1 0 1
-0.323934 -5.1323 74.9003 -11.7502 -2.2164 74.7215 0.586036 -13 323 1 0 1
-7.08565 7.23768 74.9003 -16.0422 7.29389 63.4192 -0.28388 -13 324 1 0 1
-4.80676 -1.63194 74.9003 -15.7065 -2.48064 70.7529 0.355498 -13 325 1 0 1
-9.10072 7.9032 74.9003 -18.8137 9.27408 65.3426 1.47246 -13 329 1 0 1
-1.0244 -4.04711 74.9003 -12.7709 -2.68052 75.1493 -0.488104 -13 330 1 0 1
-6.82259 5.04792 74.9003 -12.6597 4.5057 46.3054 4.51154 -13 333 1 0 1
-3.58097 -8.38245 74.9003 -12.5945 -8.79651 64.7124 0.707625 -13 335 1 0 1
-11.1195 -9.32668 74.9003 -21.713 -8.92942 64.6622 -0.290825 -13 336 1 0 1
-8.28259 -11.0239 74.9003 -14.973 -11.3825 50.9247 1.30152 -13 338 1 0 1
-11.5184 -8.95623 74.9003 -16.3009 -5.94783 46.2041 0.803759 -13 339 1 0 1
-11.9116 4.16292 74.9003 -21.8219 5.20859 65.2534 0.569507 -13 340 1 0 1
-2.74959 1.72909 74.9003 -14.6528 -0.555367 76.1067 0.293103 -13 341 1 0 1
-11.2279 5.10568 74.9003 -23.0657 6.85613 69.3303 0.969337 -13 342 1 0 1
-9.56305 -4.8692 74.9003 -17.4287 -6.9481 58.9576 0.0132277 -13 343 1 0 1
-2.76082 -0.586486 74.9003 -9.7659 1.72189 48.416 0.103397 -13 344 1 0 1
-7.89033 -4.03853 74.9003 -17.5487 -2.88951 66.2112 -0.493203 -13 345 1 0 1
-13.4923 0.446252 74.9003 -22.8234 0.557987 63.4154 -0.475622 -13 347 1 0 1
-10.8638 3.72871 74.9003 -15.8593 5.75288 49.2762 -0.0914966 -13 348 1 0 1
2.13112 1.38208 74.9003 -6.47795 0.135185 56.3672 1.2262 -13 349 1 0 1
-6.50902 -5.9003 74.9003 -15.4637 -5.25444 63.0195 1.13424 -13 350 1 0 1
-12.9457 6.59242 74.9003 -23.3722 5.66673 65.6112 -1.19417 -13 352 1 0 1
-11.0872 7.23306 74.9003 -19.642 6.13567 62.0177 0.129185 -13 353 1 0 1
-12.9479 10.3878 74.9003 -18.0636 6.47092 48.5822 0.812807 -13 354 1 0 1
-9.2067 7.65178 74.9003 -21.2787 8.96731 70.508 -0.135959 -13 355 1 0 1
-2.82962 8.47897 74.9003 -10.9437 9.49628 58.0102 0.648599 -13 356 1 0 1
-13.8946 1.23193 74.9003 -15.9524 1.59066 37.0582 0.50769 -13 357 1 0 1
0.633249 7.91548 74.9003 -7.47817 7.94703 50.4746 1.00149 -13 358 1 0 1
-14.6357 -0.190362 74.9003 -21.5116 2.20815 56.6775 0.830346 -13 359 1 0 1
-14.4711 -5.18787 74.9003 -26.6833 -5.42133 69.7479 -0.271516 -13 360 1 0 1
-4.46473 1.09554 74.9003 -17.1417 3.01531 75.1294 0.195779 -13 361 1 0 1
-14.816 0.19842 74.9003 -23.2417 -1.62382 60.9682 -2.42415 -13 362 1 0 1
-10.418 2.08892 74.9003 -22.6431 3.86105 70.8402 0.0262874 -13 363 1 0 1
-7.8386 -3.97081 74.9003 -17.1238 -2.88693 61.8748 0.599354 -13 364 1 0 1
-4.92074 8.09898 74.9003 -11.1648 7.41418 48.6112 -1.49519 -13 365 1 0 1
-0.917067 -1.63551 74.9003 -7.89531 -1.43444 44.7191 2.6663 -13 366 1 0 1
-3.57426 -1.48629 74.9003 -9.35249 -2.49376 39.8411 1.77098 -13 367 1 0 1
-12.8394 7.60388 74.9003 -21.0103 8.31178 60.2936 0.913231 -13 368 1 0 1
-9.478 -2.14774 74.9003 -16.8783 -0.277297 57.5075 -0.72373 -13 369 1 0 1
-12.1846 -5.95422 74.9003 -20.694 -4.91686 62.2092 2.74645 -13 371 1 0 1
-13.5134 -6.62904 74.9003 -18.3331 -7.88551 49.7682 1.21829 -13 372 1 0 1
-14.502 -0.679026 74.9003 -27.5685 0.341833 71.1156 0.964331 -13 374 1 0 1
3.09005 -5.19894 74.9003 -8.39862 -7.88461 77.746 1.50776 -13 377 1 0 1
-7.91783 -21.3555 74.9003 -17.7046 -22.6177 62.2297 1.00958 -13 379 1 0 1
0.563033 1.37355 74.9003 -7.8087 3.69213 59.5942 1.52794 -13 381 1 0 1
-1.09011 -9.66543 74.9003 -11.7063 -10.7575 71.0704 0.00225151 -13 382 1 0 1
2.15451 3.81554 74.9003 -5.95661 1.77483 58.4886 -0.970882 -13 384 1 0 1
-11.0582 -4.22578 74.9003 -20.1795 -6.27506 63.6072 2.13452 -13 385 1 0 1
-6.50561 -2.13838 74.9003 -16.451 -3.0117 67.1017 2.28019 -13 386 1 0 1
-14.8773 -0.37917 74.9003 -25.8942 -1.41781 66.3998 0.476266 -13 387 1 0 1
-13.8746 1.17819 74.9003 -18.0743 1.38778 46.8417 -0.32763 -13 388 1 0 1
3.34087 9.4459 74.9003 -5.42432 9.96566 60.8541 1.41189 -13 389 1 0 1
-14.8075 -0.893868 74.9003 -22.3925 -1.59872 59.4343 1.12244 -13 390 1 0 1
5.29304 2.04317 74.9003 -3.38079 1.06808 52.3915 0.167562 -13 391 1 0 1
-9.29049 11.145 74.9003 -17.0984 8.77378 57.5589 -0.423412 -13 394 1 0 1
-10.5877 12.4891 74.9003 -22.5325 15.8877 70.1813 -1.31046 -13 395 1 0 1
4.34614 2.21503 74.9003 -4.87109 0.141201 63.0271 0.215653 -13 396 1 0 1
-5.34768 -8.52592 74.9003 -13.3675 -6.67884 57.8561 1.64806 -13 397 1 0 1
-8.02093 -0.611632 74.9003 -17.4361 -1.36208 64.0204 1.22429 -13 398 1 0 1
-9.84616 -12.9287 74.9003 -20.8476 -12.1022 66.9077 2.40009 -13 399 1 0 1
-6.89839 1.63478 74.9003 -15.6132 5.40391 62.3151 0.34028 -13 400 1 0 1
-1.81988 0.35057 74.9003 -12.4807 1.01101 70.6319 0.117493 -13 401 1 0 1
-3.22986 6.41944 74.9003 -10.5327 5.1909 57.3326 0.0889435 -13 402 1 0 1
-9.86571 -23.0505 74.9003 -19.772 -25.4626 63.6747 0.600212 -13 403 1 0 1
-2.34925 -13.0097 74.9003 -11.4605 -14.8635 63.5576 1.58187 -13 404 1 0 1
-13.3665 -5.53382 74.9003 -20.592 -7.10856 55.8456 -0.186994 -13 406 1 0 1
-13.9821 -3.99769 74.9003 -22.522 -2.50615 61.1164 1.65671 -13 407 1 0 1
3.0894 8.44672 74.9003 -5.41566 7.8069 57.2477 2.19482 -13 408 1 0 1
-0.981316 -1.5617 74.9003 -9.7632 -1.55527 63.4281 0.686756 -13 409 1 0 1
-13.1037 -5.49159 74.9003 -25.7858 -6.04542 71.1894 -2.22908 -13 410 1 0 1
-15.0482 -14.8761 74.9003 -19.236 -15.0885 59.5751 1.64796 -13 412 1 0 1
-12.5454 6.30418 74.9003 -26.4093 6.00198 73.8253 0.426236 -13 413 1 0 1
-6.01855 9.92098 74.9003 -13.5439 9.18906 54.6054 0.743776 -13 415 1 0 1
-12.8508 -25.2572 74.9003 -15.2154 -12.9002 34.2361 0.43213 -13 417 1 0 1
-9.05183 4.27774 74.9003 -19.2534 2.86364 66.5557 1.82797 -13 418 1 0 1
2.12028 -0.338026 74.9003 -6.84758 -0.0661542 63.8614 0.874876 -13 419 1 0 1
-7.90356 -6.98982 74.9003 -19.2637 -9.50956 70.2933 -0.0931533 -13 421 1 0 1
-14.6846 15.209 74.9003 -23.6578 14.8987 60.213 0.771431 -13 422 1 0 1
-0.00987935 18.4819 74.9003 -7.27924 10.757 45.3442 1.08771 -13 424 1 0 1
-6.48812 1.81671 74.9003 -14.8114 2.64883 62.1776 0.306075 -13 425 1 0 1
-9.55371 2.42599 74.9003 -21.7643 4.79805 70.1717 -1.07662 -13 426 1 0 1
-0.31753 -8.29626 74.9003 -9.54099 -6.21018 62.6923 -0.163936 -13 427 1 0 1
-15.1182 9.99125 74.9003 -23.2182 8.62443 58.9228 0.759859 -13 428 1 0 1
0.349463 -12.8184 74.9003 -7.72294 -12.1373 56.2302 0.281875 -13 429 1 0 1
-6.70411 -4.87926 74.9003 -19.1228 -5.99913 72.9394 2.22929 -13 431 1 0 1
-4.72064 -0.137127 74.9003 -14.368 1.37117 66.3794 2.29549 -13 432 1 0 1
-10.805 -7.82224 74.9003 -21.3479 -10.6954 65.6176 1.73238 -13 433 1 0 1
-6.36746 7.12292 74.9003 -14.0145 8.79235 57.0859 0.497186 -13 434 1 0 1
8.77628 3.17663 74.9003 -1.10395 1.99599 59.7104 1.43378 -13 435 1 0 1
-5.65757 -0.881532 74.9003 -15.3182 -0.318935 65.3675 -1.96506 -13 437 1 0 1
-14.6506 0.633886 74.9003 -19.1917 0.811473 50.3523 2.35708 -13 438 1 0 1
-3.10281 -4.60449 74.9003 -11.9927 -3.08926 62.0637 -0.770399 -13 439 1 0 1
-8.22738 7.86586 74.9003 -16.2753 7.78858 58.9997 0.582151 -13 440 1 0 1
-12.4631 -2.06437 74.9003 -20.9972 0.554868 61.5572 0.217416 -13 442 1 0 1
-8.97773 3.3565 74.9003 -15.3807 5.36903 53.5163 1.42573 -13 443 1 0 1
4.04926 0.518947 74.9003 -5.87903 1.48894 70.0054 1.3076 -13 444 1 0 1
-1.70873 -0.393833 74.9003 -11.7151 -3.20651 67.789 0.40218 -13 445 1 0 1
-13.1444 -6.67935 74.9003 -22.9107 -4.47076 64.6577 -1.21187 -13 446 1 0 1
-1.76841 1.83816 74.9003 -9.64457 2.00563 56.0179 -0.0686991 -13 447 1 0 1
-9.66739 2.80093 74.9003 -19.9584 4.3618 67.3082 -1.66854 -13 448 1 0 1
-9.6276 2.69044 74.9003 -15.2758 1.24493 49.4799 0.211389 -13 449 1 0 1
-2.69495 3.22299 74.9003 -16.2325 1.72786 79.5594 0.38459 -13 451 1 0 1
-6.916 -3.99643 74.9003 -16.0061 -4.77149 65.3879 1.43143 -13 452 1 0 1
-4.34997 -6.7446 74.9003 -11.6186 -5.61277 57.8873 0.0290899 -13 453 1 0 1
-14.3287 -4.60928 74.9003 -18.2096 -3.73122 47.7783 1.75818 -13 454 1 0 1
-2.60033 -5.4071 74.9003 -9.93836 -6.1466 53.8459 0.572823 -13 455 1 0 1
-2.33089 8.74444 74.9003 -11.5112 9.31016 63.2573 -0.290229 -13 456 1 0 1
-0.387527 6.79122 74.9003 -7.9951 7.66859 55.9705 1.17189 -13 457 1 0 1
-5.23776 -21.1991 74.9003 -12.8323 -16.3991 51.2561 -0.702688 -13 458 1 0 1
1.22585 8.18481 74.9003 -9.27191 7.07008 73.8115 1.99761 -13 459 1 0 1
-14.4025 -1.17164 74.9003 -23.2442 0.184066 60.7146 0.195453 -13 460 1 0 1
-12.1982 -0.206142 74.9003 -20.3365 0.199373 60.0314 0.0687072 -13 462 1 0 1
-3.82934 -3.69746 74.9003 -13.7389 -3.51098 67.2857 1.81017 -13 463 1 0 1
-4.74258 20.5292 74.9003 -13.3082 18.9494 57.8647 0.222453 -13 464 1 0 1
-6.42901 9.01185 74.9003 -13.8362 8.32131 54.227 0.717774 -13 466 1 0 1
-0.824468 -5.5168 74.9003 -7.27088 -2.09779 33.1491 0.440697 -13 467 1 0 1
-7.7557 -2.61564 74.9003 -14.2188 -4.65459 53.854 -0.449154 -13 468 1 0 1
-14.8189 19.0759 74.9003 -18.4731 13.4982 44.5017 0.901034 -13 469 1 0 1
-4.56142 -7.73566 74.9003 -13.621 -6.17424 62.7077 -0.107461 -13 470 1 0 1
-7.31489 -14.8679 74.9003 -12.1915 -9.20832 39.536 1.68569 -13 472 1 0 1
-13.3753 -3.04496 74.9003 -18.5557 -2.75273 51.0459 -0.209583 -13 473 1 0 1
-1.08792 -7.56512 74.9003 -9.36307 -7.13131 60.8498 -0.254001 -13 474 1 0 1
-5.33123 6.49507 74.9003 -15.7881 8.17262 68.8687 1.91544 -13 475 1 0 1
-6.95094 13.7507 74.9003 -15.7064 12.0014 63.9482 -0.925694 -13 477 1 0 1
-12.2621 -5.64032 74.9003 -20.1055 -4.46496 57.6187 -1.40353 -13 478 1 0 1
-8.74302 -0.395926 74.9003 -14.1072 -1.24774 45.1207 -0.171207 -13 479 1 0 1
-5.11406 6.17507 74.9003 -12.3377 6.1038 52.9357 0.717046 -13 480 1 0 1
3.79739 -0.402932 74.9003 -4.8844 -0.150699 30.9314 1.22742 -13 481 1 0 1
-10.4396 -8.30478 74.9003 -14.4539 -7.30162 42.7198 0.865147 -13 482 1 0 1
-10.5988 -13.9671 74.9003 -17.4835 -13.6214 53.7874 3.16016 -13 486 1 0 1
-0.716293 3.16619 74.9003 -10.8502 1.8288 68.2501 0.49785 -13 487 1 0 1
-9.03027 -10.7495 74.9003 -17.2897 -11.9416 60.1058 -1.42462 -13 490 1 0 1
-8.01329 5.39024 74.9003 -18.2499 3.21281 67.2761 1.22937 -13 491 1 0 1
-6.58249 4.75903 74.9003 -14.7263 6.44725 59.1029 1.57434 -13 492 1 0 1
-13.7015 -4.76717 74.9003 -19.8031 -4.63537 55.2238 1.43264 -13 493 1 0 1
-12.4704 -3.68354 74.9003 -13.315 -2.84431 29.3986 0.740886 -13 494 1 0 1
-6.7601 10.5281 74.9003 -11.4235 4.24554 40.5626 -2.19735 -13 495 1 0 1
-11.2923 -11.6176 74.9003 -14.7342 -7.08097 39.4591 0.791111 -13 496 1 0 1
-12.1268 -2.05429 74.9003 -20.8636 -1.63457 60.5351 0.661926 -13 497 1 0 1
-14.3043 7.13728 74.9003 -24.114 7.58225 63.7153 -0.0423092 -13 498 1 0 1
-9.59099 14.9437 74.9003 -15.0701 9.82961 47.3544 -0.374582 -13 499 1 0 1
6.9786 -1.15339 74.9003 -2.42099 -2.54281 52.0989 -0.705183 -13 500 1 0 1
-4.15809 7.47161 74.9003 -17.2787 7.37901 76.3481 0.0566265 -13 501 1 0 1
-14.491 1.43295 74.9003 -23.4911 2.25324 61.069 0.682675 -13 504 1 0 1
5.99029 1.87216 74.9003 -2.72597 1.62235 57.1881 -0.730162 -13 505 1 0 1
-14.6922 -1.62305 74.9003 -29.3149 -3.00951 73.3424 1.6256 -13 506 1 0 1
-3.14456 14.0756 74.9003 -10.4614 10.6726 47.3236 0.903781 -13 507 1 0 1
-1.77008 -10.1352 74.9003 -10.2476 -8.49488 62.0401 1.35224 -13 508 1 0 1
0.128216 -7.59952 74.9003 -10.605 -7.86612 71.5601 0.368506 -13 509 1 0 1
-15.844 -4.28395 74.9003 -18.6842 5.50929 30.851 0.00573308 -13 512 1 0 1
-8.02118 2.22926 74.9003 -14.0004 2.8802 48.9221 1.54773 -13 513 1 0 1
-13.855 -0.662947 74.9003 -19.4428 -0.522552 51.0019 -3.06609 -13 514 1 0 1
-8.70239 -0.960625 74.9003 -15.6966 1.75525 55.525 -1.55621 -13 516 1 0 1
-8.34227 -0.16972 74.9003 -19.2918 -1.99098 69.1889 -0.778266 -13 517 1 0 1
-8.42963 1.23699 74.9003 -16.9532 2.12697 62.3872 1.17719 -13 518 1 0 1
-8.33456 -4.09862 74.9003 -15.5512 -5.45185 57.875 2.8989 -13 520 1 0 1
-13.1452 -11.4869 74.9003 -23.2052 -10.8103 65.095 -1.12134 -13 521 1 0 1
-6.34075 4.60682 74.9003 -20.4998 5.13405 77.9181 1.22983 -13 522 1 0 1
-15.2858 5.37705 74.9003 -20.9526 4.06342 61.7604 1.21709 -13 523 1 0 1
-8.30478 -6.48304 74.9003 -16.0568 -2.42811 59.2327 1.09142 -13 524 1 0 1
-11.7916 10.9457 74.9003 -14.0002 5.63148 35.2496 1.18775 -13 525 1 0 1
-11.4171 -2.1565 74.9003 -22.7928 0.132032 68.0287 0.380415 -13 526 1 0 1
-15.2489 11.3265 74.9003 -27.9987 10.9265 45.5119 1.41595 -13 527 1 0 1
-12.5494 5.02174 74.9003 -18.1055 3.802 52.2003 3.0741 -13 528 1 0 1
4.4789 -8.75019 74.9003 -5.51653 -12.2342 70.6029 1.12788 -13 529 1 0 1
-10.6413 2.83594 74.9003 -19.8751 2.73184 63.8472 -0.25985 -13 530 1 0 1
-5.58808 3.26099 74.9003 -12.8879 3.61245 57.7117 1.35851 -13 531 1 0 1
-2.40617 -0.740197 74.9003 -12.4871 -0.00140654 68.8851 1.30084 -13 534 1 0 1
-9.67756 11.5185 74.9003 -19.9095 15.0215 64.5023 -2.48244 -13 535 1 0 1
-5.90999 -0.521186 74.9003 -12.9883 1.19856 52.9974 -0.525508 -13 536 1 0 1
-0.0239901 10.3291 74.9003 -8.19107 9.06035 62.8282 0.455903 -13 538 1 0 1
3.94851 -3.77076 74.9003 -7.24023 -3.64499 76.7322 1.69377 -13 540 1 0 1
-12.1099 6.96788 74.9003 -22.9724 8.68432 66.4553 1.28703 -13 541 1 0 1
-4.16489 1.5121 74.9003 -13.7868 2.66133 66.1992 0.348026 -13 542 1 0 1
-0.429027 -5.09505 74.9003 -9.51783 -7.19476 66.0393 -0.180747 -13 543 1 0 1
-3.95053 -2.53235 74.9003 -12.4716 -2.97979 61.7362 0.776236 -13 544 1 0 1
-17.0467 -23.1895 74.9003 -20.7367 -14.4456 37.1307 1.50754 -13 545 1 0 1
-15.1569 -18.3175 74.9003 -15.0862 -15.3986 30.5921 0.970107 -13 546 1 0 1
-6.29286 5.00768 74.9003 -14.5708 6.80931 59.3667 2.62275 -13 548 1 0 1
-4.97292 -4.0115 74.9003 -12.4535 -1.68852 56.1455 2.93605 -13 549 1 0 1
-7.56235 -10.3701 74.9003 -11.3116 -3.34321 31.0674 1.81254 -13 551 1 0 1
-0.747627 5.73402 74.9003 -12.172 6.49383 72.7329 1.55943 -13 555 1 0 1
-15.5812 7.64645 74.9003 -2.42081 4.74782 38.5603 0.8819 -13 556 1 0 1
-3.33958 -0.152264 74.9003 -11.6214 -0.846608 60.0316 2.78544 -13 557 1 0 1
-13.8442 -2.95597 74.9003 -21.1861 -3.91258 57.4273 -2.24234 -13 558 1 0 1
-2.76798 -3.422 74.9003 -13.2924 -5.32145 69.026 -0.012976 -13 564 1 0 1
-10.0336 -7.75961 74.9003 -16.2055 -5.38106 52.6137 0.577287 -13 567 1 0 1
-11.6032 8.27247 74.9003 -22.0894 9.6189 66.9705 0.508148 -13 568 1 0 1
-9.52241 -6.15563 74.9003 -17.5629 -6.08759 58.5538 2.15119 -13 569 1 0 1
-9.90128 -8.85551 74.9003 -14.9666 -5.47539 48.0451 -1.99827 -13 570 1 0 1
-7.88104 -5.26294 74.9003 -19.9118 -7.62387 72.3732 0.169184 -13 572 1 0 1
-15.5289 -1.90133 74.9003 -12.6852 4.56589 57.9447 2.28214 -13 573 1 0 1
-7.62126 -3.39385 74.9003 -17.8656 -3.56617 66.8562 0.510386 -13 575 1 0 1
-9.09139 3.325 74.9003 -18.8464 0.405588 65.6935 -0.563577 -13 576 1 0 1
-6.57314 -6.89551 74.9003 -15.8747 -3.85053 63.3709 -1.63579 -13 577 1 0 1
-15.0624 11.5787 74.9003 -26.3814 13.9857 65.6226 2.2726 -13 578 1 0 1
-2.53134 -15.1619 74.9003 -10.8447 -14.2998 59.8803 0.106293 -13 579 1 0 1
0.739269 5.08299 74.9003 -7.89582 3.49265 61.7264 0.417924 -13 581 1 0 1
2.29291 1.40316 74.9003 -6.02734 2.47501 48.2936 0.403291 -13 582 1 0 1
-1.93257 -1.46322 74.9003 -12.2273 -2.52025 69.8315 -0.121665 -13 583 1 0 1
-7.1544 -2.25744 74.9003 -16.2351 -4.03649 61.5354 -0.413189 -13 584 1 0 1
-7.05462 -6.06343 74.9003 -16.6197 -7.58302 63.21 -1.71359 -13 585 1 0 1
-10.2841 -9.17473 74.9003 -21.2309 -10.7499 67.1953 2.51134 -13 586 1 0 1
-14.6653 11.0337 74.9003 -26.6304 13.8339 67.6869 0.692094 -13 587 1 0 1
-1.80956 -0.357275 74.9003 -11.1275 1.16295 65.6207 -1.79046 -13 588 1 0 1
-8.89301 -0.713295 74.9003 -19.2265 -1.66351 67.0703 -0.91675 -13 589 1 0 1
-15.421 -0.928555 74.9003 -33.6672 2.33751 64.9415 2.90219 -13 591 1 0 1
-9.84467 0.476893 74.9003 -20.0934 -0.350045 68.0887 -2.2866 -13 592 1 0 1
-5.36556 6.0133 74.9003 -13.6608 3.03831 62.2501 2.28775 -13 593 1 0 1
-5.618 -4.73547 74.9003 -14.3772 -2.97418 61.6985 0.933611 -13 595 1 0 1
-6.25521 -8.62094 74.9003 -20.6781 -11.2109 78.0514 -1.40637 -13 598 1 0 1
-13.4849 -9.66752 74.9003 -17.6426 -7.1814 46.5327 0.985027 -13 600 1 0 1
-5.71725 -0.629973 74.9003 -13.7868 -0.879671 57.476 1.5587 -13 601 1 0 1
-7.61527 -5.23787 74.9003 -15.8969 -4.63497 61.397 0.996151 -13 602 1 0 1
-1.51364 1.22725 74.9003 -8.0063 -0.0629565 46.7839 0.596734 -13 604 1 0 1
-14.2137 -23.7844 74.9003 -20.6188 -18.9015 53.0287 0.466174 -13 605 1 0 1
-0.958076 -2.11885 74.9003 -10.7761 -2.14932 65.7545 2.9762 -13 606 1 0 1
0.608703 10.5752 74.9003 -11.311 14.7304 74.8788 -0.421303 -13 607 1 0 1
-13.08 5.93232 74.9003 -22.3234 9.53218 62.7823 -1.30115 -13 610 1 0 1
-13.1405 0.891602 74.9003 -18.1419 -0.93003 50.1735 1.33979 -13 611 1 0 1
1.16951 1.95187 74.9003 -7.48624 3.33319 56.4168 -1.83724 -13 612 1 0 1
-1.89784 -11.925 74.9003 -8.7299 -6.65025 36.6417 1.90075 -13 613 1 0 1
-10.6116 -5.24651 74.9003 -18.7057 -6.60293 60.67 0.0812541 -13 614 1 0 1
-3.97456 4.1932 74.9003 -16.4358 6.27305 75.8028 0.128696 -13 616 1 0 1
-13.5278 -8.84611 74.9003 -21.7333 -7.19492 59.016 -0.298506 -13 617 1 0 1
-14.6333 21.1445 74.9003 -20.9716 18.4681 52.4326 -0.598743 -13 618 1 0 1
0.300306 13.274 74.9003 -7.75441 11.3325 49.9294 1.16512 -13 619 1 0 1
-11.5604 3.48157 74.9003 -25.2739 3.67261 73.7974 -1.85863 -13 620 1 0 1
-7.90785 -10.7646 74.9003 -15.3792 -7.28705 56.9921 1.08994 -13 621 1 0 1
-4.37984 -27.779 74.9003 -12.0822 -20.6043 52.7199 0.800856 -13 622 1 0 1
-9.96627 -5.81713 74.9003 -17.1375 -3.38304 57.4863 0.111753 -13 623 1 0 1
-9.93352 -5.08536 74.9003 -18.1314 -5.87654 60.9603 0.0985849 -13 624 1 0 1
-1.43791 -0.595827 74.9003 -11.9033 -2.1371 69.5363 2.82179 -13 626 1 0 1
-8.74746 -15.3459 74.9003 -19.2441 -15.1942 67.4783 0.52334 -13 628 1 0 1
-13.8321 15.2912 74.9003 -21.8989 15.4911 59.9691 0.597828 -13 629 1 0 1
-11.2228 3.50749 74.9003 -17.578 3.59467 55.6303 -0.232336 -13 631 1 0 1
-13.098 -6.19992 74.9003 -22.225 -5.70072 62.3389 -1.11379 -13 632 1 0 1
1.83198 3.97273 74.9003 -6.27586 2.73383 55.6174 -0.386585 -13 633 1 0 1
4.69639 -1.17249 74.9003 -4.03648 -0.0327694 52.23 0.642455 -13 635 1 0 1
-2.84069 -0.912883 74.9003 -13.8071 -2.05642 70.7231 0.460964 -13 637 1 0 1
-2.32678 -8.17012 74.9003 -11.7164 -7.99889 64.693 -1.5719 -13 639 1 0 1
-8.23302 8.3134 74.9003 -12.4676 4.69659 35.8143 -1.58307 -13 640 1 0 1
-2.64241 -12.9054 74.9003 -11.3751 -12.6734 60.0148 -0.909605 -13 641 1 0 1
-6.02114 -8.34723 74.9003 -12.9561 -5.8956 55.6326 0.388024 -13 642 1 0 1
-11.8977 -11.146 74.9003 -22.5606 -11.7397 66.1617 0.00224618 -13 643 1 0 1
-14.6376 -13.2563 74.9003 -18.7684 -10.4664 45.9163 2.72205 -13 644 1 0 1
-5.8592 -8.83601 74.9003 -13.0639 -6.86332 54.9024 1.42995 -13 645 1 0 1
-15.7855 4.32687 74.9003 4.51029 -2.23613 50.649 1.7289 -13 646 1 0 1
-3.31173 1.06576 74.9003 -12.7312 1.76301 67.1888 0.253853 -13 649 1 0 1
-10.3742 -5.81706 74.9003 -22.2831 -4.90517 70.082 1.31425 -13 650 1 0 1
-7.31522 2.14652 74.9003 -17.2427 1.798 65.5457 0.858574 -13 651 1 0 1
-11.2389 -1.8825 74.9003 -20.3619 -2.48479 62.3423 1.37324 -13 652 1 0 1
-7.30947 -5.28055 74.9003 -17.306 -4.01631 65.7264 0.985921 -13 653 1 0 1
-4.59137 -5.09177 74.9003 -9.2811 -2.90167 38.3205 0.114822 -13 654 1 0 1
-0.91411 -3.02216 74.9003 -9.38274 -0.701575 60.169 0.983463 -13 657 1 0 1
-11.9917 -9.36782 74.9003 -22.2829 -7.27264 64.7009 2.58082 -13 659 1 0 1
-7.85549 0.938479 74.9003 -17.2263 1.45812 63.552 -1.14754 -13 660 1 0 1
-12.4573 -2.97382 74.9003 -25.8237 -6.24897 71.809 1.96459 -13 661 1 0 1
-3.70517 3.87406 74.9003 -11.3318 4.40846 56.0242 0.826737 -13 663 1 0 1
-10.9377 -8.18753 74.9003 -21.9413 -7.82167 66.6613 2.07958 -13 664 1 0 1
-11.6682 -1.74121 74.9003 -24.5963 -3.00198 72.3947 0.631707 -13 665 1 0 1
-10.3092 -1.30161 74.9003 -17.8209 -0.723658 56.9862 -1.77765 -13 667 1 0 1
-7.88863 -14.2622 74.9003 -16.9847 -14.0841 64.1923 1.73505 -13 669 1 0 1
-6.21834 -9.99499 74.9003 -17.2492 -10.1142 69.8894 0.362608 -13 670 1 0 1
-7.35201 -21.3657 74.9003 -15.5474 -18.9269 57.4771 0.864599 -13 671 1 0 1
-0.867188 10.2836 74.9003 -9.5816 8.31085 55.1677 1.94731 -13 672 1 0 1
-2.24845 11.9101 74.9003 -10.4329 9.78203 59.6903 0.702074 -13 673 1 0 1
3.17063 5.50365 74.9003 -6.5034 5.32329 61.8674 1.21463 -13 674 1 0 1
-13.2825 -13.7563 74.9003 -20.8905 -13.3798 57.8975 3.54748 -13 675 1 0 1
2.20903 5.61039 74.9003 -6.26859 5.34416 48.7906 0.253292 -13 676 1 0 1
4.58319 -2.41445 74.9003 -5.42247 -3.23041 66.3447 1.35197 -13 677 1 0 1
-7.72783 7.36663 74.9003 -18.4692 11.7016 68.5816 1.88819 -13 678 1 0 1
-8.35999 -3.65621 74.9003 -19.5744 -7.77255 70.1069 -2.89721 -13 681 1 0 1
10.3798 9.20699 74.9003 0.494133 11.5787 62.2719 2.41138 -13 683 1 0 1
-12.8747 -7.12751 74.9003 -20.3444 -6.01441 57.7096 0.168556 -13 684 1 0 1
13.628 -7.81961 74.9003 3.84257 -10.1343 69.7411 -1.32452 -13 685 1 0 1
-3.76372 10.8133 74.9003 -13.7794 11.5494 67.4505 0.765351 -13 686 1 0 1
-13.5132 10.8616 74.9003 -17.7947 9.24202 46.1897 2.12824 -13 687 1 0 1
-10.8873 3.83123 74.9003 -20.0697 2.14307 63.1664 0.333735 -13 688 1 0 1
-0.594236 -13.1739 74.9003 -8.91602 -13.2259 58.8053 1.38386 -13 690 1 0 1
-6.41737 0.43227 74.9003 -15.5727 -1.39328 62.4269 -1.58505 -13 691 1 0 1
-11.2142 5.38139 74.9003 -19.1275 2.61397 58.6708 -0.564496 -13 692 1 0 1
-12.709 12.5576 74.9003 -17.5442 5.84145 45.7751 2.28047 -13 693 1 0 1
-8.60594 -9.458 74.9003 -17.6047 -6.99677 61.9384 2.74192 -13 694 1 0 1
-13.2632 9.37721 74.9003 -21.3991 9.04182 59.5558 0.737659 -13 696 1 0 1
-13.1265 5.42416 74.9003 -24.2815 6.75313 65.9524 0.897455 -13 697 1 0 1
1.81218 -11.9751 74.9003 -5.81624 -6.97101 43.2977 -0.226131 -13 699 1 0 1
-4.7317 -2.58667 74.9003 -15.6957 -2.69647 70.3182 1.74945 -13 700 1 0 1
-5.65272 8.38887 74.9003 -15.6781 10.6765 67.6946 1.70168 -13 701 1 0 1
-8.38961 3.26819 74.9003 -13.2667 2.52695 41.5064 1.81771 -13 702 1 0 1
-15.2471 4.50029 74.9003 -33.0399 3.23063 69.5785 -1.8712 -13 703 1 0 1
-1.71218 12.2146 74.9003 -9.41192 11.9737 55.2263 -0.0589697 -13 704 1 0 1
-9.44509 6.03228 74.9003 -15.2822 4.07337 50.6113 1.84881 -13 705 1 0 1
-8.76543 0.940479 74.9003 -19.837 4.21106 69.2287 3.67887 -13 707 1 0 1
-12.5221 -4.19935 74.9003 -20.9666 -5.36087 61.395 0.46827 -13 709 1 0 1
-9.75281 -9.9137 74.9003 -12.9707 -7.59989 37.8962 -0.427592 -13 710 1 0 1
-3.02755 2.67892 74.9003 -10.1012 0.533632 48.9112 0.122388 -13 711 1 0 1
-13.7499 -11.5977 74.9003 -23.7074 -11.1818 63.5915 1.77022 -13 712 1 0 1
-10.3895 -7.77749 74.9003 -25.3297 -10.8284 76.3595 0.352335 -13 713 1 0 1
-11.2541 2.11709 74.9003 -15.8552 0.123251 45.9966 2.11753 -13 714 1 0 1
-12.7056 6.28289 74.9003 -23.5285 7.83509 66.4596 -0.70289 -13 715 1 0 1
-5.41812 10.0943 74.9003 -11.5841 7.3535 48.3929 1.67192 -13 716 1 0 1
-6.85371 -0.553029 74.9003 -12.968 -0.881555 51.1449 2.22262 -13 717 1 0 1
-13.7957 0.0248521 74.9003 -25.0175 -1.33221 67.2973 1.31133 -13 718 1 0 1
-4.65921 1.92888 74.9003 -15.1851 3.70364 69.3127 0.265069 -13 719 1 0 1
-13.3389 2.89914 74.9003 -22.0094 2.80237 61.2425 2.47283 -13 720 1 0 1
-2.77551 -11.5965 74.9003 -13.4339 -12.1335 69.2996 0.278775 -13 721 1 0 1
-4.21155 -8.97808 74.9003 -11.4921 -8.11862 53.1828 -1.10608 -13 722 1 0 1
-8.98244 -5.94978 74.9003 -16.9455 -3.74771 58.2124 -0.805059 -13 723 1 0 1
-8.61476 11.014 74.9003 -19.7795 10.724 68.91 2.3701 -13 724 1 0 1
3.14431 -15.0844 74.9003 -5.39482 -12.6192 53.0706 -0.54937 -13 726 1 0 1
-4.79583 4.40494 74.9003 -10.9008 3.21696 42.3579 2.43314 -13 727 1 0 1
-9.91597 25.2818 74.9003 -14.0471 15.5015 36.7106 0.22632 -13 728 1 0 1
-4.27668 -5.40481 74.9003 -16.5659 -5.50418 74.0623 -1.4719 -13 729 1 0 1
-11.244 -2.58151 74.9003 -21.7077 -1.63134 66.7728 -0.870289 -13 731 1 0 1
-14.0511 8.39981 74.9003 -23.6119 7.03726 64.1227 2.38959 -13 732 1 0 1
-3.68503 1.59734 74.9003 -13.8461 -3.82237 69.7498 2.6108 -13 734 1 0 1
8.5475 8.78178 74.9003 -2.12458 4.96811 46.3446 -0.705383 -13 735 1 0 1
-7.68968 8.81923 74.9003 -13.0032 6.08281 43.7988 0.27612 -13 736 1 0 1
-15.3642 10.5205 74.9003 -5.74841 9.50401 53.5513 2.46876 -13 737 1 0 1
2.12488 1.54225 74.9003 -6.54827 2.74605 58.0696 1.93367 -13 738 1 0 1
-3.89699 -3.17833 74.9003 -11.9254 -1.31159 57.8719 -0.746505 -13 739 1 0 1
-13.0312 1.95405 74.9003 -24.7014 1.81975 68.641 1.14078 -13 740 1 0 1
-1.75314 3.23938 74.9003 -8.50465 1.13168 16.0015 2.86448 -13 741 1 0 1
-8.70949 12.9112 74.9003 -19.1506 14.7513 67.547 1.69831 -13 743 1 0 1
1.76905 10.4638 74.9003 -9.17826 10.7158 71.4445 2.31044 -13 745 1 0 1
-12.0329 -2.06122 74.9003 -21.7498 -2.08474 64.0078 -1.44296 -13 746 1 0 1
-7.91494 -2.90877 74.9003 -17.5553 -2.68041 65.3086 0.548818 -13 747 1 0 1
-3.77647 -5.73032 74.9003 -14.9514 -6.49446 71.0822 1.48009 -13 749 1 0 1
-7.45075 7.12102 74.9003 -15.8761 2.61614 61.8518 1.08974 -13 750 1 0 1
-12.8074 11.2169 74.9003 -21.9245 12.7623 62.3985 -0.103743 -13 752 1 0 1
-9.51349 3.93768 74.9003 -17.6704 2.01435 61.4124 -0.654752 -13 753 1 0 1
-4.07834 -2.54277 74.9003 -15.8443 -3.70423 73.466 -1.08321 -13 755 1 0 1
-5.04342 6.31412 74.9003 -14.8835 8.68594 65.9527 -0.670939 -13 756 1 0 1
1.64188 -6.95429 74.9003 -6.32183 -4.83042 52.7539 -0.696411 -13 757 1 0 1
-4.52928 -7.88919 74.9003 -11.0574 -9.00556 54.3754 0.768708 -13 758 1 0 1
-4.66705 -16.9255 74.9003 -13.5512 -16.4079 59.4673 1.54174 -13 759 1 0 1
-8.21569 7.27886 74.9003 -14.5564 5.70751 51.4386 0.625804 -13 760 1 0 1
-5.57743 -7.00611 74.9003 -13.4744 -5.09801 57.3643 1.08842 -13 761 1 0 1
2.69366 5.39418 74.9003 -6.47673 7.06365 60.2243 1.65532 -13 763 1 0 1
-3.44385 3.50835 74.9003 -13.6917 4.26885 68.8812 -2.23498 -13 764 1 0 1
-12.2186 -6.74226 74.9003 -20.0357 -7.10923 60.8652 -0.16977 -13 765 1 0 1
1.45199 -11.305 74.9003 -6.65104 -5.06272 26.5941 -0.44771 -13 766 1 0 1
-3.74201 -3.4298 74.9003 -11.7906 -3.67413 57.6444 -0.0507837 -13 767 1 0 1
-2.03978 -20.8995 74.9003 -11.5557 -20.6774 64.1376 0.999102 -13 768 1 0 1
-14.4239 -2.99945 74.9003 -24.6979 -7.56464 66.0303 -0.680495 -13 770 1 0 1
-5.69036 -7.91631 74.9003 -12.4808 -7.56956 53.119 0.238128 -13 772 1 0 1
-0.181913 -0.250489 74.9003 -12.033 0.254819 75.6927 0.851467 -13 773 1 0 1
4.88049 -4.39292 74.9003 -3.98442 -5.41275 61.1708 0.305437 -13 775 1 0 1
-12.8143 5.8077 74.9003 -18.2151 4.98519 51.4009 2.94596 -13 776 1 0 1
-13.8176 -5.75033 74.9003 -23.0862 -6.66593 62.3806 0.345865 -13 777 1 0 1
-12.8749 11.2029 74.9003 -16.5584 9.44542 42.9658 3.0587 -13 778 1 0 1
-14.8 -10.7043 74.9003 -24.1564 -10.4721 63.0635 2.06215 -13 779 1 0 1
-2.23318 -1.72795 74.9003 -10.9996 -1.4536 66.6841 -0.54572 -13 780 1 0 1
-4.37401 5.05442 74.9003 -13.4625 3.621 65.1527 0.253255 -13 781 1 0 1
-13.3082 -10.3117 74.9003 -21.4006 -9.42731 58.6038 0.898478 -13 782 1 0 1
-0.471827 -5.83228 74.9003 -8.71737 -4.43419 58.0851 1.373 -13 783 1 0 1
-13.6873 -5.01693 74.9003 -27.4744 -9.40545 72.2568 0.146348 -13 785 1 0 1
1.03535 3.40623 74.9003 -6.91337 1.5107 46.8588 -0.579998 -13 787 1 0 1
4.03398 -2.59546 74.9003 -5.78962 -5.26455 70.7271 0.786234 -13 789 1 0 1
-7.70229 -2.66055 74.9003 -15.8072 -4.54218 57.7322 2.39851 -13 790 1 0 1
-5.13443 -13.6408 74.9003 -14.5847 -15.3869 64.9288 -1.05108 -13 791 1 0 1
-10.4751 -2.70045 74.9003 -19.2912 -2.44446 63.3632 2.56142 -13 792 1 0 1
-4.44283 -0.867764 74.9003 -11.513 -2.03497 51.1713 2.20402 -13 793 1 0 1
-15.6864 2.49359 74.9003 -13.1171 -4.22472 53.9874 0.655203 -13 794 1 0 1
-8.23744 -1.19522 74.9003 -13.0999 -2.74059 45.2601 -0.371689 -13 797 1 0 1
-9.54645 15.0658 74.9003 -21.7354 17.0147 70.111 2.35282 -13 798 1 0 1
-11.2312 4.18565 74.9003 -19.2272 3.06618 59.2883 1.2945 -13 799 1 0 1
0.904074 4.56243 74.9003 -8.2538 1.79006 68.5931 2.58345 -13 801 1 0 1
-11.8858 -6.79695 74.9003 -20.8262 -8.03627 62.0169 -0.906744 -13 802 1 0 1
-6.16528 1.84905 74.9003 -18.4514 5.32243 73.2187 -1.34347 -13 803 1 0 1
4.15054 0.850347 74.9003 -4.72891 1.11648 50.1572 -0.0690715 -13 804 1 0 1
-4.98596 0.069835 74.9003 -12.3828 -0.475138 55.0263 1.39153 -13 806 1 0 1
-12.924 -2.62707 74.9003 -25.9881 -4.28576 72.0319 -0.327388 -13 810 1 0 1
-9.49331 2.88589 74.9003 -19.4983 4.17664 67.2266 0.144227 -13 811 1 0 1
-5.8614 9.81866 74.9003 -13.2936 9.54722 54.3057 1.16523 -13 813 1 0 1
-5.00961 -2.04401 74.9003 -13.1875 -0.256467 59.6336 1.0947 -13 814 1 0 1
-4.32657 9.30334 74.9003 -11.6375 8.22909 53.4372 -1.64943 -13 815 1 0 1
-6.13939 -2.20968 74.9003 -18.9284 -2.45427 74.3091 1.82759 -13 816 1 0 1
-9.1265 -2.25648 74.9003 -12.3089 -1.18879 37.465 -1.16331 -13 817 1 0 1
-9.09837 -13.0614 74.9003 -14.041 -10.3799 44.875 0.347788 -13 820 1 0 1
-13.6837 -0.617183 74.9003 -18.3996 1.16707 48.6887 -1.31966 -13 821 1 0 1
-14.788 4.71785 74.9003 -31.6638 2.64427 75.044 0.964943 -13 822 1 0 1
-3.41548 -0.340354 74.9003 -10.7265 -1.47535 55.9835 0.300978 -13 823 1 0 1
-15.1237 -3.52211 74.9003 -23.8531 -3.83325 53.654 0.662881 -13 825 1 0 1
-7.48975 6.69196 74.9003 -17.0086 8.48687 64.0242 -1.03477 -13 826 1 0 1
-8.00115 -13.4624 74.9003 -16.1532 -13.8292 59.316 3.03801 -13 827 1 0 1
-4.90189 0.85599 74.9003 -13.3594 -0.790644 62.8135 -2.09739 -13 828 1 0 1
0.565171 -21.148 74.9003 -8.12785 -15.9455 47.3028 1.2328 -13 829 1 0 1
-10.3885 -11.4849 74.9003 -18.8196 -11.2908 60.1861 0.208135 -13 830 1 0 1
-4.94669 -5.46972 74.9003 -14.2334 -6.69422 63.9656 2.34053 -13 831 1 0 1
-9.99523 -7.94847 74.9003 -16.0412 -6.87748 52.0178 0.766694 -13 832 1 0 1
-7.8676 -13.7416 74.9003 -15.8259 -12.77 57.5066 0.75613 -13 833 1 0 1
-11.3464 -13.39 74.9003 -25.2628 -16.1668 72.3927 -0.606416 -13 835 1 0 1
-1.99237 12.0705 74.9003 -11.7668 12.6338 63.7748 0.24366 -13 836 1 0 1
-2.44679 -15.813 74.9003 -12.0728 -13.0819 64.6155 1.3908 -13 837 1 0 1
-2.71515 6.12709 74.9003 -13.26 4.25053 69.7114 -0.9857 -13 838 1 0 1
-10.7374 -9.14688 74.9003 -16.6041 -6.01979 52.1749 -0.00690812 -13 839 1 0 1
-12.2939 -3.46871 74.9003 -23.8254 -2.98866 69.0834 -0.630824 -13 842 1 0 1
-11.4931 -11.3835 74.9003 -23.6685 -15.5971 69.0566 0.831892 -13 843 1 0 1
-3.63279 -0.424699 74.9003 -11.6737 0.803708 58.7698 1.35641 -13 845 1 0 1
-3.67991 -18.3379 74.9003 -9.88478 -8.77269 33.385 1.02134 -13 846 1 0 1
-2.1902 -9.44425 74.9003 -10.1219 -4.85762 56.7949 -0.784637 -13 847 1 0 1
-12.6858 7.17068 74.9003 -18.1813 4.66633 51.3589 -0.398889 -13 848 1 0 1
2.31287 -11.756 74.9003 -7.5744 -11.8218 67.5261 -0.531419 -13 850 1 0 1
1.09085 -1.52975 74.9003 -10.5956 -1.23485 74.8065 0.836735 -13 852 1 0 1
-14.0775 2.10093 74.9003 -21.4332 1.79666 57.2877 1.46636 -13 853 1 0 1
-10.9092 0.904555 74.9003 -21.5875 -1.61129 65.6649 -0.468436 -13 854 1 0 1
-12.6529 3.33097 74.9003 -22.0153 3.54895 63.6206 1.68327 -13 860 1 0 1
-10.1247 -5.43786 74.9003 -22.8966 -6.73992 73.2545 -1.48393 -13 861 1 0 1
-9.97466 2.88584 74.9003 -18.2123 3.66403 60.2055 0.290114 -13 862 1 0 1
-10.7825 -1.95614 74.9003 -18.5902 -1.15977 59.5561 -0.235333 -13 864 1 0 1
-12.0305 -7.21888 74.9003 -17.8406 -4.24501 51.9319 2.18974 -13 865 1 0 1
-5.49094 11.7143 74.9003 -12.9377 11.6342 54.0717 0.342045 -13 866 1 0 1
-1.43575 8.74598 74.9003 -12.6119 8.44749 72.7098 -0.312248 -13 867 1 0 1
-10.7457 1.76669 74.9003 -24.8166 0.535484 74.5113 -1.29657 -13 868 1 0 1
-9.55714 -4.51643 74.9003 -17.0666 -5.14152 56.7714 1.14004 -13 870 1 0 1
-10.6663 -6.26849 74.9003 -19.9217 -7.02442 63.2108 -0.826846 -13 871 1 0 1
-12.1642 -3.14026 74.9003 -21.5686 -2.10109 63.7658 -0.764094 -13 872 1 0 1
-3.86074 0.692148 74.9003 -14.3005 -0.747744 69.9716 -0.732745 -13 873 1 0 1
-11.9997 6.18246 74.9003 -21.2163 6.44692 62.5441 2.94816 -13 874 1 0 1
-12.7337 -6.15324 74.9003 -21.03 -6.36221 60.1671 0.582882 -13 875 1 0 1
-2.89972 7.88112 74.9003 -14.4923 8.04403 73.2208 0.335681 -13 876 1 0 1
-6.7346 10.5333 74.9003 -16.1778 14.1281 65.5232 -1.64846 -13 877 1 0 1
-7.18173 9.46768 74.9003 -18.5507 12.4659 69.8862 -3.36293 -13 878 1 0 1
-1.51334 -10.6519 74.9003 -10.8385 -11.4355 66.2976 1.16588 -13 880 1 0 1
-3.42202 -5.7559 74.9003 -11.0203 -4.97109 55.2458 2.20841 -13 881 1 0 1
3.62469 17.832 74.9003 -7.2453 19.6949 72.6373 -0.224438 -13 882 1 0 1
1.43612 14.8274 74.9003 -8.4326 15.6579 62.7621 0.00702101 -13 883 1 0 1
0.982023 5.83788 74.9003 -6.44947 3.96921 35.4047 0.319688 -13 885 1 0 1
-3.51847 -0.878916 74.9003 -16.68 -4.7917 77.7019 2.65164 -13 886 1 0 1
-7.35642 -0.629708 74.9003 -13.7484 -2.2792 53.508 0.417126 -13 888 1 0 1
-12.1727 -4.75439 74.9003 -18.3733 -3.58849 53.4716 -0.250253 -13 889 1 0 1
-2.47186 -14.3904 74.9003 -12.296 -15.2275 65.9487 -0.812879 -13 890 1 0 1
-11.1124 -8.8002 74.9003 -21.8452 -6.79675 67.6597 0.759523 -13 892 1 0 1
0.148297 -5.73466 74.9003 -11.0984 -5.82453 75.1618 0.272602 -13 894 1 0 1
-15.396 15.6088 74.9003 -29.7711 14.162 54.9734 -1.34485 -13 896 1 0 1
-6.90565 -0.10324 74.9003 -14.1555 0.691319 53.7472 -0.337257 -13 898 1 0 1
3.94828 3.02452 74.9003 -4.81075 4.09198 61.1976 0.0441168 -13 899 1 0 1
-6.03556 5.04654 74.9003 -15.8748 2.96712 66.1572 0.89011 -13 901 1 0 1
3.01498 -3.57414 74.9003 -5.35658 -4.40911 54.542 0.913862 -13 902 1 0 1
-8.35882 -10.7835 74.9003 -20.3915 -8.0482 70.6382 1.45399 -13 903 1 0 1
-4.22298 -3.0319 74.9003 -12.2876 -4.51617 57.068 2.27307 -13 904 1 0 1
-9.74074 8.10249 74.9003 -19.312 6.47075 64.2538 0.616752 -13 907 1 0 1
-8.82053 -9.37671 74.9003 -20.5823 -8.27266 69.5597 0.977195 -13 909 1 0 1
-15.8159 -3.68568 74.9003 -17.8522 -10.3488 50.6839 0.142465 -13 910 1 0 1
-6.42454 16.8296 74.9003 -14.1925 11.7309 52.2937 -0.449916 -13 912 1 0 1
-9.43393 8.80398 74.9003 -24.7869 13.6105 75.1098 1.58075 -13 913 1 0 1
-6.82444 -10.8128 74.9003 -14.9389 -8.83105 58.8757 -0.537074 -13 915 1 0 1
-10.4237 3.20385 74.9003 -19.2371 1.80222 63.0926 -0.299441 -13 919 1 0 1
-15.0975 -1.25566 74.9003 -33.3072 0.459113 71.0429 0.72842 -13 920 1 0 1
-5.91983 -2.80668 74.9003 -10.5552 -3.36609 31.8869 0.872673 -13 921 1 0 1
-15.0178 -11.1824 74.9003 -29.6487 -11.0283 74.6264 2.71883 -13 922 1 0 1
-10.9598 5.238 74.9003 -20.5505 3.92582 63.9831 -0.742661 -13 924 1 0 1
-14.9187 7.86952 74.9003 -22.3409 7.61719 56.8757 0.698977 -13 925 1 0 1
-15.2616 3.64457 74.9003 -21.6025 2.59626 69.3998 1.65755 -13 926 1 0 1
-10.5995 -4.96653 74.9003 -19.3505 -2.74046 64.604 0.851171 -13 927 1 0 1
-11.8348 -4.44976 74.9003 -18.3122 -4.25603 54.0084 0.106444 -13 928 1 0 1
-11.1126 -1.60456 74.9003 -21.3301 -1.79099 66.6209 1.62917 -13 930 1 0 1
-0.56632 -0.817512 74.9003 -9.56163 -2.50664 62.1844 2.30104 -13 931 1 0 1
-4.40492 10.8988 74.9003 -14.3475 12.8805 66.3011 1.32461 -13 933 1 0 1
-12.723 2.15627 74.9003 -24.9728 3.3946 69.9221 -0.27101 -13 934 1 0 1
3.9055 -2.40066 74.9003 -4.46961 0.0645219 60.727 0.344688 -13 936 1 0 1
-10.7619 -4.96161 74.9003 -22.5419 -3.02248 69.4483 0.0710702 -13 938 1 0 1
-13.7934 0.607801 74.9003 -20.6553 0.746083 56.7029 -0.222215 -13 939 1 0 1
-13.2742 0.732711 74.9003 -20.2878 1.74053 56.4559 0.287938 -13 940 1 0 1
-15.4024 3.86939 74.9003 -19.7612 13.025 55.6187 0.524157 -13 941 1 0 1
2.67155 -1.49939 74.9003 -7.81305 -1.7257 71.6135 0.831078 -13 942 1 0 1
-4.62125 -5.51479 74.9003 -14.372 -4.79966 65.8222 1.71237 -13 943 1 0 1
-14.4157 0.404256 74.9003 -18.5813 2.17693 47.8653 -0.0670327 -13 944 1 0 1
-6.70281 13.0013 74.9003 -17.5294 15.65 68.0232 1.17683 -13 945 1 0 1
-2.14491 0.399966 74.9003 -11.158 2.11814 64.017 -0.87721 -13 947 1 0 1
-8.45968 -0.208174 74.9003 -13.8663 0.99825 45.9698 1.68182 -13 948 1 0 1
-12.2727 6.32804 74.9003 -20.7034 5.15802 61.9038 0.374575 -13 950 1 0 1
-2.00076 -2.50925 74.9003 -10.1681 -2.30857 58.6369 2.98732 -13 952 1 0 1
-10.1743 -5.68779 74.9003 -17.9366 -5.49402 56.1191 0.596391 -13 953 1 0 1
-10.4724 -16.505 74.9003 -16.6208 -13.2647 52.018 0.120149 -13 954 1 0 1
-5.95067 -4.09115 74.9003 -14.2038 -6.3288 58.5343 0.865793 -13 955 1 0 1
-12.9267 3.10984 74.9003 -18.0201 0.833067 49.7101 0.272212 -13 956 1 0 1
-16.2976 0.141452 74.9003 -11.8748 10.3468 58.2963 -0.505021 -13 958 1 0 1
3.15938 -6.52661 74.9003 -5.96779 -6.74175 61.5934 0.719888 -13 959 1 0 1
-13.0226 3.55201 74.9003 -25.087 3.04794 69.505 -1.71839 -13 960 1 0 1
-11.3881 -11.4319 74.9003 -17.0217 -8.23817 51.2089 0.549392 -13 961 1 0 1
-6.97923 -1.04376 74.9003 -10.6998 -0.710419 31.2967 1.24783 -13 962 1 0 1
6.52483 1.41884 74.9003 -3.14039 -2.66503 68.7868 2.28855 -13 963 1 0 1
-10.3016 0.695726 74.9003 -17.5893 -0.04637 58.5787 2.27908 -13 964 1 0 1
-16.2934 -7.94342 74.9003 -10.6592 -7.40961 32.4804 1.74827 -13 965 1 0 1
-15.5516 5.60106 74.9003 -2.28785 9.14943 28.2952 2.67558 -13 966 1 0 1
-4.54041 -1.34883 74.9003 -11.281 -0.210343 52.566 0.932159 -13 967 1 0 1
-8.28458 -7.07702 74.9003 -13.3549 -5.91783 46.8722 0.977288 -13 969 1 0 1
-2.73363 -6.75876 74.9003 -11.803 -7.66832 63.0748 0.252786 -13 970 1 0 1
-2.36473 -5.67573 74.9003 -11.8145 -3.2834 67.3964 -0.82754 -13 971 1 0 1
-14.0089 5.23127 74.9003 -23.7012 5.5492 64.5348 -0.286661 -13 974 1 0 1
-14.8778 5.66237 74.9003 -26.4866 9.43341 68.2728 1.9809 -13 975 1 0 1
-15.8465 -3.85549 74.9003 -8.92719 -16.2552 29.781 -1.08742 -13 979 1 0 1
-7.97119 12.0144 74.9003 -16.3975 10.1363 61.1869 -0.311519 -13 982 1 0 1
-15.9841 1.2429 74.9003 -24.2621 2.19705 53.0331 0.0229057 -13 983 1 0 1
-3.74438 -2.39267 74.9003 -11.7558 -1.65385 58.9017 1.25052 -13 985 1 0 1
-8.64732 -18.168 74.9003 -16.4948 -16.7645 56.699 0.820638 -13 987 1 0 1
-5.38654 -6.63174 74.9003 -15.2264 -6.0426 68.0259 1.40979 -13 989 1 0 1
-7.71039 -7.28014 74.9003 -17.6975 -10.2488 66.9449 0.62673 -13 990 1 0 1
-8.22877 -10.482 74.9003 -13.1115 -7.32358 46.8656 2.0767 -13 993 1 0 1
5.58999 -30.5347 74.9003 -4.79691 -18.581 44.0024 -0.288917 -13 994 1 0 1
-4.59702 0.463052 74.9003 -13.3111 1.03837 62.5011 -1.43894 -13 995 1 0 1
-16.1099 -0.730526 74.9003 -27.9005 4.96991 44.0949 0.570498 -13 996 1 0 1
-15.1602 2.62947 74.9003 -11.7425 -9.28403 37.493 2.88435 -13 997 1 0 1
-1.62154 -2.63752 74.9003 -9.58064 -1.95382 56.1952 0.368188 -13 999 1 0 1
-14.4313 -3.77038 74.9003 -17.5538 -2.51496 43.0814 -0.0741846 -13 1000 1 0 1
