#BLTrackFile NTuple/Z40
#x y z Px Py Pz t PDGid EventID TrackID ParentID Weight
#mm mm mm MeV/c MeV/c MeV/c ns - - - - -
-5.65652 -4.12032 40.4558 -21.163 -6.51658 68.7249 -0.945012 -13 1 1 0 1
2.97178 3.60235 40.4558 -6.37203 -1.69086 80.7872 0.156314 -13 2 1 0 1
-2.33445 -1.76854 40.4558 -13.3355 -4.46428 68.8 1.10948 -13 3 1 0 1
-5.08432 -3.16472 40.4558 -23.7721 -3.21468 74.1239 0.557748 -13 4 1 0 1
-8.28986 2.11683 40.4558 -18.8636 0.922076 56.5668 0.718968 -13 5 1 0 1
-3.88571 -1.832 40.4558 -18.1441 -1.62762 72.3278 -0.56778 -13 6 1 0 1
-3.16748 -3.38739 40.4558 -9.33353 -5.41824 59.2948 -0.668186 -13 7 1 0 1
-11.9991 -1.3301 40.4558 -18.4523 2.26883 39.3854 0.201691 -13 8 1 0 1
-0.646575 5.04812 40.4558 -6.40853 11.3547 62.1551 1.32368 -13 9 1 0 1
-2.03254 -4.84902 40.4558 -8.83024 -7.35767 65.1977 0.905028 -13 10 1 0 1
1.32301 5.04438 40.4558 -5.43457 10.5256 71.0234 -0.311836 -13 11 1 0 1
-5.99428 -2.41047 40.4558 -14.7582 -6.59868 57.2444 1.91043 -13 12 1 0 1
0.623009 5.40149 40.4558 -1.24751 5.62259 37.531 -0.587411 -13 13 1 0 1
0.531756 -5.1892 40.4558 -5.12993 -6.38635 67.1474 -1.3164 -13 14 1 0 1
-0.798145 -4.52669 40.4558 -6.89482 -8.92577 65.9108 1.69431 -13 15 1 0 1
7.15643 -9.05856 40.4558 7.52434 -18.15 57.1478 2.3649 -13 16 1 0 1
-6.01691 4.47552 40.4558 -16.5973 11.2237 60.15 -0.433022 -13 17 1 0 1
-7.8325 -5.00053 40.4558 -14.4571 -10.6975 47.7121 1.64665 -13 18 1 0 1
-11.1167 1.95295 40.4558 -27.9738 5.87743 58.1917 0.352472 -13 19 1 0 1
-4.2152 -7.02736 40.4558 -13.1958 -12.9748 61.0416 3.17691 -13 20 1 0 1
-5.58804 -0.415187 40.4558 -12.5232 3.97313 54.9563 -0.959392 -13 22 1 0 1
-13.2492 5.29523 40.4558 -24.4007 8.52424 46.0498 0.949412 -13 24 1 0 1
0.618596 -2.60323 40.4558 -6.01622 -1.50955 70.1552 0.509058 -13 25 1 0 1
-2.41505 0.779127 40.4558 -10.8132 2.43422 67.1296 0.0900084 -13 26 1 0 1
-2.01275 -3.89892 40.4558 -9.43712 -1.72772 65.1492 1.68111 -13 27 1 0 1
-1.11545 -6.15795 40.4558 -10.8638 -13.8942 71.3311 0.47747 -13 28 1 0 1
-3.66509 2.2914 40.4558 -13.5327 8.49807 64.214 1.24062 -13 30 1 0 1
-3.27112 -0.0947542 40.4558 -15.5369 2.12828 69.5274 -0.0520698 -13 31 1 0 1
-6.38747 -3.07615 40.4558 -15.7321 -6.68609 58.2262 -0.254997 -13 32 1 0 1
-8.32412 1.06865 40.4558 -22.2941 5.20091 61.5857 -0.382445 -13 34 1 0 1
-8.41077 -7.02117 40.4558 -26.0276 -13.1229 66.5009 2.41701 -13 35 1 0 1
-3.05864 0.800573 40.4558 -11.3148 6.99883 64.3789 -0.881342 -13 36 1 0 1
-1.15525 -2.28771 40.4558 -14.256 -8.80121 77.4041 -1.24002 -13 37 1 0 1
-3.87052 -1.16671 40.4558 -10.8582 -4.09165 58.0892 1.684 -13 38 1 0 1
-6.36545 0.989986 40.4558 -13.6908 1.40838 48.9352 1.00854 -13 40 1 0 1
0.192373 7.37316 40.4558 -4.09751 12.4841 60.2391 0.0736688 -13 41 1 0 1
-2.04907 0.0781962 40.4558 -11.119 -4.13226 66.9074 1.47307 -13 42 1 0 1
-5.33899 -1.22565 40.4558 -27.5161 -3.62431 75.0542 0.52685 -13 43 1 0 1
-1.2089 1.86216 40.4558 -4.48674 1.6263 55.7197 0.876643 -13 44 1 0 1
-1.90925 -3.57446 40.4558 -10.9369 -7.4383 66.3195 0.618809 -13 46 1 0 1
-3.39347 5.79844 40.4558 -10.2157 5.98909 57.6418 1.15793 -13 47 1 0 1
-4.70428 2.6526 40.4558 -16.1701 11.1929 63.5906 0.919261 -13 48 1 0 1
-2.13097 -4.82094 40.4558 -11.5497 -18.7449 66.758 -0.331289 -13 49 1 0 1
-3.57176 1.79878 40.4558 -5.52806 3.99524 39.4509 -0.388159 -13 50 1 0 1
-2.52665 2.00057 40.4558 -14.9026 0.270718 70.8014 -0.0846294 -13 51 1 0 1
-6.29224 5.11275 40.4558 -13.128 10.2554 52.0794 0.319297 -13 52 1 0 1
-3.03008 4.69539 40.4558 -7.43147 6.48584 54.6563 -2.12171 -13 53 1 0 1
-5.12045 7.10771 40.4558 -7.84815 7.72128 38.342 0.290813 -13 54 1 0 1
-4.2937 -1.11558 40.4558 -17.3698 -4.72387 67.9374 1.11635 -13 55 1 0 1
3.82677 4.12257 40.4558 2.82953 8.40731 61.5679 -0.760548 -13 56 1 0 1
-3.40817 -2.85884 40.4558 -10.8086 -3.37534 62.0882 -0.192609 -13 58 1 0 1
-2.0462 -4.73421 40.4558 -10.4873 -10.4853 65.9159 2.16993 -13 59 1 0 1
-2.05085 7.00287 40.4558 -6.86807 16.0045 54.617 0.483812 -13 60 1 0 1
-5.19142 1.36395 40.4558 -14.6193 5.00743 60.4027 -0.629418 -13 61 1 0 1
-2.20876 -1.03695 40.4558 -11.4863 2.1189 68.3186 -0.344447 -13 62 1 0 1
-5.26532 -3.69926 40.4558 -8.1753 -4.03737 30.3048 0.467766 -13 63 1 0 1
-1.92951 -0.645073 40.4558 -8.08021 0.140521 60.2707 0.349137 -13 64 1 0 1
-0.77635 1.42905 40.4558 -6.65127 0.904191 64.8886 -1.23879 -13 65 1 0 1
-2.07838 0.662608 40.4558 -11.7379 0.285072 69.5482 0.654089 -13 66 1 0 1
-2.14411 -2.71557 40.4558 -7.42481 -2.18863 59.956 -0.465223 -13 67 1 0 1
-3.3007 8.21716 40.4558 -7.22911 10.4441 49.6699 -0.723819 -13 68 1 0 1
-4.99716 -2.68305 40.4558 -13.8036 -6.1907 60.5482 0.207552 -13 69 1 0 1
-2.23478 -0.277971 40.4558 -17.8977 -9.59577 77.8743 0.425448 -13 70 1 0 1
-3.85148 2.28853 40.4558 -9.50255 0.362818 59.1841 -1.24574 -13 71 1 0 1
0.673909 7.05632 40.4558 -4.13365 10.3132 64.0867 1.32411 -13 72 1 0 1
-3.1289 -0.659643 40.4558 -16.3892 -6.43466 71.7784 -0.708457 -13 73 1 0 1
-2.96813 5.57018 40.4558 -8.51251 11.1151 55.8141 0.484969 -13 74 1 0 1
-1.21152 3.44479 40.4558 -12.4386 5.858 73.4881 -2.65802 -13 75 1 0 1
4.03902 1.11433 40.4558 -5.5518 2.0609 79.6337 -1.51988 -13 76 1 0 1
-6.17432 3.51982 40.4558 -14.8361 1.94643 53.6165 2.61572 -13 77 1 0 1
-6.54906 1.28006 40.4558 -15.5649 0.226566 55.3964 -0.531606 -13 78 1 0 1
-2.49686 -0.953858 40.4558 -9.94362 -2.95359 61.9153 1.65503 -13 79 1 0 1
-1.6436 -5.59859 40.4558 -12.0434 -9.38209 69.837 0.263244 -13 80 1 0 1
0.494856 1.32824 40.4558 -6.72023 10.8415 69.6154 0.292169 -13 81 1 0 1
-3.23463 -2.24522 40.4558 -9.57812 -2.65762 61.0875 1.44203 -13 82 1 0 1
-8.0015 7.47859 40.4558 -22.4018 19.2567 62.2054 0.257559 -13 83 1 0 1
-13.208 3.68554 40.4558 -29.7788 6.4873 53.3551 0.395555 -13 84 1 0 1
-1.04849 0.766868 40.4558 -10.9859 -0.0677907 74.2494 1.36099 -13 85 1 0 1
-0.114932 -0.0767026 40.4558 -6.22829 -7.71084 66.6097 0.0454342 -13 86 1 0 1
-5.7293 -4.75303 40.4558 -9.95661 -9.03696 46.5979 1.1102 -13 87 1 0 1
-4.53716 -2.92893 40.4558 -15.6402 -5.79769 65.4349 -0.170048 -13 88 1 0 1
-3.33831 -3.96176 40.4558 -11.6465 -4.6506 60.9855 -0.335704 -13 89 1 0 1
-2.56602 3.40786 40.4558 -10.1064 6.40718 64.033 0.0551716 -13 90 1 0 1
-8.17093 -0.594845 40.4558 -20.2143 -2.11957 59.9518 1.12244 -13 91 1 0 1
-0.567185 0.0780683 40.4558 -2.52054 0.238866 54.5594 0.236653 -13 92 1 0 1
-1.04696 1.7244 40.4558 -4.79594 0.864983 58.6565 1.08036 -13 93 1 0 1
-4.25525 10.3446 40.4558 -10.0441 16.9716 50.0592 -1.0749 -13 94 1 0 1
-1.10029 1.58645 40.4558 -9.14901 5.30912 69.1045 0.302309 -13 95 1 0 1
-3.54014 2.93741 40.4558 -11.1098 9.23789 58.6064 -1.5582 -13 96 1 0 1
-3.14033 -2.87441 40.4558 -6.85139 0.054592 55.6519 -0.780824 -13 97 1 0 1
-2.47092 -2.11424 40.4558 -10.6572 -0.33091 66.017 0.681755 -13 98 1 0 1
-5.07809 4.57323 40.4558 -14.664 9.1794 60.5708 0.756425 -13 99 1 0 1
0.571607 -3.51568 40.4558 -4.72724 -2.71666 66.8381 -0.623884 -13 100 1 0 1
2.32593 1.22775 40.4558 -1.33681 0.0881855 67.764 -0.423432 -13 101 1 0 1
-1.71078 1.66641 40.4558 -10.0911 2.789 65.6257 0.165256 -13 102 1 0 1
2.78152 -2.79119 40.4558 1.04259 1.15839 61.6115 -2.19304 -13 103 1 0 1
-1.85193 -1.3963 40.4558 -9.72265 -5.86385 65.6165 -0.0530616 -13 104 1 0 1
-5.06812 0.647914 40.4558 -12.4108 8.52453 57.5808 -1.1989 -13 105 1 0 1
-10.7488 -0.652152 40.4558 -22.3823 -1.18827 51.0193 0.557664 -13 106 1 0 1
-2.65784 -2.42173 40.4558 -13.3441 -5.97275 68.4029 -0.800772 -13 107 1 0 1
0.853078 2.11375 40.4558 -2.64022 9.7746 62.5405 -0.554916 -13 108 1 0 1
-2.41956 0.278709 40.4558 -10.5366 1.65687 66.301 1.24684 -13 109 1 0 1
-3.55559 0.991276 40.4558 -17.3995 3.40795 69.8752 -0.00977955 -13 110 1 0 1
-3.19495 -3.06988 40.4558 -18.1815 -2.60179 74.6039 -0.0514816 -13 111 1 0 1
-0.19308 0.745392 40.4558 -4.80307 -1.5118 55.403 -1.58695 -13 112 1 0 1
-4.61295 5.77245 40.4558 -10.9825 9.79718 52.3949 1.04949 -13 113 1 0 1
-0.187988 -2.65349 40.4558 -4.45555 -6.53058 62.3566 0.19172 -13 114 1 0 1
0.405619 2.35078 40.4558 -0.437051 2.99157 48.7015 0.110445 -13 115 1 0 1
-5.71534 -1.22218 40.4558 -21.3807 -3.13197 68.7048 0.762799 -13 116 1 0 1
-4.15235 -0.944253 40.4558 -10.7358 0.00478819 53.431 -0.0856987 -13 117 1 0 1
-2.03266 -0.447654 40.4558 -3.64823 -6.30664 44.3106 -0.132254 -13 118 1 0 1
0.488264 0.265334 40.4558 -5.96383 2.94617 70.1827 0.745916 -13 119 1 0 1
-7.3136 -0.667239 40.4558 -14.1171 0.350344 46.6763 0.0978155 -13 120 1 0 1
-0.416906 -6.62346 40.4558 -4.86046 -7.68497 59.7135 1.78072 -13 121 1 0 1
-3.78101 -3.62652 40.4558 -19.0789 -6.25174 74.0899 0.862433 -13 122 1 0 1
-2.20475 -5.34615 40.4558 -11.708 -10.4647 68.868 0.993571 -13 123 1 0 1
3.45058 0.612336 40.4558 3.71591 2.53325 57.7522 0.548007 -13 124 1 0 1
-8.97614 -8.46295 40.4558 -20.0165 -16.2845 53.6667 -1.26095 -13 125 1 0 1
-2.09131 1.9032 40.4558 -17.2915 -2.04903 76.6117 1.17834 -13 126 1 0 1
-2.65117 5.60339 40.4558 -8.93555 7.96335 58.0086 -0.846114 -13 127 1 0 1
-2.78865 -1.78252 40.4558 -10.1872 -8.42583 62.8358 0.570066 -13 128 1 0 1
3.66087 4.15901 40.4558 3.53599 8.81291 58.2265 -0.22532 -13 129 1 0 1
-0.647984 -1.64804 40.4558 -2.94841 1.39425 49.4159 0.855443 -13 130 1 0 1
-0.586017 1.05134 40.4558 -8.63915 2.36984 67.9936 -0.232872 -13 131 1 0 1
-7.19359 0.324966 40.4558 -24.702 -0.830699 69.0007 1.52427 -13 132 1 0 1
1.64201 -2.17015 40.4558 -0.90952 -5.84846 63.3784 -1.09864 -13 133 1 0 1
2.7426 1.38603 40.4558 -3.38218 2.62947 74.3138 0.619866 -13 134 1 0 1
-0.190237 2.67437 40.4558 -8.19738 1.09587 69.0151 1.07144 -13 135 1 0 1
1.52014 4.25068 40.4558 -0.0628487 4.3565 55.3373 0.279742 -13 136 1 0 1
-6.24242 1.46787 40.4558 -16.6153 1.84065 59.8541 1.73672 -13 137 1 0 1
-5.03685 5.73336 40.4558 -11.7005 11.1736 52.5417 0.540216 -13 140 1 0 1
-4.66774 1.06972 40.4558 -9.79352 5.03929 49.734 0.123589 -13 141 1 0 1
1.8403 1.88044 40.4558 -1.06223 8.42709 64.0206 2.13464 -13 142 1 0 1
-5.92387 -2.0055 40.4558 -20.1922 -5.64096 67.1998 -0.646238 -13 143 1 0 1
2.06128 0.683108 40.4558 -2.87339 -1.36994 71.5055 3.11209 -13 144 1 0 1
-3.55197 -10.4443 40.4558 -9.28226 -16.8185 52.0629 1.92263 -13 145 1 0 1
0.493293 -4.21921 40.4558 -4.25715 -5.43604 65.273 0.42473 -13 146 1 0 1
-3.60462 -1.27781 40.4558 -12.2781 -2.91965 63.3147 -1.00527 -13 147 1 0 1
-5.38989 -5.0475 40.4558 -18.4715 -6.1949 66.6472 0.446929 -13 148 1 0 1
0.336732 4.53964 40.4558 -3.31777 6.9506 55.395 -0.297478 -13 149 1 0 1
-3.42991 4.29999 40.4558 -12.3169 10.6168 63.3413 0.0185513 -13 150 1 0 1
-2.98999 -3.03144 40.4558 -8.95807 -6.77341 55.3896 1.38266 -13 151 1 0 1
-2.27305 -1.03618 40.4558 -9.1162 -2.92472 62.3599 2.30023 -13 152 1 0 1
-5.29561 -0.8198 40.4558 -17.0837 -6.80193 64.8276 -0.317019 -13 153 1 0 1
-3.95043 -4.61441 40.4558 -21.2016 -11.7864 74.3887 -1.93167 -13 154 1 0 1
-6.24401 1.07929 40.4558 -18.51 0.580786 63.2427 -1.28913 -13 155 1 0 1
0.170984 -3.84191 40.4558 -1.84099 -3.35325 45.2041 -0.374559 -13 156 1 0 1
-6.74994 0.699044 40.4558 -16.7653 4.06494 57.0417 0.0621914 -13 157 1 0 1
-0.736101 3.08138 40.4558 -15.5398 3.02682 77.9238 1.45939 -13 158 1 0 1
-6.93045 4.15771 40.4558 -14.3331 4.95138 52.9736 -0.496873 -13 159 1 0 1
4.20972 -0.545122 40.4558 3.26834 -0.801066 63.6931 0.122455 -13 160 1 0 1
1.62287 1.66199 40.4558 -3.81005 -1.29956 69.991 1.694 -13 161 1 0 1
-9.30348 2.70067 40.4558 -13.7693 3.13893 37.692 -0.39699 -13 162 1 0 1
-4.60211 2.45606 40.4558 -16.9866 10.5033 66.8352 -1.57889 -13 163 1 0 1
3.64758 7.36945 40.4558 2.22982 10.7939 64.7868 0.178754 -13 164 1 0 1
-14.5936 0.642334 40.4558 -15.4916 -0.743674 25.1779 2.34536 -13 165 1 0 1
-11.3605 -1.1322 40.4558 -30.9989 -2.94392 63.0572 -0.10114 -13 166 1 0 1
2.47256 4.25974 40.4558 0.548667 8.84537 62.5193 0.715676 -13 167 1 0 1
-2.0545 2.77866 40.4558 -19.1242 9.44706 76.5492 1.2174 -13 168 1 0 1
1.2896 -2.19773 40.4558 -1.46574 -6.53605 57.5362 -0.162593 -13 169 1 0 1
-4.25542 -0.252648 40.4558 -15.1834 -2.2862 65.232 -0.550249 -13 170 1 0 1
5.56359 -7.91326 40.4558 4.90445 -6.61207 40.6912 0.860631 -13 171 1 0 1
-4.79423 3.04083 40.4558 -11.2924 2.67494 54.6388 -0.270597 -13 172 1 0 1
-4.03314 -0.693902 40.4558 -9.94921 -1.89705 56.2765 0.259461 -13 173 1 0 1
-2.97214 1.09673 40.4558 -11.5157 -3.74413 65.6495 0.35629 -13 174 1 0 1
-7.82409 -2.94935 40.4558 -12.9324 -7.42059 44.3991 -0.0474304 -13 176 1 0 1
2.85122 -3.98075 40.4558 1.92915 -6.72059 51.046 -0.268625 -13 177 1 0 1
-4.75389 -3.54352 40.4558 -10.194 -3.98308 50.1727 -0.470479 -13 178 1 0 1
-0.245342 -4.74096 40.4558 -7.50124 -14.6045 67.3124 -0.644812 -13 179 1 0 1
-1.72149 -3.31013 40.4558 -5.33544 -4.53926 51.228 1.65078 -13 180 1 0 1
-8.24697 -0.802929 40.4558 -11.9306 -0.912556 35.3998 -1.32601 -13 181 1 0 1
-9.11845 1.95774 40.4558 -11.7881 3.53827 33.6174 -0.746356 -13 182 1 0 1
-0.87246 4.74872 40.4558 -2.32667 10.6901 40.3082 0.13722 -13 183 1 0 1
-9.53103 0.663477 40.4558 -20.4771 -2.37947 51.9293 0.127368 -13 184 1 0 1
-6.89459 -0.550087 40.4558 -16.2597 -3.55818 56.6895 -0.673826 -13 185 1 0 1
-3.01776 2.59457 40.4558 -5.7743 4.78453 39.1843 -0.52673 -13 186 1 0 1
-0.5347 -0.815575 40.4558 -8.24654 4.74947 70.3932 1.24152 -13 188 1 0 1
-4.50135 -2.08441 40.4558 -23.4639 -6.16101 76.1274 0.289073 -13 189 1 0 1
-8.66166 2.86591 40.4558 -18.9593 6.02392 54.9381 2.0172 -13 191 1 0 1
-1.13478 -0.29609 40.4558 -16.4071 5.75732 78.5177 0.95252 -13 192 1 0 1
-3.08898 5.16894 40.4558 -13.269 14.7198 66.6446 -0.144457 -13 194 1 0 1
-3.39086 -1.41411 40.4558 -9.51592 -2.29308 58.0955 2.36461 -13 195 1 0 1
2.94864 1.04566 40.4558 -8.66589 -4.4467 80.1301 2.67762 -13 196 1 0 1
-3.01791 5.06154 40.4558 -10.4371 9.6887 62.9425 -0.822664 -13 197 1 0 1
1.37909 -0.355353 40.4558 -0.410183 -0.331753 49.2862 -0.499939 -13 198 1 0 1
-10.3752 10.1302 40.4558 -20.4637 13.0116 50.9687 -1.48758 -13 199 1 0 1
-0.731483 -1.79936 40.4558 -2.97601 -0.864643 50.6371 0.765126 -13 200 1 0 1
-7.44575 -2.2314 40.4558 -22.898 -7.44829 65.2841 0.425487 -13 201 1 0 1
-3.52476 11.3613 40.4558 -10.4442 18.2412 55.8751 -0.745252 -13 202 1 0 1
-2.83259 2.33573 40.4558 -9.67812 1.94966 60.5486 0.369787 -13 203 1 0 1
-4.35191 1.74927 40.4558 -9.56061 -1.39254 48.4213 1.52636 -13 205 1 0 1
-9.17924 1.46118 40.4558 -35.2881 1.71874 69.6619 0.314984 -13 206 1 0 1
-8.93427 -6.60548 40.4558 -18.4507 -11.6144 52.0695 -0.953703 -13 207 1 0 1
-9.21883 0.875959 40.4558 -25.7182 2.50307 63.7129 -0.178091 -13 208 1 0 1
3.22873 0.530331 40.4558 3.51925 2.67974 46.6272 -0.284524 -13 210 1 0 1
1.73177 6.23155 40.4558 0.173868 5.5299 41.1381 0.697029 -13 211 1 0 1
-3.52954 7.61848 40.4558 -16.9997 17.3469 69.8922 2.19673 -13 212 1 0 1
-8.70285 5.69272 40.4558 -19.3572 8.81654 55.1564 -1.21682 -13 213 1 0 1
-2.67274 3.43221 40.4558 -15.178 5.00905 73.5579 1.13744 -13 214 1 0 1
-3.51722 -1.37053 40.4558 -16.2875 -9.75794 69.4339 1.85112 -13 215 1 0 1
-0.63469 0.0515873 40.4558 -8.75113 0.56489 69.0229 1.25196 -13 216 1 0 1
5.22971 2.73131 40.4558 4.92755 7.53191 44.1201 -0.850103 -13 217 1 0 1
-4.47755 -0.129361 40.4558 -15.4076 -0.643875 64.9812 0.287888 -13 218 1 0 1
-2.50009 -1.98479 40.4558 -15.929 -4.65131 75.5325 0.16962 -13 219 1 0 1
-0.515576 1.24314 40.4558 -8.97143 -0.659613 71.2379 2.51325 -13 220 1 0 1
1.97731 -2.4045 40.4558 2.7648 -7.33731 54.5972 1.10004 -13 221 1 0 1
-3.30111 3.94424 40.4558 -15.1106 10.1199 70.0728 -0.650733 -13 222 1 0 1
-6.82579 1.15669 40.4558 -17.8587 5.72429 58.4554 1.16013 -13 223 1 0 1
-6.61502 -0.435344 40.4558 -16.7744 0.62056 59.1299 -0.309331 -13 224 1 0 1
-4.01227 4.09557 40.4558 -9.61383 8.4659 52.4174 -0.133382 -13 226 1 0 1
-3.76041 3.59316 40.4558 -11.7399 5.66771 61.2149 0.183939 -13 227 1 0 1
-1.12555 0.0622889 40.4558 -14.9195 -0.559411 76.4232 -1.7562 -13 228 1 0 1
-4.98667 1.57142 40.4558 -20.0133 -1.05568 68.8131 0.408701 -13 229 1 0 1
-1.93233 -5.24728 40.4558 -4.47767 -7.25664 43.9066 -0.193217 -13 230 1 0 1
4.58398 6.26365 40.4558 3.41497 17.8449 64.9786 1.39163 -13 231 1 0 1
3.58942 10.162 40.4558 3.28444 19.2969 57.7101 1.02673 -13 232 1 0 1
-8.83584 0.644367 40.4558 -23.2102 -0.101122 60.4054 -1.29861 -13 233 1 0 1
14.2066 21.1676 40.4558 18.4201 35.6048 55.0342 -0.400011 -13 234 1 0 1
-2.57145 0.229968 40.4558 -14.8567 -4.31586 71.5154 0.445116 -13 235 1 0 1
-8.45651 -1.46422 40.4558 -21.7836 -7.04282 60.0885 1.44769 -13 236 1 0 1
2.56132 -6.6493 40.4558 1.62674 -9.23187 54.0556 0.945337 -13 237 1 0 1
-3.25468 -0.488391 40.4558 -11.0219 -1.85815 60.856 0.25949 -13 238 1 0 1
-6.47319 -1.32493 40.4558 -21.7414 2.19614 66.6372 1.44733 -13 239 1 0 1
-3.52723 8.8304 40.4558 -6.90608 12.9225 42.5218 -0.174933 -13 240 1 0 1
-3.97795 0.792181 40.4558 -5.98756 0.901431 30.2598 0.971589 -13 241 1 0 1
-6.01799 1.28887 40.4558 -14.2967 -1.44325 55.9333 2.01184 -13 242 1 0 1
1.70772 -6.35558 40.4558 -2.31253 -10.4526 67.7732 0.0633135 -13 243 1 0 1
1.25964 0.242968 40.4558 -6.98608 0.429213 75.5712 0.844593 -13 244 1 0 1
1.2251 0.881764 40.4558 -5.00028 8.90039 70.7785 -0.517711 -13 245 1 0 1
-1.6038 1.4274 40.4558 -10.7565 8.83381 69.1322 -0.0176114 -13 246 1 0 1
-2.92834 -5.05995 40.4558 -9.85548 -6.60357 59.295 -0.135019 -13 247 1 0 1
-4.12875 -2.87325 40.4558 -14.8255 -5.55491 65.6303 0.861504 -13 248 1 0 1
4.96413 5.21632 40.4558 4.48251 4.31816 61.4089 -0.7494 -13 249 1 0 1
-1.3677 -5.24207 40.4558 -9.67594 -11.936 66.0381 -1.30641 -13 250 1 0 1
0.516348 11.0093 40.4558 -3.36156 14.4877 60.743 -0.823014 -13 251 1 0 1
0.958663 1.95137 40.4558 -1.76398 1.68641 63.2496 0.467786 -13 252 1 0 1
-2.72678 5.333 40.4558 -14.3944 15.8554 68.1746 -1.15825 -13 253 1 0 1
-2.87159 2.27403 40.4558 -7.44644 5.02885 52.1728 -0.286228 -13 254 1 0 1
-2.38662 -0.496675 40.4558 -16.336 3.30953 75.333 0.140215 -13 255 1 0 1
-7.54691 1.3422 40.4558 -14.8904 2.36564 49.1009 -0.720618 -13 256 1 0 1
-4.23935 -5.76552 40.4558 -7.72539 -10.3767 42.7591 -0.0352584 -13 257 1 0 1
-1.68254 0.491883 40.4558 -8.13135 -1.19845 62.2416 0.326353 -13 258 1 0 1
-1.47084 1.28312 40.4558 -4.54059 -0.719359 56.2333 -0.971007 -13 259 1 0 1
-3.4886 -0.58972 40.4558 -15.4184 -5.59365 70.1209 -0.101521 -13 260 1 0 1
-5.49849 2.43722 40.4558 -14.5479 4.06429 57.5922 -0.919592 -13 261 1 0 1
-2.89554 -2.4995 40.4558 -8.94035 -4.07206 61.7013 2.31118 -13 262 1 0 1
0.696085 -3.29299 40.4558 -3.06868 -6.3521 62.3503 -1.27435 -13 263 1 0 1
-4.31088 -2.02524 40.4558 -9.5921 -3.57196 49.0097 0.00797513 -13 264 1 0 1
2.85879 3.6801 40.4558 1.19108 9.78783 63.0975 0.907383 -13 265 1 0 1
0.672719 2.76699 40.4558 -5.17331 2.4576 70.0293 0.789075 -13 266 1 0 1
-3.47893 3.98735 40.4558 -11.8414 2.33927 61.969 -0.0883543 -13 267 1 0 1
-5.7634 0.103168 40.4558 -9.53749 2.27209 38.7423 -0.838837 -13 268 1 0 1
-3.88647 3.80571 40.4558 -20.5312 2.53609 75.2219 0.677392 -13 269 1 0 1
-4.98964 -0.0368101 40.4558 -14.3518 -4.8318 61.4416 1.4737 -13 270 1 0 1
3.17824 -1.10113 40.4558 -3.0144 -7.72529 77.1017 -0.631125 -13 271 1 0 1
-4.07333 -4.27125 40.4558 -12.2986 -9.90202 59.4539 1.8062 -13 272 1 0 1
-10.8521 3.07444 40.4558 -19.8587 3.70422 48.0047 3.05397 -13 273 1 0 1
-0.616916 0.63748 40.4558 -6.75514 5.43007 65.5206 -1.82425 -13 274 1 0 1
1.35146 -0.560509 40.4558 -1.53412 -4.22619 58.8068 -0.0811754 -13 275 1 0 1
-1.93839 -4.76695 40.4558 -5.73855 -10.2649 54.7321 1.40366 -13 277 1 0 1
-9.16965 0.694388 40.4558 -20.8325 1.25202 56.8046 1.78353 -13 278 1 0 1
-7.5738 -0.000358559 40.4558 -22.3981 -7.57154 64.1292 -2.25745 -13 279 1 0 1
-0.721143 2.46214 40.4558 -5.60582 2.58496 60.5877 0.454414 -13 280 1 0 1
-2.19596 -2.65284 40.4558 -11.3462 -2.53081 65.0329 -1.08518 -13 281 1 0 1
-5.54019 2.49576 40.4558 -10.4016 5.70449 44.9085 -0.588743 -13 282 1 0 1
-0.47177 -6.69673 40.4558 -2.94356 -10.6449 48.0746 -1.36738 -13 283 1 0 1
-1.66717 6.39189 40.4558 -5.54568 5.99854 54.8002 -0.13292 -13 284 1 0 1
-9.92949 2.60585 40.4558 -23.2398 7.40236 56.2418 -0.269444 -13 285 1 0 1
-6.53456 -6.44427 40.4558 -20.1307 -3.31671 65.6696 -1.24617 -13 286 1 0 1
-4.79972 1.5793 40.4558 -10.6578 -1.07329 49.9856 -1.37892 -13 287 1 0 1
-1.16203 12.9782 40.4558 -14.0605 35.2502 69.4544 -0.0697687 -13 288 1 0 1
-2.79071 4.99445 40.4558 -17.2221 12.6491 74.9585 0.658082 -13 289 1 0 1
5.70766 -0.610328 40.4558 5.69119 -2.316 44.671 0.405588 -13 290 1 0 1
-1.27003 -2.37836 40.4558 -13.4508 -8.5073 73.8325 0.644251 -13 291 1 0 1
-1.96862 1.52182 40.4558 -12.7317 5.72285 71.1103 -0.0705664 -13 292 1 0 1
-12.4442 2.74316 40.4558 -20.3001 8.56701 41.4191 2.31727 -13 293 1 0 1
6.19841 0.456952 40.4558 5.61144 9.10141 70.1236 1.79355 -13 294 1 0 1
-3.5045 -1.23439 40.4558 -12.4216 -3.69188 63.9285 0.286039 -13 295 1 0 1
-8.58808 1.85817 40.4558 -18.5953 2.90048 54.7974 -0.0546279 -13 296 1 0 1
0.871961 -1.26193 40.4558 -1.0477 -4.5404 53.6076 2.7596 -13 297 1 0 1
-1.39865 0.821923 40.4558 -8.93382 -2.31358 66.1293 -1.66337 -13 298 1 0 1
-4.33856 4.39506 40.4558 -12.3887 5.28978 60.9246 -0.564216 -13 301 1 0 1
-6.65503 1.54232 40.4558 -17.732 7.33567 59.9379 0.44402 -13 302 1 0 1
-3.15461 -1.09581 40.4558 -10.3051 2.74161 60.6519 0.212206 -13 303 1 0 1
-3.65944 3.85657 40.4558 -13.1437 11.7165 62.5349 0.735946 -13 304 1 0 1
-12.7048 4.1361 40.4558 -17.5641 5.72198 35.7576 1.47829 -13 305 1 0 1
-1.57533 0.736729 40.4558 -8.73778 -1.62629 65.3124 -0.845824 -13 306 1 0 1
-2.87838 -4.84787 40.4558 -13.3407 -17.7282 65.6557 -1.10136 -13 307 1 0 1
-2.73357 -6.49556 40.4558 -14.6831 -14.776 70.2956 0.275648 -13 308 1 0 1
-5.78032 1.31606 40.4558 -17.3454 2.78011 62.7357 -0.659464 -13 309 1 0 1
1.67616 -3.87272 40.4558 -4.79068 -8.37241 70.8713 -0.207766 -13 310 1 0 1
-2.08374 -4.15795 40.4558 -4.62462 0.846122 33.1215 -1.3557 -13 311 1 0 1
-7.00376 -0.0307936 40.4558 -22.783 1.91098 66.5228 0.0301077 -13 312 1 0 1
-6.86379 5.05687 40.4558 -22.9329 10.1106 67.4896 1.12532 -13 313 1 0 1
-0.167502 -4.01464 40.4558 -8.05737 -7.93584 67.4613 -0.407231 -13 314 1 0 1
-0.38561 -0.482699 40.4558 -4.63039 3.83082 61.1314 -1.27042 -13 315 1 0 1
-4.65768 -10.246 40.4558 -9.79147 -16.7145 47.2855 -1.0165 -13 316 1 0 1
-4.61363 -4.14639 40.4558 -14.0206 -9.79978 61.1236 0.944713 -13 317 1 0 1
-0.480187 0.375052 40.4558 -7.66521 3.75891 68.9387 -1.23792 -13 318 1 0 1
-2.43854 3.98959 40.4558 -13.187 14.262 67.2191 2.19475 -13 319 1 0 1
2.12453 0.203932 40.4558 -2.76658 0.635382 71.9708 0.763735 -13 320 1 0 1
0.311589 -0.0842558 40.4558 -2.828 -1.40865 56.2278 -1.47274 -13 321 1 0 1
-1.89069 0.799235 40.4558 -20.6214 4.1133 77.4123 2.02506 -13 322 1 0 1
2.3657 -3.95111 40.4558 -4.17083 -1.86314 75.4395 0.387737 -13 323 1 0 1
-1.69314 3.37992 40.4558 -8.55239 7.49959 64.6728 -0.505476 -13 324 1 0 1
-2.27886 -2.76491 40.4558 -13.1558 -7.85613 70.4666 0.152714 -13 325 1 0 1
-13.4346 8.50435 40.4558 -28.6555 13.521 51.0143 0.14993 -13 326 1 0 1
-12.2777 -8.67442 40.4558 -20.1085 -14.1705 40.7716 0.410896 -13 327 1 0 1
-6.61187 4.26364 40.4558 -15.8038 -0.281926 56.6275 -1.34539 -13 328 1 0 1
-2.1633 3.84495 40.4558 -10.6085 11.0096 66.7054 1.25593 -13 329 1 0 1
2.09929 -2.77503 40.4558 -5.22533 -2.59886 75.9337 -0.685569 -13 330 1 0 1
-6.64194 5.81159 40.4558 -22.4843 5.36122 67.6324 -1.40865 -13 331 1 0 1
-1.54357 2.00532 40.4558 -4.5378 5.02114 47.3997 4.23069 -13 333 1 0 1
-7.06967 -3.19784 40.4558 -18.7449 -5.57558 61.9958 0.490257 -13 334 1 0 1
-0.0481576 -3.74226 40.4558 -4.97562 -8.83299 65.4483 0.488868 -13 335 1 0 1
-3.35348 -1.13135 40.4558 -15.2978 -1.37535 67.0379 -0.510954 -13 336 1 0 1
10.8968 -9.0008 40.4558 16.4526 -16.6323 60.5793 -2.27569 -13 337 1 0 1
-3.39416 -3.30179 40.4558 -9.3682 -11.1574 51.9717 1.04067 -13 338 1 0 1
-4.33165 -4.75237 40.4558 -9.36342 -6.31576 47.7265 0.523863 -13 339 1 0 1
-3.80237 1.37083 40.4558 -14.5557 5.05586 67.1248 0.352568 -13 340 1 0 1
1.18218 0.352634 40.4558 -7.10157 -4.60376 76.99 0.0975757 -13 341 1 0 1
-2.54834 1.78531 40.4558 -14.7432 7.01066 71.4009 0.760662 -13 342 1 0 1
-2.93157 -0.917355 40.4558 -9.79167 -7.12309 60.4612 -0.220052 -13 343 1 0 1
-0.110447 -1.81248 40.4558 -2.39002 1.67252 49.1043 -0.169336 -13 344 1 0 1
-1.75689 -2.47873 40.4558 -9.6805 -2.77838 67.7072 -0.708077 -13 345 1 0 1
-9.98002 0.420155 40.4558 -24.7433 0.552644 59.4398 0.729959 -13 346 1 0 1
-4.59402 0.266928 40.4558 -15.4765 0.84285 65.3642 -0.696505 -13 347 1 0 1
-4.74703 0.945122 40.4558 -9.14748 7.75999 48.8742 -0.35169 -13 348 1 0 1
2.72159 1.72526 40.4558 1.52821 0.946329 56.534 0.983166 -13 349 1 0 1
-1.38073 -3.07431 40.4558 -7.95713 -5.33675 64.1993 0.911806 -13 350 1 0 1
-3.74873 3.66377 40.4558 -15.2836 5.77804 67.7941 -1.41064 -13 352 1 0 1
-4.08517 4.21587 40.4558 -13.0002 7.03959 63.2423 -0.094567 -13 353 1 0 1
-4.56247 5.73457 40.4558 -10.4324 6.33981 50.3983 0.543714 -13 354 1 0 1
-3.12922 3.32248 40.4558 -16.634 8.97375 71.4658 -0.340899 -13 355 1 0 1
-0.153337 2.96727 40.4558 -3.91822 9.716 58.6877 0.411114 -13 356 1 0 1
-4.81387 -0.580346 40.4558 -8.30598 1.0095 38.6877 0.17633 -13 357 1 0 1
2.37799 1.85148 40.4558 1.23512 6.82187 50.9941 0.735798 -13 358 1 0 1
-1.93348 -0.715911 40.4558 -7.48699 3.92391 61.0344 0.586273 -13 359 1 0 1
-4.55493 -2.57409 40.4558 -19.37 -5.53094 71.908 -0.479062 -13 360 1 0 1
0.507726 -0.297482 40.4558 -9.90604 2.95955 76.3071 -0.00157368 -13 361 1 0 1
-5.21743 1.08584 40.4558 -15.5956 -1.62537 63.0879 -2.65129 -13 362 1 0 1
-2.45413 0.888637 40.4558 -15.1565 5.41686 72.6354 -0.178817 -13 363 1 0 1
-1.49485 -2.31002 40.4558 -9.15492 -2.80454 63.3821 0.374087 -13 364 1 0 1
-6.10546 1.73253 40.4558 -11.7067 5.18451 47.0433 -1.76062 -13 365 1 0 1
0.943211 -0.70534 40.4558 0.153863 -1.70491 45.1443 2.37475 -13 366 1 0 1
-0.668257 0.581576 40.4558 -1.93513 -2.56299 40.4545 1.45155 -13 367 1 0 1
-4.61111 3.08196 40.4558 -13.8428 8.71267 62.0573 0.684042 -13 368 1 0 1
-2.70799 -1.65321 40.4558 -8.69198 0.404203 59.035 -0.96101 -13 369 1 0 1
-8.38829 0.125057 40.4558 -26.729 -0.863606 66.8143 0.994905 -13 370 1 0 1
-4.21425 -3.94193 40.4558 -13.2402 -6.50382 64.4116 2.52149 -13 371 1 0 1
-3.72207 -2.16295 40.4558 -8.09731 -9.12023 52.0674 0.953323 -13 372 1 0 1
-6.84112 -2.96704 40.4558 -18.5396 -7.80468 60.7497 0.833344 -13 373 1 0 1
-4.28222 -0.793676 40.4558 -20.1114 0.436599 73.4374 0.759305 -13 374 1 0 1
-6.96275 1.73746 40.4558 -28.0962 7.30009 73.2204 -1.26673 -13 375 1 0 1
-6.21256 -5.21491 40.4558 -20.0163 -11.3228 65.4881 0.607457 -13 376 1 0 1
3.99781 -1.83946 40.4558 -1.29912 -8.21797 78.058 1.31396 -13 377 1 0 1
-7.52884 -0.716329 40.4558 -9.91039 -4.47003 31.4073 2.41408 -13 378 1 0 1
-1.9328 -9.12927 40.4558 -10.541 -23.0343 63.424 0.782305 -13 379 1 0 1
-11.4304 -10.1079 40.4558 -14.5621 -13.6198 31.7553 -0.519199 -13 380 1 0 1
-0.167645 -2.18217 40.4558 -3.73891 0.94769 59.7204 1.29447 -13 381 1 0 1
1.49359 -4.33137 40.4558 -4.5653 -10.4799 71.8038 -0.203524 -13 382 1 0 1
-14.2056 1.62331 40.4558 -23.5229 1.41268 41.3548 1.50135 -13 383 1 0 1
2.19581 2.8304 40.4558 1.61099 1.92109 58.6221 -1.20763 -13 384 1 0 1
-3.1819 -0.338965 40.4558 -12.0239 -5.1833 65.6318 1.91301 -13 385 1 0 1
0.0881211 0.0909613 40.4558 -6.04822 -1.44201 68.8199 2.06677 -13 386 1 0 1
-4.71562 0.473446 40.4558 -18.2791 -1.11132 68.7494 0.26174 -13 387 1 0 1
-4.88248 -1.55299 40.4558 -10.1462 -1.64376 49.1766 -0.605415 -13 388 1 0 1
-9.10565 3.51131 40.4558 -20.3294 8.69314 53.5398 1.19734 -13 389 1 0 1
-5.26154 -0.165923 40.4558 -14.445 -1.98245 61.737 0.890665 -13 390 1 0 1
3.39962 1.37738 40.4558 3.74306 1.14035 52.147 -0.0915998 -13 391 1 0 1
-8.28457 1.02931 40.4558 -16.1185 -3.19895 49.468 0.368555 -13 392 1 0 1
-2.70293 5.50877 40.4558 -9.44061 7.9818 59.2343 -0.66164 -13 394 1 0 1
-2.7082 4.79645 40.4558 -15.114 16.015 71.9831 -1.51841 -13 395 1 0 1
3.63164 2.07647 40.4558 2.35603 0.0340764 63.0237 -0.00859623 -13 396 1 0 1
0.120847 -7.46255 40.4558 -3.31495 -12.4576 58.5879 1.41282 -13 397 1 0 1
0.833698 1.60721 40.4558 -3.68888 1.85701 65.9915 1.00412 -13 398 1 0 1
-2.67024 -6.67286 40.4558 -14.0193 -12.0063 68.533 2.18619 -13 399 1 0 1
-1.56816 -2.16469 40.4558 -7.7624 3.52725 63.2253 0.116631 -13 400 1 0 1
1.38747 -0.134034 40.4558 -4.90083 1.02763 71.4609 -0.0882605 -13 401 1 0 1
-0.0534501 3.14703 40.4558 -2.12848 4.87101 58.1671 -0.150439 -13 402 1 0 1
-2.59426 -9.63728 40.4558 -11.7625 -26.0515 65.2253 0.375502 -13 403 1 0 1
0.511038 -5.05734 40.4558 -3.98047 -15.0301 64.2616 1.3589 -13 404 1 0 1
-4.48467 -1.1287 40.4558 -12.9091 -6.95698 57.8668 -0.429486 -13 406 1 0 1
-4.61165 -2.35288 40.4558 -14.4839 -2.0551 63.3105 1.42957 -13 407 1 0 1
2.76237 3.77062 40.4558 2.16859 7.83624 57.2176 1.95373 -13 408 1 0 1
1.18053 -0.690484 40.4558 -2.07523 -1.49534 63.968 0.46476 -13 409 1 0 1
-3.07475 -2.07019 40.4558 -16.8999 -4.89813 73.8888 -2.43506 -13 410 1 0 1
-6.29941 3.80141 40.4558 -8.47252 0.243613 36.9239 0.744368 -13 411 1 0 1
-5.11717 -6.68671 40.4558 -16.1053 -14.1156 61.3242 1.41408 -13 412 1 0 1
-3.27168 3.53187 40.4558 -19.0404 6.04716 75.7186 0.226359 -13 413 1 0 1
-10.05 -1.64825 40.4558 -20.8294 -1.24108 53.3941 1.15043 -13 414 1 0 1
-1.83485 4.35392 40.4558 -6.98979 9.52473 55.3036 0.496894 -13 415 1 0 1
-9.97655 -8.98781 40.4558 -12.1663 -6.44716 26.2203 0.15233 -13 417 1 0 1
-2.39511 2.76478 40.4558 -12.0503 2.81148 68.1137 1.61409 -13 418 1 0 1
2.71367 -0.293547 40.4558 0.86028 -0.0579774 64.1098 0.653325 -13 419 1 0 1
-1.61102 -2.48589 40.4558 -12.0346 -9.81 71.73 -0.299708 -13 421 1 0 1
-5.00028 6.59684 40.4558 -16.3119 14.5828 62.4729 0.540302 -13 422 1 0 1
-13.0599 -10.3435 40.4558 -18.8914 -9.45706 36.0608 -0.0209739 -13 423 1 0 1
0.352215 10.9907 40.4558 -0.566487 11.8107 45.0292 0.799883 -13 424 1 0 1
-0.810398 -0.541986 40.4558 -5.54465 0.686729 63.6784 0.0809743 -13 425 1 0 1
-2.26815 -0.271243 40.4558 -15.0601 3.9113 71.7345 -1.28287 -13 426 1 0 1
1.77976 -4.79325 40.4558 -1.74879 -6.06872 63.3132 -0.388346 -13 427 1 0 1
-5.11587 3.44061 40.4558 -15.9705 11.5516 62.3582 0.528928 -13 428 1 0 1
1.35168 -5.75243 40.4558 -0.195941 -12.8267 56.4036 0.0378449 -13 429 1 0 1
-7.60999 5.71739 40.4558 -24.3489 13.6651 65.443 -1.56116 -13 430 1 0 1
-0.628306 -2.02617 40.4558 -11.7589 -5.92837 74.3802 2.0279 -13 431 1 0 1
-0.515324 1.16894 40.4558 -7.06968 5.81808 67.0079 2.08202 -13 432 1 0 1
-3.01547 -2.14472 40.4558 -14.0767 -10.4358 67.3668 1.51576 -13 433 1 0 1
-1.61338 1.61552 40.4558 -6.55552 8.2824 58.2882 0.25731 -13 434 1 0 1
5.92508 1.99861 40.4558 6.33446 1.96233 59.1485 1.19921 -13 435 1 0 1
-0.569021 -0.796807 40.4558 -7.3871 -0.504282 66.6329 -2.18189 -13 437 1 0 1
-5.85821 -0.0834896 40.4558 -11.7999 0.479109 52.3006 2.09572 -13 438 1 0 1
0.410481 -3.07683 40.4558 -4.10891 -3.51318 62.9139 -0.995608 -13 439 1 0 1
-0.824236 3.93504 40.4558 -5.6875 8.99076 59.4193 0.35165 -13 440 1 0 1
-6.19702 -2.0712 40.4558 -21.2241 -5.0879 66.9468 1.49565 -13 441 1 0 1
-3.87837 -3.29961 40.4558 -12.7941 -1.42054 63.4685 -0.00827882 -13 442 1 0 1
-2.99266 0.0889413 40.4558 -7.80623 5.65238 54.8074 1.17528 -13 443 1 0 1
3.94026 -0.288415 40.4558 1.45337 1.31072 70.1198 1.09973 -13 444 1 0 1
1.2576 1.20957 40.4558 -4.0855 -3.22882 68.5136 0.190529 -13 445 1 0 1
-4.81173 -4.44797 40.4558 -16.5395 -4.86759 66.3744 -1.42956 -13 446 1 0 1
0.873536 0.848101 40.4558 -1.39577 2.47872 56.6414 -0.312041 -13 447 1 0 1
-2.6814 0.722491 40.4558 -12.62 4.66826 68.9162 -1.88081 -13 448 1 0 1
-3.27175 1.98165 40.4558 -7.82377 1.51636 50.8299 -0.0541936 -13 449 1 0 1
1.66506 2.47303 40.4558 -8.87749 1.74967 80.7112 0.194132 -13 451 1 0 1
-1.27077 -1.49167 40.4558 -7.53729 -4.78109 66.7742 1.21448 -13 452 1 0 1
-1.17492 -3.65136 40.4558 -4.44864 -6.11081 58.6168 -0.20797 -13 453 1 0 1
-5.48587 -2.18838 40.4558 -10.2754 -4.19997 49.7149 1.4858 -13 454 1 0 1
-0.236145 -1.68679 40.4558 -2.75764 -6.5341 54.3901 0.321948 -13 455 1 0 1
0.673643 3.74686 40.4558 -3.94782 9.45077 64.0248 -0.513065 -13 456 1 0 1
0.835861 2.42069 40.4558 -0.500789 8.26025 56.2217 0.927733 -13 457 1 0 1
-0.627361 -10.3599 40.4558 -4.78572 -16.7008 52.2622 -0.96459 -13 458 1 0 1
2.07792 5.27371 40.4558 -3.43154 8.11344 74.0981 1.79739 -13 459 1 0 1
-4.91174 -1.35722 40.4558 -15.9511 -0.0147054 62.8667 -0.0323936 -13 460 1 0 1
-6.85044 3.50984 40.4558 -18.581 10.0363 61.112 0.480392 -13 461 1 0 1
-1.52577 2.51264 40.4558 -7.49039 6.12416 63.1015 -0.163003 -13 462 1 0 1
0.175638 -2.04773 40.4558 -6.12916 -3.83739 68.2761 1.59756 -13 463 1 0 1
-0.81496 9.49422 40.4558 -6.15424 19.3523 58.65 -0.0166969 -13 464 1 0 1
-6.45503 9.21137 40.4558 -9.37193 10.4389 32.7884 -0.633767 -13 465 1 0 1
-1.33653 3.8731 40.4558 -5.94976 8.54013 55.2777 0.469157 -13 466 1 0 1
1.56832 -1.95549 40.4558 1.44605 -0.48612 34.9024 0.0546934 -13 467 1 0 1
-2.58502 0.203049 40.4558 -6.83936 -4.8986 55.0203 -0.698773 -13 468 1 0 1
-5.60837 9.11211 40.4558 -10.8497 14.1259 46.2821 0.61267 -13 469 1 0 1
-0.827143 -4.36425 40.4558 -7.04523 -6.24112 63.6078 -0.330926 -13 470 1 0 1
-7.13022 7.88321 40.4558 -13.0835 10.9704 44.3718 1.36141 -13 471 1 0 1
-2.4384 -7.01192 40.4558 -5.20673 -9.39414 40.6285 1.36539 -13 472 1 0 1
-5.03725 -1.04653 40.4558 -10.9818 -2.4282 52.802 -0.468217 -13 473 1 0 1
0.680584 -3.71962 40.4558 -2.13964 -7.53999 61.3312 -0.483266 -13 474 1 0 1
-0.512404 2.50905 40.4558 -8.36324 8.36089 69.9477 1.70613 -13 475 1 0 1
-8.79704 5.29291 40.4558 -20.5227 11.4861 55.9789 0.146977 -13 476 1 0 1
-1.93824 7.43074 40.4558 -8.41336 12.3343 65.0534 -1.14652 -13 477 1 0 1
-4.20765 -2.93383 40.4558 -13.0724 -4.37127 59.4413 -1.64019 -13 478 1 0 1
-2.36095 0.423364 40.4558 -6.17934 -1.43156 46.5204 -0.457275 -13 479 1 0 1
-0.95163 2.13687 40.4558 -4.71524 5.95618 53.9854 0.46311 -13 480 1 0 1
4.6691 1.77062 40.4558 4.53583 2.04673 29.6689 0.836758 -13 481 1 0 1
-5.30966 -2.23849 40.4558 -9.26021 -6.70474 42.9296 0.570677 -13 482 1 0 1
-7.13084 5.1038 40.4558 -21.4754 9.14881 64.3334 0.941465 -13 483 1 0 1
-6.70541 0.683275 40.4558 -20.4124 -0.702982 63.6616 -1.11326 -13 484 1 0 1
-9.90841 -4.83666 40.4558 -20.5203 -10.8993 51.8002 2.02175 -13 485 1 0 1
-3.45223 -4.70042 40.4558 -10.0295 -12.5692 55.7969 2.90801 -13 486 1 0 1
1.67692 2.14583 40.4558 -3.51522 1.64001 68.9254 0.287011 -13 487 1 0 1
-10.5833 0.0130692 40.4558 -23.406 0.20539 55.359 -0.725029 -13 488 1 0 1
-5.32358 -1.21189 40.4558 -8.54229 3.83965 37.3128 1.54638 -13 489 1 0 1
-2.51922 -4.02951 40.4558 -9.46016 -12.1402 61.6917 -1.65568 -13 490 1 0 1
-1.72956 3.79391 40.4558 -10.5959 3.3563 68.77 1.01694 -13 491 1 0 1
-1.90152 1.1331 40.4558 -7.97306 6.66075 60.0914 1.34155 -13 492 1 0 1
-5.0788 -1.94308 40.4558 -11.904 -4.71789 57.1153 1.18851 -13 493 1 0 1
-4.25148 -0.285731 40.4558 -5.82883 -2.54924 29.9258 0.347175 -13 494 1 0 1
-1.8131 6.82955 40.4558 -3.42437 4.23851 41.9784 -2.51252 -13 495 1 0 1
-4.25316 -5.30447 40.4558 -7.74027 -6.76006 40.7178 0.47411 -13 496 1 0 1
-3.75124 -0.448496 40.4558 -13.256 -0.171261 62.5082 0.433351 -13 497 1 0 1
-7.49273 2.96233 40.4558 -22.2539 7.05371 63.8058 -0.258708 -13 498 1 0 1
-3.99426 8.71383 40.4558 -8.99307 11.2452 48.1555 -0.648484 -13 499 1 0 1
4.89287 0.644605 40.4558 5.5522 -2.31596 51.7192 -0.965741 -13 500 1 0 1
0.707952 4.2242 40.4558 -10.2141 7.58373 77.4838 -0.138902 -13 501 1 0 1
-6.98746 4.91912 40.4558 -20.3133 6.65434 62.745 -1.00399 -13 502 1 0 1
-6.9789 -14.6849 40.4558 -19.9079 -24.0467 60.1149 -1.44601 -13 503 1 0 1
-5.11734 -0.444986 40.4558 -16.5194 0.930062 63.0692 0.456032 -13 504 1 0 1
4.09138 0.968133 40.4558 4.86757 1.77261 56.81 -0.971911 -13 505 1 0 1
-3.87341 -0.0419162 40.4558 -21.6038 -2.5588 75.9096 1.4241 -13 506 1 0 1
-0.0427048 6.08281 40.4558 -3.01757 10.2851 48.1665 0.624883 -13 507 1 0 1
0.427049 -5.67068 40.4558 -3.03624 -9.05022 62.543 1.12641 -13 508 1 0 1
1.74435 -2.39179 40.4558 -4.5041 -4.61865 72.3777 0.163247 -13 509 1 0 1
-8.7146 1.50316 40.4558 -19.9508 1.46353 56.3254 1.31445 -13 510 1 0 1
-9.2246 -0.744387 40.4558 -27.089 1.2069 65.459 2.21008 -13 511 1 0 1
-7.66468 -0.477052 40.4558 -17.3492 -0.33899 53.3521 -0.243347 -13 512 1 0 1
-2.50267 0.120938 40.4558 -6.64345 2.68967 50.2332 1.27884 -13 513 1 0 1
-3.55444 -1.54759 40.4558 -9.45244 -2.60617 53.8525 -3.32708 -13 514 1 0 1
-7.5809 -0.526919 40.4558 -21.6741 -0.19308 62.0295 -1.29795 -13 515 1 0 1
-4.03312 -1.39919 40.4558 -10.3742 2.30485 55.0374 -1.79497 -13 516 1 0 1
-1.67383 0.980837 40.4558 -11.4996 -1.58808 70.6712 -0.986531 -13 517 1 0 1
-1.82731 0.0819651 40.4558 -8.12699 2.16174 64.0424 0.952981 -13 518 1 0 1
-5.48378 1.4557 40.4558 -25.0684 1.59557 74.1031 0.0598509 -13 519 1 0 1
-2.62036 -0.905697 40.4558 -7.86234 -5.50915 59.1735 2.66239 -13 520 1 0 1
-4.3894 -5.91325 40.4558 -15.982 -11.0819 66.9962 -1.33904 -13 521 1 0 1
-0.0462827 2.35292 40.4558 -13.1384 5.17357 79.4887 1.03666 -13 522 1 0 1
-4.85809 3.34477 40.4558 -17.0077 4.33984 67.25 0.998448 -13 523 1 0 1
-2.79226 -5.01888 40.4558 -9.16255 -2.40144 60.4972 0.859198 -13 524 1 0 1
-4.11998 5.14662 40.4558 -6.36089 5.13385 36.6735 0.839991 -13 525 1 0 1
-6.06311 -2.31472 40.4558 -21.8521 -0.154798 68.1591 0.173194 -13 526 1 0 1
-5.57928 6.86369 40.4558 -13.5625 13.1311 54.8014 1.16893 -13 527 1 0 1
-4.71785 2.46482 40.4558 -10.5942 3.66568 53.8026 2.81978 -13 528 1 0 1
4.23125 -2.81573 40.4558 2.00968 -12.3345 70.6544 0.920298 -13 529 1 0 1
-3.40387 0.79437 40.4558 -12.6802 1.42851 65.5223 -0.479946 -13 530 1 0 1
-0.996155 0.865334 40.4558 -4.46663 3.12979 58.9798 1.12058 -13 531 1 0 1
-11.2434 2.14938 40.4558 -20.8844 6.41697 47.8471 1.80081 -13 532 1 0 1
0.709674 -0.625743 40.4558 -5.26109 0.247784 69.6759 1.09161 -13 534 1 0 1
-2.29813 4.06382 40.4558 -12.1195 16.0795 66.0294 -2.702 -13 535 1 0 1
-0.569137 -2.19523 40.4558 -4.06977 -0.333912 54.4074 -0.779132 -13 536 1 0 1
1.1794 5.44845 40.4558 -0.655434 9.26667 63.137 0.231551 -13 538 1 0 1
3.74312 -2.30266 40.4558 -1.67624 -4.08355 76.8051 1.49847 -13 540 1 0 1
-3.53719 2.30048 40.4558 -15.5863 8.22275 68.4549 1.07231 -13 541 1 0 1
0.119499 -0.127774 40.4558 -5.79297 2.11637 67.3014 0.132879 -13 542 1 0 1
1.61538 -1.50951 40.4558 -1.55266 -7.54189 66.561 -0.396827 -13 543 1 0 1
-0.262057 -0.964113 40.4558 -4.8192 -3.1696 62.6157 0.550254 -13 544 1 0 1
-5.5623 -9.93685 40.4558 -19.2687 -24.0993 64.7555 1.27461 -13 545 1 0 1
-5.84982 -7.70689 40.4558 -10.9145 -9.48925 40.7044 0.644182 -13 546 1 0 1
-11.1449 7.62594 40.4558 -20.1819 13.4567 43.4947 -0.543401 -13 547 1 0 1
-1.33582 0.900921 40.4558 -6.99745 6.43725 60.5808 2.39011 -13 548 1 0 1
-0.814516 -2.44468 40.4558 -4.55806 -0.713683 57.1899 2.69357 -13 549 1 0 1
-7.66951 6.01886 40.4558 -22.3839 15.0199 62.9139 -2.36704 -13 550 1 0 1
-2.47109 -7.17802 40.4558 -4.67684 -4.02246 31.8441 1.42509 -13 551 1 0 1
-8.56278 -0.836494 40.4558 -18.8908 -3.53304 54.4832 0.363806 -13 553 1 0 1
-7.75369 -0.59503 40.4558 -20.9625 -3.27977 60.6249 -0.880634 -13 554 1 0 1
2.03218 2.69065 40.4558 -5.00019 6.56568 73.4388 1.35746 -13 555 1 0 1
-4.90728 3.97282 40.4558 -12.4048 6.40709 54.4929 0.624714 -13 556 1 0 1
0.363965 -0.215906 40.4558 -3.302 -1.72018 61.0761 2.55438 -13 557 1 0 1
-5.10753 -0.421417 40.4558 -14.0774 -3.4647 59.3795 -2.47945 -13 558 1 0 1
-15.3852 1.48602 40.4558 -9.05591 12.6656 12.6194 -1.22473 -13 560 1 0 1
-8.70183 3.43208 40.4558 -25.3078 4.03643 63.6168 1.2274 -13 562 1 0 1
0.459092 -0.899681 40.4558 -6.71508 -5.59608 69.7916 -0.221863 -13 564 1 0 1
-9.20963 4.11565 40.4558 -18.7242 9.74225 50.5472 1.40529 -13 565 1 0 1
-7.6188 -1.08517 40.4558 -25.6707 -3.74004 67.8505 0.862239 -13 566 1 0 1
-1.7753 -4.81225 40.4558 -6.02184 -6.70443 55.5124 0.320109 -13 567 1 0 1
-3.64997 3.37826 40.4558 -14.9547 9.66652 68.7256 0.294764 -13 568 1 0 1
-2.7682 -2.51458 40.4558 -9.96176 -5.92892 60.1673 1.91663 -13 569 1 0 1
-3.37429 -4.68311 40.4558 -7.0425 -5.03925 49.3863 -2.27034 -13 570 1 0 1
-1.26845 -1.55726 40.4558 -12.2522 -7.44101 74.0149 -0.033584 -13 572 1 0 1
-5.5248 -0.126291 40.4558 -17.4389 -5.59027 65.4682 2.06132 -13 573 1 0 1
-7.15691 8.97309 40.4558 -16.8103 19.2829 53.3634 -0.828989 -13 574 1 0 1
-2.29531 -1.72874 40.4558 -11.9505 -3.94257 68.0132 0.297526 -13 575 1 0 1
-2.42757 3.12694 40.4558 -11.3663 0.501201 67.2872 -0.779425 -13 576 1 0 1
-1.28775 -4.95695 40.4558 -8.46088 -4.23379 64.6137 -1.85725 -13 577 1 0 1
-5.0385 5.38976 40.4558 -19.2523 13.167 68.745 2.05832 -13 578 1 0 1
1.14321 -6.73865 40.4558 -1.28617 -13.8276 60.9794 -0.12727 -13 579 1 0 1
-10.1411 2.28311 40.4558 -25.8936 8.16699 59.3792 1.60443 -13 580 1 0 1
1.79243 3.48007 40.4558 -0.459951 4.21622 61.999 0.191168 -13 581 1 0 1
1.91119 -0.413557 40.4558 0.692937 2.3801 48.4825 0.127497 -13 582 1 0 1
1.2822 -0.327002 40.4558 -4.41071 -2.75534 70.6349 -0.329014 -13 583 1 0 1
0.451446 0.171672 40.4558 -4.75453 -3.5764 63.6334 -0.640467 -13 584 1 0 1
-1.51563 -1.80287 40.4558 -9.47729 -7.24642 64.5192 -1.93574 -13 585 1 0 1
-2.958 -3.38779 40.4558 -14.475 -10.0295 68.9174 2.29808 -13 586 1 0 1
-5.64016 4.58042 40.4558 -21.7289 14.9151 69.3204 0.4807 -13 587 1 0 1
1.01053 -0.873283 40.4558 -3.38143 1.34866 66.3503 -2.00704 -13 588 1 0 1
-2.83559 1.51937 40.4558 -13.2243 1.43266 68.224 -1.12878 -13 589 1 0 1
-6.12359 -4.50994 40.4558 -22.2828 -14.7222 69.457 -0.745368 -13 590 1 0 1
-4.60568 -1.17953 40.4558 -21.9648 0.619266 74.4366 2.6985 -13 591 1 0 1
-2.70677 0.710901 40.4558 -12.3849 -0.191842 69.8401 -2.49737 -13 592 1 0 1
-1.23022 4.66776 40.4558 -6.36019 3.7955 63.2012 2.0634 -13 593 1 0 1
-7.67287 1.22758 40.4558 -20.6658 -0.233235 59.1372 0.370288 -13 594 1 0 1
-1.21284 -3.30658 40.4558 -7.40886 -3.51589 62.742 0.707854 -13 595 1 0 1
-6.7748 -0.710299 40.4558 -29.4175 -2.48235 74.1848 0.0460674 -13 597 1 0 1
0.0899473 -3.7136 40.4558 -13.2923 -11.2851 79.6319 -1.59988 -13 598 1 0 1
-7.83105 -2.79027 40.4558 -12.4603 -4.37262 41.8717 -1.40332 -13 599 1 0 1
-5.14046 -4.69798 40.4558 -10.1774 -7.73065 48.2282 0.707134 -13 600 1 0 1
-0.953959 -0.381575 40.4558 -6.09021 -1.42823 58.6402 1.32077 -13 601 1 0 1
-2.11767 -2.70148 40.4558 -8.39388 -4.74403 62.6754 0.769619 -13 602 1 0 1
-9.90454 -1.26286 40.4558 -26.3802 -1.87682 61.664 -1.12178 -13 603 1 0 1
0.15477 1.97636 40.4558 -0.290208 1.08049 47.129 0.316026 -13 604 1 0 1
-5.16771 -11.6566 40.4558 -12.9646 -19.0778 55.0626 0.211594 -13 605 1 0 1
1.49524 -0.976948 40.4558 -3.42228 -2.11338 66.3351 2.76001 -13 606 1 0 1
2.84577 3.89426 40.4558 -4.19703 14.9428 75.4641 -0.62051 -13 607 1 0 1
-7.9384 -0.633239 40.4558 -25.8867 5.18593 67.7487 0.298849 -13 609 1 0 1
-3.96013 1.49432 40.4558 -13.9756 11.1715 64.667 -1.52396 -13 610 1 0 1
-4.35355 1.47908 40.4558 -9.6555 -1.01822 52.215 1.07703 -13 611 1 0 1
1.86444 -0.451774 40.4558 -0.473962 2.57821 56.7065 -2.08023 -13 612 1 0 1
0.44041 -5.66506 40.4558 -1.49791 -6.66276 37.2271 1.55635 -13 613 1 0 1
-3.89305 -1.6766 40.4558 -11.9712 -6.89711 62.058 -0.146678 -13 614 1 0 1
-6.15405 1.05888 40.4558 -21.5042 -3.10745 69.9397 0.96817 -13 615 1 0 1
0.679515 1.23344 40.4558 -9.0738 5.9748 76.9322 -0.0677732 -13 616 1 0 1
-4.78382 -4.12531 40.4558 -14.6915 -6.06837 61.0145 -0.531458 -13 617 1 0 1
-4.32148 10.6882 40.4558 -11.5343 20.8476 53.6068 -0.851227 -13 618 1 0 1
1.28475 5.36236 40.4558 -0.522949 11.1822 50.3491 0.896461 -13 619 1 0 1
-2.92643 1.65741 40.4558 -18.2635 3.38473 75.6123 -2.05835 -13 620 1 0 1
-2.37099 -5.50698 40.4558 -7.97302 -5.5177 58.4699 0.849843 -13 621 1 0 1
-0.94398 -14.2673 40.4558 -4.62381 -20.356 53.2345 0.543621 -13 622 1 0 1
-2.89424 -3.8795 40.4558 -8.76255 -3.53495 59.3556 -0.12637 -13 623 1 0 1
-4.11286 -1.49812 40.4558 -12.4654 -5.17359 61.796 -0.127668 -13 624 1 0 1
-7.84735 7.36771 40.4558 -16.8517 8.71901 52.1324 -0.658088 -13 625 1 0 1
1.6261 0.363117 40.4558 -4.1182 -2.35534 70.3091 2.61382 -13 626 1 0 1
-6.73694 2.09645 40.4558 -25.7305 12.2305 71.4283 0.740218 -13 627 1 0 1
-2.56852 -7.90651 40.4558 -12.6275 -15.8387 68.6747 0.310643 -13 628 1 0 1
-5.08825 6.49533 40.4558 -14.5686 15.5434 61.8882 0.366284 -13 629 1 0 1
-8.53392 2.32729 40.4558 -21.3141 7.0413 58.2918 0.841474 -13 630 1 0 1
-6.68616 -1.10701 40.4558 -14.6987 -1.06285 55.3389 -0.471114 -13 631 1 0 1
-2.10063 -3.88174 40.4558 -10.163 -7.60924 65.7106 -1.34021 -13 632 1 0 1
1.98115 2.45077 40.4558 1.11219 3.06062 55.6929 -0.63231 -13 633 1 0 1
-10.6259 11.6119 40.4558 -22.4631 20.8325 51.3656 0.0775107 -13 634 1 0 1
3.6959 -1.08414 40.4558 3.92969 0.0748341 52.0557 0.383393 -13 635 1 0 1
-6.42387 2.1164 40.4558 -22.5955 9.58527 68.4877 -1.93775 -13 636 1 0 1
1.00967 0.0572032 40.4558 -6.20218 -2.11165 71.7071 0.255435 -13 637 1 0 1
0.726148 -3.82016 40.4558 -4.13963 -7.80034 65.5169 -1.79114 -13 639 1 0 1
-2.25102 4.16002 40.4558 -5.15571 5.1565 36.9119 -1.92774 -13 640 1 0 1
0.0309985 -5.99168 40.4558 -4.56041 -13.3695 60.5044 -1.14109 -13 641 1 0 1
-1.56217 -4.99846 40.4558 -5.06366 -6.51964 56.5065 0.144419 -13 642 1 0 1
-1.37391 -7.70361 40.4558 -10.2733 -17.5326 67.8853 -0.211864 -13 643 1 0 1
-6.41589 -3.31842 40.4558 -12.5901 -6.52427 47.0369 2.44303 -13 644 1 0 1
1.78238 -6.18539 40.4558 0.601546 -9.83073 56.1549 1.18478 -13 645 1 0 1
-6.0078 1.17201 40.4558 -22.197 1.85539 68.4957 1.51414 -13 646 1 0 1
-8.08517 -1.16686 40.4558 -30.5362 -0.189701 71.7507 -1.33545 -13 647 1 0 1
0.447583 1.24588 40.4558 -4.55428 4.10076 67.7407 0.0418013 -13 649 1 0 1
-2.48533 -3.24149 40.4558 -14.7696 -4.52362 71.9201 1.10743 -13 650 1 0 1
-1.34679 1.09196 40.4558 -9.50952 1.5502 66.9821 0.642281 -13 651 1 0 1
-4.96193 -1.38046 40.4558 -16.0132 -4.27028 62.9661 1.15197 -13 652 1 0 1
-1.57951 -2.94848 40.4558 -10.1345 -3.52282 67.1203 0.769989 -13 653 1 0 1
-1.29836 -2.60469 40.4558 -1.34973 -3.04425 38.8611 -0.214469 -13 654 1 0 1
-12.7675 -9.68708 40.4558 -12.878 -9.36655 21.1317 0.510262 -13 655 1 0 1
-7.84888 3.88638 40.4558 -21.1215 11.2189 59.5462 0.0400957 -13 656 1 0 1
0.659691 -5.1392 40.4558 -2.57087 -5.90462 60.4866 0.753235 -13 657 1 0 1
-3.70116 -5.88513 40.4558 -15.2021 -8.14768 66.4531 2.36288 -13 659 1 0 1
-2.15679 0.619333 40.4558 -10.3176 2.38126 64.6012 -1.36768 -13 660 1 0 1
-3.85909 -0.488901 40.4558 -19.7956 -7.24592 72.4862 1.76332 -13 661 1 0 1
-7.67651 -1.63654 40.4558 -17.2624 -3.10245 53.903 -0.119663 -13 662 1 0 1
-0.566169 1.30362 40.4558 -4.10192 4.63678 56.7639 0.583761 -13 663 1 0 1
-1.42384 -3.18782 40.4558 -11.4786 -5.78776 69.6554 1.86333 -13 664 1 0 1
-3.02044 -1.14987 40.4558 -17.2457 -4.98927 74.3777 0.429361 -13 665 1 0 1
-9.34559 -1.29492 40.4558 -21.5153 -0.330253 56.7116 1.12203 -13 666 1 0 1
-3.10938 -0.940068 40.4558 -10.0161 -0.889271 58.6273 -2.01638 -13 667 1 0 1
-9.10057 -3.22587 40.4558 -11.6138 -4.22875 27.8179 0.977609 -13 668 1 0 1
-2.21903 -6.85176 40.4558 -9.64676 -14.3744 65.4514 1.5145 -13 669 1 0 1
0.291808 -4.37624 40.4558 -7.19564 -8.74849 71.6747 0.154212 -13 670 1 0 1
-2.27926 -10.8375 40.4558 -8.64495 -20.2704 57.9939 0.626284 -13 671 1 0 1
1.51776 5.1273 40.4558 -1.72039 8.39561 55.7667 1.70042 -13 672 1 0 1
0.350849 6.5386 40.4558 -2.76111 10.3575 60.2831 0.469608 -13 673 1 0 1
3.50157 2.57835 40.4558 1.07176 5.40847 62.063 0.987595 -13 674 1 0 1
-4.77512 -6.06911 40.4558 -13.5395 -13.8025 59.6987 3.3107 -13 675 1 0 1
2.2762 1.91365 40.4558 0.966226 5.47566 48.8754 -0.019599 -13 676 1 0 1
3.14625 -2.10219 40.4558 -0.408021 -6.24274 66.5896 1.1353 -13 677 1 0 1
-1.49697 1.58173 40.4558 -10.8141 11.818 70.0419 1.67774 -13 678 1 0 1
-7.44431 7.11679 40.4558 -21.4177 15.6128 62.1635 0.151069 -13 679 1 0 1
-6.37012 1.94126 40.4558 -13.6806 1.1672 53.6195 -0.740883 -13 680 1 0 1
-2.23146 -0.840731 40.4558 -12.9199 -9.90868 70.9469 -3.10263 -13 681 1 0 1
-6.25948 -3.08909 40.4558 -8.16091 -7.98582 28.7092 0.242125 -13 682 1 0 1
5.11418 -0.70408 40.4558 4.65257 4.59051 61.4734 2.18093 -13 683 1 0 1
-4.31071 -3.49402 40.4558 -12.4873 -5.92472 59.661 -0.068164 -13 684 1 0 1
8.55943 -2.66084 40.4558 11.0653 -9.86753 68.7936 -1.53609 -13 685 1 0 1
0.0345676 5.06867 40.4558 -6.54087 11.857 68.2656 0.552579 -13 686 1 0 1
-7.2598 2.99671 40.4558 -13.8297 7.21019 46.3835 1.85314 -13 687 1 0 1
-3.93736 -1.49947 40.4558 -13.513 -6.32224 63.0333 0.116258 -13 688 1 0 1
1.00365 -5.61383 40.4558 -1.49416 -13.5644 59.1378 1.14793 -13 690 1 0 1
-1.02408 1.08749 40.4558 -7.75314 -1.60685 63.7169 -1.80891 -13 691 1 0 1
-3.16631 4.10298 40.4558 -10.7027 3.17318 60.6518 -0.798656 -13 692 1 0 1
-4.48546 7.95238 40.4558 -10.3748 5.5165 47.5299 1.9989 -13 693 1 0 1
-2.29038 -5.51741 40.4558 -10.1843 -6.90627 63.3979 2.51671 -13 694 1 0 1
-6.69517 2.2127 40.4558 -18.3029 4.91889 60.6657 0.507485 -13 696 1 0 1
-3.87163 1.91669 40.4558 -16.9911 6.71412 68.0572 0.681929 -13 697 1 0 1
1.74558 -6.5634 40.4558 1.81899 -7.18059 43.1619 -0.526936 -13 699 1 0 1
0.0884665 -1.33941 40.4558 -7.97095 -2.87367 71.4756 1.54327 -13 700 1 0 1
-0.773674 2.98934 40.4558 -8.12691 10.7023 68.8189 1.48948 -13 701 1 0 1
-2.17235 1.36857 40.4558 -5.38834 2.8108 42.8782 1.5114 -13 702 1 0 1
-3.84261 2.51943 40.4558 -21.6479 3.91998 76.2846 -2.07263 -13 703 1 0 1
-0.15806 4.49214 40.4558 -2.73217 11.4647 55.7047 -0.306582 -13 704 1 0 1
-2.87177 3.37678 40.4558 -7.1563 4.32571 52.1417 1.58712 -13 705 1 0 1
-6.10072 -1.74522 40.4558 -12.4418 -2.97316 51.5935 -1.42587 -13 706 1 0 1
-1.89124 -1.24244 40.4558 -12.1947 3.9279 70.8937 3.47038 -13 707 1 0 1
-10.0034 -1.64412 40.4558 -21.555 -2.9124 53.6474 0.684881 -13 708 1 0 1
-4.59649 0.252312 40.4558 -14.3273 -2.41945 63.5765 0.241077 -13 709 1 0 1
-4.17959 -3.48585 40.4558 -6.32474 -8.12988 38.5171 -0.754505 -13 710 1 0 1
-0.0614345 2.51447 40.4558 -2.53094 0.953787 49.6055 -0.147749 -13 711 1 0 1
-3.4268 -4.51784 40.4558 -14.1938 -8.98398 66.6038 1.54662 -13 712 1 0 1
-1.86974 -2.95114 40.4558 -17.9466 -10.9101 78.4125 0.155869 -13 713 1 0 1
-3.78643 1.14193 40.4558 -7.96837 -1.40081 47.5709 1.83672 -13 714 1 0 1
-3.86303 2.27248 40.4558 -16.1611 7.86629 68.467 -0.917373 -13 715 1 0 1
-6.99456 6.08814 40.4558 -12.6874 8.68581 44.05 1.41776 -13 716 1 0 1
-2.02399 1.22437 40.4558 -5.21667 1.36357 52.2836 1.96264 -13 717 1 0 1
-4.25618 0.826679 40.4558 -17.5402 -1.00674 69.4946 1.09888 -13 718 1 0 1
-0.356202 -1.75791 40.4558 -8.15763 -0.267344 71.167 0.0552771 -13 719 1 0 1
-5.40442 0.831072 40.4558 -16.2041 1.63149 62.3772 2.24816 -13 720 1 0 1
0.748763 -5.60125 40.4558 -6.19622 -12.2089 70.1823 0.0695277 -13 721 1 0 1
-0.88929 -3.72003 40.4558 -4.37023 -8.08394 53.9526 -1.35922 -13 722 1 0 1
-2.54634 -3.71187 40.4558 -9.369 -3.73501 59.7296 -1.0404 -13 723 1 0 1
-1.13111 4.08645 40.4558 -10.6501 7.09465 71.3595 2.15865 -13 724 1 0 1
-7.32145 4.55293 40.4558 -15.9196 5.40938 51.8768 -0.0993966 -13 725 1 0 1
2.3885 -7.02415 40.4558 1.6283 -12.8968 53.0125 -0.806174 -13 726 1 0 1
-0.638739 2.02332 40.4558 -3.14328 3.53858 43.123 2.13111 -13 727 1 0 1
-2.95106 11.7689 40.4558 -6.34926 16.507 37.609 -0.110509 -13 728 1 0 1
0.515714 -2.89831 40.4558 -9.27894 -5.63482 75.2121 -1.67122 -13 729 1 0 1
-9.42415 -7.7881 40.4558 -9.89599 -5.03437 25.2972 0.0989806 -13 730 1 0 1
-2.98893 -1.73286 40.4558 -13.5705 -1.62814 68.721 -1.08387 -13 731 1 0 1
-4.99384 4.50043 40.4558 -16.5634 6.72411 66.1607 2.16995 -13 732 1 0 1
-7.93031 1.42238 40.4558 -13.2016 -1.67662 43.3322 -0.227294 -13 733 1 0 1
0.0161092 3.33551 40.4558 -6.76179 -4.06675 70.6672 2.40341 -13 734 1 0 1
5.68906 4.97989 40.4558 5.4601 4.85066 45.8685 -0.99317 -13 735 1 0 1
-1.98284 4.3231 40.4558 -5.02004 6.523 44.8575 -0.0169061 -13 736 1 0 1
-5.6865 5.38156 40.4558 -14.7843 9.20129 59.4177 2.23075 -13 737 1 0 1
2.66108 0.238798 40.4558 1.27972 3.3786 58.2142 1.69609 -13 738 1 0 1
-0.21909 -2.48059 40.4558 -4.14655 -1.49109 58.8056 -0.983622 -13 739 1 0 1
-3.88955 1.13051 40.4558 -17.3561 2.03102 70.6214 0.931372 -13 740 1 0 1
5.53818 -0.423712 40.4558 -0.515002 0.27844 15.2604 2.26164 -13 741 1 0 1
-12.3157 0.867498 40.4558 -16.4184 2.47711 34.5474 -1.99494 -13 742 1 0 1
-2.69546 5.49899 40.4558 -12.8241 14.8996 68.7587 1.48571 -13 743 1 0 1
-6.15905 4.01711 40.4558 -13.5853 4.11929 52.8136 0.43464 -13 744 1 0 1
3.18319 5.2226 40.4558 -1.89751 10.5735 71.9254 2.10514 -13 745 1 0 1
-3.7906 -0.919944 40.4558 -14.4693 -2.03727 65.9003 -1.66261 -13 746 1 0 1
-1.33512 -1.24306 40.4558 -8.7974 -2.07787 66.9495 0.331724 -13 747 1 0 1
-6.41761 0.136281 40.4558 -10.8668 1.64239 45.5298 -1.62685 -13 748 1 0 1
0.628002 -0.833177 40.4558 -7.19221 -2.53205 72.1454 1.27492 -13 749 1 0 1
-1.40017 5.73387 40.4558 -7.17014 2.89332 63.4001 0.864032 -13 750 1 0 1
-7.26498 3.3057 40.4558 -14.5619 7.14159 49.0323 0.192409 -13 751 1 0 1
-4.34893 4.17548 40.4558 -14.6498 12.6317 64.3109 -0.328431 -13 752 1 0 1
-2.8917 2.67753 40.4558 -9.86792 1.74343 62.9859 -0.881151 -13 753 1 0 1
-6.3802 -2.39901 40.4558 -19.9035 -3.02196 65.6391 0.46878 -13 754 1 0 1
0.234267 -1.38583 40.4558 -9.02824 -5.06493 74.4239 -1.28326 -13 755 1 0 1
-0.320336 1.73474 40.4558 -7.08086 8.53462 67.1303 -0.886972 -13 756 1 0 1
1.7171 -3.784 40.4558 0.881917 -4.82692 52.936 -0.953018 -13 757 1 0 1
-0.0323574 -0.825289 40.4558 -1.1659 -6.27475 55.1965 0.519747 -13 758 1 0 1
-0.439215 -7.57764 40.4558 -5.99855 -16.6819 60.4674 1.30767 -13 759 1 0 1
-2.66771 3.51886 40.4558 -7.26747 5.80357 52.621 0.367505 -13 760 1 0 1
-0.994149 -4.08282 40.4558 -5.67281 -5.39281 58.3639 0.850195 -13 761 1 0 1
-12.7107 0.98857 40.4558 -13.993 3.03999 24.6231 -0.665085 -13 762 1 0 1
2.99223 1.30082 40.4558 1.05603 6.94958 60.4003 1.4235 -13 763 1 0 1
0.850443 1.51092 40.4558 -5.10052 4.57207 69.8886 -2.44422 -13 764 1 0 1
-5.53764 -0.551289 40.4558 -15.1276 -2.17998 61.659 -0.395904 -13 765 1 0 1
3.5207 -4.11418 40.4558 1.9456 -4.39708 26.6731 -0.901996 -13 766 1 0 1
-0.30791 -1.519 40.4558 -4.33916 -4.19501 58.4521 -0.288483 -13 767 1 0 1
1.51159 -10.7644 40.4558 -2.32375 -22.6222 64.3045 0.77791 -13 768 1 0 1
-9.38726 1.30676 40.4558 -12.4395 -1.08751 30.8881 0.359709 -13 769 1 0 1
-4.75255 0.895317 40.4558 -16.9287 -7.53389 68.2967 -0.896191 -13 770 1 0 1
-10.3497 -7.4164 40.4558 -12.5099 -7.74163 27.7154 -0.414158 -13 771 1 0 1
-3.42587 -3.26217 40.4558 -8.53201 -7.82835 52.8587 -0.0119445 -13 772 1 0 1
2.55135 -0.39779 40.4558 -4.58978 0.168943 76.397 0.654922 -13 773 1 0 1
-8.13072 -2.75222 40.4558 -17.2339 -2.46894 52.4808 1.11471 -13 774 1 0 1
3.68458 -1.37083 40.4558 3.36797 -5.47508 61.0793 0.075642 -13 775 1 0 1
-4.49298 2.71505 40.4558 -10.1176 5.46949 53.2835 2.68799 -13 776 1 0 1
-4.38427 -2.02798 40.4558 -15.1321 -6.51188 64.5905 0.121697 -13 777 1 0 1
-4.42262 3.69989 40.4558 -8.56331 9.37175 44.6499 2.76209 -13 778 1 0 1
-5.15101 -4.85598 40.4558 -16.6751 -10.081 65.3044 1.83928 -13 779 1 0 1
0.432454 -1.06085 40.4558 -3.36418 -1.65471 67.4036 -0.759935 -13 780 1 0 1
-0.205947 0.584606 40.4558 -5.86629 -1.93348 66.6291 0.0347892 -13 781 1 0 1
-6.91427 -3.172 40.4558 -18.709 -6.06334 59.5066 0.666216 -13 782 1 0 1
1.41799 -3.40785 40.4558 -0.740849 -4.81208 58.5284 1.13594 -13 783 1 0 1
-9.69917 -8.27627 40.4558 -23.5781 -19.3154 57.629 -0.707597 -13 784 1 0 1
-6.3423 0.711292 40.4558 -25.9957 -6.15867 72.7754 -0.0539678 -13 785 1 0 1
2.0056 2.11228 40.4558 0.984862 1.25482 47.0982 -0.861192 -13 787 1 0 1
-9.62613 -0.53601 40.4558 -22.1471 -2.54972 55.4094 -0.767434 -13 788 1 0 1
4.07175 -0.259313 40.4558 1.97789 -5.76022 70.8052 0.57983 -13 789 1 0 1
-1.85771 0.0261401 40.4558 -8.2227 -4.52623 59.1513 2.16143 -13 790 1 0 1
-0.193263 -4.43314 40.4558 -6.02034 -13.2407 66.6831 -1.27222 -13 791 1 0 1
-3.26097 -1.42642 40.4558 -11.5932 -2.56589 65.0116 2.34018 -13 792 1 0 1
-0.509094 0.251548 40.4558 -3.71445 -2.42147 52.2054 1.94335 -13 793 1 0 1
-5.71267 0.471698 40.4558 -18.1507 3.49199 66.3913 0.435151 -13 794 1 0 1
-7.55113 -5.31647 40.4558 -16.8851 -10.449 52.1956 -2.24148 -13 795 1 0 1
-6.34875 1.33076 40.4558 -13.9965 2.03804 56.2605 0.0540757 -13 796 1 0 1
-2.51335 1.10552 40.4558 -4.99618 -2.32488 46.5611 -0.657771 -13 797 1 0 1
-2.02183 7.07205 40.4558 -14.2085 17.7597 71.6941 2.14487 -13 798 1 0 1
-3.93288 2.32456 40.4558 -12.0364 2.90005 60.7246 1.06322 -13 799 1 0 1
-8.47296 1.19693 40.4558 -19.165 5.45388 55.3206 1.35523 -13 800 1 0 1
2.12197 3.76958 40.4558 -0.615412 2.04499 68.9759 2.37307 -13 801 1 0 1
-3.30752 -0.682388 40.4558 -12.123 -4.56551 64.7969 -1.13395 -13 802 1 0 1
-0.583336 -0.562589 40.4558 -11.4893 5.47483 74.4866 -1.54414 -13 803 1 0 1
3.28436 0.163321 40.4558 2.70203 1.25982 50.0526 -0.336524 -13 804 1 0 1
-0.79333 -0.178282 40.4558 -4.53196 -1.46657 56.0346 1.1455 -13 806 1 0 1
-6.24341 -5.57122 40.4558 -17.6299 -9.20913 63.1589 0.544071 -13 807 1 0 1
-7.13599 0.271987 40.4558 -19.1967 0.21429 61.4013 -0.401406 -13 809 1 0 1
-2.96814 -0.533408 40.4558 -17.1373 -4.14038 74.5276 -0.531294 -13 810 1 0 1
-3.51182 -0.926738 40.4558 -13.6741 0.0992513 68.2705 -0.0674478 -13 811 1 0 1
-6.30312 -3.66927 40.4558 -11.485 -3.8895 44.2174 2.11606 -13 812 1 0 1
-0.754635 3.00474 40.4558 -4.77512 8.17028 54.2456 0.919942 -13 813 1 0 1
-1.87013 -0.877601 40.4558 -7.76102 1.98756 62.0187 0.859561 -13 814 1 0 1
-0.630227 4.24659 40.4558 -3.92775 8.6741 54.2408 -1.90149 -13 815 1 0 1
0.415935 -0.408816 40.4558 -9.94142 -0.821142 75.8712 1.62858 -13 816 1 0 1
-2.93629 0.263919 40.4558 -4.37506 0.734085 39.2124 -1.49904 -13 817 1 0 1
-2.02601 -6.54929 40.4558 -4.91651 -12.3454 46.206 0.0606739 -13 820 1 0 1
-4.87893 -1.91039 40.4558 -10.532 0.182793 50.7468 -1.58841 -13 821 1 0 1
-3.32062 3.50657 40.4558 -24.3064 2.70145 77.7373 0.766133 -13 822 1 0 1
-0.399811 0.321865 40.4558 -3.08692 -1.93244 56.767 0.0576447 -13 823 1 0 1
-3.18993 -1.98039 40.4558 -10.918 -4.71709 60.334 0.418648 -13 825 1 0 1
-1.63193 2.16329 40.4558 -9.47464 8.4853 65.3718 -1.25496 -13 826 1 0 1
-2.38737 -5.47881 40.4558 -8.92265 -13.8563 60.631 2.80443 -13 827 1 0 1
-0.622355 1.3936 40.4558 -5.39845 -0.515065 63.9516 -2.32071 -13 828 1 0 1
1.85635 -9.81662 40.4558 -0.623723 -16.4303 47.5749 0.951937 -13 829 1 0 1
-3.57832 -4.99944 40.4558 -12.0147 -11.1001 61.5972 -0.0218024 -13 830 1 0 1
-0.496131 -0.0364884 40.4558 -6.66793 -2.78515 65.0897 2.11973 -13 831 1 0 1
-3.45907 -3.59429 40.4558 -8.52666 -7.18252 53.4301 0.510806 -13 832 1 0 1
-2.38545 -6.39448 40.4558 -8.81558 -13.3054 58.5996 0.518015 -13 833 1 0 1
-6.63954 -1.95638 40.4558 -16.5389 -0.83754 58.0319 -0.0869722 -13 834 1 0 1
-2.62353 -5.70693 40.4558 -18.253 -16.0797 74.3833 -0.810359 -13 835 1 0 1
1.03471 5.30673 40.4558 -4.30804 12.7244 64.4696 0.0217909 -13 836 1 0 1
1.7115 -8.93294 40.4558 -2.42716 -13.27 65.4898 1.171 -13 837 1 0 1
0.862004 4.12191 40.4558 -5.76292 4.49581 70.5965 -1.19327 -13 838 1 0 1
-2.57998 -6.46615 40.4558 -6.19648 -8.01903 52.5843 -0.258 -13 839 1 0 1
-6.8434 -0.295912 40.4558 -16.7106 -1.68502 56.9194 2.57349 -13 840 1 0 1
-5.9798 4.89688 40.4558 -14.0721 5.93494 55.5136 -1.67925 -13 841 1 0 1
-3.50835 -1.92146 40.4558 -16.2262 -2.86208 71.103 -0.839586 -13 842 1 0 1
-2.79652 -3.77316 40.4558 -15.9149 -15.8396 71.0386 0.621658 -13 843 1 0 1
-8.77182 2.59113 40.4558 -19.2674 4.66604 54.3753 1.04056 -13 844 1 0 1
0.0146139 0.113125 40.4558 -3.58439 2.62588 59.6112 1.12221 -13 845 1 0 1
-0.132168 -9.18615 40.4558 -2.68178 -8.5496 33.8088 0.652997 -13 846 1 0 1
0.545123 -6.88538 40.4558 -2.10586 -5.66518 57.3617 -1.02523 -13 847 1 0 1
-4.64947 3.72799 40.4558 -10.6223 4.03847 53.2059 -0.656988 -13 848 1 0 1
-9.10726 -3.19402 40.4558 -17.7987 -3.63473 48.6925 -1.84296 -13 849 1 0 1
3.05249 -5.74617 40.4558 -0.147218 -11.8973 67.8326 -0.745206 -13 850 1 0 1
-5.64493 5.28165 40.4558 -13.9014 7.6637 56.9485 -0.329924 -13 851 1 0 1
3.18128 -1.1536 40.4558 -3.19477 -1.70592 75.375 0.638575 -13 852 1 0 1
-4.78341 0.955714 40.4558 -13.6074 1.66181 59.5487 1.22833 -13 853 1 0 1
-2.84675 1.71432 40.4558 -14.0753 -1.63094 67.5155 -0.684273 -13 854 1 0 1
-6.41615 5.41226 40.4558 -16.3341 10.7113 58.1619 0.267923 -13 855 1 0 1
-7.8103 1.79175 40.4558 -18.2402 -2.95744 55.1952 0.475665 -13 856 1 0 1
-6.60555 -10.5219 40.4558 -17.3657 -14.546 58.6132 -0.717342 -13 857 1 0 1
-12.2371 2.01319 40.4558 -29.2195 2.82502 57.1772 -2.24637 -13 858 1 0 1
-6.83476 -0.936681 40.4558 -13.2115 0.113732 49.4851 1.75034 -13 859 1 0 1
-4.11909 1.38436 40.4558 -14.4858 3.46541 65.5351 1.46267 -13 860 1 0 1
-2.07591 -2.65863 40.4558 -14.8254 -7.55584 75.0365 -1.68484 -13 861 1 0 1
-2.88769 0.666195 40.4558 -10.2684 3.37283 61.876 0.060442 -13 862 1 0 1
-9.98502 -6.40419 40.4558 -21.8319 -10.2459 52.888 0.357504 -13 863 1 0 1
-3.47845 -1.13007 40.4558 -10.8974 -0.920417 61.3328 -0.466778 -13 864 1 0 1
-4.58199 -3.40541 40.4558 -10.8982 -2.60779 53.8148 1.93325 -13 865 1 0 1
-1.42815 4.11159 40.4558 -5.93293 11.2133 55.1533 0.0913617 -13 866 1 0 1
1.58475 4.99743 40.4558 -5.29852 9.05052 73.4057 -0.514251 -13 867 1 0 1
-2.2576 1.49548 40.4558 -17.5105 0.503548 76.4603 -1.49524 -13 868 1 0 1
-12.6511 -7.17484 40.4558 -26.4036 -12.6355 52.2909 -0.519726 -13 869 1 0 1
-2.91405 -1.44635 40.4558 -9.51102 -5.22531 58.2874 0.900354 -13 870 1 0 1
-3.08944 -3.01298 40.4558 -12.2138 -8.19666 65.0627 -1.04895 -13 871 1 0 1
-3.90401 -1.88813 40.4558 -14.083 -1.84496 65.6099 -0.984254 -13 872 1 0 1
0.315935 1.15508 40.4558 -6.57304 -0.503953 71.017 -0.939699 -13 873 1 0 1
-3.85307 2.6649 40.4558 -13.8529 6.47179 64.325 2.72487 -13 874 1 0 1
-3.29799 -3.87724 40.4558 -11.548 -9.11241 62.5069 0.352707 -13 875 1 0 1
1.01665 4.10398 40.4558 -7.11044 8.06573 74.1849 0.134573 -13 876 1 0 1
-1.69143 3.29736 40.4558 -9.11279 14.4144 66.4786 -1.86555 -13 877 1 0 1
-1.0569 3.35994 40.4558 -10.9329 12.4695 71.265 -3.57075 -13 878 1 0 1
-9.60067 4.00967 40.4558 -15.1532 4.70961 43.7701 1.31944 -13 879 1 0 1
1.0054 -4.88722 40.4558 -3.23622 -11.8078 66.8779 0.95016 -13 880 1 0 1
-2.72167 -3.85636 40.4558 -7.91831 -7.1166 54.8576 1.96492 -13 881 1 0 1
4.0668 8.53563 40.4558 0.169992 19.8201 72.7824 -0.429136 -13 882 1 0 1
2.66978 6.26107 40.4558 -0.937397 15.7358 63.1486 -0.218846 -13 883 1 0 1
2.11695 1.37522 40.4558 1.82898 3.24265 35.6556 -0.0372651 -13 885 1 0 1
1.1853 1.19668 40.4558 -9.20183 -4.86208 78.8455 2.45835 -13 886 1 0 1
-7.11171 4.50825 40.4558 -22.8535 8.65622 65.8199 0.636341 -13 887 1 0 1
-2.17363 0.946646 40.4558 -5.86989 -2.02018 54.8197 0.165829 -13 888 1 0 1
-4.18377 -2.37913 40.4558 -10.5831 -3.45773 55.3659 -0.500786 -13 889 1 0 1
0.713688 -6.45087 40.4558 -4.81611 -15.2275 66.6916 -1.03002 -13 890 1 0 1
-7.24006 -0.240633 40.4558 -9.97277 0.605107 30.4821 -0.967608 -13 891 1 0 1
-3.38932 -5.44813 40.4558 -14.8145 -7.07068 69.3621 0.547948 -13 892 1 0 1
-9.49471 -0.917979 40.4558 -19.7907 0.720122 53.8777 -1.54377 -13 893 1 0 1
2.44621 -3.3424 40.4558 -3.71035 -6.51507 75.7367 0.0749994 -13 894 1 0 1
-8.27867 3.8296 40.4558 -27.5665 19.0376 65.6135 1.63069 -13 895 1 0 1
-5.23565 6.50238 40.4558 -17.2487 16.0894 65.1272 -1.56987 -13 896 1 0 1
-5.83264 -1.97436 40.4558 -12.0094 -2.67318 46.1639 -1.64595 -13 897 1 0 1
-1.79001 -0.716904 40.4558 -6.82697 0.31631 54.9653 -0.587266 -13 898 1 0 1
3.28029 0.392111 40.4558 2.64524 3.45028 61.2254 -0.185299 -13 899 1 0 1
-1.06349 3.65095 40.4558 -8.60329 3.27018 67.12 0.675671 -13 901 1 0 1
2.72605 -0.950835 40.4558 2.2997 -4.70989 54.5786 0.663775 -13 902 1 0 1
-1.53828 -6.94781 40.4558 -13.0816 -8.29399 72.1771 1.24824 -13 903 1 0 1
-0.41996 -0.497534 40.4558 -4.78255 -4.86948 57.9887 2.03353 -13 904 1 0 1
-7.22871 -0.153087 40.4558 -28.8989 1.94225 73.1299 0.225503 -13 905 1 0 1
-10.1375 -3.03016 40.4558 -19.0271 -4.01787 49.0789 1.37854 -13 906 1 0 1
-2.85113 4.57203 40.4558 -12.1164 6.35007 65.8545 0.397377 -13 907 1 0 1
-9.77465 -9.66751 40.4558 -11.6796 -10.2341 27.4982 0.382702 -13 908 1 0 1
-2.11926 -4.29525 40.4558 -13.9381 -5.96208 70.5132 0.770188 -13 909 1 0 1
-5.41347 -1.34293 40.4558 -18.8933 -3.63759 66.837 -0.0773823 -13 910 1 0 1
-7.38485 9.76196 40.4558 -12.1143 13.6535 36.623 -0.492394 -13 911 1 0 1
-0.909048 8.97823 40.4558 -6.14324 11.5273 53.6357 -0.706766 -13 912 1 0 1
-1.02668 2.64246 40.4558 -17.389 13.7043 77.1423 1.38187 -13 913 1 0 1
-11.4022 1.24464 40.4558 -30.7117 8.83033 62.8805 1.0845 -13 914 1 0 1
-1.123 -6.43157 40.4558 -6.36085 -10.2285 60.0159 -0.770584 -13 915 1 0 1
-6.68293 0.108068 40.4558 -31.6938 2.58758 73.7067 4.38895 -13 916 1 0 1
-8.16456 5.34875 40.4558 -11.2727 8.25356 34.3805 -0.0815955 -13 917 1 0 1
-8.40207 3.31548 40.4558 -26.4683 7.28306 66.1876 2.11528 -13 918 1 0 1
-2.97954 2.09724 40.4558 -11.0278 1.53452 64.856 -0.521533 -13 919 1 0 1
-4.30852 -1.55247 40.4558 -22.3235 0.336777 75.9761 0.527538 -13 920 1 0 1
-3.2225 -1.3192 40.4558 -5.61123 -5.05643 30.716 0.506008 -13 921 1 0 1
-3.89507 -5.57318 40.4558 -23.2557 -12.3837 76.7901 2.51787 -13 922 1 0 1
-7.64381 0.744253 40.4558 -17.7351 1.16888 54.8556 -0.0614566 -13 923 1 0 1
-2.97679 3.09421 40.4558 -12.4942 3.91578 66.5606 -0.964076 -13 924 1 0 1
-5.40559 3.16205 40.4558 -15.0432 7.38875 58.9205 0.460074 -13 925 1 0 1
-4.60247 2.31925 40.4558 -21.5312 3.06174 73.4519 1.45229 -13 926 1 0 1
-3.40973 -3.5851 40.4558 -11.4828 -2.96587 66.3056 0.632736 -13 927 1 0 1
-4.31828 -1.51907 40.4558 -11.1942 -3.76633 55.687 -0.141886 -13 928 1 0 1
-3.272 -0.809825 40.4558 -13.7757 -2.08353 68.4578 1.41537 -13 930 1 0 1
2.24593 2.19192 40.4558 -0.37428 0.844336 63.1307 2.07513 -13 931 1 0 1
-11.0941 -3.21759 40.4558 -18.4604 -5.90657 42.1373 2.00963 -13 932 1 0 1
-0.113685 4.20714 40.4558 -6.74694 12.8337 67.343 1.10881 -13 933 1 0 1
-3.72117 0.65493 40.4558 -17.889 3.76744 71.9191 -0.477959 -13 934 1 0 1
-9.68226 1.45857 40.4558 -21.7246 2.3849 54.1744 1.03225 -13 935 1 0 1
3.16644 -2.48375 40.4558 3.2373 -0.0529042 60.64 0.114241 -13 936 1 0 1
-2.69555 -3.51368 40.4558 -15.0713 -3.17135 71.3105 -0.136842 -13 938 1 0 1
-9.06281 0.636398 40.4558 -20.465 1.72024 54.8092 -0.451738 -13 939 1 0 1
-4.60663 -0.75718 40.4558 -12.612 0.879273 58.527 0.0474656 -13 940 1 0 1
-5.4117 1.02183 40.4558 -16.5091 5.63012 63.8091 0.298012 -13 941 1 0 1
3.58475 0.362604 40.4558 -0.273351 0.659301 71.7418 0.627071 -13 942 1 0 1
-0.553872 -3.05613 40.4558 -7.52876 -4.91932 66.8198 1.49653 -13 943 1 0 1
-5.11875 -1.11345 40.4558 -10.2142 2.13493 49.9091 -0.338926 -13 944 1 0 1
-0.770874 5.31555 40.4558 -9.47286 16.1137 69.3526 0.964636 -13 945 1 0 1
-6.42972 3.37825 40.4558 -11.2388 4.93082 41.2705 -0.633941 -13 946 1 0 1
0.604854 -0.726608 40.4558 -3.75459 2.13675 64.7533 -1.09768 -13 947 1 0 1
-2.64552 -1.18049 40.4558 -6.40352 0.546654 46.8921 1.40125 -13 948 1 0 1
-8.19686 -2.01237 40.4558 -15.1089 -3.17091 50.3957 0.505001 -13 949 1 0 1
-5.50494 5.06335 40.4558 -15.57 8.41613 62.0901 0.15337 -13 950 1 0 1
9.39288 -4.90285 40.4558 12.3225 -5.94139 53.6084 0.716301 -13 951 1 0 1
0.175095 -2.07265 40.4558 -3.19461 -4.04038 58.8987 2.75312 -13 952 1 0 1
-2.93426 -2.26895 40.4558 -10.4126 -5.35852 57.8558 0.354507 -13 953 1 0 1
-4.14184 -7.83272 40.4558 -9.98069 -13.3409 53.2538 -0.136334 -13 954 1 0 1
-1.07136 -0.420505 40.4558 -6.5016 -6.32895 59.6775 0.630913 -13 955 1 0 1
-4.59947 2.22223 40.4558 -10.1716 0.328691 51.4768 0.00826125 -13 956 1 0 1
-10.3321 0.548219 40.4558 -21.3705 -2.70591 52.3154 -0.916516 -13 957 1 0 1
-3.911 0.318822 40.4558 -27.1578 -1.32428 76.0472 -0.708661 -13 958 1 0 1
3.24012 -2.84078 40.4558 1.72148 -6.94044 61.6742 0.491964 -13 959 1 0 1
-3.60576 2.51155 40.4558 -17.2782 4.19111 71.7197 -1.92647 -13 960 1 0 1
-5.63811 -5.03735 40.4558 -12.2872 -6.48678 52.1704 0.291598 -13 961 1 0 1
-1.3905 0.190538 40.4558 -2.71565 -0.201412 31.7504 0.865016 -13 962 1 0 1
5.18055 2.66331 40.4558 4.51074 -2.84944 68.5823 2.07767 -13 963 1 0 1
-3.66462 0.80532 40.4558 -10.3096 0.159991 60.061 2.04521 -13 964 1 0 1
-4.68003 -2.87808 40.4558 -14.8316 -7.84633 62.2841 1.51162 -13 965 1 0 1
-4.05676 -0.469131 40.4558 -9.87172 2.92397 55.5322 2.4009 -13 966 1 0 1
-1.05216 -1.16074 40.4558 -3.78647 -0.198672 53.4292 0.677097 -13 967 1 0 1
-12.234 -0.0859254 40.4558 -27.3871 -2.6044 55.0463 -0.92488 -13 968 1 0 1
-3.28084 -2.90581 40.4558 -6.44132 -6.08412 47.7478 0.70002 -13 969 1 0 1
0.229601 -2.40199 40.4558 -4.71384 -7.27365 63.8954 0.029578 -13 970 1 0 1
0.178209 -4.67746 40.4558 -5.24832 -4.66527 67.833 -1.03952 -13 971 1 0 1
-11.1615 2.41629 40.4558 -11.6046 3.6678 22.8849 -0.687071 -13 972 1 0 1
-10.0628 -2.92691 40.4558 -11.5731 -1.65396 24.9458 -0.55447 -13 973 1 0 1
-5.86597 1.09813 40.4558 -18.6283 2.98778 66.2093 -0.504627 -13 974 1 0 1
-4.71271 0.968123 40.4558 -18.8271 9.44381 70.6119 1.76975 -13 975 1 0 1
-8.26802 -2.24018 40.4558 -19.1906 -2.1948 56.1331 0.505549 -13 977 1 0 1
-5.67902 -0.405534 40.4558 -20.5996 -3.40679 67.707 -1.30508 -13 979 1 0 1
-9.53019 -0.579273 40.4558 -20.8036 -2.2217 53.8024 -1.26817 -13 980 1 0 1
-6.82021 -3.0487 40.4558 -18.2752 -9.88203 58.4176 -0.54615 -13 981 1 0 1
-2.6817 6.54984 40.4558 -9.82418 10.612 62.2232 -0.538581 -13 982 1 0 1
-4.7894 -0.359485 40.4558 -18.5106 6.32784 68.6983 -0.19447 -13 983 1 0 1
10.8275 -8.2638 40.4558 8.16417 -7.84957 34.8047 1.44614 -13 984 1 0 1
-0.0906295 -1.21632 40.4558 -3.71962 -1.24415 59.8337 1.0164 -13 985 1 0 1
-7.0663 -2.97434 40.4558 -17.447 -4.25933 57.5598 -0.164364 -13 986 1 0 1
-2.61544 -8.1401 40.4558 -9.14082 -16.9469 58.0172 0.578773 -13 987 1 0 1
-0.7452 -3.55809 40.4558 -7.71476 -6.01944 69.151 1.1987 -13 989 1 0 1
-1.57823 -1.98898 40.4558 -9.75852 -10.1503 68.4445 0.412811 -13 990 1 0 1
-9.08635 3.68253 40.4558 -16.7027 2.6859 47.0677 -2.05051 -13 991 1 0 1
-9.58688 4.99121 40.4558 -13.0745 5.05955 36.1627 1.06224 -13 992 1 0 1
-3.00408 -5.35587 40.4558 -5.40351 -7.67872 47.6996 1.79933 -13 993 1 0 1
4.4786 -15.465 40.4558 3.293 -17.9829 43.9058 -0.591695 -13 994 1 0 1
-0.440511 -0.355608 40.4558 -5.51797 0.4769 63.5156 -1.66287 -13 995 1 0 1
-5.69074 -0.219789 40.4558 -18.3473 -0.987783 65.3722 0.347212 -13 996 1 0 1
-5.27314 1.43064 40.4558 -9.99924 2.46691 44.7816 2.58879 -13 997 1 0 1
-0.533484 -1.24092 40.4558 -4.10953 -1.61771 56.2124 0.126208 -13 999 1 0 1
-5.50269 -1.84611 40.4558 -10.1875 -2.6441 44.9922 -0.369062 -13 1000 1 0 1
