#BLTrackFile NTuple/Z40
#x y z Px Py Pz t PDGid EventID TrackID ParentID Weight
#mm mm mm MeV/c MeV/c MeV/c ns - - - - -
-1.09031 -4.31693 40.4558 -4.85075 -7.28489 72.8947 -0.951381 -13 1 1 0 1
6.68599 3.60578 40.4558 9.54707 -1.67291 80.4742 0.157 -13 2 1 0 1
1.45297 -0.862586 40.4558 1.40147 -2.45255 71.7806 1.10473 -13 3 1 0 1
-2.13789 -2.77861 40.4558 -10.7081 -2.34413 77.8947 0.553104 -13 4 1 0 1
-4.71856 1.36877 40.4558 -6.57944 -0.707416 61.2422 0.709745 -13 5 1 0 1
0.016625 -1.46995 40.4558 -2.77357 -0.756026 75.4886 -0.572155 -13 6 1 0 1
0.807434 -2.97345 40.4558 4.77755 -4.50878 61.5792 -0.672888 -13 7 1 0 1
-6.37307 1.13954 40.4558 -5.496 6.78942 47.1265 0.174424 -13 8 1 0 1
4.86128 4.51249 40.4558 11.2332 10.3748 62.8694 1.3224 -13 9 1 0 1
2.98867 -3.02081 40.4558 8.33774 -3.56261 66.6685 0.902288 -13 10 1 0 1
4.41692 4.56924 40.4558 8.08064 9.55639 71.5892 -0.312857 -13 11 1 0 1
-1.77936 -3.67461 40.4558 -0.742536 -9.76622 60.9675 1.90308 -13 12 1 0 1
5.93353 5.16259 40.4558 11.8477 5.53834 38.4171 -0.595394 -13 13 1 0 1
7.13365 -4.71235 40.4558 15.536 -5.29868 66.7134 -1.31489 -13 14 1 0 1
3.71074 -4.35665 40.4558 9.1991 -8.75899 66.9273 1.69267 -13 15 1 0 1
13.9946 -10.3042 40.4558 25.0919 -19.402 52.4257 2.37833 -13 16 1 0 1
-0.57126 4.54104 40.4558 0.497979 11.8303 64.0414 -0.440328 -13 17 1 0 1
-2.95924 -3.62907 40.4558 -0.639262 -8.65147 52.6988 1.63225 -13 18 1 0 1
-5.41832 2.27352 40.4558 -11.489 6.99815 65.0855 0.338997 -13 19 1 0 1
2.36964 -4.74585 40.4558 6.38812 -8.71739 64.2471 3.16996 -13 20 1 0 1
-2.0491 0.55906 40.4558 0.291398 5.95662 57.3161 -0.963971 -13 22 1 0 1
-3.83478 9.27136 40.4558 -0.429371 12.4736 43.4597 0.75448 -13 23 1 0 1
-4.97319 5.18818 40.4558 -5.18329 9.51533 54.6313 0.924864 -13 24 1 0 1
4.46934 -2.74924 40.4558 9.0648 -1.83646 70.5328 0.508663 -13 25 1 0 1
1.32972 1.26074 40.4558 3.74971 3.57717 68.6355 0.0878531 -13 26 1 0 1
1.79427 -3.24477 40.4558 4.67356 -0.0314206 66.7805 1.67845 -13 27 1 0 1
5.3909 -4.45274 40.4558 10.3309 -10.0667 73.003 0.474833 -13 28 1 0 1
-0.26659 1.31126 40.4558 -0.3321 6.63668 67.1128 1.2355 -13 30 1 0 1
1.16753 0.220289 40.4558 0.699367 3.00889 72.191 -0.056005 -13 31 1 0 1
-1.95029 1.44655 40.4558 -1.5457 3.33603 62.8652 -0.2647 -13 32 1 0 1
1.14312 -3.10403 40.4558 5.43254 -1.33746 25.9371 1.26904 -13 33 1 0 1
-3.98936 -1.52553 40.4558 -7.74668 -0.367449 66.4085 -0.390941 -13 34 1 0 1
-7.13 -6.81932 40.4558 -17.7986 -13.0775 70.4773 2.41256 -13 35 1 0 1
1.37501 0.609731 40.4558 4.35825 6.67247 66.427 -0.884937 -13 36 1 0 1
2.84795 -2.22324 40.4558 2.08575 -8.84867 79.9324 -1.24319 -13 37 1 0 1
1.43487 -4.78278 40.4558 5.53849 -11.5823 60.0848 1.68082 -13 38 1 0 1
7.35603 -1.70701 40.4558 5.97575 -1.90715 10.892 -0.903619 -13 39 1 0 1
-1.68111 4.03275 40.4558 0.00675625 7.00486 52.2695 1.00022 -13 40 1 0 1
5.18531 7.71779 40.4558 11.9647 13.4128 60.6941 0.0728607 -13 41 1 0 1
0.37639 1.21491 40.4558 0.489438 -1.71986 68.499 1.47073 -13 42 1 0 1
-1.25887 -1.18282 40.4558 -11.6083 -3.62298 79.0919 0.52162 -13 43 1 0 1
2.29685 1.62786 40.4558 8.2546 1.32553 56.3702 0.875014 -13 44 1 0 1
2.32491 -3.63427 40.4558 4.45078 -7.77711 68.0263 0.616152 -13 46 1 0 1
1.6538 6.98832 40.4558 5.4038 8.62659 59.9176 1.15329 -13 47 1 0 1
-1.56825 1.41511 40.4558 -3.50446 8.82425 66.3654 0.914689 -13 48 1 0 1
2.78943 -5.31005 40.4558 5.54298 -20.1216 68.065 -0.332933 -13 49 1 0 1
2.85586 -2.65453 40.4558 9.83334 -2.45036 42.9463 -0.405411 -13 50 1 0 1
1.81395 2.80394 40.4558 1.38817 2.16628 73.0378 -0.0877792 -13 51 1 0 1
-1.27354 5.77316 40.4558 1.73959 11.8886 55.6462 0.310752 -13 52 1 0 1
3.75831 3.30106 40.4558 11.3791 4.25566 56.2614 -2.12544 -13 53 1 0 1
2.69571 5.56519 40.4558 9.31097 6.00505 43.1564 0.267539 -13 54 1 0 1
2.85976e-05 -1.90168 40.4558 -1.65077 -6.63616 70.9974 1.11186 -13 55 1 0 1
8.58241 4.05028 40.4558 18.2958 8.11144 59.6296 -0.756427 -13 56 1 0 1
-0.144503 -0.00802137 40.4558 2.06694 2.94541 63.8458 -0.195671 -13 58 1 0 1
1.89257 -4.20588 40.4558 4.35835 -9.48054 67.7984 2.16673 -13 59 1 0 1
4.23778 5.48998 40.4558 11.1927 13.4881 56.3249 0.478945 -13 60 1 0 1
-0.27817 2.1946 40.4558 1.53382 6.88531 63.2081 -0.634377 -13 61 1 0 1
0.816001 -0.554074 40.4558 1.42898 3.23551 70.3082 -0.347357 -13 62 1 0 1
3.3306 -4.08832 40.4558 7.92047 -5.17385 35.4718 0.430253 -13 63 1 0 1
0.579058 -0.57806 40.4558 3.88836 0.238123 60.2435 0.349729 -13 64 1 0 1
3.14501 1.58934 40.4558 7.90928 1.45249 65.6227 -1.23993 -13 65 1 0 1
1.199 0.985697 40.4558 1.92359 1.06524 71.5849 0.65111 -13 66 1 0 1
2.37607 -2.37684 40.4558 7.85452 -1.53406 61.3782 -0.467971 -13 67 1 0 1
1.37609 7.97907 40.4558 6.92057 11.1208 53.4311 -0.735649 -13 68 1 0 1
-0.941085 -3.23096 40.4558 0.443495 -7.51793 63.2835 0.202705 -13 69 1 0 1
1.4275 -0.562511 40.4558 -2.43245 -10.5176 80.3757 0.422527 -13 70 1 0 1
-0.93039 2.54054 40.4558 2.30015 1.06095 60.8781 -1.24893 -13 71 1 0 1
5.27768 7.55145 40.4558 11.8146 11.4461 63.8487 1.32496 -13 72 1 0 1
0.198053 1.38914 40.4558 -2.42767 -1.64611 74.377 -0.712113 -13 73 1 0 1
1.44215 4.50972 40.4558 6.04615 9.15657 58.1225 0.479459 -13 74 1 0 1
2.904 3.41236 40.4558 3.69491 5.88338 75.2301 -2.66033 -13 75 1 0 1
7.81062 1.11931 40.4558 10.3547 2.06338 79.1525 -1.51896 -13 76 1 0 1
2.01167 2.2009 40.4558 6.78044 -0.854385 57.6102 2.60605 -13 77 1 0 1
-1.70904 1.01208 40.4558 -0.849715 -0.465655 60.3491 -0.542647 -13 78 1 0 1
2.59357 -0.990797 40.4558 6.83367 -2.91763 62.9243 1.65357 -13 79 1 0 1
3.57792 -3.78973 40.4558 6.24311 -5.40982 72.5044 0.258769 -13 80 1 0 1
5.03081 0.80464 40.4558 9.83079 9.81007 69.8463 0.291875 -13 81 1 0 1
-0.178802 0.468174 40.4558 2.64075 3.19854 62.8141 1.43878 -13 82 1 0 1
-2.43565 6.74265 40.4558 -5.13148 18.5581 67.572 0.247638 -13 83 1 0 1
-5.75819 -1.19266 40.4558 -11.0209 -3.3155 62.9635 0.373648 -13 84 1 0 1
3.4017 1.45241 40.4558 5.98896 1.64145 75.8111 1.35902 -13 85 1 0 1
3.11217 0.299165 40.4558 7.07549 -7.04857 68.0097 0.0429128 -13 86 1 0 1
-0.436539 -4.50399 40.4558 4.43419 -9.3643 50.9003 1.09647 -13 87 1 0 1
-0.435905 -2.90374 40.4558 -0.681008 -5.93157 68.4842 -0.175017 -13 88 1 0 1
2.76322 -2.50848 40.4558 7.28248 -1.45002 62.1907 -0.337596 -13 89 1 0 1
0.963397 3.45759 40.4558 3.66359 6.5248 65.6909 0.0523468 -13 90 1 0 1
-3.56339 -0.862794 40.4558 -5.00454 -2.756 64.4498 1.11426 -13 91 1 0 1
3.25701 1.35109 40.4558 10.6412 2.65951 54.7112 0.235976 -13 92 1 0 1
2.11651 0.508099 40.4558 7.85905 -1.6166 58.6757 1.08033 -13 93 1 0 1
1.94172 10.6151 40.4558 6.86192 18.2152 52.6572 -1.08198 -13 94 1 0 1
3.57615 -0.630767 40.4558 7.67898 0.265127 70.396 0.300216 -13 95 1 0 1
0.461415 3.79537 40.4558 2.9157 11.2477 59.8607 -1.55997 -13 96 1 0 1
-0.681347 -3.08092 40.4558 3.45357 -0.359319 57.3616 -0.784962 -13 97 1 0 1
1.34503 -2.74721 40.4558 3.89949 -1.79418 67.5872 0.679186 -13 98 1 0 1
-0.296093 4.95398 40.4558 1.22839 10.4341 63.2069 0.751949 -13 99 1 0 1
4.22961 -2.97944 40.4558 9.63393 -1.47726 67.7842 -0.625557 -13 100 1 0 1
7.82509 -2.93196 40.4558 16.6851 -8.96073 65.9954 -0.419025 -13 101 1 0 1
6.66279 -0.575995 40.4558 14.3723 -2.08542 66.5912 0.164378 -13 102 1 0 1
7.00661 0.209935 40.4558 15.4657 7.17711 59.9488 -2.1892 -13 103 1 0 1
2.28706 3.58251 40.4558 5.61533 4.48482 66.9735 -0.0553237 -13 104 1 0 1
-1.5966 0.585294 40.4558 0.255211 8.50999 60.5361 -1.20474 -13 105 1 0 1
-3.33742 -0.845432 40.4558 -4.32874 -1.72757 60.6708 0.53334 -13 106 1 0 1
2.09843 -2.60025 40.4558 3.63799 -6.49627 70.532 -0.803965 -13 107 1 0 1
5.5144 1.21141 40.4558 13.2684 7.86084 62.3227 -0.554566 -13 108 1 0 1
3.38966 0.806465 40.4558 8.5861 2.7718 67.6572 1.24488 -13 109 1 0 1
0.326968 0.708707 40.4558 -2.35047 2.81179 72.8565 -0.0141528 -13 110 1 0 1
0.436126 -3.03777 40.4558 -3.19005 -2.6191 77.4604 -0.0551404 -13 111 1 0 1
5.63037 -0.577086 40.4558 12.1603 -4.08489 55.3058 -1.58616 -13 112 1 0 1
2.18664 3.24851 40.4558 7.72071 5.38423 56.0304 1.03955 -13 113 1 0 1
3.94878 -2.80186 40.4558 10.2004 -6.94147 62.7301 0.191114 -13 114 1 0 1
3.71707 1.89876 40.4558 10.912 2.24657 49.2679 0.107207 -13 115 1 0 1
-1.30215 -1.22008 40.4558 -5.44909 -3.27814 73.0119 0.756211 -13 116 1 0 1
1.73549 1.14358 40.4558 5.88546 4.3189 55.0073 -0.0882218 -13 117 1 0 1
0.764108 2.91458 40.4558 6.51756 -0.866496 48.3072 -0.148762 -13 118 1 0 1
1.21851 -2.51666 40.4558 2.15148 -3.45875 70.6857 0.74527 -13 119 1 0 1
-3.85247 0.548641 40.4558 -2.77821 2.35212 50.3332 0.0879878 -13 120 1 0 1
3.46368 -5.89642 40.4558 8.88136 -6.61854 60.7774 1.77813 -13 121 1 0 1
0.192962 -2.19229 40.4558 -3.36357 -2.83481 77.335 0.857946 -13 122 1 0 1
0.517868 -6.21171 40.4558 0.547947 -12.8035 70.8059 0.991022 -13 123 1 0 1
7.00713 0.804141 40.4558 16.3557 2.94698 56.4898 0.549977 -13 124 1 0 1
-5.26962 -7.03759 40.4558 -8.09135 -14.4117 59.3273 -1.27378 -13 125 1 0 1
1.5051 1.41709 40.4558 -2.13475 -3.3317 79.2226 1.17515 -13 126 1 0 1
3.08531 5.05197 40.4558 8.68085 6.93268 60.0683 -0.850676 -13 127 1 0 1
1.41539 0.0183868 40.4558 4.78491 -4.54564 64.9141 0.565984 -13 128 1 0 1
8.08962 3.12682 40.4558 17.9064 6.76168 56.8189 -0.222844 -13 129 1 0 1
4.43488 -3.28286 40.4558 11.8225 -1.35049 49.4742 0.854844 -13 130 1 0 1
2.78309 1.06632 40.4558 5.12577 2.45888 69.0454 -0.23444 -13 131 1 0 1
-3.05569 2.50883 40.4558 -9.50138 4.44365 73.482 1.51793 -13 132 1 0 1
5.99632 -2.07146 40.4558 14.372 -5.60482 62.9579 -1.09794 -13 133 1 0 1
6.17019 0.86215 40.4558 11.2408 1.43551 75.109 0.618637 -13 134 1 0 1
3.46859 2.58601 40.4558 6.3716 0.934398 70.2061 1.06968 -13 135 1 0 1
6.94071 3.69188 40.4558 16.0092 3.38605 54.3564 0.281993 -13 136 1 0 1
-0.433123 -1.67082 40.4558 1.16183 -4.83808 63.5669 1.72965 -13 137 1 0 1
-0.807421 5.68573 40.4558 1.73528 11.6711 55.8016 0.532061 -13 140 1 0 1
1.25294 2.10192 40.4558 6.41109 7.29644 52.5106 0.116188 -13 141 1 0 1
6.07425 0.67381 40.4558 14.0275 5.71233 63.681 2.13516 -13 142 1 0 1
-2.60243 -1.08227 40.4558 -6.73238 -3.85296 71.3487 -0.6526 -13 143 1 0 1
5.72193 1.05251 40.4558 11.8754 -0.560923 71.4389 3.11228 -13 144 1 0 1
2.91389 -10.292 40.4558 8.23564 -17.3454 54.7674 1.91554 -13 145 1 0 1
4.12495 -3.41752 40.4558 9.68761 -3.64512 65.7516 0.423846 -13 146 1 0 1
0.424674 -0.917929 40.4558 2.53712 -2.14382 65.5782 -1.00915 -13 147 1 0 1
-1.02477 -5.72496 40.4558 -2.77588 -7.83466 69.92 0.442039 -13 148 1 0 1
5.72373 4.09482 40.4558 12.8304 6.17477 55.4589 -0.297628 -13 149 1 0 1
3.58619 4.60914 40.4558 8.73196 11.5383 65.2427 0.0154604 -13 150 1 0 1
3.58794 -5.18016 40.4558 9.6178 -11.207 56.0005 1.38253 -13 151 1 0 1
2.08863 -0.822552 40.4558 6.17115 -2.50693 64.4347 2.29649 -13 152 1 0 1
0.0676532 -1.5344 40.4558 0.672071 -8.64859 68.0106 -0.322173 -13 153 1 0 1
-0.69853 -3.93674 40.4558 -7.30472 -10.4764 78.0421 -1.9365 -13 154 1 0 1
-1.69791 1.17123 40.4558 -2.92624 0.819159 67.3312 -1.2963 -13 155 1 0 1
7.36069 -3.54781 40.4558 15.4331 -2.87781 44.7371 -0.373201 -13 156 1 0 1
-0.434807 -1.03657 40.4558 1.4666 0.851992 62.7619 0.0494168 -13 157 1 0 1
3.07728 3.06253 40.4558 0.357935 3.00412 79.4582 1.45766 -13 158 1 0 1
-1.95111 4.76054 40.4558 0.578008 6.39183 56.7952 -0.505742 -13 159 1 0 1
8.50511 -0.183749 40.4558 18.16 -0.0263366 61.9716 0.125711 -13 160 1 0 1
6.60514 1.37361 40.4558 13.6091 -2.01485 69.7783 1.69473 -13 161 1 0 1
-4.9528 2.57732 40.4558 -2.09865 3.02407 41.6367 -0.41166 -13 162 1 0 1
-1.27529 1.84284 40.4558 -3.57874 9.48336 70.3343 -1.58442 -13 163 1 0 1
5.37302 -3.30534 40.4558 12.1055 -10.9254 64.8135 0.177376 -13 164 1 0 1
-9.84113 -1.54371 40.4558 -5.63499 -3.11266 30.599 2.31055 -13 165 1 0 1
-6.29888 -0.413713 40.4558 -15.192 -1.44663 70.0145 -0.113046 -13 166 1 0 1
4.76825 5.2174 40.4558 11.7675 10.6178 61.267 0.717863 -13 167 1 0 1
1.8484 2.72062 40.4558 -3.21157 9.45118 78.8361 1.21462 -13 168 1 0 1
7.03774 -2.12984 40.4558 15.5656 -6.32847 56.4656 -0.159706 -13 169 1 0 1
-1.31285 -1.16627 40.4558 -2.85312 -4.41113 67.8775 -0.554177 -13 170 1 0 1
10.7182 -5.3815 40.4558 17.7641 -3.26811 39.124 0.862837 -13 171 1 0 1
0.441715 3.29253 40.4558 4.63968 3.2094 57.0474 -0.275975 -13 172 1 0 1
6.24588 -0.128984 40.4558 15.5464 -1.17981 57.9326 0.256816 -13 173 1 0 1
1.13052 3.49915 40.4558 2.90039 1.31853 68.5511 0.351417 -13 174 1 0 1
-2.90235 -1.57744 40.4558 0.654253 -5.49632 48.8452 -0.0619169 -13 176 1 0 1
8.14225 -4.58483 40.4558 16.7103 -7.69392 49.324 -0.263815 -13 177 1 0 1
1.56398 -2.86221 40.4558 7.12572 -2.92044 52.7066 -0.477414 -13 178 1 0 1
4.24018 -4.63123 40.4558 8.50409 -14.4854 67.9728 -0.645778 -13 179 1 0 1
3.61537 -4.48566 40.4558 10.0642 -6.84918 51.9114 1.64924 -13 180 1 0 1
-1.73151 -1.81028 40.4558 2.61484 -2.53942 40.3053 -1.3496 -13 181 1 0 1
-4.77897 1.01758 40.4558 -1.52541 2.80856 42.1853 -0.789959 -13 182 1 0 1
4.9237 3.58642 40.4558 12.1421 9.50714 42.1544 0.126408 -13 183 1 0 1
-4.9491 1.44084 40.4558 -7.13408 -1.00526 57.9977 0.113189 -13 184 1 0 1
-1.23378 -1.95665 40.4558 0.747009 -6.8892 60.6509 -0.681949 -13 185 1 0 1
2.73459 2.36088 40.4558 8.43684 5.05036 42.1147 -0.541444 -13 186 1 0 1
3.59262 -2.72103 40.4558 7.58447 0.310821 71.3788 1.24004 -13 188 1 0 1
-0.84614 -1.78687 40.4558 -8.36686 -5.56829 79.5958 0.284733 -13 189 1 0 1
-2.91833 1.77945 40.4558 -2.19179 4.08202 60.8004 2.00415 -13 191 1 0 1
2.66223 -0.31332 40.4558 -0.479301 5.78213 80.2104 0.950602 -13 192 1 0 1
-4.79864 0.0259725 40.4558 -1.72515 -3.31393 40.4656 -0.919966 -13 193 1 0 1
2.27247 4.93033 40.4558 4.82474 14.5321 68.7776 -0.147958 -13 194 1 0 1
0.688693 -0.351175 40.4558 4.28475 -0.467902 60.459 2.35966 -13 195 1 0 1
6.6792 1.0456 40.4558 7.25944 -4.44476 80.2698 2.67773 -13 196 1 0 1
-1.38801 6.71694 40.4558 -0.392377 12.9142 62.797 -0.820731 -13 197 1 0 1
6.59718 0.0612686 40.4558 14.2748 0.418952 48.6946 -0.498711 -13 198 1 0 1
-4.66679 8.93458 40.4558 -4.83909 11.8093 57.852 -1.50488 -13 199 1 0 1
-2.2895 -2.71201 40.4558 -0.201353 -2.63886 51.4173 0.762794 -13 200 1 0 1
-2.80679 -1.97453 40.4558 -7.13008 -7.29301 70.1422 0.417395 -13 201 1 0 1
-0.351236 10.1062 40.4558 2.04183 16.3482 58.004 -0.75038 -13 202 1 0 1
0.313714 2.40513 40.4558 2.83579 1.95058 62.0899 0.367062 -13 203 1 0 1
4.33232 -3.40781 40.4558 6.19109 -3.85026 15.8251 -1.32815 -13 204 1 0 1
0.202907 2.69712 40.4558 4.43948 0.33337 50.2628 1.52132 -13 205 1 0 1
-4.56991 1.41422 40.4558 -19.3826 1.67975 75.6471 0.306248 -13 206 1 0 1
-3.52028 -5.33208 40.4558 -3.14632 -10.2802 57.7459 -0.967782 -13 207 1 0 1
-5.27364 0.561363 40.4558 -11.9825 1.90229 69.2145 -0.186994 -13 208 1 0 1
3.16371 3.90014 40.4558 8.28353 4.58077 26.8251 0.200743 -13 209 1 0 1
7.72165 -0.7356 40.4558 16.4439 0.688197 45.7249 -0.283764 -13 210 1 0 1
7.22628 6.32802 40.4558 13.9924 6.31805 41.4751 0.692552 -13 211 1 0 1
0.572209 7.46991 40.4558 -1.4975 17.5055 72.9651 2.19213 -13 212 1 0 1
-5.38545 4.28503 40.4558 -7.60112 6.3004 59.7737 -1.22627 -13 213 1 0 1
1.6994 5.17993 40.4558 1.5168 9.44362 75.4648 1.13528 -13 214 1 0 1
1.01363 -1.74557 40.4558 0.253611 -10.9054 72.0018 1.84747 -13 215 1 0 1
2.79786 -0.0374117 40.4558 5.27825 0.291913 70.0666 1.2505 -13 216 1 0 1
12.0217 1.53353 40.4558 20.6221 5.58951 41.7461 -0.843033 -13 217 1 0 1
-1.64301 4.36857 40.4558 -2.75336 8.70913 65.2899 0.289208 -13 218 1 0 1
1.28772 -1.65931 40.4558 -0.38601 -3.93528 77.9506 0.16651 -13 219 1 0 1
3.09595 1.93723 40.4558 5.79618 1.03408 72.1469 2.5121 -13 220 1 0 1
5.47238 1.21237 40.4558 15.1457 -0.322263 53.8706 1.10025 -13 221 1 0 1
0.99941 3.91622 40.4558 1.05073 10.3113 72.4747 -0.654229 -13 222 1 0 1
-3.04047 -0.877132 40.4558 -4.46633 1.77811 62.2537 1.15288 -13 223 1 0 1
-2.70934 -1.08213 40.4558 -3.20103 -0.506372 63.001 -0.316561 -13 224 1 0 1
1.70834 3.94435 40.4558 6.76065 8.50959 54.7253 -0.138944 -13 226 1 0 1
0.610221 -3.66647 40.4558 3.62398 -8.85179 62.6446 0.181922 -13 227 1 0 1
3.15471 0.526716 40.4558 1.96615 0.590166 78.6602 -1.75904 -13 228 1 0 1
0.216903 3.01102 40.4558 -2.32699 2.31443 73.194 0.401735 -13 229 1 0 1
2.51501 -6.28478 40.4558 8.26031 -9.23962 45.8031 -0.201021 -13 230 1 0 1
9.17543 6.73686 40.4558 18.9624 18.5539 62.8411 1.39601 -13 231 1 0 1
4.29961 3.66342 40.4558 10.7091 6.81453 61.9814 1.01231 -13 232 1 0 1
-2.88085 -0.175733 40.4558 -5.09492 -2.03533 65.9002 -1.30906 -13 233 1 0 1
4.87147 0.95276 40.4558 10.6772 1.86952 67.6123 -0.453634 -13 234 1 0 1
4.54007 -0.170853 40.4558 8.04314 -5.43867 74.0275 0.441585 -13 235 1 0 1
-2.38677 -1.51761 40.4558 -3.43402 -7.68469 65.4241 1.43732 -13 236 1 0 1
6.56602 -6.81982 40.4558 14.8819 -9.31483 52.2438 0.949676 -13 237 1 0 1
0.91546 1.25009 40.4558 3.70268 1.81305 63.0906 0.255275 -13 238 1 0 1
-2.05107 -2.7364 40.4558 -5.97219 -0.809751 70.9547 1.44048 -13 239 1 0 1
5.30415 8.15775 40.4558 13.2288 13.186 46.9873 -0.19387 -13 240 1 0 1
4.73449 1.22347 40.4558 10.4242 1.78811 34.1514 0.940449 -13 241 1 0 1
-0.379937 0.565237 40.4558 2.67791 -3.19873 59.2563 2.00464 -13 242 1 0 1
5.43886 -3.91442 40.4558 12.2027 -5.12416 67.9758 0.0623303 -13 243 1 0 1
4.3563 2.11331 40.4558 6.83527 4.94841 75.9728 0.844334 -13 244 1 0 1
5.52455 1.36188 40.4558 11.1682 10.053 70.8654 -0.517482 -13 245 1 0 1
2.02703 -0.557866 40.4558 3.74298 4.33033 70.968 -0.0206939 -13 246 1 0 1
2.43048 -4.20362 40.4558 7.08457 -4.82418 61.0194 -0.138542 -13 247 1 0 1
0.411266 -2.93038 40.4558 1.29066 -5.91467 68.2701 0.85717 -13 248 1 0 1
9.50484 5.02737 40.4558 19.4387 3.88557 59.3438 -0.74529 -13 249 1 0 1
4.24299 -4.82627 40.4558 8.85651 -11.3059 67.9111 -1.30958 -13 250 1 0 1
6.09159 10.0826 40.4558 14.0184 12.6654 60.7964 -0.823135 -13 251 1 0 1
5.35674 0.827577 40.4558 13.5044 -0.611997 62.7925 0.468791 -13 252 1 0 1
2.98343 3.88008 40.4558 4.73216 13.2207 71.4554 -1.1642 -13 253 1 0 1
3.06772 3.4246 40.4558 9.18948 7.31535 53.7684 -0.289867 -13 254 1 0 1
2.44009 -0.0584201 40.4558 1.79817 4.49662 77.7217 0.137107 -13 255 1 0 1
-0.524914 2.6208 40.4558 2.66836 5.02022 54.7559 -0.735816 -13 256 1 0 1
0.0892663 -6.02796 40.4558 5.13956 -10.6734 43.6903 -0.0380464 -13 257 1 0 1
1.38588 0.0127865 40.4558 4.25832 -2.16676 63.3422 0.324626 -13 258 1 0 1
3.48678 1.27753 40.4558 10.843 -0.788813 57.0947 -0.973151 -13 259 1 0 1
1.27252 1.65293 40.4558 1.79216 -0.390876 72.8874 -0.105825 -13 260 1 0 1
-0.28294 3.24324 40.4558 1.79398 5.79195 60.4836 -0.925163 -13 261 1 0 1
2.11934 0.554934 40.4558 7.47657 2.56048 63.0048 2.30882 -13 262 1 0 1
5.98735 -3.16357 40.4558 13.9981 -6.17304 62.1977 -1.27377 -13 263 1 0 1
-0.354693 -2.22696 40.4558 3.29634 -4.07648 50.8426 0.00317539 -13 264 1 0 1
6.3451 2.65922 40.4558 14.5331 7.6834 62.1729 0.908612 -13 265 1 0 1
3.85035 2.18259 40.4558 8.29463 1.14047 70.6712 0.788085 -13 266 1 0 1
-0.294418 2.83857 40.4558 1.05133 0.101196 63.9085 -0.0917049 -13 267 1 0 1
1.19452 1.84681 40.4558 6.36158 5.31004 43.6767 -0.860635 -13 268 1 0 1
0.42855 3.61529 40.4558 -3.81041 2.12417 78.3416 0.673273 -13 269 1 0 1
-1.01083 -0.244712 40.4558 -0.0247162 -5.3679 64.3771 1.46853 -13 270 1 0 1
6.37838 -0.765771 40.4558 11.2518 -6.92276 77.0257 -0.631066 -13 271 1 0 1
1.81166 -4.47023 40.4558 5.73943 -10.5832 62.175 1.8009 -13 272 1 0 1
-4.36521 2.38725 40.4558 -3.29983 2.79224 55.5399 3.03327 -13 273 1 0 1
3.15818 -1.95014 40.4558 7.30999 -0.0398731 67.753 -1.82854 -13 274 1 0 1
5.48358 -0.480498 40.4558 12.5784 -4.07741 58.5608 -0.0806498 -13 275 1 0 1
6.21358 0.853934 40.4558 15.6787 -0.0704284 57.0679 1.39737 -13 277 1 0 1
-5.7463 0.551419 40.4558 -9.03336 0.972876 61.7944 1.77395 -13 278 1 0 1
-2.08972 0.0608556 40.4558 -4.66356 -7.82482 69.1553 -2.26616 -13 279 1 0 1
2.79285 1.92207 40.4558 7.59428 1.40939 61.3579 0.452859 -13 280 1 0 1
2.02145 -3.21019 40.4558 3.98604 -3.75452 66.7767 -1.08793 -13 281 1 0 1
-0.665419 5.35269 40.4558 2.87089 11.1739 48.1244 -0.598312 -13 282 1 0 1
5.60674 -6.10026 40.4558 13.2931 -9.85329 49.0725 -1.37133 -13 283 1 0 1
-2.25228 5.18171 40.4558 0.197576 3.62798 53.4551 -0.128636 -13 284 1 0 1
-5.56391 1.85045 40.4558 -9.68071 6.2993 62.3039 -0.281705 -13 285 1 0 1
-1.75862 -5.9479 40.4558 -3.67067 -2.23045 69.8112 -1.25297 -13 286 1 0 1
-0.685538 1.41605 40.4558 2.54878 -1.247 52.38 -1.38514 -13 287 1 0 1
3.01334 12.6832 40.4558 1.60206 35.3147 71.659 -0.0731852 -13 288 1 0 1
1.5165 4.29339 40.4558 -0.50725 11.2416 77.7034 0.654218 -13 289 1 0 1
11.4264 -0.0967615 40.4558 19.7032 -1.56015 41.6535 0.415259 -13 290 1 0 1
4.31163 -2.98301 40.4558 6.26739 -10.0167 74.8305 0.643262 -13 291 1 0 1
0.1155 0.799537 40.4558 -1.64625 4.29663 73.6783 -0.0741903 -13 292 1 0 1
-7.97973 3.54087 40.4558 -9.342 11.0975 49.4504 2.2917 -13 293 1 0 1
10.8549 0.962691 40.4558 22.0639 10.0589 67.7932 1.79776 -13 294 1 0 1
-0.100019 2.67698 40.4558 1.1792 4.86152 65.5653 0.283664 -13 295 1 0 1
-3.89994 1.7564 40.4558 -4.19365 2.88731 60.064 -0.0660997 -13 296 1 0 1
6.09766 -1.15541 40.4558 14.3788 -4.36394 52.9075 2.7613 -13 297 1 0 1
1.65388 3.2422 40.4558 3.84309 3.14688 67.4997 -1.66555 -13 298 1 0 1
-9.47734 1.91789 40.4558 -11.2427 8.12166 46.3185 2.98037 -13 299 1 0 1
-1.98767 2.71593 40.4558 -1.35218 1.82965 63.2993 -0.568401 -13 301 1 0 1
-2.32643 0.545657 40.4558 -3.17267 5.47715 64.173 0.435744 -13 302 1 0 1
0.41511 -1.34511 40.4558 2.99127 2.19733 62.82 0.208013 -13 303 1 0 1
0.944264 1.59442 40.4558 2.5642 7.44 66.1465 0.728514 -13 304 1 0 1
-6.59443 5.32758 40.4558 -5.15504 9.13663 45.6513 1.43657 -13 305 1 0 1
-0.168087 -0.919017 40.4558 0.527537 -5.38293 67.1333 -0.84864 -13 306 1 0 1
1.98228 -5.22263 40.4558 3.45673 -18.9353 67.5422 -1.10413 -13 307 1 0 1
0.406592 -5.70686 40.4558 -1.30322 -13.2799 72.8301 0.271785 -13 308 1 0 1
0.579356 3.04822 40.4558 1.97289 6.93248 66.7904 -0.666753 -13 309 1 0 1
6.53234 -1.00639 40.4558 12.517 -1.93795 71.5032 -0.208875 -13 310 1 0 1
-1.27633 0.110392 40.4558 -4.04394 2.3471 71.9296 0.0212094 -13 312 1 0 1
-0.74421 5.30453 40.4558 -3.35 11.1336 72.3455 1.11739 -13 313 1 0 1
4.15236 2.80173 40.4558 7.80144 6.62241 68.9345 -0.409786 -13 314 1 0 1
5.36201 -2.35504 40.4558 13.4001 -0.0365275 61.4255 -1.27086 -13 315 1 0 1
1.84843 -9.54688 40.4558 7.00544 -16.679 51.0246 -1.02871 -13 316 1 0 1
-0.203614 -5.08542 40.4558 1.14796 -12.1019 63.4227 0.94098 -13 317 1 0 1
2.30775 -1.92614 40.4558 5.08068 -1.49066 69.17 -1.23807 -13 318 1 0 1
1.32399 1.25092 40.4558 1.26466 9.00901 70.4616 2.18847 -13 319 1 0 1
6.57462 0.356692 40.4558 13.8661 0.999424 71.3655 0.765013 -13 320 1 0 1
4.96319 0.423835 40.4558 12.0205 -0.287154 56.42 -1.47319 -13 321 1 0 1
1.97901 0.773676 40.4558 -4.70988 4.12291 79.9728 2.02197 -13 322 1 0 1
6.38587 -5.95368 40.4558 11.871 -6.67303 75.0183 0.38883 -13 323 1 0 1
2.43399 2.98551 40.4558 6.56106 6.70646 65.8421 -0.507451 -13 324 1 0 1
4.00366 -1.3694 40.4558 7.73022 -4.74116 72.4347 0.149657 -13 325 1 0 1
-5.77618 5.97496 40.4558 -9.82954 10.0652 60.3274 0.126597 -13 326 1 0 1
-3.76398 -10.0009 40.4558 -2.35227 -18.8129 49.732 0.380115 -13 327 1 0 1
-3.36649 2.12064 40.4558 -3.67613 -4.73311 59.6521 -1.35078 -13 328 1 0 1
0.0793131 3.35973 40.4558 0.28433 10.0349 68.6912 1.25281 -13 329 1 0 1
6.8542 -3.25135 40.4558 12.8533 -3.82657 76.762 -0.686427 -13 330 1 0 1
1.8369 6.81854 40.4558 2.65948 7.92692 72.3915 -1.41666 -13 331 1 0 1
-2.78062 -1.50632 40.4558 1.37281 0.39008 30.021 -1.01592 -13 332 1 0 1
3.37832 1.67256 40.4558 9.61936 4.46021 48.6044 4.2263 -13 333 1 0 1
-2.31757 -2.88292 40.4558 -2.86373 -5.11492 66.2307 0.482682 -13 334 1 0 1
1.88017 -3.00477 40.4558 5.42324 -7.40229 65.5746 0.488494 -13 335 1 0 1
0.134099 -2.48879 40.4558 -1.46721 -4.34861 69.287 -0.514027 -13 336 1 0 1
5.50582 -0.876476 40.4558 13.0655 -6.95809 53.5236 1.03646 -13 338 1 0 1
0.24438 -4.90489 40.4558 4.26616 -6.68633 50.7052 0.515033 -13 339 1 0 1
0.675544 2.53107 40.4558 1.61925 7.86852 69.5556 0.349019 -13 340 1 0 1
5.18772 1.59619 40.4558 9.19475 -1.50537 77.4375 0.097123 -13 341 1 0 1
1.05565 1.65275 40.4558 -0.174137 6.83779 73.8025 0.757303 -13 342 1 0 1
1.38145 -0.902271 40.4558 5.00083 -7.04607 62.273 -0.223398 -13 343 1 0 1
5.37263 -1.5932 40.4558 12.8331 2.06032 48.895 -0.168886 -13 344 1 0 1
0.444833 -0.468071 40.4558 1.40658 1.88351 69.2114 -0.710242 -13 345 1 0 1
-5.4279 0.316293 40.4558 -10.2322 0.336681 65.3407 0.719042 -13 346 1 0 1
-0.397134 0.63364 40.4558 -0.226299 1.70566 68.8817 -0.702345 -13 347 1 0 1
0.532739 0.0650582 40.4558 5.63374 6.21186 53.0843 -0.364407 -13 348 1 0 1
6.70089 -0.249451 40.4558 14.9811 -2.66776 55.5289 0.984766 -13 349 1 0 1
2.7176 -3.15827 40.4558 6.94947 -5.67957 65.1285 0.910382 -13 350 1 0 1
0.0249737 3.7444 40.4558 -0.78975 6.1665 70.4941 -1.41475 -13 352 1 0 1
-0.185452 3.51681 40.4558 1.14156 5.60114 66.2316 -0.100081 -13 353 1 0 1
0.251291 5.59082 40.4558 3.81734 6.45394 54.3769 0.532587 -13 354 1 0 1
2.2858 2.84739 40.4558 2.22261 8.09035 74.5391 -0.345624 -13 355 1 0 1
5.18626 3.13669 40.4558 12.7027 10.1563 58.4821 0.411958 -13 356 1 0 1
0.459839 -0.562392 40.4558 4.96736 1.14698 43.0336 0.156438 -13 357 1 0 1
6.6561 2.38191 40.4558 14.6835 7.8253 50.4868 0.735993 -13 358 1 0 1
3.80136 -1.17384 40.4558 10.4553 3.05826 61.9292 0.584792 -13 359 1 0 1
-0.575975 -2.18261 40.4558 -3.95896 -4.72356 75.4777 -0.484107 -13 360 1 0 1
4.56408 -0.413039 40.4558 6.42708 2.68863 77.3074 -0.00269728 -13 361 1 0 1
-1.29089 1.88491 40.4558 -1.33632 0.18318 66.3838 -2.65704 -13 362 1 0 1
0.86573 -0.655699 40.4558 -1.10684 1.85766 75.5432 -0.182892 -13 363 1 0 1
1.97813 -3.91085 40.4558 4.19388 -6.16409 64.0932 0.373517 -13 364 1 0 1
0.741237 2.45343 40.4558 5.98016 6.7624 49.4952 -1.76737 -13 365 1 0 1
6.02409 -0.484199 40.4558 14.0111 -1.4265 44.6559 2.37504 -13 366 1 0 1
6.06152 0.324481 40.4558 13.7204 -3.03564 40.6246 1.44944 -13 367 1 0 1
0.610538 2.26536 40.4558 3.08906 7.16043 65.0614 0.678318 -13 368 1 0 1
-0.112145 -1.76498 40.4558 2.64002 0.00465838 60.4433 -0.96364 -13 369 1 0 1
-3.36487 1.34123 40.4558 -9.69913 1.94303 72.2327 0.986312 -13 370 1 0 1
1.06504 -2.69559 40.4558 4.28093 -3.77383 66.4082 2.51808 -13 371 1 0 1
0.722553 -2.2916 40.4558 6.06315 -9.74517 53.7904 0.948759 -13 372 1 0 1
-3.27406 -1.97273 40.4558 -5.23056 -5.88852 63.3124 0.829191 -13 373 1 0 1
-0.786619 -0.870353 40.4558 -5.66757 0.268665 76.7141 0.755029 -13 374 1 0 1
-3.06389 1.8701 40.4558 -13.0203 7.9186 78.0186 -1.27311 -13 375 1 0 1
-2.04107 -4.99524 40.4558 -4.9433 -11.251 69.153 0.60163 -13 376 1 0 1
8.44236 -1.8564 40.4558 16.0467 -8.20035 77.1947 1.31554 -13 377 1 0 1
2.91378 0.660798 40.4558 8.87273 -3.56903 48.2977 2.325 -13 378 1 0 1
3.80793 -7.34213 40.4558 7.87995 -20.0156 66.1034 0.77631 -13 379 1 0 1
-2.43929 -8.95053 40.4558 1.72973 -15.4958 42.9518 -0.578868 -13 380 1 0 1
4.17279 -1.23785 40.4558 10.9616 2.80694 59.4929 1.29528 -13 381 1 0 1
5.80339 -4.01764 40.4558 11.7214 -9.76469 71.8181 -0.203389 -13 382 1 0 1
-8.3427 2.28912 40.4558 -10.1 2.52764 49.6456 1.47528 -13 383 1 0 1
6.51212 2.10464 40.4558 15.9615 0.508497 57.3148 -1.20501 -13 384 1 0 1
0.199537 0.639417 40.4558 1.47312 -3.14151 67.7112 1.90952 -13 385 1 0 1
0.356919 1.06683 40.4558 0.689336 0.839324 70.0981 2.06473 -13 386 1 0 1
-0.891254 0.32886 40.4558 -3.55286 -1.69839 71.8211 0.257293 -13 387 1 0 1
0.937705 -0.399393 40.4558 5.98007 0.472673 52.2043 -0.614327 -13 388 1 0 1
8.6444 -1.26758 40.4558 19.7619 -0.184978 60.8547 1.18004 -13 389 1 0 1
-0.879303 3.18503 40.4558 1.14067 5.26806 63.779 0.887468 -13 390 1 0 1
8.7895 0.897368 40.4558 18.8616 0.300419 49.9768 -0.0860868 -13 391 1 0 1
-2.92503 2.04123 40.4558 -1.09369 -1.34319 54.8209 0.354393 -13 392 1 0 1
0.357721 6.97666 40.4558 2.45741 11.1665 60.6035 -0.663562 -13 394 1 0 1
0.692077 4.20621 40.4558 -0.904663 15.0329 74.4481 -1.52203 -13 395 1 0 1
6.02447 3.52728 40.4558 13.6434 3.10485 63.5612 -0.0107727 -13 396 1 0 1
3.18379 -3.59506 40.4558 8.50163 -4.78333 59.8009 1.40886 -13 397 1 0 1
2.11332 -0.704363 40.4558 4.98325 -3.25781 66.8527 1.00251 -13 398 1 0 1
2.30234 -5.98158 40.4558 3.46048 -10.7313 71.1103 2.18191 -13 399 1 0 1
2.844 -1.0639 40.4558 7.57214 6.12162 64.7218 0.114079 -13 400 1 0 1
5.19163 -0.0815836 40.4558 10.2519 1.15118 71.4901 -0.0881287 -13 401 1 0 1
-1.21868 -2.96134 40.4558 1.29394 -7.53044 58.1795 -0.150466 -13 402 1 0 1
1.2463 -8.43524 40.4558 2.62539 -24.1759 68.067 0.369862 -13 403 1 0 1
3.05015 -1.75371 40.4558 7.55333 -8.17236 66.1615 1.35389 -13 404 1 0 1
-0.169559 -1.4504 40.4558 5.26538 -1.67185 27.7526 -2.27702 -13 405 1 0 1
-0.0934738 -1.71208 40.4558 1.80845 -8.41575 60.441 -0.434526 -13 406 1 0 1
0.0567791 -0.372662 40.4558 1.31706 2.34655 66.3449 1.42439 -13 407 1 0 1
7.43958 3.59057 40.4558 16.9143 7.64817 56.2088 1.95564 -13 408 1 0 1
2.49334 5.43932 40.4558 7.20074 10.0564 62.2561 0.46895 -13 409 1 0 1
0.500234 -2.86833 40.4558 -2.0405 -6.94125 76.2262 -2.43791 -13 410 1 0 1
-2.28499 7.27353 40.4558 2.10118 5.30656 42.5812 0.71844 -13 411 1 0 1
1.28991 -3.96399 40.4558 3.19814 -9.19113 66.9933 1.40211 -13 412 1 0 1
-0.0018309 2.74591 40.4558 -4.89389 4.20804 78.9434 0.222269 -13 413 1 0 1
-4.83355 -3.19436 40.4558 -5.39188 -4.77503 58.5868 1.13925 -13 414 1 0 1
4.57642 2.90569 40.4558 11.2839 7.01716 56.771 0.49314 -13 415 1 0 1
8.3551 0.723876 40.4558 11.7008 2.14246 26.3112 5.14134 -13 416 1 0 1
5.00326 -10.9241 40.4558 11.1921 -12.4911 41.0694 0.0458974 -13 417 1 0 1
1.78189 2.55715 40.4558 3.72167 2.38858 69.7661 1.61165 -13 418 1 0 1
6.41858 -0.81612 40.4558 14.8007 -1.16205 63.0695 0.65503 -13 419 1 0 1
2.0595 -2.6137 40.4558 2.79635 -10.3343 73.5581 -0.302208 -13 421 1 0 1
4.03506 9.54818 40.4558 9.13936 21.256 63.7269 0.540019 -13 422 1 0 1
-4.31787 -10.8485 40.4558 -2.27561 -12.0816 46.8379 -0.0658762 -13 423 1 0 1
7.91303 7.98134 40.4558 17.5134 7.66395 46.1652 0.79303 -13 424 1 0 1
0.677528 0.823467 40.4558 3.79342 3.72447 64.2403 0.0800268 -13 425 1 0 1
1.63061 -0.132273 40.4558 0.27916 4.36458 74.4667 -1.28674 -13 426 1 0 1
5.54423 -5.231 40.4558 12.3106 -6.92359 62.592 -0.386894 -13 427 1 0 1
-0.193218 4.00135 40.4558 0.391774 13.2791 65.3965 0.523755 -13 428 1 0 1
7.02813 -3.84584 40.4558 16.618 -9.27994 55.9385 0.0380309 -13 429 1 0 1
-3.39598 6.07603 40.4558 -9.49241 14.9969 70.0029 -1.56822 -13 430 1 0 1
3.46406 -1.90582 40.4558 4.42437 -5.71248 75.9117 2.02594 -13 431 1 0 1
3.61153 1.17705 40.4558 8.3003 5.97384 67.6822 2.08102 -13 432 1 0 1
1.9304 -2.65326 40.4558 3.12786 -11.9303 70.0358 1.51167 -13 433 1 0 1
3.34054 2.49861 40.4558 9.27938 10.3769 58.9329 0.25633 -13 434 1 0 1
10.6332 2.36274 40.4558 21.1901 2.6456 56.7592 1.2043 -13 435 1 0 1
2.46094 -0.480251 40.4558 5.49962 0.167766 67.4144 -2.18307 -13 437 1 0 1
-1.34419 -0.700627 40.4558 2.39971 -0.788089 55.3908 2.08813 -13 438 1 0 1
1.79335 -6.98319 40.4558 4.92337 -11.7653 62.959 -0.994929 -13 439 1 0 1
3.85187 2.7509 40.4558 9.69852 7.00584 60.9044 0.348446 -13 440 1 0 1
-2.20814 -0.370952 40.4558 -6.57587 -1.4038 71.5311 1.48836 -13 441 1 0 1
-1.61901 -2.85109 40.4558 -2.02085 -0.514951 66.0223 -0.012379 -13 442 1 0 1
1.84356 -1.35809 40.4558 7.11717 2.83104 57.1305 1.16928 -13 443 1 0 1
7.81908 -0.663842 40.4558 16.3458 0.44118 68.8918 1.10179 -13 444 1 0 1
5.63438 1.44404 40.4558 11.9927 -2.69372 68.8325 0.190189 -13 445 1 0 1
-0.408347 -5.75945 40.4558 -0.836373 -7.92689 69.305 -1.43393 -13 446 1 0 1
4.59662 0.125781 40.4558 11.6849 1.08637 56.5671 -0.312359 -13 447 1 0 1
0.0721385 0.0478504 40.4558 -0.173605 3.27035 70.9114 -1.8837 -13 448 1 0 1
-0.458066 0.825896 40.4558 2.81151 -0.488496 53.0975 -0.0603032 -13 449 1 0 1
5.36056 2.47342 40.4558 7.02528 1.75011 80.8935 0.194183 -13 451 1 0 1
1.12099 -0.692327 40.4558 3.97709 -3.12647 67.5554 1.21328 -13 452 1 0 1
2.72968 -1.60642 40.4558 9.26897 -1.9494 59.6555 -0.210645 -13 453 1 0 1
-3.17547 1.89278 40.4558 0.263702 2.34364 50.9067 1.4832 -13 454 1 0 1
4.9905 0.644833 40.4558 12.9893 -2.0306 54.9918 0.31974 -13 455 1 0 1
4.5777 3.75296 40.4558 10.4819 9.60776 64.0362 -0.513076 -13 456 1 0 1
5.79643 -0.660227 40.4558 15.0043 2.60207 55.9245 0.927446 -13 457 1 0 1
4.53986 -10.1915 40.4558 10.4963 -16.7432 53.2251 -0.967533 -13 458 1 0 1
6.56202 5.64141 40.4558 13.5703 8.99393 73.9456 1.79798 -13 459 1 0 1
-0.0416227 0.222906 40.4558 0.456545 3.24255 65.7919 -0.0374046 -13 460 1 0 1
-2.27195 2.36838 40.4558 -3.3429 8.02397 66.2399 0.470686 -13 461 1 0 1
3.78001 -0.947763 40.4558 9.85267 -1.39026 64.8018 -0.166378 -13 462 1 0 1
3.29211 0.0730991 40.4558 7.11792 0.982662 68.9588 1.59639 -13 463 1 0 1
5.02735 7.75985 40.4558 11.6053 16.2754 59.9416 -0.0203264 -13 464 1 0 1
-3.67526 7.54467 40.4558 -0.590253 9.82204 39.1003 -0.671574 -13 465 1 0 1
3.23457 3.52402 40.4558 8.69622 8.14933 56.7576 0.465447 -13 466 1 0 1
3.59637 3.25603 40.4558 10.083 6.18387 39.2429 0.0225374 -13 467 1 0 1
1.50568 1.07031 40.4558 7.00834 -3.24971 56.2466 -0.701794 -13 468 1 0 1
0.634921 6.7877 40.4558 5.32347 11.17 52.5764 0.591388 -13 469 1 0 1
3.32743 -4.49004 40.4558 7.87824 -6.55569 64.5694 -0.332491 -13 470 1 0 1
1.99168 4.56394 40.4558 7.89525 6.50269 49.5102 1.34348 -13 471 1 0 1
4.52008 -6.49871 40.4558 11.1054 -9.13374 42.4221 1.3566 -13 472 1 0 1
0.989729 -1.27031 40.4558 6.33942 -3.18214 55.4958 -0.474822 -13 473 1 0 1
5.55192 -3.02274 40.4558 13.8572 -6.11994 60.9546 -0.482435 -13 474 1 0 1
3.2417 2.20558 40.4558 6.61599 7.89308 72.1094 1.70271 -13 475 1 0 1
-3.60711 4.88102 40.4558 -5.08272 11.3855 61.5549 0.135109 -13 476 1 0 1
1.62425 6.16672 40.4558 5.29256 9.85283 67.1718 -1.15056 -13 477 1 0 1
0.096155 -3.11925 40.4558 1.57366 -4.88208 62.0693 -1.64526 -13 478 1 0 1
2.20879 1.14741 40.4558 7.22708 -0.216591 48.5423 -0.464281 -13 479 1 0 1
4.9628 1.94453 40.4558 12.2921 5.55771 54.1658 0.463065 -13 480 1 0 1
3.15707 -2.66981 40.4558 9.31611 -3.31792 34.6815 0.782062 -13 481 1 0 1
-1.28894 -2.0295 40.4558 3.11892 -6.60468 44.4425 0.565991 -13 482 1 0 1
-2.7369 5.52102 40.4558 -6.23456 10.653 68.7395 0.934246 -13 483 1 0 1
-1.35589 1.29245 40.4558 -2.96289 0.694134 67.877 -1.12066 -13 484 1 0 1
-4.38204 -5.15609 40.4558 -5.10196 -12.535 57.7987 2.00761 -13 485 1 0 1
1.65495 -4.78883 40.4558 5.82427 -13.0955 57.9682 2.9033 -13 486 1 0 1
6.27675 2.78749 40.4558 13.0741 3.07444 68.4314 0.288177 -13 487 1 0 1
-6.18314 -1.84181 40.4558 -9.75945 -3.99677 61.1037 -0.736597 -13 488 1 0 1
0.973276 0.250889 40.4558 5.95955 6.62191 42.7883 1.52 -13 489 1 0 1
0.0597871 -4.62503 40.4558 2.17675 -13.435 62.5907 -1.65677 -13 490 1 0 1
3.51844 1.48694 40.4558 7.2764 -1.97605 70.4236 1.01446 -13 491 1 0 1
2.28145 0.793288 40.4558 6.80005 5.9778 61.2353 1.33927 -13 492 1 0 1
-0.399101 -1.1455 40.4558 3.30964 -3.15891 59.9455 1.18239 -13 493 1 0 1
2.15822 -0.357795 40.4558 7.70792 -3.09193 37.6153 0.290701 -13 494 1 0 1
2.05193 7.35658 40.4558 8.43348 4.89142 41.3646 -2.51011 -13 495 1 0 1
3.64348 -4.30322 40.4558 9.98229 -6.12198 44.6979 0.456795 -13 496 1 0 1
3.10755 -0.338045 40.4558 7.66698 0.0147132 64.3597 0.430147 -13 497 1 0 1
-0.226916 2.5673 40.4558 -0.60171 6.69929 69.2549 -0.268702 -13 498 1 0 1
1.21753 3.16809 40.4558 5.97519 2.25351 52.292 -0.662626 -13 499 1 0 1
9.62531 0.377707 40.4558 19.3735 -2.8217 49.4405 -0.960406 -13 500 1 0 1
4.47427 2.79386 40.4558 5.58102 4.13426 79.4549 -0.141598 -13 501 1 0 1
-4.57268 5.16176 40.4558 -9.42119 7.3974 66.3384 -1.00921 -13 502 1 0 1
-0.706717 -6.36797 40.4558 -1.5665 -8.65175 69.6658 -1.46854 -13 503 1 0 1
1.67119 1.22201 40.4558 3.80208 4.72116 66.5437 0.449927 -13 504 1 0 1
8.73162 0.0137798 40.4558 19.3993 -0.117502 54.8627 -0.967903 -13 505 1 0 1
-0.420853 -0.439275 40.4558 -7.00041 -3.63199 79.222 1.42004 -13 506 1 0 1
5.73043 6.73915 40.4558 12.5277 11.6862 48.4239 0.62377 -13 507 1 0 1
5.51665 -4.51436 40.4558 13.5757 -6.5298 61.9529 1.12761 -13 508 1 0 1
6.43111 -4.02813 40.4558 12.7579 -8.45699 72.2017 0.164156 -13 509 1 0 1
-3.01962 4.01984 40.4558 -2.97958 7.12276 61.3028 1.30443 -13 510 1 0 1
-4.42884 -1.11688 40.4558 -11.147 0.375592 71.5136 2.20021 -13 511 1 0 1
-2.02674 -2.16572 40.4558 -1.34947 -3.35921 59.1034 -0.25691 -13 512 1 0 1
3.01443 0.629078 40.4558 9.04504 3.65417 51.2567 1.27618 -13 513 1 0 1
-1.35358 0.609457 40.4558 0.451254 1.51057 55.6276 -3.33086 -13 514 1 0 1
-4.01474 -0.333025 40.4558 -8.49486 0.243549 66.4318 -1.30522 -13 515 1 0 1
-0.641279 -0.0572186 40.4558 1.74234 4.94788 56.9917 -1.79875 -13 516 1 0 1
1.89229 -0.433922 40.4558 2.97173 -4.96029 72.3784 -0.988701 -13 517 1 0 1
1.73319 -0.137138 40.4558 5.69302 1.5868 65.2076 0.950973 -13 518 1 0 1
-1.14223 1.48858 40.4558 -8.65661 1.73966 78.5414 0.0538175 -13 519 1 0 1
1.251 -1.53879 40.4558 5.86064 -6.97106 60.7003 2.65937 -13 520 1 0 1
-0.0628047 -5.28573 40.4558 -0.242136 -9.91204 70.0284 -1.34396 -13 521 1 0 1
3.69256 2.33913 40.4558 2.76362 5.16827 80.5201 1.03562 -13 522 1 0 1
-2.77263 3.33112 40.4558 -6.66728 4.41224 70.031 0.994784 -13 523 1 0 1
1.15316 -4.56987 40.4558 5.28502 -1.64798 61.5686 0.857311 -13 524 1 0 1
0.674339 6.99435 40.4558 5.88757 8.4468 40.2907 0.820981 -13 525 1 0 1
-2.02699 -1.70141 40.4558 -6.85578 1.25999 72.2809 0.167018 -13 526 1 0 1
-1.40602 5.1561 40.4558 -0.237799 10.3673 59.7779 1.15703 -13 527 1 0 1
-1.51909 2.03006 40.4558 1.68285 3.09763 55.2865 2.81677 -13 528 1 0 1
7.07816 -3.86956 40.4558 14.5582 -14.7365 69.517 0.922161 -13 529 1 0 1
2.10143 2.01744 40.4558 5.73406 4.20047 67.2537 -0.482514 -13 530 1 0 1
0.758162 1.61001 40.4558 5.32285 4.62304 58.9459 1.12071 -13 531 1 0 1
-5.08219 3.49578 40.4558 -4.59529 9.2299 53.4857 1.78641 -13 532 1 0 1
-2.49188 -9.39817 40.4558 0.798557 -9.6189 31.8798 3.46795 -13 533 1 0 1
4.91539 -1.03434 40.4558 10.5442 -0.687077 69.8899 1.09154 -13 534 1 0 1
3.5148 3.86234 40.4558 6.81578 16.162 68.1079 -2.70541 -13 535 1 0 1
3.97785 -1.02176 40.4558 10.5032 1.72757 54.9405 -0.780533 -13 536 1 0 1
4.7969 4.77773 40.4558 12.866 7.7167 61.6264 0.234552 -13 538 1 0 1
-16.8705 10.3949 40.4558 -14.708 1.23051 39.6773 1.17816 -13 539 1 0 1
8.51109 -2.33014 40.4558 16.3453 -4.12753 75.9615 1.50009 -13 540 1 0 1
1.22292 3.78312 40.4558 1.30172 11.755 70.8016 1.06926 -13 541 1 0 1
3.53567 1.22215 40.4558 8.10669 5.07053 67.5537 0.13273 -13 542 1 0 1
5.28673 -1.16827 40.4558 12.6964 -6.84165 66.1556 -0.396313 -13 543 1 0 1
3.417 -0.503046 40.4558 9.06307 -2.23059 63.6438 0.548192 -13 544 1 0 1
-0.0911766 -9.85379 40.4558 -1.40149 -24.852 68.5077 1.26822 -13 545 1 0 1
2.58225 -10.2731 40.4558 7.43828 -13.8968 42.9156 0.637449 -13 546 1 0 1
0.684724 6.267 40.4558 4.79228 12.4713 52.238 -0.572489 -13 547 1 0 1
2.50885 1.41288 40.4558 6.79934 7.50338 61.4849 2.38859 -13 548 1 0 1
3.05805 -3.67159 40.4558 9.00536 -3.0428 57.647 2.69251 -13 549 1 0 1
-4.97684 5.23028 40.4558 -11.2278 13.8345 67.4028 -2.37419 -13 550 1 0 1
3.63506 -6.33175 40.4558 8.79681 -3.35876 36.0479 1.39348 -13 551 1 0 1
-3.54302 -1.58249 40.4558 -3.69814 -4.97339 60.0026 0.35186 -13 553 1 0 1
-3.13948 -0.251435 40.4558 -5.85035 -2.69031 65.714 -0.890103 -13 554 1 0 1
4.45399 2.12314 40.4558 6.96891 5.20374 73.605 1.35724 -13 555 1 0 1
-1.09853 4.57489 40.4558 0.778943 7.63881 56.9728 0.619501 -13 556 1 0 1
3.86718 0.0995018 40.4558 10.0543 -1.34029 61.2985 2.55377 -13 557 1 0 1
1.00389 0.291829 40.4558 3.94192 -2.06494 64.0407 -2.48925 -13 558 1 0 1
-4.98859 2.70466 40.4558 -3.3057 4.78741 47.115 -1.28591 -13 560 1 0 1
-3.25017 3.06176 40.4558 -8.07473 3.56832 69.4093 1.2172 -13 562 1 0 1
4.95907 -0.235502 40.4558 9.81015 -4.05839 70.3408 -0.222593 -13 564 1 0 1
-4.71163 -1.91928 40.4558 -5.48292 -1.25508 57.0191 1.38873 -13 565 1 0 1
-0.841801 0.572089 40.4558 -4.8052 -0.17447 74.0576 0.851714 -13 566 1 0 1
-2.93665 -2.24917 40.4558 -0.827381 -2.19877 53.5296 0.326283 -13 567 1 0 1
-1.05379 1.04091 40.4558 -3.21807 4.30351 71.9357 0.289675 -13 568 1 0 1
1.45451 -2.62195 40.4558 4.72772 -6.18342 61.7498 1.91377 -13 569 1 0 1
0.373651 -4.82753 40.4558 5.13878 -5.92935 52.573 -2.28009 -13 570 1 0 1
0.203631 4.22721 40.4558 4.24863 5.8734 27.3526 0.0296746 -13 571 1 0 1
3.19311 -1.82729 40.4558 4.80158 -8.15888 75.3688 -0.0351656 -13 572 1 0 1
-2.59195 1.25341 40.4558 -5.33442 -2.60765 68.5645 2.05649 -13 573 1 0 1
-1.94055 8.5047 40.4558 -1.48952 19.6551 58.1686 -0.840468 -13 574 1 0 1
1.70539 -1.3883 40.4558 3.23132 -3.24468 69.7993 0.294777 -13 575 1 0 1
0.936335 3.04755 40.4558 2.35824 0.323803 68.9901 -0.781977 -13 576 1 0 1
2.90576 -4.17498 40.4558 6.80526 -2.53772 65.6994 -1.85914 -13 577 1 0 1
-0.15268 5.58038 40.4558 -2.14198 14.048 72.3926 2.05281 -13 578 1 0 1
5.35648 -6.12445 40.4558 13.3581 -12.7394 60.8135 -0.127398 -13 579 1 0 1
-3.70295 2.72259 40.4558 -7.83972 9.93184 66.6745 1.5901 -13 580 1 0 1
4.10344 2.05979 40.4558 10.4787 1.42693 62.0253 0.190292 -13 581 1 0 1
7.78587 -0.447976 40.4558 16.1902 2.28233 47.0702 0.131558 -13 582 1 0 1
3.65982 0.69501 40.4558 7.32545 -0.423722 71.2352 -0.330108 -13 583 1 0 1
4.8541 4.4261 40.4558 10.7318 4.95299 64.0231 -0.641105 -13 584 1 0 1
0.896651 -5.55507 40.4558 2.22445 -14.8425 64.095 -1.93292 -13 585 1 0 1
4.19165 -3.73847 40.4558 8.1358 -11.1999 71.2896 2.29458 -13 586 1 0 1
-1.16588 5.14957 40.4558 -5.51514 16.7503 72.9606 0.475599 -13 587 1 0 1
4.13649 -2.02629 40.4558 9.67321 -0.786089 66.6037 -2.00767 -13 588 1 0 1
2.22246 2.64934 40.4558 4.24639 4.13653 70.7484 -1.13262 -13 589 1 0 1
-2.34418 -4.01149 40.4558 -7.81826 -14.103 73.6727 -0.751625 -13 590 1 0 1
-0.339825 -1.21422 40.4558 -5.55129 0.555037 78.2978 2.69329 -13 591 1 0 1
0.527312 0.164757 40.4558 1.15243 -1.5565 71.6874 -2.49989 -13 592 1 0 1
2.10275 3.28503 40.4558 6.76469 1.01834 64.3189 2.06112 -13 593 1 0 1
-2.63907 0.922413 40.4558 -4.78529 -0.883528 63.9649 0.360923 -13 594 1 0 1
3.14537 -2.2984 40.4558 7.86096 -1.2643 63.9927 0.705526 -13 595 1 0 1
-2.60934 -0.678666 40.4558 -13.509 -2.48614 78.6528 0.0401608 -13 597 1 0 1
3.82406 -3.68548 40.4558 2.61273 -11.283 80.6917 -1.60096 -13 598 1 0 1
-2.81659 -0.523553 40.4558 0.538779 -0.896311 48.0772 -1.42592 -13 599 1 0 1
0.885018 -5.0238 40.4558 5.8876 -8.68531 50.0816 0.702469 -13 600 1 0 1
3.87367 0.859018 40.4558 9.71958 1.12161 59.1356 1.31982 -13 601 1 0 1
2.15208 -3.10036 40.4558 6.62655 -5.89993 64.5102 0.766244 -13 602 1 0 1
-5.70868 -1.97717 40.4558 -12.4608 -3.66722 67.6585 -1.13206 -13 603 1 0 1
4.04891 -1.38886 40.4558 12.0004 -4.2302 46.7986 0.315857 -13 604 1 0 1
-0.284866 -8.36579 40.4558 2.05627 -13.8879 59.4685 0.19968 -13 605 1 0 1
4.94208 0.650538 40.4558 10.2062 1.30824 65.7472 2.76125 -13 606 1 0 1
7.11177 4.34348 40.4558 12.4228 15.9687 75.0085 -0.619352 -13 607 1 0 1
-3.46675 -0.792854 40.4558 -10.1619 5.05655 72.8863 0.29088 -13 609 1 0 1
-0.859184 -0.304607 40.4558 -1.50728 7.27621 68.2229 -1.53038 -13 610 1 0 1
-1.19547 0.979825 40.4558 1.77741 -1.68543 54.8394 1.07059 -13 611 1 0 1
7.7607 0.263273 40.4558 16.5814 3.95421 55.1068 -2.07581 -13 612 1 0 1
6.21991 -4.87437 40.4558 12.2725 -5.79669 38.2957 1.54725 -13 613 1 0 1
2.40849 -1.48144 40.4558 7.14869 -6.93976 64.7137 -0.15162 -13 614 1 0 1
-1.89375 -0.465621 40.4558 -5.62632 -6.92853 73.5961 0.963144 -13 615 1 0 1
4.7225 1.83759 40.4558 7.31269 7.59357 78.2282 -0.069179 -13 616 1 0 1
3.45922 -4.27485 40.4558 8.54698 -6.57405 63.812 -0.536679 -13 617 1 0 1
-0.103124 10.1243 40.4558 1.97795 20.7452 56.9946 -0.859719 -13 618 1 0 1
6.83284 7.41702 40.4558 14.4787 14.2752 47.9155 0.905415 -13 619 1 0 1
1.60555 2.06118 40.4558 -0.888689 4.48073 78.1044 -2.06155 -13 620 1 0 1
2.25477 -4.44061 40.4558 7.24647 -3.38171 59.984 0.846631 -13 621 1 0 1
6.49339 -14.3704 40.4558 14.3054 -21.6884 54.879 0.53931 -13 622 1 0 1
0.700932 -1.92075 40.4558 4.66581 1.12492 60.6444 -0.128851 -13 623 1 0 1
4.22203 1.7967 40.4558 11.0674 1.02293 65.0811 -0.133759 -13 624 1 0 1
1.08883 6.05235 40.4558 5.34676 6.99632 59.3644 -0.676934 -13 625 1 0 1
2.64705 0.0624004 40.4558 4.36782 -3.0924 70.9623 2.61266 -13 626 1 0 1
-2.23914 0.116087 40.4558 -9.35058 7.90541 76.2608 0.732838 -13 627 1 0 1
6.12939 1.48794 40.4558 13.5458 5.25477 71.9304 0.304331 -13 628 1 0 1
-0.454441 5.44373 40.4558 1.16652 13.8609 65.3343 0.35961 -13 629 1 0 1
-1.98449 -0.302239 40.4558 -2.4291 2.2146 64.61 0.82816 -13 630 1 0 1
1.04725 -0.247086 40.4558 6.27016 0.420348 59.3641 -0.479977 -13 631 1 0 1
1.6936 -1.67869 40.4558 4.09253 -2.65097 67.9629 -1.34433 -13 632 1 0 1
12.7042 4.01755 40.4558 25.9416 5.70316 52.2913 -0.620413 -13 633 1 0 1
-5.5697 10.1804 40.4558 -8.42948 19.8766 58.1723 0.0607402 -13 634 1 0 1
8.15516 -1.1684 40.4558 17.4619 -0.0634239 50.3242 0.38717 -13 635 1 0 1
-1.87487 2.47279 40.4558 -6.35445 10.802 72.7934 -1.94418 -13 636 1 0 1
5.57349 0.857191 40.4558 10.7398 -0.245668 72.0665 0.255139 -13 637 1 0 1
0.852879 -7.08638 40.4558 5.47683 -7.47238 31.4326 0.285626 -13 638 1 0 1
3.85814 -5.06808 40.4558 8.65781 -10.5409 65.4847 -1.7907 -13 639 1 0 1
3.74734 3.18925 40.4558 8.95397 3.951 39.1665 -1.94103 -13 640 1 0 1
5.03555 -5.72055 40.4558 11.5376 -13.0132 60.9835 -1.14201 -13 641 1 0 1
1.79879 -5.5477 40.4558 7.15955 -7.70341 57.722 0.141502 -13 642 1 0 1
1.25413 -4.71499 40.4558 1.70854 -11.3093 71.0255 -0.218179 -13 643 1 0 1
-2.69175 -5.17555 40.4558 -0.975316 -10.3113 50.6405 2.43328 -13 644 1 0 1
3.01603 -5.37622 40.4558 8.93348 -8.74304 56.5704 1.18208 -13 645 1 0 1
-2.99979 2.2153 40.4558 -9.4445 4.3838 71.9816 1.50957 -13 646 1 0 1
-3.68097 -1.00871 40.4558 -14.6311 0.203457 77.385 -1.34342 -13 647 1 0 1
4.23632 -0.405826 40.4558 10.1608 0.554013 67.929 0.0413768 -13 649 1 0 1
2.04273 -3.87823 40.4558 2.20102 -6.09734 73.8459 1.10493 -13 650 1 0 1
2.92258 1.62428 40.4558 6.19659 2.74408 68.1837 0.640579 -13 651 1 0 1
0.273173 -2.29222 40.4558 1.05459 -6.40481 66.1895 1.14646 -13 652 1 0 1
2.16455 -3.6079 40.4558 4.38618 -5.10817 68.5094 0.767982 -13 653 1 0 1
2.47698 -1.60007 40.4558 9.81458 -1.75779 40.8755 -0.226904 -13 654 1 0 1
-1.92061 -4.15174 40.4558 2.05031 -6.90719 36.2027 0.367363 -13 655 1 0 1
-3.43685 4.65457 40.4558 -6.59374 13.5375 64.1562 0.0317407 -13 656 1 0 1
4.73368 -3.72258 40.4558 11.7816 -2.8911 60.7278 0.75222 -13 657 1 0 1
1.29671 -6.34741 40.4558 1.95143 -9.36125 69.5382 2.35785 -13 659 1 0 1
1.47855 -2.88853 40.4558 3.35068 -4.89449 66.5231 -1.3707 -13 660 1 0 1
1.31254 -0.119728 40.4558 -1.42851 -6.66483 76.7562 1.75699 -13 661 1 0 1
-1.23373 2.38928 40.4558 0.661886 4.55896 58.6255 -0.130275 -13 662 1 0 1
4.29202 0.735402 40.4558 11.2266 3.67219 57.1251 0.582882 -13 663 1 0 1
0.700279 -4.20324 40.4558 -0.204113 -8.00549 70.6713 1.86247 -13 664 1 0 1
1.0249 -1.46417 40.4558 -1.25837 -5.91084 77.1151 0.425795 -13 665 1 0 1
-4.18252 0.553466 40.4558 -5.78269 3.09478 61.9533 1.11162 -13 666 1 0 1
-1.4869 -0.540805 40.4558 -0.897852 0.156123 61.207 -2.02152 -13 667 1 0 1
-0.162356 -2.94133 40.4558 3.9095 -4.83454 36.5679 0.914169 -13 668 1 0 1
2.33456 -6.1476 40.4558 6.48808 -12.9556 67.2273 1.51133 -13 669 1 0 1
0.187632 0.291584 40.4558 -1.32357 2.31008 73.3902 0.151356 -13 670 1 0 1
7.15166 -4.74808 40.4558 16.4292 -8.99838 61.5329 0.616604 -13 671 1 0 1
6.4403 5.51483 40.4558 13.408 9.16862 55.4352 1.70129 -13 672 1 0 1
1.6678 11.432 40.4558 5.83608 19.2776 57.9648 0.477294 -13 673 1 0 1
8.40872 3.40746 40.4558 16.9819 7.01481 60.6058 0.990783 -13 674 1 0 1
0.129358 -6.38886 40.4558 2.42738 -14.9506 62.1559 3.30623 -13 675 1 0 1
7.76525 1.65558 40.4558 15.9865 5.03759 47.9793 -0.0175855 -13 676 1 0 1
8.21161 0.157836 40.4558 16.6539 -1.3127 65.2477 1.13783 -13 677 1 0 1
2.69078 1.59108 40.4558 5.05126 11.9829 71.4719 1.67575 -13 678 1 0 1
-2.31687 5.67337 40.4558 -5.02361 13.3025 67.1906 0.141524 -13 679 1 0 1
-2.36973 3.06312 40.4558 -0.177461 3.33545 56.4515 -0.746907 -13 680 1 0 1
1.71976 0.571908 40.4558 2.30496 -6.84873 73.4159 -3.10662 -13 681 1 0 1
2.19064 -4.63198 40.4558 7.54761 -11.6232 34.9991 0.194176 -13 682 1 0 1
9.78243 -0.11633 40.4558 19.8112 5.79187 58.9454 2.18621 -13 683 1 0 1
0.0738347 -4.57245 40.4558 2.31743 -8.00366 61.2257 -0.0703529 -13 684 1 0 1
13.3811 -2.2306 40.4558 27.1867 -8.69838 65.129 -1.52962 -13 685 1 0 1
4.57108 3.02915 40.4558 10.0808 7.42488 69.6949 0.54972 -13 686 1 0 1
-6.68364 0.427919 40.4558 -6.46147 3.45175 45.99 1.85944 -13 687 1 0 1
0.339265 3.48531 40.4558 1.54507 4.06623 66.8828 0.108972 -13 688 1 0 1
-10.8235 8.10896 40.4558 -3.68714 6.03575 18.5803 0.0253306 -13 689 1 0 1
3.81136 -4.52174 40.4558 10.2767 -11.6246 59.187 1.14681 -13 690 1 0 1
2.86468 1.15888 40.4558 6.67208 -1.45222 65.4062 -1.81204 -13 691 1 0 1
-1.0441 1.95692 40.4558 -0.451505 -1.12713 62.4922 -0.801712 -13 692 1 0 1
3.00353 2.61459 40.4558 8.25933 -3.25177 50.538 1.98936 -13 693 1 0 1
2.15447 -5.30356 40.4558 5.41506 -6.58502 65.0122 2.5139 -13 694 1 0 1
2.93299 3.38714 40.4558 8.00329 7.41098 64.7038 0.499867 -13 696 1 0 1
0.723827 1.31663 40.4558 -0.605747 5.56017 71.289 0.676747 -13 697 1 0 1
7.52018 -5.09944 40.4558 16.3888 -5.07168 42.6781 -0.527906 -13 699 1 0 1
2.11677 -1.78067 40.4558 2.97624 -3.79429 72.6368 1.5417 -13 700 1 0 1
3.54435 4.22311 40.4558 8.05803 13.1557 68.7392 1.49052 -13 701 1 0 1
3.57641 0.13621 40.4558 9.41407 0.878546 44.423 1.5048 -13 702 1 0 1
-0.512208 2.98607 40.4558 -7.33063 5.19958 79.711 -2.07677 -13 703 1 0 1
5.99441 3.85873 40.4558 14.818 10.512 55.7071 -0.306695 -13 704 1 0 1
1.24856 2.97765 40.4558 6.24457 3.57544 53.8676 1.58253 -13 705 1 0 1
0.0188229 1.48087 40.4558 4.64029 3.22057 55.1139 -1.43478 -13 706 1 0 1
2.42457 -0.535172 40.4558 4.17035 5.69854 72.3335 3.46854 -13 707 1 0 1
-4.57837 -3.3053 40.4558 -5.88777 -6.4368 59.3924 0.672383 -13 708 1 0 1
1.95183 -1.6644 40.4558 5.71649 -6.45746 66.0505 0.237072 -13 709 1 0 1
0.402706 0.872479 40.4558 5.63209 -1.91325 45.2549 -0.786415 -13 710 1 0 1
3.46178 1.73922 40.4558 9.4513 -0.470714 50.8875 -0.152568 -13 711 1 0 1
0.978231 -4.76953 40.4558 1.70496 -9.67895 68.8678 1.54318 -13 712 1 0 1
1.93605 -2.89641 40.4558 -2.02924 -10.9169 80.4135 0.153544 -13 713 1 0 1
1.3988 0.849746 40.4558 6.57746 -2.10947 50.0056 1.82913 -13 714 1 0 1
0.92586 1.96276 40.4558 0.779978 7.39746 71.5781 -0.922278 -13 715 1 0 1
4.90321 5.3637 40.4558 12.8701 8.34292 49.0586 1.40054 -13 716 1 0 1
-1.27754 -1.19651 40.4558 2.05309 -3.07055 52.8842 1.96124 -13 717 1 0 1
-0.661935 1.20389 40.4558 -3.28729 -0.120849 72.7089 1.09418 -13 718 1 0 1
4.14565 0.218678 40.4558 8.36933 4.08519 71.6675 0.0550203 -13 719 1 0 1
1.79056 5.30944 40.4558 5.06427 11.6839 65.6415 2.24279 -13 720 1 0 1
5.54765 -5.16018 40.4558 11.1149 -11.3199 70.7331 0.0687576 -13 721 1 0 1
2.99163 -4.47344 40.4558 8.58811 -9.59838 54.0734 -1.35922 -13 722 1 0 1
1.38583 -3.97479 40.4558 4.58408 -4.32749 61.8849 -1.04473 -13 723 1 0 1
2.9151 5.93419 40.4558 5.00627 11.533 72.2901 2.15805 -13 724 1 0 1
-1.44437 4.8093 40.4558 0.718202 6.3112 56.1391 -0.109727 -13 725 1 0 1
8.75005 -6.07678 40.4558 18.8083 -11.2042 51.7902 -0.803587 -13 726 1 0 1
4.72502 1.00599 40.4558 11.0348 2.12018 44.3557 2.12468 -13 727 1 0 1
5.04885 11.8351 40.4558 10.6466 17.8106 40.1601 -0.124256 -13 728 1 0 1
4.50977 -2.77278 40.4558 6.80978 -5.43607 76.6121 -1.67304 -13 729 1 0 1
-2.44846 -8.08773 40.4558 2.54733 -7.85205 37.8894 0.000713017 -13 730 1 0 1
0.23511 -2.80271 40.4558 -0.170718 -4.27993 70.8266 -1.08687 -13 731 1 0 1
-0.634701 4.99604 40.4558 -0.844515 8.18431 69.0304 2.16543 -13 732 1 0 1
-3.08875 0.902165 40.4558 0.330709 -2.144 47.175 -0.239881 -13 733 1 0 1
3.47474 2.05428 40.4558 7.46034 -7.18714 70.9715 2.40326 -13 734 1 0 1
12.8502 4.89094 40.4558 21.7142 4.61627 42.5246 -0.981607 -13 735 1 0 1
2.88059 3.6509 40.4558 8.68431 5.58956 47.1877 -0.0260458 -13 736 1 0 1
-0.521123 4.77912 40.4558 1.55037 8.29823 63.2963 2.22301 -13 737 1 0 1
5.56539 -0.851708 40.4558 13.0162 1.2631 57.8162 1.69586 -13 738 1 0 1
3.92915 -2.2848 40.4558 10.199 -1.21217 58.8974 -0.983829 -13 739 1 0 1
-0.0765547 1.36604 40.4558 -2.34038 2.53255 73.4792 0.927388 -13 740 1 0 1
10.1849 -3.24039 40.4558 11.4845 -1.99896 22.9787 2.01833 -13 741 1 0 1
-7.62647 0.167358 40.4558 -6.53198 1.97236 44.9407 -2.04135 -13 742 1 0 1
0.936722 1.85582 40.4558 1.48111 6.98535 72.2258 1.47923 -13 743 1 0 1
0.407729 4.18314 40.4558 4.49013 4.67564 55.709 0.428054 -13 744 1 0 1
6.3683 5.74502 40.4558 11.6805 11.7089 70.9477 2.10687 -13 745 1 0 1
2.34629 -2.72617 40.4558 5.27928 -6.18678 68.5252 -1.66679 -13 746 1 0 1
2.12726 -1.31525 40.4558 5.07756 -2.40218 68.1214 0.329878 -13 747 1 0 1
-3.28602 -0.0219518 40.4558 -0.483227 1.51076 50.0428 -1.64102 -13 748 1 0 1
4.74525 -2.91643 40.4558 8.67652 -7.38763 72.7918 1.27443 -13 749 1 0 1
0.543843 6.18412 40.4558 3.41138 3.59825 63.8378 0.86356 -13 750 1 0 1
-0.227671 4.98975 40.4558 3.50925 10.8374 53.0133 0.182185 -13 751 1 0 1
0.723112 4.39832 40.4558 2.41029 13.617 67.1828 -0.333307 -13 752 1 0 1
0.418015 1.86533 40.4558 3.06049 -0.130774 64.8302 -0.884283 -13 753 1 0 1
-1.89584 -1.47883 40.4558 -4.31549 -1.13491 70.5931 0.460572 -13 754 1 0 1
4.42381 -0.192094 40.4558 7.45075 -2.19727 75.4851 -1.28471 -13 755 1 0 1
4.19229 2.01997 40.4558 9.10824 9.23271 67.5812 -0.887395 -13 756 1 0 1
7.42524 -3.84309 40.4558 16.8988 -4.92684 51.3652 -0.948808 -13 757 1 0 1
1.44512 0.800055 40.4558 7.19691 -3.1194 56.5052 0.515116 -13 758 1 0 1
4.78305 -7.96185 40.4558 10.6105 -17.5132 60.5945 1.30805 -13 759 1 0 1
2.21561 -0.992107 40.4558 7.80288 -2.61243 55.0035 0.360804 -13 760 1 0 1
0.299021 -5.10796 40.4558 2.95822 -7.37137 58.7761 0.849735 -13 761 1 0 1
-4.97488 0.863799 40.4558 -2.16882 3.73341 38.068 -0.766241 -13 762 1 0 1
7.88579 1.03599 40.4558 16.7706 6.32944 58.9436 1.42672 -13 763 1 0 1
3.52059 1.51349 40.4558 7.14798 4.53394 70.0964 -2.44444 -13 764 1 0 1
0.0855471 -2.31681 40.4558 2.95883 -6.35905 65.3029 -0.402532 -13 765 1 0 1
-5.23197 10.8529 40.4558 -1.0468 9.77087 25.1438 -0.887412 -13 766 1 0 1
4.16215 -0.0183288 40.4558 10.9353 -1.37063 58.4895 -0.288797 -13 767 1 0 1
5.95759 -9.55741 40.4558 13.2727 -20.2354 64.6701 0.776487 -13 768 1 0 1
1.93671 2.18205 40.4558 7.75313 -0.0270467 39.9155 0.304951 -13 769 1 0 1
0.471001 -0.697701 40.4558 0.942598 -11.3898 70.8839 -0.89972 -13 770 1 0 1
3.33605 -7.76513 40.4558 9.55837 -11.3177 39.0907 -0.492693 -13 771 1 0 1
0.971566 4.31802 40.4558 5.49554 6.64022 55.658 -0.0195126 -13 772 1 0 1
6.62156 -0.204019 40.4558 11.7417 0.661555 76.3195 0.655274 -13 773 1 0 1
-2.47742 -1.98646 40.4558 -1.2248 -1.19982 59.0328 1.09866 -13 774 1 0 1
8.88782 -1.12416 40.4558 19.606 -4.91168 58.7629 0.0807085 -13 775 1 0 1
-0.769907 3.37767 40.4558 2.45257 6.8298 55.7577 2.6824 -13 776 1 0 1
-1.42228 -2.75579 40.4558 -3.00364 -8.36717 67.7352 0.116844 -13 777 1 0 1
-0.0735652 3.64426 40.4558 4.20291 9.52746 46.4379 2.7568 -13 778 1 0 1
-1.03681 -4.29513 40.4558 -1.7691 -9.41177 68.7829 1.83326 -13 779 1 0 1
3.89724 -0.0211129 40.4558 10.5123 0.777259 67.3355 -0.759778 -13 780 1 0 1
0.0448056 2.39922 40.4558 1.35964 2.47144 66.501 0.0353039 -13 781 1 0 1
-3.12249 -3.33027 40.4558 -5.00585 -6.84088 63.3815 0.659157 -13 782 1 0 1
6.08426 -2.71945 40.4558 14.4724 -3.54311 58.0347 1.13674 -13 783 1 0 1
-4.13549 -7.75772 40.4558 -7.20323 -19.6855 63.9549 -0.720565 -13 784 1 0 1
-2.46804 0.352846 40.4558 -11.0515 -7.34559 77.9992 -0.0609334 -13 785 1 0 1
8.11997 2.99696 40.4558 16.6797 2.56252 45.6418 -0.857117 -13 787 1 0 1
-4.90507 0.849896 40.4558 -7.7139 -0.048426 61.923 -0.781258 -13 788 1 0 1
8.67619 0.0731231 40.4558 18.6928 -5.036 69.6895 0.581767 -13 789 1 0 1
2.55042 -0.295802 40.4558 6.70139 -5.30807 60.315 2.15944 -13 790 1 0 1
4.17172 -4.83485 40.4558 9.66663 -14.2534 67.0702 -1.27253 -13 791 1 0 1
-1.16206 -0.719758 40.4558 -1.26482 -0.960225 67.2475 2.33665 -13 792 1 0 1
4.03369 0.677091 40.4558 10.491 -1.55967 52.8128 1.94139 -13 793 1 0 1
2.59446 -5.85092 40.4558 6.19686 -10.2828 68.8966 0.431759 -13 794 1 0 1
-2.85305 -5.14275 40.4558 -2.70811 -10.7535 56.5724 -2.25173 -13 795 1 0 1
-4.8143 1.19067 40.4558 -5.2468 1.73389 57.7471 0.0525713 -13 796 1 0 1
0.42302 1.09051 40.4558 5.49081 -2.18036 48.5724 -0.665163 -13 797 1 0 1
2.65984 6.82381 40.4558 3.02156 17.5739 73.9278 2.14157 -13 798 1 0 1
1.66537 3.06824 40.4558 5.04163 4.82657 63.9005 1.05706 -13 799 1 0 1
-4.32155 1.13914 40.4558 -5.82849 5.69597 60.3078 1.3447 -13 800 1 0 1
5.316 2.50806 40.4558 12.7415 -0.737725 68.2957 2.37403 -13 801 1 0 1
2.02745 -1.12181 40.4558 5.04633 -5.64272 67.7222 -1.13907 -13 802 1 0 1
3.01842 -0.0638593 40.4558 3.49356 6.75205 75.822 -1.54569 -13 803 1 0 1
9.24721 0.0286776 40.4558 18.4863 0.997208 48.1237 -0.331109 -13 804 1 0 1
0.392957 1.26694 40.4558 4.44992 1.68076 27.5367 -0.15656 -13 805 1 0 1
1.03537 -1.11475 40.4558 5.35121 -3.20078 55.787 1.14624 -13 806 1 0 1
-1.31425 -5.76823 40.4558 -1.20939 -9.86944 66.7121 0.538025 -13 807 1 0 1
-5.54095 3.94035 40.4558 -1.10514 5.13179 34.4851 1.59952 -13 808 1 0 1
-2.67384 0.326368 40.4558 -4.05225 0.325603 65.5524 -0.408739 -13 809 1 0 1
0.294298 -0.373527 40.4558 -3.07521 -3.80591 77.2646 -0.53475 -13 810 1 0 1
2.41584 0.0693286 40.4558 5.83981 2.73907 70.659 -0.0710301 -13 811 1 0 1
-5.42198 -5.05482 40.4558 -2.88688 -4.88822 41.1551 2.13483 -13 812 1 0 1
7.45229 3.49569 40.4558 16.5932 8.98941 54.654 0.919474 -13 813 1 0 1
-0.386288 -2.38812 40.4558 1.4037 -0.82498 62.9964 0.857993 -13 814 1 0 1
4.29039 2.67061 40.4558 11.2952 5.73714 55.0601 -1.90414 -13 815 1 0 1
1.88211 -1.89368 40.4558 -0.03454 -4.52591 77.6267 1.62654 -13 816 1 0 1
0.434956 -1.20477 40.4558 6.49511 -1.40373 38.7412 -1.49664 -13 817 1 0 1
2.87571 -3.45971 40.4558 9.32035 -8.07055 49.3799 0.0474128 -13 820 1 0 1
-1.79972 -1.61351 40.4558 0.849649 0.989793 53.2944 -1.5948 -13 821 1 0 1
0.565581 3.46247 40.4558 -8.40964 2.63636 81.0155 0.762139 -13 822 1 0 1
3.25302 0.614918 40.4558 10.0605 -1.42968 56.7946 0.0573749 -13 823 1 0 1
-0.000289505 0.256338 40.4558 5.17977 -0.58093 23.5941 0.315368 -13 824 1 0 1
-0.765386 -2.90778 40.4558 -0.162936 -6.4784 61.7151 0.416819 -13 825 1 0 1
2.80123 1.91592 40.4558 6.33245 8.09726 66.8027 -1.25736 -13 826 1 0 1
2.46018 -4.46785 40.4558 7.167 -11.9231 62.4116 2.80081 -13 827 1 0 1
-0.851857 2.27297 40.4558 0.184121 1.142 65.3383 -2.32332 -13 828 1 0 1
7.96764 -10.1762 40.4558 15.0286 -16.9208 46.6196 0.954899 -13 829 1 0 1
3.34091 -3.56647 40.4558 8.29109 -8.68881 64.6405 -0.0279624 -13 830 1 0 1
3.28351 -0.309811 40.4558 7.69143 -3.47605 65.6922 2.11881 -13 831 1 0 1
0.572634 -3.82762 40.4558 4.85218 -8.1752 56.0162 0.504045 -13 832 1 0 1
3.195 -4.92361 40.4558 8.42625 -10.6112 61.0996 0.512113 -13 833 1 0 1
0.369968 -5.47419 40.4558 3.69195 -8.05744 60.8328 -0.0919105 -13 834 1 0 1
1.63538 -5.20025 40.4558 -1.77936 -15.271 77.4736 -0.814702 -13 835 1 0 1
5.41362 5.39515 40.4558 11.2764 13.2064 64.8539 0.0210751 -13 836 1 0 1
7.59036 -8.43221 40.4558 16.2301 -12.1609 64.834 1.1726 -13 837 1 0 1
4.60953 3.50406 40.4558 9.17498 3.12224 71.5038 -1.19469 -13 838 1 0 1
0.647063 -4.98674 40.4558 5.29179 -5.83919 55.9065 -0.267445 -13 839 1 0 1
-3.21125 2.29754 40.4558 -4.00591 3.33621 60.7369 2.56624 -13 840 1 0 1
-0.60514 5.19033 40.4558 2.15637 6.70186 59.1317 -1.68721 -13 841 1 0 1
1.17953 -3.71307 40.4558 0.935906 -6.92882 72.9475 -0.841777 -13 842 1 0 1
0.619548 -3.01315 40.4558 -1.84902 -14.4747 73.8445 0.617422 -13 843 1 0 1
-1.91431 6.25116 40.4558 -0.614989 11.9888 59.0285 1.03115 -13 844 1 0 1
2.21571 -1.3875 40.4558 7.06216 -0.276454 59.8286 1.12145 -13 845 1 0 1
6.87043 -8.3627 40.4558 12.2264 -8.37925 36.3527 0.632187 -13 846 1 0 1
4.28618 -8.31656 40.4558 10.9688 -8.55003 57.1412 -1.02471 -13 847 1 0 1
-2.35057 0.757847 40.4558 -0.942074 -1.95938 56.3591 -0.664596 -13 848 1 0 1
-3.97282 -2.61745 40.4558 -3.42239 -2.85227 54.4869 -1.85829 -13 849 1 0 1
4.27853 -2.45533 40.4558 8.88693 -4.71331 68.8073 -0.748409 -13 850 1 0 1
-0.988411 4.00481 40.4558 1.12192 5.47372 60.1809 -0.336828 -13 851 1 0 1
6.30089 -1.18761 40.4558 10.6829 -1.79659 75.3654 0.638607 -13 852 1 0 1
-0.313796 2.78412 40.4558 1.76385 5.52886 61.444 1.22528 -13 853 1 0 1
1.09053 1.52684 40.4558 0.884236 -2.07473 69.9774 -0.688059 -13 854 1 0 1
0.182942 4.39687 40.4558 2.78577 9.05684 62.9007 0.25759 -13 855 1 0 1
-4.17964 1.0071 40.4558 -5.66919 -4.44575 59.2136 0.467723 -13 856 1 0 1
1.99129 -3.08574 40.4558 5.8372 -0.242533 66.1133 -0.734862 -13 857 1 0 1
-7.13504 2.0986 40.4558 -14.5574 3.28699 65.0844 -2.26185 -13 858 1 0 1
-2.04797 -0.843099 40.4558 0.932187 0.301806 53.8712 1.73851 -13 859 1 0 1
-0.250366 1.78059 40.4558 0.0576238 4.50478 68.3008 1.45824 -13 860 1 0 1
2.04011 -2.16389 40.4558 1.51962 -6.57353 77.2658 -1.68781 -13 861 1 0 1
1.40886 1.91882 40.4558 4.61594 6.21596 64.0305 0.0567157 -13 862 1 0 1
-4.96446 -4.50284 40.4558 -7.59342 -7.03783 60.1583 0.340527 -13 863 1 0 1
1.91523 -1.15024 40.4558 6.38981 -0.674066 63.1035 -0.469977 -13 864 1 0 1
-1.38407 -3.86663 40.4558 1.15224 -3.73851 55.6384 1.92949 -13 865 1 0 1
2.81365 5.40003 40.4558 8.07713 13.6082 55.8423 0.0903538 -13 866 1 0 1
6.06535 4.03969 40.4558 11.6297 6.94631 74.0157 -0.515161 -13 867 1 0 1
1.66702 1.38877 40.4558 -1.54801 0.238817 78.9841 -1.49841 -13 868 1 0 1
-7.3105 -5.95462 40.4558 -11.8762 -11.1577 59.9982 -0.537212 -13 869 1 0 1
1.91579 -2.23623 40.4558 6.0991 -6.90542 60.1735 0.896741 -13 870 1 0 1
3.70585 -7.09237 40.4558 8.53182 -16.7697 64.9325 -1.04632 -13 871 1 0 1
-0.269049 -2.33398 40.4558 -0.0696896 -2.94758 68.0039 -0.987953 -13 872 1 0 1
4.18983 0.0723955 40.4558 8.73455 -3.13855 72.084 -0.941172 -13 873 1 0 1
-0.0605462 3.56747 40.4558 0.199817 8.6916 67.71 2.71927 -13 874 1 0 1
-1.24867 -2.73424 40.4558 -0.604358 -7.17376 63.1264 0.352227 -13 875 1 0 1
5.53945 3.17188 40.4558 10.0573 5.83105 74.5032 0.134236 -13 876 1 0 1
3.22931 2.07206 40.4558 8.01543 11.9482 68.4301 -1.86918 -13 877 1 0 1
2.51775 3.29553 40.4558 3.62595 12.5103 72.8421 -3.57293 -13 878 1 0 1
-3.17676 2.86834 40.4558 -0.145506 3.5811 52.3505 1.2917 -13 879 1 0 1
2.95246 -4.33497 40.4558 7.56919 -10.8664 67.6822 0.948186 -13 880 1 0 1
2.44279 -3.41679 40.4558 7.79333 -6.45539 56.7781 1.96039 -13 881 1 0 1
2.87364 5.39334 40.4558 3.81698 13.0513 74.7971 -0.434426 -13 882 1 0 1
7.7747 6.90695 40.4558 15.6351 16.8998 61.7436 -0.215483 -13 883 1 0 1
-8.69479 8.98291 40.4558 -2.66542 7.11196 21.041 -0.138822 -13 884 1 0 1
6.65124 -7.27801 40.4558 13.3507 -7.47259 35.0044 -0.0381936 -13 885 1 0 1
4.96224 1.28763 40.4558 6.73158 -4.66628 79.6568 2.45752 -13 886 1 0 1
-2.76818 4.79028 40.4558 -7.63415 9.79069 70.7115 0.628466 -13 887 1 0 1
0.231623 4.01831 40.4558 4.71834 4.00523 55.6001 0.164078 -13 888 1 0 1
-0.205106 -2.75829 40.4558 2.98068 -4.30177 57.6722 -0.505676 -13 889 1 0 1
5.06149 -4.84762 40.4558 11.0013 -11.9022 67.4536 -1.03191 -13 890 1 0 1
2.12636 -0.806371 40.4558 7.22426 -0.118304 35.8095 -1.00337 -13 891 1 0 1
0.768459 -4.54246 40.4558 0.953718 -5.15336 71.8557 0.544165 -13 892 1 0 1
-4.75878 0.0795123 40.4558 -5.51625 3.02073 59.4609 -1.5559 -13 893 1 0 1
6.02583 -1.99559 40.4558 11.3679 -3.23082 75.8683 0.0747271 -13 894 1 0 1
-2.80352 3.79916 40.4558 -10.0229 20.0804 71.3801 1.62103 -13 895 1 0 1
-1.00267 5.19925 40.4558 -2.1071 13.7155 69.0593 -1.57694 -13 896 1 0 1
0.175341 -2.59984 40.4558 3.70421 -3.92664 50.1323 -1.65837 -13 897 1 0 1
2.05326 -0.399684 40.4558 6.30842 0.96133 56.3792 -0.590618 -13 898 1 0 1
7.83524 0.699243 40.4558 17.7874 4.08207 59.6174 -0.182096 -13 899 1 0 1
4.50361 2.66044 40.4558 10.0672 1.43699 69.0334 0.672451 -13 901 1 0 1
6.59894 -0.495087 40.4558 15.2889 -3.89856 53.4747 0.665585 -13 902 1 0 1
3.03212 -7.53855 40.4558 3.96803 -9.88327 74.7493 1.24469 -13 903 1 0 1
2.97441 0.604445 40.4558 7.91677 -2.60563 58.7368 2.03164 -13 904 1 0 1
-2.85429 0.530709 40.4558 -12.733 3.73315 78.2614 0.218478 -13 905 1 0 1
-2.92368 -3.53582 40.4558 -0.892109 -5.16712 56.9623 1.35765 -13 906 1 0 1
1.3068 4.21805 40.4558 3.08964 5.68855 68.1574 0.393662 -13 907 1 0 1
-2.87702 -4.49275 40.4558 0.788898 -5.79178 39.021 0.302206 -13 908 1 0 1
2.92262 -5.07114 40.4558 4.02895 -7.96446 73.2052 0.766263 -13 909 1 0 1
-1.31002 -1.94395 40.4558 -3.81366 -5.12063 70.4736 -0.0829053 -13 910 1 0 1
1.07229 10.7418 40.4558 5.0619 16.5706 41.8547 -0.516098 -13 911 1 0 1
4.06017 8.29076 40.4558 9.00426 10.4087 54.658 -0.709374 -13 912 1 0 1
2.849 2.57959 40.4558 -1.44059 13.7277 79.0607 1.37959 -13 913 1 0 1
-4.94443 0.696958 40.4558 -11.8909 8.3563 70.3625 1.07091 -13 914 1 0 1
3.88034 -4.95742 40.4558 9.95457 -7.54713 61.1635 -0.773304 -13 915 1 0 1
-2.43946 0.0788367 40.4558 -15.7825 2.61622 78.6634 4.38232 -13 916 1 0 1
-0.907864 4.14034 40.4558 3.9253 7.67232 42.3321 -0.12237 -13 917 1 0 1
-3.2724 4.13373 40.4558 -9.51002 9.62668 71.7414 2.10644 -13 918 1 0 1
-0.227347 2.45035 40.4558 0.806572 2.37337 66.8593 -0.524797 -13 919 1 0 1
-0.353436 -2.01454 40.4558 -6.48906 -0.821358 79.6279 0.522862 -13 920 1 0 1
4.51337 0.776088 40.4558 9.62221 -3.30936 33.6626 0.481498 -13 921 1 0 1
0.0224465 -5.45483 40.4558 -7.37865 -12.3472 79.9 2.51401 -13 922 1 0 1
-2.32857 -0.208942 40.4558 -1.7676 -0.71983 59.582 -0.0720496 -13 923 1 0 1
0.958555 2.20717 40.4558 2.33033 1.90644 68.7693 -0.96767 -13 924 1 0 1
2.20905 3.38146 40.4558 5.96477 7.8938 63.3372 0.450951 -13 925 1 0 1
-0.196275 2.30278 40.4558 -4.95191 3.12608 77.5558 1.44659 -13 926 1 0 1
-0.280745 -2.93273 40.4558 1.5305 -1.49369 68.1476 0.62991 -13 927 1 0 1
2.85145 -1.82127 40.4558 8.71913 -4.92005 57.7891 -0.146197 -13 928 1 0 1
0.848023 1.17938 40.4558 1.66636 2.42986 70.7244 1.41202 -13 930 1 0 1
5.74766 0.542596 40.4558 13.028 -2.52919 62.4314 2.0763 -13 931 1 0 1
-3.84628 -3.19835 40.4558 -2.66167 -6.27061 52.0193 1.97641 -13 932 1 0 1
4.60416 3.70689 40.4558 9.90637 11.8445 68.052 1.10768 -13 933 1 0 1
-0.0380113 0.921792 40.4558 -3.09508 4.51295 74.8911 -0.482007 -13 934 1 0 1
-5.49406 1.59049 40.4558 -8.3276 2.67986 59.1057 1.02199 -13 935 1 0 1
7.41954 -2.23115 40.4558 17.6446 0.438289 59.0503 0.11734 -13 936 1 0 1
1.53931 -3.46317 40.4558 1.07679 -3.1367 73.5704 -0.140048 -13 938 1 0 1
0.161846 -1.55268 40.4558 3.55029 -2.93905 61.6248 -0.467405 -13 939 1 0 1
0.340724 1.18008 40.4558 3.42104 4.65006 60.7241 0.0433949 -13 940 1 0 1
-0.834537 1.58017 40.4558 -0.771156 7.06502 67.0254 0.29263 -13 941 1 0 1
7.26257 -0.563701 40.4558 14.5215 -1.48218 71.4024 0.627553 -13 942 1 0 1
4.86411 -2.71174 40.4558 10.7139 -4.17452 67.2634 1.49616 -13 943 1 0 1
0.472773 -1.09378 40.4558 5.49511 2.63178 53.7298 -0.349737 -13 944 1 0 1
2.95225 5.07508 40.4558 5.17729 15.892 70.8255 0.962239 -13 945 1 0 1
0.282045 3.86841 40.4558 4.76126 5.9738 45.644 -0.650569 -13 946 1 0 1
4.99434 -1.14511 40.4558 11.831 1.19786 64.6051 -1.09718 -13 947 1 0 1
5.71904 -4.21859 40.4558 13.0637 -4.69734 49.852 1.39212 -13 948 1 0 1
-3.89757 -1.67638 40.4558 -2.03344 -2.73259 55.2668 0.492528 -13 949 1 0 1
-0.407642 3.39737 40.4558 0.9525 5.03973 66.3598 0.145165 -13 950 1 0 1
15.4644 -5.25453 40.4558 27.5504 -6.60438 40.8357 0.729148 -13 951 1 0 1
4.04351 -2.89458 40.4558 10.417 -5.9115 58.919 2.75311 -13 952 1 0 1
4.07318 -1.0677 40.4558 9.66095 -3.36141 59.4371 0.351252 -13 953 1 0 1
1.08374 -9.86621 40.4558 5.56208 -17.4068 54.3222 -0.137414 -13 954 1 0 1
3.75452 0.0892957 40.4558 9.35541 -5.66957 61.157 0.627625 -13 955 1 0 1
-0.268265 3.89163 40.4558 2.81104 3.50582 55.5172 -0.00241389 -13 956 1 0 1
-5.39907 0.281353 40.4558 -7.06777 -3.40925 58.198 -0.929814 -13 957 1 0 1
0.108533 0.326569 40.4558 -11.2481 -1.34639 79.9633 -0.713628 -13 958 1 0 1
8.2536 -4.96962 40.4558 17.5869 -10.8594 59.5633 0.497277 -13 959 1 0 1
-0.0561134 2.16939 40.4558 -2.85138 3.45721 74.5978 -1.93045 -13 960 1 0 1
2.82417 -1.93778 40.4558 9.69223 -0.890878 55.5058 0.282992 -13 961 1 0 1
4.21915 -1.64181 40.4558 10.261 -2.22171 35.1495 0.836212 -13 962 1 0 1
8.01075 2.63372 40.4558 16.9013 -2.94294 66.8253 2.08012 -13 963 1 0 1
-0.14205 0.38673 40.4558 2.80723 -0.739174 62.67 2.04008 -13 964 1 0 1
0.374009 -3.94077 40.4558 1.91174 -10.2218 64.5871 1.50802 -13 965 1 0 1
-4.07639 -1.20484 40.4558 -3.09756 2.09466 54.0715 2.40683 -13 966 1 0 1
2.63573 -2.5695 40.4558 9.04253 -2.58315 54.4956 0.673755 -13 967 1 0 1
-8.26029 0.819949 40.4558 -15.4501 -0.89681 62.5231 -0.939776 -13 968 1 0 1
2.44709 -2.50997 40.4558 9.23194 -5.72067 50.1693 0.692067 -13 969 1 0 1
5.09446 -3.01002 40.4558 11.7025 -8.66768 63.7522 0.0302975 -13 970 1 0 1
1.00147 0.386904 40.4558 3.34169 5.86014 67.6192 -1.03895 -13 971 1 0 1
-1.21736 4.58546 40.4558 3.64808 7.4828 32.9939 -0.781164 -13 972 1 0 1
-0.032702 1.3459 40.4558 4.45759 3.7053 35.139 -0.639298 -13 973 1 0 1
-0.545071 2.09102 40.4558 -0.788453 5.23801 69.5886 -0.509977 -13 974 1 0 1
-0.406499 -0.073668 40.4558 -2.74952 7.30069 74.5529 1.76377 -13 975 1 0 1
-5.83073 -2.194 40.4558 -8.36826 -2.2625 59.1042 0.500963 -13 977 1 0 1
-0.0602973 0.78569 40.4558 -1.96443 -0.775256 71.9954 -1.31212 -13 979 1 0 1
-3.6911 -0.593396 40.4558 -4.29101 -2.43248 60.1805 -1.28273 -13 980 1 0 1
-0.203131 -0.392579 40.4558 0.879112 -4.71916 63.1683 -0.556577 -13 981 1 0 1
4.18791 3.89715 40.4558 10.4628 5.31405 64.2633 -0.542733 -13 982 1 0 1
1.72883 -1.36445 40.4558 2.31803 4.196 73.3701 -0.202298 -13 983 1 0 1
4.00358 2.46917 40.4558 10.6834 5.74676 59.9767 1.01629 -13 985 1 0 1
-1.9609 -3.43512 40.4558 -1.69512 -5.70367 61.7798 -0.172798 -13 986 1 0 1
3.53574 -7.57332 40.4558 9.0643 -16.3765 59.7279 0.574964 -13 987 1 0 1
-2.80629 12.5912 40.4558 1.2127 11.2207 28.5662 0.135111 -13 988 1 0 1
2.65998 -3.75194 40.4558 6.17928 -6.48681 69.8246 1.19791 -13 989 1 0 1
3.04605 -1.12332 40.4558 6.89206 -8.45292 70.5925 0.409203 -13 990 1 0 1
-2.10972 6.20009 40.4558 1.06809 7.28109 52.2015 -2.06455 -13 991 1 0 1
-4.45039 4.53527 40.4558 -1.05696 5.39011 43.6583 1.0285 -13 992 1 0 1
2.32479 -4.12154 40.4558 9.44915 -6.02932 50.2352 1.79036 -13 993 1 0 1
10.3911 -17.1079 40.4558 17.656 -20.4825 42.3692 -0.587256 -13 994 1 0 1
5.21446 1.55685 40.4558 12.4361 4.57995 63.5252 -1.66211 -13 995 1 0 1
-1.24636 -2.1836 40.4558 -2.76325 -5.54684 69.0498 0.341433 -13 996 1 0 1
-0.638854 1.47743 40.4558 3.15829 2.89347 49.3205 2.57314 -13 997 1 0 1
3.60747 -5.03833 40.4558 8.21834 -5.87561 24.216 0.733204 -13 998 1 0 1
4.98064 -1.15126 40.4558 12.2773 -1.19385 56.1186 0.126909 -13 999 1 0 1
-0.872942 -3.2622 40.4558 2.92168 -5.37341 48.5747 -0.380709 -13 1000 1 0 1
