#BLTrackFile NTuple/Z144
#x y z Px Py Pz t PDGid EventID TrackID ParentID Weight
#mm mm mm MeV/c MeV/c MeV/c ns - - - - -
-5.63788 -15.3962 143.789 2.24479 -7.6562 72.7905 -0.341048 -13 1 1 0 1
6.36813 -4.26133 143.789 8.70228 -2.36003 71.151 1.72054 -13 3 1 0 1
-12.6646 -5.96197 143.789 -2.79392 -2.39271 78.4363 1.13504 -13 4 1 0 1
-10.939 -2.08684 143.789 1.48433 -1.73719 60.998 1.40285 -13 5 1 0 1
-0.268309 -2.36094 143.789 4.9694 -0.669053 75.2819 0.0218421 -13 6 1 0 1
12.9622 -11.5741 143.789 12.3912 -4.89414 60.3072 0.0188181 -13 7 1 0 1
-10.8489 13.4594 143.789 3.03217 5.80942 46.9367 1.02752 -13 8 1 0 1
-0.035929 -21.1146 143.789 6.46854 -9.95346 59.7658 2.60613 -13 12 1 0 1
3.50722 24.1164 143.789 7.94199 11.9205 63.3452 0.231629 -13 17 1 0 1
1.33264 -20.86 143.789 7.39112 -8.60579 51.8543 2.41413 -13 18 1 0 1
1.69963 10.0558 143.789 7.43129 5.35363 56.6185 -0.235653 -13 22 1 0 1
-7.50428 41.6541 143.789 4.89791 12.4352 40.6656 1.73223 -13 23 1 0 1
-10.8135 23.4686 143.789 2.34147 9.54493 54.4452 1.68343 -13 24 1 0 1
10.4976 6.43583 143.789 11.2794 3.42265 67.6809 0.724616 -13 26 1 0 1
13.0232 -2.87714 143.789 12.3741 0.196408 65.6332 2.32862 -13 27 1 0 1
12.2539 -21.2582 143.789 12.0062 -11.3101 72.2136 1.08582 -13 28 1 0 1
2.4557 13.8187 143.789 7.09343 7.71935 66.7121 1.8812 -13 30 1 0 1
5.40297 3.72959 143.789 8.19424 2.55692 71.6298 0.557139 -13 31 1 0 1
0.550722 6.45912 143.789 6.59453 3.07654 62.3328 0.4128 -13 32 1 0 1
-13.5133 -1.83412 143.789 -0.704438 -0.235909 66.613 0.259641 -13 34 1 0 1
11.46 11.6862 143.789 11.7373 6.9122 65.2872 -0.230951 -13 36 1 0 1
8.71882 -13.7156 143.789 9.76735 -8.80755 79.2801 -0.668679 -13 37 1 0 1
15.1798 -23.9053 143.789 7.58269 -8.10286 53.3401 2.3887 -13 38 1 0 1
4.35719 15.4876 143.789 8.15399 5.94402 51.4308 1.78473 -13 40 1 0 1
5.01671 -0.670516 143.789 8.22425 -1.34971 67.9207 2.10661 -13 42 1 0 1
-13.5653 -5.89281 143.789 -4.15124 -3.62591 79.8313 1.09779 -13 43 1 0 1
11.6748 -15.4781 143.789 11.5348 -7.67736 67.0759 1.2578 -13 46 1 0 1
15.1764 21.4664 143.789 -5.13956 13.5405 34.2861 1.86434 -13 47 1 0 1
-0.172272 15.7895 143.789 5.70294 9.15464 66.6459 1.56065 -13 48 1 0 1
14.1997 -36.4061 143.789 13.0857 -20.0627 66.8443 0.317313 -13 49 1 0 1
4.99393 7.5883 143.789 7.81481 3.07665 72.5249 0.520506 -13 51 1 0 1
6.27608 28.5492 143.789 9.43215 11.9397 54.55 1.06227 -13 52 1 0 1
1.88426 -9.88636 143.789 6.41618 -5.70305 70.5204 1.7328 -13 55 1 0 1
11.8236 5.48851 143.789 11.9126 3.24419 62.6416 0.47696 -13 58 1 0 1
12.2616 -18.388 143.789 12.0263 -9.19626 66.7299 2.81121 -13 59 1 0 1
5.61542 13.5909 143.789 8.90497 6.86619 62.418 0.042069 -13 61 1 0 1
13.5653 3.75664 143.789 12.7324 2.96395 69.0969 0.280095 -13 62 1 0 1
12.8493 -0.611851 143.789 12.0993 0.00589505 59.0765 1.0513 -13 64 1 0 1
8.05389 2.33117 143.789 9.84043 0.950223 70.833 1.26837 -13 66 1 0 1
3.86235 -14.8471 143.789 8.16273 -7.1145 62.59 0.878191 -13 69 1 0 1
1.15383 -14.0526 143.789 5.09953 -10.4597 80.1656 0.994582 -13 70 1 0 1
9.11008 4.80746 143.789 10.816 1.23864 59.8208 -0.553095 -13 71 1 0 1
0.708159 -5.22783 143.789 5.50937 -4.01595 74.1404 -0.111947 -13 73 1 0 1
14.7057 11.9671 143.789 13.1981 6.054 74.0687 -2.06098 -13 75 1 0 1
15.2834 -5.28055 143.789 4.02507 -0.108447 41.8891 3.33598 -13 77 1 0 1
1.44222 1.59899 143.789 6.97318 0.160046 59.7548 0.156007 -13 78 1 0 1
14.0602 -11.8667 143.789 12.8395 -5.51701 71.478 0.872229 -13 80 1 0 1
15.2861 18.638 143.789 5.31723 24.9633 54.0896 0.924961 -13 81 1 0 1
14.1693 5.15109 143.789 13.0567 2.87835 61.4877 2.12002 -13 82 1 0 1
2.49381 1.71643 143.789 7.08245 1.81088 70.3966 0.859712 -13 83 1 0 1
15.362 3.15527 143.789 -0.856898 18.9987 54.5595 1.95612 -13 85 1 0 1
12.5819 -25.5505 143.789 11.7345 -9.80625 49.1119 1.9101 -13 87 1 0 1
1.90279 -11.9111 143.789 6.82266 -5.90243 67.9539 0.462144 -13 88 1 0 1
14.1606 8.6376 143.789 13.0265 3.96697 64.6248 0.709316 -13 90 1 0 1
-6.92227 -6.77512 143.789 3.01383 -3.46181 64.4296 1.77773 -13 91 1 0 1
10.1165 -2.67614 143.789 11.1078 0.120414 56.1839 -0.055694 -13 97 1 0 1
10.4501 -5.41266 143.789 11.2014 -1.71918 66.6037 1.32305 -13 98 1 0 1
4.61285 21.7244 143.789 8.43189 10.1657 62.5382 1.42884 -13 99 1 0 1
2.94739 14.4528 143.789 7.90915 8.12494 59.8875 -0.506415 -13 105 1 0 1
-7.24999 -5.42546 143.789 3.01681 -2.46613 60.4827 1.22914 -13 106 1 0 1
10.6284 -13.7934 143.789 11.08 -7.26506 69.4683 -0.177331 -13 107 1 0 1
-0.668227 1.69139 143.789 4.67642 1.1809 72.6703 0.594237 -13 110 1 0 1
-0.466199 -6.07366 143.789 4.51997 -2.33949 77.2846 0.528969 -13 111 1 0 1
-5.7743 -5.74666 143.789 2.1001 -3.20583 73.0338 1.36403 -13 116 1 0 1
10.5991 5.70012 143.789 10.776 2.76432 54.584 0.655072 -13 117 1 0 1
8.70263 5.67372 143.789 10.1662 3.48086 69.9464 1.36789 -13 119 1 0 1
-3.97203 3.04257 143.789 5.08377 1.4463 49.9254 0.894243 -13 120 1 0 1
-1.35869 -6.11554 143.789 4.10925 -2.89789 77.1977 1.44272 -13 122 1 0 1
8.54538 -22.1575 143.789 10.1963 -11.1943 70.0307 1.61522 -13 123 1 0 1
-14.865 -28.4011 143.789 -0.169404 -12.8227 59.9971 -0.56823 -13 125 1 0 1
2.52737 -2.62509 143.789 5.87733 -3.14418 78.9323 1.75096 -13 126 1 0 1
13.598 -8.23477 143.789 12.7113 -4.96194 63.6333 1.23123 -13 128 1 0 1
14.8866 4.51256 143.789 13.1127 2.29786 67.8479 0.400801 -13 131 1 0 1
-13.4033 6.5584 143.789 -2.06216 3.24048 73.9585 2.12293 -13 132 1 0 1
2.05337 -6.96466 143.789 7.19965 -3.56588 62.8505 2.40311 -13 137 1 0 1
6.58277 27.3103 143.789 9.35838 11.4431 54.7705 1.28081 -13 140 1 0 1
-8.33755 -6.86463 143.789 1.19319 -3.95786 71.5206 -0.035496 -13 143 1 0 1
9.09637 -4.44791 143.789 10.5505 -2.18884 64.6768 -0.351628 -13 147 1 0 1
-2.52102 -17.0182 143.789 4.40328 -7.63648 69.6919 1.06959 -13 148 1 0 1
15.4897 -4.36728 143.789 -0.419264 6.58793 23.2633 2.9692 -13 152 1 0 1
3.4312 -14.1953 143.789 7.65711 -8.32636 67.4224 0.318805 -13 153 1 0 1
-4.20018 -16.1075 143.789 2.09295 -9.50566 78.3741 -1.35598 -13 154 1 0 1
-2.87368 1.46195 143.789 4.50601 0.321265 67.0372 -0.652496 -13 155 1 0 1
5.31655 1.14217 143.789 8.75747 1.21302 61.9794 0.728411 -13 157 1 0 1
6.39877 6.96798 143.789 7.81439 2.97864 79.0748 2.03222 -13 158 1 0 1
1.6088 16.4705 143.789 7.41582 6.31843 56.0118 0.229299 -13 159 1 0 1
-3.44734 8.6529 143.789 5.75971 2.50361 40.6657 0.546734 -13 162 1 0 1
0.04893 12.1675 143.789 5.66942 7.5223 70.1246 -0.960814 -13 163 1 0 1
0.493074 15.0925 143.789 4.28641 9.41702 78.7891 1.79286 -13 168 1 0 1
-1.85811 -7.1457 143.789 4.84606 -4.01641 67.6643 0.0852423 -13 170 1 0 1
12.8509 9.32405 143.789 12.0386 3.21901 55.7353 0.457496 -13 172 1 0 1
11.2612 2.78987 143.789 -6.26704 -10.2418 32.5505 1.08647 -13 174 1 0 1
2.12368 -14.3734 143.789 7.73816 -5.79608 47.7077 0.773381 -13 176 1 0 1
7.30984 -7.22987 143.789 8.93969 -2.09383 38.5743 -0.354243 -13 181 1 0 1
-1.72884 6.62964 143.789 6.3622 2.29759 40.7051 0.167972 -13 182 1 0 1
-12.6193 -14.4577 143.789 5.23145 -15.8853 36.4848 0.909885 -13 184 1 0 1
3.53287 -14.3213 143.789 8.11344 -7.07941 59.8655 0.0164276 -13 185 1 0 1
-8.87827 -8.99046 143.789 -0.900362 -5.56332 80.0296 0.858438 -13 189 1 0 1
-2.95832 8.50932 143.789 5.26107 3.90935 59.8169 2.7053 -13 191 1 0 1
4.86895 7.13714 143.789 6.98534 5.7612 79.9086 1.52194 -13 192 1 0 1
-0.34605 -8.0615 143.789 6.72017 -3.07745 38.8867 0.0757937 -13 193 1 0 1
14.2377 26.0585 143.789 13.1272 13.9901 67.847 0.490642 -13 194 1 0 1
13.7449 -0.47978 143.789 12.5633 -0.151888 59.1712 3.06034 -13 195 1 0 1
-0.516136 18.9012 143.789 6.13492 8.683 62.9725 -0.148465 -13 197 1 0 1
-8.39346 30.6834 143.789 3.26864 11.9576 57.4846 -0.777653 -13 199 1 0 1
4.00953 -9.15097 143.789 8.11707 -3.01568 50.4751 1.5587 -13 200 1 0 1
-13.9778 -9.47471 143.789 -1.6101 -5.55533 70.1192 1.04652 -13 201 1 0 1
8.41944 39.6004 143.789 10.3093 16.2077 57.0642 -0.0224772 -13 202 1 0 1
8.13258 0.881255 143.789 10.011 -0.28803 61.4488 1.04898 -13 203 1 0 1
-4.97281 -23.2396 143.789 4.54038 -9.96369 57.4109 -0.242792 -13 207 1 0 1
0.174959 31.7159 143.789 5.42764 17.0582 72.5107 2.80696 -13 212 1 0 1
-14.4463 14.9989 143.789 2.27004 3.48179 54.9558 -0.51242 -13 213 1 0 1
6.15492 17.9763 143.789 8.67095 9.27926 74.8771 1.73185 -13 214 1 0 1
5.36717 -16.9502 143.789 8.22439 -10.5807 71.4573 2.46357 -13 215 1 0 1
14.8364 0.857596 143.789 13.2042 0.532693 68.8719 1.8791 -13 216 1 0 1
-9.62495 10.556 143.789 1.30138 5.00066 65.1412 0.949781 -13 218 1 0 1
10.7492 -6.36549 143.789 11.132 -3.57702 76.8049 0.751823 -13 219 1 0 1
14.4652 2.97769 143.789 13.154 0.775333 71.0812 3.12722 -13 220 1 0 1
5.39629 19.0127 143.789 8.44402 10.4256 71.8656 -0.0404722 -13 222 1 0 1
-6.16844 3.24179 143.789 3.29859 2.30449 62.1269 1.83424 -13 223 1 0 1
-2.63442 -1.12949 143.789 5.08448 -0.1369 62.6709 0.358905 -13 224 1 0 1
5.1038 -15.7082 143.789 8.70932 -7.54203 61.8597 0.863205 -13 227 1 0 1
10.4518 1.7993 143.789 10.4598 0.869271 77.8037 -1.17886 -13 228 1 0 1
-0.483712 6.54079 143.789 4.8546 2.43903 72.9612 1.00857 -13 229 1 0 1
-6.82024 -3.26299 143.789 2.67549 -1.9766 65.8666 -0.655986 -13 233 1 0 1
-4.57633 -13.4132 143.789 3.96242 -7.50634 65.1125 2.0965 -13 236 1 0 1
11.0431 3.6854 143.789 11.3268 1.52813 62.0284 0.932653 -13 238 1 0 1
-7.42511 -3.8085 143.789 1.56538 -0.747155 71.0249 2.0602 -13 239 1 0 1
6.50229 -5.66217 143.789 9.36324 -3.43962 58.2981 2.71533 -13 242 1 0 1
11.4071 11.9001 143.789 11.5675 7.47724 69.8279 0.603869 -13 246 1 0 1
8.52095 -20.9307 143.789 10.1806 -8.53806 59.8159 0.560514 -13 247 1 0 1
5.93837 -12.1114 143.789 8.88017 -5.95603 67.5333 1.49627 -13 248 1 0 1
15.1246 25.2965 143.789 11.428 17.0632 64.8578 -0.536356 -13 253 1 0 1
8.30695 7.21533 143.789 9.56938 5.20328 77.0127 0.72167 -13 255 1 0 1
6.8734 9.31394 143.789 9.35074 3.71903 53.2071 0.0279688 -13 256 1 0 1
12.0567 -3.02956 143.789 11.7285 -1.90362 62.2787 0.999779 -13 258 1 0 1
7.21893 1.0872 143.789 9.3828 -0.398543 72.1795 0.503762 -13 260 1 0 1
6.38602 13.4859 143.789 9.18239 5.85992 59.6121 -0.225748 -13 261 1 0 1
12.8503 -10.2845 143.789 11.4692 -3.89762 49.5917 0.806399 -13 264 1 0 1
6.08433 3.46584 143.789 9.0104 0.291987 63.1618 0.577668 -13 267 1 0 1
-8.92734 5.71997 143.789 -0.502191 1.70368 78.2071 1.25621 -13 269 1 0 1
11.7342 9.05919 143.789 11.8296 3.29124 63.2163 2.1365 -13 270 1 0 1
15.7022 -21.5877 143.789 18.4801 -19.246 37.8427 2.49113 -13 272 1 0 1
-6.88243 7.08059 143.789 3.97773 2.54144 55.1137 3.78025 -13 273 1 0 1
-10.6965 -13.3142 143.789 0.308688 -8.66633 69.2462 -1.63233 -13 279 1 0 1
11.0715 -8.01304 143.789 11.1517 -3.19598 65.8627 -0.438986 -13 281 1 0 1
11.9138 27.725 143.789 11.0459 10.2803 46.7727 0.247261 -13 282 1 0 1
3.71925 11.6002 143.789 8.18325 3.3155 52.6278 0.641038 -13 284 1 0 1
-6.07333 -12.6191 143.789 2.7093 -3.95548 69.6408 -0.624634 -13 286 1 0 1
9.88415 0.00809974 143.789 10.4116 -0.824302 51.1213 -0.599796 -13 287 1 0 1
4.72346 19.2455 143.789 7.57927 11.1636 77.258 1.23956 -13 289 1 0 1
16.5067 -16.8053 143.789 14.2553 -6.19675 26.5049 1.2527 -13 291 1 0 1
5.24129 7.96787 143.789 8.19787 4.87407 73.047 0.531241 -13 292 1 0 1
1.82833 6.53746 143.789 6.94729 2.96066 65.1756 0.939069 -13 295 1 0 1
-6.29227 7.36956 143.789 3.76823 3.15014 59.6837 0.636336 -13 296 1 0 1
-3.03207 10.4641 143.789 4.95347 4.0732 62.8555 0.106638 -13 301 1 0 1
-4.6911 13.1999 143.789 3.99457 7.20992 63.1025 1.11202 -13 302 1 0 1
10.106 3.25603 143.789 10.9427 2.63709 61.6976 0.888515 -13 303 1 0 1
8.48697 13.515 143.789 10.0767 7.48002 65.1695 1.38408 -13 304 1 0 1
-12.1545 24.1128 143.789 2.89145 8.29161 45.0738 2.32312 -13 305 1 0 1
4.57967 -8.09966 143.789 8.25817 -4.77034 66.3957 -0.20183 -13 306 1 0 1
10.8242 -34.4356 143.789 11.2582 -18.7955 66.5778 -0.452753 -13 307 1 0 1
3.41272 -25.1319 143.789 7.2161 -13.5208 72.5689 0.882888 -13 308 1 0 1
6.37823 7.08766 143.789 9.11824 3.60703 66.3789 -0.0214088 -13 309 1 0 1
-3.44835 3.16956 143.789 3.68051 2.17113 71.8265 0.634977 -13 312 1 0 1
-2.59862 21.7203 143.789 4.10504 11.3394 72.0986 1.73201 -13 313 1 0 1
0.652173 11.5025 143.789 5.84504 5.90198 68.053 0.228338 -13 314 1 0 1
2.71858 -18.5243 143.789 7.51299 -9.13813 63.7008 1.6067 -13 317 1 0 1
13.0618 -4.9832 143.789 12.4172 -1.88973 68.1681 -0.604991 -13 318 1 0 1
5.70279 14.1037 143.789 8.3868 8.73221 69.7863 2.81414 -13 319 1 0 1
-1.28818 6.09155 143.789 2.74857 4.11281 80.0647 2.59365 -13 322 1 0 1
14.3586 12.4527 143.789 13.107 6.08612 64.6317 0.150322 -13 324 1 0 1
-5.21538 -4.82955 143.789 4.11047 -4.15707 59.4718 -0.647206 -13 328 1 0 1
8.39005 18.5681 143.789 10.1432 10.0106 68.074 1.88864 -13 329 1 0 1
-8.27344 11.9106 143.789 0.987979 4.52287 72.2453 -0.802412 -13 331 1 0 1
11.7256 -7.66339 143.789 9.03926 -1.1902 26.8446 0.357613 -13 332 1 0 1
-2.4046 -11.2857 143.789 5.10186 -5.27848 65.8222 1.13527 -13 334 1 0 1
14.1517 -13.9933 143.789 12.9866 -6.94243 64.4142 1.1481 -13 335 1 0 1
10.0989 -20.1378 143.789 10.6133 -9.92104 67.9633 0.123903 -13 336 1 0 1
14.8948 -18.912 143.789 12.2254 -6.58399 48.9007 1.32889 -13 339 1 0 1
4.00224 11.4729 143.789 7.36981 6.91923 73.2923 1.36216 -13 342 1 0 1
14.3882 -12.437 143.789 12.9251 -6.84956 60.9587 0.463147 -13 343 1 0 1
6.40301 1.78031 143.789 9.13694 1.5781 68.5364 -0.078658 -13 345 1 0 1
-8.87511 4.12326 143.789 11.9488 6.34623 47.7348 1.42463 -13 346 1 0 1
3.00717 3.05972 143.789 7.44722 1.62076 68.2239 -0.0677962 -13 347 1 0 1
14.5891 11.8979 143.789 12.5156 5.93495 51.2962 0.418833 -13 348 1 0 1
2.24678 12.776 143.789 6.77641 6.10628 70.0362 -0.790891 -13 352 1 0 1
5.78725 12.4887 143.789 8.98368 5.63405 65.3976 0.553715 -13 353 1 0 1
12.9378 16.8598 143.789 11.7501 5.85716 52.876 1.29765 -13 354 1 0 1
-3.84334 15.5263 143.789 2.97335 8.81118 74.0242 0.25882 -13 355 1 0 1
-2.65463 -8.5052 143.789 3.70896 -4.62113 75.3537 0.110462 -13 360 1 0 1
0.0761786 2.0059 143.789 6.12609 0.0937854 65.947 -2.00664 -13 362 1 0 1
6.83348 10.108 143.789 8.86625 6.41615 74.8696 0.413001 -13 363 1 0 1
11.7875 -10.3914 143.789 11.4676 -4.4991 64.0876 1.03311 -13 364 1 0 1
10.485 4.80187 143.789 -0.145682 -3.45603 16.5746 -0.360156 -13 365 1 0 1
8.24274 13.8529 143.789 10.1789 7.16319 64.1598 1.34095 -13 368 1 0 1
12.0347 -3.92472 143.789 11.7979 -0.964274 59.4337 -0.265351 -13 369 1 0 1
-10.0747 2.45462 143.789 -0.119349 1.04097 72.9323 1.59465 -13 370 1 0 1
10.2322 -9.48468 143.789 11.25 -4.16327 65.3889 3.17071 -13 371 1 0 1
-8.52333 -11.339 143.789 2.13741 -5.73561 63.206 1.50377 -13 373 1 0 1
-5.31902 -0.436601 143.789 1.87921 0.310596 76.8045 1.34253 -13 374 1 0 1
-13.7733 18.0567 143.789 3.49791 18.0324 44.794 -0.625556 -13 375 1 0 1
-2.60838 -28.5539 143.789 4.52245 -14.5694 68.5919 1.24024 -13 376 1 0 1
4.35819 -44.087 143.789 8.69684 -14.2886 41.6487 0.361416 -13 380 1 0 1
8.66687 -7.18777 143.789 10.3542 -4.59724 66.7616 2.5531 -13 385 1 0 1
7.61881 -3.75265 143.789 9.70126 -2.32629 69.2929 2.69152 -13 386 1 0 1
-2.64856 -1.62044 143.789 4.01239 -1.42762 71.5907 0.872405 -13 387 1 0 1
-1.05171 3.36746 143.789 5.86875 1.24246 63.6861 1.55402 -13 390 1 0 1
0.315031 -1.17883 143.789 6.83106 -1.62029 54.0816 1.10916 -13 392 1 0 1
8.62838 24.7672 143.789 10.1595 10.4311 59.7766 0.0352476 -13 394 1 0 1
2.95267 24.2876 143.789 6.95001 14.5125 74.1176 -0.918858 -13 395 1 0 1
13.4725 -5.44471 143.789 12.517 -3.06387 65.7329 1.65205 -13 398 1 0 1
10.7088 -22.2195 143.789 11.0786 -10.9167 70.1719 2.80533 -13 399 1 0 1
-7.10606 -3.46877 143.789 3.41305 -1.83241 58.0545 0.566934 -13 402 1 0 1
9.24511 -45.7624 143.789 10.8772 -24.1177 67.0341 1.02325 -13 403 1 0 1
7.01927 -15.1551 143.789 9.40961 -7.87279 59.5552 0.265851 -13 406 1 0 1
8.24762 -13.2942 143.789 10.1449 -5.80411 65.5542 2.07642 -13 407 1 0 1
0.678362 -11.8503 143.789 5.42868 -6.66135 75.9868 -1.84695 -13 410 1 0 1
12.249 15.6986 143.789 10.9981 3.87353 42.6085 1.6201 -13 411 1 0 1
8.08161 -19.3764 143.789 9.91732 -9.68511 66.2316 2.05077 -13 412 1 0 1
-5.93559 9.48184 143.789 1.18942 4.90955 78.9336 0.80052 -13 413 1 0 1
-10.0794 -11.2609 143.789 2.27725 -4.58281 58.5167 1.85376 -13 414 1 0 1
8.30026 0.866456 143.789 9.94565 -0.359679 69.0383 2.23975 -13 418 1 0 1
9.39671 -17.0651 143.789 10.4739 -10.1894 72.7746 0.305671 -13 421 1 0 1
-13.8469 -35.567 143.789 2.2425 -11.0566 45.963 0.811651 -13 423 1 0 1
10.0793 6.58117 143.789 11.0882 3.56159 63.3066 0.747633 -13 425 1 0 1
5.1176 6.16482 143.789 7.76297 4.46449 73.8878 -0.685735 -13 426 1 0 1
3.29545 21.0883 143.789 7.6585 11.3208 65.1566 1.18078 -13 428 1 0 1
-13.7457 27.3845 143.789 -1.63588 14.6036 70.5349 -0.939407 -13 430 1 0 1
12.0789 -9.68884 143.789 11.6437 -5.65311 75.0564 2.61998 -13 431 1 0 1
9.60969 -20.1707 143.789 10.5541 -11.7235 69.0452 2.14266 -13 433 1 0 1
15.1017 -0.383021 143.789 15.8305 -8.53928 62.8594 -1.53724 -13 437 1 0 1
8.33433 -0.0471796 143.789 10.2577 0.116322 54.2759 2.83755 -13 438 1 0 1
12.2354 -26.0236 143.789 11.8762 -11.4387 61.9394 -0.314262 -13 439 1 0 1
-2.79835 0.293038 143.789 3.94026 0.0290407 71.8322 2.10078 -13 441 1 0 1
-0.271154 -2.93572 143.789 5.9575 -0.151352 65.6054 0.640452 -13 442 1 0 1
11.6132 -11.9187 143.789 11.7918 -4.96998 68.8321 -0.805858 -13 446 1 0 1
7.91599 5.55127 143.789 9.84535 3.60856 70.0635 -1.26154 -13 448 1 0 1
11.8502 -0.222285 143.789 11.2182 -0.526717 51.7622 0.716547 -13 449 1 0 1
10.0724 -5.13549 143.789 11.1389 -2.91947 66.6157 1.8571 -13 452 1 0 1
3.18471 6.68471 143.789 8.20477 2.31131 50.1273 2.28273 -13 454 1 0 1
3.3201 4.45052 143.789 7.5055 2.80514 65.2071 0.617731 -13 460 1 0 1
-2.55047 15.0284 143.789 4.92835 8.03686 65.9302 1.12321 -13 461 1 0 1
4.72627 34.9821 143.789 8.30019 9.85217 37.7272 0.347821 -13 465 1 0 1
11.3978 29.9408 143.789 11.1239 10.9023 49.2671 1.40986 -13 469 1 0 1
10.8257 -9.55764 143.789 11.1719 -4.03058 54.0977 0.27694 -13 473 1 0 1
-9.39605 24.2054 143.789 2.09615 11.4061 61.4108 0.826946 -13 476 1 0 1
7.99868 -12.31 143.789 9.78296 -5.29023 61.1034 -0.958923 -13 478 1 0 1
-10.7882 20.9148 143.789 0.279735 10.3059 69.0617 1.56923 -13 483 1 0 1
-6.42059 -6.46429 143.789 2.54096 -3.75921 67.4688 -0.477353 -13 484 1 0 1
-12.3186 -22.3579 143.789 1.35468 -10.1103 57.4687 2.7364 -13 485 1 0 1
7.93993 -26.7854 143.789 10.0749 -13.2247 61.6774 -0.971978 -13 490 1 0 1
9.63074 -7.30908 143.789 10.958 -3.42215 58.8017 1.88756 -13 493 1 0 1
1.97614 12.8288 143.789 6.78881 6.77552 68.7603 0.363422 -13 498 1 0 1
15.6331 8.12044 143.789 13.1725 6.26015 66.4253 0.436388 -13 501 1 0 1
8.98237 -30.4628 143.789 10.5318 -14.0919 67.7657 -0.825793 -13 503 1 0 1
9.01438 8.64821 143.789 10.2557 4.70024 65.6573 1.10104 -13 504 1 0 1
-5.44859 -5.32154 143.789 1.19926 -3.71575 79.4081 1.99533 -13 506 1 0 1
-4.88588 15.875 143.789 4.27746 6.98717 60.9442 1.99625 -13 510 1 0 1
-1.12816 -7.66798 143.789 5.8494 -3.15999 58.5934 0.453454 -13 512 1 0 1
3.7511 1.57747 143.789 7.95253 0.723162 54.834 -2.58549 -13 514 1 0 1
-12.817 0.629597 143.789 -0.545457 0.535812 66.8089 -0.656692 -13 515 1 0 1
7.00774 7.91217 143.789 9.3939 4.44825 56.035 -1.06641 -13 516 1 0 1
9.2819 -6.72918 143.789 10.4174 -4.49248 71.6031 -0.375788 -13 517 1 0 1
-9.78674 4.08253 143.789 -1.26408 1.91764 78.8691 0.632934 -13 519 1 0 1
15.6385 -13.4676 143.789 14.2821 -11.9279 38.3218 3.36244 -13 520 1 0 1
2.32797 -20.2567 143.789 7.0289 -10.0008 69.5399 -0.715815 -13 521 1 0 1
10.0726 8.9794 143.789 10.2286 5.13013 79.918 1.6062 -13 522 1 0 1
-3.00222 11.6196 143.789 4.18106 5.33041 69.9675 1.6195 -13 523 1 0 1
-6.94819 -1.41207 143.789 1.56081 0.45628 72.3699 0.778611 -13 526 1 0 1
2.88213 25.0239 143.789 7.7531 11.0451 58.8047 1.86753 -13 527 1 0 1
5.18118 8.0661 143.789 8.86456 3.14595 54.1946 3.56898 -13 528 1 0 1
14.1073 9.13183 143.789 13.0494 4.45491 66.0173 0.165317 -13 530 1 0 1
-10.0133 20.0548 143.789 2.85155 8.63035 53.3068 2.55646 -13 532 1 0 1
12.4764 -38.5342 143.789 9.64026 -8.34132 29.3389 4.73463 -13 533 1 0 1
15.5561 19.7031 143.789 14.8778 -3.34187 51.6097 -2.07094 -13 535 1 0 1
-10.4615 -0.0524446 143.789 -24.0157 4.35465 71.8752 2.11925 -13 540 1 0 1
5.92004 20.4373 143.789 8.62379 11.3798 70.1668 1.69341 -13 541 1 0 1
0.989702 -46.9522 143.789 6.49163 -24.488 68.206 1.91511 -13 545 1 0 1
15.1752 32.1091 143.789 1.61808 13.331 41.9707 0.223483 -13 547 1 0 1
-8.17134 -8.78109 143.789 2.86247 -4.3301 59.6815 1.05558 -13 553 1 0 1
-7.94316 -4.57714 143.789 2.09543 -2.7288 65.714 -0.235394 -13 554 1 0 1
5.34546 19.3385 143.789 8.73148 7.88664 56.023 1.35392 -13 556 1 0 1
5.07027 -7.74476 143.789 8.60695 -4.15046 61.6054 -1.80278 -13 558 1 0 1
-7.25058 12.3299 143.789 4.27049 4.38212 46.3986 -0.425661 -13 560 1 0 1
-12.9637 8.96496 143.789 -1.07975 3.87383 69.6982 1.84748 -13 562 1 0 1
-1.46115 21.5359 143.789 6.08773 9.50291 55.3886 2.1355 -13 565 1 0 1
-3.979 0.884985 143.789 2.93897 0.131587 74.0059 1.45346 -13 566 1 0 1
0.617342 -7.60835 143.789 6.96877 -2.58368 52.994 1.09255 -13 567 1 0 1
3.75357 15.61 143.789 7.68108 8.69108 70.7858 0.910469 -13 568 1 0 1
14.4274 -12.2777 143.789 12.7912 -5.74751 60.5006 2.60369 -13 569 1 0 1
12.1695 -12.6585 143.789 11.915 -7.87522 74.4998 0.562242 -13 572 1 0 1
-2.51275 -5.30195 143.789 4.61142 -3.96389 68.8949 2.6868 -13 573 1 0 1
-1.29655 40.4536 143.789 6.06039 18.3442 58.3428 -0.121666 -13 574 1 0 1
10.3627 -6.63841 143.789 10.9825 -3.4313 68.8828 0.923939 -13 575 1 0 1
7.94311 2.89867 143.789 9.86742 -0.0170444 68.1173 -0.147737 -13 576 1 0 1
12.5644 -10.9644 143.789 -8.7318 -6.70866 32.0807 -1.1509 -13 577 1 0 1
-0.38209 25.6218 143.789 5.29789 13.949 72.0743 2.66818 -13 578 1 0 1
-12.2322 14.0614 143.789 -0.219543 7.91828 67.0838 2.23749 -13 580 1 0 1
11.0561 -14.1433 143.789 11.2373 -7.54753 64.2902 -1.27536 -13 585 1 0 1
-6.05024 28.4539 143.789 2.04138 16.4956 73.0812 1.08794 -13 587 1 0 1
11.3129 7.90243 143.789 11.5096 3.65407 69.7376 -0.50879 -13 589 1 0 1
-10.3447 -23.6074 143.789 -0.280552 -14.0068 73.9923 -0.144481 -13 590 1 0 1
-4.79896 -0.70739 143.789 1.89843 0.424869 78.3469 3.27326 -13 591 1 0 1
5.97584 -1.73062 143.789 8.92274 -1.35674 71.0256 -1.8835 -13 592 1 0 1
-6.94658 0.101442 143.789 2.62254 -0.591338 63.8874 1.02884 -13 594 1 0 1
9.98612 -18.1508 143.789 10.1305 -11.2072 80.1065 -1.02959 -13 598 1 0 1
4.34351 -2.44027 143.789 8.40592 -0.857265 46.7376 -0.578435 -13 599 1 0 1
8.5103 -48.8306 143.789 10.5028 -20.1771 56.8309 0.939779 -13 605 1 0 1
-14.8549 7.45813 143.789 -2.72515 5.66131 73.4234 0.899891 -13 609 1 0 1
-3.31019 8.55262 143.789 4.21433 6.06978 67.2758 -0.885852 -13 610 1 0 1
7.65127 -0.419659 143.789 9.74255 -0.943574 53.6657 1.82732 -13 611 1 0 1
-6.96374 -9.4398 143.789 1.72354 -6.50617 73.6939 1.56797 -13 615 1 0 1
8.33717 47.0054 143.789 10.2696 20.0518 56.0124 -0.117637 -13 618 1 0 1
0.760359 6.07586 143.789 5.08125 3.35182 77.8943 -1.48043 -13 620 1 0 1
13.1477 0.173236 143.789 12.3821 1.1936 59.5425 0.568378 -13 623 1 0 1
14.6107 11.171 143.789 13.0464 5.08748 69.6784 3.23713 -13 626 1 0 1
-11.5563 10.7421 143.789 -1.63444 7.87058 76.7052 1.32374 -13 627 1 0 1
8.80825 29.8973 143.789 10.7236 14.8227 64.0777 1.02706 -13 629 1 0 1
-10.7649 17.7203 143.789 1.12955 8.96931 63.3722 1.50704 -13 630 1 0 1
8.67055 -17.5257 143.789 10.2449 -8.41932 66.1643 -0.693458 -13 632 1 0 1
-14.3234 48.5478 143.789 0.6228 21.0405 58.0947 0.79306 -13 634 1 0 1
-7.47191 17.2912 143.789 1.35642 10.5044 72.9124 -1.33346 -13 636 1 0 1
9.45136 -32.2827 143.789 10.6326 -16.7376 69.1128 0.417773 -13 643 1 0 1
0.300426 -26.9335 143.789 6.81909 -10.3892 49.8277 3.2426 -13 644 1 0 1
-7.74793 5.98854 143.789 1.02619 3.05155 72.6176 2.11895 -13 646 1 0 1
7.18715 -11.6449 143.789 9.10359 -5.6198 73.2003 1.70942 -13 650 1 0 1
16.0448 5.80179 143.789 20.3994 3.35484 45.9673 1.28393 -13 651 1 0 1
5.48001 -11.5582 143.789 8.58636 -5.97455 65.5081 1.79946 -13 652 1 0 1
13.0793 -11.2471 143.789 12.3192 -4.98752 67.4247 1.40649 -13 653 1 0 1
8.9686 -22.5394 143.789 9.12535 -6.15933 34.192 1.47384 -13 655 1 0 1
-13.1419 26.9981 143.789 -0.132173 13.6582 63.8731 0.707736 -13 656 1 0 1
4.65096 -16.2856 143.789 7.98346 -7.19885 68.6862 2.99039 -13 659 1 0 1
10.2297 -9.69929 143.789 10.855 -4.42796 65.5464 -0.719078 -13 660 1 0 1
1.95763 -9.12192 143.789 5.82908 -6.65007 76.4525 2.34552 -13 661 1 0 1
2.47982 8.09736 143.789 7.52667 3.47617 57.8947 0.585322 -13 662 1 0 1
2.00484 -15.3712 143.789 6.44657 -7.6649 70.2728 2.48544 -13 664 1 0 1
2.76027 -8.73093 143.789 6.48918 -5.50221 76.7643 1.01223 -13 665 1 0 1
-9.41979 2.92909 143.789 2.0442 1.80167 61.9926 1.79495 -13 666 1 0 1
14.9318 -26.957 143.789 13.6224 -13.155 65.8879 2.16336 -13 669 1 0 1
15.1075 46.8781 143.789 5.75771 16.3917 55.184 1.21185 -13 673 1 0 1
8.02725 -30.5688 143.789 10.1593 -14.4117 61.2797 3.99487 -13 675 1 0 1
13.0831 18.7707 143.789 12.5083 11.757 70.4535 2.29735 -13 678 1 0 1
-5.20134 14.6766 143.789 3.20908 7.54747 67.6442 0.781179 -13 679 1 0 1
1.68146 7.25855 143.789 7.41167 2.4876 55.7664 -0.0107074 -13 680 1 0 1
8.4137 -8.97407 143.789 9.95747 -6.73596 72.6678 -2.4991 -13 681 1 0 1
7.25717 -17.5852 143.789 9.60432 -7.65468 60.3293 0.623161 -13 684 1 0 1
15.7659 20.7319 143.789 4.80117 7.73867 3.74238 1.19239 -13 686 1 0 1
7.00332 9.64833 143.789 9.42626 3.94728 66.0949 0.757127 -13 688 1 0 1
3.47574 -4.25824 143.789 7.75338 -3.1584 62.1381 -0.124002 -13 692 1 0 1
14.1884 -16.5641 143.789 12.8217 -6.83418 63.8154 3.17809 -13 694 1 0 1
0.5452 7.54791 143.789 5.55123 4.56367 70.966 1.2952 -13 697 1 0 1
10.0782 -7.01325 143.789 10.7385 -3.65832 71.7508 2.15372 -13 700 1 0 1
-7.15558 9.55731 143.789 0.16229 5.09734 79.9614 -1.50324 -13 703 1 0 1
11.549 8.58097 143.789 11.481 3.56868 53.786 -0.680436 -13 706 1 0 1
13.6952 4.14853 143.789 12.7649 3.76266 71.0048 4.08483 -13 707 1 0 1
-10.8359 -7.76085 143.789 1.64711 -3.43131 59.6508 1.37603 -13 708 1 0 1
12.4956 -13.0946 143.789 12.255 -6.98968 64.7693 0.894812 -13 709 1 0 1
11.0034 -16.525 143.789 11.332 -8.17942 68.1686 2.17719 -13 712 1 0 1
2.1286 -16.9144 143.789 5.48223 -10.8728 80.258 0.725099 -13 713 1 0 1
4.42782 12.8584 143.789 7.83615 7.43912 70.9464 -0.303814 -13 715 1 0 1
9.29823 -7.38602 143.789 10.3602 -3.08396 51.8314 2.73783 -13 717 1 0 1
-2.85505 0.318227 143.789 3.83798 -0.507192 72.3726 1.70507 -13 718 1 0 1
12.7382 24.7992 143.789 12.3504 11.9958 64.4259 2.905 -13 720 1 0 1
13.443 -11.2074 143.789 12.3366 -4.23536 60.6672 -0.35628 -13 723 1 0 1
12.076 21.7251 143.789 11.9129 11.0183 71.433 2.77347 -13 724 1 0 1
3.24877 16.6382 143.789 7.911 6.29538 55.3215 0.631829 -13 725 1 0 1
13.7789 -28.3255 143.789 10.8945 -6.98705 35.4611 1.06776 -13 730 1 0 1
3.70503 -8.54647 143.789 7.55939 -3.97241 70.3008 -0.465401 -13 731 1 0 1
2.0037 17.8665 143.789 6.98396 8.41657 68.4804 2.79985 -13 732 1 0 1
3.86329 -2.90406 143.789 8.23832 -1.81242 46.1688 0.615316 -13 733 1 0 1
5.64596 18.131 143.789 9.07252 8.07581 62.4411 2.89971 -13 737 1 0 1
-0.07996 4.87789 143.789 5.22958 2.48876 73.2262 1.53252 -13 740 1 0 1
5.37709 10.4393 143.789 8.51322 6.17224 71.6539 2.09269 -13 743 1 0 1
10.773 17.6862 143.789 11.0662 6.54268 54.3667 1.17774 -13 744 1 0 1
8.99847 -13.0374 143.789 10.3558 -6.60792 67.7299 -1.02941 -13 746 1 0 1
14.0378 -5.26533 143.789 12.9247 -2.51375 66.9437 0.971102 -13 747 1 0 1
1.6162 4.62056 143.789 7.46107 2.05534 49.0376 -0.825237 -13 748 1 0 1
11.3028 11.8221 143.789 11.6199 3.4352 62.957 1.53336 -13 750 1 0 1
7.9931 26.1129 143.789 10.0781 13.7847 66.1293 0.318574 -13 752 1 0 1
7.0886 1.85442 143.789 9.63394 -0.0689217 63.8698 -0.220205 -13 753 1 0 1
-5.35759 -2.8594 143.789 2.9596 -0.978489 70.5122 1.08266 -13 754 1 0 1
12.938 -4.99078 143.789 12.259 -3.18619 74.9095 -0.690877 -13 755 1 0 1
14.2522 -5.81299 143.789 12.5572 -1.96976 57.7862 1.56163 -13 761 1 0 1
-4.29067 11.1559 143.789 5.50112 3.61282 36.4616 0.293411 -13 762 1 0 1
7.89653 -12.598 143.789 10.2364 -6.36333 64.2868 0.259093 -13 765 1 0 1
2.11442 -17.0248 143.789 6.91173 -11.234 70.8465 -0.279787 -13 770 1 0 1
-0.26445 -4.54708 143.789 6.44923 -1.38082 58.4752 1.80933 -13 774 1 0 1
7.82155 14.3421 143.789 9.88457 5.98413 54.6514 3.4292 -13 776 1 0 1
2.75756 -13.9414 143.789 7.23327 -7.56004 67.6487 0.755008 -13 777 1 0 1
0.0279388 -19.2725 143.789 5.98601 -9.75522 68.311 2.46982 -13 779 1 0 1
4.38362 4.57162 143.789 8.19145 1.62488 65.923 0.684778 -13 781 1 0 1
1.21036 -13.5735 143.789 6.69063 -6.3414 63.1319 1.32995 -13 782 1 0 1
-12.7199 -38.801 143.789 0.378696 -19.2985 64.2429 -0.0453836 -13 784 1 0 1
-14.577 -8.77573 143.789 -3.74843 -6.99699 78.3871 0.523005 -13 785 1 0 1
-14.37 0.329481 143.789 -0.351355 -0.259181 62.1369 -0.0966211 -13 788 1 0 1
1.88899 -5.28978 143.789 7.01091 -2.4783 66.5233 2.98306 -13 792 1 0 1
-3.86003 -23.0627 143.789 4.83414 -9.92741 56.3381 -1.51679 -13 795 1 0 1
-3.30993 3.0061 143.789 5.20424 1.19139 58.9491 0.755315 -13 796 1 0 1
9.42078 31.4627 143.789 10.3787 17.4247 73.1738 2.75098 -13 798 1 0 1
12.7985 10.7003 143.789 12.1836 4.63268 62.6377 1.73003 -13 799 1 0 1
-10.2709 12.7394 143.789 1.83447 6.46731 60.0495 2.04687 -13 800 1 0 1
13.948 -12.3304 143.789 12.8447 -6.79859 65.9921 -0.489324 -13 802 1 0 1
14.9755 4.47847 143.789 13.2855 4.08761 74.8255 -0.951113 -13 803 1 0 1
-0.362181 -20.6055 143.789 6.04193 -9.55976 66.3017 1.18792 -13 807 1 0 1
-6.66539 11.6301 143.789 5.22365 2.83168 32.2775 2.78774 -13 808 1 0 1
-5.65775 1.0148 143.789 3.37949 0.410122 65.4239 0.247033 -13 809 1 0 1
2.4315 -5.78449 143.789 6.28984 -3.95531 76.6571 0.0523226 -13 810 1 0 1
14.7263 4.55421 143.789 13.5331 2.95238 69.4681 0.553951 -13 811 1 0 1
-0.939673 -17.8045 143.789 6.57773 -4.85145 39.808 3.1104 -13 812 1 0 1
9.42199 1.2094 143.789 10.6857 1.48856 61.8416 1.53737 -13 814 1 0 1
4.93513 -7.52722 143.789 7.52599 -4.26824 77.1518 2.21063 -13 816 1 0 1
6.46897 -2.79178 143.789 9.20976 -0.255273 52.2309 -0.821638 -13 821 1 0 1
-7.37822 6.80816 143.789 -0.954417 2.62927 81.4455 1.32908 -13 822 1 0 1
2.26526 -11.9836 143.789 7.13849 -5.59248 61.132 1.10427 -13 825 1 0 1
4.04606 1.49844 143.789 8.18189 -0.141323 64.6159 -1.66434 -13 828 1 0 1
11.1183 -5.54494 143.789 -9.53883 -1.71286 49.2481 2.8075 -13 831 1 0 1
13.9961 -18.3687 143.789 12.4724 -7.74806 54.6031 1.25026 -13 832 1 0 1
8.52449 -8.02917 143.789 10.0883 -3.80706 61.389 1.1921 -13 833 1 0 1
10.0862 -18.7037 143.789 11.031 -7.69762 59.7667 0.605717 -13 834 1 0 1
0.979914 -24.9959 143.789 5.12502 -14.8786 77.3039 -0.227206 -13 835 1 0 1
-3.24301 15.0457 143.789 4.87282 6.49712 60.3959 3.26199 -13 840 1 0 1
6.53027 17.1229 143.789 9.41565 6.67802 58.1693 -0.974548 -13 841 1 0 1
10.7708 -8.90244 143.789 11.2079 -4.41201 72.5467 -0.235424 -13 842 1 0 1
1.41 -26.7077 143.789 5.95175 -16.195 73.2032 1.22803 -13 843 1 0 1
-0.247711 26.0882 143.789 6.49707 11.35 58.4773 1.74497 -13 844 1 0 1
0.517594 -3.06961 143.789 6.74107 -2.03521 55.5698 0.0747117 -13 848 1 0 1
-5.81719 -7.44996 143.789 4.24629 -2.57698 54.1489 -1.10156 -13 849 1 0 1
4.75364 13.1293 143.789 8.59687 5.26638 59.4212 0.364354 -13 851 1 0 1
6.59115 11.3384 143.789 9.32437 5.11482 60.6634 1.91513 -13 853 1 0 1
6.28234 -1.20403 143.789 8.65604 -1.89072 69.2717 -0.060773 -13 854 1 0 1
2.62587 20.6789 143.789 7.60307 9.55377 61.7541 0.942537 -13 855 1 0 1
-10.7711 -6.71889 143.789 1.59543 -4.4134 59.1089 1.17774 -13 856 1 0 1
15.3631 -2.98911 143.789 16.7242 -1.43618 53.6871 -0.0788792 -13 857 1 0 1
5.95177 -0.624635 143.789 9.15249 0.15597 52.7234 2.50639 -13 859 1 0 1
3.89185 7.77697 143.789 7.88609 4.03975 67.6824 2.09626 -13 860 1 0 1
6.76051 -11.1663 143.789 8.84328 -6.63911 76.6776 -1.10124 -13 861 1 0 1
12.5714 11.8639 143.789 12.1284 6.07119 62.8734 0.728005 -13 862 1 0 1
-13.6649 -18.2672 143.789 5.09455 -9.18633 53.2128 1.05529 -13 863 1 0 1
10.1786 -3.18951 143.789 11.0898 -1.09924 61.9981 0.207969 -13 864 1 0 1
6.04924 -10.7184 143.789 9.08946 -3.62448 54.8074 2.67421 -13 865 1 0 1
0.317702 2.23167 143.789 4.62581 0.543665 78.7179 -0.921082 -13 868 1 0 1
15.5846 -12.5646 143.789 13.2281 8.50335 42.4645 1.60278 -13 870 1 0 1
3.41767 -6.68227 143.789 7.61369 -2.85032 67.4453 -0.348459 -13 872 1 0 1
3.99144 16.5183 143.789 7.9003 8.41268 66.8225 3.36471 -13 874 1 0 1
3.2023 -13.9317 143.789 7.75402 -6.84454 62.5659 1.0278 -13 875 1 0 1
6.33661 12.7169 143.789 9.16967 8.0222 67.792 -1.23186 -13 877 1 0 1
11.102 21.0886 143.789 11.3309 12.3892 71.9533 -2.95961 -13 878 1 0 1
0.194835 9.58551 143.789 7.0212 3.36875 51.5403 2.07597 -13 879 1 0 1
-10.6679 18.9095 143.789 -0.0557211 9.67858 70.9421 1.25159 -13 887 1 0 1
12.7869 10.8044 143.789 11.9714 3.61559 54.2092 0.91352 -13 888 1 0 1
9.86082 -9.67663 143.789 10.7407 -3.87644 56.6024 0.219932 -13 889 1 0 1
13.2942 -34.2732 143.789 0.166174 -13.9056 39.8598 -0.240996 -13 890 1 0 1
5.96741 -12.5123 143.789 8.77361 -5.38364 71.1996 1.16015 -13 892 1 0 1
-9.53032 5.00482 143.789 2.41247 2.86329 59.4551 -0.850751 -13 893 1 0 1
-1.16142 28.584 143.789 5.38778 15.0094 68.3795 -0.93711 -13 896 1 0 1
13.0658 -11.4236 143.789 11.3641 -4.08418 48.6849 -0.842412 -13 897 1 0 1
-6.22862 -46.5001 143.789 -6.41745 -20.6543 33.0895 1.72221 -13 902 1 0 1
11.0709 -21.519 143.789 11.2059 -9.9193 73.8641 1.84645 -13 903 1 0 1
-12.8104 4.8562 143.789 7.35082 0.923934 63.3554 0.819779 -13 905 1 0 1
-9.49989 -11.3509 143.789 2.8281 -4.43327 55.5529 2.10507 -13 906 1 0 1
14.7302 20.1487 143.789 13.2623 9.17488 66.5604 1.04008 -13 907 1 0 1
8.11424 -18.3629 143.789 9.12166 -5.0876 37.2156 1.32877 -13 908 1 0 1
11.9469 -16.5339 143.789 11.6241 -7.96628 72.2305 1.37637 -13 909 1 0 1
7.85863 -14.0359 143.789 9.72163 -7.42894 69.5334 0.543402 -13 910 1 0 1
3.8107 20.5138 143.789 6.10544 13.6701 78.8478 1.95862 -13 913 1 0 1
-7.61188 3.6933 143.789 12.2552 1.24105 54.6655 5.02783 -13 916 1 0 1
14.2961 23.6348 143.789 -5.56492 1.05199 30.6769 0.848165 -13 917 1 0 1
-13.5788 17.5959 143.789 -1.84942 9.42782 72.2267 2.72276 -13 918 1 0 1
4.71726 6.61363 143.789 8.39843 2.58779 66.1559 0.12324 -13 919 1 0 1
-5.67381 -2.48678 143.789 1.12625 -0.467642 79.7856 1.09632 -13 920 1 0 1
-6.71779 -21.3709 143.789 0.156604 -12.3264 80.243 3.08821 -13 922 1 0 1
-0.491622 -1.4312 143.789 6.17263 -0.699507 59.0404 0.633671 -13 923 1 0 1
8.04213 5.66465 143.789 9.90471 2.18021 67.9322 -0.332209 -13 924 1 0 1
14.7045 16.0903 143.789 13.024 7.658 62.0207 1.12922 -13 925 1 0 1
-1.52569 9.41354 143.789 3.8796 4.80876 77.4415 2.03044 -13 926 1 0 1
5.99174 -5.17178 143.789 9.2749 -1.44857 67.4098 1.26887 -13 927 1 0 1
6.61326 3.70548 143.789 9.17184 1.86799 69.984 2.03471 -13 930 1 0 1
-7.51209 -18.6565 143.789 3.95638 -7.13993 49.8826 2.79327 -13 932 1 0 1
-0.581221 7.04447 143.789 4.76649 4.43542 74.6875 0.115568 -13 934 1 0 1
5.84396 -7.67616 143.789 8.36437 -2.99337 73.0004 0.465338 -13 938 1 0 1
14.0634 -6.66081 143.789 12.9156 -2.95548 60.1929 0.224831 -13 939 1 0 1
10.4932 7.69146 143.789 11.1117 3.94636 59.6799 0.740535 -13 940 1 0 1
2.06675 12.2131 143.789 7.07362 6.87239 66.469 0.939914 -13 941 1 0 1
13.5534 28.702 143.789 12.692 15.8868 69.7362 1.59058 -13 945 1 0 1
-2.64406 -6.7462 143.789 5.82654 -2.67052 54.5614 1.24351 -13 949 1 0 1
5.21914 11.3366 143.789 8.77418 5.02393 65.6296 0.797072 -13 950 1 0 1
14.7775 -38.1241 143.789 -1.5902 5.69533 51.1432 0.63191 -13 954 1 0 1
9.12492 10.4834 143.789 10.2562 3.44327 54.4063 0.745999 -13 956 1 0 1
-14.2926 -4.7686 143.789 0.315332 -2.95574 58.351 -0.211834 -13 957 1 0 1
-11.5984 -1.40708 143.789 -3.79736 -1.34811 80.6612 -0.141705 -13 958 1 0 1
-0.136011 7.23488 143.789 5.07946 3.589 74.3376 -1.33121 -13 960 1 0 1
11.8871 2.745 143.789 11.9414 0.835351 61.5191 2.72117 -13 964 1 0 1
6.38903 -19.461 143.789 9.16028 -9.70261 63.8846 2.17384 -13 965 1 0 1
-4.78023 -6.45362 143.789 4.73765 -1.61391 54.0632 3.16266 -13 966 1 0 1
13.7963 9.38699 143.789 12.9327 5.81565 66.6097 -0.395278 -13 971 1 0 1
2.00372 10.1054 143.789 6.9208 5.3158 69.1015 0.119484 -13 974 1 0 1
-1.33346 10.2794 143.789 4.65199 7.40088 74.3409 2.36397 -13 975 1 0 1
4.92196 -26.5507 143.789 8.65676 -11.4567 60.781 1.18674 -13 977 1 0 1
-3.42519 -4.67933 143.789 3.54297 -3.08423 71.5907 -0.695961 -13 979 1 0 1
-6.6731 -3.74393 143.789 3.46315 -1.94761 59.9591 -0.582894 -13 980 1 0 1
5.06965 -8.14241 143.789 8.44111 -4.67928 62.425 0.119487 -13 981 1 0 1
11.5894 3.96114 143.789 11.6681 3.84907 72.571 0.404586 -13 983 1 0 1
-1.82739 -11.5273 143.789 5.45716 -4.97891 61.4065 0.513355 -13 986 1 0 1
15.4526 -13.1861 143.789 14.5329 -3.77501 55.9036 1.82935 -13 989 1 0 1
4.09723 19.7457 143.789 8.45634 6.79874 51.281 -1.27798 -13 991 1 0 1
-0.328649 15.853 143.789 6.89336 4.73439 42.3583 1.95276 -13 992 1 0 1
-4.23984 -7.14065 143.789 3.60001 -3.78793 68.8883 0.97368 -13 996 1 0 1
12.3477 6.90897 143.789 11.1427 2.54655 47.442 3.40754 -13 997 1 0 1
9.83185 -14.3324 143.789 10.2605 -5.08057 47.1775 0.458 -13 1000 1 0 1
