#BLTrackFile NTuple/Z144
#x y z Px Py Pz t PDGid EventID TrackID ParentID Weight
#mm mm mm MeV/c MeV/c MeV/c ns - - - - -
-15.1378 -15.1476 143.789 -9.31875 -6.09491 67.7347 -0.335798 -13 1 1 0 1
13.5156 1.4514 143.789 7.01105 -1.68407 80.7344 0.724608 -13 2 1 0 1
-2.9994 -4.11404 143.789 -1.35362 -2.2975 71.5799 1.72015 -13 3 1 0 1
-5.46028 -2.32409 143.789 8.72783 -1.71181 38.0662 1.54669 -13 5 1 0 1
-6.06785 0.25792 143.789 -3.34645 0.784602 75.2259 0.0231886 -13 6 1 0 1
2.65489 -12.4505 143.789 2.6341 -5.38647 61.2357 0.0159119 -13 7 1 0 1
8.03098 -10.8729 143.789 5.11168 -4.71259 66.5878 1.54939 -13 10 1 0 1
10.5812 18.5317 143.789 5.84879 9.6237 71.4577 0.30446 -13 11 1 0 1
1.69534 -23.7958 143.789 2.14059 -11.4587 61.2405 2.5927 -13 12 1 0 1
11.1997 -17.7582 143.789 6.54716 -8.67313 66.8192 2.33934 -13 15 1 0 1
-7.6023 23.1693 143.789 -2.50216 11.5305 63.6268 0.232457 -13 17 1 0 1
-11.4021 -21.2589 143.789 -2.69813 -8.81574 52.0401 2.41806 -13 18 1 0 1
6.25944 -18.899 143.789 4.03494 -8.74535 64.107 3.83633 -13 20 1 0 1
-10.0996 9.11214 143.789 -2.64409 4.95576 56.6797 -0.2314 -13 22 1 0 1
12.3241 -4.93294 143.789 6.91665 -1.56853 70.5634 1.12943 -13 25 1 0 1
0.687956 5.98037 143.789 1.22171 3.22904 68.5308 0.7217 -13 26 1 0 1
3.83855 -2.67811 143.789 2.79896 0.281537 66.6119 2.32501 -13 27 1 0 1
6.66415 -15.3506 143.789 3.84135 -8.21104 73.0108 1.08201 -13 28 1 0 1
-7.04971 13.4365 143.789 -2.74037 7.56027 66.922 1.88212 -13 30 1 0 1
-3.64242 3.25427 143.789 -1.71897 2.31111 71.9947 0.557002 -13 31 1 0 1
-8.91721 5.66371 143.789 -2.86979 2.70853 62.4435 0.414769 -13 32 1 0 1
13.0015 -7.96664 143.789 4.63394 -1.42256 29.4465 2.50925 -13 33 1 0 1
1.21009 12.0739 143.789 1.61831 7.17759 66.1226 -0.23342 -13 36 1 0 1
0.900894 -16.4515 143.789 0.0363423 -10.437 79.4293 -0.666809 -13 37 1 0 1
4.42535 -24.5431 143.789 3.33392 -11.4459 59.7883 2.38435 -13 38 1 0 1
-7.49892 14.0974 143.789 -1.52108 5.4591 51.8441 1.78565 -13 40 1 0 1
-4.46235 2.12841 143.789 -1.66874 0.0792003 68.3511 2.10608 -13 42 1 0 1
12.2484 5.10367 143.789 6.78184 1.77234 56.3883 1.60695 -13 44 1 0 1
0.202097 -15.1979 143.789 0.66024 -7.60185 67.8098 1.25606 -13 46 1 0 1
4.90877 20.4934 143.789 3.42692 7.97013 59.684 1.85597 -13 47 1 0 1
-7.96878 21.7903 143.789 -3.25401 12.1219 66.471 1.56588 -13 48 1 0 1
-0.387384 -25.355 143.789 0.349275 -15.2446 70.2792 0.288893 -13 49 1 0 1
-3.98287 6.74124 143.789 -2.12449 2.64089 72.8463 0.520523 -13 51 1 0 1
-6.22233 29.0185 143.789 -0.907449 12.2592 55.0243 1.06341 -13 52 1 0 1
10.5157 21.2847 143.789 5.27011 6.38367 42.75 1.18901 -13 54 1 0 1
-5.35116 -9.98708 143.789 -2.47618 -5.77384 70.6261 1.73387 -13 55 1 0 1
-11.3049 -17.5645 143.789 -4.04925 -7.64909 62.7239 0.485382 -13 58 1 0 1
2.67457 -17.8699 143.789 2.10016 -9.05727 67.6598 2.80777 -13 59 1 0 1
-5.29183 13.7777 143.789 -1.30383 7.01323 62.8907 0.0418678 -13 61 1 0 1
2.828 3.68761 143.789 2.09249 2.95704 70.044 0.276964 -13 62 1 0 1
11.7978 -17.4296 143.789 4.66873 -4.62646 34.9407 1.5309 -13 63 1 0 1
2.77294 -0.929765 143.789 2.55293 -0.16892 60.2602 1.04531 -13 64 1 0 1
8.75707 3.40895 143.789 5.25705 1.21249 65.6786 -0.587193 -13 65 1 0 1
-6.39636 -7.27583 143.789 -2.87055 -4.14084 70.7977 1.27302 -13 66 1 0 1
8.67454 -5.88894 143.789 5.37467 -1.96432 61.3135 0.218856 -13 67 1 0 1
7.67805 28.9726 143.789 4.81576 10.859 53.2851 0.0331059 -13 68 1 0 1
-5.99417 -13.9402 143.789 -1.55946 -6.73866 63.0138 0.877734 -13 69 1 0 1
-7.4294 -15.2428 143.789 -5.11695 -11.1519 79.9945 0.997289 -13 70 1 0 1
-5.17274 7.37388 143.789 -0.640726 2.28773 60.0068 -0.548217 -13 71 1 0 1
14.0386 31.1185 143.789 -2.83246 25.5662 53.4347 2.01205 -13 72 1 0 1
-1.73872 -0.888937 143.789 -0.938686 -1.6332 74.648 -0.115113 -13 73 1 0 1
8.39991 19.2056 143.789 5.12104 8.50016 58.4126 1.19258 -13 74 1 0 1
4.57503 12.3472 143.789 2.48536 6.3414 74.9944 -2.06375 -13 75 1 0 1
-4.28049 -5.06922 143.789 -0.501869 -3.30621 57.0509 3.33404 -13 77 1 0 1
-7.58123 -3.29092 143.789 -2.14852 -2.04743 60.1613 0.155298 -13 78 1 0 1
6.55915 -7.35457 143.789 4.12337 -3.66573 62.8201 2.32845 -13 79 1 0 1
3.88733 -11.958 143.789 2.29878 -5.64446 72.4601 0.868893 -13 80 1 0 1
5.32243 18.3883 143.789 3.10842 11.3634 69.6785 0.920897 -13 81 1 0 1
6.0672 3.42799 143.789 4.27626 2.10994 62.6395 2.11492 -13 82 1 0 1
6.08479 0.541343 143.789 3.58412 -0.120308 75.6411 1.95136 -13 85 1 0 1
6.69718 -12.2578 143.789 4.13047 -7.9849 67.9449 0.681599 -13 86 1 0 1
0.0209906 -25.3351 143.789 1.90124 -9.9051 50.0722 1.90703 -13 87 1 0 1
-7.9064 -12.1563 143.789 -3.23648 -6.0448 68.014 0.464361 -13 88 1 0 1
8.32604 -4.06721 143.789 4.94412 -1.04732 62.0967 0.342762 -13 89 1 0 1
4.21526 9.49382 143.789 3.12734 4.45763 65.7107 0.70513 -13 90 1 0 1
11.5681 0.32273 143.789 6.63374 -0.433078 58.7957 1.78882 -13 93 1 0 1
7.17997 44.4804 143.789 4.39847 17.4496 52.6457 -0.301165 -13 94 1 0 1
8.48904 4.88061 143.789 5.03865 2.95837 70.3275 0.922613 -13 95 1 0 1
5.10671 19.4524 143.789 3.48761 9.67712 60.7615 -0.86906 -13 96 1 0 1
-0.0179808 -4.33334 143.789 1.77852 -0.624318 57.0795 -0.0590524 -13 97 1 0 1
0.593983 -5.12734 143.789 1.20628 -1.60636 67.4063 1.32056 -13 98 1 0 1
-5.28197 21.5913 143.789 -1.34972 10.1806 62.9557 1.42868 -13 99 1 0 1
14.3926 -3.20911 143.789 7.99597 -0.43732 67.1924 0.0181617 -13 100 1 0 1
8.17588 4.33281 143.789 4.75717 1.97752 67.1704 0.805312 -13 102 1 0 1
13.2303 2.77934 143.789 7.43208 0.664131 67.2593 0.586172 -13 104 1 0 1
-7.22796 13.8017 143.789 -1.76334 7.87442 60.2377 -0.506038 -13 105 1 0 1
-0.635631 -13.0604 143.789 0.0935754 -6.97016 70.3413 -0.180439 -13 107 1 0 1
11.7619 17.2458 143.789 -5.08163 10.4777 45.4521 0.177763 -13 108 1 0 1
11.232 5.91219 143.789 6.63175 3.21259 67.6611 1.88435 -13 109 1 0 1
-7.41063 4.15906 143.789 -4.0193 2.51283 72.59 0.596062 -13 110 1 0 1
-8.71108 -10.6184 143.789 -5.27535 -4.94557 77.0509 0.532162 -13 111 1 0 1
12.5957 11.55 143.789 6.72752 4.56821 54.697 1.79353 -13 113 1 0 1
14.6922 -13.175 143.789 8.09069 -6.43825 62.8089 0.866566 -13 114 1 0 1
-14.582 -5.69905 143.789 -7.70583 -3.16677 72.5322 1.36853 -13 116 1 0 1
-1.02698 4.94272 143.789 0.927938 2.48416 55.4801 0.651532 -13 117 1 0 1
12.5271 -17.5332 143.789 6.31205 -7.31938 46.1483 0.722069 -13 118 1 0 1
0.167201 5.68164 143.789 0.61807 3.5154 70.6016 1.36613 -13 119 1 0 1
11.8998 -17.4198 143.789 6.56887 -6.72292 60.7434 2.4708 -13 121 1 0 1
-9.70173 -10.6568 143.789 -5.71775 -5.49109 76.8248 1.44682 -13 122 1 0 1
-0.689268 -21.434 143.789 0.201319 -10.919 70.6623 1.61348 -13 123 1 0 1
-10.0176 -45.7518 143.789 4.36682 -19.2111 39.6657 -0.414838 -13 125 1 0 1
-5.72063 -2.69657 143.789 -4.0388 -3.1836 78.9608 1.75228 -13 126 1 0 1
8.4985 20.3382 143.789 5.09585 8.41533 59.7608 -0.148137 -13 127 1 0 1
3.87844 -8.98022 143.789 2.99564 -5.39321 64.6775 1.22726 -13 128 1 0 1
2.94251 10.1433 143.789 1.96254 5.22064 69.0063 0.396651 -13 131 1 0 1
7.32618 4.28753 143.789 4.1679 1.09965 69.9298 1.69465 -13 135 1 0 1
-10.2293 -4.83951 143.789 -3.64807 -2.57039 63.0104 2.40528 -13 137 1 0 1
-5.49208 27.1961 143.789 -0.813858 11.516 55.3013 1.28088 -13 140 1 0 1
6.25784 15.8361 143.789 4.12652 7.02048 52.3606 0.893876 -13 141 1 0 1
11.0301 -40.7511 143.789 -11.4201 -19.2079 29.0646 2.71853 -13 145 1 0 1
13.9152 -10.3359 143.789 7.72701 -4.2369 65.66 1.07764 -13 146 1 0 1
-0.498154 -4.55112 143.789 0.824166 -2.26398 65.3656 -0.353373 -13 147 1 0 1
-6.75248 -20.3509 143.789 -2.84693 -9.29676 68.9603 1.07691 -13 148 1 0 1
8.79649 22.5034 143.789 5.25404 11.3378 65.254 0.674038 -13 150 1 0 1
10.6678 -25.3901 143.789 5.87442 -11.0469 56.2413 2.11823 -13 151 1 0 1
5.52235 -3.96234 143.789 3.75795 -2.07564 64.3945 2.95882 -13 152 1 0 1
-6.73479 -13.9776 143.789 -2.57509 -8.25164 67.6867 0.319573 -13 153 1 0 1
-12.6561 -16.1934 143.789 -7.9056 -9.52444 77.9059 -1.35221 -13 154 1 0 1
-5.32334 1.54889 143.789 -1.25287 1.40982 62.4455 0.728211 -13 157 1 0 1
-1.91823 6.97626 143.789 -2.17165 3.00675 79.4292 2.03191 -13 158 1 0 1
-10.0232 17.1196 143.789 -2.55927 6.64084 56.1857 0.232432 -13 159 1 0 1
-8.67409 12.9673 143.789 -3.97567 7.94938 70.103 -0.958566 -13 163 1 0 1
4.82914 -9.57392 143.789 3.21018 -5.67059 66.9546 0.816805 -13 164 1 0 1
-7.90101 15.1488 143.789 -5.73715 9.45518 78.6921 1.79469 -13 168 1 0 1
-11.2342 -6.74235 143.789 -4.94376 -3.81492 67.5696 0.0879048 -13 170 1 0 1
0.663374 8.92341 143.789 1.83964 3.11842 56.8186 0.452629 -13 172 1 0 1
9.12608 10.8989 143.789 5.49988 4.06664 68.6706 0.984048 -13 174 1 0 1
-7.82032 -15.4167 143.789 -0.935164 -6.29234 48.6168 0.765541 -13 176 1 0 1
7.04863 -11.1281 143.789 4.45539 -3.92261 52.4914 0.29809 -13 178 1 0 1
10.7408 -27.269 143.789 -14.347 -13.4942 49.0246 0.0215032 -13 179 1 0 1
-11.6214 -6.53383 143.789 -1.65008 -1.90417 38.8375 -0.339816 -13 181 1 0 1
-6.3453 -16.0147 143.789 -1.39938 -7.88813 60.0921 0.0187643 -13 185 1 0 1
9.16092 2.23788 143.789 5.41623 2.71177 71.2628 1.85685 -13 188 1 0 1
-13.8434 -7.53693 143.789 5.78696 2.42176 65.005 0.874554 -13 189 1 0 1
-3.38107 7.14237 143.789 -3.01472 5.78048 80.1552 1.52212 -13 192 1 0 1
3.95999 25.8109 143.789 2.69813 14.0633 68.9122 0.48653 -13 194 1 0 1
3.23321 -0.234688 143.789 2.82383 -0.0412153 60.3428 3.05481 -13 195 1 0 1
10.599 -4.66308 143.789 4.72337 -4.44729 80.4588 3.24673 -13 196 1 0 1
-10.0399 18.889 143.789 -3.47691 8.7203 63.1261 -0.147213 -13 197 1 0 1
-7.40562 -10.4847 143.789 -1.28086 -3.57655 50.9401 1.5592 -13 200 1 0 1
-3.89567 37.7517 143.789 -0.344728 15.6779 58.0173 -0.0279314 -13 202 1 0 1
-1.51586 3.1638 143.789 0.493649 0.790893 62.1878 1.04653 -13 203 1 0 1
2.62581 5.30191 143.789 2.5941 1.0759 49.9461 2.32873 -13 205 1 0 1
-8.97532 31.8326 143.789 -4.748 17.1401 72.4345 2.80932 -13 212 1 0 1
-2.19498 18.437 143.789 -1.11707 9.59826 75.2403 1.73182 -13 214 1 0 1
4.17856 -23.6571 143.789 2.48743 -14.1412 71.3396 2.46862 -13 215 1 0 1
5.92337 1.26753 143.789 3.54355 0.758205 69.9326 1.87518 -13 216 1 0 1
-5.12109 -7.05105 143.789 -3.09665 -4.02595 77.7194 0.749511 -13 219 1 0 1
5.40859 2.7558 143.789 3.2639 0.674561 72.14 3.12335 -13 220 1 0 1
-12.4552 23.4342 143.789 -6.18019 12.6664 71.1686 -0.0294732 -13 222 1 0 1
-12.1997 12.0279 143.789 7.50167 21.8935 27.212 1.91487 -13 223 1 0 1
-13.1262 -0.442747 143.789 -4.85689 0.180425 62.4937 0.363259 -13 224 1 0 1
8.34433 25.8056 143.789 4.91823 10.6923 53.8315 0.626174 -13 226 1 0 1
-9.44025 -12.7512 143.789 -3.14389 -6.21575 62.1715 0.864641 -13 227 1 0 1
-1.15151 -0.336934 143.789 -1.35971 -0.365393 78.3846 -1.17977 -13 228 1 0 1
-14.3123 1.6464 143.789 -7.57975 -0.204099 72.0843 1.01782 -13 229 1 0 1
15.2135 4.40326 143.789 0.408085 9.58088 49.4138 0.187852 -13 234 1 0 1
10.8573 -12.1196 143.789 6.02798 -7.81946 73.8976 1.04457 -13 235 1 0 1
-14.997 -13.331 143.789 -6.14672 -7.4298 64.6723 2.1025 -13 236 1 0 1
0.944454 3.31696 143.789 1.5577 1.3766 62.9202 0.929382 -13 238 1 0 1
-5.37034 -5.63593 143.789 -0.915639 -3.44802 58.8367 2.71508 -13 242 1 0 1
5.86665 8.35036 143.789 3.12603 4.66243 75.9127 1.43548 -13 244 1 0 1
14.8084 14.7142 143.789 8.20456 9.3931 71.1154 0.101296 -13 245 1 0 1
2.76444 11.6662 143.789 1.95198 7.42922 70.664 0.601121 -13 246 1 0 1
7.51204 -11.5445 143.789 4.62788 -4.44952 60.9859 0.551333 -13 247 1 0 1
-4.84833 -13.3802 143.789 -1.66938 -6.62853 67.8551 1.49736 -13 248 1 0 1
9.84499 -20.9432 143.789 5.59416 -10.7701 68.0867 -0.671345 -13 250 1 0 1
5.2095 25.4859 143.789 2.97773 14.4104 70.848 -0.540091 -13 253 1 0 1
12.5962 8.27355 143.789 6.90393 3.76235 56.3212 0.435 -13 254 1 0 1
-0.0801609 8.04737 143.789 -0.339582 5.71118 77.4899 0.721077 -13 255 1 0 1
-4.83532 8.12303 143.789 -0.370938 3.2476 53.3458 0.0338133 -13 256 1 0 1
3.35004 -30.7361 143.789 2.92936 -10.2369 42.6124 0.89159 -13 257 1 0 1
3.09031 -0.608392 143.789 2.49193 -0.809865 63.4244 0.994029 -13 258 1 0 1
15.2933 -2.50867 143.789 0.262576 -4.45804 38.2795 -0.240953 -13 259 1 0 1
-1.8311 0.868638 143.789 -0.574162 -0.511602 72.7074 0.502783 -13 260 1 0 1
-4.83746 13.2728 143.789 -0.938252 5.8266 60.1534 -0.226398 -13 261 1 0 1
10.7592 0.430727 143.789 6.49272 0.507419 62.9441 2.98244 -13 262 1 0 1
0.590164 -10.0633 143.789 1.79557 -3.90573 50.7815 0.799411 -13 264 1 0 1
10.3177 4.93828 143.789 6.00381 1.71243 70.5413 1.40917 -13 266 1 0 1
-3.47898 3.77029 143.789 -0.587557 0.445319 63.708 0.576585 -13 267 1 0 1
9.31449 10.3086 143.789 4.75791 3.86361 42.8933 0.0586603 -13 268 1 0 1
-9.45999 7.40886 143.789 -5.90621 2.68859 77.9261 1.25609 -13 269 1 0 1
-7.69938 -6.01082 143.789 -2.51759 -3.98303 64.034 2.13539 -13 270 1 0 1
14.7107 -22.1737 143.789 8.05816 -10.6531 62.3606 2.48147 -13 272 1 0 1
9.35706 1.16666 143.789 5.51372 1.549 67.3964 -1.18687 -13 274 1 0 1
-2.21442 4.73585 143.789 6.16796 1.487 28.6449 2.86525 -13 278 1 0 1
9.95657 4.66545 143.789 5.71771 1.58124 61.3017 1.13977 -13 280 1 0 1
1.02008 -7.26179 143.789 1.10842 -2.8696 66.7079 -0.441934 -13 281 1 0 1
-1.05803 26.6595 143.789 1.25786 10.1099 47.7998 0.242127 -13 282 1 0 1
-7.79698 11.4065 143.789 -1.44571 3.29411 53.0962 0.641165 -13 284 1 0 1
-15.1207 -9.61178 143.789 -13.5492 -5.23235 63.5425 -0.620567 -13 286 1 0 1
-1.907 0.678595 143.789 0.81105 -0.563426 51.9931 -0.603095 -13 287 1 0 1
-6.21455 21.5676 143.789 -3.84717 12.5175 77.3597 1.24194 -13 289 1 0 1
7.14957 -17.2342 143.789 3.7324 -10.2407 74.7809 1.24185 -13 291 1 0 1
-6.16537 5.07689 143.789 -3.08108 3.29486 72.872 0.535073 -13 292 1 0 1
-9.07596 2.75446 143.789 -3.44686 1.11662 65.4137 0.939892 -13 295 1 0 1
-11.8234 4.51745 143.789 7.3761 -5.31807 44.5489 0.679791 -13 296 1 0 1
7.33998 3.4156 143.789 4.46534 0.785521 67.2703 -1.02346 -13 298 1 0 1
-12.516 12.615 143.789 -4.53507 5.09857 62.6386 0.111296 -13 301 1 0 1
-11.7367 12.6221 143.789 -4.43822 6.99099 63.507 1.10888 -13 302 1 0 1
0.440319 3.8616 143.789 1.404 2.94691 62.4702 0.886278 -13 303 1 0 1
-1.46832 13.6374 143.789 0.109882 7.59895 65.7237 1.38339 -13 304 1 0 1
-5.04931 -7.44825 143.789 -1.60476 -4.46666 66.7353 -0.201542 -13 306 1 0 1
15.2289 -36.0834 143.789 16.0521 -8.43297 59.579 -0.445739 -13 307 1 0 1
-5.38355 -25.6487 143.789 -2.72085 -13.8462 72.7047 0.884278 -13 308 1 0 1
-2.84487 16.6655 143.789 -0.517242 8.31352 66.145 -0.0140008 -13 309 1 0 1
14.0267 -17.9914 143.789 5.00105 -3.29232 31.8382 -0.15325 -13 311 1 0 1
-12.1941 3.94247 143.789 -6.02628 2.57944 71.4516 0.639112 -13 312 1 0 1
-11.9262 22.009 143.789 -6.01868 11.4778 71.8034 1.73578 -13 313 1 0 1
-12.0828 0.256193 143.789 -5.65037 0.238528 67.9095 0.231645 -13 314 1 0 1
7.50172 -44.2008 143.789 4.50097 -16.878 50.6242 -0.221743 -13 316 1 0 1
-8.61207 -20.3599 143.789 -3.00975 -10.0534 63.7839 1.61009 -13 317 1 0 1
1.86538 -5.10765 143.789 1.59852 -1.98734 69.2241 -0.60908 -13 318 1 0 1
-4.00342 13.8803 143.789 -1.78833 8.65255 70.1135 2.81446 -13 319 1 0 1
-9.58265 6.12087 143.789 -7.24245 4.12381 79.7832 2.59626 -13 322 1 0 1
15.1392 -7.09611 143.789 9.52105 -1.60631 69.2385 0.981108 -13 323 1 0 1
7.9521 15.0836 143.789 4.92127 7.47354 65.6633 0.147069 -13 324 1 0 1
6.46195 -9.65692 143.789 3.80359 -5.55944 72.4814 0.759468 -13 325 1 0 1
-0.912983 18.4828 143.789 0.270215 10.053 68.669 1.8874 -13 329 1 0 1
14.139 -5.33797 143.789 7.79315 -2.06079 76.4201 -0.097587 -13 330 1 0 1
11.1672 7.49437 143.789 4.33933 2.19747 29.94 0.24224 -13 332 1 0 1
-11.8783 -11.6308 143.789 -4.6085 -5.45455 65.6824 1.1387 -13 334 1 0 1
14.4861 -16.6372 143.789 8.17987 -8.41194 65.9927 1.14027 -13 335 1 0 1
-0.326887 -19.8994 143.789 0.162866 -9.91075 68.672 0.121944 -13 336 1 0 1
3.51962 -14.4522 143.789 2.91132 -5.13919 50.5932 1.31374 -13 339 1 0 1
7.09416 15.3939 143.789 4.39402 8.42875 69.1836 0.980223 -13 340 1 0 1
12.9124 0.352341 143.789 7.27566 -1.06397 77.4951 0.680113 -13 341 1 0 1
-5.03012 11.604 143.789 -2.66286 7.01528 73.4967 1.36298 -13 342 1 0 1
4.15531 -12.2261 143.789 3.14979 -6.86161 62.0995 0.458135 -13 343 1 0 1
-2.59179 0.600776 143.789 -0.547088 0.970901 69.0508 -0.0796316 -13 345 1 0 1
-6.33815 2.95719 143.789 -2.38031 1.57561 68.4123 -0.0665646 -13 347 1 0 1
1.94163 11.1837 143.789 2.52772 5.74587 52.35 0.414974 -13 348 1 0 1
0.152618 -26.4536 143.789 1.02341 -12.581 64.4178 1.57825 -13 350 1 0 1
-7.22401 12.5377 143.789 -3.2655 6.00805 70.2012 -0.789808 -13 352 1 0 1
-3.82993 12.9034 143.789 -0.812201 5.88645 65.8152 0.55381 -13 353 1 0 1
1.24093 16.6305 143.789 1.98909 5.88428 53.8472 1.29407 -13 354 1 0 1
-13.1062 15.6508 143.789 -7.20027 8.85673 73.6327 0.262797 -13 355 1 0 1
3.86434 3.6447 143.789 2.89978 1.6068 42.4917 1.08231 -13 357 1 0 1
14.481 4.17336 143.789 8.04317 3.16643 61.9979 1.26612 -13 359 1 0 1
-13.8049 -7.13289 143.789 -7.58974 -3.86684 75.1665 0.113444 -13 360 1 0 1
7.72493 3.57537 143.789 3.99563 2.91339 77.2435 0.58156 -13 361 1 0 1
-1.81076 10.1631 143.789 -1.05919 6.48202 75.2845 0.412606 -13 363 1 0 1
2.32773 -9.79991 143.789 1.83969 -4.27066 64.8364 1.03114 -13 364 1 0 1
-7.89385 15.5485 143.789 -1.17356 6.22918 48.7693 -0.939883 -13 365 1 0 1
-4.54187 13.3785 143.789 -1.09186 7.00958 64.8998 1.33882 -13 368 1 0 1
2.3643 -3.66702 143.789 2.41768 -0.871197 60.4446 -0.269649 -13 369 1 0 1
-7.42163 2.41543 143.789 14.7002 0.319788 47.0597 1.66004 -13 370 1 0 1
-0.352639 -9.87418 143.789 0.972552 -4.41603 66.1993 3.16827 -13 371 1 0 1
4.21499 -21.4548 143.789 3.48329 -9.83206 53.3265 1.71758 -13 372 1 0 1
-12.2977 -13.8014 143.789 -4.85597 -7.06464 64.5205 1.4903 -13 373 1 0 1
-13.8017 -0.239429 143.789 -7.98943 0.41977 76.3339 1.34638 -13 374 1 0 1
-12.7276 -28.4983 143.789 -5.83144 -14.536 68.3719 1.24389 -13 376 1 0 1
6.7708 -11.0276 143.789 3.90674 -4.25976 41.9797 3.28518 -13 378 1 0 1
-2.75837 -31.2995 143.789 -0.746514 -16.5168 66.8019 1.42531 -13 379 1 0 1
-11.9414 -40.4253 143.789 -1.85407 -13.2628 42.021 0.366293 -13 380 1 0 1
-0.674822 -7.517 143.789 0.60547 -4.80069 67.4341 2.5514 -13 385 1 0 1
4.99512 -4.84145 143.789 3.31054 -2.91554 69.8444 2.6902 -13 386 1 0 1
-14.57 -4.10834 143.789 -7.46732 -2.73568 72.0324 0.871396 -13 387 1 0 1
7.17151 -1.11373 143.789 4.48419 -0.179365 51.8316 0.169137 -13 388 1 0 1
-10.4969 3.06251 143.789 -3.68817 1.10377 63.7844 1.55567 -13 390 1 0 1
-11.173 -1.6913 143.789 -2.86318 -1.8279 54.1691 1.11324 -13 392 1 0 1
-1.95612 23.9282 143.789 0.240624 10.1969 60.5476 0.0323045 -13 394 1 0 1
-6.30649 27.8567 143.789 -3.31165 16.4286 73.8238 -0.913265 -13 395 1 0 1
12.2943 -13.1859 143.789 6.7206 -5.37479 59.7143 2.11029 -13 397 1 0 1
3.56841 -4.92473 143.789 2.56017 -2.84561 66.7778 1.64788 -13 398 1 0 1
0.812421 -23.0035 143.789 0.724741 -11.4463 70.8483 2.80401 -13 399 1 0 1
7.23969 9.06409 143.789 4.54884 6.27295 64.5771 0.776068 -13 400 1 0 1
13.8199 0.79214 143.789 7.66995 0.727674 71.6789 0.52577 -13 401 1 0 1
-7.47048 17.3902 143.789 -1.70371 7.31423 57.7888 0.570961 -13 402 1 0 1
0.0907959 -46.427 143.789 0.817413 -24.6295 67.5214 1.02352 -13 403 1 0 1
8.83564 -14.8462 143.789 5.28816 -8.31203 66.0397 2.00588 -13 404 1 0 1
-3.94865 -14.6215 143.789 -0.606884 -7.70311 60.1285 0.264878 -13 406 1 0 1
-3.44772 -12.2898 143.789 -0.689386 -5.3592 65.9654 2.07704 -13 407 1 0 1
-8.00138 -11.6879 143.789 -4.5689 -6.5793 75.9731 -1.8453 -13 410 1 0 1
-3.79415 15.9668 143.789 0.716178 4.07036 43.3187 1.62373 -13 411 1 0 1
-2.03279 -19.3253 143.789 -0.239998 -9.74181 66.7806 2.04999 -13 412 1 0 1
-15.2215 9.54797 143.789 -6.01859 5.43045 69.1933 0.805648 -13 413 1 0 1
-0.447049 1.52952 143.789 0.354383 -0.0107653 69.678 2.23806 -13 418 1 0 1
0.474041 -17.0104 143.789 0.486515 -10.2454 73.4295 0.304013 -13 421 1 0 1
10.8864 43.1897 143.789 6.12177 20.8384 63.688 1.21708 -13 422 1 0 1
-0.523794 6.30627 143.789 0.964575 3.47018 64.1522 0.744717 -13 425 1 0 1
-1.78039 6.33326 143.789 -1.11506 4.5603 73.9941 -0.684431 -13 426 1 0 1
-7.60565 22.1245 143.789 -2.79939 11.8501 65.3086 1.18321 -13 428 1 0 1
3.08391 -9.6066 143.789 1.5037 -5.66494 75.8682 2.61755 -13 431 1 0 1
10.855 9.49163 143.789 6.26897 5.56165 67.6944 2.72058 -13 432 1 0 1
-0.0674403 -20.054 143.789 0.397639 -11.7542 69.6346 2.1416 -13 433 1 0 1
10.5351 19.7968 143.789 5.99374 9.98951 59.0786 0.964431 -13 434 1 0 1
5.92962 0.220581 143.789 3.69537 0.386399 67.3999 -1.5422 -13 437 1 0 1
-2.68486 0.895668 143.789 0.700702 0.516379 55.0795 2.83483 -13 438 1 0 1
0.967301 -25.5109 143.789 1.44362 -11.387 62.9316 -0.318396 -13 439 1 0 1
13.2921 13.7356 143.789 7.23025 6.59843 61.0398 1.03815 -13 440 1 0 1
-12.5542 0.399969 143.789 -6.31997 0.08686 71.586 2.10423 -13 441 1 0 1
-9.26751 -1.87313 143.789 -3.50064 0.362446 65.607 0.642835 -13 442 1 0 1
9.42583 5.93049 143.789 5.56442 3.74796 56.6759 1.89986 -13 443 1 0 1
-6.64096 -13.7298 143.789 -2.68038 -5.90764 69.1048 -0.802615 -13 446 1 0 1
6.39817 1.78395 143.789 -13.0403 -0.35534 42.5387 0.471439 -13 447 1 0 1
-1.18773 5.65136 143.789 -0.00607773 3.68573 70.6611 -1.26289 -13 448 1 0 1
0.828234 -0.379455 143.789 1.87089 -0.596663 52.7672 0.712006 -13 449 1 0 1
8.96156 4.69707 143.789 4.49376 1.7457 81.0736 0.760201 -13 451 1 0 1
2.84769 -5.42807 143.789 2.48466 -3.10436 67.4078 1.85454 -13 452 1 0 1
14.0098 -6.87711 143.789 7.84856 -2.79413 59.4671 0.492874 -13 453 1 0 1
-8.8954 7.12654 143.789 -1.42541 2.51615 50.687 2.28191 -13 454 1 0 1
15.1188 19.6564 143.789 1.77589 10.1411 51.1596 0.154251 -13 456 1 0 1
11.6673 -47.3307 143.789 -8.10703 -16.2644 26.457 -0.11932 -13 458 1 0 1
7.2322 21.7307 143.789 -15.029 20.572 59.1295 2.43552 -13 459 1 0 1
-9.03361 1.17001 143.789 -3.60076 1.21485 65.3968 0.61959 -13 460 1 0 1
-12.0106 18.4953 143.789 -4.77766 9.72559 65.5324 1.12967 -13 461 1 0 1
13.305 5.87062 143.789 7.58013 3.00821 64.6282 0.494966 -13 462 1 0 1
7.73236 -4.3805 143.789 4.60343 -2.09141 68.9381 2.22726 -13 463 1 0 1
-9.5023 35.8066 143.789 -1.01155 10.2563 38.1987 0.353105 -13 465 1 0 1
13.6017 17.5794 143.789 7.10528 7.79332 56.6805 1.19617 -13 466 1 0 1
10.3874 -6.76914 143.789 6.05513 -4.04844 56.3377 0.0307773 -13 468 1 0 1
-1.07321 32.2001 143.789 1.27699 11.9435 49.9995 1.4105 -13 469 1 0 1
10.5353 -13.3319 143.789 6.01086 -5.7924 64.9444 0.325549 -13 470 1 0 1
11.0416 20.8822 143.789 5.83704 7.48825 49.1646 2.16293 -13 471 1 0 1
4.27363 -8.9594 143.789 3.46926 -3.90314 55.4254 0.267615 -13 473 1 0 1
7.35345 12.9539 143.789 4.4323 7.58389 72.1057 2.31522 -13 475 1 0 1
6.36937 24.9413 143.789 4.30112 11.5605 66.6585 -0.500641 -13 477 1 0 1
-1.97142 -12.7741 143.789 0.127895 -5.56901 61.7177 -0.960113 -13 478 1 0 1
12.4134 -1.33064 143.789 6.02256 -0.956224 48.0336 0.369801 -13 479 1 0 1
8.19941 -19.8887 143.789 4.66247 -7.58554 45.2421 1.43926 -13 482 1 0 1
-14.6327 0.833375 143.789 -6.64621 -0.0761808 67.3286 -0.475862 -13 484 1 0 1
3.70169 -27.857 143.789 2.93128 -12.9508 57.8756 3.62499 -13 486 1 0 1
12.3932 2.201 143.789 -3.63701 0.355137 43.8075 1.00162 -13 487 1 0 1
5.96331 18.0216 143.789 3.60005 7.02524 41.714 2.46488 -13 489 1 0 1
-2.44143 -26.5847 143.789 0.0626972 -13.2715 62.3468 -0.973761 -13 490 1 0 1
9.18281 7.7069 143.789 5.30983 2.80523 69.8621 1.64059 -13 491 1 0 1
9.38342 10.734 143.789 5.49838 5.91676 61.2552 2.02716 -13 492 1 0 1
-1.28801 -7.955 143.789 1.05638 -3.76185 59.6159 1.88509 -13 493 1 0 1
12.2768 -10.2181 143.789 5.17114 -3.38825 36.4281 1.35421 -13 494 1 0 1
11.4222 -26.4753 143.789 5.46503 -8.55709 43.5109 1.36936 -13 496 1 0 1
6.95861 9.31765 143.789 4.28396 4.66219 64.2122 1.09466 -13 497 1 0 1
-7.63831 12.9928 143.789 -3.23926 6.88096 68.8773 0.365049 -13 498 1 0 1
7.7839 9.22012 143.789 4.6193 2.88156 52.0743 0.117598 -13 499 1 0 1
7.42268 11.8331 143.789 3.72396 6.27706 79.2593 0.433821 -13 501 1 0 1
-0.667435 -30.5026 143.789 0.412282 -14.2575 68.3693 -0.826929 -13 503 1 0 1
-2.29572 8.34257 143.789 -0.39641 4.58642 66.3033 1.09966 -13 504 1 0 1
-13.6936 -5.45215 143.789 -8.68926 -3.77514 78.8523 1.99935 -13 506 1 0 1
-12.1691 -7.6698 143.789 -4.0343 -3.17502 58.5399 0.457615 -13 512 1 0 1
12.8996 6.12178 143.789 6.54241 2.92144 51.2654 2.06552 -13 513 1 0 1
-7.5556 -0.645715 143.789 -1.75781 -0.201546 55.2277 -2.58478 -13 514 1 0 1
-5.10151 6.65164 143.789 -0.791015 3.94716 56.6928 -1.06808 -13 516 1 0 1
3.69742 -3.2356 143.789 2.34751 -2.69319 72.9857 -0.383328 -13 517 1 0 1
-1.52927 3.36041 143.789 0.350008 2.08659 65.2544 1.60721 -13 518 1 0 1
4.86657 -12.5377 143.789 3.67807 -6.54984 60.5088 3.35422 -13 520 1 0 1
-7.30514 -20.4355 143.789 -3.10662 -10.1379 69.7055 -0.714548 -13 521 1 0 1
1.85409 8.96784 143.789 0.234488 5.16782 80.5672 1.60455 -13 522 1 0 1
-12.0445 11.6476 143.789 -5.59176 5.34584 69.7444 1.62279 -13 523 1 0 1
6.69985 -6.6252 143.789 4.41361 -1.29471 61.9066 1.53827 -13 524 1 0 1
11.3707 27.552 143.789 5.2329 7.89972 39.281 1.81626 -13 525 1 0 1
-14.5619 -2.002 143.789 10.2601 -7.67666 62.6081 0.785188 -13 526 1 0 1
-7.4769 23.9214 143.789 -1.96785 10.6201 59.0834 1.86851 -13 527 1 0 1
-6.28909 8.33994 143.789 -0.867838 3.28299 54.5196 3.57159 -13 528 1 0 1
3.70674 9.60062 143.789 2.81601 4.76299 67.0797 0.161328 -13 530 1 0 1
9.6603 5.17586 143.789 5.84849 2.62274 59.1794 1.8254 -13 531 1 0 1
-7.93837 -40.2224 143.789 -0.222838 -8.85285 29.6129 4.77248 -13 533 1 0 1
14.4093 -1.38146 143.789 8.07997 -0.336101 69.9898 1.7158 -13 534 1 0 1
6.1514 19.4584 143.789 3.65534 11.8068 69.2911 -2.07718 -13 535 1 0 1
14.8772 1.96319 143.789 7.56043 1.61826 54.9434 -0.0335538 -13 536 1 0 1
-3.91791 19.9517 143.789 -1.68766 11.1946 70.5584 1.69319 -13 541 1 0 1
10.3871 8.42389 143.789 6.01148 4.79305 67.552 0.773089 -13 542 1 0 1
11.8888 -5.21725 143.789 6.80444 -2.75967 63.7265 1.21561 -13 544 1 0 1
-8.52531 -46.938 143.789 -3.8144 -24.5543 68.2729 1.91681 -13 545 1 0 1
8.39074 -41.5848 143.789 4.2983 -13.1792 42.9086 1.55863 -13 546 1 0 1
2.41159 32.6785 143.789 2.49025 13.0009 51.5611 0.220349 -13 547 1 0 1
9.51527 10.9834 143.789 5.50329 6.10878 61.6035 3.07326 -13 548 1 0 1
12.0979 -8.58331 143.789 6.64676 -2.80675 57.6684 3.41197 -13 549 1 0 1
-4.40449 19.9307 143.789 -0.472842 8.21388 56.408 1.35508 -13 556 1 0 1
14.0949 -1.44694 143.789 7.68633 -1.0102 61.3635 3.24004 -13 557 1 0 1
-4.32565 -7.53772 143.789 -0.792713 -4.08592 62.0164 -1.8027 -13 558 1 0 1
13.6793 -6.51537 143.789 7.53515 -4.23198 70.3776 0.399693 -13 564 1 0 1
-14.4781 20.9534 143.789 -4.45149 9.28054 55.3861 2.14 -13 565 1 0 1
-9.96931 -8.79474 143.789 -2.31598 -3.07083 53.3875 1.09245 -13 567 1 0 1
-13.6548 14.4576 143.789 -6.74518 8.15411 71.5529 0.908624 -13 568 1 0 1
4.38099 -11.9061 143.789 3.14034 -5.67817 61.6505 2.59848 -13 569 1 0 1
4.50059 -14.0144 143.789 3.50843 -4.91975 52.3527 -1.50283 -13 570 1 0 1
11.1809 32.5883 143.789 3.70481 6.42484 24.4538 1.59274 -13 571 1 0 1
3.13856 -12.146 143.789 1.77665 -7.67018 75.3729 0.559353 -13 572 1 0 1
-11.8264 -6.03083 143.789 -5.21738 -4.33207 68.7001 2.69025 -13 573 1 0 1
-13.1672 42.4406 143.789 -4.42973 19.1467 57.9639 -0.112508 -13 574 1 0 1
5.79014 -4.87002 143.789 3.56399 -2.5451 69.6327 0.921467 -13 575 1 0 1
-0.564238 3.07933 143.789 0.463586 0.0882482 68.7386 -0.149319 -13 576 1 0 1
7.82445 -8.49993 143.789 4.66444 -2.69342 65.6467 -1.20582 -13 577 1 0 1
-9.70607 25.6715 143.789 -4.87823 13.9836 71.9622 2.67082 -13 578 1 0 1
9.94264 -0.826136 143.789 5.71525 -0.904553 71.2053 0.286777 -13 583 1 0 1
-0.742124 -12.7087 143.789 0.425862 -6.9431 65.1852 -1.27883 -13 585 1 0 1
7.76032 -21.5301 143.789 4.46781 -11.9872 71.0744 2.91529 -13 586 1 0 1
-15.1751 28.4911 143.789 -9.38918 17.6359 63.1531 1.09276 -13 587 1 0 1
1.89051 7.15758 143.789 1.51724 3.30267 70.5179 -0.511101 -13 589 1 0 1
-13.3874 -0.617437 143.789 -8.1221 0.472431 77.8274 3.27736 -13 591 1 0 1
-2.74722 -1.59682 143.789 -0.778466 -1.29051 71.4923 -1.8842 -13 592 1 0 1
8.18019 6.39206 143.789 5.16037 1.71175 64.1613 2.72553 -13 593 1 0 1
9.62032 -5.36582 143.789 5.57558 -1.75469 63.7159 1.37357 -13 595 1 0 1
-0.829359 -0.707639 143.789 18.9257 2.00889 65.8059 0.663295 -13 597 1 0 1
1.79308 -18.1273 143.789 0.0924816 -11.2822 80.7341 -1.03114 -13 598 1 0 1
-7.68514 -1.43752 143.789 -0.85069 -0.493227 46.9737 -0.572507 -13 599 1 0 1
3.68412 -23.5216 143.789 3.13158 -8.96836 50.6416 1.49995 -13 600 1 0 1
11.5575 0.377049 143.789 6.30314 0.0264713 59.3674 2.02277 -13 601 1 0 1
5.74165 -13.8209 143.789 3.94325 -6.49592 64.3715 1.42987 -13 602 1 0 1
-2.56986 -49.2372 143.789 0.298159 -20.5952 57.4198 0.939587 -13 605 1 0 1
-13.2326 8.15179 143.789 -5.8113 5.8478 66.9858 -0.881584 -13 610 1 0 1
-3.52682 0.485671 143.789 0.177495 -0.579644 54.2604 1.82702 -13 611 1 0 1
6.16247 -11.9364 143.789 4.16665 -6.58449 64.4681 0.511459 -13 614 1 0 1
-13.9329 -9.28475 143.789 10.0118 -7.10105 56.1108 1.58136 -13 615 1 0 1
8.50543 10.9832 143.789 4.586 7.06276 78.0896 0.511723 -13 616 1 0 1
-13.3771 -7.32404 143.789 -5.37465 -2.94116 63.599 0.134489 -13 617 1 0 1
-3.59108 48.2406 143.789 -0.216309 20.7543 56.4432 -0.115305 -13 618 1 0 1
-7.86231 6.07315 143.789 -4.98437 3.3539 77.8292 -1.47858 -13 620 1 0 1
7.39758 -10.1 143.789 4.65383 -3.29809 59.9349 1.5454 -13 621 1 0 1
2.63138 0.39734 143.789 2.59654 1.28902 60.7724 0.562128 -13 623 1 0 1
14.2584 8.06453 143.789 8.11019 3.28277 65.0551 0.524225 -13 624 1 0 1
6.7676 17.9196 143.789 4.44767 6.85248 59.3807 0.027501 -13 625 1 0 1
11.3228 5.18114 143.789 6.29049 2.01878 70.7079 3.23301 -13 626 1 0 1
-1.03147 29.6351 143.789 0.760931 14.8653 64.8282 1.02466 -13 629 1 0 1
5.9589 4.62636 143.789 4.3079 2.28111 59.0979 0.226716 -13 631 1 0 1
-1.17141 -16.5239 143.789 0.252829 -8.01472 66.8278 -0.69536 -13 632 1 0 1
-0.740961 -31.798 143.789 1.50028 -6.77058 28.3677 1.64794 -13 638 1 0 1
13.4768 -19.1411 143.789 7.41409 -9.30834 65.5985 -1.13562 -13 639 1 0 1
9.69918 -17.9404 143.789 5.76481 -7.06116 57.529 0.863791 -13 642 1 0 1
-0.0523845 -32.6578 143.789 0.457411 -17.0842 69.709 0.41683 -13 643 1 0 1
-10.7313 -26.0574 143.789 -2.46728 -10.1121 49.9487 3.24653 -13 644 1 0 1
11.6121 -20.613 143.789 6.38817 -8.42536 56.6143 1.91333 -13 645 1 0 1
14.9073 1.88155 143.789 8.4437 1.2798 67.9961 0.678633 -13 649 1 0 1
-2.1653 -11.1364 143.789 -1.10933 -5.38745 73.688 1.70859 -13 650 1 0 1
5.6696 5.51743 143.789 3.5095 2.60749 68.1298 1.27676 -13 651 1 0 1
-4.2873 -10.9887 143.789 -1.29348 -5.73706 65.9439 1.79906 -13 652 1 0 1
3.67476 -11.1735 143.789 2.48038 -5.02821 68.4039 1.40287 -13 653 1 0 1
-9.78341 -22.7855 143.789 -0.888008 -6.31439 34.6287 1.48919 -13 655 1 0 1
-3.66706 -2.87913 143.789 -0.575902 -0.257462 61.5593 1.43544 -13 657 1 0 1
-4.94654 -16.1143 143.789 -2.0524 -7.16373 69.0149 2.99062 -13 659 1 0 1
0.48983 -1.4623 143.789 0.983683 -0.422124 67.148 -0.729473 -13 660 1 0 1
-6.86668 -9.13281 143.789 -4.27926 -6.66156 76.4801 2.34702 -13 661 1 0 1
-10.579 8.94988 143.789 -3.20515 3.88188 58.0334 0.588947 -13 662 1 0 1
-6.70101 -17.009 143.789 -3.22527 -8.54571 70.3422 2.4874 -13 664 1 0 1
-5.55322 -8.47184 143.789 -3.34871 -5.36655 76.8811 1.01315 -13 665 1 0 1
2.98218 3.02043 143.789 2.55925 1.62517 60.5025 -1.32658 -13 667 1 0 1
-2.81615 -20.0866 143.789 0.852541 -5.61341 35.2909 2.01298 -13 668 1 0 1
5.27534 -26.9659 143.789 3.66172 -13.379 67.0223 2.15886 -13 669 1 0 1
7.9877 -18.5373 143.789 4.64004 -9.64761 72.1949 0.766284 -13 670 1 0 1
2.97288 47.6519 143.789 2.66351 19.9643 57.6214 1.20806 -13 673 1 0 1
-3.05034 -29.2841 143.789 -0.186737 -13.9932 62.0663 3.99157 -13 675 1 0 1
3.40412 18.3925 143.789 2.2516 11.6936 71.4332 2.29376 -13 678 1 0 1
-15.4981 26.8585 143.789 -7.93885 5.83631 45.771 0.797681 -13 679 1 0 1
-9.20165 6.44869 143.789 -2.20508 2.1771 56.0923 -0.00979837 -13 680 1 0 1
-1.77601 -9.48401 143.789 -0.669783 -7.06454 73.2899 -2.50042 -13 681 1 0 1
2.90679 -42.9499 143.789 2.50742 -11.7864 32.5383 1.39053 -13 682 1 0 1
-0.110038 -13.2496 143.789 1.1502 -5.83133 61.4672 0.615032 -13 684 1 0 1
13.5405 20.4908 143.789 7.63486 10.719 69.229 1.18236 -13 686 1 0 1
-2.37147 9.47879 143.789 -0.297823 3.90677 66.6522 0.756008 -13 688 1 0 1
7.15783 -0.306226 143.789 4.28901 -1.03976 64.785 -1.1514 -13 691 1 0 1
-6.03638 -1.10845 143.789 -1.73766 -1.69931 62.4089 -0.123164 -13 692 1 0 1
3.80723 -16.9132 143.789 2.73977 -7.13141 64.9054 3.17371 -13 694 1 0 1
5.83372 16.9961 143.789 3.92433 8.25684 64.5175 1.16308 -13 696 1 0 1
-8.8034 7.65984 143.789 -4.46051 4.62685 70.9442 1.29736 -13 697 1 0 1
9.53959 -8.47895 143.789 5.37786 -4.45267 71.7369 2.15724 -13 700 1 0 1
10.3653 18.2461 143.789 6.07145 10.4035 69.6934 2.11646 -13 701 1 0 1
-15.2486 9.54351 143.789 4.29525 0.507774 59.8436 -1.49697 -13 703 1 0 1
7.59125 9.36022 143.789 4.6792 3.36581 53.6574 2.34431 -13 705 1 0 1
-1.95901 9.30191 143.789 0.915239 3.9218 54.6739 -0.682863 -13 706 1 0 1
-0.607422 6.69296 143.789 0.0123857 5.19735 72.2929 4.07971 -13 707 1 0 1
0.726499 -13.6731 143.789 1.43265 -7.36372 65.6327 0.892425 -13 709 1 0 1
8.5675 -7.27707 143.789 4.73057 -3.16767 44.4489 0.105323 -13 710 1 0 1
2.75704 -15.1827 143.789 2.00455 -7.60562 69.099 2.1733 -13 712 1 0 1
-6.0926 -16.9577 143.789 -4.55352 -10.9199 80.3097 0.726168 -13 713 1 0 1
7.0041 -0.870115 143.789 4.27852 -1.08584 49.8023 2.6378 -13 714 1 0 1
-5.30749 12.9236 143.789 -2.42117 7.50115 71.1764 -0.302869 -13 715 1 0 1
-0.858588 -7.79464 143.789 1.32857 -3.3101 52.8312 2.73238 -13 717 1 0 1
-10.0449 0.151455 143.789 -5.09208 -0.593093 72.236 1.70701 -13 718 1 0 1
8.09671 6.3945 143.789 4.75428 4.22464 71.8194 0.668187 -13 719 1 0 1
1.96362 25.182 143.789 1.95682 12.3514 65.37 2.90186 -13 720 1 0 1
15.073 -21.9844 143.789 8.90641 -9.4021 68.4672 0.69013 -13 721 1 0 1
12.3411 -21.4893 143.789 6.46553 -9.05693 54.1324 -0.601636 -13 722 1 0 1
3.18486 -10.9879 143.789 2.58304 -4.21726 61.7278 -0.360758 -13 723 1 0 1
2.68372 21.488 143.789 1.73781 11.0136 72.2053 2.7713 -13 724 1 0 1
-9.596 17.2071 143.789 -2.52672 6.59275 55.5797 0.634607 -13 725 1 0 1
8.54375 -10.8282 143.789 4.55313 -5.81514 76.2077 -1.0826 -13 729 1 0 1
-3.19925 -27.9577 143.789 1.11664 -7.05153 36.1796 1.07743 -13 730 1 0 1
-5.28464 -8.33257 143.789 -2.23906 -3.88232 70.5673 -0.464934 -13 731 1 0 1
-7.01679 17.2294 143.789 -2.74547 8.12988 68.7031 2.80041 -13 732 1 0 1
-9.50595 -2.01557 143.789 -1.47687 -1.51823 46.6948 0.615948 -13 733 1 0 1
9.07375 -0.00696466 143.789 5.39747 -2.74396 71.3845 3.01816 -13 734 1 0 1
14.1055 15.3709 143.789 6.63017 5.38188 47.0004 0.822878 -13 736 1 0 1
-4.40244 18.4282 143.789 -0.741521 8.29166 62.9178 2.89946 -13 737 1 0 1
2.09745 -2.4955 143.789 2.16097 -0.426833 57.7722 2.41418 -13 738 1 0 1
14.4791 -4.25484 143.789 7.67758 -1.13719 59.05 -0.277608 -13 739 1 0 1
-11.6966 2.35762 143.789 -6.14893 1.12349 73.0342 1.53611 -13 740 1 0 1
-10.4227 12.4701 143.789 3.07778 5.97751 35.9541 -1.02168 -13 742 1 0 1
-4.24227 9.55152 143.789 -1.72583 5.73178 72.0479 2.09238 -13 743 1 0 1
-2.28354 16.0448 143.789 0.590698 5.97763 55.3212 1.17359 -13 744 1 0 1
5.39574 29.1996 143.789 -7.9498 12.2 36.4898 2.9131 -13 745 1 0 1
-3.14891 -12.5913 143.789 -0.925956 -6.4425 68.3888 -1.03084 -13 746 1 0 1
4.82777 -5.51044 143.789 3.23739 -2.67827 67.9987 0.967095 -13 747 1 0 1
-10.8449 5.29287 143.789 -2.17132 2.31771 49.2063 -0.820188 -13 748 1 0 1
10.5508 -13.3326 143.789 5.85733 -7.34871 72.8592 1.88253 -13 749 1 0 1
1.96454 11.5983 143.789 2.11506 3.41312 64.0061 1.52864 -13 750 1 0 1
8.63754 21.0772 143.789 5.08177 8.84276 52.9567 0.952962 -13 751 1 0 1
-2.32514 26.0282 143.789 -0.238536 13.8656 66.7312 0.317365 -13 752 1 0 1
-1.80791 3.64876 143.789 0.347804 0.857564 64.4307 -0.221251 -13 753 1 0 1
-15.0466 -2.73824 143.789 -9.64225 -5.45318 67.8024 1.08731 -13 754 1 0 1
3.16155 -5.04643 143.789 1.70126 -3.24764 75.7797 -0.693518 -13 755 1 0 1
11.1511 14.7335 143.789 6.37269 8.67251 68.6638 -0.255454 -13 756 1 0 1
8.47058 -11.7984 143.789 5.37899 -6.06647 56.4274 1.24779 -13 758 1 0 1
11.6383 -7.11993 143.789 6.34701 -3.11429 54.7904 1.11017 -13 760 1 0 1
-0.096753 -13.165 143.789 1.24252 -5.20626 58.5158 1.56227 -13 761 1 0 1
11.039 5.41366 143.789 6.30147 3.10049 70.4503 -1.82356 -13 764 1 0 1
-1.79121 -12.3124 143.789 0.477381 -6.28611 64.9507 0.257393 -13 765 1 0 1
-12.4423 -11.0038 143.789 -5.87402 -8.03104 70.6795 -0.276546 -13 770 1 0 1
14.0014 -43.4999 143.789 5.87464 -12.5869 37.7033 0.546094 -13 771 1 0 1
-11.2898 -5.40401 143.789 -3.42516 -1.77322 58.5454 1.8125 -13 774 1 0 1
-3.89029 14.5001 143.789 -0.0299386 6.13517 55.346 3.42763 -13 776 1 0 1
-10.9514 -14.2028 143.789 -4.7562 -7.66867 67.4857 0.760143 -13 777 1 0 1
2.06687 23.9284 143.789 2.42077 9.11724 45.9816 3.62466 -13 778 1 0 1
14.7338 -0.512911 143.789 8.56672 -0.0819616 67.4148 -0.11874 -13 780 1 0 1
-5.41998 4.84444 143.789 -1.71388 1.77536 66.2903 0.684942 -13 781 1 0 1
-9.49049 -14.0375 143.789 -3.44936 -6.58707 63.2387 1.33231 -13 782 1 0 1
7.79625 -9.27576 143.789 4.59168 -5.24307 60.1924 2.85648 -13 790 1 0 1
13.7771 -25.6464 143.789 7.77292 -13.6812 67.1401 -0.626014 -13 791 1 0 1
-7.43937 -5.17094 143.789 -2.68696 -2.43211 66.7269 2.98408 -13 792 1 0 1
9.805 -19.8657 143.789 5.83744 -9.58174 68.9845 1.06387 -13 794 1 0 1
-15.3085 -22.6522 143.789 -19.2247 0.343725 33.7719 -1.51017 -13 795 1 0 1
-13.8689 3.16605 143.789 -4.49101 1.27051 58.8799 0.759054 -13 796 1 0 1
4.72774 -2.26763 143.789 3.49549 -1.70516 48.2848 0.164826 -13 797 1 0 1
0.277619 31.4737 143.789 0.122012 17.578 73.774 2.74968 -13 798 1 0 1
2.21142 10.5671 143.789 2.12834 4.63517 63.5907 1.72659 -13 799 1 0 1
2.40492 18.1707 143.789 14.1254 7.54633 31.2988 2.25451 -13 800 1 0 1
4.0674 -12.6998 143.789 2.85984 -7.07203 66.9938 -0.492851 -13 802 1 0 1
6.32619 4.7534 143.789 3.37164 4.2788 75.8316 -0.95444 -13 803 1 0 1
6.58297 -1.00108 143.789 2.76035 -0.12402 24.1593 1.4303 -13 805 1 0 1
9.44748 -5.45582 143.789 5.4364 -2.54955 56.407 1.8763 -13 806 1 0 1
-10.5735 -20.5499 143.789 -4.13507 -9.56315 66.3161 1.19036 -13 807 1 0 1
-14.826 0.783095 143.789 2.854 -7.76172 57.3558 0.254286 -13 809 1 0 1
-9.31736 -5.67593 143.789 -5.49999 -3.91001 76.8969 0.0531169 -13 810 1 0 1
5.27067 4.85064 143.789 3.54069 3.14869 70.5834 0.549739 -13 811 1 0 1
-14.8827 -14.4219 143.789 -2.63094 -3.83252 39.6119 3.12734 -13 812 1 0 1
1.49429 1.77222 143.789 1.9585 1.73743 62.6641 1.53433 -13 814 1 0 1
2.90674 -5.71583 143.789 1.26855 -3.22738 77.0725 2.21227 -13 816 1 0 1
10.5863 -1.88491 143.789 5.1599 -0.497213 39.4771 -0.517299 -13 817 1 0 1
15.0717 -23.5705 143.789 2.19788 -17.0238 41.4704 0.878048 -13 820 1 0 1
-3.63792 -5.47487 143.789 0.196049 -1.35761 52.8985 -0.823459 -13 821 1 0 1
-15.3767 6.85285 143.789 1.70623 -2.06152 61.7569 1.3354 -13 822 1 0 1
-8.28526 -3.89268 143.789 0.141431 -0.811049 25.7308 1.7482 -13 824 1 0 1
-7.39988 -11.4025 143.789 -2.35725 -5.36028 61.3575 1.10542 -13 825 1 0 1
6.21402 14.3008 143.789 3.85609 8.01239 66.7251 -0.610434 -13 826 1 0 1
7.75696 -25.791 143.789 4.81799 -12.618 62.1383 3.48488 -13 827 1 0 1
-4.11123 -1.29259 143.789 -0.809297 -1.50083 64.9709 -1.6642 -13 828 1 0 1
7.26518 -19.256 143.789 4.51217 -9.47245 64.2791 0.637907 -13 830 1 0 1
10.1195 -5.91736 143.789 5.81633 -3.54109 65.6842 2.77193 -13 831 1 0 1
2.22908 -17.3298 143.789 2.50875 -7.46048 55.7607 1.24455 -13 832 1 0 1
-1.48936 -7.54367 143.789 0.40112 -3.62295 62.0846 1.19011 -13 833 1 0 1
-1.08968 -18.8487 143.789 0.885803 -7.88396 60.5918 0.603086 -13 834 1 0 1
-7.81211 -25.0137 143.789 -5.10737 -14.8997 77.2245 -0.225223 -13 835 1 0 1
13.7958 26.7189 143.789 -6.54289 14.5809 42.0408 0.704959 -13 836 1 0 1
12.3897 7.82131 143.789 6.96148 3.01342 71.5552 -0.579746 -13 838 1 0 1
4.25869 -17.4363 143.789 3.41136 -6.49989 55.5017 0.475745 -13 839 1 0 1
-14.2502 13.372 143.789 -5.16256 5.74845 60.2475 3.26602 -13 840 1 0 1
-6.51844 -4.33422 143.789 -3.30795 -1.98356 73.5811 -0.239007 -13 842 1 0 1
-10.7693 -24.5627 143.789 -5.90618 -15.0751 73.3668 1.22854 -13 843 1 0 1
-11.4153 25.8429 143.789 -3.54373 11.2914 58.4978 1.74853 -13 844 1 0 1
13.8477 -1.30717 143.789 7.51577 -0.0138092 60.0013 1.81919 -13 845 1 0 1
-10.4927 -2.987 143.789 -2.88451 -2.0009 55.6661 0.0781869 -13 848 1 0 1
13.0647 -23.737 143.789 17.226 -10.6209 17.8989 -0.710102 -13 849 1 0 1
-6.08833 12.9087 143.789 -1.32811 5.22026 59.8788 0.364255 -13 851 1 0 1
-3.87509 10.7937 143.789 -0.531719 4.9241 61.2941 1.91342 -13 853 1 0 1
2.9097 -5.19533 143.789 1.83701 -3.97883 69.944 -0.0633242 -13 854 1 0 1
-7.76773 21.0871 143.789 -2.3257 9.78025 61.8803 0.945257 -13 855 1 0 1
5.90674 -2.99484 143.789 3.96708 0.00255111 66.0281 -0.0843709 -13 857 1 0 1
5.17854 -3.51556 143.789 3.8734 -0.980048 55.531 2.47412 -13 859 1 0 1
-5.36508 7.48548 143.789 -1.87274 3.91187 67.9729 2.09677 -13 860 1 0 1
-1.92401 -11.3076 143.789 -1.22656 -6.75893 77.0904 -1.10164 -13 861 1 0 1
1.56443 11.2945 143.789 1.83379 5.88747 63.9003 0.723758 -13 862 1 0 1
-2.53423 -21.0954 143.789 5.46472 -4.28017 24.4768 1.54533 -13 863 1 0 1
-1.33327 2.6943 143.789 0.653635 1.58396 62.6856 0.206772 -13 864 1 0 1
-4.7159 -10.5614 143.789 -0.425839 -3.61453 55.4568 2.6724 -13 865 1 0 1
11.514 29.1446 143.789 6.22262 12.9871 55.7924 0.832634 -13 866 1 0 1
-7.95698 2.11709 143.789 -5.27999 0.480888 78.6131 -0.919164 -13 868 1 0 1
3.87879 -12.2471 143.789 2.96162 -6.04501 59.9962 1.59587 -13 870 1 0 1
7.79081 -34.9744 143.789 4.67367 -17.2873 64.7652 -0.380035 -13 871 1 0 1
-6.09533 -5.82987 143.789 -2.25432 -2.43602 67.7488 -0.348141 -13 872 1 0 1
11.1309 -2.39082 143.789 6.40792 -2.02304 71.691 -0.326483 -13 873 1 0 1
-5.5802 16.4248 143.789 -1.98333 8.39173 66.9179 3.36701 -13 874 1 0 1
-8.70733 -12.2657 143.789 -2.95111 -6.09832 62.9505 1.02778 -13 875 1 0 1
10.194 14.8713 143.789 5.6237 7.86671 74.7875 0.731609 -13 876 1 0 1
1.93841 13.9766 143.789 1.82939 8.76883 68.622 -1.23551 -13 877 1 0 1
2.106 20.9694 143.789 1.32688 12.4476 72.723 -2.9619 -13 878 1 0 1
-12.8426 9.38777 143.789 -3.08679 3.30979 51.6641 2.08058 -13 879 1 0 1
14.1895 -13.9511 143.789 8.06532 -7.33399 68.0911 1.58492 -13 880 1 0 1
9.6744 -14.4249 143.789 5.55105 -6.11838 56.6763 2.6905 -13 881 1 0 1
1.38206 49.0629 143.789 -12.0361 24.2625 46.775 0.318857 -13 882 1 0 1
7.85992 -5.96859 143.789 3.96966 -5.3773 79.6484 3.03063 -13 886 1 0 1
-11.4542 19.8373 143.789 7.33632 10.2353 63.4385 1.27315 -13 887 1 0 1
3.30337 10.4316 143.789 3.04421 3.54461 55.3715 0.907355 -13 888 1 0 1
-1.11642 -9.07434 143.789 0.988379 -3.67827 57.4845 0.216417 -13 889 1 0 1
13.8496 -3.35196 143.789 5.38026 -0.709529 34.9293 0.0983788 -13 891 1 0 1
-2.97767 -12.8355 143.789 -1.08086 -5.6015 71.6263 1.15978 -13 892 1 0 1
-10.5658 28.9619 143.789 -4.60246 15.21 68.2551 -0.933932 -13 896 1 0 1
-0.681453 -12.9701 143.789 1.23288 -4.71502 49.2992 -0.839379 -13 897 1 0 1
8.22911 -3.00263 143.789 4.78189 -0.89267 55.5733 0.151607 -13 898 1 0 1
9.69894 -0.355829 143.789 5.6274 -1.21818 68.4488 1.30751 -13 901 1 0 1
1.86952 -21.6654 143.789 0.982672 -10.1125 74.5741 1.84465 -13 903 1 0 1
12.7401 -4.99869 143.789 6.80115 -3.06166 58.6075 2.74272 -13 904 1 0 1
5.44394 20.3945 143.789 3.50444 9.45277 67.639 1.036 -13 907 1 0 1
-7.11037 -18.1535 143.789 -0.262954 -5.11417 37.7056 1.33728 -13 908 1 0 1
-1.53462 -7.89838 143.789 -0.820115 -3.39231 73.7432 1.36794 -13 909 1 0 1
-4.03019 -10.0516 143.789 -1.60569 -5.44254 70.5409 0.538387 -13 910 1 0 1
14.2244 30.0811 143.789 6.92779 11.2486 54.5079 0.0461007 -13 912 1 0 1
-4.55706 20.5556 143.789 -3.96611 13.7289 78.9741 1.9594 -13 913 1 0 1
13.0322 -19.014 143.789 7.16597 -8.14135 61.136 -0.0834142 -13 915 1 0 1
0.940276 25.6674 143.789 2.18834 8.34269 41.0848 0.83706 -13 917 1 0 1
-4.93373 6.86453 143.789 -1.45036 2.73858 66.5291 0.123414 -13 919 1 0 1
-13.8932 -2.19866 143.789 -8.76388 -0.299415 79.2236 1.10032 -13 920 1 0 1
-15.0327 -21.528 143.789 -11.8221 -15.6237 77.8255 3.0924 -13 922 1 0 1
-11.0154 -1.73266 143.789 -3.51772 -0.836802 59.0701 0.636934 -13 923 1 0 1
-1.0649 6.10832 143.789 0.20323 2.43752 68.5265 -0.333465 -13 924 1 0 1
2.12867 16.7484 143.789 2.06076 8.06786 62.8633 1.12757 -13 925 1 0 1
-9.57183 10.0092 143.789 -5.81942 5.15298 77.2291 2.03296 -13 926 1 0 1
-2.83944 -5.44306 143.789 -0.249665 -1.61018 67.9555 1.26774 -13 927 1 0 1
10.9332 -9.92403 143.789 6.18333 -4.61857 57.8813 0.571307 -13 928 1 0 1
-2.84919 3.12102 143.789 -0.851946 1.57747 70.4656 2.03406 -13 930 1 0 1
-2.88141 -24.2986 143.789 -13.125 -15.9596 26.4449 3.0214 -13 931 1 0 1
-3.02027 -15.6236 143.789 0.429352 -6.3348 52.7909 2.74598 -13 932 1 0 1
14.0945 24.0948 143.789 7.79924 13.0387 67.8778 1.74957 -13 933 1 0 1
-11.4659 14.1215 143.789 -6.28328 8.28531 74.0132 0.12345 -13 934 1 0 1
-4.32413 -8.52541 143.789 -2.2665 -3.48417 73.391 0.465297 -13 938 1 0 1
4.32538 -7.19141 143.789 3.45046 -3.25854 61.2901 0.220361 -13 939 1 0 1
-0.286167 7.05518 143.789 1.20028 3.71402 60.5814 0.737023 -13 940 1 0 1
-7.79619 12.0224 143.789 -2.91445 6.8029 66.6543 0.941176 -13 941 1 0 1
12.0875 -6.66881 143.789 6.81545 -2.9545 67.7052 2.13431 -13 943 1 0 1
-1.84236 7.1368 143.789 1.00107 3.81223 52.5762 0.42822 -13 944 1 0 1
3.85757 29.4168 143.789 2.39532 16.4321 70.556 1.58869 -13 945 1 0 1
2.17019 16.433 143.789 2.41552 5.5834 45.1438 0.229488 -13 946 1 0 1
-14.7094 -8.64605 143.789 -4.12788 -3.46704 54.3543 1.25094 -13 949 1 0 1
-4.2434 11.0289 143.789 -0.954474 4.91032 65.9778 0.797549 -13 950 1 0 1
9.39816 -11.4211 143.789 5.24898 -5.35609 59.5171 1.05399 -13 953 1 0 1
5.13813 -39.5239 143.789 3.69257 -15.9774 54.3667 0.622014 -13 954 1 0 1
12.055 -10.9676 143.789 6.58955 -6.29072 60.6982 1.32159 -13 955 1 0 1
-3.28615 8.4439 143.789 0.121882 2.62742 54.7956 0.74883 -13 956 1 0 1
-12.6061 -4.79325 143.789 -6.84085 -3.05244 73.8635 -1.32548 -13 960 1 0 1
5.21703 -20.0664 143.789 3.81658 -7.69697 55.0285 1.03221 -13 961 1 0 1
1.10162 3.38133 143.789 1.88381 1.15944 62.5275 2.71711 -13 964 1 0 1
-4.04179 -18.8761 143.789 -0.972472 -9.50918 64.4356 2.17267 -13 965 1 0 1
11.8172 -15.3643 143.789 6.29837 -6.08836 50.0338 1.49855 -13 969 1 0 1
8.02768 7.83994 143.789 4.97546 5.13114 67.8747 -0.401292 -13 971 1 0 1
0.391391 30.7715 143.789 1.91242 7.73705 31.1254 0.456552 -13 972 1 0 1
-2.20838 4.53292 143.789 1.08937 1.54531 33.8872 0.498984 -13 973 1 0 1
-7.36141 10.1702 143.789 -2.99233 5.37 69.2637 0.120705 -13 974 1 0 1
-12.3318 -1.06842 143.789 -6.54991 1.11634 74.4786 2.36375 -13 975 1 0 1
-4.73105 -26.6927 143.789 -0.935301 -11.6444 61.3196 1.18555 -13 977 1 0 1
-12.4978 -4.98065 143.789 -6.33202 -3.23843 71.2928 -0.69237 -13 979 1 0 1
-7.75532 -23.1425 143.789 -2.63374 -11.7023 62.3519 0.128306 -13 981 1 0 1
10.4967 19.3129 143.789 6.17429 8.5962 64.2088 0.122824 -13 982 1 0 1
2.70354 4.25798 143.789 1.76583 4.03703 73.384 0.40217 -13 983 1 0 1
14.4542 14.3777 143.789 7.83221 6.61502 59.7727 1.71799 -13 985 1 0 1
-12.8561 -10.5574 143.789 -4.66671 -4.53967 61.3388 0.516902 -13 986 1 0 1
9.93665 -35.0889 143.789 5.67644 -16.0199 59.8606 1.27976 -13 987 1 0 1
-8.22797 49.3123 143.789 0.154993 8.5257 23.5256 1.79444 -13 988 1 0 1
6.4741 -13.2321 143.789 4.10877 -6.41988 69.7826 1.82414 -13 989 1 0 1
-1.85345 -11.5438 143.789 -0.271302 -7.33757 69.846 1.03682 -13 990 1 0 1
-9.38753 18.8662 143.789 -1.85618 6.50593 51.4147 -1.27206 -13 991 1 0 1
-13.5563 15.658 143.789 -2.3451 4.67832 42.1558 1.9683 -13 992 1 0 1
-13.2991 0.406565 143.789 -6.10092 0.0888572 68.7544 0.975708 -13 996 1 0 1
-0.207376 7.69902 143.789 1.58148 2.8829 48.3406 3.40537 -13 997 1 0 1
13.1976 -41.3049 143.789 3.49938 -5.96809 18.1127 2.88222 -13 998 1 0 1
-4.14906 -13.4426 143.789 0.176092 -4.83863 47.9363 0.457091 -13 1000 1 0 1
