#BLTrackFile NTuple/Z152
#x y z Px Py Pz t PDGid EventID TrackID ParentID Weight
#mm mm mm MeV/c MeV/c MeV/c ns - - - - -
-133.616 17.252 151.611 -20.7606 5.00048 18.6542 2.41193 -13 4 1 0 1
-140.647 -15.9954 151.611 -12.5998 -2.25135 10.5616 3.70573 -13 5 1 0 1
-98.1587 17.5202 151.611 -18.1779 2.50516 21.2107 1.13629 -13 11 1 0 1
-136.381 -16.513 151.611 -13.8282 -0.114962 10.9385 4.5911 -13 12 1 0 1
-143.827 -6.9854 151.611 -35.2705 0.857417 21.261 3.11013 -13 15 1 0 1
-118.251 66.5116 151.611 -24.8639 18.2233 22.1236 0.996287 -13 17 1 0 1
-139.08 43.1735 151.611 -26.2206 14.0073 20.2273 3.23191 -13 18 1 0 1
-106.097 0.000809972 151.611 -31.7381 -2.8513 33.3976 0.0804807 -13 22 1 0 1
-129.976 -17.7347 151.611 -36.4218 -8.50126 28.0927 1.89529 -13 23 1 0 1
-110.731 14.2246 151.611 -5.8983 0.390616 7.27441 5.21434 -13 24 1 0 1
-83.6619 12.4237 151.611 -21.0068 -1.29011 31.8003 1.15667 -13 26 1 0 1
-134.796 -4.45728 151.611 -40.8286 2.85632 25.9294 1.71358 -13 28 1 0 1
-134.017 44.7627 151.611 -29.254 11.7717 24.9184 1.15621 -13 32 1 0 1
-119.987 -8.82736 151.611 -22.4002 -0.404521 16.7643 2.66377 -13 33 1 0 1
-140.683 -17.2568 151.611 -33.6931 -5.17673 26.1826 0.47991 -13 36 1 0 1
-138.999 -23.8546 151.611 -25.3772 -9.15349 16.3653 1.79104 -13 41 1 0 1
-88.0719 -9.17945 151.611 -16.3702 -5.11226 22.9187 2.81631 -13 42 1 0 1
-91.9706 -18.2831 151.611 -29.9352 -12.1613 32.7361 1.84707 -13 44 1 0 1
-71.7144 -9.218 151.611 -12.3716 -1.23205 26.8316 1.81381 -13 46 1 0 1
-115.97 62.8197 151.611 -20.0107 14.622 18.5315 2.79645 -13 47 1 0 1
-117.572 -35.7201 151.611 -22.2067 -5.1124 19.1275 1.2378 -13 49 1 0 1
-99.2132 -9.9626 151.611 -15.2476 -3.54291 18.5052 1.57891 -13 51 1 0 1
-94.9013 -45.9303 151.611 -22.4001 -20.4537 24.9802 -0.931562 -13 53 1 0 1
-124.321 19.731 151.611 -30.9576 7.25759 15.3373 0.649629 -13 56 1 0 1
-84.6334 -22.8737 151.611 -18.1415 -3.55645 28.0659 3.35109 -13 59 1 0 1
-143.372 -61.0107 151.611 -29.449 -20.3798 18.5402 0.977931 -13 61 1 0 1
-111.061 -15.2472 151.611 -30.7381 -6.8418 30.3484 0.813471 -13 62 1 0 1
-131.101 -22.841 151.611 -29.5527 -5.31245 23.8581 1.85689 -13 70 1 0 1
-112.273 50.234 151.611 -24.1575 10.3881 18.9627 2.76385 -13 72 1 0 1
-85.0861 21.1683 151.611 -19.6594 8.18311 24.9311 -0.312606 -13 76 1 0 1
-64.3289 11.7085 151.611 -9.60921 7.46454 31.8201 0.56774 -13 78 1 0 1
-141.132 -19.3419 151.611 -31.435 -5.25272 22.124 1.74644 -13 80 1 0 1
-97.513 -40.6829 151.611 -12.0607 -7.01825 14.1348 2.00397 -13 86 1 0 1
-90.9111 -59.0656 151.611 -8.7909 -9.54661 13.1786 3.30124 -13 87 1 0 1
-138.583 29.1794 151.611 -32.5442 6.25894 25.4754 1.43639 -13 90 1 0 1
-109.145 19.8783 151.611 -29.9785 7.92622 26.4917 1.38798 -13 92 1 0 1
-113.286 17.5796 151.611 -27.7965 3.61308 25.2424 2.32563 -13 93 1 0 1
-107.544 8.375 151.611 -23.6487 0.481231 23.709 -0.244557 -13 96 1 0 1
-135.831 63.642 151.611 -28.2026 17.9715 24.0563 2.17563 -13 98 1 0 1
-76.3197 16.7476 151.611 -20.4574 8.20906 32.872 1.16464 -13 102 1 0 1
-96.5831 70.4445 151.611 -22.1631 24.2041 25.8947 0.0328715 -13 105 1 0 1
-143.303 -21.0896 151.611 -32.8318 -4.85535 21.6865 0.671663 -13 107 1 0 1
-84.8564 1.85018 151.611 -18.8899 -4.13765 23.8173 0.637506 -13 108 1 0 1
-72.5682 -4.87133 151.611 -18.054 -3.61771 29.4994 -0.594053 -13 112 1 0 1
-134.971 -23.2353 151.611 -25.8092 -6.274 19.9651 1.40193 -13 118 1 0 1
-94.6927 -32.6503 151.611 -7.56298 -3.35028 9.32949 4.54201 -13 121 1 0 1
-78.6292 -27.4258 151.611 -10.0574 -7.87139 14.2378 2.20129 -13 124 1 0 1
-94.6421 32.8133 151.611 -13.3771 8.32704 18.3833 2.89995 -13 126 1 0 1
-135.841 -15.8738 151.611 -28.7075 -6.34949 20.3313 0.653872 -13 127 1 0 1
-135.185 12.0158 151.611 -38.1995 2.05495 22.0329 1.94592 -13 134 1 0 1
-124.729 -49.5571 151.611 -24.9391 -18.6008 23.6952 1.99994 -13 140 1 0 1
-83.2434 -20.3939 151.611 -13.6338 -7.01776 19.3851 1.50804 -13 141 1 0 1
-77.1148 10.9315 151.611 -20.6806 6.70726 31.6893 4.1262 -13 144 1 0 1
-81.0939 -10.4979 151.611 -17.4678 3.63136 27.0812 3.04852 -13 145 1 0 1
-136.69 -5.78771 151.611 -22.5987 -2.48854 14.939 1.85967 -13 150 1 0 1
-133.776 -52.0207 151.611 -29.7591 -17.1749 17.5263 3.81434 -13 152 1 0 1
-100.323 3.4036 151.611 -20.642 1.47671 28.4279 -0.0124422 -13 155 1 0 1
-108.851 -9.25974 151.611 -24.3185 -5.18121 25.2053 2.80105 -13 158 1 0 1
-99.1417 -20.1822 151.611 -29.5577 -11.2073 28.2708 2.80491 -13 161 1 0 1
-132.363 -6.99236 151.611 -26.7147 -4.673 21.497 -0.0484093 -13 163 1 0 1
-132.85 8.58175 151.611 -26.138 0.95822 21.8893 3.6858 -13 165 1 0 1
-124.354 16.5566 151.611 -27.7453 2.84284 24.7988 2.62618 -13 168 1 0 1
-88.7033 7.83157 151.611 -20.3006 3.58612 30.0315 1.38039 -13 173 1 0 1
-74.6456 17.6204 151.611 -22.8696 11.0611 27.3165 0.670751 -13 177 1 0 1
-105.041 -13.9139 151.611 -26.1428 -2.1602 26.8013 0.699052 -13 178 1 0 1
-132.791 -44.2097 151.611 -25.0925 -9.18446 18.1595 1.00608 -13 179 1 0 1
-107.986 -7.58256 151.611 -28.6198 -3.4179 22.828 2.83833 -13 180 1 0 1
-111.793 -15.5557 151.611 -29.7106 -6.67462 32.6389 0.27361 -13 182 1 0 1
-121.314 37.3455 151.611 -23.9974 11.0833 23.624 1.5652 -13 184 1 0 1
-125.004 -20.6676 151.611 -34.1259 -6.59181 25.8612 2.49582 -13 188 1 0 1
-140.103 -12.4586 151.611 -39.3902 -3.62022 23.9372 4.00795 -13 196 1 0 1
-102.019 16.1084 151.611 -25.5455 6.10447 19.9532 0.722562 -13 198 1 0 1
-57.5824 23.6638 151.611 -2.80752 4.60328 14.7695 2.59613 -13 201 1 0 1
-113.197 -3.93497 151.611 -17.8624 1.38429 21.1346 0.67631 -13 207 1 0 1
-120.094 -38.8588 151.611 -23.3694 -13.6392 23.9153 0.231187 -13 213 1 0 1
-134.991 -24.8818 151.611 -38.4919 -6.35232 28.529 3.09057 -13 215 1 0 1
-79.8143 -20.217 151.611 -16.3582 -7.74061 13.3487 0.402467 -13 217 1 0 1
-88.6833 -43.6069 151.611 -19.148 -15.6996 29.3601 1.37667 -13 219 1 0 1
-115.094 42.1958 151.611 -30.346 14.0113 26.3279 3.76372 -13 220 1 0 1
-94.0225 5.63734 151.611 -20.5576 -2.55384 28.7333 0.572045 -13 222 1 0 1
-109.066 13.3947 151.611 -25.8825 6.02745 27.2117 0.923733 -13 224 1 0 1
-111.943 39.1421 151.611 -23.2024 12.5478 23.01 -0.317904 -13 228 1 0 1
-137.572 -15.8311 151.611 -38.8157 -6.85522 25.6549 1.73086 -13 235 1 0 1
-94.9713 0.964256 151.611 -19.3242 2.3057 30.8616 2.67043 -13 236 1 0 1
-83.7942 -91.7936 151.611 -11.2074 -23.899 13.1076 2.66832 -13 237 1 0 1
-93.874 33.121 151.611 -27.5687 9.25451 26.5918 0.844571 -13 240 1 0 1
-109.223 -50.0837 151.611 -17.3274 -12.4691 20.064 3.65177 -13 242 1 0 1
-136.499 -6.0807 151.611 -36.8763 -2.73585 24.3506 2.16781 -13 244 1 0 1
-57.8437 0.73214 151.611 -5.87402 -3.33112 16.82 0.619619 -13 249 1 0 1
-104.22 -10.7719 151.611 -38.4948 -5.6547 31.9841 1.47038 -13 252 1 0 1
-83.93 7.14234 151.611 -22.5024 -2.32494 26.3993 0.751658 -13 254 1 0 1
-115.271 -15.2184 151.611 -28.4871 -6.4167 26.8234 1.4173 -13 255 1 0 1
-114.992 16.535 151.611 -30.9795 8.254 22.7957 1.57401 -13 258 1 0 1
-133.845 14.7303 151.611 -35.1747 5.40011 29.2602 1.16219 -13 260 1 0 1
-126.332 2.25076 151.611 -27.9408 3.43995 23.5891 3.70011 -13 262 1 0 1
-91.1719 23.5223 151.611 -18.6764 10.5271 21.5388 0.0353959 -13 263 1 0 1
-108.629 32.6342 151.611 -27.3112 5.91827 20.1481 2.20137 -13 265 1 0 1
-83.3577 5.8447 151.611 -25.227 0.710121 36.032 1.75969 -13 266 1 0 1
-80.1771 32.1646 151.611 -20.7499 15.4974 30.19 0.116662 -13 268 1 0 1
-90.3807 40.1223 151.611 -10.8122 8.18304 16.6011 2.56508 -13 269 1 0 1
-113.128 -9.05243 151.611 -24.1989 -0.664915 21.4298 3.19421 -13 272 1 0 1
-140.466 -39.9026 151.611 -23.5948 -9.07492 21.0287 4.74407 -13 273 1 0 1
-82.8839 13.8792 151.611 -25.5265 7.80037 34.2686 2.34597 -13 277 1 0 1
-141.034 -33.497 151.611 -23.7879 -6.84388 14.3394 0.771768 -13 281 1 0 1
-118.964 -0.523051 151.611 -17.156 2.39611 10.7431 0.588759 -13 283 1 0 1
-109.878 27.2497 151.611 -25.9259 10.3838 26.2393 -0.147909 -13 287 1 0 1
-137.817 14.8671 151.611 -37.2584 1.10706 28.6587 1.93575 -13 289 1 0 1
-121.637 -1.17007 151.611 -25.0313 -2.5546 21.7768 1.40863 -13 292 1 0 1
-133.387 15.8367 151.611 -32.9449 0.5245 15.3179 3.27527 -13 294 1 0 1
-112.684 87.0252 151.611 -20.0329 22.1791 23.7942 1.45644 -13 296 1 0 1
-128.684 17.5179 151.611 -38.1174 8.14173 23.4262 3.97088 -13 297 1 0 1
-102.198 7.9534 151.611 -28.7606 4.15212 33.3522 0.500963 -13 301 1 0 1
-108.8 -29.5746 151.611 -11.8204 -6.75802 12.5965 2.50329 -13 303 1 0 1
-130.306 30.0368 151.611 -29.445 6.49178 23.3845 2.14378 -13 304 1 0 1
-96.1342 29.4379 151.611 -18.2512 11.0013 23.0075 0.531154 -13 306 1 0 1
-109.681 -12.1422 151.611 -25.5311 -5.29563 28.1563 2.38273 -13 313 1 0 1
-121.808 9.5401 151.611 -32.5135 4.18979 24.5112 -0.0192814 -13 315 1 0 1
-114.228 1.17237 151.611 -34.4073 1.10041 24.6218 1.953 -13 320 1 0 1
-82.6023 44.7041 151.611 -25.5269 16.7697 29.2654 -0.486085 -13 321 1 0 1
-75.8417 -2.37723 151.611 -16.2368 2.98619 27.1873 1.53116 -13 323 1 0 1
-133.751 23.9677 151.611 -34.6597 3.06016 24.796 0.811529 -13 324 1 0 1
-117.677 -14.2838 151.611 -29.4456 -3.37731 22.1463 0.646375 -13 330 1 0 1
-128.526 1.71668 151.611 -30.9671 -1.96667 25.6236 -0.0703268 -13 331 1 0 1
-93.4267 27.0006 151.611 -17.8595 8.59569 23.4458 0.1621 -13 332 1 0 1
-93.0388 -16.5233 151.611 -18.9344 -3.00246 22.4714 0.820266 -13 336 1 0 1
-68.6617 -14.2028 151.611 -12.1407 -8.20899 31.2589 1.4571 -13 340 1 0 1
-120.895 29.4236 151.611 -29.335 8.01327 26.7908 2.06879 -13 342 1 0 1
-116.303 -49.516 151.611 -25.3776 -14.5786 19.8809 1.2009 -13 343 1 0 1
-135.947 -23.7037 151.611 -26.6181 -6.46312 13.9218 1.4631 -13 344 1 0 1
-105.119 10.0759 151.611 -28.8195 5.61023 35.6956 0.386848 -13 347 1 0 1
-128.864 12.7282 151.611 -32.7838 7.75661 23.8785 2.23208 -13 350 1 0 1
-119.831 28.1668 151.611 -29.3916 6.37162 25.5148 1.79449 -13 354 1 0 1
-98.7015 19.87 151.611 -29.5007 4.95229 28.7756 1.48305 -13 356 1 0 1
-111.842 -25.5317 151.611 -25.9803 -8.45756 21.1436 1.92034 -13 359 1 0 1
-134.863 15.3293 151.611 -24.5876 5.15429 19.957 1.17997 -13 360 1 0 1
-138.956 -42.1169 151.611 -36.9408 -16.4701 24.166 1.3585 -13 361 1 0 1
-128.817 -17.2709 151.611 -32.0491 -7.24035 25.2241 1.1569 -13 363 1 0 1
-129.195 26.6339 151.611 -22.314 6.17962 18.7301 2.36975 -13 368 1 0 1
-74.8694 -46.8437 151.611 -10.5744 -17.4905 20.738 0.472301 -13 369 1 0 1
-109.501 -37.9319 151.611 -25.8917 -14.1088 29.901 3.74639 -13 371 1 0 1
-107.344 29.9953 151.611 -24.9943 13.1273 29.391 2.01456 -13 374 1 0 1
-104.266 31.7127 151.611 -23.2031 9.27747 32.0514 -0.0270759 -13 375 1 0 1
-117.599 -8.84817 151.611 -30.852 -4.48699 27.7436 3.48557 -13 378 1 0 1
-104.056 -38.8868 151.611 -22.9451 -10.8146 27.5306 2.04986 -13 379 1 0 1
-124.002 -16.4274 151.611 -28.0464 -7.01628 24.5034 2.79778 -13 383 1 0 1
-123.548 4.19766 151.611 -33.1993 0.578544 23.1458 0.0430068 -13 384 1 0 1
-142.943 15.9091 151.611 -32.4681 4.17476 26.1169 0.753032 -13 388 1 0 1
-105.241 -28.1222 151.611 -26.0973 -10.5591 25.9982 2.39511 -13 389 1 0 1
-100.116 15.9525 151.611 -29.5985 9.39161 36.1982 1.91001 -13 390 1 0 1
-72.5748 -3.72012 151.611 -25.4654 -8.72396 35.8434 0.870339 -13 396 1 0 1
-62.654 -16.6226 151.611 -7.9846 -3.99231 19.5374 2.31841 -13 398 1 0 1
-110.09 24.9565 151.611 -28.7635 13.517 26.2128 1.04714 -13 402 1 0 1
-85.5566 -93.0654 151.611 -12.4792 -20.2933 21.2596 1.93059 -13 403 1 0 1
-130.903 -34.666 151.611 -29.378 -7.78077 22.5218 2.78631 -13 404 1 0 1
-142.638 49.7399 151.611 -34.8134 17.973 25.5671 -1.04104 -13 410 1 0 1
-88.8529 3.04393 151.611 -21.6161 5.84704 32.5573 0.811824 -13 421 1 0 1
-111.351 91.157 151.611 -15.3611 19.4451 15.33 2.0115 -13 425 1 0 1
-128.352 -26.1979 151.611 -26.7562 -11.5776 22.6033 2.00387 -13 428 1 0 1
-139.838 -47.2234 151.611 -28.7389 -11.5785 19.6235 3.09822 -13 433 1 0 1
-92.9932 -24.9759 151.611 -13.7399 -4.18555 17.1813 -0.521038 -13 437 1 0 1
-117.75 6.32064 151.611 -22.3378 4.35571 23.7203 3.53946 -13 438 1 0 1
-72.8497 -12.8656 151.611 -13.7837 -9.85664 24.2105 1.51423 -13 440 1 0 1
-136.254 10.855 151.611 -33.0733 4.62467 27.5405 2.83108 -13 441 1 0 1
-126.642 5.70776 151.611 -31.805 1.63027 26.0697 2.43777 -13 443 1 0 1
-72.6147 9.89621 151.611 -18.9678 7.80032 27.6137 2.12716 -13 444 1 0 1
-102.525 -11.2007 151.611 -12.1429 -2.95337 9.75873 2.3699 -13 445 1 0 1
-121.681 15.227 151.611 -34.321 3.68721 30.8684 -0.707076 -13 448 1 0 1
-119.437 3.15389 151.611 -22.8008 0.245432 19.119 1.4563 -13 449 1 0 1
-119.158 -9.31149 151.611 -33.9341 -5.67695 26.3682 1.42377 -13 451 1 0 1
-62.0022 5.74483 151.611 -9.54674 5.87322 30.2157 0.85132 -13 453 1 0 1
-96.8486 32.7296 151.611 -20.8132 9.11637 25.18 2.71194 -13 454 1 0 1
-92.0518 3.80208 151.611 -26.9301 4.93763 31.9915 1.33723 -13 455 1 0 1
-101.676 -39.8195 151.611 -25.011 -7.06917 24.3823 0.249235 -13 458 1 0 1
-118.612 13.2383 151.611 -38.7451 2.72693 27.5232 2.9384 -13 459 1 0 1
-136.641 94.6556 151.611 -28.358 26.5131 23.558 1.98755 -13 461 1 0 1
-110.252 14.3527 151.611 -31.6749 6.33601 31.6244 0.947078 -13 462 1 0 1
-136 -15.6272 151.611 -37.2643 -2.92725 25.9935 2.87796 -13 463 1 0 1
-128.902 75.4871 151.611 -19.3938 13.7961 14.4939 1.91379 -13 464 1 0 1
-99.3728 -2.82348 151.611 -15.9331 2.06045 18.9315 0.832293 -13 465 1 0 1
-109.857 6.4331 151.611 -27.4332 0.934306 28.3942 1.12734 -13 467 1 0 1
-138.915 23.9456 151.611 -38.1345 6.43377 25.4353 2.58012 -13 471 1 0 1
-117.679 7.15617 151.611 -38.7037 6.60204 26.6682 0.629702 -13 474 1 0 1
-137.106 55.7094 151.611 -30.0171 16.5552 25.2316 1.55976 -13 476 1 0 1
-90.0789 29.9126 151.611 -26.9249 10.1196 33.6813 -0.136671 -13 477 1 0 1
-87.5661 22.3965 151.611 -25.1232 2.13239 21.8624 1.54999 -13 480 1 0 1
-140.819 10.575 151.611 -35.5262 3.84617 22.8681 2.01845 -13 481 1 0 1
-141.081 -36.5757 151.611 -25.914 -9.69463 20.7006 0.542061 -13 484 1 0 1
-133.352 -33.2265 151.611 -26.0275 -7.48942 23.8931 3.50798 -13 485 1 0 1
-109.164 61.2663 151.611 -20.2108 18.3491 17.2794 1.87119 -13 487 1 0 1
-129.154 -4.61852 151.611 -38.193 0.462588 23.9389 2.68026 -13 489 1 0 1
-106.027 -14.3685 151.611 -16.7705 -1.91862 18.5436 2.99069 -13 492 1 0 1
-110.263 12.4937 151.611 -28.6018 8.50815 25.1352 1.61234 -13 496 1 0 1
-115.767 -6.23083 151.611 -20.189 -4.58942 16.9715 0.955089 -13 499 1 0 1
-121.674 3.69784 151.611 -38.2309 5.70055 24.5995 0.168059 -13 500 1 0 1
-112.543 9.80947 151.611 -29.3652 1.7238 27.0657 1.10192 -13 501 1 0 1
-105.806 -19.1907 151.611 -24.3952 -1.67207 28.368 -0.215592 -13 503 1 0 1
-127.825 -9.84347 151.611 -33.9078 -1.34705 25.0275 2.40032 -13 508 1 0 1
-90.1007 41.2763 151.611 -13.8567 14.4103 16.0318 1.79712 -13 509 1 0 1
-116.488 -14.4766 151.611 -30.6177 -4.87814 28.917 2.49351 -13 510 1 0 1
-129.853 -3.19171 151.611 -31.3812 -1.04962 25.1167 1.06734 -13 512 1 0 1
-116.569 14.958 151.611 -33.1843 2.90752 22.4599 2.46757 -13 513 1 0 1
-126.681 50.6525 151.611 -28.7382 15.5357 23.4164 -1.96253 -13 514 1 0 1
-88.5479 6.00566 151.611 -12.3235 -0.241797 19.4881 2.62643 -13 523 1 0 1
-119.915 39.3107 151.611 -13.7889 6.43323 13.8092 2.4571 -13 526 1 0 1
-142.363 33.681 151.611 -30.942 10.1766 21.5432 4.28954 -13 528 1 0 1
-121.093 -12.1196 151.611 -32.514 -5.64485 25.8199 0.762861 -13 530 1 0 1
-110.975 -40.1901 151.611 -26.0433 -14.2722 18.607 2.47699 -13 534 1 0 1
-88.5739 62.5995 151.611 -18.6992 17.498 23.0744 -1.41088 -13 535 1 0 1
-131.797 5.1207 151.611 -33.5854 1.44615 20.6553 0.559671 -13 536 1 0 1
-120.498 27.0056 151.611 -23.5992 5.54675 19.2133 2.62076 -13 541 1 0 1
-84.613 -19.8996 151.611 -22.9352 -11.0856 31.2652 1.18346 -13 542 1 0 1
-128.539 -6.10178 151.611 -27.2129 -4.37997 17.8169 2.0674 -13 544 1 0 1
-113.693 -3.33529 151.611 -26.7939 -4.28819 20.8888 3.73642 -13 548 1 0 1
-111.024 18.4982 151.611 -32.8452 10.3893 24.6575 2.44473 -13 551 1 0 1
-74.581 1.92203 151.611 -4.56931 0.433123 9.46131 3.13607 -13 553 1 0 1
-115.333 -21.091 151.611 -25.5482 -5.75944 28.2291 0.418224 -13 554 1 0 1
-117.826 -10.2515 151.611 -23.9471 -6.76697 22.5137 2.05005 -13 556 1 0 1
-130.082 26.7325 151.611 -29.8031 10.5256 23.8761 -1.10045 -13 558 1 0 1
-132.099 35.6045 151.611 -26.9129 9.64418 22.9865 2.86093 -13 565 1 0 1
-117.591 -12.2145 151.611 -27.2543 -0.0309911 20.8434 -0.942538 -13 570 1 0 1
-132.103 -3.10156 151.611 -40.4071 -7.84672 25.0657 1.05925 -13 571 1 0 1
-131.704 36.6541 151.611 -33.3264 13.6857 30.3044 3.32401 -13 573 1 0 1
-125.648 34.2629 151.611 -30.9996 8.28188 26.1675 3.36988 -13 578 1 0 1
-89.7703 -41.8351 151.611 -21.3322 -12.9312 26.7672 1.02993 -13 579 1 0 1
-136.144 44.9086 151.611 -36.6861 11.6087 29.2991 1.75385 -13 587 1 0 1
-131.93 49.5757 151.611 -24.543 12.7165 18.0871 0.533738 -13 589 1 0 1
-121.022 -16.8549 151.611 -28.3718 -1.30664 28.7561 0.553385 -13 590 1 0 1
-89.6157 45.595 151.611 -19.6692 14.7814 29.2906 3.23773 -13 593 1 0 1
-112.388 41.0084 151.611 -23.9932 11.7474 28.2376 1.68629 -13 594 1 0 1
-110.989 16.0477 151.611 -29.1946 3.01167 21.15 3.15257 -13 596 1 0 1
-138.271 27.7562 151.611 -28.2762 8.6023 24.9411 1.5588 -13 597 1 0 1
-108.127 -4.40098 151.611 -33.0547 3.64738 32.6886 -0.492961 -13 598 1 0 1
-127.804 -14.1527 151.611 -30.855 -1.31473 22.7386 2.67052 -13 601 1 0 1
-87.466 -1.2243 151.611 -9.6511 0.977121 14.2791 2.73572 -13 602 1 0 1
-115.197 41.8676 151.611 -35.401 15.1054 31.6303 1.36519 -13 604 1 0 1
-113.05 -64.934 151.611 -22.8421 -13.1092 21.2804 1.65074 -13 605 1 0 1
-134.217 11.455 151.611 -43.7799 0.534071 14.9467 2.02282 -13 608 1 0 1
-125.937 20.5775 151.611 -20.0435 3.96197 20.3776 2.04402 -13 609 1 0 1
-118.617 14.8192 151.611 -41.8747 7.25274 28.1091 -1.00593 -13 612 1 0 1
-132.686 22.5701 151.611 -25.8374 4.70067 15.5639 3.09213 -13 613 1 0 1
-118.881 -129.983 151.611 -17.4982 -29.2452 15.914 1.7669 -13 614 1 0 1
-135.25 -7.49144 151.611 -33.3273 -0.951036 25.0526 2.31531 -13 615 1 0 1
-90.2238 -2.42531 151.611 -25.6731 -3.83351 30.5328 1.01009 -13 616 1 0 1
-130.227 -61.8244 151.611 -27.5702 -18.0257 20.9325 0.960364 -13 617 1 0 1
-93.6873 11.3075 151.611 -26.815 -5.63572 27.971 1.94469 -13 619 1 0 1
-122.729 11.3409 151.611 -31.3932 6.87137 25.0449 1.78291 -13 622 1 0 1
-133.64 2.56471 151.611 -35.1857 1.14997 25.1764 1.15935 -13 624 1 0 1
-123.087 1.16969 151.611 -37.575 -5.14224 34.5731 1.46186 -13 629 1 0 1
-115.605 -7.69844 151.611 -31.7456 -1.61035 27.8994 -0.147313 -13 632 1 0 1
-125.665 -53.4073 151.611 -31.9139 -18.9537 19.5196 1.71593 -13 635 1 0 1
-124.265 14.1261 151.611 -30.4629 6.8913 22.4053 1.61922 -13 637 1 0 1
-127.237 -16.8334 151.611 -27.6231 -4.71941 19.3057 1.61302 -13 638 1 0 1
-128.514 -30.3515 151.611 -30.8578 -7.46695 19.7312 -0.381488 -13 639 1 0 1
-141.119 -92.0637 151.611 -26.2866 -20.4442 17.876 1.83223 -13 642 1 0 1
-114.028 -45.9833 151.611 -21.4851 -9.45263 20.5607 3.91323 -13 644 1 0 1
-90.1681 -48.3425 151.611 -15.1249 -11.6244 18.9565 2.64357 -13 645 1 0 1
-92.1997 -16.4155 151.611 -17.7149 -5.31002 18.696 1.25667 -13 662 1 0 1
-92.9257 -23.95 151.611 -23.4476 -8.762 33.2128 1.54467 -13 665 1 0 1
-131.241 -98.5132 151.611 -17.0998 -18.7284 13.9073 0.147958 -13 667 1 0 1
-99.8619 27.7922 151.611 -19.4302 12.2249 18.0686 2.25231 -13 668 1 0 1
-133.426 -38.1119 151.611 -34.2467 -8.51205 24.2548 2.84139 -13 669 1 0 1
-109.381 10.0042 151.611 -21.0053 1.56553 21.8177 1.62558 -13 670 1 0 1
-112.886 -19.7112 151.611 -25.1517 -5.48276 26.4298 -1.77469 -13 681 1 0 1
-78.3026 -34.6438 151.611 -21.5534 -14.4262 19.8444 -0.426731 -13 685 1 0 1
-118.704 24.1714 151.611 -27.5802 6.33822 26.889 0.974692 -13 689 1 0 1
-105.392 -33.6327 151.611 -22.2136 -7.3938 23.2173 2.49262 -13 690 1 0 1
-89.5894 -25.4201 151.611 -23.2326 -10.8649 28.7748 0.302437 -13 692 1 0 1
-126.584 -21.9706 151.611 -30.4031 -7.83885 19.4035 1.00813 -13 698 1 0 1
-60.543 10.8627 151.611 -7.24657 6.59152 22.9696 0.646197 -13 699 1 0 1
-102.518 72.3145 151.611 -10.1655 10.7173 9.56956 3.96833 -13 701 1 0 1
-100.261 -10.9805 151.611 -25.4861 -3.88551 26.8655 2.72991 -13 705 1 0 1
-117.53 -2.92944 151.611 -32.061 -1.74813 30.8506 -0.298877 -13 706 1 0 1
-103.173 32.2258 151.611 -30.7819 9.30129 27.015 0.930605 -13 711 1 0 1
-99.0682 -30.7676 151.611 -25.3798 -9.34907 31.8982 1.31165 -13 713 1 0 1
-120.562 -4.52292 151.611 -32.6448 -2.43696 27.4718 3.14406 -13 717 1 0 1
-85.3192 -11.0554 151.611 -20.1873 -6.86033 29.0365 1.18963 -13 719 1 0 1
-136.894 8.39361 151.611 -32.3877 1.29102 27.5368 3.58822 -13 720 1 0 1
-113.214 -18.9696 151.611 -28.9332 -2.59111 25.4448 1.33398 -13 721 1 0 1
-122.299 24.7456 151.611 -36.302 14.5301 26.8957 -0.202887 -13 722 1 0 1
-111.951 -7.04181 151.611 -33.031 1.41404 28.0759 0.296958 -13 726 1 0 1
-131.259 -50.8713 151.611 -29.4198 -16.0423 23.0304 3.8451 -13 734 1 0 1
-86.646 17.9222 151.611 -30.3859 0.497279 27.9257 0.918276 -13 736 1 0 1
-73.507 15.4313 151.611 -8.18903 2.51452 18.3592 3.86427 -13 737 1 0 1
-142.123 -11.4287 151.611 -21.1469 -2.7362 15.1026 2.9382 -13 740 1 0 1
-74.1015 -27.9458 151.611 -23.2952 -10.715 29.0646 2.71487 -13 741 1 0 1
-111.801 -24.4218 151.611 -31.1918 -11.3326 29.2774 2.6492 -13 743 1 0 1
-107.108 27.7979 151.611 -12.5956 4.49101 14.0729 2.51783 -13 744 1 0 1
-132.673 -15.7853 151.611 -29.704 -4.70001 22.5777 -0.229847 -13 746 1 0 1
-116.401 -9.86873 151.611 -32.8078 -2.5707 29.2611 1.50095 -13 747 1 0 1
-126.722 19.6757 151.611 -30.064 8.10924 22.3703 2.67014 -13 749 1 0 1
-87.1943 54.4863 151.611 -9.18332 8.95622 14.5924 1.70344 -13 752 1 0 1
-85.1174 -14.7312 151.611 -22.7367 -6.58778 33.5513 0.142349 -13 753 1 0 1
-100.19 54.1007 151.611 -19.6027 17.6223 22.676 0.13708 -13 755 1 0 1
-98.4147 28.1018 151.611 -16.2877 4.82538 17.1148 0.71253 -13 756 1 0 1
-95.3297 -15.4287 151.611 -25.2689 -3.09082 25.9405 0.155864 -13 757 1 0 1
-123.155 -4.5555 151.611 -30.8216 2.89876 27.8235 1.75421 -13 758 1 0 1
-138.295 -49.368 151.611 -22.7101 -10.2231 14.1134 2.2188 -13 760 1 0 1
-99.0604 -24.6509 151.611 -16.6615 -8.22719 17.6209 0.698595 -13 762 1 0 1
-105.327 3.51889 151.611 -34.3963 -3.88218 24.1389 2.52916 -13 763 1 0 1
-109.495 -7.85725 151.611 -24.442 -2.90047 21.9822 -1.08088 -13 764 1 0 1
-140.841 -13.7561 151.611 -34.5757 -3.94313 25.9229 0.940076 -13 765 1 0 1
-110.736 -26.6047 151.611 -32.9867 -8.75793 28.5634 0.0120353 -13 766 1 0 1
-98.3828 -69.3649 151.611 -17.7393 -20.4519 19.7973 1.18983 -13 767 1 0 1
-83.8892 -21.9215 151.611 -29.3317 -2.36713 40.0878 1.68157 -13 768 1 0 1
-142.543 47.915 151.611 -25.9175 15.2416 17.886 0.837976 -13 770 1 0 1
-93.9509 -26.0699 151.611 -20.1842 -8.43803 27.5886 0.638045 -13 771 1 0 1
-130.536 -3.52121 151.611 -22.3002 -0.757963 14.7175 2.46966 -13 773 1 0 1
-108.398 -21.6215 151.611 -30.7937 -5.09566 24.2843 1.25413 -13 775 1 0 1
-101.488 4.59823 151.611 -18.7791 -2.21214 18.9401 4.14328 -13 776 1 0 1
-87.943 29.3694 151.611 -14.8236 8.64216 18.1684 0.71299 -13 780 1 0 1
-67.1644 0.895265 151.611 -6.65165 0.0969024 17.916 1.67457 -13 781 1 0 1
-130.42 14.4566 151.611 -28.1747 6.53729 26.4865 0.610644 -13 788 1 0 1
-139.856 -13.6302 151.611 -38.1934 -0.0704501 24.248 0.041134 -13 791 1 0 1
-116.826 38.2106 151.611 -21.461 11.5781 20.503 3.89429 -13 792 1 0 1
-135.287 -37.9517 151.611 -21.1004 -9.18401 15.1129 2.9593 -13 799 1 0 1
-88.6288 56.0404 151.611 -6.7336 6.68259 12.1016 4.00553 -13 800 1 0 1
-114.928 10.7411 151.611 -29.5149 3.61147 14.8947 0.985518 -13 804 1 0 1
-110.784 -20.0801 151.611 -33.274 -6.43548 33.9279 1.61477 -13 807 1 0 1
-86.7369 -9.73322 151.611 -13.898 -4.78116 25.4478 2.86861 -13 808 1 0 1
-119.112 -23.6923 151.611 -30.506 -8.16893 28.0321 0.825059 -13 809 1 0 1
-69.1569 -3.50662 151.611 -11.2692 -0.332382 29.2072 0.652367 -13 810 1 0 1
-55.6518 -2.81737 151.611 -5.69274 -1.12335 26.4326 1.11252 -13 811 1 0 1
-75.2914 -15.2021 151.611 -18.714 -9.09311 27.2608 1.94169 -13 813 1 0 1
-118.756 -11.88 151.611 -22.3519 -2.37502 19.6596 3.21055 -13 816 1 0 1
-112.289 42.9017 151.611 -27.2951 17.1144 23.6687 -0.296017 -13 817 1 0 1
-121.723 -22.1422 151.611 -31.2071 -10.6982 30.1849 2.01822 -13 822 1 0 1
-113.01 -51.9591 151.611 -26.1992 -15.6482 27.1509 1.35943 -13 824 1 0 1
-74.6838 11.5519 151.611 -8.14563 0.82664 16.6675 0.474818 -13 826 1 0 1
-138.984 -65.3971 151.611 -28.1404 -11.418 11.264 2.63523 -13 829 1 0 1
-114.343 -24.9361 151.611 -28.2955 -5.96717 29.9674 1.69875 -13 832 1 0 1
-123.057 -25.7779 151.611 -25.6714 -5.66041 21.6609 1.96345 -13 833 1 0 1
-105.305 -56.6901 151.611 -23.8549 -15.4763 19.2513 2.549 -13 837 1 0 1
-114.103 20.6693 151.611 -25.3965 4.2521 21.0569 0.203832 -13 838 1 0 1
-121.505 -22.0037 151.611 -21.793 -7.41549 16.9827 4.21008 -13 840 1 0 1
-109.371 72.0229 151.611 -14.0692 13.6872 14.7844 0.305123 -13 841 1 0 1
-128.715 9.75573 151.611 -28.2179 5.33413 22.2 0.612865 -13 842 1 0 1
-81.3925 -52.3424 151.611 -13.6707 -12.4032 26.1451 1.96409 -13 843 1 0 1
-131.073 20.5249 151.611 -31.3698 4.68659 20.0776 2.51668 -13 845 1 0 1
-138.697 -6.42988 151.611 -33.6748 -2.36551 26.3084 -0.542474 -13 849 1 0 1
-107.696 19.7652 151.611 -21.606 3.35766 25.1921 1.02616 -13 851 1 0 1
-138.183 -69.1813 151.611 -27.6493 -18.8661 17.5633 2.30586 -13 852 1 0 1
-137.403 -41.7141 151.611 -24.7127 -10.8115 18.9364 2.14129 -13 856 1 0 1
-103.736 -33.312 151.611 -26.9164 -10.2242 30.3428 0.420119 -13 857 1 0 1
-138.017 37.5114 151.611 -31.2616 8.27759 24.0537 2.88956 -13 860 1 0 1
-127.353 -35.9193 151.611 -31.8241 -11.536 24.1069 0.272605 -13 871 1 0 1
-113.039 4.69615 151.611 -24.4673 3.82588 23.5837 0.378774 -13 872 1 0 1
-115.507 19.1979 151.611 -26.2966 3.69424 25.1907 4.05149 -13 874 1 0 1
-116.62 -35.8327 151.611 -22.5334 -6.79345 21.7165 1.84492 -13 875 1 0 1
-131.809 96.8682 151.611 -23.2556 21.6298 16.2855 1.91565 -13 876 1 0 1
-89.5779 -1.26987 151.611 -16.1752 -2.51116 22.1568 -0.490803 -13 877 1 0 1
-131.36 -3.46903 151.611 -32.3751 -4.94167 29.6043 2.52626 -13 879 1 0 1
-82.4499 -52.3791 151.611 -13.4071 -15.8939 20.0153 3.92325 -13 886 1 0 1
-132.741 35.5947 151.611 -26.5086 8.31121 25.2531 2.12696 -13 887 1 0 1
-100.149 60.891 151.611 -10.8873 14.7973 11.7558 1.22191 -13 890 1 0 1
-120.071 -19.5209 151.611 -31.9284 -7.84379 23.9455 0.135737 -13 891 1 0 1
-97.013 -21.4475 151.611 -24.8893 -9.61733 30.4172 1.68718 -13 892 1 0 1
-138.623 -71.8645 151.611 -20.4542 -13.2762 12.7148 2.1501 -13 894 1 0 1
-90.6465 15.1371 151.611 -15.4564 -0.222018 25.1725 -0.174855 -13 896 1 0 1
-137.624 43.0658 151.611 -19.85 7.81527 11.6213 1.89865 -13 899 1 0 1
-119.133 1.32015 151.611 -27.8684 4.46454 21.1091 3.39823 -13 904 1 0 1
-104.408 -43.8465 151.611 -21.2366 -9.78039 22.3645 1.60085 -13 908 1 0 1
-109.415 39.5467 151.611 -22.6766 16.5216 23.6226 2.17723 -13 909 1 0 1
-115.974 20.6615 151.611 -26.7255 4.47563 23.8896 0.735108 -13 911 1 0 1
-137.38 10.0135 151.611 -36.6071 -0.793196 27.8582 2.69165 -13 913 1 0 1
-118.896 -4.45843 151.611 -19.7373 -3.59194 19.8693 3.78955 -13 918 1 0 1
-121.813 -16.3565 151.611 -33.4038 -9.79543 31.0673 0.661074 -13 919 1 0 1
-116.876 -15.1058 151.611 -23.906 -6.10406 24.1466 2.88962 -13 926 1 0 1
-130.883 20.5896 151.611 -30.191 6.46641 23.0734 2.02183 -13 927 1 0 1
-115.372 32.669 151.611 -30.4769 13.6491 23.3727 1.0946 -13 928 1 0 1
-140.074 -1.28518 151.611 -37.9303 0.112718 26.9082 2.7014 -13 930 1 0 1
-86.1809 -4.29595 151.611 -14.3288 -2.18838 28.8195 2.33443 -13 935 1 0 1
-99.2694 -36.7932 151.611 -30.51 -15.9884 25.0958 1.21062 -13 936 1 0 1
-80.7558 -25.6212 151.611 -4.21036 -1.88688 8.17176 2.15252 -13 937 1 0 1
-100.193 19.7148 151.611 -30.7427 11.0648 27.6657 2.58947 -13 943 1 0 1
-106.52 21.6956 151.611 -34.0736 9.24166 25.1923 2.46821 -13 948 1 0 1
-78.5685 -14.1806 151.611 -12.8114 -4.47783 30.1268 1.7171 -13 949 1 0 1
-109.04 -29.9787 151.611 -35.4719 -10.2419 25.5997 1.79983 -13 951 1 0 1
-98.2822 3.4129 151.611 -20.1211 3.53244 20.8997 4.09992 -13 952 1 0 1
-91.3525 24.4425 151.611 -19.0526 8.8524 26.3188 1.21783 -13 956 1 0 1
-98.3043 6.16269 151.611 -16.1501 1.71776 21.6407 -0.385549 -13 960 1 0 1
-103.911 -39.4062 151.611 -27.6123 -12.9735 21.6021 3.32551 -13 963 1 0 1
-129.732 -33.8414 151.611 -31.4435 -10.116 25.1977 1.98028 -13 969 1 0 1
-106.545 -1.04419 151.611 -28.4372 1.15413 29.0906 0.121787 -13 971 1 0 1
-107.03 38.8295 151.611 -24.1925 9.54577 20.4774 0.435119 -13 972 1 0 1
-143.563 62.6397 151.611 -36.7217 18.822 21.6056 0.632293 -13 973 1 0 1
-78.1433 4.34488 151.611 -27.4035 5.3433 27.3635 -1.44607 -13 976 1 0 1
-125.286 -6.55564 151.611 -34.1129 -2.31632 27.8646 1.7079 -13 977 1 0 1
-117.957 31.5857 151.611 -25.6669 10.46 19.3396 -1.51858 -13 978 1 0 1
-82.6428 -11.2514 151.611 -15.0153 -4.53578 27.6363 -0.0413856 -13 979 1 0 1
-136.426 32.818 151.611 -34.5356 10.6511 19.0525 2.70204 -13 984 1 0 1
-133.87 44.3416 151.611 -20.0526 5.94906 15.6394 1.89719 -13 988 1 0 1
-103.284 -38.1369 151.611 -28.6934 -12.5174 27.3591 2.35627 -13 989 1 0 1
-88.8885 -1.07731 151.611 -25.371 -5.75709 32.6935 -1.07515 -13 991 1 0 1
-114.284 1.66235 151.611 -20.8734 3.83514 14.2192 0.980585 -13 994 1 0 1
