#BLTrackFile NTuple/Z62
#x y z Px Py Pz t PDGid EventID TrackID ParentID Weight
#mm mm mm MeV/c MeV/c MeV/c ns - - - - -
-5.68191 -6.70788 62.375 -10.1412 -7.46556 71.9256 -0.819083 -13 1 1 0 1
6.86906 3.14706 62.375 4.79199 -1.68548 80.8965 0.276881 -13 2 1 0 1
-0.99364 -1.4877 62.375 -3.58429 -2.27836 71.4834 1.23588 -13 3 1 0 1
-7.59859 -3.88035 62.375 -15.2229 -2.95814 76.8329 0.679854 -13 4 1 0 1
-9.70109 0.46566 62.375 -10.4644 -1.44503 59.9307 0.861394 -13 5 1 0 1
-4.66738 -1.74518 62.375 -9.3031 -0.839933 74.417 -0.442974 -13 6 1 0 1
-0.231098 -5.36371 62.375 0.469489 -5.47744 61.1972 -0.525748 -13 7 1 0 1
-12.2757 2.31217 62.375 -9.32353 4.75501 45.7499 0.363739 -13 8 1 0 1
5.68161 8.55156 62.375 6.44154 10.9116 63.1342 1.46552 -13 9 1 0 1
2.25787 -5.1756 62.375 2.83327 -4.79827 66.6819 1.03967 -13 10 1 0 1
5.13882 2.36761 62.375 4.59363 2.53969 71.1717 -0.181371 -13 11 1 0 1
-0.541312 -8.57405 62.375 -0.0788941 -11.4729 61.2513 2.04895 -13 12 1 0 1
8.41892 8.30659 62.375 7.6072 5.52904 38.7262 -0.381775 -13 13 1 0 1
9.40001 -6.84092 62.375 10.9077 -5.84109 67.3468 -1.17905 -13 14 1 0 1
10.3476 -6.57157 62.375 12.6585 -7.87859 66.2774 1.83355 -13 15 1 0 1
-3.89481 8.31384 62.375 -4.81261 11.3851 63.4541 -0.296338 -13 17 1 0 1
-6.49376 -7.48864 62.375 -4.93239 -8.82002 51.8177 1.80168 -13 18 1 0 1
-12.2793 4.18547 62.375 -15.968 6.32297 63.6947 0.484671 -13 19 1 0 1
1.69949 -7.81343 62.375 1.81916 -8.77401 64.1749 3.31159 -13 20 1 0 1
-5.69223 1.92374 62.375 -4.85822 4.86802 56.447 -0.806285 -13 22 1 0 1
-11.5318 16.0097 62.375 -6.79076 11.4146 38.1289 0.998335 -13 23 1 0 1
-11.9457 9.11834 62.375 -11.1825 9.36656 52.9806 1.09413 -13 24 1 0 1
4.85977 -3.10526 62.375 4.7345 -1.54878 70.7226 0.640061 -13 25 1 0 1
-0.255048 2.10889 62.375 -0.98634 3.18182 68.5177 0.222581 -13 26 1 0 1
1.02533 -3.00314 62.375 0.708828 0.305069 66.6414 1.81591 -13 27 1 0 1
2.49481 -10.4821 62.375 1.11394 -14.1273 72.6167 0.605841 -13 28 1 0 1
-3.17997 4.2147 62.375 -4.94028 7.52236 66.7702 1.37351 -13 30 1 0 1
-1.21266 0.603982 62.375 -3.91846 2.25835 71.8899 0.0746008 -13 31 1 0 1
-4.51264 2.01453 62.375 -4.94186 2.55612 62.2647 -0.119284 -13 32 1 0 1
1.51129 -0.961848 62.375 2.23398 0.395231 25.2431 1.59557 -13 33 1 0 1
-10.1937 -1.73692 62.375 -13.2297 -0.491356 65.0536 -0.247932 -13 34 1 0 1
-15.6632 -11.5819 62.375 -21.2687 -14.0682 57.719 2.55346 -13 35 1 0 1
-0.605649 3.36883 62.375 -1.06103 7.34508 66.0797 -0.745883 -13 36 1 0 1
1.38319 -4.7143 62.375 -2.07867 -8.90612 79.5646 -1.12079 -13 37 1 0 1
0.487191 -9.00288 62.375 1.08584 -11.501 59.8163 1.83076 -13 38 1 0 1
-4.59076 5.2433 62.375 -3.90209 5.15793 51.6809 1.1686 -13 40 1 0 1
5.99695 12.2653 62.375 6.85468 13.1107 61.1754 0.219045 -13 41 1 0 1
-1.89871 2.26869 62.375 -3.78888 0.385652 68.2549 1.60601 -13 42 1 0 1
-7.02148 -2.20749 62.375 -16.36 -3.62308 78.2473 0.646677 -13 43 1 0 1
2.08449 2.45181 62.375 3.45091 1.66153 56.5768 1.02974 -13 44 1 0 1
-0.0562636 -6.17094 62.375 -1.53705 -7.73019 67.7623 0.752509 -13 46 1 0 1
0.859192 9.61972 62.375 1.23759 7.9736 59.722 1.30286 -13 47 1 0 1
-3.43211 6.91788 62.375 -5.47727 12.0772 66.3091 1.05322 -13 48 1 0 1
1.67575 -9.5547 62.375 0.707146 -17.6351 69.6771 -0.202402 -13 49 1 0 1
4.25926 -0.786727 62.375 5.74144 0.254412 42.8516 -0.208928 -13 50 1 0 1
-1.13237 3.73647 62.375 -4.33176 2.56473 72.7313 0.0419002 -13 51 1 0 1
-4.24661 10.9088 62.375 -3.19917 12.275 54.8741 0.472654 -13 52 1 0 1
4.37838 4.89129 62.375 6.17635 4.19389 56.7127 -1.97134 -13 53 1 0 1
1.29748 8.97725 62.375 3.00646 6.26101 42.8835 0.464664 -13 54 1 0 1
-1.98683 -3.31168 62.375 -4.66553 -5.74392 70.4916 1.24457 -13 55 1 0 1
12.1493 7.30465 62.375 13.7619 8.52726 60.5846 -0.609788 -13 56 1 0 1
-4.38027 -8.53112 62.375 -4.94044 -8.70559 62.7356 -0.0488625 -13 58 1 0 1
0.688621 -6.93954 62.375 -0.102572 -9.01604 67.6688 2.30299 -13 59 1 0 1
5.32015 11.6741 62.375 6.56037 14.4789 56.0991 0.637625 -13 60 1 0 1
-3.07737 4.70108 62.375 -3.56136 7.0117 62.7741 -0.489906 -13 61 1 0 1
0.79102 0.188419 62.375 -0.249493 2.87213 70.032 -0.214492 -13 62 1 0 1
2.21255 -6.61113 62.375 2.61608 -4.59949 35.0221 0.66785 -13 63 1 0 1
-0.0254626 -0.709686 62.375 0.419659 -0.193154 60.3234 0.497183 -13 64 1 0 1
2.76853 1.8942 62.375 3.04419 1.19729 65.797 -1.10172 -13 65 1 0 1
0.0551247 1.65468 62.375 -1.45996 1.50772 71.4138 0.782047 -13 66 1 0 1
2.10476 -3.29985 62.375 3.15922 -1.99151 61.4332 -0.322317 -13 67 1 0 1
1.05146 12.3624 62.375 2.60275 10.8496 53.4001 -0.572346 -13 68 1 0 1
-3.38066 -5.17483 62.375 -3.72471 -6.66006 62.9019 0.346699 -13 69 1 0 1
-1.79058 -3.90982 62.375 -7.35503 -11.1656 79.8017 0.545377 -13 70 1 0 1
-2.74904 2.6418 62.375 -1.70569 0.605427 60.354 -1.1002 -13 71 1 0 1
6.34111 11.3133 62.375 7.10445 11.2785 64.3025 1.46575 -13 72 1 0 1
-0.245275 0.869413 62.375 -3.13505 -1.66558 74.5624 -0.585751 -13 73 1 0 1
1.9262 7.381 62.375 2.95091 8.53574 58.5219 0.629975 -13 74 1 0 1
2.325 5.47159 62.375 0.245257 6.35425 75.0078 -2.53341 -13 75 1 0 1
8.21872 1.6837 62.375 5.60344 2.06171 79.6301 -1.39791 -13 76 1 0 1
-3.46888 0.164659 62.375 -3.27828 -2.71746 56.839 2.76294 -13 77 1 0 1
-4.08608 -0.455834 62.375 -4.34209 -1.96786 60.0139 -0.393707 -13 78 1 0 1
1.74658 -2.66041 62.375 1.88278 -3.73956 62.8924 1.79692 -13 79 1 0 1
1.70112 -5.61875 62.375 -0.0325931 -5.64795 72.4701 0.388367 -13 80 1 0 1
2.15938 5.11368 62.375 0.821235 11.3642 69.6999 0.425764 -13 81 1 0 1
1.20915 0.546095 62.375 2.24479 1.93952 62.7216 1.58239 -13 82 1 0 1
-7.63886 13.118 62.375 -10.573 18.7423 66.4585 0.389293 -13 83 1 0 1
-12.6983 -1.20224 62.375 -15.531 -1.85523 61.564 0.52289 -13 84 1 0 1
2.70488 0.583538 62.375 1.40313 -0.245175 75.696 1.48484 -13 85 1 0 1
2.23298 -2.7409 62.375 1.86514 -8.05378 68.0163 0.178535 -13 86 1 0 1
-2.32065 -9.23641 62.375 -0.317732 -9.9002 50.0192 1.27132 -13 87 1 0 1
-3.53112 -4.93529 62.375 -5.46599 -6.05515 67.8289 -0.0380949 -13 88 1 0 1
2.42642 -2.6352 62.375 2.76077 -0.978018 62.1969 -0.193207 -13 89 1 0 1
0.884791 4.03189 62.375 0.931147 4.53731 65.7475 0.190714 -13 90 1 0 1
-8.14843 -2.55495 62.375 -9.54892 -3.66942 63.5588 1.25841 -13 91 1 0 1
4.82839 1.64861 62.375 6.76749 1.81095 54.9767 0.39446 -13 92 1 0 1
3.05897 1.01255 62.375 4.5094 -0.327044 58.9903 1.23004 -13 93 1 0 1
1.16564 17.4266 62.375 2.11291 17.399 52.7544 -0.916578 -13 94 1 0 1
3.2042 1.59204 62.375 2.90313 3.1427 70.4207 0.432318 -13 95 1 0 1
1.00347 6.51024 62.375 1.23508 9.7065 60.8039 -1.41532 -13 96 1 0 1
-1.79802 -3.49565 62.375 -0.256345 -0.688319 57.0689 -0.630145 -13 97 1 0 1
-0.355345 -3.11859 62.375 -1.01068 -1.51643 67.386 0.815718 -13 98 1 0 1
-2.95315 8.40709 62.375 -3.56343 10.1464 62.8449 0.896312 -13 99 1 0 1
5.27726 -2.63398 62.375 5.85038 -0.382025 67.3845 -0.488422 -13 100 1 0 1
7.87206 0.692251 62.375 8.91611 -0.644236 68.0549 -0.288311 -13 101 1 0 1
2.94352 1.95939 62.375 2.56837 2.00947 67.256 0.299057 -13 102 1 0 1
10.04 -2.31767 62.375 11.6196 1.23582 61.1532 -2.04525 -13 103 1 0 1
4.83323 1.5543 62.375 5.31879 0.140629 67.4552 0.079983 -13 104 1 0 1
-4.20409 3.11467 62.375 -3.91729 7.81479 60.0989 -1.05553 -13 105 1 0 1
-8.44522 -2.8181 62.375 -9.38513 -3.31169 59.5179 0.685618 -13 106 1 0 1
-0.315263 -4.95433 62.375 -2.21598 -6.91621 70.2875 -0.671141 -13 107 1 0 1
6.88583 4.04818 62.375 8.29279 7.99734 62.8981 -0.411896 -13 108 1 0 1
3.80187 2.0852 62.375 4.46201 3.2662 67.8167 1.38032 -13 109 1 0 1
-2.44073 1.39523 62.375 -6.24717 2.58477 72.412 0.116086 -13 110 1 0 1
-2.71736 -5.39062 62.375 -7.53283 -4.93389 76.8396 0.0704742 -13 111 1 0 1
4.96961 1.04592 62.375 5.25503 -0.523867 56.2393 -1.43279 -13 112 1 0 1
3.21438 4.83461 62.375 4.48866 4.66591 54.8595 1.20238 -13 113 1 0 1
4.80756 -4.79991 62.375 5.91387 -6.41135 63.0236 0.333832 -13 114 1 0 1
6.17574 2.472 62.375 7.61558 1.80606 49.2909 0.281379 -13 115 1 0 1
-5.43854 -2.14266 62.375 -9.8943 -3.15722 72.2381 0.887461 -13 116 1 0 1
-1.7365 1.23578 62.375 -1.25263 2.41473 55.4387 0.0675064 -13 117 1 0 1
2.22547 -4.79568 62.375 4.11598 -7.47927 46.2352 0.0433333 -13 118 1 0 1
-0.411319 1.55915 62.375 -2.06657 3.42509 70.5309 0.877364 -13 119 1 0 1
-8.16829 -0.136848 62.375 -6.75341 0.638658 49.458 0.263462 -13 120 1 0 1
3.66892 -8.4024 62.375 4.32834 -6.726 60.9156 1.92485 -13 121 1 0 1
-3.19172 -4.85619 62.375 -7.93417 -5.50928 76.6083 0.984063 -13 122 1 0 1
-0.407393 -8.80242 62.375 -2.01596 -10.8452 70.6121 1.12324 -13 123 1 0 1
12.0325 0.912439 62.375 13.9814 1.76975 56.8903 0.705268 -13 124 1 0 1
-10.1521 -13.186 62.375 -11.038 -15.1571 58.1382 -1.11762 -13 125 1 0 1
-1.1164 0.580526 62.375 -6.24367 -3.18959 78.7977 1.29822 -13 126 1 0 1
2.02649 9.00606 62.375 2.71278 8.57864 59.8399 -0.700891 -13 127 1 0 1
0.678711 -2.25411 62.375 0.822096 -5.47377 64.7097 0.706768 -13 128 1 0 1
11.8575 5.28456 62.375 13.5781 6.30409 57.775 -0.0710547 -13 129 1 0 1
6.16534 -3.39282 62.375 7.4218 -0.894589 49.9361 1.0256 -13 130 1 0 1
1.12634 3.98274 62.375 -0.256652 5.21513 68.9512 -0.100096 -13 131 1 0 1
-2.14473 2.37181 62.375 -5.29824 2.43684 73.7337 1.64435 -13 132 1 0 1
6.68409 0.393109 62.375 8.13619 -0.285277 63.7375 -0.957753 -13 133 1 0 1
6.93173 0.837698 62.375 6.58244 0.819963 75.4847 0.744138 -13 134 1 0 1
2.98959 3.01298 62.375 1.98429 1.10925 69.9923 1.20262 -13 135 1 0 1
9.95151 5.22688 62.375 11.44 3.59198 55.1854 0.439168 -13 136 1 0 1
-5.29765 -0.12322 62.375 -6.32067 -0.884814 62.9724 1.87404 -13 137 1 0 1
-5.18132 10.4867 62.375 -4.60547 11.5688 54.7995 0.694986 -13 140 1 0 1
-0.223091 4.99111 62.375 1.09748 7.01106 52.5533 0.280884 -13 141 1 0 1
8.28833 2.82568 62.375 9.83498 5.97606 64.1678 2.27599 -13 142 1 0 1
-6.88679 -2.41541 62.375 -10.7064 -4.02745 70.5902 -0.519218 -13 143 1 0 1
6.98658 0.518976 62.375 7.56727 -1.04469 71.6751 3.24258 -13 144 1 0 1
5.17043 -14.6349 62.375 6.16398 -14.8635 55.7489 2.07066 -13 145 1 0 1
4.89112 -5.12174 62.375 5.53583 -4.29621 65.8467 0.562389 -13 146 1 0 1
-0.949009 -1.74119 62.375 -1.32838 -2.2762 65.3244 -0.869477 -13 147 1 0 1
-2.85708 -9.30368 62.375 -5.04581 -9.1933 68.8247 0.578466 -13 148 1 0 1
7.07351 7.29511 62.375 7.82142 7.04558 55.9625 -0.141589 -13 149 1 0 1
2.68307 8.31735 62.375 2.87723 11.2966 65.3734 0.154952 -13 150 1 0 1
2.72842 -9.3472 62.375 3.52819 -11.007 56.4116 1.53766 -13 151 1 0 1
1.46907 -1.40313 62.375 1.75055 -2.16037 64.4593 2.43701 -13 152 1 0 1
-3.15424 -4.02534 62.375 -4.84086 -8.2083 67.5388 -0.185078 -13 153 1 0 1
-3.85671 -6.23862 62.375 -10.0061 -9.50627 77.6392 -1.81208 -13 154 1 0 1
-5.1664 0.707493 62.375 -7.15687 -0.161542 66.5222 -1.15728 -13 155 1 0 1
10.7697 -5.91438 62.375 10.8747 -3.79356 45.5222 -0.189197 -13 156 1 0 1
-3.14611 -0.259691 62.375 -3.47283 1.4456 62.3302 0.194479 -13 157 1 0 1
0.736883 3.8957 62.375 -4.39079 3.00693 79.3375 1.57975 -13 158 1 0 1
-5.69162 7.52626 62.375 -4.78358 6.66178 55.9873 -0.3469 -13 159 1 0 1
11.8896 -0.23813 62.375 13.6156 -0.0782955 62.905 0.267966 -13 160 1 0 1
6.20461 1.02963 62.375 6.456 -1.60476 70.5062 1.82532 -13 161 1 0 1
-10.0409 3.20556 62.375 -6.13905 2.19208 39.9549 -0.196557 -13 162 1 0 1
-3.5177 3.78596 62.375 -6.14052 8.00844 69.9188 -1.45105 -13 163 1 0 1
1.42393 -1.2055 62.375 1.00851 -3.76643 66.5206 0.310484 -13 164 1 0 1
-14.7309 -1.18434 62.375 -20.6987 -1.82867 68.177 0.0270965 -13 166 1 0 1
6.96017 8.70101 62.375 8.30501 10.3084 61.795 0.862835 -13 167 1 0 1
-1.52176 5.36988 62.375 -7.9647 9.45004 78.4986 1.33828 -13 168 1 0 1
9.64394 -4.58102 62.375 10.867 -6.38349 57.2536 -0.00687098 -13 169 1 0 1
-4.73466 -2.11202 62.375 -7.11776 -3.76625 67.3554 -0.416951 -13 170 1 0 1
-1.38222 4.42286 62.375 -0.397799 3.08254 56.8054 -0.12066 -13 172 1 0 1
8.45943 -4.55784 62.375 10.4121 -5.51667 58.3271 0.408611 -13 173 1 0 1
2.89853 6.1913 62.375 3.0012 4.21641 68.7791 0.485339 -13 174 1 0 1
-5.52391 -4.93976 62.375 -3.1535 -6.33946 48.4519 0.115306 -13 176 1 0 1
11.9868 -8.07661 62.375 12.3876 -7.8585 50.2136 -0.0940247 -13 177 1 0 1
0.785963 -5.10765 62.375 2.21205 -3.99369 52.5804 -0.312303 -13 178 1 0 1
6.71155 -9.10257 62.375 7.15715 -14.3293 68.5666 -0.511124 -13 179 1 0 1
4.36688 -6.95067 62.375 5.50463 -6.40172 52.0986 1.81493 -13 180 1 0 1
-7.26445 -2.56124 62.375 -3.84443 -1.90841 38.509 -1.12563 -13 181 1 0 1
-8.74423 2.49163 62.375 -4.87066 2.66137 39.9919 -0.572603 -13 182 1 0 1
7.20737 8.398 62.375 7.76997 9.35301 42.2667 0.32544 -13 183 1 0 1
-11.5004 -1.8788 62.375 -11.969 -4.18784 55.7281 0.276881 -13 184 1 0 1
-3.60189 -5.65491 62.375 -3.30077 -8.2702 59.913 -0.531397 -13 185 1 0 1
4.98449 4.37048 62.375 5.73368 4.69688 43.327 -0.352975 -13 186 1 0 1
3.42563 -0.696614 62.375 3.16015 2.93479 71.3382 1.37106 -13 188 1 0 1
-5.6424 -3.34416 62.375 -13.1185 -5.5683 78.9519 0.408514 -13 189 1 0 1
5.94055 5.60456 62.375 7.99793 6.66609 60.8014 2.15192 -13 191 1 0 1
0.107081 1.2714 62.375 -5.23696 5.77827 80.0409 1.07218 -13 192 1 0 1
-9.83811 -0.158197 62.375 -5.65218 -1.87065 38.1174 -0.691686 -13 193 1 0 1
1.25257 9.18909 62.375 0.388362 14.0556 68.9369 -0.0135572 -13 194 1 0 1
0.356234 -0.163152 62.375 1.04516 -0.0209807 60.3721 2.50742 -13 195 1 0 1
6.24408 -0.163365 62.375 2.50252 -4.44939 80.5583 2.7981 -13 196 1 0 1
-4.91394 7.64044 62.375 -5.61348 8.70768 62.964 -0.678426 -13 197 1 0 1
9.28978 0.2317 62.375 9.78817 0.404665 49.4192 -0.327058 -13 198 1 0 1
-9.33434 13.9494 62.375 -8.81276 12.1546 56.4228 -1.34476 -13 199 1 0 1
-4.53629 -4.86095 62.375 -3.3572 -3.66747 50.8135 0.933578 -13 200 1 0 1
-9.23217 -2.78245 62.375 -13.4979 -5.19745 68.6551 0.555318 -13 201 1 0 1
-2.69994 15.7121 62.375 -2.56988 15.6239 57.9551 -0.596908 -13 202 1 0 1
-1.42369 2.31721 62.375 -1.49735 1.0233 62.1587 0.511201 -13 203 1 0 1
-0.912124 3.59706 62.375 0.370029 1.12982 49.9826 1.69361 -13 205 1 0 1
-12.9991 1.92421 62.375 -24.1336 1.68955 74.2677 0.437727 -13 206 1 0 1
-7.81984 -9.07397 62.375 -7.54122 -9.9347 56.8282 -0.810284 -13 207 1 0 1
-11.7016 1.25132 62.375 -16.2289 1.98012 67.84 -0.0481587 -13 208 1 0 1
5.4449 8.82592 62.375 4.30975 4.56655 23.6518 0.583953 -13 209 1 0 1
11.963 0.095281 62.375 12.3066 1.16555 46.5815 -0.103301 -13 210 1 0 1
10.4186 8.23348 62.375 9.63986 5.06448 42.1028 0.889739 -13 211 1 0 1
-3.12433 12.5984 62.375 -7.00544 17.156 72.2241 2.32436 -13 212 1 0 1
-11.4102 7.0004 62.375 -12.1179 6.65485 58.3783 -1.07083 -13 213 1 0 1
-0.479529 8.08777 62.375 -3.28478 9.64596 75.1527 1.26239 -13 214 1 0 1
1.32191 -4.57806 62.375 -0.460945 -10.245 71.986 1.97764 -13 215 1 0 1
1.79697 -1.41339 62.375 0.669192 -1.60155 70.3193 1.38214 -13 216 1 0 1
-8.77797 2.10618 62.375 -11.3693 2.34795 64.0842 0.433327 -13 218 1 0 1
-1.42791 -2.86992 62.375 -5.30116 -4.07544 77.5842 0.290807 -13 219 1 0 1
2.22029 1.97764 62.375 1.07478 0.652171 72.1891 2.64176 -13 220 1 0 1
8.91224 1.19595 62.375 11.3412 -0.206731 54.5214 1.25946 -13 221 1 0 1
-0.843951 7.9035 62.375 -2.99671 11.416 72.0528 -0.522989 -13 222 1 0 1
-7.22559 0.674335 62.375 -8.55812 2.81707 61.4382 1.30046 -13 223 1 0 1
-6.24649 -0.626922 62.375 -7.06344 0.240718 62.2368 -0.170682 -13 224 1 0 1
1.62962 9.60833 62.375 2.71889 10.6724 53.9304 0.025771 -13 226 1 0 1
-5.11549 -4.24883 62.375 -5.77761 -5.77552 61.9428 0.328418 -13 227 1 0 1
0.688855 0.0152655 62.375 -3.58433 -0.405398 78.2906 -1.63556 -13 228 1 0 1
-5.24704 1.8731 62.375 -9.75262 -0.211271 71.7751 0.534941 -13 229 1 0 1
4.12598 -9.54292 62.375 5.18265 -8.11526 45.6721 -0.0148033 -13 230 1 0 1
12.5399 13.0385 62.375 14.1436 18.5514 63.8844 1.53803 -13 231 1 0 1
-7.00951 -0.799827 62.375 -9.1145 -1.94599 65.0952 -1.16774 -13 233 1 0 1
5.82414 1.64066 62.375 6.37895 1.96144 67.8316 -0.318234 -13 234 1 0 1
4.55859 -3.57507 62.375 3.62193 -7.92211 74.0192 0.569658 -13 235 1 0 1
-6.73292 -3.97267 62.375 -8.38393 -7.40425 64.3664 1.58064 -13 236 1 0 1
9.36205 -10.873 62.375 10.4377 -9.53361 52.8987 1.11302 -13 237 1 0 1
-0.482777 1.49521 62.375 -0.60422 1.32611 62.9089 0.398756 -13 238 1 0 1
-6.24077 -0.823956 62.375 -10.175 1.99412 70.2576 1.57414 -13 239 1 0 1
6.29214 15.6818 62.375 7.09596 13.5864 44.5198 0.00840038 -13 240 1 0 1
7.6276 1.66483 62.375 6.76507 1.23963 33.8417 1.18591 -13 241 1 0 1
-3.56519 -0.856849 62.375 -3.1867 -3.43284 58.7124 2.15683 -13 242 1 0 1
7.97022 -8.12736 62.375 9.30793 -8.42578 67.9624 0.198911 -13 243 1 0 1
2.8946 3.34492 62.375 0.803467 4.65454 75.9461 0.969805 -13 244 1 0 1
5.89656 3.94172 62.375 5.95126 9.37768 71.3213 -0.387002 -13 245 1 0 1
1.08227 3.08218 62.375 -0.167076 7.39591 70.676 0.111867 -13 246 1 0 1
1.87258 -5.69068 62.375 2.36824 -4.55816 61.0767 0.00780895 -13 247 1 0 1
-2.06674 -4.95908 62.375 -3.5557 -6.0388 67.8507 0.9936 -13 248 1 0 1
13.4938 6.19101 62.375 14.9012 3.60324 60.3394 -0.59843 -13 249 1 0 1
3.62811 -8.03503 62.375 3.28921 -10.7412 68.2143 -1.1747 -13 250 1 0 1
7.84107 14.8239 62.375 9.14452 12.9161 61.2621 -0.676787 -13 251 1 0 1
7.21292 0.695228 62.375 9.04579 -0.51747 63.3281 0.610618 -13 252 1 0 1
2.25902 8.95242 62.375 0.675226 14.4471 70.8777 -1.03073 -13 253 1 0 1
5.63957 4.78677 62.375 7.08625 5.76524 55.0486 -0.134542 -13 254 1 0 1
0.722359 2.10916 62.375 -2.55432 5.80009 77.4245 0.261514 -13 255 1 0 1
-3.58954 3.13414 62.375 -2.53273 3.20544 53.117 -0.568059 -13 256 1 0 1
-1.36737 -11.1254 62.375 0.665685 -10.1822 42.5926 0.163877 -13 257 1 0 1
0.449739 0.458274 62.375 0.298023 -0.775027 63.4509 0.466494 -13 258 1 0 1
4.05846 0.0732683 62.375 5.96572 -1.80044 56.8854 -0.817785 -13 259 1 0 1
-1.87237 -2.54351 62.375 -4.39919 -6.04118 72.439 0.0247805 -13 260 1 0 1
-3.01147 5.35718 62.375 -3.18588 5.78719 60.0443 -0.775837 -13 261 1 0 1
2.99349 -0.351381 62.375 4.37683 0.351773 63.1084 2.45158 -13 262 1 0 1
7.67443 -5.19431 62.375 9.12242 -6.01881 62.8349 -1.13121 -13 263 1 0 1
-1.54946 -3.78767 62.375 -0.373203 -3.89244 50.7899 0.17243 -13 264 1 0 1
8.31609 5.08173 62.375 9.77082 7.38651 62.8868 1.05106 -13 265 1 0 1
5.57948 6.37829 62.375 6.06534 6.27372 70.5333 0.920809 -13 266 1 0 1
-2.12132 3.22788 62.375 -2.72015 0.473198 63.6319 0.0506971 -13 267 1 0 1
0.813317 3.06911 62.375 2.27245 3.94892 42.9918 -0.66275 -13 268 1 0 1
-2.88327 4.60923 62.375 -8.17162 2.69608 77.7045 0.797891 -13 269 1 0 1
-3.90869 -0.906816 62.375 -4.66888 -3.9285 63.8842 1.611 -13 270 1 0 1
7.07713 -3.11709 62.375 6.51869 -7.50201 77.3863 -0.50731 -13 271 1 0 1
4.77149 -8.32984 62.375 5.81366 -10.75 62.5597 1.94472 -13 272 1 0 1
-8.96957 2.95882 62.375 -7.71362 2.12386 54.2314 3.19738 -13 273 1 0 1
3.24406 -0.583715 62.375 3.34808 1.69855 67.48 -1.69189 -13 274 1 0 1
7.36897 -1.97234 62.375 8.38421 -4.05151 58.9694 0.0692643 -13 275 1 0 1
7.92278 -5.27283 62.375 9.87166 -6.75194 57.367 1.55146 -13 277 1 0 1
-12.3679 1.01905 62.375 -13.8722 1.10072 60.3373 1.92557 -13 278 1 0 1
-7.95262 -1.75954 62.375 -11.4157 -6.87185 68.1233 -2.12841 -13 279 1 0 1
2.99229 2.57769 62.375 3.57787 1.60014 61.4393 0.598484 -13 280 1 0 1
0.178501 -3.69351 62.375 -1.11283 -2.78519 66.6893 -0.950648 -13 281 1 0 1
-2.00058 8.97933 62.375 -0.567327 9.67296 47.855 -0.419554 -13 282 1 0 1
6.00514 -9.70417 62.375 6.97353 -9.16661 49.9055 -1.20161 -13 283 1 0 1
-4.72561 7.07867 62.375 -3.46817 3.9991 52.9598 0.036237 -13 284 1 0 1
-11.8173 4.48718 62.375 -13.8583 6.685 60.9613 -0.131402 -13 285 1 0 1
-6.34361 -6.79728 62.375 -9.2327 -2.43167 68.9553 -1.11717 -13 286 1 0 1
-2.43058 1.61141 62.375 -1.31526 -0.512405 51.9466 -1.21788 -13 287 1 0 1
-0.111172 24.0825 62.375 -4.32831 35.7821 71.0008 0.0646388 -13 288 1 0 1
-1.70165 8.40041 62.375 -6.07568 12.5137 77.201 0.779873 -13 289 1 0 1
3.44187 -6.04426 62.375 1.33938 -10.1874 74.8461 0.770267 -13 291 1 0 1
-2.23265 1.36009 62.375 -5.26817 3.24258 72.7188 0.0564231 -13 292 1 0 1
-14.9826 7.19436 62.375 -12.7309 9.57963 47.9833 2.47434 -13 293 1 0 1
14.4663 4.14121 62.375 16.6165 10.0863 68.9639 1.93119 -13 294 1 0 1
-4.25462 1.03136 62.375 -5.65519 0.692215 65.2468 0.423643 -13 295 1 0 1
-8.29301 3.46535 62.375 -8.36997 3.61509 58.8177 0.0875934 -13 296 1 0 1
8.41488 -2.97549 62.375 9.67169 -4.40921 53.602 2.92223 -13 297 1 0 1
2.53092 2.33054 62.375 2.35906 0.611559 67.352 -1.52911 -13 298 1 0 1
-5.92012 6.09745 62.375 -6.56842 5.22068 62.4001 -0.422156 -13 301 1 0 1
-5.56083 3.75463 62.375 -6.73726 7.09605 63.2602 0.580554 -13 302 1 0 1
-0.704858 0.0628955 62.375 -0.644287 2.99889 62.4489 0.35273 -13 303 1 0 1
-1.06575 4.23457 62.375 -2.10221 7.60655 65.646 0.868467 -13 304 1 0 1
-13.9346 9.37695 62.375 -10.0157 8.34385 43.164 1.64134 -13 305 1 0 1
-2.55311 -1.9482 62.375 -3.79225 -4.39676 66.6151 -0.710415 -13 306 1 0 1
5.80955 -12.1686 62.375 5.79298 -19.6837 66.631 -0.962843 -13 307 1 0 1
-1.78151 -10.2107 62.375 -4.88061 -13.9225 72.5508 0.402353 -13 308 1 0 1
-1.70918 6.46825 62.375 -2.78148 8.35322 66.0521 -0.526795 -13 309 1 0 1
7.74875 -2.3405 62.375 7.90831 -2.96139 72.0159 -0.0794054 -13 310 1 0 1
2.42115 -9.8891 62.375 2.79144 -3.5141 31.97 -1.09156 -13 311 1 0 1
-4.811 1.04977 62.375 -8.18889 2.63951 71.183 0.153598 -13 312 1 0 1
-4.61739 9.01564 62.375 -8.26863 11.4833 71.5471 1.25004 -13 313 1 0 1
-4.7294 -0.907163 62.375 -7.75964 -0.864431 67.6583 -0.271285 -13 314 1 0 1
7.59878 -2.23885 62.375 9.37525 0.127648 61.9345 -1.12649 -13 315 1 0 1
1.05298 -17.0381 62.375 2.18288 -16.8736 50.7191 -0.856383 -13 316 1 0 1
-4.56686 -6.79068 62.375 -5.70199 -9.11891 63.7119 1.08218 -13 317 1 0 1
0.393901 -2.7254 62.375 -0.739576 -1.92582 69.229 -1.1046 -13 318 1 0 1
-1.45188 3.81579 62.375 -4.04221 8.62057 69.9879 2.32217 -13 319 1 0 1
9.84977 4.93266 62.375 11.2869 6.67294 70.3641 0.900127 -13 320 1 0 1
3.68236 -1.00036 62.375 4.44186 -1.85111 57.0493 -1.32062 -13 321 1 0 1
-1.76222 1.91408 62.375 -9.4627 4.1208 79.5506 2.14451 -13 322 1 0 1
6.58526 -4.72042 62.375 6.17028 -2.19955 75.7199 0.513293 -13 323 1 0 1
2.52409 5.99348 62.375 2.87276 7.70624 65.7417 -0.368261 -13 324 1 0 1
2.58412 -3.44446 62.375 1.47023 -5.6045 72.5411 0.278966 -13 325 1 0 1
-12.1379 10.9994 62.375 -13.7981 11.3884 58.6971 0.282632 -13 326 1 0 1
-9.33728 -19.1971 62.375 -7.53266 -19.0795 47.9911 0.566066 -13 327 1 0 1
-7.43733 1.27652 62.375 -7.79052 -3.65638 58.9573 -1.19889 -13 328 1 0 1
-0.655866 6.52558 62.375 -1.87339 9.99974 68.6327 1.38751 -13 329 1 0 1
6.29382 -3.14857 62.375 5.58122 -2.07393 76.5791 -0.561494 -13 330 1 0 1
-6.7914 6.51969 62.375 -11.1816 4.12233 71.271 -1.28289 -13 331 1 0 1
-4.62545 -3.84484 62.375 -0.973079 -0.998498 24.2718 -0.620055 -13 332 1 0 1
4.81117 3.40473 62.375 5.86232 4.19433 48.7703 4.40128 -13 333 1 0 1
-5.6017 -4.89646 62.375 -6.7784 -5.47875 65.4553 0.623377 -13 334 1 0 1
4.94642 -6.30681 62.375 5.96271 -8.48478 66.199 0.625915 -13 335 1 0 1
-0.0758489 -8.12349 62.375 -2.16015 -9.87451 68.6171 -0.377829 -13 336 1 0 1
6.54933 -5.22179 62.375 7.53917 -8.5682 53.9375 1.19761 -13 338 1 0 1
-0.408763 -6.1397 62.375 0.751971 -5.09662 50.6195 0.684779 -13 339 1 0 1
2.37854 5.50548 62.375 2.09785 8.47127 69.2576 0.483389 -13 340 1 0 1
5.19934 1.70107 62.375 4.31585 -0.726664 77.6942 0.220336 -13 341 1 0 1
-1.61618 3.84304 62.375 -4.89205 7.02284 73.3572 0.886591 -13 342 1 0 1
0.624248 -3.21934 62.375 0.972998 -6.85166 62.1424 -0.0785114 -13 343 1 0 1
7.50606 -0.892097 62.375 8.40439 1.85361 49.4587 0.00298483 -13 344 1 0 1
-1.3938 -0.663206 62.375 -2.68534 0.809643 68.9756 -0.576007 -13 345 1 0 1
-10.4445 -1.32798 62.375 -13.0918 -1.80569 64.4656 0.861617 -13 346 1 0 1
-2.88907 1.01751 62.375 -4.43931 1.48793 68.2849 -0.566412 -13 347 1 0 1
-1.24897 2.22451 62.375 0.388847 5.72118 52.3473 -0.196963 -13 348 1 0 1
9.64366 -0.281092 62.375 10.8254 -1.58757 56.2101 1.14001 -13 349 1 0 1
-1.17455 -11.3784 62.375 -1.97659 -13.5828 64.1688 1.05515 -13 350 1 0 1
-4.55296 1.23469 62.375 -7.66201 0.160983 70.434 -1.28258 -13 352 1 0 1
-2.26955 5.73238 62.375 -2.99396 6.02591 65.716 0.0397097 -13 353 1 0 1
-1.06454 7.72775 62.375 -0.179676 5.87633 53.82 0.695719 -13 354 1 0 1
-3.48978 3.19328 62.375 -7.85436 5.17336 73.722 -0.215992 -13 355 1 0 1
6.73611 6.86512 62.375 8.07898 10.1187 59.0665 0.561651 -13 356 1 0 1
-0.831057 0.601886 62.375 0.721166 1.63652 42.5059 0.355413 -13 357 1 0 1
9.40888 6.02468 62.375 10.1573 8.13065 51.1125 0.903896 -13 358 1 0 1
4.5047 0.171403 62.375 5.85075 3.35839 62.1987 0.728879 -13 359 1 0 1
-2.9812 -2.06376 62.375 -6.82551 -2.61944 75.3945 -0.358118 -13 360 1 0 1
3.9583 0.516346 62.375 1.78018 2.93081 77.3047 0.12128 -13 361 1 0 1
-14.3269 1.7152 62.375 -17.0689 -0.0364518 61.9417 -2.49971 -13 362 1 0 1
-0.210705 3.15533 62.375 -3.28294 6.4814 75.1988 -0.055945 -13 363 1 0 1
0.609052 -4.39083 62.375 -0.303189 -4.21261 64.8135 0.511824 -13 364 1 0 1
-5.29873 5.00123 62.375 -3.48466 6.07316 48.6227 -1.58869 -13 365 1 0 1
9.62948 -0.985576 62.375 10.1907 -1.23991 45.1635 2.56124 -13 366 1 0 1
9.78316 -1.60674 62.375 9.81166 -3.2946 41.0504 1.65207 -13 367 1 0 1
-2.68265 4.57268 62.375 -3.37257 6.9866 64.7928 0.819185 -13 368 1 0 1
-0.229749 -2.47701 62.375 0.3104 -0.850964 60.4685 -0.816388 -13 369 1 0 1
-7.26464 1.31364 62.375 -12.0967 1.06611 71.7815 1.11732 -13 370 1 0 1
-1.07385 -4.46861 62.375 -1.30472 -4.44862 66.1629 2.65662 -13 371 1 0 1
-0.476935 -6.5224 62.375 1.18716 -9.91085 53.3394 1.11335 -13 372 1 0 1
-5.63247 -4.7381 62.375 -7.08201 -6.8596 64.293 0.967796 -13 373 1 0 1
-4.80098 -0.650964 62.375 -10.1618 0.472537 76.055 0.881551 -13 374 1 0 1
-9.06584 3.72499 62.375 -17.37 7.29426 76.9572 -1.14619 -13 375 1 0 1
-5.2806 -11.1801 62.375 -8.12424 -14.4964 68.1164 0.740013 -13 376 1 0 1
11.1248 -4.26871 62.375 12.2578 -8.3531 77.6911 1.43931 -13 377 1 0 1
0.359923 -3.19421 62.375 2.0038 -4.54661 41.2983 2.55711 -13 378 1 0 1
-1.21582 -11.2707 62.375 -2.91255 -16.6269 66.6962 0.91287 -13 379 1 0 1
-7.44242 -14.414 62.375 -4.16098 -12.9259 41.7271 -0.372848 -13 380 1 0 1
5.33139 -0.30558 62.375 6.6272 2.69411 59.8081 1.4436 -13 381 1 0 1
6.57827 -7.06831 62.375 6.83966 -9.89704 72.2504 -0.0738176 -13 382 1 0 1
-13.3333 1.68518 62.375 -11.9839 0.923732 50.6166 1.6404 -13 383 1 0 1
9.86163 3.30572 62.375 11.9558 1.64244 58.0344 -1.05348 -13 384 1 0 1
-0.852609 -1.80968 62.375 -1.55456 -4.91545 67.3894 2.0464 -13 385 1 0 1
2.27035 -1.10769 62.375 1.96347 -2.46321 69.9079 2.19762 -13 386 1 0 1
-5.58415 -0.921814 62.375 -9.59129 -2.60133 71.7637 0.388073 -13 387 1 0 1
0.897082 -0.897868 62.375 2.37255 -0.24862 51.9209 -0.44712 -13 388 1 0 1
12.647 -1.73789 62.375 15.0211 -0.728199 60.7514 1.32898 -13 389 1 0 1
-5.18008 1.59083 62.375 -5.81929 1.02384 63.6105 1.02978 -13 390 1 0 1
13.5168 1.19223 62.375 14.5861 0.463438 51.07 0.0808827 -13 391 1 0 1
-6.40476 0.777231 62.375 -5.26012 -2.13458 53.9258 0.517991 -13 392 1 0 1
-1.65699 10.1557 62.375 -1.96047 10.1216 60.5002 -0.515726 -13 394 1 0 1
-3.68906 8.65569 62.375 -7.71254 14.9201 73.7834 -1.39195 -13 395 1 0 1
10.4299 4.67246 62.375 12.1173 3.18732 63.4726 0.133065 -13 396 1 0 1
3.76926 -5.90764 62.375 4.5529 -5.44379 59.8851 1.5576 -13 397 1 0 1
0.96238 -1.37928 62.375 0.344002 -2.74728 66.8128 1.13951 -13 398 1 0 1
-3.15341 -6.47916 62.375 -6.45168 -6.91191 70.9178 2.31378 -13 399 1 0 1
2.01112 1.16056 62.375 2.28711 6.27729 64.6543 0.254709 -13 400 1 0 1
5.61083 -0.0242735 62.375 5.47926 0.741919 71.8629 0.041539 -13 401 1 0 1
-2.95606 7.46372 62.375 -2.2027 7.74422 57.7734 0.00335385 -13 402 1 0 1
-0.115845 -16.3695 62.375 -1.28567 -24.2306 67.6638 0.508855 -13 403 1 0 1
2.86797 -4.59945 62.375 3.08393 -8.31661 66.1548 1.49227 -13 404 1 0 1
-2.75715 -4.20396 62.375 -3.08544 -7.71139 60.0099 -0.285055 -13 406 1 0 1
-2.1914 -5.54447 62.375 -3.05421 -5.1897 65.85 1.56393 -13 407 1 0 1
10.1836 6.61263 62.375 11.8149 7.75917 57.1845 2.10833 -13 408 1 0 1
6.7466 -1.15715 62.375 8.16373 -1.45425 64.0936 0.60605 -13 409 1 0 1
-2.65022 -4.62538 62.375 -6.78927 -6.55345 75.7916 -2.31146 -13 410 1 0 1
-4.37348 8.26532 62.375 -1.5368 4.02134 43.1774 0.908543 -13 411 1 0 1
-1.22307 -7.44906 62.375 -2.48654 -9.73479 66.7039 1.54026 -13 412 1 0 1
-5.2224 4.41944 62.375 -11.6187 4.90309 77.9879 0.347588 -13 413 1 0 1
-7.44107 -0.525662 62.375 -7.08711 0.542378 58.963 1.28806 -13 414 1 0 1
5.41329 6.23254 62.375 6.3896 7.6993 57.0394 0.647443 -13 415 1 0 1
12.4989 2.96216 62.375 7.55129 2.32787 25.9752 5.46068 -13 416 1 0 1
7.27772 -18.223 62.375 7.10985 -12.7369 40.4545 0.257244 -13 417 1 0 1
-0.275543 1.58269 62.375 -1.73386 0.0429869 69.6259 1.74489 -13 418 1 0 1
9.13183 1.40047 62.375 10.7678 1.9979 63.2539 0.798145 -13 419 1 0 1
0.419547 -5.65127 62.375 -1.73308 -10.2429 73.3916 -0.173272 -13 421 1 0 1
3.66798 16.5156 62.375 3.78866 20.8159 63.8206 0.683419 -13 422 1 0 1
-12.0017 -15.5363 62.375 -8.85738 -10.6077 44.6127 0.132232 -13 423 1 0 1
12.1215 14.1365 62.375 12.793 9.89983 46.4834 0.977257 -13 424 1 0 1
-1.40531 1.78447 62.375 -1.50087 3.31892 64.1173 0.221413 -13 425 1 0 1
-0.0838508 1.32669 62.375 -3.32226 4.57346 73.9069 -1.15813 -13 426 1 0 1
8.35917 -6.41153 62.375 9.51213 -5.40069 62.9625 -0.24386 -13 427 1 0 1
-3.27144 8.22492 62.375 -4.66227 12.8776 64.981 0.665084 -13 428 1 0 1
9.99834 -8.7182 62.375 11.8147 -10.7003 56.5526 0.193633 -13 429 1 0 1
-8.98065 10.401 62.375 -13.8767 14.3646 69.0934 -1.43151 -13 430 1 0 1
1.90295 -3.52103 62.375 -0.746183 -5.65568 75.8643 2.15158 -13 431 1 0 1
3.86081 2.77784 62.375 4.08833 5.53355 67.8435 2.21643 -13 432 1 0 1
-0.0384295 -6.30582 62.375 -1.85835 -11.7398 69.5689 1.64614 -13 433 1 0 1
2.89383 5.95955 62.375 3.76665 9.91616 59.2428 0.405903 -13 434 1 0 1
15.7535 3.51094 62.375 12.4967 15.6572 31.1232 1.35846 -13 435 1 0 1
2.03482 -0.252915 62.375 1.55574 0.379019 67.4699 -2.04714 -13 437 1 0 1
-3.01249 0.186293 62.375 -1.42006 0.578002 55.0302 2.24759 -13 438 1 0 1
-0.419586 -10.9238 62.375 -0.9137 -11.5626 62.8894 -0.851044 -13 439 1 0 1
4.23592 4.85327 62.375 5.01374 6.50994 61.2407 0.494058 -13 440 1 0 1
-4.91726 0.308547 62.375 -8.57532 0.0964821 71.3326 1.61932 -13 441 1 0 1
-4.31946 -2.25236 62.375 -5.6111 0.452213 65.4227 0.127751 -13 442 1 0 1
2.11522 0.638467 62.375 3.42601 3.85316 56.7878 1.32522 -13 443 1 0 1
10.2054 -0.683149 62.375 11.6556 0.226426 69.6254 1.23419 -13 444 1 0 1
6.41576 0.899288 62.375 6.95094 -2.31321 69.3202 0.322995 -13 445 1 0 1
-3.0004 -6.73632 62.375 -4.92347 -5.85743 68.9525 -1.29942 -13 446 1 0 1
6.44091 0.775182 62.375 7.73933 1.34283 56.9198 -0.158214 -13 447 1 0 1
-0.674981 1.4145 62.375 -2.19519 3.69634 70.6066 -1.75153 -13 448 1 0 1
-1.27073 0.526599 62.375 -0.199147 -0.614023 52.7616 0.10452 -13 449 1 0 1
4.86985 2.94292 62.375 2.2751 1.74661 81.1662 0.313945 -13 451 1 0 1
0.420358 -1.6744 62.375 0.351273 -3.1014 67.4345 1.34956 -13 452 1 0 1
3.93619 -3.13062 62.375 5.72513 -2.89234 59.6626 -0.0613122 -13 453 1 0 1
-5.83651 3.12769 62.375 -3.55859 2.55703 50.5637 1.65381 -13 454 1 0 1
5.24418 -6.44515 62.375 6.73198 -8.83167 54.815 0.480733 -13 455 1 0 1
10.2763 7.22692 62.375 12.0726 9.74548 64.1603 -0.370253 -13 456 1 0 1
8.50975 2.13608 62.375 10.5728 4.55202 56.5257 1.0824 -13 457 1 0 1
5.31006 -17.5233 62.375 5.78185 -17.1802 53.3203 -0.802893 -13 458 1 0 1
8.01215 6.5525 62.375 8.91941 6.50664 74.2695 1.92507 -13 459 1 0 1
-2.36698 0.171573 62.375 -3.73458 1.86977 65.4696 0.102134 -13 460 1 0 1
-5.52487 6.52216 62.375 -6.99127 9.84776 65.2755 0.612489 -13 461 1 0 1
4.219 2.31388 62.375 5.26857 3.30649 64.7995 -0.0259939 -13 462 1 0 1
2.20464 -1.7387 62.375 1.61235 -1.83886 69.2189 1.72954 -13 463 1 0 1
6.45671 14.8316 62.375 7.30214 17.5354 59.9314 0.130485 -13 464 1 0 1
-6.08485 14.0188 62.375 -3.08235 10.2829 38.0154 -0.44854 -13 465 1 0 1
4.08004 6.41571 62.375 4.93094 7.83873 56.8689 0.620278 -13 466 1 0 1
6.75583 3.15425 62.375 7.07028 3.49663 38.0624 0.247299 -13 467 1 0 1
2.32898 -0.977175 62.375 3.91314 -4.11771 56.4862 -0.546746 -13 468 1 0 1
-2.36274 12.8613 62.375 -0.941345 12.0426 49.9209 0.773001 -13 469 1 0 1
3.52188 -6.06028 62.375 3.76688 -5.78881 65.0901 -0.193825 -13 470 1 0 1
2.12946 8.54552 62.375 3.61611 7.56373 49.3161 1.51819 -13 471 1 0 1
5.84499 -11.5916 62.375 6.38503 -9.44108 42.6289 1.55348 -13 472 1 0 1
-0.241685 -3.2005 62.375 1.19789 -3.87154 55.4758 -0.317019 -13 473 1 0 1
7.19268 -5.76846 62.375 8.91897 -6.80769 61.4867 -0.33724 -13 474 1 0 1
2.85861 4.3836 62.375 2.24359 7.57696 72.187 1.83256 -13 475 1 0 1
-9.2724 9.13096 62.375 -10.5124 11.4136 60.2798 0.286867 -13 476 1 0 1
1.62563 10.8059 62.375 2.0196 11.5504 66.7442 -1.01179 -13 477 1 0 1
-1.57658 -4.3811 62.375 -2.12366 -4.40861 62.1246 -1.50104 -13 478 1 0 1
3.04468 0.241967 62.375 3.90958 -1.00237 48.1859 -0.286015 -13 479 1 0 1
7.22898 3.57403 62.375 8.46817 4.91029 54.5886 0.622277 -13 480 1 0 1
6.52621 -5.21486 62.375 6.42439 -3.53568 33.6086 1.03425 -13 481 1 0 1
0.81712 -6.28294 62.375 2.60232 -7.6511 45.4632 0.747658 -13 482 1 0 1
-7.99669 8.64748 62.375 -11.5277 10.1161 67.928 1.07198 -13 483 1 0 1
-6.0955 0.92984 62.375 -8.8724 -0.072277 67.0454 -0.982111 -13 484 1 0 1
-10.3587 -7.97069 62.375 -10.4186 -10.0256 56.4342 2.16721 -13 485 1 0 1
0.199735 -9.63224 62.375 0.658567 -12.947 57.9115 3.05666 -13 486 1 0 1
7.84782 1.74875 62.375 8.59686 0.439817 68.785 0.422094 -13 487 1 0 1
-12.3473 -3.49534 62.375 -13.6533 -4.18789 59.7713 -0.584252 -13 488 1 0 1
-0.0218503 4.22981 62.375 1.51822 6.95053 41.7497 1.72514 -13 489 1 0 1
-1.91553 -9.25216 62.375 -2.1597 -13.2605 62.2795 -1.51111 -13 490 1 0 1
3.53455 4.40871 62.375 3.15196 2.77286 69.9792 1.14796 -13 491 1 0 1
2.72707 2.87551 62.375 3.36777 5.92981 61.394 1.48497 -13 492 1 0 1
-2.15179 -2.89536 62.375 -1.16136 -3.85321 59.5605 1.33251 -13 493 1 0 1
1.71013 -2.51123 62.375 2.95043 -3.28621 36.5346 0.522889 -13 494 1 0 1
3.436 9.7099 62.375 4.8891 4.74183 41.8804 -2.31263 -13 495 1 0 1
2.09677 -10.4054 62.375 3.25802 -8.52131 43.6713 0.654769 -13 496 1 0 1
2.07971 3.46278 62.375 2.0776 4.73641 64.2957 0.571433 -13 497 1 0 1
-3.3091 4.87218 62.375 -5.466 6.88847 68.7058 -0.133164 -13 498 1 0 1
1.32998 4.79303 62.375 2.49938 2.97088 52.1915 -0.496678 -13 499 1 0 1
14.0392 -1.0031 62.375 14.5337 -2.99288 50.6546 -0.792802 -13 500 1 0 1
4.06617 5.43846 62.375 1.55113 6.35912 79.3119 -0.0192424 -13 501 1 0 1
-7.99115 6.70722 62.375 -10.966 6.30207 66.2056 -0.8713 -13 502 1 0 1
0.29939 -13.55 62.375 -0.64807 -14.3097 68.4564 -1.33035 -13 503 1 0 1
-1.4101 2.65458 62.375 -2.76395 4.50776 66.2145 0.588532 -13 504 1 0 1
13.3926 0.582465 62.375 15.2632 0.566439 55.8751 -0.812055 -13 505 1 0 1
-4.27307 -1.56351 62.375 -10.8879 -3.78252 78.5593 1.54392 -13 506 1 0 1
8.32894 15.6468 62.375 8.21993 14.3824 46.6957 0.815957 -13 507 1 0 1
7.43903 -7.53658 62.375 9.20562 -7.49906 62.8685 1.2697 -13 508 1 0 1
7.73775 -6.31584 62.375 8.14409 -8.05233 72.3022 0.294158 -13 509 1 0 1
-7.99819 6.45406 62.375 -8.58141 6.89238 60.2579 1.45505 -13 510 1 0 1
-10.8078 -0.788282 62.375 -15.9725 0.662376 70.1243 2.33588 -13 511 1 0 1
-5.95992 -3.23704 62.375 -6.23649 -3.15139 58.2999 -0.103301 -13 512 1 0 1
3.20596 1.41875 62.375 4.33359 2.85966 51.4691 1.44312 -13 513 1 0 1
-4.25628 -0.551347 62.375 -3.87687 -0.422068 55.0859 -3.17107 -13 514 1 0 1
-9.0633 0.396772 62.375 -12.304 1.06259 65.4921 -1.16412 -13 515 1 0 1
-3.36855 0.875605 62.375 -3.01894 3.82241 56.5899 -1.64269 -13 516 1 0 1
1.0954 -1.04484 62.375 -0.443512 -3.75231 72.5811 -0.85988 -13 517 1 0 1
-0.588531 -2.73552 62.375 -0.789545 -2.46549 65.492 1.0894 -13 518 1 0 1
-5.90571 2.26699 62.375 -13.1044 2.15089 77.6477 0.179195 -13 519 1 0 1
0.53617 -3.69402 62.375 1.5033 -6.51512 60.5713 2.8071 -13 520 1 0 1
-3.18229 -8.6091 62.375 -5.35612 -10.1446 69.545 -1.20945 -13 521 1 0 1
2.04184 3.74602 62.375 -1.9864 5.16832 80.543 1.15636 -13 522 1 0 1
-5.01781 5.39428 62.375 -7.80709 5.31741 69.5087 1.12876 -13 523 1 0 1
1.48323 -4.94322 62.375 2.23205 -1.32032 62.003 1.00107 -13 524 1 0 1
1.6751 10.8509 62.375 3.14303 7.65469 39.4727 1.03574 -13 525 1 0 1
-5.82808 -2.01116 62.375 -10.1817 0.331368 71.5382 0.298933 -13 526 1 0 1
-4.1331 9.20816 62.375 -4.17311 10.5088 58.9224 1.30994 -13 527 1 0 1
-4.31024 3.45701 62.375 -3.02641 3.29661 54.3556 2.97951 -13 528 1 0 1
9.16298 -8.31805 62.375 10.2226 -14.5492 70.0982 1.05495 -13 529 1 0 1
0.752089 3.83837 62.375 0.530115 4.78891 67.101 -0.345572 -13 530 1 0 1
-1.1524 3.67028 62.375 -0.2219 5.15404 59.1991 1.26999 -13 531 1 0 1
-10.6614 6.55355 62.375 -9.30466 8.25131 52.2932 1.9555 -13 532 1 0 1
-5.98791 -15.9715 62.375 -2.48134 -8.82037 29.2372 3.76809 -13 533 1 0 1
5.51125 -0.968663 62.375 5.87016 -0.308215 70.1874 1.22348 -13 534 1 0 1
2.40256 5.54116 62.375 1.46103 11.7528 69.3632 -2.57456 -13 535 1 0 1
4.24808 -0.436579 62.375 5.26868 1.61583 55.1492 -0.6225 -13 536 1 0 1
6.66396 7.59834 62.375 8.628 7.83374 62.0461 0.379104 -13 538 1 0 1
10.0562 -2.80669 62.375 10.7464 -3.11596 76.6533 1.62407 -13 540 1 0 1
-1.52579 6.9817 62.375 -3.9977 11.1139 70.4383 1.20228 -13 541 1 0 1
3.62399 2.54824 62.375 3.74708 4.66893 67.7047 0.268298 -13 542 1 0 1
6.63246 -3.852 62.375 8.02241 -7.40904 66.5986 -0.259179 -13 543 1 0 1
3.76154 -1.72551 62.375 4.6108 -2.8057 63.9028 0.68934 -13 544 1 0 1
-3.35882 -17.6563 62.375 -6.10682 -24.5217 68.0921 1.40665 -13 545 1 0 1
1.13825 -16.412 62.375 1.98091 -13.0615 43.0454 0.832471 -13 546 1 0 1
-0.784063 12.1946 62.375 0.229122 13.0416 51.5384 -0.402022 -13 547 1 0 1
3.86654 3.96629 62.375 4.49947 7.39449 61.7459 2.53357 -13 548 1 0 1
3.34958 -4.59373 62.375 4.45893 -2.7848 57.8504 2.84475 -13 549 1 0 1
-13.0516 9.56669 62.375 -17.562 13.3088 65.5956 -2.22967 -13 550 1 0 1
4.51058 -7.31477 62.375 4.52242 -2.5229 35.5597 1.6282 -13 551 1 0 1
-8.99355 -2.25301 62.375 -9.37344 -3.62239 58.7553 0.505795 -13 553 1 0 1
-7.44404 -1.38882 62.375 -9.72263 -2.96576 64.7799 -0.747951 -13 554 1 0 1
7.66829 5.8723 62.375 7.48344 8.27685 73.7171 1.48593 -13 555 1 0 1
-2.98732 8.11637 62.375 -2.58065 8.25137 56.2892 0.777357 -13 556 1 0 1
4.55188 -0.0426925 62.375 5.57254 -0.932275 61.5509 2.69892 -13 557 1 0 1
-2.66054 -2.16673 62.375 -2.92183 -4.07721 61.9138 -2.33939 -13 558 1 0 1
-11.3887 4.40718 62.375 -8.4851 4.13417 45.1196 -1.09136 -13 560 1 0 1
-8.6057 4.42379 62.375 -12.6091 3.72925 68.2612 1.3548 -13 562 1 0 1
5.47335 -1.62795 62.375 5.33891 -4.24773 70.5545 -0.0909002 -13 564 1 0 1
-7.34451 7.25407 62.375 -6.74937 9.1948 55.1205 1.55277 -13 565 1 0 1
-8.82072 -2.05767 62.375 -14.5856 -3.58827 72.0173 0.986658 -13 566 1 0 1
-5.63548 -4.22892 62.375 -4.38464 -3.17624 53.2672 0.489669 -13 567 1 0 1
-3.72155 6.4341 62.375 -6.40383 9.83794 70.7201 0.424126 -13 568 1 0 1
0.861195 -4.38388 62.375 0.99464 -5.65248 61.6988 2.05917 -13 569 1 0 1
-0.262475 -6.23864 62.375 1.31069 -4.79299 52.4199 -2.11476 -13 570 1 0 1
0.901444 11.4754 62.375 1.64889 6.5105 24.3189 0.399019 -13 571 1 0 1
1.67419 -3.81823 62.375 -0.453271 -7.60971 75.3832 0.0909607 -13 572 1 0 1
-5.1228 -0.950982 62.375 -7.40603 -4.39806 68.4648 2.19123 -13 573 1 0 1
-6.27507 15.6593 62.375 -6.74324 19.2127 57.6567 -0.684398 -13 574 1 0 1
2.10887 -2.01217 62.375 1.33693 -2.70489 69.6844 0.427927 -13 575 1 0 1
-0.531925 2.98511 62.375 -1.64025 0.101637 68.7016 -0.647227 -13 576 1 0 1
2.59863 -5.18265 62.375 2.48757 -2.7269 65.7433 -1.72054 -13 577 1 0 1
-4.4833 9.4929 62.375 -8.19021 13.453 71.652 2.18539 -13 578 1 0 1
7.07772 -11.1819 62.375 8.70829 -13.3237 61.1556 0.019545 -13 579 1 0 1
-9.36779 5.39119 62.375 -12.6326 9.01412 65.4911 1.73218 -13 580 1 0 1
7.66937 2.73982 62.375 9.21516 1.59788 62.145 0.335433 -13 581 1 0 1
11.3962 0.992642 62.375 11.6888 2.68039 47.9912 0.307184 -13 582 1 0 1
3.95557 0.172555 62.375 3.58567 -0.952414 71.3262 -0.199337 -13 583 1 0 1
5.97074 5.3652 62.375 6.5302 4.04453 64.3671 -0.500718 -13 584 1 0 1
-0.831972 -3.93669 62.375 -1.91015 -6.81575 65.1376 -1.79674 -13 585 1 0 1
3.03976 -7.84371 62.375 2.08471 -12.0508 71.1349 2.42663 -13 586 1 0 1
-5.59753 10.0016 62.375 -10.3535 16.3731 72.2841 0.607647 -13 587 1 0 1
5.58509 -0.537723 62.375 6.36306 1.23471 66.7438 -1.87042 -13 588 1 0 1
0.62146 3.29562 62.375 -0.699459 3.23514 70.4967 -1.00032 -13 589 1 0 1
-7.40236 -8.18591 62.375 -12.5985 -13.9407 72.8128 -0.620017 -13 590 1 0 1
-4.45683 -1.10459 62.375 -10.3453 0.483486 77.5339 2.81841 -13 591 1 0 1
-1.34126 -0.114549 62.375 -2.93565 -1.2719 71.4164 -2.36879 -13 592 1 0 1
2.23437 4.2843 62.375 3.02258 1.79379 64.2709 2.20224 -13 593 1 0 1
-7.45392 1.08421 62.375 -9.62737 -0.299913 63.0466 0.506018 -13 594 1 0 1
3.04382 -3.18022 62.375 3.36496 -1.83041 63.8424 0.847538 -13 595 1 0 1
-8.96109 -1.38716 62.375 -18.2609 -2.48509 77.6872 0.166192 -13 597 1 0 1
2.1349 -6.75079 62.375 -2.1381 -11.2828 80.7057 -1.48002 -13 598 1 0 1
-5.35113 -0.667829 62.375 -2.93443 -0.571855 46.7954 -1.24048 -13 599 1 0 1
-0.652999 -9.09986 62.375 0.873453 -8.96782 50.6779 0.870236 -13 600 1 0 1
3.48669 0.299199 62.375 4.07013 -0.0214562 59.5383 1.46818 -13 601 1 0 1
1.27489 -5.63325 62.375 1.69153 -6.5333 64.4338 0.907295 -13 602 1 0 1
-12.0349 -3.14483 62.375 -16.1813 -3.5891 66.368 -0.991176 -13 603 1 0 1
6.76856 -2.18026 62.375 8.36024 -3.18482 47.3693 0.494078 -13 604 1 0 1
-2.23945 -20.0619 62.375 -1.98119 -20.6073 57.3297 0.362875 -13 605 1 0 1
7.00425 -1.48393 62.375 7.55803 -1.87796 66.805 2.8966 -13 606 1 0 1
8.37723 8.49376 62.375 8.00635 15.2997 75.5033 -0.493181 -13 607 1 0 1
-9.37209 1.12086 62.375 -14.986 5.53281 71.7506 0.423979 -13 609 1 0 1
-4.20503 2.18729 62.375 -6.21387 7.41575 67.3669 -1.39229 -13 610 1 0 1
-3.08381 1.42676 62.375 -1.95106 -0.507026 54.1564 1.23293 -13 611 1 0 1
10.477 2.03585 62.375 11.5307 4.22894 56.1235 -1.92129 -13 612 1 0 1
9.88931 -8.31919 62.375 8.70715 -5.86857 38.3538 1.76462 -13 613 1 0 1
1.39994 -3.65454 62.375 1.8971 -6.62142 64.5192 -0.0105181 -13 614 1 0 1
-6.19721 -0.603134 62.375 -10.366 -4.16869 73.0557 1.09289 -13 615 1 0 1
4.16331 3.58072 62.375 2.35658 7.00594 78.1451 0.0541333 -13 616 1 0 1
1.54107 -7.57226 62.375 1.54851 -7.84545 63.7845 -0.394541 -13 617 1 0 1
-2.56472 18.4065 62.375 -2.55529 20.8333 56.2988 -0.699749 -13 618 1 0 1
9.92244 10.8783 62.375 10.5476 11.8487 50.1209 1.06984 -13 619 1 0 1
-2.24264 2.5744 62.375 -7.25149 3.36337 77.6377 -1.93704 -13 620 1 0 1
1.66662 -5.61467 62.375 2.44846 -3.29706 60.0345 0.994853 -13 621 1 0 1
8.26838 -22.7179 62.375 9.21603 -21.2111 54.9772 0.700959 -13 622 1 0 1
-0.285497 -1.29049 62.375 0.362915 1.31779 60.831 0.0174681 -13 623 1 0 1
4.69218 3.93995 62.375 5.94636 3.27342 65.2723 0.00549569 -13 624 1 0 1
-6.46691 11.593 62.375 -6.15814 9.86655 56.36 -0.512008 -13 625 1 0 1
4.56642 2.84831 62.375 4.07093 2.01307 70.8492 2.74441 -13 626 1 0 1
-6.96326 4.77745 62.375 -13.2159 11.1741 75.2077 0.861876 -13 627 1 0 1
6.84799 -5.48664 62.375 7.75651 -6.52769 72.2886 0.43389 -13 628 1 0 1
-1.39872 10.9326 62.375 -1.47177 14.8168 64.7959 0.50177 -13 629 1 0 1
-8.98197 6.4543 62.375 -10.8155 9.26 62.2005 0.979428 -13 630 1 0 1
0.549148 1.56598 62.375 2.01864 2.37873 59.1778 -0.329554 -13 631 1 0 1
-0.966613 -6.6885 62.375 -1.98078 -7.92398 66.7696 -1.20433 -13 632 1 0 1
-10.8945 19.0328 62.375 -11.5796 20.9077 56.6962 0.222289 -13 634 1 0 1
11.9625 -1.21136 62.375 12.8777 -0.0815774 51.3976 0.552885 -13 635 1 0 1
-6.29352 5.45922 62.375 -10.7874 10.3344 71.9675 -1.81212 -13 636 1 0 1
6.4729 0.266256 62.375 6.40473 -0.958611 72.2097 0.384864 -13 637 1 0 1
-3.94674 -12.2019 62.375 -0.883118 -6.58612 27.9673 0.608241 -13 638 1 0 1
4.87777 -7.56897 62.375 5.25469 -9.29809 65.7868 -1.65235 -13 639 1 0 1
5.15148 5.4783 62.375 5.13953 4.00343 39.1189 -1.72823 -13 640 1 0 1
9.72266 -7.8263 62.375 11.2228 -10.0302 61.2331 -0.995299 -13 641 1 0 1
2.2647 -7.90381 62.375 3.65822 -7.02023 57.6571 0.294943 -13 642 1 0 1
-0.052784 -12.7389 62.375 -1.80776 -17.121 69.6481 -0.0806027 -13 643 1 0 1
-5.73148 -9.45073 62.375 -4.45896 -9.96495 49.745 2.60857 -13 644 1 0 1
3.12112 -8.39611 62.375 4.22166 -8.32674 56.8025 1.33669 -13 645 1 0 1
-6.52093 2.68593 62.375 -11.3918 3.20411 71.5963 1.6406 -13 646 1 0 1
-10.6074 -2.34148 62.375 -19.5217 -1.78796 76.1414 -1.21505 -13 647 1 0 1
5.36762 0.41815 62.375 6.30162 1.36866 68.2102 0.176157 -13 649 1 0 1
-0.501085 -5.13953 62.375 -3.37021 -5.3222 73.6055 1.23344 -13 650 1 0 1
1.9783 2.38569 62.375 1.28916 2.58871 68.1845 0.775588 -13 651 1 0 1
-2.1462 -3.85907 62.375 -3.48685 -5.6738 65.8398 1.2856 -13 652 1 0 1
1.25006 -5.186 62.375 0.289245 -5.02663 68.4283 0.902864 -13 653 1 0 1
4.85566 -3.17588 62.375 6.45381 -2.25962 40.5068 -0.0189377 -13 654 1 0 1
-6.61291 -7.99003 62.375 -3.08813 -6.31561 34.3429 0.617734 -13 655 1 0 1
-8.92684 9.30616 62.375 -11.4272 13.2855 62.8494 0.179023 -13 656 1 0 1
-2.27518 -2.53027 62.375 -2.6993 -0.249124 61.4808 0.89603 -13 657 1 0 1
-2.01943 -7.65251 62.375 -4.27446 -7.14233 68.8906 2.49316 -13 659 1 0 1
0.413564 -4.3266 62.375 -0.430726 -4.74388 67.1133 -1.2354 -13 660 1 0 1
-1.87694 -2.04083 62.375 -6.52249 -6.6543 76.3055 1.88294 -13 661 1 0 1
-5.60922 3.41628 62.375 -5.55654 3.77863 57.8063 0.0244398 -13 662 1 0 1
5.62247 2.41102 62.375 6.92755 3.96923 57.4543 0.735925 -13 663 1 0 1
-2.57197 -7.08615 62.375 -5.58705 -8.49306 70.1753 1.99607 -13 664 1 0 1
-1.5406 -2.77062 62.375 -5.53823 -5.33494 76.7358 0.550988 -13 665 1 0 1
-8.94203 -0.270195 62.375 -9.90933 0.826779 61.0371 1.2601 -13 666 1 0 1
-0.174202 0.81958 62.375 0.00595864 1.60593 60.4814 -1.87275 -13 667 1 0 1
-3.86063 -7.23164 62.375 -1.44329 -5.66246 35.1235 1.15697 -13 668 1 0 1
1.39025 -10.7218 62.375 1.43983 -13.3965 67.0769 1.64906 -13 669 1 0 1
3.3201 -7.61089 62.375 2.51441 -9.59186 72.2925 0.28346 -13 670 1 0 1
9.55572 -9.97708 62.375 11.3233 -11.3548 61.8868 0.762516 -13 671 1 0 1
8.36233 8.41247 62.375 8.80809 8.41575 55.9884 1.85721 -13 672 1 0 1
-0.111231 19.5266 62.375 0.312555 20.0526 57.6079 0.633547 -13 673 1 0 1
10.4502 3.83341 62.375 11.3575 4.65039 61.93 1.13315 -13 674 1 0 1
-2.24768 -10.8395 62.375 -2.4867 -13.8776 62.0124 3.45192 -13 675 1 0 1
11.9573 4.5021 62.375 12.1278 5.5937 48.5285 0.158166 -13 676 1 0 1
11.3412 -1.01287 62.375 12.5656 -2.23342 65.8437 1.27613 -13 677 1 0 1
1.28853 5.0324 62.375 -0.0450421 11.6503 71.4556 1.80691 -13 678 1 0 1
-6.41777 10.4342 62.375 -9.11566 13.6794 66.2692 0.282125 -13 679 1 0 1
-5.30378 3.24061 62.375 -4.33023 2.12411 55.943 -0.589217 -13 680 1 0 1
-0.54373 -1.70471 62.375 -2.8648 -7.15576 73.2098 -2.97754 -13 681 1 0 1
-2.28085 -13.3335 62.375 0.0822653 -11.6095 32.3166 0.468075 -13 682 1 0 1
-1.08432 -5.5101 62.375 -1.08941 -5.81358 61.4355 0.0745602 -13 684 1 0 1
5.05793 7.91138 62.375 5.36713 10.7676 69.4077 0.684611 -13 686 1 0 1
5.65195 -0.769009 62.375 6.96607 0.769698 53.3522 1.99432 -13 687 1 0 1
-1.45018 4.68968 62.375 -2.46406 3.88315 66.5829 0.24684 -13 688 1 0 1
7.5007 -9.3757 62.375 9.05448 -12.2606 59.6374 1.29656 -13 690 1 0 1
2.32298 1.02156 62.375 2.10344 -1.01167 64.8641 -1.67091 -13 691 1 0 1
-3.17573 1.21556 62.375 -3.89665 -1.56949 62.2891 -0.657266 -13 692 1 0 1
5.07318 4.09629 62.375 5.76443 -0.450542 50.7193 2.15862 -13 693 1 0 1
0.812615 -8.10518 62.375 0.387809 -7.30871 64.9205 2.65423 -13 694 1 0 1
1.28634 6.6289 62.375 1.51922 8.32639 64.5573 0.641003 -13 696 1 0 1
-2.22701 4.62285 62.375 -5.35327 7.65537 70.5372 0.810337 -13 697 1 0 1
11.446 -8.44391 62.375 11.7085 -5.76965 43.4896 -0.336225 -13 699 1 0 1
1.42046 -3.21343 62.375 -0.255109 -4.2416 73.2304 1.66923 -13 700 1 0 1
3.77409 6.06012 62.375 3.82686 10.3697 69.8401 1.62132 -13 701 1 0 1
4.82629 0.76459 62.375 5.42701 1.05084 44.4344 1.69465 -13 702 1 0 1
-4.99025 4.3971 62.375 -12.0311 5.13118 78.9579 -1.95295 -13 703 1 0 1
7.47479 8.86891 62.375 9.11513 11.5316 56.2992 -0.150967 -13 704 1 0 1
1.09985 4.31221 62.375 2.41263 3.43649 53.7743 1.74446 -13 705 1 0 1
-2.84932 3.53364 62.375 -1.47449 3.99598 54.5846 -1.27357 -13 706 1 0 1
-0.123663 0.826868 62.375 -2.17607 5.17812 72.2451 3.59845 -13 707 1 0 1
-10.1399 -3.05652 62.375 -10.7072 -3.39055 58.447 0.826098 -13 708 1 0 1
-0.644223 -4.52528 62.375 -0.943586 -7.34554 65.5975 0.377081 -13 709 1 0 1
0.806959 -1.67495 62.375 2.61553 -3.34766 44.524 -0.594252 -13 710 1 0 1
4.4785 1.86391 62.375 5.38371 -0.130341 50.8204 0.0171657 -13 711 1 0 1
1.01076 -6.1231 62.375 -0.077027 -7.48193 69.1315 1.67624 -13 712 1 0 1
-1.0398 -5.89056 62.375 -6.78373 -10.9154 80.1527 0.275489 -13 713 1 0 1
0.718158 0.995963 62.375 2.074 -0.989491 49.8791 2.0013 -13 714 1 0 1
-2.08985 4.34806 62.375 -4.69582 7.4985 71.0294 -0.789834 -13 715 1 0 1
8.08962 7.98588 62.375 9.51429 7.38776 49.9326 1.57044 -13 716 1 0 1
-2.01919 -2.72519 62.375 -0.651809 -3.34832 52.844 2.12501 -13 717 1 0 1
-3.70966 0.840705 62.375 -7.13585 -0.564643 72.0307 1.22529 -13 718 1 0 1
3.21477 1.60363 62.375 2.57538 4.22337 71.9136 0.184766 -13 719 1 0 1
0.0429527 9.8382 62.375 -0.333177 12.3973 65.3584 2.38337 -13 720 1 0 1
6.01532 -8.84799 62.375 6.03646 -11.5904 71.0731 0.200076 -13 721 1 0 1
6.78231 -7.77832 62.375 8.06168 -9.04402 55.2047 -1.20315 -13 722 1 0 1
0.380186 -5.41614 62.375 0.41426 -4.20825 61.7518 -0.899256 -13 723 1 0 1
1.20047 9.05229 62.375 -0.517133 10.9889 72.1916 2.28833 -13 724 1 0 1
-4.28812 10.0467 62.375 -3.73312 9.21531 55.1711 0.0518752 -13 725 1 0 1
13.2515 -10.276 62.375 14.4767 -10.7299 52.717 -0.639696 -13 726 1 0 1
5.87531 2.45126 62.375 6.26775 2.46657 44.6588 2.31273 -13 727 1 0 1
5.7347 21.4217 62.375 5.54972 17.6 40.1906 0.0856319 -13 728 1 0 1
4.14673 -4.64355 62.375 2.35036 -5.85691 76.261 -1.54729 -13 729 1 0 1
-4.64647 -12.1574 62.375 -1.08629 -7.06471 35.9557 0.240536 -13 730 1 0 1
-2.18557 -3.83888 62.375 -4.41658 -3.8581 70.4414 -0.954214 -13 731 1 0 1
-3.20843 7.54913 62.375 -4.91154 8.05783 68.5669 2.301 -13 732 1 0 1
-6.12482 0.69945 62.375 -3.62991 -1.45919 46.5349 -0.055874 -13 733 1 0 1
3.44862 3.05967 62.375 3.24755 -2.82524 71.4949 2.53283 -13 734 1 0 1
3.47762 6.11966 62.375 4.48699 5.46107 47.1766 0.154392 -13 736 1 0 1
-2.87324 7.71901 62.375 -2.95337 8.30915 62.816 2.36758 -13 737 1 0 1
-0.672553 -1.6446 62.375 -0.514712 -0.284463 57.7435 1.84858 -13 738 1 0 1
4.49549 -2.68588 62.375 5.46962 -1.13966 59.2748 -0.834766 -13 739 1 0 1
-4.40337 1.14688 62.375 -8.40593 1.17945 72.7854 1.05781 -13 740 1 0 1
-12.1791 1.16827 62.375 -8.17813 1.90739 42.7782 -1.83756 -13 742 1 0 1
-1.84101 3.0116 62.375 -3.97842 5.64294 71.9364 1.60983 -13 743 1 0 1
-3.96741 6.81672 62.375 -3.21355 5.52147 55.6722 0.585365 -13 744 1 0 1
9.3708 8.48547 62.375 9.8747 10.6429 71.7889 2.23667 -13 745 1 0 1
-1.7196 -4.86282 62.375 -3.38537 -6.35799 68.2881 -1.5312 -13 746 1 0 1
1.40699 -2.35826 62.375 0.953236 -2.75218 68.0531 0.465228 -13 747 1 0 1
-6.67329 1.12266 62.375 -4.50964 1.96889 48.9976 -1.46351 -13 748 1 0 1
4.46501 -5.12128 62.375 3.6063 -7.3548 72.9837 1.40316 -13 749 1 0 1
-0.097745 7.23762 62.375 -0.00305934 3.39502 64.0424 1.00436 -13 750 1 0 1
-3.33479 8.03131 62.375 -2.169 9.17331 52.497 0.348607 -13 751 1 0 1
-1.51984 9.11491 62.375 -2.52503 13.8595 66.648 -0.194183 -13 752 1 0 1
-1.62973 2.61467 62.375 -1.75882 0.921222 64.3822 -0.742758 -13 753 1 0 1
-6.26818 -1.66907 62.375 -9.38587 -0.899764 69.7934 0.595052 -13 754 1 0 1
1.71473 -1.55053 62.375 -0.616227 -3.23665 75.7734 -1.15953 -13 755 1 0 1
5.88359 5.37377 62.375 6.41556 9.72192 67.9226 -0.751841 -13 756 1 0 1
11.7569 -5.97031 62.375 13.1128 -4.98238 52.0567 -0.783233 -13 757 1 0 1
1.41381 -3.10448 62.375 3.24465 -6.1373 56.5526 0.670657 -13 758 1 0 1
5.56528 -13.6907 62.375 6.03863 -16.8845 61.127 1.45458 -13 759 1 0 1
2.91237 -2.54735 62.375 4.19778 -3.17984 54.9554 0.520022 -13 760 1 0 1
2.15746 -6.78244 62.375 2.64912 -6.27958 59.4522 0.997426 -13 761 1 0 1
-11.0022 3.20011 62.375 -6.2754 3.6538 35.2119 -0.516863 -13 762 1 0 1
10.6173 3.67774 62.375 11.8541 6.7407 59.8855 1.57418 -13 763 1 0 1
4.27827 1.86603 62.375 4.12494 3.15146 70.589 -2.31347 -13 764 1 0 1
-1.82233 -4.42781 62.375 -1.69898 -6.27613 64.9007 -0.261698 -13 765 1 0 1
7.37221 15.4893 62.375 5.71514 8.83898 28.4852 -0.648904 -13 766 1 0 1
2.51214 -1.99399 62.375 3.35929 -3.11954 58.9818 -0.139692 -13 767 1 0 1
7.22329 -16.6722 62.375 8.23066 -20.6096 65.093 0.917647 -13 768 1 0 1
3.25636 1.1955 62.375 4.40628 -0.811563 40.0729 0.51182 -13 769 1 0 1
-5.16557 -1.7743 62.375 -8.07204 -8.05089 70.4394 -0.766628 -13 770 1 0 1
2.18519 -16.5451 62.375 3.3812 -12.7506 37.7777 -0.264327 -13 771 1 0 1
5.28254 1.8237 62.375 6.94106 1.00845 55.7628 0.137483 -13 772 1 0 1
7.48376 0.0113176 62.375 7.04139 0.697704 76.7218 0.779443 -13 773 1 0 1
-5.92018 -3.01441 62.375 -5.61568 -1.8578 58.3271 1.2519 -13 774 1 0 1
12.6886 -2.96805 62.375 14.7677 -4.98652 59.9341 0.227889 -13 775 1 0 1
-3.1948 5.47341 62.375 -2.23058 6.13105 55.2638 2.8418 -13 776 1 0 1
-4.68754 -4.90662 62.375 -6.96722 -7.59799 67.2686 0.254197 -13 777 1 0 1
-1.36177 7.73442 62.375 0.238132 9.06887 45.9844 2.94263 -13 778 1 0 1
-9.88207 -3.00611 62.375 -13.4988 -3.55644 67.0561 1.9743 -13 779 1 0 1
4.96859 -0.471439 62.375 6.43351 -0.15944 67.6353 -0.624288 -13 780 1 0 1
-2.73553 2.77239 62.375 -3.84439 1.90692 66.1655 0.173897 -13 781 1 0 1
-4.59776 -5.46027 62.375 -5.79643 -6.45458 63.0541 0.802476 -13 782 1 0 1
8.26501 -4.57728 62.375 9.79754 -4.15934 58.6301 1.2871 -13 783 1 0 1
-10.0284 -14.4454 62.375 -12.2696 -19.2945 62.8211 -0.572642 -13 784 1 0 1
-8.06503 -1.23712 62.375 -15.5319 -6.53098 76.4442 0.0670336 -13 785 1 0 1
11.1697 3.76677 62.375 11.3623 2.19493 46.7868 -0.678781 -13 787 1 0 1
-10.6611 0.758254 62.375 -12.2125 -0.205335 60.8288 -0.63164 -13 788 1 0 1
8.03151 0.291326 62.375 9.09381 -2.69631 70.7238 0.71122 -13 789 1 0 1
2.18999 -2.17867 62.375 2.40068 -5.23822 60.2874 2.30741 -13 790 1 0 1
4.9388 -9.0109 62.375 5.57744 -13.6412 67.34 -1.13591 -13 791 1 0 1
-2.97162 -1.18016 62.375 -4.08761 -1.14573 66.9291 2.47391 -13 792 1 0 1
4.80953 -0.0963925 62.375 5.7909 -1.72185 53.1324 2.10395 -13 793 1 0 1
3.57325 -8.49592 62.375 3.78983 -9.51759 69.1299 0.565463 -13 794 1 0 1
-7.01281 -8.60716 62.375 -7.07122 -9.83222 55.8893 -2.0929 -13 795 1 0 1
-7.00717 1.44603 62.375 -6.62804 1.31281 58.6431 0.200578 -13 796 1 0 1
-0.388203 0.503296 62.375 1.33715 -1.81119 48.3425 -0.488091 -13 797 1 0 1
0.634984 12.0823 62.375 -2.15421 17.5813 73.7201 2.27101 -13 798 1 0 1
0.125267 4.64361 62.375 0.0361353 4.64519 63.5818 1.19981 -13 799 1 0 1
-9.33979 4.05964 62.375 -10.0288 6.56104 59.0042 1.49853 -13 800 1 0 1
7.52 3.78994 62.375 9.25717 1.2644 68.8157 2.5078 -13 801 1 0 1
-1.00783 -5.19486 62.375 -1.84267 -8.37567 66.3088 -0.997951 -13 802 1 0 1
3.16248 0.188987 62.375 1.1604 4.32025 75.8772 -1.42041 -13 803 1 0 1
13.5265 0.608376 62.375 13.7909 1.14029 49.3338 -0.160096 -13 804 1 0 1
-0.851286 -0.878969 62.375 0.740186 -0.268697 23.8354 0.227803 -13 805 1 0 1
2.4371 -1.36085 62.375 3.44983 -2.10168 56.6147 1.2992 -13 806 1 0 1
-4.98813 -8.7985 62.375 -6.3976 -9.53439 66.1099 0.677657 -13 807 1 0 1
-6.8745 0.651916 62.375 -8.60853 0.604127 64.7843 -0.267007 -13 809 1 0 1
-3.01654 -1.53327 62.375 -7.67098 -3.9019 76.6921 -0.409138 -13 810 1 0 1
1.65728 1.24584 62.375 1.3008 3.18677 70.6372 0.0607473 -13 811 1 0 1
-8.45884 -6.28048 62.375 -4.72842 -3.5949 39.2568 2.35402 -13 812 1 0 1
6.05866 7.91872 62.375 7.15529 10.0571 56.1848 1.07173 -13 813 1 0 1
-0.333876 -0.465533 62.375 -0.0551366 1.74913 62.6884 1.00199 -13 814 1 0 1
5.94392 5.79287 62.375 7.22315 6.65648 55.1655 -1.74522 -13 815 1 0 1
2.07504 -2.39327 62.375 -0.855584 -3.35225 77.0577 1.7514 -13 816 1 0 1
1.00222 -0.777094 62.375 3.07059 -0.432782 39.7169 -1.29297 -13 817 1 0 1
3.67061 -8.36981 62.375 5.03592 -9.23684 48.7398 0.225956 -13 820 1 0 1
-3.04711 -3.56172 62.375 -1.76158 -1.54629 52.8402 -1.42995 -13 821 1 0 1
-4.15453 4.19511 62.375 -13.158 2.65095 80.3805 0.884397 -13 822 1 0 1
4.51025 -0.217377 62.375 6.13449 -1.7441 57.0633 0.211268 -13 823 1 0 1
-3.64678 -4.23041 62.375 -4.50082 -5.28573 61.206 0.563992 -13 825 1 0 1
2.03843 4.55708 62.375 1.63569 8.05707 66.7864 -1.12 -13 826 1 0 1
1.96483 -9.17444 62.375 2.48521 -12.5267 62.2534 2.94627 -13 827 1 0 1
2.00487 0.959344 62.375 2.78955 -0.85681 65.009 -2.18311 -13 828 1 0 1
10.2565 -18.1658 62.375 9.75506 -17.1453 47.436 1.13403 -13 829 1 0 1
2.06658 -7.3883 62.375 2.24197 -9.63262 64.3342 0.114047 -13 830 1 0 1
3.47948 -1.53927 62.375 3.65114 -3.55705 65.8202 2.25719 -13 831 1 0 1
-0.782131 -6.35861 62.375 0.301617 -7.37136 55.7715 0.661883 -13 832 1 0 1
-1.30112 -2.80928 62.375 -1.61843 -3.64259 62.0346 0.653968 -13 833 1 0 1
-1.75328 -8.33576 62.375 -1.40945 -7.97997 60.5398 0.0563111 -13 834 1 0 1
-1.97851 -9.30552 62.375 -7.37766 -14.8807 77.0272 -0.688873 -13 835 1 0 1
6.14756 9.49289 62.375 6.41266 12.78 65.2445 0.160569 -13 836 1 0 1
10.124 -12.6604 62.375 11.5944 -12.3841 65.52 1.31164 -13 837 1 0 1
4.97629 4.39165 62.375 4.77455 3.01736 71.7143 -1.06454 -13 838 1 0 1
-0.0680349 -7.9341 62.375 1.22856 -6.54027 55.5427 -0.108768 -13 839 1 0 1
-6.75036 5.50076 62.375 -7.44515 5.61659 59.9662 2.71656 -13 840 1 0 1
-2.88989 7.54104 62.375 -2.40043 6.53697 58.6392 -1.53496 -13 841 1 0 1
-2.36738 -2.18279 62.375 -5.48673 -2.04312 73.4329 -0.714488 -13 842 1 0 1
-2.2147 -7.65244 62.375 -6.08434 -14.8363 73.2781 0.747733 -13 843 1 0 1
-5.85494 10.0981 62.375 -5.76963 11.2425 58.273 1.18516 -13 844 1 0 1
4.24717 -1.26946 62.375 5.31663 0.00657624 60.2196 1.26879 -13 845 1 0 1
9.80993 -13.4021 62.375 8.04814 -8.33707 36.6166 0.857803 -13 846 1 0 1
6.77858 -9.26218 62.375 8.13501 -5.98047 57.7963 -0.873151 -13 847 1 0 1
-5.59942 -0.0557968 62.375 -5.03195 -1.99249 55.4564 -0.504636 -13 848 1 0 1
-8.99173 -3.65188 62.375 -8.19321 -2.66725 53.4478 -1.69294 -13 849 1 0 1
9.93741 -9.93578 62.375 11.2845 -12.3021 67.3133 -0.606597 -13 850 1 0 1
-3.68603 5.79564 62.375 -3.52966 5.19653 59.7589 -0.18702 -13 851 1 0 1
7.15798 -1.47682 62.375 6.39162 -1.46679 75.6427 0.764116 -13 852 1 0 1
0.262036 3.69376 62.375 0.584839 4.41063 62.09 1.36811 -13 853 1 0 1
-1.31528 0.223842 62.375 -3.74236 -2.91646 69.4803 -0.55389 -13 854 1 0 1
-4.05006 8.2542 62.375 -4.45307 9.80575 61.7038 0.406182 -13 855 1 0 1
-9.78384 -0.857258 62.375 -10.4986 -4.64076 57.8346 0.624072 -13 856 1 0 1
1.81388 -3.20045 62.375 2.11442 -0.263413 66.0638 -0.59663 -13 857 1 0 1
-15.6671 3.93192 62.375 -18.5328 11.033 46.8168 -2.11261 -13 858 1 0 1
-0.119796 -1.86642 62.375 1.46668 -0.802734 55.433 1.89138 -13 859 1 0 1
-2.5807 2.77958 62.375 -4.04174 3.88081 67.8467 1.59455 -13 860 1 0 1
-0.188297 -4.18013 62.375 -3.45856 -6.77063 77.0051 -1.56299 -13 861 1 0 1
-0.269974 3.74228 62.375 -0.437169 5.82344 63.8997 0.198543 -13 862 1 0 1
-11.8436 -7.73336 62.375 -13.078 -7.63682 58.3645 0.497373 -13 863 1 0 1
-1.59861 0.525835 62.375 -1.5241 1.44984 62.6864 -0.325528 -13 864 1 0 1
-3.38074 -5.24315 62.375 -2.55327 -3.59837 55.3782 2.08786 -13 865 1 0 1
3.06112 10.2252 62.375 3.91402 13.0407 55.9497 0.247585 -13 866 1 0 1
3.95987 3.13291 62.375 2.75129 2.80679 74.956 -0.390485 -13 867 1 0 1
-2.04655 1.611 62.375 -7.48399 0.4676 78.4194 -1.37459 -13 868 1 0 1
0.412406 -3.98344 62.375 0.704913 -5.97436 60.0246 1.04542 -13 870 1 0 1
2.41927 -13.2886 62.375 2.29636 -17.3446 64.8202 -0.904563 -13 871 1 0 1
-2.8581 -2.85337 62.375 -4.43992 -2.36874 67.6189 -0.851458 -13 872 1 0 1
4.34227 -0.0601524 62.375 4.1991 -1.97646 71.8039 -0.810408 -13 873 1 0 1
-2.62681 6.20726 62.375 -4.18286 8.37084 66.7523 2.85839 -13 874 1 0 1
-4.31975 -4.29783 62.375 -5.15339 -5.99123 62.7966 0.496279 -13 875 1 0 1
4.55191 6.31527 62.375 3.41511 7.88585 74.9031 0.260511 -13 876 1 0 1
3.32835 6.92549 62.375 3.73781 13.2638 68.3206 -1.73311 -13 877 1 0 1
1.11818 7.02977 62.375 -0.899214 12.4404 72.7092 -3.44304 -13 878 1 0 1
-7.273 4.08484 62.375 -5.26584 3.2061 51.4326 1.46191 -13 879 1 0 1
5.0805 -5.2225 62.375 5.85876 -7.39684 68.293 1.08219 -13 880 1 0 1
2.35954 -5.6426 62.375 3.36727 -6.13356 56.8148 2.11524 -13 881 1 0 1
10.234 14.1427 62.375 11.1561 19.3775 72.7537 -0.298172 -13 882 1 0 1
10.7719 12.9949 62.375 11.6148 17.1198 62.4168 -0.0705882 -13 883 1 0 1
12.1639 4.32705 62.375 10.6428 3.89498 36.1299 0.184132 -13 885 1 0 1
4.21764 -0.474974 62.375 1.72687 -5.38241 79.714 2.57907 -13 886 1 0 1
-12.44 2.34068 62.375 -17.9426 2.34278 68.3215 0.769341 -13 887 1 0 1
-0.217467 5.16475 62.375 1.18387 3.48701 55.4521 0.322125 -13 888 1 0 1
-1.867 -3.81725 62.375 -1.17515 -3.62315 57.454 -0.351902 -13 889 1 0 1
6.27684 -11.2452 62.375 6.88602 -15.0944 67.3051 -0.89351 -13 890 1 0 1
2.40426 -1.7639 62.375 3.21056 -0.759896 35.0787 -0.76454 -13 891 1 0 1
-4.85014 -7.09999 62.375 -8.13789 -6.37954 70.9936 0.677609 -13 892 1 0 1
-9.50675 0.511511 62.375 -9.51594 2.16267 58.5202 -1.40242 -13 893 1 0 1
6.98161 -3.53329 62.375 6.93547 -4.10946 76.0561 0.200041 -13 894 1 0 1
-10.0665 9.0197 62.375 -16.5268 18.5384 70.2243 1.75767 -13 895 1 0 1
-4.54031 10.9302 62.375 -6.85767 15.3286 68.0178 -1.43837 -13 896 1 0 1
-1.94851 -5.23801 62.375 -0.926624 -4.76677 49.2305 -1.48154 -13 897 1 0 1
1.95995 -1.71103 62.375 2.69056 -0.912858 55.6781 -0.431629 -13 898 1 0 1
11.4897 2.14217 62.375 13.5374 4.03623 60.4309 -0.0351021 -13 899 1 0 1
3.58633 1.23402 62.375 3.50969 -1.04051 68.5779 0.807846 -13 901 1 0 1
10.1045 -1.98562 62.375 11.4794 -3.7973 54.1468 0.825693 -13 902 1 0 1
0.291434 -11.4163 62.375 -2.61152 -11.2478 74.651 1.37234 -13 903 1 0 1
3.98437 -0.811485 62.375 4.69311 -3.1408 58.7872 2.18247 -13 904 1 0 1
-9.6681 2.55613 62.375 -18.3129 5.08611 76.8039 0.346511 -13 905 1 0 1
-10.507 -4.58585 62.375 -9.61084 -4.12084 54.5197 1.52475 -13 906 1 0 1
1.78161 9.0341 62.375 1.31569 9.48104 67.6886 0.530963 -13 907 1 0 1
-5.46335 -7.08513 62.375 -2.37436 -5.07548 37.4887 0.529972 -13 908 1 0 1
-0.167771 -4.17975 62.375 -3.04212 -3.42755 73.6688 0.893301 -13 909 1 0 1
-1.64459 -3.77894 62.375 -3.76417 -5.45129 70.4407 0.0488045 -13 910 1 0 1
-0.980469 19.6134 62.375 0.328862 15.9963 40.0377 -0.297752 -13 911 1 0 1
4.5983 13.3456 62.375 4.71011 11.3442 54.6938 -0.548981 -13 912 1 0 1
-0.0180653 6.4053 62.375 -6.20438 13.7233 78.8308 1.50303 -13 913 1 0 1
-14.2397 3.87073 62.375 -19.9332 8.83043 68.3382 1.21194 -13 914 1 0 1
4.05001 -8.20481 62.375 4.90433 -8.19449 61.317 -0.627171 -13 915 1 0 1
-9.45957 0.823036 62.375 -20.5352 2.60902 77.5588 4.50899 -13 916 1 0 1
-2.73948 8.89024 62.375 -0.260558 8.12751 41.0562 0.0867629 -13 917 1 0 1
-8.91511 6.77603 62.375 -14.1481 9.10843 70.7479 2.24062 -13 918 1 0 1
-2.62233 3.53229 62.375 -3.63881 2.7612 66.4135 -0.386358 -13 919 1 0 1
-4.32886 -2.55121 62.375 -10.7911 -1.27698 78.8956 0.646489 -13 920 1 0 1
6.99954 -0.056575 62.375 6.09175 -2.4954 34.0399 0.720361 -13 921 1 0 1
-4.4696 -8.89428 62.375 -12.1211 -12.3549 79.318 2.63767 -13 922 1 0 1
-5.62462 -0.356046 62.375 -5.77705 -0.569173 58.8583 0.0801392 -13 923 1 0 1
-0.728001 3.25271 62.375 -1.90693 2.49146 68.4736 -0.832532 -13 924 1 0 1
-0.238644 6.31531 62.375 -0.46457 8.08049 62.7815 0.595825 -13 925 1 0 1
-2.95196 4.62545 62.375 -7.98154 5.21641 77.0158 1.5718 -13 926 1 0 1
-1.96771 -3.53874 62.375 -2.37484 -1.64218 67.8944 0.765721 -13 927 1 0 1
2.85291 -3.40027 62.375 3.97431 -4.59286 58.0508 0.00548445 -13 928 1 0 1
-1.38094 1.25049 62.375 -3.067 1.51333 70.3795 1.54462 -13 930 1 0 1
7.7368 -0.514855 62.375 8.89598 -2.74931 62.7564 2.21962 -13 931 1 0 1
-3.15191 -5.94484 62.375 -1.92887 -6.41627 52.5859 2.13858 -13 932 1 0 1
5.21469 8.46805 62.375 5.47145 13.073 68.0757 1.24391 -13 933 1 0 1
-3.63508 3.89289 62.375 -7.91296 6.73764 74.0442 -0.352647 -13 934 1 0 1
-11.7228 2.55308 62.375 -12.7036 2.59365 57.7538 1.17852 -13 935 1 0 1
10.8554 -2.40219 62.375 13.1719 0.0516277 59.9337 0.264876 -13 936 1 0 1
-1.35434 -4.684 62.375 -4.49944 -3.51273 73.2667 -0.0109832 -13 938 1 0 1
0.203785 -2.98997 62.375 1.10583 -3.41824 61.324 -0.32082 -13 939 1 0 1
-1.26607 2.02075 62.375 -0.93851 3.6659 60.5605 0.190971 -13 940 1 0 1
-3.72267 3.7006 62.375 -5.14289 6.77978 66.4908 0.431278 -13 941 1 0 1
9.36828 -1.52935 62.375 10.2549 -2.18481 71.6835 0.758052 -13 942 1 0 1
4.38707 -3.09085 62.375 4.57449 -2.92597 67.8716 1.63048 -13 943 1 0 1
-2.95049 1.1424 62.375 -1.44508 3.70321 52.4738 -0.18103 -13 944 1 0 1
-1.08411 13.1471 62.375 -3.41488 19.8318 69.8236 1.09943 -13 945 1 0 1
-1.34682 6.35096 62.375 0.240361 5.57411 45.1467 -0.461805 -13 946 1 0 1
6.2288 -0.616689 62.375 7.34991 1.37066 65.036 -0.958026 -13 947 1 0 1
8.09121 -5.73673 62.375 8.81179 -4.16346 50.3584 1.56181 -13 948 1 0 1
-7.88055 -3.55645 62.375 -6.32851 -3.57236 54.06 0.656785 -13 949 1 0 1
-2.51361 4.95143 62.375 -3.13431 4.88317 65.8619 0.284542 -13 950 1 0 1
5.08978 -4.39373 62.375 6.18171 -5.08622 59.2602 2.90242 -13 952 1 0 1
2.64341 -4.19118 62.375 2.83627 -5.46603 59.6313 0.50015 -13 953 1 0 1
0.384685 -15.5197 62.375 1.46983 -15.9053 54.4433 0.0232938 -13 954 1 0 1
3.78422 -2.58438 62.375 4.3493 -6.35484 60.8376 0.775587 -13 955 1 0 1
-2.84541 4.37466 62.375 -2.07995 2.43886 54.6059 0.159611 -13 956 1 0 1
-8.23997 -3.64344 62.375 -8.22299 -6.26536 57.271 -0.773767 -13 957 1 0 1
-5.48635 -0.0465328 62.375 -16.0003 -1.3411 79.1496 -0.589633 -13 958 1 0 1
10.1913 -5.03259 62.375 11.6379 -6.57739 61.3051 0.639329 -13 959 1 0 1
-4.62155 -1.43157 62.375 -9.08563 -3.05184 73.6031 -1.80042 -13 960 1 0 1
4.11101 -6.50541 62.375 5.83924 -5.44565 55.273 0.442529 -13 961 1 0 1
6.75749 -2.82002 62.375 6.53373 -2.12231 35.2418 1.06982 -13 962 1 0 1
11.2 -0.485165 62.375 12.7913 -5.67397 67.108 2.21749 -13 963 1 0 1
-0.835413 1.87482 62.375 -0.375472 1.1646 62.5305 2.18403 -13 964 1 0 1
-2.27697 -6.816 62.375 -3.21738 -9.44711 64.3434 1.64957 -13 965 1 0 1
-7.99225 -4.31866 62.375 -6.99651 -1.94311 53.7067 2.56936 -13 966 1 0 1
6.36922 1.02218 62.375 8.10073 2.19562 53.8931 0.837841 -13 967 1 0 1
2.54773 -5.45669 62.375 4.34186 -6.08791 50.1901 0.863437 -13 969 1 0 1
6.07009 -5.69044 62.375 6.94683 -8.32534 64.234 0.17084 -13 970 1 0 1
2.93064 1.51685 62.375 3.21049 4.92804 68.0551 -0.90448 -13 971 1 0 1
-3.61106 10.5357 62.375 -0.492972 7.71407 31.01 -0.503245 -13 972 1 0 1
-3.70969 0.544557 62.375 -1.05615 1.34249 33.7239 -0.387638 -13 973 1 0 1
-3.33226 3.86374 62.375 -5.19238 5.37129 69.107 -0.375257 -13 974 1 0 1
-4.7622 -2.30406 62.375 -8.83628 1.09558 74.2235 1.89164 -13 975 1 0 1
-3.3756 -11.0455 62.375 -3.72491 -11.3903 61.1329 0.64246 -13 977 1 0 1
-4.77147 -1.30439 62.375 -8.5292 -3.26393 71.0398 -1.17882 -13 979 1 0 1
-8.00404 -0.91201 62.375 -8.37688 -1.72 59.2194 -1.13058 -13 980 1 0 1
-3.80687 -7.86016 62.375 -4.95393 -11.6803 62.1731 -0.408528 -13 981 1 0 1
3.18212 8.48654 62.375 3.89342 8.69275 64.3189 -0.40141 -13 982 1 0 1
1.22207 -0.192714 62.375 -0.436302 4.07447 73.3828 -0.0740248 -13 983 1 0 1
4.16646 5.45583 62.375 5.35645 6.72735 59.9842 1.16517 -13 985 1 0 1
-6.12053 -4.45496 62.375 -6.90986 -4.43626 61.0857 -0.0248542 -13 986 1 0 1
2.81168 -13.2729 62.375 3.35073 -16.003 59.9984 0.723974 -13 987 1 0 1
-7.60738 18.111 62.375 -2.43669 7.57922 23.0946 0.551065 -13 988 1 0 1
2.29488 -5.76238 62.375 2.04356 -6.45251 69.8519 1.33076 -13 989 1 0 1
-1.06358 -3.02656 62.375 -2.52188 -7.37946 69.7706 0.543649 -13 990 1 0 1
-5.82305 8.47489 62.375 -4.14364 6.40082 51.1947 -1.89337 -13 991 1 0 1
-8.0445 6.6277 62.375 -4.42209 4.65944 41.8217 1.23567 -13 992 1 0 1
4.04282 -6.27496 62.375 6.12914 -5.43797 50.0631 1.96288 -13 993 1 0 1
14.6767 -27.2799 62.375 12.8045 -20.3953 43.365 -0.393002 -13 994 1 0 1
6.44452 2.42492 62.375 7.68565 3.70262 64.0718 -1.52167 -13 995 1 0 1
-5.49994 0.325522 62.375 -8.21356 0.119771 68.5027 0.477004 -13 996 1 0 1
-2.06863 2.99581 62.375 -0.550324 3.02952 48.2958 2.75305 -13 997 1 0 1
-1.11465 -14.9492 62.375 0.798144 -5.81483 17.2082 1.34048 -13 998 1 0 1
6.99193 -1.8109 62.375 8.25856 -1.41801 56.5227 0.281779 -13 999 1 0 1
-3.72994 -5.1571 62.375 -2.05395 -4.76405 47.8149 -0.200194 -13 1000 1 0 1
