#BLTrackFile NTuple/Z40
#x y z Px Py Pz t PDGid EventID TrackID ParentID Weight
#mm mm mm MeV/c MeV/c MeV/c ns - - - - -
-1.01872 -4.28753 40.4558 -4.60365 -7.21756 72.9323 -0.951459 -13 1 1 0 1
6.73474 3.60589 40.4558 9.75381 -1.67222 80.4494 0.157026 -13 2 1 0 1
1.51468 -0.86356 40.4558 1.62608 -2.45471 71.785 1.10471 -13 3 1 0 1
-2.10767 -2.77687 40.4558 -10.5544 -2.34041 77.9275 0.553061 -13 4 1 0 1
-4.65405 1.36872 40.4558 -6.37337 -0.707744 61.293 0.709625 -13 5 1 0 1
0.0623936 -1.47236 40.4558 -2.58172 -0.761879 75.5046 -0.572184 -13 6 1 0 1
0.860074 -2.95436 40.4558 4.96542 -4.46452 61.5813 -0.672911 -13 7 1 0 1
-6.29077 1.13121 40.4558 -5.2953 6.78126 47.2094 0.17411 -13 8 1 0 1
4.91765 4.50414 40.4558 11.4298 10.3567 62.8512 1.32242 -13 9 1 0 1
3.03407 -2.97976 40.4558 8.51437 -3.47205 66.6644 0.902275 -13 10 1 0 1
4.46708 4.56337 40.4558 8.2794 9.54402 71.5859 -0.312866 -13 11 1 0 1
-1.72476 -3.67143 40.4558 -0.554542 -9.7633 60.9868 1.90302 -13 12 1 0 1
6.03733 5.1457 40.4558 12.0647 5.5138 38.3846 -0.595339 -13 13 1 0 1
7.18416 -4.7052 40.4558 15.7241 -5.28111 66.6798 -1.31485 -13 14 1 0 1
3.76401 -4.35244 40.4558 9.3961 -8.75047 66.9123 1.69268 -13 15 1 0 1
14.0764 -10.3129 40.4558 25.2966 -19.4022 52.3413 2.37852 -13 16 1 0 1
-0.509745 4.51739 40.4558 0.705471 11.7807 64.0637 -0.440391 -13 17 1 0 1
-2.91845 -3.62708 40.4558 -0.494692 -8.64994 52.7275 1.63215 -13 18 1 0 1
-5.36057 2.2778 40.4558 -11.2954 7.01138 65.1401 0.338886 -13 19 1 0 1
2.42232 -4.74237 40.4558 6.57971 -8.71437 64.2472 3.16994 -13 20 1 0 1
-1.99167 0.559953 40.4558 0.476725 5.9575 57.3478 -0.964062 -13 22 1 0 1
-3.66534 9.33864 40.4558 -0.108841 12.6213 43.5787 0.753936 -13 23 1 0 1
-4.91642 5.19352 40.4558 -5.008 9.53521 54.6856 0.924709 -13 24 1 0 1
4.59765 -1.09455 40.4558 9.40665 1.89799 70.5527 0.508613 -13 25 1 0 1
1.37839 1.26324 40.4558 3.94022 3.58256 68.6359 0.0878431 -13 26 1 0 1
1.8447 -3.25456 40.4558 4.86227 -0.0545626 66.7784 1.67844 -13 27 1 0 1
5.45183 -4.45106 40.4558 10.5557 -10.0621 72.9793 0.474861 -13 28 1 0 1
-0.205803 1.32792 40.4558 -0.120021 6.67531 67.1272 1.23546 -13 30 1 0 1
1.22181 0.238679 40.4558 0.907263 3.05388 72.1959 -0.0560198 -13 31 1 0 1
-1.90257 1.47825 40.4558 -1.3702 3.40898 62.8838 -0.264744 -13 32 1 0 1
1.21826 -3.12094 40.4558 5.59439 -1.36056 26.0515 1.26738 -13 33 1 0 1
-3.92492 -1.49941 40.4558 -7.53094 -0.305623 66.4538 -0.391036 -13 34 1 0 1
-7.06781 -6.78365 40.4558 -17.594 -13.0039 70.5586 2.41241 -13 35 1 0 1
1.40321 0.62958 40.4558 4.49533 6.72168 66.4344 -0.884959 -13 36 1 0 1
2.89495 -2.22482 40.4558 2.28822 -8.85328 79.9342 -1.24319 -13 37 1 0 1
1.48827 -4.80716 40.4558 5.7212 -11.6369 60.0807 1.68082 -13 38 1 0 1
7.43384 -1.6381 40.4558 6.30331 -1.97346 11.4531 -0.941852 -13 39 1 0 1
-1.63542 4.03236 40.4558 0.160413 7.00526 52.298 1.00012 -13 40 1 0 1
6.8647 7.47786 40.4558 15.3632 12.9105 60.4706 0.0735488 -13 41 1 0 1
0.40802 1.22833 40.4558 0.641543 -1.69133 68.5058 1.47071 -13 42 1 0 1
-1.20812 -1.18245 40.4558 -11.4017 -3.62298 79.122 0.521573 -13 43 1 0 1
2.36179 1.62442 40.4558 8.45693 1.31839 56.3551 0.875029 -13 44 1 0 1
2.39904 -3.63868 40.4558 4.69715 -7.78885 68.0186 0.616155 -13 46 1 0 1
1.72803 6.9932 40.4558 5.62868 8.64014 59.9321 1.15324 -13 47 1 0 1
-1.52881 1.42652 40.4558 -3.34142 8.85121 66.3883 0.914646 -13 48 1 0 1
2.85421 -5.30104 40.4558 5.76823 -20.1043 68.0675 -0.332955 -13 49 1 0 1
2.90547 -2.70939 40.4558 9.98261 -2.5349 42.9382 -0.405447 -13 50 1 0 1
3.79782 3.79389 40.4558 6.16082 4.4959 72.731 -0.087318 -13 51 1 0 1
-1.2184 5.76655 40.4558 1.9178 11.8768 55.6664 0.31068 -13 52 1 0 1
3.83522 3.30584 40.4558 11.6038 4.26499 56.2301 -2.12539 -13 53 1 0 1
2.7817 5.52926 40.4558 9.51916 5.94993 43.1636 0.267426 -13 54 1 0 1
0.0490998 -1.95031 40.4558 -1.45799 -6.75174 71.0037 1.11185 -13 55 1 0 1
8.63914 4.02585 40.4558 18.4825 8.05822 59.5852 -0.756363 -13 56 1 0 1
-0.167284 -0.0407638 40.4558 2.09003 2.87344 63.8571 -0.195698 -13 58 1 0 1
1.94049 -4.19102 40.4558 4.54581 -9.44765 67.8062 2.1667 -13 59 1 0 1
4.30414 5.48185 40.4558 11.3976 13.473 56.3027 0.478968 -13 60 1 0 1
-0.226207 2.2086 40.4558 1.72091 6.91627 63.2153 -0.634399 -13 61 1 0 1
0.898161 -0.537709 40.4558 1.69782 3.27257 70.3177 -0.347384 -13 62 1 0 1
3.44464 -4.08609 40.4558 8.14349 -5.17323 35.4655 0.430166 -13 63 1 0 1
0.606879 -0.577165 40.4558 4.02361 0.252452 60.2437 0.349716 -13 64 1 0 1
3.21703 1.59997 40.4558 8.14649 1.47816 65.603 -1.2399 -13 65 1 0 1
1.23265 0.991302 40.4558 2.08167 1.07827 71.5881 0.651098 -13 66 1 0 1
2.43055 -2.35877 40.4558 8.04446 -1.4944 61.3682 -0.467968 -13 67 1 0 1
1.43443 7.98113 40.4558 7.10417 11.1302 53.4261 -0.735663 -13 68 1 0 1
-0.88286 -3.23087 40.4558 0.644669 -7.51846 63.3004 0.20266 -13 69 1 0 1
1.47532 -0.562853 40.4558 -2.22805 -10.5202 80.3888 0.422504 -13 70 1 0 1
-0.905519 2.52396 40.4558 2.42592 1.02593 60.8851 -1.24895 -13 71 1 0 1
5.32819 7.54653 40.4558 12.0005 11.4348 63.8265 1.32498 -13 72 1 0 1
0.241946 1.38304 40.4558 -2.24153 -1.66035 74.3919 -0.71214 -13 73 1 0 1
2.20756 2.05271 40.4558 7.38502 4.58175 59.0713 0.476588 -13 74 1 0 1
2.94969 3.41022 40.4558 3.88748 5.8788 75.2295 -2.66034 -13 75 1 0 1
7.86024 1.11948 40.4558 10.5613 2.06347 79.1252 -1.51892 -13 76 1 0 1
2.06577 2.27013 40.4558 6.96578 -0.721089 57.6063 2.60603 -13 77 1 0 1
-1.66447 0.978373 40.4558 -0.682438 -0.537323 60.3682 -0.542698 -13 78 1 0 1
2.65984 -0.9951 40.4558 7.05078 -2.92636 62.9145 1.65357 -13 79 1 0 1
3.66906 -3.77149 40.4558 6.54031 -5.36799 72.4924 0.258775 -13 80 1 0 1
5.0934 0.79485 40.4558 10.0537 9.78876 69.8307 0.291885 -13 81 1 0 1
-0.241451 0.434202 40.4558 2.58034 3.12192 62.8189 1.43876 -13 82 1 0 1
-2.37722 6.76909 40.4558 -4.92651 18.6226 67.5888 0.247614 -13 83 1 0 1
-5.70623 -1.2064 40.4558 -10.8418 -3.34734 63.0133 0.373547 -13 84 1 0 1
3.43617 1.46073 40.4558 6.15482 1.66145 75.8041 1.35903 -13 85 1 0 1
3.17973 0.329754 40.4558 7.30953 -6.97811 68.0011 0.0429092 -13 86 1 0 1
-0.325006 -4.43925 40.4558 4.70958 -9.25074 50.9414 1.09629 -13 87 1 0 1
-0.384971 -2.90916 40.4558 -0.487674 -5.94578 68.498 -0.17505 -13 88 1 0 1
2.82429 -2.51847 40.4558 7.48786 -1.47164 62.1804 -0.337591 -13 89 1 0 1
1.30914 2.81934 40.4558 4.4171 5.24321 65.8402 0.0518929 -13 90 1 0 1
-3.51892 -0.881085 40.4558 -4.83546 -2.79544 64.478 1.11421 -13 91 1 0 1
3.31302 1.36211 40.4558 10.8227 2.68127 54.6903 0.236001 -13 92 1 0 1
2.14035 0.481052 40.4558 7.98786 -1.67263 58.6583 1.08035 -13 93 1 0 1
2.00399 10.6009 40.4558 7.05209 18.1959 52.6696 -1.08206 -13 94 1 0 1
3.61576 -0.69587 40.4558 7.85 0.114263 70.3877 0.300216 -13 95 1 0 1
0.535257 3.78378 40.4558 3.14156 11.2274 59.8765 -1.56002 -13 96 1 0 1
-0.642222 -3.10036 40.4558 3.60459 -0.400832 57.369 -0.784997 -13 97 1 0 1
1.40951 -2.74397 40.4558 4.12462 -1.78643 67.5872 0.679173 -13 98 1 0 1
-0.222983 4.95832 40.4558 1.46359 10.4472 63.2127 0.751927 -13 99 1 0 1
4.27428 -2.97717 40.4558 9.81314 -1.47163 67.769 -0.625544 -13 100 1 0 1
7.88336 -2.93612 40.4558 16.8873 -8.96744 65.9521 -0.418961 -13 101 1 0 1
6.72722 -0.597017 40.4558 14.5908 -2.13097 66.5537 0.164433 -13 102 1 0 1
7.07185 0.202696 40.4558 15.6719 7.15995 59.9072 -2.18914 -13 103 1 0 1
2.16666 3.62069 40.4558 5.4435 4.56379 66.959 -0.0553003 -13 104 1 0 1
-1.53886 0.599148 40.4558 0.451719 8.53958 60.547 -1.20478 -13 105 1 0 1
-3.27994 -0.836783 40.4558 -4.13617 -1.70999 60.7026 0.53326 -13 106 1 0 1
2.14697 -2.59245 40.4558 3.82966 -6.47828 70.5342 -0.80398 -13 107 1 0 1
5.58533 1.21123 40.4558 13.4935 7.85841 62.2857 -0.554508 -13 108 1 0 1
3.43635 0.796258 40.4558 8.76976 2.7488 67.6439 1.24489 -13 109 1 0 1
0.38148 0.708158 40.4558 -2.14187 2.81095 72.8725 -0.0141867 -13 110 1 0 1
0.472946 -3.05084 40.4558 -3.01819 -2.65223 77.4753 -0.0551635 -13 111 1 0 1
5.7412 -0.516633 40.4558 12.4449 -3.9657 55.2616 -1.58607 -13 112 1 0 1
2.27583 3.18687 40.4558 7.97156 5.26188 56.0269 1.03953 -13 113 1 0 1
4.0117 -2.80451 40.4558 10.4099 -6.94737 62.7063 0.191147 -13 114 1 0 1
3.75625 1.90512 40.4558 11.054 2.25918 49.2663 0.107162 -13 115 1 0 1
-1.2449 -1.21967 40.4558 -5.23538 -3.2787 73.0398 0.756158 -13 116 1 0 1
1.80293 1.1449 40.4558 6.08979 4.3214 55.0011 -0.088228 -13 117 1 0 1
0.818548 2.95559 40.4558 6.68488 -0.794392 48.3157 -0.148835 -13 118 1 0 1
1.25079 -2.51473 40.4558 2.30836 -3.45499 70.6894 0.745257 -13 119 1 0 1
-3.79436 0.591948 40.4558 -2.6027 2.42952 50.3603 0.0878956 -13 120 1 0 1
3.51243 -5.88852 40.4558 9.0581 -6.60497 60.7686 1.77813 -13 121 1 0 1
0.243996 -2.19196 40.4558 -3.15635 -2.83486 77.353 0.857914 -13 122 1 0 1
1.65107 -5.8491 40.4558 3.20421 -11.8536 70.5511 0.99129 -13 123 1 0 1
7.03301 0.738363 40.4558 16.4796 2.81409 56.4699 0.549974 -13 124 1 0 1
-5.09633 -7.48578 40.4558 -7.71325 -15.3453 59.2969 -1.27359 -13 125 1 0 1
1.55604 1.42168 40.4558 -1.92439 -3.32082 79.2376 1.17512 -13 126 1 0 1
3.16184 5.03189 40.4558 8.91374 6.89259 60.0626 -0.850689 -13 127 1 0 1
1.46965 0.0238487 40.4558 4.98083 -4.53423 64.9177 0.565962 -13 128 1 0 1
8.15543 3.13143 40.4558 18.1042 6.7698 56.7698 -0.222756 -13 129 1 0 1
4.48188 -3.29453 40.4558 11.978 -1.3694 49.4523 0.854864 -13 130 1 0 1
2.83352 1.06527 40.4558 5.32096 2.45665 69.043 -0.234447 -13 131 1 0 1
-2.95521 2.53649 40.4558 -9.18359 4.51278 73.5283 1.51784 -13 132 1 0 1
6.04813 -2.06594 40.4558 14.5575 -5.59265 62.9273 -1.0979 -13 133 1 0 1
6.21661 0.863336 40.4558 11.434 1.43803 75.0877 0.618659 -13 134 1 0 1
3.51632 2.57937 40.4558 6.5628 0.919356 70.2167 1.06965 -13 135 1 0 1
7.00859 3.68853 40.4558 16.2082 3.37945 54.3114 0.282075 -13 136 1 0 1
-0.301364 -1.67978 40.4558 1.51567 -4.85607 63.6049 1.72954 -13 137 1 0 1
-0.747964 5.68277 40.4558 1.92387 11.671 55.8225 0.531986 -13 140 1 0 1
1.33399 2.10604 40.4558 6.63604 7.30565 52.5022 0.116186 -13 141 1 0 1
6.13419 0.68122 40.4558 14.2304 5.72737 63.6474 2.13522 -13 142 1 0 1
-2.55302 -1.0836 40.4558 -6.53995 -3.8573 71.3783 -0.652654 -13 143 1 0 1
5.76683 1.06236 40.4558 12.0608 -0.538659 71.4239 3.11229 -13 144 1 0 1
2.98361 -10.2999 40.4558 8.44105 -17.3639 54.7559 1.91554 -13 145 1 0 1
4.17 -3.41326 40.4558 9.86365 -3.63474 65.7351 0.423862 -13 146 1 0 1
0.464006 -0.917702 40.4558 2.70348 -2.14302 65.5791 -1.00916 -13 147 1 0 1
-0.961388 -5.736 40.4558 -2.55178 -7.86134 69.9398 0.441999 -13 148 1 0 1
5.80261 4.0614 40.4558 13.0555 6.10862 55.4269 -0.29758 -13 149 1 0 1
3.66082 4.60646 40.4558 8.9711 11.5342 65.2351 0.0154587 -13 150 1 0 1
3.67733 -5.17265 40.4558 9.86633 -11.1905 55.974 1.38257 -13 151 1 0 1
2.14964 -0.833391 40.4558 6.38168 -2.53122 64.424 2.29649 -13 152 1 0 1
0.146499 -1.54117 40.4558 0.929421 -8.66579 68.0215 -0.322204 -13 153 1 0 1
-0.645848 -3.93261 40.4558 -7.09436 -10.4695 78.0734 -1.93656 -13 154 1 0 1
-1.64462 1.16738 40.4558 -2.73087 0.810393 67.3601 -1.29636 -13 155 1 0 1
7.43843 -3.55286 40.4558 15.6261 -2.88528 44.6927 -0.373103 -13 156 1 0 1
-0.381789 -1.03438 40.4558 1.65592 0.857185 62.7756 0.049375 -13 157 1 0 1
3.12621 3.06249 40.4558 0.564401 3.00407 79.457 1.45765 -13 158 1 0 1
-1.84141 4.75397 40.4558 0.873426 6.37977 56.8159 -0.505822 -13 159 1 0 1
8.57246 -0.1824 40.4558 18.3723 -0.0238114 61.9183 0.125801 -13 160 1 0 1
6.65554 1.37371 40.4558 13.8029 -2.0138 69.7484 1.69476 -13 161 1 0 1
-4.89363 2.63127 40.4558 -1.94295 3.10701 41.686 -0.411896 -13 162 1 0 1
0.245328 2.55041 40.4558 0.0229746 11.0602 70.4032 -1.58465 -13 163 1 0 1
5.44524 -3.30765 40.4558 12.3389 -10.9285 64.7803 0.177426 -13 164 1 0 1
-9.75408 -1.50323 40.4558 -5.52373 -3.0893 30.8554 2.30832 -13 165 1 0 1
-6.21559 -0.397767 40.4558 -14.9338 -1.41056 70.0851 -0.113187 -13 166 1 0 1
4.80208 5.22373 40.4558 11.9194 10.6288 61.2401 0.717896 -13 167 1 0 1
1.89802 2.72029 40.4558 -3.00492 9.45123 78.8442 1.2146 -13 168 1 0 1
7.10886 -2.13601 40.4558 15.7747 -6.33852 56.4205 -0.159622 -13 169 1 0 1
-1.26213 -1.18513 40.4558 -2.66055 -4.45453 67.8923 -0.554208 -13 170 1 0 1
10.8187 -5.3738 40.4558 17.9689 -3.25541 39.06 0.863028 -13 171 1 0 1
0.51224 3.28714 40.4558 4.85467 3.19823 57.0469 -0.275994 -13 172 1 0 1
6.30745 -0.0430089 40.4558 15.745 -1.01875 57.8906 0.256881 -13 173 1 0 1
1.17135 3.51839 40.4558 3.07154 1.36639 68.5515 0.351409 -13 174 1 0 1
-2.81037 -1.55543 40.4558 0.886042 -5.45843 48.8955 -0.0621227 -13 176 1 0 1
8.2281 -4.58102 40.4558 16.926 -7.68315 49.2685 -0.263687 -13 177 1 0 1
1.6219 -2.84496 40.4558 7.30845 -2.88874 52.7018 -0.477433 -13 178 1 0 1
3.98576 -3.14334 40.4558 8.09058 -11.3428 68.6178 -0.64756 -13 179 1 0 1
3.68149 -4.49895 40.4558 10.2583 -6.87444 51.8939 1.64926 -13 180 1 0 1
-1.68924 -1.8141 40.4558 2.74342 -2.55118 40.3624 -1.34993 -13 181 1 0 1
-4.7188 1.01702 40.4558 -1.36632 2.81325 42.2418 -0.790234 -13 182 1 0 1
5.02315 3.60213 40.4558 12.3639 9.53027 42.115 0.126506 -13 183 1 0 1
-4.85396 1.51658 40.4558 -6.87433 -0.848812 58.0569 0.113021 -13 184 1 0 1
-1.18001 -1.94932 40.4558 0.931678 -6.87577 60.6682 -0.682001 -13 185 1 0 1
2.83197 2.35833 40.4558 8.65856 5.05549 42.112 -0.541511 -13 186 1 0 1
3.6329 -2.76463 40.4558 7.75628 0.210021 71.3705 1.24004 -13 188 1 0 1
-0.796368 -1.78646 40.4558 -8.16026 -5.5683 79.6173 0.284699 -13 189 1 0 1
-2.85983 1.77828 40.4558 -1.9955 4.08094 60.827 2.00408 -13 191 1 0 1
2.71086 -0.31337 40.4558 -0.272446 5.78223 80.2113 0.950595 -13 192 1 0 1
-4.70849 0.0323166 40.4558 -1.52759 -3.30709 40.5488 -0.920418 -13 193 1 0 1
2.33207 4.92755 40.4558 5.03839 14.5277 68.7802 -0.147976 -13 194 1 0 1
0.714685 -0.361336 40.4558 4.41437 -0.491061 60.4599 2.35964 -13 195 1 0 1
6.7279 1.0455 40.4558 7.46626 -4.44448 80.2509 2.67775 -13 196 1 0 1
-1.3509 6.71063 40.4558 -0.231358 12.9044 62.8048 -0.820756 -13 197 1 0 1
6.6945 0.0718531 40.4558 14.5101 0.437611 48.6391 -0.498571 -13 198 1 0 1
-4.61438 8.92376 40.4558 -4.66682 11.7969 57.9052 -1.50503 -13 199 1 0 1
-2.2542 -2.69287 40.4558 -0.0626491 -2.60399 51.4437 0.762702 -13 200 1 0 1
-2.75629 -1.98774 40.4558 -6.93782 -7.32663 70.1707 0.417344 -13 201 1 0 1
-0.307567 10.0971 40.4558 2.20769 16.3357 58.0108 -0.750415 -13 202 1 0 1
2.1677 1.58028 40.4558 6.84737 0.334071 62.3957 0.366255 -13 203 1 0 1
4.3529 -3.31376 40.4558 6.40475 -3.90161 16.283 -1.34368 -13 204 1 0 1
0.243993 2.68376 40.4558 4.58939 0.305821 50.2822 1.52123 -13 205 1 0 1
-4.51415 1.41377 40.4558 -19.176 1.67936 75.6997 0.306164 -13 206 1 0 1
-3.45429 -5.32777 40.4558 -2.94225 -10.279 57.7884 -0.967901 -13 207 1 0 1
-5.21109 0.553668 40.4558 -11.7704 1.88596 69.2739 -0.187106 -13 208 1 0 1
3.07888 3.97843 40.4558 8.28457 4.68847 26.9295 0.199374 -13 209 1 0 1
7.79474 -0.746704 40.4558 16.6302 0.669452 45.6748 -0.283651 -13 210 1 0 1
7.31792 6.33509 40.4558 14.1995 6.33419 41.4394 0.692616 -13 211 1 0 1
0.62404 7.46754 40.4558 -1.29529 17.5035 72.9792 2.1921 -13 212 1 0 1
-5.3177 4.29684 40.4558 -7.39241 6.33022 59.8189 -1.22638 -13 213 1 0 1
1.76426 5.18234 40.4558 1.75554 9.45069 75.4687 1.13526 -13 214 1 0 1
1.06951 -1.75428 40.4558 0.464799 -10.9281 72.0086 1.84746 -13 215 1 0 1
2.83533 -0.044223 40.4558 5.4433 0.274462 70.0654 1.25049 -13 216 1 0 1
12.1182 1.52843 40.4558 20.8232 5.57715 41.6665 -0.842792 -13 217 1 0 1
-1.33165 4.50377 40.4558 -2.00532 8.99621 65.3301 0.28909 -13 218 1 0 1
1.33904 -1.65281 40.4558 -0.175625 -3.91948 77.9597 0.166489 -13 219 1 0 1
3.13432 1.93942 40.4558 5.96758 1.03925 72.1408 2.5121 -13 220 1 0 1
5.51947 1.21021 40.4558 15.3068 -0.325929 53.8364 1.1003 -13 221 1 0 1
1.05754 3.9079 40.4558 1.26925 10.293 72.4824 -0.654253 -13 222 1 0 1
-2.98875 -0.902273 40.4558 -4.28164 1.73055 62.2829 1.15281 -13 223 1 0 1
-2.69314 -1.10117 40.4558 -3.0983 -0.545135 63.0218 -0.3166 -13 224 1 0 1
3.09139 4.45508 40.4558 9.41928 9.57926 55.2741 -0.140392 -13 226 1 0 1
0.815325 -3.75252 40.4558 4.13976 -9.03945 62.6185 0.181973 -13 227 1 0 1
3.19426 0.530176 40.4558 2.14801 0.59888 78.6632 -1.75905 -13 228 1 0 1
0.285281 3.00194 40.4558 -2.08397 2.29296 73.2101 0.401697 -13 229 1 0 1
2.48151 -6.38027 40.4558 8.2719 -9.40293 45.7941 -0.201006 -13 230 1 0 1
9.24954 6.73285 40.4558 19.1903 18.538 62.7883 1.3961 -13 231 1 0 1
4.37048 3.66033 40.4558 10.9337 6.80851 61.9561 1.01235 -13 232 1 0 1
-2.83693 -0.179463 40.4558 -4.92334 -2.04458 65.926 -1.30912 -13 233 1 0 1
4.92359 0.952068 40.4558 10.8728 1.86884 67.5949 -0.453619 -13 234 1 0 1
4.62547 -0.143163 40.4558 8.32856 -5.37274 74.0122 0.441597 -13 235 1 0 1
-2.32946 -1.51654 40.4558 -3.23319 -7.68631 65.453 1.43726 -13 236 1 0 1
6.63692 -6.81676 40.4558 15.0813 -9.30691 52.2038 0.949749 -13 237 1 0 1
0.971385 1.26279 40.4558 3.89957 1.8416 63.0893 0.255264 -13 238 1 0 1
-2.00381 -2.73109 40.4558 -5.78544 -0.797162 70.9831 1.44043 -13 239 1 0 1
5.35262 8.12159 40.4558 13.3847 13.126 46.9818 -0.193933 -13 240 1 0 1
4.82017 1.23494 40.4558 10.6104 1.80625 34.15 0.940291 -13 241 1 0 1
-0.314374 0.575302 40.4558 2.88868 -3.17928 59.2637 2.0046 -13 242 1 0 1
6.19124 -4.68816 40.4558 14.0037 -6.81119 67.8492 0.0628003 -13 243 1 0 1
4.42087 2.10702 40.4558 7.07501 4.93309 75.9595 0.844345 -13 244 1 0 1
5.57327 1.37203 40.4558 11.36 10.0764 70.8442 -0.517457 -13 245 1 0 1
2.06211 -0.557995 40.4558 3.90407 4.33059 70.9674 -0.0207016 -13 246 1 0 1
2.50715 -4.23747 40.4558 7.32068 -4.89724 61.0002 -0.138514 -13 247 1 0 1
0.463851 -2.92637 40.4558 1.48856 -5.9076 68.28 0.857141 -13 248 1 0 1
9.56746 5.03666 40.4558 19.6351 3.90358 59.2918 -0.745202 -13 249 1 0 1
4.30567 -4.81999 40.4558 9.07548 -11.2918 67.8955 -1.30956 -13 250 1 0 1
6.1549 10.0631 40.4558 14.2235 12.6237 60.769 -0.823105 -13 251 1 0 1
5.41182 0.824761 40.4558 13.6963 -0.617736 62.7615 0.468834 -13 252 1 0 1
3.04645 3.87259 40.4558 4.96065 13.2112 71.4868 -1.16427 -13 253 1 0 1
3.11993 3.42356 40.4558 9.36127 7.3134 53.7549 -0.289859 -13 254 1 0 1
2.48662 -0.0637969 40.4558 1.99616 4.48365 77.7258 0.137094 -13 255 1 0 1
-0.346807 2.65045 40.4558 3.07863 5.10149 54.8057 -0.735987 -13 256 1 0 1
0.168765 -6.01795 40.4558 5.33891 -10.6658 43.7237 -0.0382454 -13 257 1 0 1
1.4475 0.00939624 40.4558 4.46768 -2.1745 63.3365 0.324626 -13 258 1 0 1
2.6038 1.28096 40.4558 9.34634 -0.735137 56.925 -0.972868 -13 259 1 0 1
1.31463 1.64743 40.4558 1.97243 -0.405443 72.8938 -0.105842 -13 260 1 0 1
-0.223141 3.2514 40.4558 1.99347 5.80936 60.4912 -0.925191 -13 261 1 0 1
2.13966 0.576135 40.4558 7.59535 2.6053 62.9979 2.30882 -13 262 1 0 1
6.05128 -3.16916 40.4558 14.2063 -6.18494 62.1616 -1.27371 -13 263 1 0 1
-0.32526 -2.23463 40.4558 3.42883 -4.08602 50.8348 0.00318243 -13 264 1 0 1
6.40384 2.66363 40.4558 14.7315 7.69148 62.1379 0.908664 -13 265 1 0 1
3.89666 2.1617 40.4558 8.48231 1.09106 70.6682 0.788077 -13 266 1 0 1
-0.255741 2.82688 40.4558 1.21574 0.0819398 63.9152 -0.0917273 -13 267 1 0 1
1.26246 1.86874 40.4558 6.54072 5.34719 43.6796 -0.860696 -13 268 1 0 1
0.475837 3.6136 40.4558 -3.61095 2.1203 78.3592 0.673243 -13 269 1 0 1
-0.948066 -0.238526 40.4558 0.190673 -5.35359 64.3943 1.46849 -13 270 1 0 1
6.42067 -0.756111 40.4558 11.4381 -6.89852 77.0069 -0.631051 -13 271 1 0 1
1.87686 -4.47313 40.4558 5.95317 -10.5895 62.1712 1.80089 -13 272 1 0 1
-4.28111 2.39259 40.4558 -3.06313 2.8062 55.5814 3.03314 -13 273 1 0 1
3.19868 -1.98685 40.4558 7.47638 -0.116061 67.7495 -1.82854 -13 274 1 0 1
5.54866 -0.48223 40.4558 12.7828 -4.08025 58.5296 -0.0805988 -13 275 1 0 1
6.04865 -0.0187252 40.4558 15.4665 -1.68559 57.1365 1.39711 -13 277 1 0 1
-5.61908 0.494025 40.4558 -8.69158 0.844795 61.8667 1.77375 -13 278 1 0 1
-2.03449 0.0699718 40.4558 -4.461 -7.80592 69.1838 -2.26621 -13 279 1 0 1
2.85833 1.92424 40.4558 7.80906 1.41361 61.3448 0.45287 -13 280 1 0 1
2.09128 -3.22317 40.4558 4.22059 -3.7836 66.7725 -1.08794 -13 281 1 0 1
-0.592279 5.37421 40.4558 3.0683 11.2162 48.1336 -0.598364 -13 282 1 0 1
5.69383 -6.09663 40.4558 13.515 -9.84389 49.0338 -1.37125 -13 283 1 0 1
-1.55123 4.95589 40.4558 1.2947 3.54164 54.3834 -0.13163 -13 284 1 0 1
-5.49201 1.84294 40.4558 -9.46071 6.2887 62.3619 -0.281841 -13 285 1 0 1
-1.69854 -5.95743 40.4558 -3.45462 -2.25453 69.8407 -1.25303 -13 286 1 0 1
-0.635757 1.4054 40.4558 2.7112 -1.26651 52.4001 -1.38522 -13 287 1 0 1
3.07958 12.6536 40.4558 1.83531 35.2616 71.6827 -0.0732622 -13 288 1 0 1
1.40617 4.03772 40.4558 -0.698906 10.6175 77.7782 0.654057 -13 289 1 0 1
11.4946 -0.0896497 40.4558 19.8681 -1.54955 41.5881 0.415429 -13 290 1 0 1
4.36402 -2.97864 40.4558 6.47562 -10.0065 74.823 0.643263 -13 291 1 0 1
0.164116 0.806266 40.4558 -1.44974 4.31347 73.6898 -0.0742133 -13 292 1 0 1
-7.9541 3.69454 40.4558 -9.22663 11.3792 49.4475 2.29179 -13 293 1 0 1
10.9113 0.959875 40.4558 22.2626 10.0486 67.7396 1.79784 -13 294 1 0 1
0.0545655 2.72384 40.4558 1.60574 4.96456 65.5588 0.283659 -13 295 1 0 1
-3.86624 1.76974 40.4558 -4.05597 2.91873 60.0933 -0.0661667 -13 296 1 0 1
6.17347 -1.15521 40.4558 14.5898 -4.36242 52.865 2.76139 -13 297 1 0 1
1.61734 3.23868 40.4558 3.8317 3.1365 67.5145 -1.66559 -13 298 1 0 1
-9.35658 1.91419 40.4558 -10.9962 8.13143 46.4373 2.9799 -13 299 1 0 1
-1.94626 2.64783 40.4558 -1.19027 1.67893 63.3282 -0.568469 -13 301 1 0 1
-2.261 0.530884 40.4558 -2.95679 5.44716 64.2144 0.435644 -13 302 1 0 1
0.453539 -1.36713 40.4558 3.14889 2.1475 62.8313 0.207976 -13 303 1 0 1
0.997957 1.59745 40.4558 2.7606 7.44805 66.1501 0.728497 -13 304 1 0 1
-6.48388 5.34085 40.4558 -4.91071 9.17773 45.7351 1.43621 -13 305 1 0 1
-0.11444 -0.945434 40.4558 0.725909 -5.44457 67.14 -0.848657 -13 306 1 0 1
2.03598 -5.21918 40.4558 3.65586 -18.9301 67.5451 -1.10415 -13 307 1 0 1
0.455993 -5.69163 40.4558 -1.10718 -13.248 72.8522 0.271736 -13 308 1 0 1
0.640993 3.04722 40.4558 2.18611 6.93154 66.7986 -0.666781 -13 309 1 0 1
6.58022 -1.01315 40.4558 12.7083 -1.95381 71.4778 -0.208846 -13 310 1 0 1
-1.23145 0.116679 40.4558 -3.86004 2.36279 71.9496 0.021173 -13 312 1 0 1
-0.684539 5.29669 40.4558 -3.13093 11.1186 72.3687 1.11734 -13 313 1 0 1
3.33099 1.97934 40.4558 6.08354 4.85519 69.4639 -0.410944 -13 314 1 0 1
5.41035 -2.35079 40.4558 13.5769 -0.0276468 61.3967 -1.27083 -13 315 1 0 1
1.90794 -9.58862 40.4558 7.18346 -16.7572 51.0086 -1.02867 -13 316 1 0 1
-0.163045 -5.0943 40.4558 1.31072 -12.1228 63.4299 0.940959 -13 317 1 0 1
2.33645 -1.93029 40.4558 5.22826 -1.49943 69.164 -1.23807 -13 318 1 0 1
1.44298 1.28098 40.4558 1.62214 9.08214 70.4663 2.18845 -13 319 1 0 1
6.63036 0.355693 40.4558 14.0771 0.997056 71.3461 0.765032 -13 320 1 0 1
3.56431 -0.634722 40.4558 9.47031 -2.19057 57.2032 -1.47554 -13 321 1 0 1
2.02804 0.773509 40.4558 -4.50324 4.12299 79.9847 2.02194 -13 322 1 0 1
6.2265 -5.80458 40.4558 11.5762 -6.32426 75.089 0.38865 -13 323 1 0 1
2.48321 2.98951 40.4558 6.74816 6.71585 65.8345 -0.50745 -13 324 1 0 1
4.08224 -1.33152 40.4558 7.99656 -4.65237 72.4206 0.149665 -13 325 1 0 1
-5.73851 5.94075 40.4558 -9.68471 10.0041 60.3876 0.126458 -13 326 1 0 1
-3.68937 -10.0167 40.4558 -2.15265 -18.8555 49.7676 0.379989 -13 327 1 0 1
-3.31387 2.09653 40.4558 -3.4928 -4.7837 59.6757 -1.35084 -13 328 1 0 1
0.132733 3.3704 40.4558 0.482677 10.0605 68.6983 1.25279 -13 329 1 0 1
5.67964 -2.46764 40.4558 9.93039 -1.84584 76.0878 -0.685645 -13 330 1 0 1
1.90412 6.81536 40.4558 2.89796 7.92174 72.3934 -1.41667 -13 331 1 0 1
-2.70389 -1.41175 40.4558 1.52747 0.504837 30.1257 -1.017 -13 332 1 0 1
3.44479 1.684 40.4558 9.80717 4.47985 48.5851 4.22632 -13 333 1 0 1
-2.2682 -2.87716 40.4558 -2.68025 -5.10406 66.265 0.482609 -13 334 1 0 1
1.93186 -2.99933 40.4558 5.61624 -7.39162 65.5695 0.488489 -13 335 1 0 1
2.12322 -4.88691 40.4558 3.16892 -9.75822 69.3217 -0.513939 -13 336 1 0 1
5.59482 -0.834078 40.4558 13.3067 -6.87778 53.4926 1.0365 -13 338 1 0 1
0.302545 -4.91855 40.4558 4.44306 -6.71447 50.7153 0.514978 -13 339 1 0 1
0.746525 2.54508 40.4558 1.86103 7.90262 69.5598 0.349004 -13 340 1 0 1
5.23202 1.59407 40.4558 9.38681 -1.51083 77.4227 0.0971353 -13 341 1 0 1
1.10239 1.64859 40.4558 0.0172855 6.82902 73.8147 0.757276 -13 342 1 0 1
1.43721 -0.905979 40.4558 5.19381 -7.05329 62.2743 -0.223415 -13 343 1 0 1
5.45085 -1.58341 40.4558 13.0395 2.07703 48.8567 -0.168806 -13 344 1 0 1
0.48856 -0.461041 40.4558 1.58702 1.90027 69.2144 -0.710254 -13 345 1 0 1
-5.42734 0.320401 40.4558 -10.1643 0.346067 65.3677 0.719011 -13 346 1 0 1
-0.349594 0.635907 40.4558 -0.0394061 1.71086 68.9045 -0.702394 -13 347 1 0 1
0.611938 0.0543289 40.4558 5.85278 6.19198 53.1079 -0.364508 -13 348 1 0 1
6.75118 -0.260028 40.4558 15.1509 -2.68513 55.4963 0.984809 -13 349 1 0 1
2.78999 -3.15859 40.4558 7.18711 -5.68101 65.1132 0.910399 -13 350 1 0 1
0.0766029 3.74448 40.4558 -0.591519 6.16832 70.5073 -1.41478 -13 352 1 0 1
-0.15391 3.51843 40.4558 1.28577 5.60675 66.2463 -0.100117 -13 353 1 0 1
0.301759 5.61612 40.4558 3.98524 6.50721 54.3943 0.53252 -13 354 1 0 1
0.0900968 2.58745 40.4558 -2.86812 7.44565 74.2557 -0.344845 -13 355 1 0 1
5.24655 3.14229 40.4558 12.8967 10.1664 58.4477 0.412015 -13 356 1 0 1
0.540718 -0.556483 40.4558 5.16687 1.15734 43.0422 0.15635 -13 357 1 0 1
6.72013 2.3643 40.4558 14.8694 7.79219 50.455 0.736034 -13 358 1 0 1
3.86405 -1.162 40.4558 10.6626 3.08621 61.9046 0.584826 -13 359 1 0 1
-0.532073 -2.18573 40.4558 -3.77279 -4.73274 75.4978 -0.484142 -13 360 1 0 1
4.61036 -0.42107 40.4558 6.62413 2.66863 77.3016 -0.00269761 -13 361 1 0 1
-1.23469 1.88518 40.4558 -1.13406 0.183633 66.4011 -2.65709 -13 362 1 0 1
0.910597 -0.647528 40.4558 -0.916654 1.878 75.5552 -0.182915 -13 363 1 0 1
2.02571 -3.92443 40.4558 4.37338 -6.19428 64.1026 0.373487 -13 364 1 0 1
0.809672 2.44579 40.4558 6.17607 6.74935 49.493 -1.7674 -13 365 1 0 1
6.1027 -0.487544 40.4558 14.2072 -1.43237 44.6141 2.37513 -13 366 1 0 1
6.1446 0.346368 40.4558 13.9131 -3.0009 40.5873 1.44952 -13 367 1 0 1
0.681314 2.25822 40.4558 3.32095 7.14628 65.0657 0.678294 -13 368 1 0 1
-0.0621689 -1.67969 40.4558 2.83235 0.17826 60.4335 -0.96363 -13 369 1 0 1
-3.31214 1.32933 40.4558 -9.50108 1.91529 72.2773 0.986234 -13 370 1 0 1
1.14502 -2.68327 40.4558 4.53714 -3.74644 66.4085 2.51807 -13 371 1 0 1
0.768336 -2.32461 40.4558 6.21958 -9.81484 53.7882 0.948746 -13 372 1 0 1
-3.17622 -1.92054 40.4558 -4.94778 -5.77747 63.371 0.829036 -13 373 1 0 1
-0.738519 -0.871964 40.4558 -5.46879 0.264789 76.7358 0.754992 -13 374 1 0 1
-3.0213 1.8869 40.4558 -12.8371 7.96299 78.0555 -1.27315 -13 375 1 0 1
-1.98356 -5.01206 40.4558 -4.73602 -11.2921 69.1749 0.60159 -13 376 1 0 1
8.49075 -1.86204 40.4558 16.246 -8.21279 77.1596 1.31558 -13 377 1 0 1
3.1977 0.902082 40.4558 9.42095 -3.19353 48.3101 2.32487 -13 378 1 0 1
3.86657 -7.27245 40.4558 8.08994 -19.8731 66.1317 0.7762 -13 379 1 0 1
-2.3497 -8.96828 40.4558 1.93627 -15.5468 43.0085 -0.579154 -13 380 1 0 1
4.22456 -1.24551 40.4558 11.1425 2.79044 59.4756 1.2953 -13 381 1 0 1
5.85289 -4.01395 40.4558 11.9164 -9.75515 71.7956 -0.203366 -13 382 1 0 1
-8.27634 2.33444 40.4558 -9.926 2.60702 49.7222 1.47503 -13 383 1 0 1
6.57483 2.10799 40.4558 16.1576 0.515757 57.2737 -1.20494 -13 384 1 0 1
0.237176 0.637243 40.4558 1.63428 -3.14815 67.7197 1.9095 -13 385 1 0 1
0.428044 1.198 40.4558 0.934724 1.1488 70.1024 2.06472 -13 386 1 0 1
-0.839668 0.318448 40.4558 -3.35218 -1.72339 71.8488 0.257241 -13 387 1 0 1
0.984813 -0.371469 40.4558 6.14143 0.524512 52.2113 -0.614381 -13 388 1 0 1
8.69857 -1.29605 40.4558 19.9447 -0.245949 60.8037 1.18012 -13 389 1 0 1
-0.850641 3.18064 40.4558 1.28347 5.25955 63.781 0.887457 -13 390 1 0 1
8.85352 0.89731 40.4558 19.0412 0.300887 49.9242 -0.0859834 -13 391 1 0 1
-2.87202 2.03957 40.4558 -0.921387 -1.34689 54.8487 0.354306 -13 392 1 0 1
0.420513 6.98317 40.4558 2.66285 11.1812 60.606 -0.663578 -13 394 1 0 1
0.743093 4.20814 40.4558 -0.701453 15.0401 74.4583 -1.52205 -13 395 1 0 1
6.07395 3.52679 40.4558 13.8236 3.1021 63.5322 -0.0107348 -13 396 1 0 1
3.24159 -3.59597 40.4558 8.69548 -4.78544 59.7851 1.40888 -13 397 1 0 1
2.16854 -0.709765 40.4558 5.18569 -3.26966 66.8476 1.00251 -13 398 1 0 1
2.35243 -5.96979 40.4558 3.65651 -10.7052 71.1146 2.18189 -13 399 1 0 1
2.92056 -1.08017 40.4558 7.81691 6.08642 64.7103 0.114085 -13 400 1 0 1
5.24028 -0.0789935 40.4558 10.446 1.1577 71.4719 -0.0881111 -13 401 1 0 1
-1.04213 -2.98562 40.4558 1.73125 -7.58309 58.2095 -0.150567 -13 402 1 0 1
1.30173 -8.43549 40.4558 2.82871 -24.1835 68.0801 0.369827 -13 403 1 0 1
3.10672 -1.74647 40.4558 7.75762 -8.1583 66.1566 1.35388 -13 404 1 0 1
-0.711388 -1.62309 40.4558 4.75736 -1.89238 28.4435 -2.28406 -13 405 1 0 1
-0.0284274 -1.72427 40.4558 2.01806 -8.44153 60.4477 -0.434553 -13 406 1 0 1
-0.241429 -1.93064 40.4558 0.816325 -1.15761 66.1381 1.42481 -13 407 1 0 1
7.51473 3.59399 40.4558 17.1285 7.65379 56.1565 1.95575 -13 408 1 0 1
2.56758 5.44848 40.4558 7.43082 10.0783 62.2522 0.468944 -13 409 1 0 1
0.552429 -2.88158 40.4558 -1.83171 -6.97584 76.2359 -2.43793 -13 410 1 0 1
-2.17117 7.29173 40.4558 2.34577 5.33767 42.6298 0.718175 -13 411 1 0 1
0.698636 -6.82297 40.4558 2.02554 -14.9821 64.7955 1.40761 -13 412 1 0 1
0.0465461 2.74724 40.4558 -4.69105 4.21239 78.9629 0.222237 -13 413 1 0 1
-4.78775 -3.19627 40.4558 -5.22801 -4.78245 58.6187 1.13917 -13 414 1 0 1
4.64102 2.89565 40.4558 11.4844 6.99903 56.7497 0.493161 -13 415 1 0 1
8.45215 0.73118 40.4558 11.8778 2.15202 26.3007 5.14105 -13 416 1 0 1
5.10281 -10.9074 40.4558 11.4155 -12.4752 41.0702 0.0457842 -13 417 1 0 1
1.82034 2.55212 40.4558 3.89192 2.37846 69.7668 1.61164 -13 418 1 0 1
6.46241 -0.813915 40.4558 14.9697 -1.15719 63.0395 0.655065 -13 419 1 0 1
2.13262 -2.63688 40.4558 3.05317 -10.3917 73.5511 -0.302201 -13 421 1 0 1
4.1024 9.54782 40.4558 9.35983 21.2544 63.7102 0.540036 -13 422 1 0 1
-6.55966 -10.9948 40.4558 -5.76014 -12.1356 46.3589 -0.0632725 -13 423 1 0 1
7.97861 7.94514 40.4558 17.6939 7.60794 46.143 0.793014 -13 424 1 0 1
0.718885 0.82037 40.4558 3.96415 3.71747 64.2373 0.0800208 -13 425 1 0 1
1.6843 -0.13755 40.4558 0.489232 4.35295 74.4847 -1.28678 -13 426 1 0 1
5.59283 -5.23159 40.4558 12.4909 -6.92305 62.5644 -0.386859 -13 427 1 0 1
-0.134734 4.00733 40.4558 0.596977 13.2954 65.404 0.523732 -13 428 1 0 1
7.09739 -3.82346 40.4558 16.824 -9.23569 55.8984 0.0380885 -13 429 1 0 1
-2.56277 6.31261 40.4558 -7.56658 15.5846 70.2586 -1.5689 -13 430 1 0 1
3.52583 -1.90521 40.4558 4.65728 -5.71117 75.9052 2.02594 -13 431 1 0 1
3.65772 1.18396 40.4558 8.4823 5.98989 67.6703 2.08102 -13 432 1 0 1
1.9953 -2.65228 40.4558 3.35666 -11.9295 70.0386 1.51166 -13 433 1 0 1
3.43227 2.50216 40.4558 9.54267 10.384 58.9061 0.256373 -13 434 1 0 1
10.7037 2.36439 40.4558 21.3943 2.64763 56.699 1.20441 -13 435 1 0 1
2.50865 -0.479119 40.4558 5.68693 0.169385 67.4087 -2.18307 -13 437 1 0 1
-1.29428 -0.739775 40.4558 2.56928 -0.86976 55.4039 2.08808 -13 438 1 0 1
1.88334 -6.98857 40.4558 5.19391 -11.7763 62.9465 -0.994917 -13 439 1 0 1
3.91381 2.7536 40.4558 9.90287 7.01153 60.8823 0.348476 -13 440 1 0 1
-1.25773 -0.813967 40.4558 -4.32109 -2.43944 71.7365 1.48775 -13 441 1 0 1
-1.58089 -2.86638 40.4558 -1.85831 -0.547233 66.0426 -0.0124206 -13 442 1 0 1
1.90223 -1.3791 40.4558 7.30526 2.78897 57.1409 1.16923 -13 443 1 0 1
7.87549 -0.65712 40.4558 16.5496 0.456889 68.8518 1.10185 -13 444 1 0 1
5.68917 1.44502 40.4558 12.1955 -2.69129 68.8099 0.190214 -13 445 1 0 1
-0.349444 -5.76874 40.4558 -0.62535 -7.94913 69.329 -1.43398 -13 446 1 0 1
4.65121 0.117391 40.4558 11.8662 1.06969 56.544 -0.312332 -13 447 1 0 1
1.10359 0.375725 40.4558 2.25776 3.95444 70.7965 -1.88361 -13 448 1 0 1
-0.405608 0.822099 40.4558 2.98327 -0.49448 53.1113 -0.0603618 -13 449 1 0 1
5.40877 2.47356 40.4558 7.23181 1.75032 80.8753 0.1942 -13 451 1 0 1
1.16567 -0.688074 40.4558 4.15697 -3.11483 67.559 1.21326 -13 452 1 0 1
2.76645 -1.5893 40.4558 9.41826 -1.91444 59.6491 -0.210654 -13 453 1 0 1
-3.12529 1.89399 40.4558 0.433353 2.34609 50.9154 1.48316 -13 454 1 0 1
5.06459 0.653992 40.4558 13.2038 -2.01177 54.9571 0.319798 -13 455 1 0 1
4.63132 3.74956 40.4558 10.6751 9.60052 64.0152 -0.513053 -13 456 1 0 1
5.85407 -0.707343 40.4558 15.1904 2.51225 55.8887 0.927495 -13 457 1 0 1
4.60809 -10.1632 40.4558 10.6988 -16.6928 53.2162 -0.96756 -13 458 1 0 1
8.07208 4.92452 40.4558 17.2116 7.18305 73.3721 1.79909 -13 459 1 0 1
0.0407996 0.235887 40.4558 0.71534 3.26571 65.8032 -0.0374397 -13 460 1 0 1
-2.21637 2.36945 40.4558 -3.14358 8.03034 66.2646 0.470631 -13 461 1 0 1
3.79145 -1.05966 40.4558 9.94744 -1.63357 64.7985 -0.16639 -13 462 1 0 1
3.32832 0.0436726 40.4558 7.28058 0.911915 68.9527 1.59638 -13 463 1 0 1
5.0858 7.75214 40.4558 11.7999 16.2602 59.9222 -0.0203122 -13 464 1 0 1
-3.66866 7.50499 40.4558 -0.512362 9.7768 39.1444 -0.671824 -13 465 1 0 1
3.24941 3.54548 40.4558 8.79698 8.1947 56.7497 0.465446 -13 466 1 0 1
3.65355 3.3142 40.4558 10.2386 6.25343 39.2379 0.0224706 -13 467 1 0 1
1.55237 1.0705 40.4558 7.17661 -3.24941 56.2507 -0.701831 -13 468 1 0 1
0.675019 6.78348 40.4558 5.46966 11.1681 52.6027 0.591281 -13 469 1 0 1
3.38017 -4.50442 40.4558 8.06961 -6.58772 64.5591 -0.332483 -13 470 1 0 1
2.03877 4.54379 40.4558 8.0508 6.4685 49.5133 1.34342 -13 471 1 0 1
4.60398 -6.49937 40.4558 11.3061 -9.13506 42.3938 1.35665 -13 472 1 0 1
1.08626 -1.24444 40.4558 6.60682 -3.13394 55.4826 -0.474816 -13 473 1 0 1
5.62562 -3.0073 40.4558 14.0846 -6.08587 60.9182 -0.482378 -13 474 1 0 1
3.29063 2.20471 40.4558 6.8125 7.89131 72.0997 1.70271 -13 475 1 0 1
-3.53515 4.88266 40.4558 -4.8614 11.3965 61.6005 0.134998 -13 476 1 0 1
1.68454 6.16661 40.4558 5.50574 9.85378 67.1726 -1.15057 -13 477 1 0 1
0.148588 -3.11414 40.4558 1.75987 -4.87217 62.0818 -1.6453 -13 478 1 0 1
2.28121 1.12419 40.4558 7.42646 -0.25838 48.5373 -0.464304 -13 479 1 0 1
5.03221 1.94953 40.4558 12.4954 5.56535 54.1316 0.463128 -13 480 1 0 1
3.12904 -2.57587 40.4558 9.37131 -3.20058 34.7963 0.78114 -13 481 1 0 1
-1.33585 -2.00459 40.4558 3.12758 -6.56272 44.3957 0.566177 -13 482 1 0 1
-2.69042 5.52675 40.4558 -6.05425 10.6706 68.7696 0.93419 -13 483 1 0 1
-1.30291 1.29365 40.4558 -2.76737 0.696861 67.9069 -1.12072 -13 484 1 0 1
-4.30062 -5.14706 40.4558 -4.86777 -12.5258 57.8432 2.00748 -13 485 1 0 1
1.71937 -4.79858 40.4558 6.02885 -13.1164 57.9626 2.9033 -13 486 1 0 1
6.32908 2.79486 40.4558 13.2717 3.09103 68.4105 0.288199 -13 487 1 0 1
-6.15249 -1.82236 40.4558 -9.62962 -3.95543 61.146 -0.736683 -13 488 1 0 1
1.05289 0.272175 40.4558 6.15587 6.66004 42.7956 1.51992 -13 489 1 0 1
0.106699 -4.62284 40.4558 2.35277 -13.4337 62.5996 -1.6568 -13 490 1 0 1
3.56979 1.48485 40.4558 7.47529 -1.98077 70.411 1.01446 -13 491 1 0 1
2.30951 0.797114 40.4558 6.93934 5.98458 61.2233 1.33928 -13 492 1 0 1
-0.352416 -1.13223 40.4558 3.48072 -3.13084 59.9533 1.18235 -13 493 1 0 1
2.19777 -0.359925 40.4558 7.83602 -3.09702 37.6517 0.290395 -13 494 1 0 1
2.10372 7.36165 40.4558 8.58768 4.89705 41.3356 -2.51005 -13 495 1 0 1
-0.646183 -3.51675 40.4558 3.34808 -4.48698 43.9849 0.460174 -13 496 1 0 1
3.14426 -0.363374 40.4558 7.82567 -0.040464 64.3502 0.430148 -13 497 1 0 1
-0.168475 2.56497 40.4558 -0.388194 6.69612 69.2684 -0.268736 -13 498 1 0 1
1.26663 3.17481 40.4558 6.14207 2.26683 52.2926 -0.662657 -13 499 1 0 1
9.71311 0.379639 40.4558 19.5914 -2.8172 49.3762 -0.960257 -13 500 1 0 1
4.50465 2.79794 40.4558 5.7407 4.14467 79.4488 -0.141596 -13 501 1 0 1
-4.51472 5.18492 40.4558 -9.2221 7.45449 66.3838 -1.0093 -13 502 1 0 1
-0.659681 -6.37574 40.4558 -1.3789 -8.66964 69.6786 -1.46856 -13 503 1 0 1
1.76409 1.23853 40.4558 4.08675 4.76184 66.5409 0.449921 -13 504 1 0 1
8.7937 0.0139285 40.4558 19.5854 -0.116922 54.8098 -0.967807 -13 505 1 0 1
-0.36447 -0.435612 40.4558 -6.77847 -3.6239 79.2505 1.41999 -13 506 1 0 1
5.79404 6.75158 40.4558 12.7069 11.7062 48.3918 0.62383 -13 507 1 0 1
5.56055 -4.49289 40.4558 13.7431 -6.48337 61.9344 1.12762 -13 508 1 0 1
6.48699 -4.022 40.4558 12.9693 -8.44165 72.1765 0.164184 -13 509 1 0 1
-2.93717 3.99073 40.4558 -2.72981 7.0616 61.3471 1.30431 -13 510 1 0 1
-4.38438 -1.13577 40.4558 -10.9719 0.329643 71.5602 2.20014 -13 511 1 0 1
-1.93907 -2.18255 40.4558 -1.09472 -3.39435 59.1264 -0.25698 -13 512 1 0 1
3.07335 0.621216 40.4558 9.22651 3.63937 51.2512 1.27615 -13 513 1 0 1
-1.29074 0.647056 40.4558 0.647765 1.5865 55.6527 -3.33094 -13 514 1 0 1
-3.48322 0.129282 40.4558 -7.21837 1.31351 66.5661 -1.30566 -13 515 1 0 1
-0.581744 -0.0405162 40.4558 1.93348 4.98256 57.0041 -1.79879 -13 516 1 0 1
1.94839 -0.449096 40.4558 3.18496 -4.99638 72.3761 -0.988703 -13 517 1 0 1
1.76722 -0.125444 40.4558 5.84564 1.61204 65.2044 0.950966 -13 518 1 0 1
-1.08868 1.4814 40.4558 -8.44403 1.72231 78.576 0.0537621 -13 519 1 0 1
1.30977 -1.54486 40.4558 6.05934 -6.98477 60.7005 2.65936 -13 520 1 0 1
0.0197491 -5.26917 40.4558 0.0299933 -9.87538 70.044 -1.34401 -13 521 1 0 1
3.74084 2.33919 40.4558 2.97014 5.16829 80.5127 1.03562 -13 522 1 0 1
-2.64365 3.36628 40.4558 -6.28799 4.49948 70.0713 0.994688 -13 523 1 0 1
1.19996 -4.56386 40.4558 5.45849 -1.63703 61.5679 0.857296 -13 524 1 0 1
0.754225 6.98963 40.4558 6.07973 8.44418 40.3022 0.820853 -13 525 1 0 1
-1.87165 -1.59282 40.4558 -6.42327 1.50979 72.3537 0.166859 -13 526 1 0 1
-1.32805 5.15826 40.4558 -0.00774871 10.378 59.8008 1.15696 -13 527 1 0 1
-1.45681 2.03749 40.4558 1.87693 3.11469 55.313 2.81668 -13 528 1 0 1
7.13829 -3.86418 40.4558 14.7732 -14.7211 69.4841 0.922202 -13 529 1 0 1
2.16169 2.00653 40.4558 5.94702 4.17533 67.2519 -0.482524 -13 530 1 0 1
0.790053 1.60663 40.4558 5.46752 4.61572 58.9357 1.12071 -13 531 1 0 1
-5.00265 3.50299 40.4558 -4.37468 9.25282 53.5346 1.78626 -13 532 1 0 1
-2.35571 -9.41032 40.4558 1.0266 -9.66366 31.975 3.46705 -13 533 1 0 1
4.97008 -1.04349 40.4558 10.7488 -0.708508 69.8692 1.09157 -13 534 1 0 1
3.57711 3.86451 40.4558 7.03647 16.1688 68.1058 -2.70542 -13 535 1 0 1
4.03829 -1.01682 40.4558 10.6922 1.73701 54.9189 -0.780505 -13 536 1 0 1
4.85194 4.78257 40.4558 13.057 7.7265 61.5972 0.234593 -13 538 1 0 1
-16.8315 10.2874 40.4558 -15.6128 0.294822 40.744 1.1776 -13 539 1 0 1
8.57156 -2.33532 40.4558 16.5725 -4.13933 75.9234 1.50014 -13 540 1 0 1
1.28602 3.79215 40.4558 1.52724 11.7768 70.8086 1.06924 -13 541 1 0 1
3.58453 1.22793 40.4558 8.29549 5.0829 67.5416 0.132739 -13 542 1 0 1
5.34322 -1.15794 40.4558 12.899 -6.81733 66.1282 -0.396281 -13 543 1 0 1
3.47155 -0.486712 40.4558 9.25768 -2.19421 63.6245 0.548214 -13 544 1 0 1
-0.028223 -9.85963 40.4558 -1.18146 -24.8697 68.5182 1.2682 -13 545 1 0 1
2.68002 -10.2325 40.4558 7.66462 -13.8398 42.9233 0.637334 -13 546 1 0 1
0.746194 6.26298 40.4558 4.97873 12.4657 52.2455 -0.572539 -13 547 1 0 1
2.53849 1.39862 40.4558 6.93562 7.47232 61.4844 2.38858 -13 548 1 0 1
3.12563 -3.67718 40.4558 9.21598 -3.05359 57.6268 2.69253 -13 549 1 0 1
-4.9015 5.18122 40.4558 -10.994 13.7362 67.4828 -2.37437 -13 550 1 0 1
3.70745 -6.3518 40.4558 8.97154 -3.38987 36.0701 1.39321 -13 551 1 0 1
-3.49422 -1.62642 40.4558 -3.52718 -5.06152 60.0328 0.351792 -13 553 1 0 1
-3.10244 -0.250902 40.4558 -5.69639 -2.69015 65.7457 -0.890165 -13 554 1 0 1
6.31723 3.15775 40.4558 11.4345 7.61602 72.9236 1.35867 -13 555 1 0 1
-1.03887 4.55774 40.4558 0.969762 7.60538 56.9934 0.619429 -13 556 1 0 1
3.93303 0.0947759 40.4558 10.2682 -1.35013 61.2751 2.5538 -13 557 1 0 1
1.05171 0.281021 40.4558 4.12113 -2.0893 64.0408 -2.48926 -13 558 1 0 1
-4.8887 2.73116 40.4558 -3.07325 4.84101 47.2002 -1.28625 -13 560 1 0 1
-3.187 3.06449 40.4558 -7.85533 3.57628 69.4462 1.21713 -13 562 1 0 1
5.01707 -0.232044 40.4558 10.0235 -4.04916 70.3232 -0.222575 -13 564 1 0 1
-4.65659 -1.93805 40.4558 -5.30314 -1.29149 57.0557 1.38864 -13 565 1 0 1
-0.791771 0.561551 40.4558 -4.60615 -0.20012 74.0809 0.851672 -13 566 1 0 1
-2.88591 -2.22742 40.4558 -0.652934 -2.1682 53.5432 0.326231 -13 567 1 0 1
-1.00602 1.04531 40.4558 -3.02616 4.31497 71.9529 0.289643 -13 568 1 0 1
1.50202 -2.62181 40.4558 4.90451 -6.18374 61.7568 1.91374 -13 569 1 0 1
0.399864 -4.84872 40.4558 5.25606 -5.96976 52.5763 -2.28012 -13 570 1 0 1
0.250644 4.17313 40.4558 4.3754 5.83648 27.4429 0.0284768 -13 571 1 0 1
3.25947 -1.83423 40.4558 5.04492 -8.17564 75.3597 -0.0351586 -13 572 1 0 1
-2.54376 1.26646 40.4558 -5.14986 -2.57902 68.5933 2.05643 -13 573 1 0 1
-1.87154 8.52695 40.4558 -1.27717 19.707 58.178 -0.840494 -13 574 1 0 1
1.74873 -1.38065 40.4558 3.41047 -3.22747 69.8006 0.294764 -13 575 1 0 1
0.982585 3.05556 40.4558 2.54471 0.344026 68.9924 -0.78199 -13 576 1 0 1
2.95678 -4.17017 40.4558 6.99682 -2.52811 65.6912 -1.85914 -13 577 1 0 1
-0.0925558 5.57671 40.4558 -1.9215 14.043 72.414 2.05276 -13 578 1 0 1
5.42803 -6.12014 40.4558 13.582 -12.7298 60.7863 -0.127363 -13 579 1 0 1
-3.6267 2.73527 40.4558 -7.59734 9.96803 66.7235 1.58999 -13 580 1 0 1
4.1581 2.05345 40.4558 10.6701 1.41528 62.003 0.190318 -13 581 1 0 1
7.85089 -0.467724 40.4558 16.3675 2.24739 47.0264 0.131644 -13 582 1 0 1
3.70431 0.705129 40.4558 7.51061 -0.400318 71.2239 -0.330101 -13 583 1 0 1
4.90889 4.43513 40.4558 10.9271 4.9712 63.998 -0.641072 -13 584 1 0 1
1.10201 -5.66824 40.4558 2.74572 -15.0793 64.0354 -1.93277 -13 585 1 0 1
4.25562 -3.71448 40.4558 8.3665 -11.1462 71.2913 2.29456 -13 586 1 0 1
-1.10669 5.15725 40.4558 -5.29604 16.7723 72.9807 0.475563 -13 587 1 0 1
4.1884 -2.02188 40.4558 9.86742 -0.775632 66.5839 -2.00765 -13 588 1 0 1
2.29077 2.65622 40.4558 4.48181 4.15567 70.7513 -1.13264 -13 589 1 0 1
-2.28674 -4.01148 40.4558 -7.60292 -14.107 73.7031 -0.751679 -13 590 1 0 1
-0.289046 -1.20911 40.4558 -5.34408 0.568053 78.3224 2.69325 -13 591 1 0 1
0.572766 0.153142 40.4558 1.33895 -1.58561 71.6933 -2.49991 -13 592 1 0 1
2.14171 3.2708 40.4558 6.92771 0.990459 64.3166 2.06111 -13 593 1 0 1
-2.58937 0.920819 40.4558 -4.60439 -0.886738 63.9988 0.360848 -13 594 1 0 1
3.19666 -2.29401 40.4558 8.05002 -1.25458 64.0007 0.705492 -13 595 1 0 1
-2.55784 -0.678384 40.4558 -13.3024 -2.48619 78.688 0.0401067 -13 597 1 0 1
3.87227 -3.68558 40.4558 2.81929 -11.283 80.6848 -1.60096 -13 598 1 0 1
-2.72522 -0.494733 40.4558 0.767123 -0.847651 48.1203 -1.4261 -13 599 1 0 1
0.965684 -5.02654 40.4558 6.10589 -8.69242 50.0818 0.702434 -13 600 1 0 1
3.96958 0.8227 40.4558 9.9924 1.04484 59.102 1.31988 -13 601 1 0 1
2.21081 -3.08012 40.4558 6.83133 -5.8569 64.5061 0.766233 -13 602 1 0 1
-5.64583 -1.96952 40.4558 -12.2512 -3.65098 67.7152 -1.13217 -13 603 1 0 1
4.10392 -1.41583 40.4558 12.1663 -4.2714 46.765 0.315922 -13 604 1 0 1
-0.224558 -8.38181 40.4558 2.25421 -13.9232 59.4727 0.199663 -13 605 1 0 1
5.62297 0.142581 40.4558 11.7633 0.186585 65.7925 2.76121 -13 606 1 0 1
7.16898 4.34259 40.4558 12.6421 15.9656 74.9869 -0.619329 -13 607 1 0 1
-3.42065 -0.788212 40.4558 -9.97822 5.07027 72.9263 0.290813 -13 609 1 0 1
-1.51366 0.315817 40.4558 -2.85656 8.49256 67.4201 -1.52853 -13 610 1 0 1
-1.15186 0.981963 40.4558 1.93125 -1.67729 54.8751 1.07048 -13 611 1 0 1
7.83186 0.262691 40.4558 16.7863 3.95144 55.0564 -2.07571 -13 612 1 0 1
6.28993 -4.85786 40.4558 12.4459 -5.7749 38.2834 1.54719 -13 613 1 0 1
2.49123 -1.47445 40.4558 7.40271 -6.933 64.7099 -0.151629 -13 614 1 0 1
-1.81066 -0.495319 40.4558 -5.34537 -7.00288 73.6203 0.963098 -13 615 1 0 1
4.77872 1.83846 40.4558 7.53604 7.59612 78.2194 -0.0691735 -13 616 1 0 1
3.54664 -4.25195 40.4558 8.81131 -6.52809 63.7999 -0.536676 -13 617 1 0 1
-0.0640234 10.152 40.4558 2.12629 20.8028 56.9947 -0.859717 -13 618 1 0 1
6.91363 7.41784 40.4558 14.6852 14.2729 47.8721 0.905508 -13 619 1 0 1
1.65681 2.05814 40.4558 -0.678629 4.47389 78.1147 -2.06157 -13 620 1 0 1
2.30334 -4.45454 40.4558 7.42063 -3.41245 59.9732 0.846638 -13 621 1 0 1
6.59098 -14.3476 40.4558 14.5561 -21.6529 54.8614 0.539309 -13 622 1 0 1
0.756537 -1.92908 40.4558 4.86816 1.11038 60.6284 -0.128831 -13 623 1 0 1
4.28063 1.85258 40.4558 11.2737 1.1503 65.0517 -0.133717 -13 624 1 0 1
-5.95469 8.54428 40.4558 -7.37803 10.7505 54.1516 -0.660052 -13 625 1 0 1
2.70825 0.0617519 40.4558 4.59109 -3.09472 70.9609 2.61266 -13 626 1 0 1
-2.17985 0.115889 40.4558 -9.12824 7.90821 76.2996 0.732773 -13 627 1 0 1
6.13583 1.53881 40.4558 13.6416 5.37436 71.9145 0.30434 -13 628 1 0 1
-0.356506 5.45872 40.4558 1.46458 13.8984 65.3332 0.3596 -13 629 1 0 1
-1.93865 -0.304036 40.4558 -2.2536 2.20942 64.6289 0.828117 -13 630 1 0 1
1.06303 -0.294372 40.4558 6.37174 0.320758 59.3715 -0.480014 -13 631 1 0 1
1.7383 -1.68721 40.4558 4.26875 -2.66819 67.966 -1.34435 -13 632 1 0 1
12.7843 4.01842 40.4558 26.1441 5.70316 52.2073 -0.620232 -13 633 1 0 1
-5.57717 10.0898 40.4558 -8.38919 19.7096 58.2531 0.0605201 -13 634 1 0 1
8.2312 -1.17179 40.4558 17.6631 -0.0695226 50.2665 0.387298 -13 635 1 0 1
-1.83483 2.48819 40.4558 -6.18189 10.8411 72.8149 -1.94421 -13 636 1 0 1
5.62391 0.862093 40.4558 10.9388 -0.234089 72.0443 0.255163 -13 637 1 0 1
0.946677 -6.98048 40.4558 5.67028 -7.37114 31.543 0.284508 -13 638 1 0 1
3.9181 -5.0728 40.4558 8.86705 -10.5518 65.4721 -1.79069 -13 639 1 0 1
3.83076 3.1988 40.4558 9.14721 3.96487 39.1546 -1.94106 -13 640 1 0 1
5.10743 -5.71547 40.4558 11.7618 -13.0047 60.9639 -1.14199 -13 641 1 0 1
1.84551 -5.56126 40.4558 7.3252 -7.73218 57.7146 0.1415 -13 642 1 0 1
2.89644 -6.55401 40.4558 5.50746 -15.3369 69.8509 -0.215565 -13 643 1 0 1
-2.61684 -5.16682 40.4558 -0.769803 -10.3013 50.6772 2.43314 -13 644 1 0 1
3.09019 -5.37978 40.4558 9.15374 -8.75035 56.5496 1.18211 -13 645 1 0 1
-2.94008 2.10279 40.4558 -9.24545 4.1223 72.1063 1.50935 -13 646 1 0 1
-3.62696 -1.01643 40.4558 -14.4241 0.184627 77.4368 -1.3435 -13 647 1 0 1
4.27565 -0.433096 40.4558 10.3295 0.493398 67.9112 0.0413912 -13 649 1 0 1
2.09421 -3.88096 40.4558 2.40529 -6.10395 73.8487 1.10492 -13 650 1 0 1
2.98693 1.62498 40.4558 6.42195 2.74516 68.1744 0.640584 -13 651 1 0 1
0.172252 -3.06582 40.4558 0.934877 -8.04022 66.1233 1.14676 -13 652 1 0 1
2.22295 -3.60751 40.4558 4.59845 -5.10734 68.5055 0.767978 -13 653 1 0 1
2.55375 -1.5892 40.4558 10.0035 -1.74179 40.866 -0.226942 -13 654 1 0 1
-1.80705 -4.20829 40.4558 2.27501 -6.99489 36.243 0.36704 -13 655 1 0 1
-3.36108 4.6599 40.4558 -6.36009 13.5618 64.2214 0.0315951 -13 656 1 0 1
4.75398 -3.72961 40.4558 11.898 -2.90639 60.7207 0.752205 -13 657 1 0 1
1.34706 -6.35634 40.4558 2.14546 -9.38255 69.5411 2.35784 -13 659 1 0 1
1.54856 -2.90426 40.4558 3.58291 -4.9304 66.5268 -1.37072 -13 660 1 0 1
1.35897 -0.151236 40.4558 -1.23242 -6.74308 76.7575 1.75699 -13 661 1 0 1
-1.13088 2.42142 40.4558 0.943992 4.62481 58.6396 -0.130324 -13 662 1 0 1
4.33917 0.720215 40.4558 11.3932 3.64238 57.1079 0.582894 -13 663 1 0 1
0.826071 -4.19925 40.4558 0.168189 -7.99566 70.6838 1.86243 -13 664 1 0 1
1.07646 -1.69258 40.4558 -1.04074 -6.47783 76.9959 0.426001 -13 665 1 0 1
-4.14491 0.601093 40.4558 -5.63607 3.19001 61.9844 1.11156 -13 666 1 0 1
-1.42857 -0.549575 40.4558 -0.701001 0.141234 61.2262 -2.02158 -13 667 1 0 1
-0.0524839 -2.90484 40.4558 4.13152 -4.7895 36.6052 0.913842 -13 668 1 0 1
2.3893 -6.14068 40.4558 6.6884 -12.94 67.2223 1.51132 -13 669 1 0 1
0.236133 0.286255 40.4558 -1.1274 2.29708 73.4012 0.151333 -13 670 1 0 1
7.22021 -4.68658 40.4558 16.6478 -8.87484 61.5042 0.616624 -13 671 1 0 1
6.50851 5.53615 40.4558 13.6102 9.20841 55.4018 1.70135 -13 672 1 0 1
1.75971 11.4023 40.4558 6.09687 19.2227 57.9691 0.477245 -13 673 1 0 1
8.47128 3.40614 40.4558 17.1823 7.01062 60.5606 0.990855 -13 674 1 0 1
0.187311 -6.40982 40.4558 2.62541 -14.9988 62.1531 3.30623 -13 675 1 0 1
7.76644 1.60104 40.4558 16.0669 4.94554 47.9822 -0.0176899 -13 676 1 0 1
8.25417 0.173804 40.4558 16.8246 -1.27881 65.2193 1.13786 -13 677 1 0 1
2.74941 1.59568 40.4558 5.26857 11.9941 71.4651 1.67575 -13 678 1 0 1
-2.25273 5.67566 40.4558 -4.80555 13.3148 67.2258 0.141449 -13 679 1 0 1
-2.28852 3.10775 40.4558 0.057746 3.41987 56.4712 -0.746971 -13 680 1 0 1
1.76646 0.568221 40.4558 2.49702 -6.8595 73.418 -3.10663 -13 681 1 0 1
2.32598 -4.6877 40.4558 7.80403 -11.732 35.0668 0.193594 -13 682 1 0 1
9.85347 -0.11783 40.4558 20.0268 5.78821 58.8994 2.18628 -13 683 1 0 1
0.142999 -4.59379 40.4558 2.53574 -8.0486 61.23 -0.0703711 -13 684 1 0 1
12.5497 -2.12227 40.4558 25.8326 -8.54478 66.1473 -1.53219 -13 685 1 0 1
3.20642 4.39893 40.4558 6.90743 10.5079 69.2988 0.550675 -13 686 1 0 1
-5.10902 3.06011 40.4558 -3.68521 7.53919 45.9419 1.85933 -13 687 1 0 1
0.379133 3.48676 40.4558 1.71401 4.0703 66.8901 0.10895 -13 688 1 0 1
-10.7346 8.00137 40.4558 -3.75914 6.18321 19.2922 0.00784125 -13 689 1 0 1
3.8724 -4.50473 40.4558 10.4753 -11.5914 59.1729 1.14681 -13 690 1 0 1
2.42364 1.71561 40.4558 5.82069 -0.296179 65.3869 -1.81204 -13 691 1 0 1
-1.00167 1.90821 40.4558 -0.286254 -1.23009 62.5022 -0.801736 -13 692 1 0 1
3.02262 2.57634 40.4558 8.36992 -3.3141 50.5246 1.98937 -13 693 1 0 1
2.21682 -5.28631 40.4558 5.63005 -6.54695 65.0074 2.51389 -13 694 1 0 1
2.9981 3.38372 40.4558 8.22028 7.40429 64.6983 0.49986 -13 696 1 0 1
0.774123 1.29887 40.4558 -0.410432 5.52077 71.3022 0.676714 -13 697 1 0 1
7.63207 -5.07565 40.4558 16.6265 -5.03115 42.6142 -0.527727 -13 699 1 0 1
2.1578 -1.78611 40.4558 3.15216 -3.80744 72.6412 1.54169 -13 700 1 0 1
3.60852 4.22014 40.4558 8.28245 13.1481 68.7265 1.49053 -13 701 1 0 1
3.62073 0.145038 40.4558 9.5592 0.893481 44.4217 1.50474 -13 702 1 0 1
-0.463358 2.97264 40.4558 -7.12678 5.16703 79.7383 -2.07681 -13 703 1 0 1
6.07576 3.82096 40.4558 15.0483 10.4371 55.6752 -0.306657 -13 704 1 0 1
1.27918 2.99162 40.4558 6.37441 3.60358 53.8677 1.58251 -13 705 1 0 1
0.107681 1.45766 40.4558 4.89099 3.17912 55.1149 -1.43481 -13 706 1 0 1
2.47069 -0.529986 40.4558 4.36024 5.71128 72.3319 3.46853 -13 707 1 0 1
-4.46226 -3.3362 40.4558 -5.5745 -6.50895 59.4365 0.672257 -13 708 1 0 1
2.04167 -1.66093 40.4558 5.9819 -6.45468 66.0535 0.237051 -13 709 1 0 1
0.481119 0.872766 40.4558 5.83412 -1.91631 45.2781 -0.786555 -13 710 1 0 1
3.51424 1.72148 40.4558 9.62264 -0.504025 50.8992 -0.152648 -13 711 1 0 1
0.966758 -4.84402 40.4558 1.76285 -9.8379 68.8431 1.54324 -13 712 1 0 1
1.98462 -2.89615 40.4558 -1.82253 -10.917 80.4184 0.153532 -13 713 1 0 1
1.46537 0.822675 40.4558 6.76831 -2.16122 49.9978 1.82913 -13 714 1 0 1
1.00457 1.95306 40.4558 1.04474 7.37696 71.594 -0.922319 -13 715 1 0 1
4.98493 5.34851 40.4558 13.0854 8.31834 49.0344 1.40056 -13 716 1 0 1
-1.23248 -1.20143 40.4558 2.21522 -3.08183 52.8877 1.96122 -13 717 1 0 1
-0.607812 1.20247 40.4558 -3.07951 -0.12489 72.7282 1.09414 -13 718 1 0 1
4.19179 0.220613 40.4558 8.55705 4.09086 71.6553 0.0550288 -13 719 1 0 1
1.85964 5.28803 40.4558 5.29528 11.6403 65.6454 2.24275 -13 720 1 0 1
5.60961 -5.15651 40.4558 11.338 -11.3104 70.7091 0.0687846 -13 721 1 0 1
3.04664 -4.48723 40.4558 8.76507 -9.62481 54.0549 -1.3592 -13 722 1 0 1
1.44283 -3.95806 40.4558 4.78055 -4.29088 61.8847 -1.04475 -13 723 1 0 1
2.96342 5.94102 40.4558 5.19941 11.5494 72.2841 2.15805 -13 724 1 0 1
-0.906005 5.28319 40.4558 1.76777 7.25791 56.2995 -0.110182 -13 725 1 0 1
8.82295 -6.06128 40.4558 19.0072 -11.1735 51.7403 -0.803499 -13 726 1 0 1
4.82251 0.990211 40.4558 11.2617 2.0953 44.3221 2.12475 -13 727 1 0 1
5.16761 11.8287 40.4558 10.8933 17.8064 40.1431 -0.124278 -13 728 1 0 1
4.55274 -2.76505 40.4558 6.99925 -5.41899 76.6285 -1.67307 -13 729 1 0 1
-2.38977 -8.03546 40.4558 2.69817 -7.7939 37.9755 0.000152882 -13 730 1 0 1
0.279303 -2.81816 40.4558 0.0114614 -4.31804 70.8355 -1.08689 -13 731 1 0 1
-0.560937 2.19238 40.4558 -0.572894 2.07329 69.5482 2.16401 -13 732 1 0 1
-3.03827 0.893255 40.4558 0.490889 -2.15107 47.1997 -0.23999 -13 733 1 0 1
3.52823 2.06963 40.4558 7.66501 -7.1529 70.9626 2.40326 -13 734 1 0 1
12.947 4.86321 40.4558 21.9168 4.57045 42.4413 -0.981363 -13 735 1 0 1
2.95518 3.6728 40.4558 8.88265 5.6267 47.1691 -0.0260203 -13 736 1 0 1
-0.457891 4.78584 40.4558 1.76018 8.31669 63.3069 2.22297 -13 737 1 0 1
5.61569 -0.866224 40.4558 13.192 1.23308 57.7875 1.69589 -13 738 1 0 1
3.98752 -2.28531 40.4558 10.3938 -1.21444 58.876 -0.983803 -13 739 1 0 1
-0.0287937 1.36617 40.4558 -2.14611 2.53395 73.4933 0.92736 -13 740 1 0 1
10.2853 -3.24858 40.4558 11.6595 -2.00935 22.9772 2.01772 -13 741 1 0 1
-7.52871 0.17784 40.4558 -6.31972 1.99717 45.0618 -2.04186 -13 742 1 0 1
1.00607 1.86866 40.4558 1.72159 7.01561 72.231 1.47922 -13 743 1 0 1
0.460378 4.15473 40.4558 4.66858 4.61913 55.7139 0.428016 -13 744 1 0 1
6.4841 5.71081 40.4558 12.0283 11.6276 70.9158 2.10691 -13 745 1 0 1
2.46168 -2.70563 40.4558 5.62295 -6.14076 68.5149 -1.66679 -13 746 1 0 1
2.16672 -1.3118 40.4558 5.24483 -2.39476 68.1192 0.329871 -13 747 1 0 1
-3.24737 -0.0237793 40.4558 -0.345748 1.50849 50.074 -1.64113 -13 748 1 0 1
4.80353 -2.91833 40.4558 8.89446 -7.39261 72.7748 1.27445 -13 749 1 0 1
0.565386 6.18685 40.4558 3.54932 3.60356 63.8195 0.863588 -13 750 1 0 1
-0.152056 4.99036 40.4558 3.72351 10.8442 53.0317 0.182108 -13 751 1 0 1
0.775628 4.38333 40.4558 2.60523 13.5883 67.2066 -0.333368 -13 752 1 0 1
0.517741 1.81582 40.4558 3.36403 -0.245868 64.8303 -0.884298 -13 753 1 0 1
-1.84323 -1.48206 40.4558 -4.11592 -1.14322 70.6174 0.460524 -13 754 1 0 1
4.5122 -0.07808 40.4558 7.744 -1.91869 75.4763 -1.28471 -13 755 1 0 1
4.24212 2.03326 40.4558 9.29787 9.26267 67.5612 -0.887369 -13 756 1 0 1
7.46268 -3.84431 40.4558 17.0371 -4.92938 51.3353 -0.948778 -13 757 1 0 1
1.45538 0.810418 40.4558 7.28859 -3.09982 56.5178 0.515057 -13 758 1 0 1
4.84669 -7.96125 40.4558 10.8167 -17.5105 60.5709 1.30808 -13 759 1 0 1
2.2709 -0.981832 40.4558 7.98479 -2.59163 54.9943 0.360801 -13 760 1 0 1
0.364382 -5.12386 40.4558 3.15918 -7.40365 58.79 0.849689 -13 761 1 0 1
-4.90422 0.894602 40.4558 -2.00929 3.7822 38.1505 -0.766726 -13 762 1 0 1
7.95632 1.03687 40.4558 16.9832 6.32861 58.8928 1.42682 -13 763 1 0 1
3.56807 1.50974 40.4558 7.3371 4.52514 70.0868 -2.44444 -13 764 1 0 1
0.155258 -2.31429 40.4558 3.18951 -6.35594 65.3144 -0.402569 -13 765 1 0 1
-5.16543 10.8045 40.4558 -0.926628 9.77448 25.2751 -0.889259 -13 766 1 0 1
4.21595 -0.00684306 40.4558 11.1187 -1.34896 58.4736 -0.288787 -13 767 1 0 1
6.01439 -9.55599 40.4558 13.4716 -20.2318 64.643 0.776519 -13 768 1 0 1
1.98704 2.17251 40.4558 7.90312 -0.0406141 39.8891 0.30501 -13 769 1 0 1
-1.80941 0.416029 40.4558 -4.28178 -8.80942 70.9371 -0.899648 -13 770 1 0 1
3.38615 -7.70723 40.4558 9.70676 -11.255 39.142 -0.493094 -13 771 1 0 1
0.832443 4.37425 40.4558 5.29557 6.74715 55.6603 -0.0195175 -13 772 1 0 1
6.67174 -0.205823 40.4558 11.9459 0.657308 76.2949 0.6553 -13 773 1 0 1
-2.41863 -1.97559 40.4558 -1.0304 -1.17864 59.0529 1.0986 -13 774 1 0 1
8.94478 -1.11921 40.4558 19.7898 -4.9003 58.7121 0.0807909 -13 775 1 0 1
-0.693706 3.41395 40.4558 2.67622 6.90467 55.7697 2.68236 -13 776 1 0 1
-1.36969 -2.76484 40.4558 -2.8094 -8.39011 67.7572 0.116799 -13 777 1 0 1
-0.00164744 3.63066 40.4558 4.39561 9.50657 46.4537 2.7567 -13 778 1 0 1
-0.983677 -4.27681 40.4558 -1.57143 -9.37259 68.8091 1.8332 -13 779 1 0 1
3.95069 -0.00588967 40.4558 10.7112 0.813062 67.3144 -0.759753 -13 780 1 0 1
0.143031 2.43185 40.4558 1.66365 2.53885 66.5016 0.0352886 -13 781 1 0 1
-3.04557 -3.31547 40.4558 -4.76691 -6.81112 63.4205 0.659059 -13 782 1 0 1
6.13891 -2.71662 40.4558 14.6554 -3.53792 58.0074 1.13677 -13 783 1 0 1
-4.08555 -7.77824 40.4558 -7.02347 -19.738 63.9782 -0.720605 -13 784 1 0 1
-2.41796 0.343667 40.4558 -10.8492 -7.37107 78.0355 -0.0609867 -13 785 1 0 1
8.18675 3.00914 40.4558 16.8583 2.58065 45.5985 -0.857036 -13 787 1 0 1
-4.82724 0.864424 40.4558 -7.47742 -0.0149368 61.9723 -0.781378 -13 788 1 0 1
8.7292 0.0723711 40.4558 18.8897 -5.03688 69.6444 0.581826 -13 789 1 0 1
2.6111 -0.299996 40.4558 6.90256 -5.31688 60.2984 2.15946 -13 790 1 0 1
4.22056 -4.83609 40.4558 9.85223 -14.2569 67.0578 -1.27253 -13 791 1 0 1
-1.12857 -0.715568 40.4558 -1.11349 -0.950847 67.2619 2.33662 -13 792 1 0 1
4.09861 0.668694 40.4558 10.6839 -1.57394 52.7863 1.94144 -13 793 1 0 1
2.59859 -5.86504 40.4558 6.28922 -10.3113 68.8852 0.43177 -13 794 1 0 1
-2.7854 -5.17209 40.4558 -2.50181 -10.8188 56.5945 -2.25179 -13 795 1 0 1
-3.48445 1.32726 40.4558 -2.62496 2.01391 59.1384 0.0486311 -13 796 1 0 1
0.518632 1.05513 40.4558 5.73297 -2.24198 48.5598 -0.665156 -13 797 1 0 1
2.71405 6.82308 40.4558 3.2325 17.5744 73.9297 2.14156 -13 798 1 0 1
1.73553 3.0705 40.4558 5.26707 4.83864 63.9163 1.05701 -13 799 1 0 1
-4.26595 1.13325 40.4558 -5.64287 5.68699 60.3505 1.3446 -13 800 1 0 1
5.36496 2.50516 40.4558 12.931 -0.74233 68.2685 2.37406 -13 801 1 0 1
2.07196 -1.11557 40.4558 5.223 -5.63098 67.7246 -1.13909 -13 802 1 0 1
3.19191 -0.347431 40.4558 4.00985 6.10449 76.1043 -1.54618 -13 803 1 0 1
9.32819 0.0182128 40.4558 18.6877 0.978244 48.0597 -0.330953 -13 804 1 0 1
0.505383 1.31238 40.4558 4.64778 1.73471 27.6287 -0.157795 -13 805 1 0 1
-0.443627 -1.84837 40.4558 2.69245 -4.49135 55.5519 1.14707 -13 806 1 0 1
-1.24097 -5.78236 40.4558 -0.969181 -9.90334 66.728 0.537988 -13 807 1 0 1
-5.46949 3.90797 40.4558 -0.956635 5.10728 34.6217 1.59854 -13 808 1 0 1
-2.61046 0.326618 40.4558 -3.83543 0.326538 65.5791 -0.408799 -13 809 1 0 1
0.351578 -0.382735 40.4558 -2.85203 -3.82922 77.2796 -0.534778 -13 810 1 0 1
2.4508 0.0579484 40.4558 5.99935 2.71172 70.6553 -0.0710345 -13 811 1 0 1
-5.34811 -5.05569 40.4558 -2.71502 -4.89312 41.2295 2.13446 -13 812 1 0 1
7.52576 3.50308 40.4558 16.8007 9.00015 54.602 0.91958 -13 813 1 0 1
-0.274064 -2.47562 40.4558 1.71175 -1.01032 63.0218 0.857923 -13 814 1 0 1
4.32146 2.61443 40.4558 11.43 5.62844 55.0582 -1.90418 -13 815 1 0 1
1.92944 -1.90213 40.4558 0.165165 -4.5474 77.6349 1.62653 -13 816 1 0 1
0.477585 -1.24117 40.4558 6.63222 -1.45656 38.6757 -1.49634 -13 817 1 0 1
2.91442 -3.41878 40.4558 9.46515 -8.007 49.4225 0.0472066 -13 820 1 0 1
-1.75899 -1.55482 40.4558 0.998393 1.1053 53.3141 -1.59486 -13 821 1 0 1
0.614408 3.4621 40.4558 -8.20319 2.63581 81.0367 0.762107 -13 822 1 0 1
3.30037 0.624316 40.4558 10.2296 -1.41086 56.7759 0.0573927 -13 823 1 0 1
-0.0184486 -0.343243 40.4558 5.27048 -1.17774 23.8919 0.310858 -13 824 1 0 1
-0.672065 -2.94655 40.4558 0.109479 -6.56118 61.7286 0.41678 -13 825 1 0 1
2.8594 1.92559 40.4558 6.54033 8.12027 66.7936 -1.25735 -13 826 1 0 1
2.5154 -4.43801 40.4558 7.36177 -11.8598 62.4174 2.80078 -13 827 1 0 1
-0.807388 2.30347 40.4558 0.356794 1.21386 65.3532 -2.32335 -13 828 1 0 1
8.0609 -10.1888 40.4558 15.2494 -16.9345 46.5704 0.955022 -13 829 1 0 1
3.45315 -3.52588 40.4558 8.60726 -8.61119 64.6396 -0.0279857 -13 830 1 0 1
3.33054 -0.304987 40.4558 7.87312 -3.46585 65.6812 2.11881 -13 831 1 0 1
0.638582 -3.82441 40.4558 5.05478 -8.17144 56.0248 0.503997 -13 832 1 0 1
0.255528 -2.32866 40.4558 2.3143 -5.29012 62.237 0.509056 -13 833 1 0 1
0.441308 -5.48816 40.4558 3.91682 -8.08798 60.8329 -0.0919236 -13 834 1 0 1
1.68421 -5.19143 40.4558 -1.57715 -15.2526 77.4896 -0.814734 -13 835 1 0 1
5.47146 5.40188 40.4558 11.4783 13.2203 64.8291 0.0211085 -13 836 1 0 1
7.64559 -8.43206 40.4558 16.423 -12.1587 64.7969 1.17265 -13 837 1 0 1
4.65759 3.51124 40.4558 9.36715 3.14023 71.4868 -1.19467 -13 838 1 0 1
0.712321 -4.99638 40.4558 5.49574 -5.86024 55.9075 -0.267467 -13 839 1 0 1
-3.1675 2.34779 40.4558 -3.84358 3.43863 60.7602 2.56619 -13 840 1 0 1
-0.536533 5.18885 40.4558 2.37036 6.69868 59.1462 -1.68726 -13 841 1 0 1
1.21911 -3.70642 40.4558 1.10954 -6.91366 72.9543 -0.841795 -13 842 1 0 1
0.671751 -3.01681 40.4558 -1.64379 -14.4858 73.8555 0.617399 -13 843 1 0 1
-1.85057 6.28101 40.4558 -0.417268 12.0483 59.0435 1.03111 -13 844 1 0 1
3.94655 -0.548422 40.4558 10.4888 1.39001 59.7563 1.12179 -13 845 1 0 1
6.95708 -8.35028 40.4558 12.4157 -8.36737 36.3359 0.632131 -13 846 1 0 1
4.72186 -6.22201 40.4558 12.1401 -4.83826 58.7691 -1.02951 -13 847 1 0 1
-2.28093 0.767272 40.4558 -0.73217 -1.94089 56.4013 -0.664723 -13 848 1 0 1
-3.92342 -2.63327 40.4558 -3.25787 -2.88694 54.5201 -1.85839 -13 849 1 0 1
4.33099 -2.45232 40.4558 9.08602 -4.7061 68.7925 -0.748397 -13 850 1 0 1
-0.925562 3.99507 40.4558 1.32913 5.45355 60.1963 -0.336879 -13 851 1 0 1
6.34922 -1.19291 40.4558 10.8813 -1.80931 75.346 0.638626 -13 852 1 0 1
-0.250124 2.80355 40.4558 1.9753 5.56928 61.4427 1.22528 -13 853 1 0 1
1.13317 1.519 40.4558 1.06062 -2.09488 70.0586 -0.68821 -13 854 1 0 1
0.242306 4.37653 40.4558 2.98759 9.01664 62.919 0.25753 -13 855 1 0 1
-4.09594 1.00092 40.4558 -5.42819 -4.45971 59.2643 0.467588 -13 856 1 0 1
2.04171 -3.09728 40.4558 6.02742 -0.271033 66.1062 -0.734862 -13 857 1 0 1
-7.07153 2.11189 40.4558 -14.3542 3.31947 65.1481 -2.26197 -13 858 1 0 1
-1.9941 -0.837779 40.4558 1.10712 0.312094 53.892 1.73843 -13 859 1 0 1
-0.200878 1.77501 40.4558 0.248345 4.49209 68.313 1.45821 -13 860 1 0 1
2.08992 -2.16382 40.4558 1.72573 -6.57426 77.2694 -1.68782 -13 861 1 0 1
1.46711 1.91937 40.4558 4.81736 6.21708 64.0297 0.0567046 -13 862 1 0 1
-4.82913 -4.43291 40.4558 -7.24654 -6.89661 60.2534 0.340257 -13 863 1 0 1
2.13875 -0.95376 40.4558 6.93087 -0.255971 63.0931 -0.469976 -13 864 1 0 1
-1.335 -3.86555 40.4558 1.32682 -3.73877 55.6426 1.92946 -13 865 1 0 1
2.89176 5.40563 40.4558 8.30257 13.6185 55.8283 0.0903678 -13 866 1 0 1
6.12692 4.02667 40.4558 11.8581 6.9154 73.9932 -0.515138 -13 867 1 0 1
1.72414 1.39047 40.4558 -1.32224 0.243131 78.9963 -1.49844 -13 868 1 0 1
-7.25177 -5.96553 40.4558 -11.6917 -11.1886 60.0573 -0.537343 -13 869 1 0 1
1.97638 -2.24304 40.4558 6.2995 -6.91945 60.1678 0.896738 -13 870 1 0 1
3.80265 -7.07912 40.4558 8.81905 -16.7434 64.9157 -1.04631 -13 871 1 0 1
-0.220706 -2.33634 40.4558 0.116999 -2.95279 68.0145 -0.98798 -13 872 1 0 1
4.27018 0.0707949 40.4558 9.00876 -3.14339 72.0919 -0.941194 -13 873 1 0 1
-0.000438807 3.58359 40.4558 0.411855 8.72835 67.7163 2.71925 -13 874 1 0 1
-2.82163 -2.6169 40.4558 -3.68451 -6.66257 62.4045 0.354247 -13 875 1 0 1
5.57897 3.19831 40.4558 10.2339 5.89386 74.4877 0.134252 -13 876 1 0 1
3.29208 2.05456 40.4558 8.23708 11.9086 68.4223 -1.86918 -13 877 1 0 1
2.5692 3.29118 40.4558 3.82864 12.5007 72.8415 -3.57294 -13 878 1 0 1
-3.13261 2.87034 40.4558 0.006524 3.5881 52.3815 1.29159 -13 879 1 0 1
3.00521 -4.31632 40.4558 7.76684 -10.8252 67.6758 0.948177 -13 880 1 0 1
2.50554 -3.43011 40.4558 7.99096 -6.48357 56.7664 1.9604 -13 881 1 0 1
2.92964 5.39794 40.4558 4.03331 13.0631 74.7966 -0.434431 -13 882 1 0 1
7.85237 6.91405 40.4558 15.8686 16.9079 61.6935 -0.215393 -13 883 1 0 1
-8.47853 9.02047 40.4558 -2.51012 7.29978 21.4924 -0.147631 -13 884 1 0 1
7.68553 -4.50049 40.4558 15.0534 -4.17626 35.7239 -0.044 -13 885 1 0 1
5.0109 1.28533 40.4558 6.93788 -4.67205 79.6463 2.45753 -13 886 1 0 1
-2.71376 4.79342 40.4558 -7.43306 9.80251 70.7469 0.628399 -13 887 1 0 1
0.401215 4.06917 40.4558 5.12732 4.11361 55.6018 0.164048 -13 888 1 0 1
-0.152479 -2.76889 40.4558 3.16137 -4.32405 57.6769 -0.505701 -13 889 1 0 1
4.75694 -5.83777 40.4558 10.4261 -14.0572 67.4769 -1.03166 -13 890 1 0 1
2.18976 -0.787145 40.4558 7.38563 -0.0919914 35.8393 -1.00367 -13 891 1 0 1
0.805086 -4.52917 40.4558 1.12066 -5.1247 71.8637 0.544144 -13 892 1 0 1
-4.71882 0.0868795 40.4558 -5.36575 3.03796 59.4942 -1.55597 -13 893 1 0 1
6.06735 -1.99217 40.4558 11.5508 -3.22303 75.852 0.0747393 -13 894 1 0 1
-2.76072 3.78465 40.4558 -9.84885 20.0575 71.4265 1.62095 -13 895 1 0 1
-0.882471 5.15472 40.4558 -1.74988 13.6188 69.0974 -1.57704 -13 896 1 0 1
0.244277 -2.60605 40.4558 3.90065 -3.93848 50.1426 -1.65843 -13 897 1 0 1
2.1001 -0.385836 40.4558 6.47364 0.989866 56.3686 -0.590611 -13 898 1 0 1
7.89498 0.699713 40.4558 17.9802 4.08253 59.5703 -0.18202 -13 899 1 0 1
3.09683 2.39265 40.4558 7.02921 0.837224 69.6437 0.671198 -13 901 1 0 1
6.66312 -0.495211 40.4558 15.4802 -3.89862 53.4328 0.665659 -13 902 1 0 1
3.09698 -7.52836 40.4558 4.20574 -9.86084 74.755 1.24467 -13 903 1 0 1
3.00959 0.612387 40.4558 8.06352 -2.58961 58.7296 2.03163 -13 904 1 0 1
-2.79888 0.528407 40.4558 -12.519 3.72906 78.3054 0.218408 -13 905 1 0 1
-2.84438 -3.50732 40.4558 -0.658863 -5.10918 56.9926 1.35755 -13 906 1 0 1
2.66607 5.96749 40.4558 6.12278 9.51661 67.6899 0.394879 -13 907 1 0 1
-2.84938 -4.53625 40.4558 0.892858 -5.8621 39.0678 0.30194 -13 908 1 0 1
2.97135 -5.06807 40.4558 4.22609 -7.95847 73.2076 0.766248 -13 909 1 0 1
-1.26299 -1.95685 40.4558 -3.62736 -5.1524 70.4989 -0.0829512 -13 910 1 0 1
1.22575 10.7013 40.4558 5.36782 16.5287 41.8821 -0.516324 -13 911 1 0 1
4.12123 8.2915 40.4558 9.1942 10.4094 54.6391 -0.709349 -13 912 1 0 1
2.8985 2.57933 40.4558 -1.23347 13.7278 79.0642 1.37958 -13 913 1 0 1
-4.88158 0.707378 40.4558 -11.6741 8.38602 70.414 1.07082 -13 914 1 0 1
3.95458 -4.95897 40.4558 10.1844 -7.55092 61.1391 -0.773269 -13 915 1 0 1
-2.38731 0.078571 40.4558 -15.5758 2.61651 78.7046 4.38225 -13 916 1 0 1
-0.845627 4.14943 40.4558 4.09184 7.69438 42.3739 -0.122603 -13 917 1 0 1
-3.22477 4.1354 40.4558 -9.32349 9.63411 71.7769 2.10638 -13 918 1 0 1
-0.177161 2.45395 40.4558 0.996701 2.38216 66.87 -0.524827 -13 919 1 0 1
-0.312458 -2.03358 40.4558 -6.30462 -0.869857 79.6508 0.522829 -13 920 1 0 1
4.57809 0.746853 40.4558 9.77733 -3.33957 33.6354 0.481539 -13 921 1 0 1
0.0717539 -5.45392 40.4558 -7.17245 -12.347 79.9188 2.51397 -13 922 1 0 1
-2.26427 -0.179774 40.4558 -1.56084 -0.65755 59.6129 -0.0721365 -13 923 1 0 1
1.00843 2.1943 40.4558 2.52229 1.87599 68.7777 -0.967696 -13 924 1 0 1
2.20232 3.3933 40.4558 6.03439 7.91644 63.3238 0.450967 -13 925 1 0 1
0.0713172 2.23921 40.4558 -4.22043 2.97025 77.6269 1.44642 -13 926 1 0 1
-0.236149 -2.93244 40.4558 1.71212 -1.49481 68.1528 0.629893 -13 927 1 0 1
2.91305 -1.81675 40.4558 8.91772 -4.91064 57.7736 -0.146183 -13 928 1 0 1
0.899047 1.20382 40.4558 1.86093 2.48726 70.7331 1.412 -13 930 1 0 1
5.80057 0.551183 40.4558 13.216 -2.50974 62.4078 2.07633 -13 931 1 0 1
-3.73289 -3.22283 40.4558 -2.38949 -6.32054 52.1157 1.97609 -13 932 1 0 1
4.6641 3.69981 40.4558 10.1194 11.8286 68.0353 1.10769 -13 933 1 0 1
0.0099349 0.920383 40.4558 -2.89914 4.51021 74.9091 -0.48204 -13 934 1 0 1
-4.22762 8.07524 40.4558 -5.60753 15.388 57.4673 1.02724 -13 935 1 0 1
7.4804 -2.22015 40.4558 17.8389 0.460646 59.0038 0.117417 -13 936 1 0 1
1.62253 -3.4903 40.4558 1.3583 -3.20368 73.5709 -0.140058 -13 938 1 0 1
0.134318 -1.53685 40.4558 3.56287 -2.90483 61.6381 -0.467442 -13 939 1 0 1
0.410159 1.18638 40.4558 3.64228 4.66153 60.7289 0.0433688 -13 940 1 0 1
-0.794548 1.58763 40.4558 -0.608362 7.08288 67.042 0.292594 -13 941 1 0 1
7.31056 -0.560415 40.4558 14.7123 -1.47431 71.374 0.627585 -13 942 1 0 1
4.92939 -2.70362 40.4558 10.9379 -4.15543 67.2395 1.49619 -13 943 1 0 1
0.539949 -1.099 40.4558 5.69492 2.62703 53.7393 -0.349793 -13 944 1 0 1
3.01151 5.06808 40.4558 5.39485 15.878 70.8232 0.962227 -13 945 1 0 1
0.37373 3.88852 40.4558 4.98612 6.00863 45.6543 -0.65065 -13 946 1 0 1
5.05045 -1.15085 40.4558 12.0296 1.18382 64.5778 -1.09715 -13 947 1 0 1
5.79578 -4.21807 40.4558 13.2695 -4.69532 49.813 1.3922 -13 948 1 0 1
-3.85068 -1.69326 40.4558 -1.87453 -2.7702 55.3043 0.492419 -13 949 1 0 1
-0.364493 3.39618 40.4558 1.1235 5.03583 66.3701 0.145138 -13 950 1 0 1
15.5537 -5.25827 40.4558 28.3289 -8.5073 37.8909 0.729515 -13 951 1 0 1
4.11178 -2.89289 40.4558 10.6303 -5.90818 58.8931 2.75315 -13 952 1 0 1
4.15505 -1.00937 40.4558 9.90516 -3.25021 59.4154 0.351274 -13 953 1 0 1
1.15363 -9.88451 40.4558 5.76814 -17.447 54.3225 -0.137432 -13 954 1 0 1
3.81188 0.0958406 40.4558 9.55096 -5.6592 61.1426 0.627634 -13 955 1 0 1
-0.130049 3.81943 40.4558 3.18291 3.35879 55.4829 -0.00235856 -13 956 1 0 1
-5.31441 0.268931 40.4558 -6.82641 -3.43796 58.2495 -0.929954 -13 957 1 0 1
0.158617 0.326633 40.4558 -11.0414 -1.3466 79.9921 -0.713672 -13 958 1 0 1
8.30853 -4.95147 40.4558 17.7712 -10.8196 59.5259 0.497324 -13 959 1 0 1
-0.0257921 2.16293 40.4558 -2.69955 3.44204 74.6152 -1.93048 -13 960 1 0 1
2.87103 -1.91268 40.4558 9.8602 -0.843169 55.4872 0.283009 -13 961 1 0 1
4.32422 -1.55127 40.4558 10.4735 -2.09547 35.1246 0.836215 -13 962 1 0 1
8.07773 2.62514 40.4558 17.1242 -2.96085 66.7755 2.0802 -13 963 1 0 1
-0.0925123 0.385848 40.4558 2.98951 -0.741308 62.6778 2.04005 -13 964 1 0 1
0.44376 -3.94234 40.4558 2.1401 -10.2257 64.5937 1.508 -13 965 1 0 1
-3.94414 -0.960146 40.4558 -2.76748 2.51463 54.0963 2.40675 -13 966 1 0 1
2.68962 -2.59307 40.4558 9.22048 -2.62553 54.4766 0.673776 -13 967 1 0 1
-8.20743 0.835054 40.4558 -15.2769 -0.864838 62.5886 -0.939911 -13 968 1 0 1
2.51375 -2.50361 40.4558 9.42381 -5.71613 50.1621 0.692047 -13 969 1 0 1
5.14664 -3.01305 40.4558 11.8901 -8.67382 63.7278 0.0303279 -13 970 1 0 1
0.993085 0.378433 40.4558 3.41298 5.84017 67.6079 -1.03894 -13 971 1 0 1
-1.11127 4.56368 40.4558 3.85569 7.46538 33.0491 -0.781697 -13 972 1 0 1
0.123127 1.36664 40.4558 4.7375 3.73887 35.1606 -0.639555 -13 973 1 0 1
-0.499978 2.08575 40.4558 -0.606628 5.22648 69.6025 -0.510009 -13 974 1 0 1
-0.350942 -0.0793987 40.4558 -2.53532 7.28812 74.5705 1.76373 -13 975 1 0 1
-5.84172 -1.69293 40.4558 -8.29489 -1.3236 59.1163 0.500938 -13 977 1 0 1
-0.00199852 0.781 40.4558 -1.74872 -0.786939 72.0234 -1.31217 -13 979 1 0 1
-3.62884 -0.592589 40.4558 -4.09031 -2.43136 60.213 -1.28281 -13 980 1 0 1
-0.151639 -0.386291 40.4558 1.06576 -4.70628 63.1803 -0.556615 -13 981 1 0 1
3.47592 3.78627 40.4558 9.20685 5.0168 64.6453 -0.543716 -13 982 1 0 1
1.77524 -1.36707 40.4558 2.50971 4.19076 73.3728 -0.202311 -13 983 1 0 1
4.07654 2.44329 40.4558 10.9059 5.69704 59.9642 1.01629 -13 985 1 0 1
-1.89359 -3.466 40.4558 -1.47956 -5.77211 61.7981 -0.172843 -13 986 1 0 1
3.61826 -7.55403 40.4558 9.3087 -16.3402 59.7159 0.57496 -13 987 1 0 1
-2.7071 12.6046 40.4558 1.38473 11.2902 28.6994 0.133609 -13 988 1 0 1
2.71019 -3.7541 40.4558 6.3745 -6.49168 69.8158 1.19791 -13 989 1 0 1
3.11273 -1.11689 40.4558 7.12653 -8.44005 70.5831 0.409205 -13 990 1 0 1
-2.04048 6.20661 40.4558 1.26741 7.29198 52.2301 -2.06466 -13 991 1 0 1
-4.41246 4.54274 40.4558 -0.937463 5.4089 43.7321 1.02817 -13 992 1 0 1
2.40075 -4.10698 40.4558 9.6584 -6.00806 50.2312 1.79033 -13 993 1 0 1
10.4857 -17.1001 40.4558 17.8639 -20.4638 42.3158 -0.587135 -13 994 1 0 1
5.27565 1.55567 40.4558 12.6428 4.57662 63.4967 -1.66207 -13 995 1 0 1
-1.09685 -2.28392 40.4558 -2.33821 -5.78466 69.0651 0.341391 -13 996 1 0 1
-0.593518 1.50847 40.4558 3.31256 2.95978 49.4135 2.57279 -13 997 1 0 1
3.74471 -5.01007 40.4558 8.45705 -5.88483 24.3402 0.731059 -13 998 1 0 1
5.05098 -1.16411 40.4558 12.4883 -1.21962 56.0907 0.126952 -13 999 1 0 1
-1.22153 2.39045 40.4558 2.7861 4.12361 48.0349 -0.379136 -13 1000 1 0 1
