#BLTrackFile NTuple/Z75
#x y z Px Py Pz t PDGid EventID TrackID ParentID Weight
#mm mm mm MeV/c MeV/c MeV/c ns - - - - -
-4.95008 -8.15235 74.9003 -5.14227 -7.69031 72.6397 -0.746833 -13 1 1 0 1
9.69448 2.88806 74.9003 9.64155 -1.68071 80.4628 0.346556 -13 2 1 0 1
0.78883 -1.97325 74.9003 1.345 -2.37726 71.668 1.30969 -13 3 1 0 1
-7.62853 -3.86866 74.9003 -10.1506 -2.40265 77.8266 0.748493 -13 4 1 0 1
-9.3171 -0.123778 74.9003 -5.87208 -1.73567 60.7329 0.942963 -13 5 1 0 1
-2.14382 -1.74719 74.9003 -2.38479 -0.677529 75.4079 -0.373858 -13 6 1 0 1
2.25323 -5.95791 74.9003 5.01704 -4.96532 61.3565 -0.443709 -13 7 1 0 1
-10.9452 4.93212 74.9003 -4.36794 5.84435 46.827 0.46131 -13 8 1 0 1
9.73647 10.4045 74.9003 11.4175 10.5605 62.6309 1.54863 -13 9 1 0 1
5.63108 -5.58835 74.9003 8.03559 -4.29759 66.4827 1.1182 -13 10 1 0 1
7.18359 9.32376 74.9003 8.25862 9.70214 71.3408 -0.106746 -13 11 1 0 1
-3.99078 -9.62912 74.9003 -0.969494 -10.0357 60.0933 2.13883 -13 12 1 0 1
14.3368 10.4748 74.9003 11.9088 5.7173 37.9684 -0.256686 -13 13 1 0 1
14.0477 -7.65061 74.9003 15.8374 -5.50512 66.517 -1.09867 -13 14 1 0 1
7.18825 -8.9062 74.9003 9.32459 -8.78456 66.7653 1.90824 -13 15 1 0 1
-1.78269 11.134 74.9003 0.481106 12.0226 63.8202 -0.216388 -13 17 1 0 1
-4.44047 -9.40699 74.9003 -0.0464193 -8.70782 52.3615 1.89311 -13 18 1 0 1
-12.7754 5.68224 74.9003 -11.2438 6.66135 64.8998 0.561869 -13 19 1 0 1
4.57648 -9.41211 74.9003 6.60138 -8.66974 64.0316 3.39229 -13 20 1 0 1
-3.73826 3.53964 74.9003 0.0503731 5.39645 57.1 -0.721217 -13 22 1 0 1
-10.1508 20.5543 74.9003 -2.73604 12.6429 40.8043 1.09094 -13 23 1 0 1
-9.9158 11.395 74.9003 -5.10448 9.60794 54.2448 1.18016 -13 24 1 0 1
7.88498 -3.49826 74.9003 9.38236 -1.6719 70.3709 0.715961 -13 25 1 0 1
2.0397 2.94498 74.9003 3.91771 3.45567 68.5007 0.29921 -13 26 1 0 1
3.15746 -3.06291 74.9003 5.02018 0.181909 66.6006 1.89401 -13 27 1 0 1
3.72781 -10.4412 74.9003 4.57797 -11.4168 73.045 0.677459 -13 28 1 0 1
-1.79512 5.84146 74.9003 -0.300752 7.76965 67.0816 1.45068 -13 30 1 0 1
0.345786 1.27008 74.9003 0.836449 2.57057 72.0916 0.148137 -13 31 1 0 1
-3.49197 3.05483 74.9003 -0.766838 3.10139 62.6748 -0.0386978 -13 32 1 0 1
7.14878 -4.93061 74.9003 6.31238 -1.33379 25.4655 1.75711 -13 33 1 0 1
-9.75803 -1.59394 74.9003 -8.05842 -0.243451 66.1275 -0.172019 -13 34 1 0 1
2.24539 4.38658 74.9003 4.34954 6.97686 66.1843 -0.66785 -13 36 1 0 1
2.82573 -6.05442 74.9003 2.37632 -8.86128 79.8382 -1.05208 -13 37 1 0 1
3.33748 -10.9833 74.9003 5.79709 -11.1199 59.851 1.91497 -13 38 1 0 1
-2.5429 7.50381 74.9003 0.759721 6.02708 52.0581 1.26125 -13 40 1 0 1
10.2315 15.2798 74.9003 11.7831 13.354 60.5456 0.305094 -13 41 1 0 1
-0.349151 0.693989 74.9003 0.869121 -1.35082 68.4112 1.68238 -13 42 1 0 1
-7.43755 -2.76819 74.9003 -11.5114 -3.62535 79.106 0.715194 -13 43 1 0 1
5.80127 2.45384 74.9003 8.31391 1.33697 56.1864 1.11947 -13 44 1 0 1
2.92986 -7.57133 74.9003 4.14107 -7.75869 67.9252 0.829043 -13 46 1 0 1
3.6199 11.4492 74.9003 5.8035 8.12458 59.6743 1.38755 -13 47 1 0 1
-2.97902 6.32296 74.9003 -1.70804 9.20273 66.861 1.12935 -13 48 1 0 1
4.13278 -15.6898 74.9003 5.46027 -20.2746 67.8309 -0.117265 -13 49 1 0 1
9.36174 -2.56919 74.9003 10.2886 -1.01899 42.4438 -0.0973264 -13 50 1 0 1
0.364344 4.65688 74.9003 0.455413 3.10659 72.9421 0.114882 -13 51 1 0 1
-1.65224 13.4304 74.9003 1.93398 12.0979 55.2912 0.560821 -13 52 1 0 1
9.05202 5.79808 74.9003 11.3347 4.15005 56.0838 -1.88062 -13 53 1 0 1
6.98226 11.0715 74.9003 8.5427 6.45436 42.6824 0.575008 -13 54 1 0 1
-1.50309 -4.3116 74.9003 -0.957533 -5.73511 70.8026 1.31898 -13 55 1 0 1
2.00314 1.91902 74.9003 4.55057 3.27641 63.6 0.0273763 -13 58 1 0 1
2.99478 -8.86758 74.9003 4.6149 -9.29627 67.634 2.38051 -13 59 1 0 1
9.76828 13.6739 74.9003 11.4918 13.4014 56.1081 0.725222 -13 60 1 0 1
-0.913971 6.0016 74.9003 1.51463 6.9292 63.0249 -0.409308 -13 61 1 0 1
3.83993 0.805072 74.9003 5.37294 2.98583 70.0535 -0.139275 -13 62 1 0 1
7.73112 -8.65054 74.9003 7.44289 -4.85404 34.9811 0.796079 -13 63 1 0 1
2.22028 -0.613964 74.9003 4.7453 0.00242111 60.1158 0.582006 -13 64 1 0 1
5.87929 2.20652 74.9003 7.88485 1.2909 65.5091 -1.02203 -13 65 1 0 1
1.34738 1.40307 74.9003 2.48593 0.960746 71.4699 0.856319 -13 66 1 0 1
5.45305 -3.57433 74.9003 8.00077 -1.85933 61.1785 -0.238712 -13 67 1 0 1
4.5585 15.1124 74.9003 7.29093 11.0241 53.1396 -0.478777 -13 68 1 0 1
-1.83098 -7.00331 74.9003 0.769921 -7.1797 63.1079 0.427613 -13 69 1 0 1
-0.673402 -5.06319 74.9003 -2.30571 -10.4908 80.2905 0.613474 -13 70 1 0 1
0.0736983 3.36355 74.9003 3.46067 1.26573 60.6916 -1.01807 -13 71 1 0 1
10.437 13.7627 74.9003 12.0551 11.4679 63.6678 1.54851 -13 72 1 0 1
-1.69019 -1.49654 74.9003 -1.85339 -4.02812 74.3211 -0.511825 -13 73 1 0 1
5.23626 9.32342 74.9003 7.64611 8.63062 58.2809 0.716849 -13 74 1 0 1
5.22387 6.31612 74.9003 5.82371 6.11651 75.0046 -2.46146 -13 75 1 0 1
11.2195 2.01382 74.9003 10.4513 2.06065 79.1399 -1.32737 -13 76 1 0 1
3.17357 -1.13708 74.9003 5.57502 -3.39474 57.3496 2.84731 -13 77 1 0 1
-3.2194 1.4101 74.9003 -0.380787 0.168488 60.1591 -0.309685 -13 78 1 0 1
4.86182 -2.94233 74.9003 6.81737 -3.27069 62.7388 1.87869 -13 79 1 0 1
4.57879 -6.52644 74.9003 5.46725 -5.57962 72.4111 0.462185 -13 80 1 0 1
4.98198 7.14571 74.9003 5.98573 11.3786 69.6988 0.50155 -13 81 1 0 1
2.90211 1.92297 74.9003 5.69608 2.91167 62.5985 1.66428 -13 82 1 0 1
-1.57215 -0.0535594 74.9003 -0.273486 1.81505 70.7514 0.44582 -13 83 1 0 1
-13.1045 -2.25096 74.9003 -10.7896 -2.5474 62.7917 0.601653 -13 84 1 0 1
5.47645 1.79316 74.9003 6.64474 1.16955 75.6526 1.55644 -13 85 1 0 1
5.2157 -3.85102 74.9003 6.92535 -7.65586 67.8454 0.25601 -13 86 1 0 1
0.561361 -11.7387 74.9003 4.25898 -9.99165 50.2779 1.36649 -13 87 1 0 1
-2.01342 -5.91963 74.9003 -0.554033 -5.94605 68.2895 0.0375191 -13 88 1 0 1
5.51626 -3.12941 74.9003 7.4645 -1.26703 61.9905 -0.11056 -13 89 1 0 1
3.47531 4.39168 74.9003 5.66098 4.01836 65.678 0.26961 -13 90 1 0 1
-7.01334 -3.07354 74.9003 -4.3488 -3.47774 64.3524 1.33635 -13 91 1 0 1
8.77416 2.77344 74.9003 11.0496 2.43229 54.4479 0.486651 -13 92 1 0 1
6.20115 0.291859 74.9003 8.77708 -0.93304 58.5354 1.31715 -13 93 1 0 1
4.82883 22.1157 74.9003 7.02419 17.8211 52.4512 -0.82093 -13 94 1 0 1
6.1606 1.06797 74.9003 7.82036 1.96676 70.218 0.507892 -13 95 1 0 1
4.09569 8.29174 74.9003 6.18639 9.51217 60.7433 -1.3317 -13 96 1 0 1
0.145405 -2.80194 74.9003 3.75387 0.10437 57.1482 -0.543183 -13 97 1 0 1
1.93139 -3.61914 74.9003 3.84536 -1.74705 67.4287 0.892944 -13 98 1 0 1
-1.31366 10.5046 74.9003 0.998296 10.2637 63.0803 0.977221 -13 99 1 0 1
8.45436 -3.03977 74.9003 10.2881 -0.731911 67.0405 -0.410021 -13 100 1 0 1
11.8368 0.657386 74.9003 13.5814 -0.553218 67.3873 -0.209227 -13 101 1 0 1
5.84896 2.28257 74.9003 7.35698 1.95656 67.0648 0.377134 -13 102 1 0 1
14.458 4.5021 74.9003 15.5839 7.3442 59.7752 -1.95543 -13 103 1 0 1
6.65092 3.92211 74.9003 8.4869 2.49988 66.9644 0.158971 -13 104 1 0 1
-2.70742 5.10324 74.9003 0.499663 8.18635 60.3972 -0.972251 -13 105 1 0 1
-7.35541 -2.61644 74.9003 -4.34213 -2.4806 60.4014 0.766723 -13 106 1 0 1
2.61726 -6.57293 74.9003 3.69304 -7.33293 70.2423 -0.59563 -13 107 1 0 1
11.3045 5.57032 74.9003 13.2153 7.88064 62.1939 -0.327759 -13 108 1 0 1
6.79221 2.47036 74.9003 8.99101 3.0323 67.4801 1.45842 -13 109 1 0 1
-2.33382 0.571856 74.9003 -2.67834 1.18463 72.7713 0.189045 -13 110 1 0 1
-1.88803 -3.98601 74.9003 -2.83679 -2.35847 77.3641 0.139922 -13 111 1 0 1
9.72573 -0.0483986 74.9003 10.6215 -1.39171 55.6099 -1.34139 -13 112 1 0 1
7.45562 5.33676 74.9003 9.50236 4.17405 54.5653 1.29346 -13 113 1 0 1
8.35007 -6.34553 74.9003 10.468 -6.66414 62.5681 0.416776 -13 114 1 0 1
10.543 3.35234 74.9003 11.6914 2.13423 48.7248 0.381975 -13 115 1 0 1
-4.99548 -2.72333 74.9003 -5.25963 -3.21665 72.8739 0.959737 -13 116 1 0 1
0.763621 2.2068 74.9003 3.41434 2.79931 55.5309 0.156458 -13 117 1 0 1
5.4026 1.26025 74.9003 7.94107 -1.66361 47.6978 0.131423 -13 118 1 0 1
1.60087 2.24263 74.9003 2.80476 3.50685 70.6244 0.952118 -13 119 1 0 1
-6.9517 1.04648 74.9003 -2.27271 1.45686 50.1318 0.35773 -13 120 1 0 1
7.41756 -9.84984 74.9003 9.28842 -6.77656 60.5049 2.00979 -13 121 1 0 1
-2.41496 -3.52821 74.9003 -3.24893 -2.91475 77.2381 1.05332 -13 122 1 0 1
1.52753 -11.1198 74.9003 2.76522 -11.2962 70.6988 1.19832 -13 123 1 0 1
-11.0851 -13.6957 74.9003 -7.65937 -12.8648 59.4974 -1.03707 -13 125 1 0 1
-0.0510359 0.117195 74.9003 -1.48141 -3.14797 79.1368 1.3672 -13 126 1 0 1
6.24765 9.55894 74.9003 8.40239 7.40311 59.7463 -0.616571 -13 127 1 0 1
3.08646 -2.86044 74.9003 5.33896 -5.01255 64.6665 0.786498 -13 128 1 0 1
11.2847 -3.88462 74.9003 12.1714 -1.08442 49.1922 1.12655 -13 130 1 0 1
4.60361 2.17237 74.9003 5.75529 2.32372 68.8625 -0.023898 -13 131 1 0 1
-8.7431 3.54587 74.9003 -9.42181 3.24763 73.3846 1.72115 -13 132 1 0 1
10.8177 0.340126 74.9003 12.8638 -0.281577 63.0673 -0.87477 -13 133 1 0 1
10.1708 1.69468 74.9003 11.3311 1.63781 75.0036 0.817171 -13 134 1 0 1
5.55443 3.15617 74.9003 6.6495 1.04929 69.9029 1.27819 -13 135 1 0 1
15.2847 5.97317 74.9003 4.13881 9.8078 30.6638 0.535664 -13 136 1 0 1
-2.61341 -3.05217 74.9003 -0.163987 -3.59336 63.2598 1.95438 -13 137 1 0 1
-1.24373 12.8789 74.9003 1.87233 11.5933 55.5015 0.781134 -13 140 1 0 1
3.99468 6.71384 74.9003 6.63337 7.124 52.2739 0.375652 -13 141 1 0 1
12.294 3.65497 74.9003 14.1211 5.60636 63.5154 2.35839 -13 142 1 0 1
-6.66356 -3.05359 74.9003 -6.16992 -3.96794 71.2634 -0.445843 -13 143 1 0 1
10.4713 0.543448 74.9003 12.2105 -0.819222 71.1954 3.31815 -13 144 1 0 1
9.48608 -18.0026 74.9003 10.9744 -14.8355 55.2545 2.16236 -13 145 1 0 1
10.4246 -4.97698 74.9003 12.3087 -3.28793 65.3886 0.642794 -13 146 1 0 1
1.01209 -2.11099 74.9003 3.19308 -2.21162 65.4531 -0.790839 -13 147 1 0 1
-3.92654 -9.46451 74.9003 -2.98674 -7.68833 69.7612 0.651826 -13 148 1 0 1
11.9759 8.5338 74.9003 12.7827 6.69798 55.2447 -0.0495373 -13 149 1 0 1
6.62272 10.8522 74.9003 8.57114 11.6458 64.9998 0.235823 -13 150 1 0 1
7.45577 -12.2051 74.9003 9.26435 -11.3181 55.8686 1.62897 -13 151 1 0 1
4.10263 -1.91517 74.9003 6.30291 -2.25185 64.2957 2.51745 -13 152 1 0 1
-1.34388 -5.6824 74.9003 0.257133 -8.37983 67.8487 -0.108583 -13 153 1 0 1
-3.41987 -7.75382 74.9003 -5.30478 -9.53452 78.2189 -1.74274 -13 154 1 0 1
-4.50477 1.13084 74.9003 -2.84802 0.327218 67.128 -1.08101 -13 155 1 0 1
-1.1474 -0.202409 74.9003 1.40238 1.21732 62.5793 0.275375 -13 157 1 0 1
2.14958 4.36575 74.9003 0.456147 3.004 79.4577 1.64897 -13 158 1 0 1
-3.82724 8.67826 74.9003 0.0235999 6.39654 56.4918 -0.260517 -13 159 1 0 1
12.1403 0.566569 74.9003 13.7692 -1.81684 69.6559 1.9036 -13 161 1 0 1
-8.21215 4.39941 74.9003 -1.60567 2.55203 41.0371 -0.0898516 -13 162 1 0 1
-2.61221 4.77539 74.9003 -1.71904 7.55711 70.3287 -1.37662 -13 163 1 0 1
10.1904 -9.08651 74.9003 11.9266 -10.9023 64.7091 0.398032 -13 164 1 0 1
-15.6449 -1.20379 74.9003 -22.4899 5.00381 54.0356 0.100691 -13 166 1 0 1
10.7071 11.0175 74.9003 12.5404 10.4536 61.0922 0.948172 -13 167 1 0 1
-0.653647 6.8567 74.9003 -3.11043 9.45178 78.8401 1.40767 -13 168 1 0 1
14.992 -6.00603 74.9003 15.6743 -6.34773 56.2831 0.0848117 -13 169 1 0 1
-3.80651 -3.05507 74.9003 -2.5185 -4.03627 67.7897 -0.340627 -13 170 1 0 1
1.69089 5.3156 74.9003 4.67438 3.27914 56.8252 -0.0331282 -13 172 1 0 1
13.8858 -3.29066 74.9003 15.5268 -3.34778 57.6994 0.496742 -13 173 1 0 1
6.65426 6.22267 74.9003 8.67122 3.44905 68.5084 0.562465 -13 174 1 0 1
-4.72124 -5.99068 74.9003 0.339557 -5.87369 48.3206 0.217059 -13 176 1 0 1
4.56864 -5.56167 74.9003 7.16056 -3.57455 52.4128 -0.218652 -13 178 1 0 1
10.4673 -11.6472 74.9003 12.0108 -14.1938 68.0214 -0.432445 -13 179 1 0 1
8.80477 -8.78824 74.9003 10.2777 -6.62268 51.6049 1.91122 -13 180 1 0 1
-3.30606 -3.47004 74.9003 1.57678 -2.14863 39.5623 -1.01768 -13 181 1 0 1
-7.50831 2.73534 74.9003 -1.00139 2.33377 41.1851 -0.467575 -13 182 1 0 1
13.1041 11.0798 74.9003 12.3928 9.24985 41.6314 0.440337 -13 183 1 0 1
-11.5652 -2.43389 74.9003 -7.56265 -3.89793 56.8213 0.361584 -13 184 1 0 1
-2.36283 -6.16461 74.9003 0.717353 -7.14377 60.401 -0.449261 -13 185 1 0 1
6.84746 6.8979 74.9003 7.94319 5.22672 41.4596 -0.225394 -13 186 1 0 1
6.1632 -1.26961 74.9003 7.81496 1.73819 71.1997 1.44573 -13 188 1 0 1
-5.56873 -4.20505 74.9003 -8.26877 -5.57074 79.6059 0.477001 -13 189 1 0 1
-5.63283 4.00331 74.9003 -2.10577 3.939 60.009 2.23941 -13 191 1 0 1
1.38033 2.17059 74.9003 -0.384241 5.78095 80.211 1.14096 -13 192 1 0 1
-7.00668 -2.60866 74.9003 -0.65265 -3.12212 39.4541 -0.585044 -13 193 1 0 1
4.10576 11.8198 74.9003 5.64384 14.1404 68.8437 0.0633781 -13 194 1 0 1
2.60052 -0.301178 74.9003 5.20935 -0.154846 60.2655 2.59161 -13 195 1 0 1
8.71735 -0.859213 74.9003 7.35404 -4.44612 80.2611 2.86764 -13 196 1 0 1
-3.93605 9.39058 74.9003 -1.2766 8.75313 63.2481 -0.597644 -13 197 1 0 1
14.6059 0.146835 74.9003 14.1428 0.252965 48.5574 -0.224783 -13 198 1 0 1
-8.55912 16.3517 74.9003 -4.21438 12.0548 57.4027 -1.26056 -13 199 1 0 1
-3.02322 -5.01658 74.9003 0.752296 -3.06687 51.115 1.02782 -13 200 1 0 1
-9.49409 -4.02072 74.9003 -8.98286 -5.55885 69.5598 0.629609 -13 201 1 0 1
-0.00853998 19.9636 74.9003 2.7097 16.4318 57.8614 -0.508717 -13 202 1 0 1
0.220846 1.19674 74.9003 2.65698 -0.283046 62.2023 0.593162 -13 203 1 0 1
2.28763 3.41829 74.9003 5.08414 0.743792 49.9095 1.7908 -13 205 1 0 1
-14.6302 2.18808 74.9003 -19.2859 1.68642 75.6716 0.507689 -13 206 1 0 1
-6.76214 -11.2757 74.9003 -2.90408 -10.0426 57.5031 -0.725057 -13 207 1 0 1
-12.5191 1.63351 74.9003 -11.8196 2.0231 68.9654 0.0261955 -13 208 1 0 1
14.6986 9.74436 74.9003 9.66422 4.22578 24.5949 0.720728 -13 209 1 0 1
-1.978 15.499 74.9003 -2.09185 17.1523 72.6613 2.39765 -13 212 1 0 1
-11.5211 8.31687 74.9003 -7.71605 6.63424 59.4187 -0.988487 -13 213 1 0 1
0.94397 9.4227 74.9003 1.27062 9.34932 75.3581 1.33388 -13 214 1 0 1
0.338353 -6.74351 74.9003 0.804603 -10.6443 71.9152 2.05256 -13 215 1 0 1
4.6094 0.324287 74.9003 5.85009 0.537689 69.8818 1.45886 -13 216 1 0 1
-7.88592 5.27082 74.9003 -6.07016 5.02173 64.8691 0.511314 -13 218 1 0 1
3.41821 -3.15034 74.9003 3.77155 -3.60545 77.5144 0.361199 -13 219 1 0 1
4.60152 2.21515 74.9003 5.79965 0.790506 72.0549 2.71597 -13 220 1 0 1
14.1658 1.07043 74.9003 15.7482 -0.272044 53.5538 1.35445 -13 221 1 0 1
0.198313 9.0052 74.9003 1.02612 10.5003 72.3419 -0.44984 -13 222 1 0 1
-6.58788 0.686426 74.9003 -4.05951 2.30865 62.0816 1.38107 -13 223 1 0 1
-5.01338 -0.977584 74.9003 -2.2695 -0.142328 62.8358 -0.0908972 -13 224 1 0 1
5.18151 12.2878 74.9003 7.43361 10.8406 53.737 0.118176 -13 226 1 0 1
-1.25232 -7.29402 74.9003 1.31047 -7.6149 62.4472 0.408673 -13 227 1 0 1
3.79708 1.02717 74.9003 3.10549 0.876909 78.4421 -1.56607 -13 228 1 0 1
-2.30395 4.23459 74.9003 -2.50278 2.46093 73.0789 0.604434 -13 229 1 0 1
8.17411 -12.3867 74.9003 9.30076 -8.54808 45.3063 0.0914303 -13 230 1 0 1
-6.56435 -1.19564 74.9003 -4.68117 -1.9822 65.7543 -1.09033 -13 233 1 0 1
9.19936 1.96805 74.9003 10.9324 1.92626 67.4011 -0.239869 -13 234 1 0 1
8.23077 -4.44158 74.9003 9.37146 -7.37603 73.7004 0.643238 -13 235 1 0 1
-5.63162 -5.47001 74.9003 -3.43148 -7.5393 65.1389 1.65804 -13 236 1 0 1
14.7834 -13.0487 74.9003 15.0484 -9.37423 51.988 1.21038 -13 237 1 0 1
1.76331 1.98059 74.9003 3.97095 1.5488 62.9284 0.479959 -13 238 1 0 1
-6.11118 -3.08622 74.9003 -5.78889 -0.761132 70.8057 1.64815 -13 239 1 0 1
12.679 19.8919 74.9003 12.3879 13.6941 43.5998 0.122067 -13 240 1 0 1
14.1096 2.35028 74.9003 11.1327 1.37231 33.3093 1.32262 -13 241 1 0 1
-1.06429 -1.59922 74.9003 1.99884 -3.46791 59.0097 2.24102 -13 242 1 0 1
12.0937 -9.20397 74.9003 14.0716 -7.88605 67.3009 0.27809 -13 243 1 0 1
7.16151 4.46989 74.9003 7.94503 5.08112 76.2209 1.04032 -13 244 1 0 1
8.68286 5.29464 74.9003 10.1476 9.0432 70.9502 -0.311439 -13 245 1 0 1
2.95259 4.51776 74.9003 4.17903 7.538 70.6497 0.186996 -13 246 1 0 1
0.315993 -11.0591 74.9003 2.76511 -8.6508 60.597 0.0943469 -13 247 1 0 1
-0.0872058 -6.02349 74.9003 1.5027 -6.00873 68.0934 1.06989 -13 248 1 0 1
7.07572 -10.255 74.9003 8.55654 -10.9797 67.8632 -1.09645 -13 250 1 0 1
12.5519 17.4472 74.9003 14.0784 12.8163 60.5417 -0.590635 -13 251 1 0 1
11.5522 0.550714 74.9003 13.7576 -0.556517 62.6017 0.69423 -13 252 1 0 1
5.05298 11.3288 74.9003 5.8918 14.2614 70.7931 -0.955378 -13 253 1 0 1
7.81488 8.04002 74.9003 9.66395 7.23613 53.5052 -0.0352969 -13 254 1 0 1
2.3877 2.55958 74.9003 2.20172 5.23156 77.5718 0.331637 -13 255 1 0 1
-1.37767 4.48381 74.9003 1.98194 3.77206 53.9825 -0.480986 -13 256 1 0 1
2.75513 -14.538 74.9003 5.61197 -10.5863 42.9394 0.270497 -13 257 1 0 1
2.37447 -0.924255 74.9003 4.37176 -1.92133 63.2219 0.548394 -13 258 1 0 1
6.47794 -0.126635 74.9003 9.16486 -1.61586 56.1019 -0.726397 -13 259 1 0 1
1.06889 1.4616 74.9003 2.02877 -0.393186 72.7586 0.0969639 -13 260 1 0 1
-0.769681 6.69564 74.9003 1.79906 5.92792 60.2817 -0.692558 -13 261 1 0 1
5.894 0.579468 74.9003 8.61225 1.20402 62.7626 2.53387 -13 262 1 0 1
12.3384 -6.46912 74.9003 14.0948 -6.05391 62.0358 -1.04661 -13 263 1 0 1
1.11956 -4.84657 74.9003 4.0963 -3.97055 50.7299 0.268603 -13 264 1 0 1
13.1175 6.8142 74.9003 14.7436 7.58122 61.9813 1.13618 -13 265 1 0 1
6.82993 3.08048 74.9003 8.54454 1.51021 70.4247 0.995413 -13 266 1 0 1
-0.532832 3.13402 74.9003 1.6564 0.309977 63.7796 0.13089 -13 267 1 0 1
5.11265 4.71356 74.9003 7.00648 4.31772 43.0417 -0.554817 -13 268 1 0 1
-5.90585 4.22538 74.9003 -7.85752 1.71901 77.8126 0.869463 -13 269 1 0 1
2.09995 5.44788 74.9003 4.46743 3.34197 64.1557 1.68988 -13 270 1 0 1
10.2451 -4.16143 74.9003 11.297 -7.28223 76.9361 -0.435514 -13 271 1 0 1
3.76649 -9.94934 74.9003 5.99877 -10.1932 62.0261 2.02852 -13 272 1 0 1
-8.1934 3.90151 74.9003 -3.38258 2.56751 55.1522 3.28392 -13 273 1 0 1
6.49577 5.12083 74.9003 8.41012 7.32984 67.0695 -1.61251 -13 274 1 0 1
11.8051 -2.86928 74.9003 13.0279 -4.06312 58.2891 0.157352 -13 275 1 0 1
13.9154 -6.00342 74.9003 15.4717 -6.05461 56.4292 1.64287 -13 277 1 0 1
-12.5558 1.53473 74.9003 -9.22145 1.40171 61.4744 2.0056 -13 278 1 0 1
-8.04787 -4.6932 74.9003 -7.0925 -8.67403 68.8817 -2.05298 -13 279 1 0 1
5.94432 2.79283 74.9003 7.94989 1.48555 61.1616 0.682156 -13 280 1 0 1
2.51791 -4.65294 74.9003 3.79062 -3.23758 66.6905 -0.872618 -13 281 1 0 1
0.341846 12.5247 74.9003 3.54489 10.4817 47.8848 -0.318621 -13 282 1 0 1
11.7209 -12.4134 74.9003 12.2868 -9.41064 49.1146 -1.09972 -13 283 1 0 1
-3.1048 7.2313 74.9003 0.81723 3.37988 53.2499 0.127492 -13 284 1 0 1
-12.0635 5.60048 74.9003 -9.26554 6.5194 62.0853 -0.0517911 -13 285 1 0 1
-5.84145 -8.70761 74.9003 -4.65422 -3.99665 69.5356 -1.04232 -13 286 1 0 1
-0.13596 1.10532 74.9003 3.05688 -0.823878 52.0812 -1.12462 -13 287 1 0 1
2.86643 29.2069 74.9003 2.12996 34.8502 71.7181 0.138564 -13 288 1 0 1
0.654993 9.28058 74.9003 0.16196 11.2292 77.6193 0.849223 -13 289 1 0 1
6.03402 -7.70565 74.9003 6.3524 -10.1329 74.6998 0.842927 -13 291 1 0 1
0.290087 3.36762 74.9003 0.830515 4.90361 73.499 0.127405 -13 292 1 0 1
-15.2486 9.95153 74.9003 -5.63512 10.8157 36.4197 2.56837 -13 293 1 0 1
-2.41022 3.40267 74.9003 -0.412904 2.98635 65.5424 0.502034 -13 295 1 0 1
-7.25948 3.73212 74.9003 -3.59408 3.17303 59.6933 0.169398 -13 296 1 0 1
13.8356 -4.0129 74.9003 14.4844 -4.37676 52.6891 3.0185 -13 297 1 0 1
4.81476 3.3006 74.9003 6.54213 1.51296 67.219 -1.45133 -13 298 1 0 1
-5.23558 5.99403 74.9003 -2.41315 4.11102 63.0017 -0.342467 -13 301 1 0 1
-5.81646 5.32724 74.9003 -3.39863 7.2433 63.1335 0.663493 -13 302 1 0 1
1.20105 0.318055 74.9003 3.58325 2.65513 62.5572 0.433971 -13 303 1 0 1
1.00402 5.59853 74.9003 2.68306 7.54581 65.8818 0.946523 -13 304 1 0 1
-11.8974 11.4407 74.9003 -4.56345 8.37446 44.9199 1.73642 -13 305 1 0 1
-0.925436 -3.14709 74.9003 0.888658 -4.8031 66.899 -0.633206 -13 306 1 0 1
2.54951 -14.9553 74.9003 3.66303 -18.9739 67.3736 -0.887807 -13 307 1 0 1
-0.51569 -12.2817 74.9003 -0.242412 -13.6093 72.9099 0.475259 -13 308 1 0 1
-0.0196909 3.33759 74.9003 1.75531 3.63886 66.9776 -0.45269 -13 309 1 0 1
13.4613 -11.6764 74.9003 14.6877 -12.3501 69.8082 0.00454985 -13 310 1 0 1
-4.1776 1.0871 74.9003 -3.6762 2.17701 71.8265 0.226392 -13 312 1 0 1
-3.62639 10.882 74.9003 -3.32361 11.3966 72.1299 1.32298 -13 313 1 0 1
-2.27432 5.52287 74.9003 -1.53158 5.93983 68.2831 -0.195946 -13 314 1 0 1
11.8487 -2.46888 74.9003 13.8472 -0.122166 61.2048 -1.04155 -13 315 1 0 1
4.91901 -20.9435 74.9003 7.14343 -16.6889 50.6412 -0.759844 -13 316 1 0 1
-2.14509 -8.62846 74.9003 0.0965758 -9.21359 64.1314 1.16133 -13 317 1 0 1
3.52091 -3.06043 74.9003 5.06094 -1.91626 69.104 -1.02822 -13 318 1 0 1
0.372373 5.4788 74.9003 0.98558 8.78715 70.2747 2.39686 -13 319 1 0 1
12.065 0.85403 74.9003 13.9697 1.0156 71.2055 0.970816 -13 320 1 0 1
9.01297 -0.465751 74.9003 10.5197 -0.977695 56.4056 -1.22999 -13 321 1 0 1
-1.13475 2.55282 74.9003 -4.61333 4.12292 79.9784 2.21303 -13 322 1 0 1
10.5134 -10.1251 74.9003 11.7572 -7.92123 74.7299 0.58859 -13 323 1 0 1
3.61113 5.94483 74.9003 5.7261 6.16098 65.6913 -0.289662 -13 324 1 0 1
5.73767 -4.14533 74.9003 6.98444 -5.31037 72.358 0.353097 -13 325 1 0 1
-12.2033 12.4813 74.9003 -9.04643 10.6954 60.0271 0.363239 -13 326 1 0 1
-7.76063 -23.9726 74.9003 -2.61479 -19.2344 48.9563 0.661488 -13 327 1 0 1
-6.5882 -0.0159534 74.9003 -3.2582 -4.16089 59.5243 -1.11543 -13 328 1 0 1
1.19571 8.42067 74.9003 2.72412 10.0978 68.7588 1.46378 -13 329 1 0 1
9.36316 -3.43441 74.9003 10.3948 -2.00693 76.27 -0.489707 -13 330 1 0 1
-6.4061 7.60429 74.9003 -6.37756 4.553 71.9681 -1.21004 -13 331 1 0 1
-3.60443 -4.53335 74.9003 1.67912 -1.27614 28.2721 -0.553717 -13 332 1 0 1
8.76606 4.57917 74.9003 9.94845 4.25137 48.3083 4.50236 -13 333 1 0 1
-4.65711 -5.75659 74.9003 -2.27144 -5.31527 65.9776 0.700819 -13 334 1 0 1
3.50648 -6.54662 74.9003 5.5974 -7.02641 65.4624 0.7069 -13 335 1 0 1
2.43051 -10.0554 74.9003 3.19498 -10.0192 68.6985 -0.301418 -13 336 1 0 1
11.7426 -6.45261 74.9003 12.6643 -7.88029 53.2649 1.29205 -13 338 1 0 1
2.03793 -9.57727 74.9003 4.81572 -6.72565 50.1563 0.784553 -13 339 1 0 1
5.52036 6.82068 74.9003 7.32935 8.24308 69.0824 0.559944 -13 340 1 0 1
7.96866 -0.149212 74.9003 9.05184 -2.78481 77.3256 0.291733 -13 341 1 0 1
-0.141892 4.96452 74.9003 -0.0110368 6.9586 73.6581 0.958913 -13 342 1 0 1
3.2097 -4.68782 74.9003 5.5329 -6.92986 62.0589 0.00390951 -13 343 1 0 1
12.7176 -0.365997 74.9003 12.969 1.88696 48.6571 0.105025 -13 344 1 0 1
0.175001 0.196172 74.9003 1.7814 1.5852 69.1197 -0.500204 -13 345 1 0 1
-11.2772 0.427591 74.9003 -9.1879 0.267871 65.2791 0.93968 -13 346 1 0 1
-1.55269 1.42125 74.9003 0.091571 1.63235 68.6288 -0.490761 -13 347 1 0 1
1.88095 3.92507 74.9003 5.12113 6.02441 52.5419 -0.104963 -13 348 1 0 1
14.7748 -1.25496 74.9003 15.3699 -2.10886 55.2815 1.23259 -13 349 1 0 1
4.80271 -6.11396 74.9003 6.75779 -5.61912 65.0232 1.12967 -13 350 1 0 1
-1.50487 6.76053 74.9003 -0.600462 6.15251 70.3567 -1.20671 -13 352 1 0 1
-0.540871 6.53815 74.9003 1.60712 5.69106 65.9873 0.117561 -13 353 1 0 1
1.61105 9.17702 74.9003 4.35836 5.9704 53.9778 0.786138 -13 354 1 0 1
-3.84047 7.32621 74.9003 -4.42323 8.84395 73.9478 -0.142503 -13 355 1 0 1
11.2832 9.07201 74.9003 12.8972 10.1108 58.3288 0.65023 -13 356 1 0 1
2.8739 0.747573 74.9003 5.3135 1.41121 42.5944 0.464491 -13 357 1 0 1
15.212 8.0133 74.9003 18.4952 5.02931 42.7556 1.00447 -13 358 1 0 1
8.26908 0.402804 74.9003 10.586 2.92259 61.7573 0.812403 -13 359 1 0 1
-3.3627 -4.27957 74.9003 -3.65633 -4.64177 75.355 -0.285363 -13 360 1 0 1
6.38071 0.909675 74.9003 6.59618 2.83377 77.1626 0.192206 -13 361 1 0 1
-3.26927 1.90398 74.9003 -1.22786 0.103671 66.2195 -2.43997 -13 362 1 0 1
1.40002 4.19982 74.9003 1.49008 6.45495 75.3747 0.0155396 -13 363 1 0 1
2.67557 -5.53519 74.9003 4.09856 -4.55592 64.9724 0.59076 -13 364 1 0 1
8.75812 9.34902 74.9003 10.4244 8.46891 49.6613 -1.49811 -13 365 1 0 1
0.535448 6.14843 74.9003 2.78736 7.23239 64.8948 0.898513 -13 368 1 0 1
1.81564 -2.7903 74.9003 4.44315 -0.98725 60.4299 -0.73255 -13 369 1 0 1
-7.20014 1.47313 74.9003 -7.47391 1.04594 72.5483 1.18965 -13 370 1 0 1
1.52199 -5.08115 74.9003 3.88377 -4.21334 66.2327 2.73474 -13 371 1 0 1
3.56687 -8.09587 74.9003 6.63469 -9.30682 53.4417 1.20436 -13 372 1 0 1
-7.63741 -5.08879 74.9003 -5.24121 -5.75873 63.0225 1.05563 -13 373 1 0 1
-4.3875 -0.715703 74.9003 -5.4748 0.307281 76.6321 0.951644 -13 374 1 0 1
-9.7757 5.07099 74.9003 -12.6922 7.54621 77.9731 -1.07715 -13 375 1 0 1
-4.02249 -13.9145 74.9003 -2.96671 -14.6504 68.6595 0.815756 -13 376 1 0 1
14.9751 -5.58387 74.9003 16.7253 -8.2741 76.9485 1.51182 -13 377 1 0 1
7.13319 -4.75372 74.9003 8.50692 -5.15911 44.6287 2.63349 -13 378 1 0 1
6.33739 -18.7047 74.9003 7.71493 -20.8522 65.6648 0.997765 -13 379 1 0 1
-4.3313 -20.3645 74.9003 0.98555 -14.5871 42.4342 -0.265358 -13 380 1 0 1
9.3984 0.565972 74.9003 11.3443 2.97555 59.2293 1.53033 -13 381 1 0 1
10.1823 -8.76 74.9003 11.7851 -9.82906 71.7074 0.00182996 -13 382 1 0 1
15.0827 3.29211 74.9003 18.4416 -0.192982 54.1672 -0.962859 -13 384 1 0 1
1.04308 -2.44285 74.9003 2.98593 -4.63207 67.4914 2.12347 -13 385 1 0 1
0.904323 -1.43839 74.9003 2.3439 -2.34294 69.9289 2.27314 -13 386 1 0 1
-3.70118 -0.246868 74.9003 -3.34277 -1.42959 71.6251 0.46298 -13 387 1 0 1
3.86243 -0.773362 74.9003 6.55583 -0.0995508 51.8136 -0.352938 -13 388 1 0 1
-4.23592 2.02054 74.9003 -1.48635 1.2557 63.9384 1.10959 -13 390 1 0 1
-4.65252 0.878057 74.9003 -0.525569 -1.62112 54.5087 0.606338 -13 392 1 0 1
0.491064 12.7041 74.9003 2.71321 10.5642 60.5499 -0.431722 -13 394 1 0 1
-0.649769 10.7892 74.9003 -0.520222 14.5918 74.4254 -1.32107 -13 395 1 0 1
14.9938 5.18522 74.9003 16.4349 3.04106 62.6028 0.217009 -13 396 1 0 1
7.09038 -6.63423 74.9003 9.00731 -5.03952 59.5611 1.64304 -13 397 1 0 1
3.48215 -2.22894 74.9003 5.15649 -3.09539 66.7137 1.21777 -13 398 1 0 1
2.84458 -11.471 74.9003 3.6516 -11.0248 70.9304 2.38906 -13 399 1 0 1
5.24117 2.34568 74.9003 7.34837 6.2569 64.5082 0.334905 -13 400 1 0 1
7.80359 -0.541322 74.9003 9.13818 0.0387428 71.5684 0.11629 -13 401 1 0 1
-7.69057 -1.29416 74.9003 -3.94391 -1.84049 58.0206 0.0900668 -13 402 1 0 1
1.63737 -20.9297 74.9003 3.12941 -24.3459 67.7571 0.587216 -13 403 1 0 1
5.74201 -6.18179 74.9003 7.6979 -8.32473 65.9248 1.57155 -13 404 1 0 1
13.8162 -11.2659 74.9003 6.8441 -3.06368 15.216 -1.27525 -13 405 1 0 1
-0.38316 -6.03866 74.9003 2.00284 -7.94896 60.2507 -0.201713 -13 406 1 0 1
0.728726 -7.17346 74.9003 2.76706 -5.86959 66.271 1.64101 -13 407 1 0 1
10.9824 -1.40374 74.9003 13.0087 -1.41082 63.4011 0.688811 -13 409 1 0 1
-1.56549 -5.80732 74.9003 -1.94843 -6.69519 76.1526 -2.2407 -13 410 1 0 1
-0.578511 9.35286 74.9003 3.61854 3.99816 43.8448 1.01109 -13 411 1 0 1
0.926794 -9.28128 74.9003 2.49894 -9.77732 66.91 1.6177 -13 412 1 0 1
-4.40885 5.19977 74.9003 -6.17622 4.92719 78.6995 0.416137 -13 413 1 0 1
-9.29101 -5.86769 74.9003 -5.09497 -4.61346 58.3365 1.37913 -13 414 1 0 1
9.9525 7.44697 74.9003 11.4126 7.2458 56.5042 0.737167 -13 415 1 0 1
12.7371 -21.3763 74.9003 11.5298 -12.2946 40.3209 0.370693 -13 417 1 0 1
1.31535 1.21936 74.9003 2.59162 -0.355286 69.7028 1.82037 -13 418 1 0 1
13.5762 -1.48963 74.9003 15.3275 -1.19857 62.8255 0.880169 -13 419 1 0 1
2.34185 -7.40746 74.9003 3.06044 -10.2664 73.45 -0.100184 -13 421 1 0 1
7.31789 20.8784 74.9003 8.98165 21.0663 63.5515 0.766022 -13 422 1 0 1
-12.4038 -19.0092 74.9003 -5.28349 -11.1819 45.6829 0.23285 -13 423 1 0 1
1.25024 2.70012 74.9003 3.72475 3.59729 64.1603 0.301466 -13 425 1 0 1
0.62049 2.00213 74.9003 0.398071 4.48512 74.2922 -1.08645 -13 426 1 0 1
12.5462 -7.54617 74.9003 13.9726 -5.41569 62.2039 -0.159734 -13 427 1 0 1
-1.58242 9.10727 74.9003 0.213834 11.4041 65.5904 0.742018 -13 428 1 0 1
15.7225 -10.8137 74.9003 4.40776 -20.4529 29.0875 0.288691 -13 429 1 0 1
-9.10659 13.1397 74.9003 -9.11789 14.6248 69.9578 -1.35697 -13 430 1 0 1
4.12522 -4.49078 74.9003 4.27254 -5.69916 75.8305 2.22318 -13 431 1 0 1
6.85356 4.08161 74.9003 8.69402 5.82118 67.4937 2.29469 -13 432 1 0 1
2.1286 -8.45954 74.9003 3.11243 -11.8199 69.7615 1.72149 -13 433 1 0 1
6.72604 8.4643 74.9003 8.82745 10.273 58.8156 0.493047 -13 434 1 0 1
4.35878 -0.463405 74.9003 5.95928 0.100652 67.2819 -1.96919 -13 437 1 0 1
-0.918635 -0.192914 74.9003 2.9037 0.115968 55.1603 2.33683 -13 438 1 0 1
2.5096 -13.2516 74.9003 4.41797 -11.5895 62.8852 -0.769392 -13 439 1 0 1
7.96789 6.64016 74.9003 9.83213 6.92681 60.7511 0.579089 -13 440 1 0 1
-3.77911 0.265053 74.9003 -3.41371 0.0302919 71.8591 1.69231 -13 441 1 0 1
-3.45745 -2.77132 74.9003 -1.39646 -0.165833 65.8605 0.205488 -13 442 1 0 1
5.21859 0.90055 74.9003 7.73349 3.31983 56.6683 1.41304 -13 443 1 0 1
14.7484 -0.566953 74.9003 16.4731 0.308551 68.7506 1.31279 -13 444 1 0 1
10.39 -0.132622 74.9003 12.0927 -2.94083 68.6589 0.401188 -13 445 1 0 1
2.80701 -6.91933 74.9003 4.42181 -5.0315 69.6903 -1.22649 -13 446 1 0 1
10.7088 0.961837 74.9003 12.2244 1.23999 56.2812 -0.0679767 -13 447 1 0 1
1.13881 2.0017 74.9003 2.48336 3.63317 70.707 -1.67684 -13 448 1 0 1
0.896836 0.471495 74.9003 3.86393 -0.528405 52.8227 0.196996 -13 449 1 0 1
7.28564 3.21605 74.9003 7.12235 1.74625 80.8851 0.383081 -13 451 1 0 1
1.62096 -2.11253 74.9003 3.77912 -2.94602 67.4336 1.42697 -13 452 1 0 1
7.29368 -3.1856 74.9003 9.96071 -2.36612 59.323 0.0242829 -13 453 1 0 1
-4.02655 3.49583 74.9003 0.844329 2.34893 50.7856 1.749 -13 454 1 0 1
11.8349 -8.55924 74.9003 13.3903 -8.90467 54.7761 0.570312 -13 455 1 0 1
9.04303 9.00726 74.9003 10.7476 9.68003 63.8606 -0.290316 -13 456 1 0 1
13.7514 2.10495 74.9003 15.31 3.61437 55.646 1.17423 -13 457 1 0 1
9.77741 -21.6689 74.9003 10.6617 -17.207 52.8449 -0.707741 -13 458 1 0 1
15.0562 8.37312 74.9003 13.553 5.95448 73.2139 2.00173 -13 459 1 0 1
-1.50734 1.48657 74.9003 0.145961 2.82162 65.6367 0.180913 -13 460 1 0 1
-4.58963 6.62706 74.9003 -2.47029 8.08089 66.0626 0.688732 -13 461 1 0 1
8.21823 1.2214 74.9003 10.4976 1.54912 64.4625 0.0545615 -13 462 1 0 1
5.47108 -2.04302 74.9003 7.05429 -1.82931 68.8306 1.80686 -13 463 1 0 1
10.6896 18.0316 74.9003 12.1047 17.0467 59.4584 0.217026 -13 464 1 0 1
-4.47356 16.9001 74.9003 0.738713 10.1084 38.5561 -0.33168 -13 465 1 0 1
7.69265 8.22092 74.9003 9.41168 7.8947 56.4846 0.709612 -13 466 1 0 1
11.6662 6.90358 74.9003 10.9632 5.08045 38.3976 0.360133 -13 467 1 0 1
4.80115 -0.998188 74.9003 7.53563 -3.31127 55.8785 -0.455629 -13 468 1 0 1
0.324821 14.6227 74.9003 3.62052 11.1099 50.332 0.867044 -13 469 1 0 1
6.59786 -6.6774 74.9003 8.40464 -5.25242 64.3026 -0.111287 -13 470 1 0 1
6.29252 9.93642 74.9003 8.38597 7.13451 49.0614 1.61719 -13 471 1 0 1
11.7369 -13.9158 74.9003 11.3351 -9.08814 42.0563 1.66727 -13 472 1 0 1
0.424288 -4.40833 74.9003 3.80104 -4.09146 55.1038 -0.225265 -13 473 1 0 1
11.7348 -6.8405 74.9003 13.7371 -6.46487 60.7946 -0.251845 -13 474 1 0 1
5.38039 5.77546 74.9003 6.89815 7.65939 71.9971 1.90705 -13 475 1 0 1
-8.31242 11.4139 74.9003 -5.36154 11.4593 61.2023 0.36759 -13 476 1 0 1
4.77707 13.1193 74.9003 7.1624 11.6826 66.499 -0.932664 -13 477 1 0 1
0.336545 -6.32649 74.9003 2.40625 -5.35355 61.8294 -1.41708 -13 478 1 0 1
6.69608 0.371005 74.9003 8.14491 -0.701295 48.0196 -0.186019 -13 479 1 0 1
11.8167 4.97116 74.9003 12.9191 5.1109 53.8851 0.715968 -13 480 1 0 1
12.2964 -7.14914 74.9003 10.4873 -3.88001 33.2908 1.16872 -13 481 1 0 1
2.66992 -7.78045 74.9003 5.65067 -7.10956 44.739 0.858621 -13 482 1 0 1
-8.04995 10.6445 74.9003 -7.14084 10.3397 68.687 1.14736 -13 483 1 0 1
-6.02504 -2.62604 74.9003 -4.82234 -3.77101 67.3436 -0.904465 -13 484 1 0 1
-10.2924 -10.2449 74.9003 -6.09235 -10.1541 57.1532 2.25341 -13 485 1 0 1
3.40968 -12.4625 74.9003 5.71729 -12.9758 57.8167 3.14392 -13 486 1 0 1
15.3329 4.0136 74.9003 5.71349 2.61476 61.0064 0.50514 -13 487 1 0 1
-12.516 -4.40171 74.9003 -9.02982 -4.27792 60.9514 -0.503895 -13 488 1 0 1
4.23797 5.91268 74.9003 6.30683 6.74185 41.974 1.83399 -13 489 1 0 1
0.187079 -11.9863 74.9003 2.58145 -13.3626 62.4122 -1.42922 -13 490 1 0 1
8.3953 5.47991 74.9003 10.0523 3.36065 69.7317 1.22422 -13 491 1 0 1
5.52074 4.09069 74.9003 7.6483 5.91615 61.0805 1.56897 -13 492 1 0 1
0.286664 -3.29013 74.9003 3.59382 -3.46437 59.7035 1.41641 -13 493 1 0 1
7.27576 -3.96558 74.9003 7.88429 -3.51269 36.6608 0.644037 -13 494 1 0 1
8.01511 11.3073 74.9003 9.16427 4.80336 41.1804 -2.19505 -13 495 1 0 1
8.38935 -7.75298 74.9003 9.2179 -5.15833 43.4748 0.762247 -13 496 1 0 1
6.13849 1.24901 74.9003 8.00813 1.60448 64.1646 0.651544 -13 497 1 0 1
-1.85386 6.03365 74.9003 -0.594503 6.82098 69.0876 -0.0578578 -13 498 1 0 1
4.28131 4.75887 74.9003 6.67009 2.3323 51.9823 -0.40217 -13 499 1 0 1
6.21374 4.56235 74.9003 6.1629 4.10102 79.3406 0.04985 -13 501 1 0 1
-11.0912 6.3498 74.9003 -9.6057 4.71295 66.2443 -0.790632 -13 502 1 0 1
1.48974 -16.0921 74.9003 3.04692 -14.2399 68.4809 -1.25334 -13 503 1 0 1
1.3709 3.70951 74.9003 2.88625 4.74276 66.3877 0.666287 -13 504 1 0 1
-3.95029 -2.09841 74.9003 -6.16128 -3.72135 79.1775 1.61254 -13 506 1 0 1
13.2286 14.8119 74.9003 12.9235 11.473 48.1313 0.901607 -13 507 1 0 1
11.9793 -8.44204 74.9003 14.0629 -6.86968 62.1591 1.3537 -13 508 1 0 1
11.4103 -7.70147 74.9003 12.9129 -8.00903 71.7396 0.369724 -13 509 1 0 1
-6.35505 7.97242 74.9003 -3.11593 7.0379 61.0088 1.5361 -13 510 1 0 1
-10.8254 -0.577266 74.9003 -10.7708 0.773788 71.3312 2.40791 -13 511 1 0 1
-4.55204 -3.94714 74.9003 -1.5133 -3.19026 58.8636 -0.0195585 -13 512 1 0 1
7.48776 2.6451 74.9003 9.1688 3.28584 51.0059 1.54021 -13 513 1 0 1
-2.54545 0.667718 74.9003 0.598055 0.73078 55.4044 -3.08263 -13 514 1 0 1
-9.23762 0.0766226 74.9003 -7.8996 0.534892 66.3425 -1.0874 -13 515 1 0 1
-0.887956 2.444 74.9003 2.02094 4.48975 56.7777 -1.5554 -13 516 1 0 1
2.10721 -2.40526 74.9003 3.05157 -4.52307 72.2906 -0.785071 -13 517 1 0 1
4.11033 0.370258 74.9003 6.47346 1.25121 65.0117 1.17028 -13 518 1 0 1
-6.12384 2.41089 74.9003 -8.6198 1.92398 78.4067 0.248131 -13 519 1 0 1
3.32454 -5.37498 74.9003 6.09664 -6.83557 60.4326 2.89133 -13 520 1 0 1
-1.64148 -10.3352 74.9003 -0.386947 -10.0751 69.8825 -1.1345 -13 521 1 0 1
3.80645 4.54885 74.9003 2.86226 5.1665 80.5168 1.22528 -13 522 1 0 1
-4.21654 6.36845 74.9003 -3.19032 5.36462 70.0171 1.20324 -13 523 1 0 1
4.35468 -4.92981 74.9003 6.83032 -1.05941 61.7747 1.08404 -13 524 1 0 1
5.6021 13.8228 74.9003 7.22826 8.03241 39.3974 1.15292 -13 525 1 0 1
-5.65631 -1.84818 74.9003 -5.79327 0.447285 72.1546 0.371831 -13 526 1 0 1
-2.58518 12.0601 74.9003 0.292546 11.1584 59.2917 1.39431 -13 527 1 0 1
-2.31769 4.05411 74.9003 1.50046 3.18963 54.8918 3.06728 -13 528 1 0 1
12.9446 -11.3051 74.9003 14.57 -14.8859 69.3714 1.13315 -13 529 1 0 1
3.62349 4.46743 74.9003 5.68155 4.50845 67.0508 -0.267823 -13 530 1 0 1
3.31006 4.35434 74.9003 6.21469 4.65815 58.8041 1.35699 -13 531 1 0 1
-9.79646 8.90184 74.9003 -4.58126 8.68425 53.1773 2.0452 -13 532 1 0 1
-2.17831 -18.7365 74.9003 2.03436 -8.74202 30.7038 3.89053 -13 533 1 0 1
8.91467 -1.17529 74.9003 10.6742 -0.470938 69.7411 1.3001 -13 534 1 0 1
4.92062 7.97414 74.9003 6.15883 12.0703 69.1485 -2.49757 -13 535 1 0 1
9.25782 -0.053906 74.9003 10.8093 1.62627 54.6954 -0.530828 -13 536 1 0 1
10.7919 9.00217 74.9003 13.1578 7.61904 61.4277 0.463578 -13 538 1 0 1
14.6332 -4.10778 74.9003 16.2806 -4.01892 75.8418 1.69761 -13 540 1 0 1
0.437466 9.25091 74.9003 1.19066 11.4624 70.6714 1.27702 -13 541 1 0 1
6.62812 3.6615 74.9003 8.43473 4.91626 67.3853 0.346539 -13 542 1 0 1
10.6477 -5.00489 74.9003 12.8439 -7.12492 65.9814 -0.178954 -13 543 1 0 1
7.13996 -2.03594 74.9003 9.3152 -2.55661 63.496 0.771161 -13 544 1 0 1
-2.06959 -22.1963 74.9003 -1.24864 -24.6484 68.4453 1.48401 -13 545 1 0 1
6.03455 -21.571 74.9003 7.19086 -13.9165 42.5746 0.946979 -13 546 1 0 1
2.45209 14.9416 74.9003 5.09566 12.7656 51.7908 -0.309065 -13 547 1 0 1
5.23576 5.64837 74.9003 7.19567 7.5266 61.2733 2.61805 -13 548 1 0 1
7.03729 -5.35281 74.9003 9.16086 -2.91225 57.4499 2.9329 -13 549 1 0 1
-12.2611 12.9802 74.9003 -11.2515 14.4213 66.9838 -2.1547 -13 550 1 0 1
10.5231 -9.09674 74.9003 9.25676 -3.02904 35.166 1.75894 -13 551 1 0 1
-8.0853 -3.78287 74.9003 -4.50726 -4.3507 59.5784 0.588239 -13 553 1 0 1
-7.07512 -1.7166 74.9003 -5.26372 -2.73576 65.5361 -0.670642 -13 554 1 0 1
12.0493 8.76819 74.9003 13.1985 9.86011 72.7734 1.56234 -13 555 1 0 1
-1.65975 9.613 74.9003 1.31716 7.98691 56.67 0.86402 -13 556 1 0 1
8.08575 -0.545236 74.9003 10.1099 -1.23538 61.1405 2.78298 -13 557 1 0 1
-1.24849 -3.09938 74.9003 1.23931 -4.18551 62.189 -2.25809 -13 558 1 0 1
-9.20196 5.81844 74.9003 -3.11017 4.43156 46.4861 -0.996271 -13 560 1 0 1
-8.98601 5.14447 74.9003 -8.44283 3.88893 69.1925 1.42916 -13 562 1 0 1
8.65054 -2.33338 74.9003 10.0236 -4.18092 70.17 -0.0147538 -13 564 1 0 1
-5.24957 9.70388 74.9003 -1.3547 9.58939 55.6908 1.64023 -13 565 1 0 1
-3.99922 0.762532 74.9003 -4.415 0.135035 73.9326 1.053 -13 566 1 0 1
-4.61299 -4.23837 74.9003 -0.392465 -2.62129 53.4469 0.581593 -13 567 1 0 1
-0.811816 7.14281 74.9003 0.281608 8.74892 71.1937 0.497244 -13 568 1 0 1
3.31053 -5.71224 74.9003 5.40979 -5.8251 61.5936 2.14211 -13 569 1 0 1
3.02494 -8.40809 74.9003 5.99945 -5.65196 52.251 -2.02041 -13 570 1 0 1
4.20413 12.3404 74.9003 4.96962 5.86062 25.7062 0.530596 -13 571 1 0 1
3.92497 -5.367 74.9003 4.52732 -7.93703 75.3042 0.163108 -13 572 1 0 1
-4.19714 -1.33874 74.9003 -2.75249 -3.97433 68.9936 2.26626 -13 573 1 0 1
-4.52196 18.771 74.9003 -1.59258 18.4983 58.5867 -0.60156 -13 574 1 0 1
2.34531 -3.19879 74.9003 3.62108 -3.46406 69.6572 0.503728 -13 575 1 0 1
0.9432 2.9031 74.9003 2.51349 -0.0027636 68.7824 -0.571051 -13 576 1 0 1
5.36357 -5.64775 74.9003 7.08708 -2.67082 65.5209 -1.64106 -13 577 1 0 1
-2.5027 12.2812 74.9003 -2.1682 14.0239 72.2218 2.25836 -13 578 1 0 1
11.3239 -13.4574 74.9003 13.2902 -12.8278 60.566 0.104977 -13 579 1 0 1
-8.95092 5.93426 74.9003 -7.61504 7.93088 66.649 1.80728 -13 580 1 0 1
11.6188 2.75997 74.9003 13.4412 1.30613 61.4758 0.41984 -13 581 1 0 1
6.46097 0.237451 74.9003 7.92142 -0.699136 71.0729 -0.124222 -13 583 1 0 1
9.49797 6.82435 74.9003 11.0362 4.68812 63.8824 -0.419011 -13 584 1 0 1
2.24527 -6.04244 74.9003 3.84161 -7.62386 65.1429 -1.71723 -13 585 1 0 1
6.419 -9.63144 74.9003 7.68161 -11.6925 71.0236 2.50166 -13 586 1 0 1
-5.03236 12.9074 74.9003 -5.46527 16.5449 72.8939 0.680595 -13 587 1 0 1
9.14706 -0.315923 74.9003 11.0527 1.2248 66.2351 -1.79079 -13 588 1 0 1
2.88044 4.27932 74.9003 4.14738 3.69373 70.5572 -0.925479 -13 589 1 0 1
-7.23038 -10.5743 74.9003 -7.74169 -14.0291 73.5825 -0.547949 -13 590 1 0 1
-3.90282 -1.08169 74.9003 -5.45561 0.419993 78.1798 2.8874 -13 591 1 0 1
0.170835 -0.415366 74.9003 1.5677 -1.36344 71.5665 -2.2948 -13 592 1 0 1
4.91208 4.20806 74.9003 7.36452 1.37547 64.0672 2.28287 -13 593 1 0 1
-6.62897 0.739437 74.9003 -4.73168 -0.58726 63.7659 0.584814 -13 594 1 0 1
6.28662 -3.09792 74.9003 8.18294 -1.3785 63.6028 0.928709 -13 595 1 0 1
-9.6656 -1.77321 74.9003 -13.4126 -2.4876 78.6692 0.234822 -13 597 1 0 1
3.87164 -8.49967 74.9003 2.71718 -11.2799 80.6887 -1.41101 -13 598 1 0 1
-3.68949 -1.17237 74.9003 1.05094 -0.871969 47.4756 -1.14322 -13 599 1 0 1
2.98341 -11.3731 74.9003 5.86525 -9.02449 50.6227 0.966377 -13 600 1 0 1
7.28566 0.600304 74.9003 9.05351 0.263795 59.1174 1.55453 -13 601 1 0 1
4.32676 -6.70011 74.9003 6.68386 -6.33397 64.3003 0.987645 -13 602 1 0 1
-12.9899 -3.64293 74.9003 -11.9142 -3.43875 67.5174 -0.915757 -13 603 1 0 1
11.7877 -3.73834 74.9003 12.623 -3.67071 46.5217 0.600255 -13 604 1 0 1
0.0523198 -24.2868 74.9003 2.76552 -20.4567 57.6286 0.449588 -13 605 1 0 1
10.5362 -0.806126 74.9003 11.9889 -0.857139 66.2788 2.97611 -13 606 1 0 1
11.7459 11.2612 74.9003 12.6407 15.4975 74.9235 -0.419321 -13 607 1 0 1
-9.52873 2.14501 74.9003 -10.097 5.65281 72.7775 0.495686 -13 609 1 0 1
-4.61576 2.33745 74.9003 -3.16421 6.08608 67.3319 -1.31384 -13 610 1 0 1
-1.05342 0.782274 74.9003 2.38768 -0.945193 54.4906 1.32208 -13 611 1 0 1
4.59204 -4.78835 74.9003 6.97022 -6.505 64.4565 0.0694282 -13 614 1 0 1
-5.82403 -3.35793 74.9003 -5.65387 -6.51667 73.4959 1.16567 -13 615 1 0 1
6.70422 5.033 74.9003 7.24351 7.40734 78.0891 0.124446 -13 616 1 0 1
5.93407 -8.74046 74.9003 7.85542 -7.45725 63.5742 -0.313265 -13 617 1 0 1
0.00963565 22.2721 74.9003 2.52544 20.3202 56.7948 -0.613277 -13 618 1 0 1
-1.14421 3.10971 74.9003 -2.27826 3.36856 78.0259 -1.86753 -13 620 1 0 1
4.89196 -6.32413 74.9003 7.24112 -3.31384 59.8134 1.07982 -13 621 1 0 1
13.8826 -27.9613 74.9003 14.4571 -21.4506 54.23 0.795886 -13 622 1 0 1
2.27775 -1.19334 74.9003 5.02698 1.19614 60.6081 0.101806 -13 623 1 0 1
9.17382 3.38969 74.9003 11.5704 2.1157 64.8648 0.0859869 -13 624 1 0 1
4.15915 9.96444 74.9003 6.7263 6.85571 59.3189 -0.44227 -13 625 1 0 1
4.68153 6.118 74.9003 5.67612 5.14864 70.6572 2.81992 -13 626 1 0 1
-7.42956 3.67402 74.9003 -9.02007 7.86778 76.1909 0.931139 -13 627 1 0 1
12.5645 2.58306 74.9003 14.8951 3.67559 71.6265 0.509761 -13 628 1 0 1
0.69478 13.9257 74.9003 3.20698 14.9781 64.8539 0.581778 -13 629 1 0 1
-8.73241 7.97457 74.9003 -6.28448 8.99857 63.0658 1.05877 -13 630 1 0 1
3.99316 1.23561 74.9003 7.0662 1.59038 59.0257 -0.244083 -13 631 1 0 1
1.15147 -8.73685 74.9003 2.84189 -8.50504 66.8816 -1.12652 -13 632 1 0 1
-10.918 23.6251 74.9003 -7.12085 21.1292 57.6275 0.308153 -13 634 1 0 1
-5.92263 7.36861 74.9003 -6.05951 10.5283 72.6694 -1.73958 -13 636 1 0 1
9.7353 0.340996 74.9003 11.0652 -0.689742 71.8148 0.459771 -13 637 1 0 1
3.29162 -16.2557 74.9003 4.99695 -7.59184 29.7903 0.721816 -13 638 1 0 1
8.02741 -9.50386 74.9003 9.69972 -9.44189 65.397 -1.57211 -13 639 1 0 1
10.2416 6.68283 74.9003 9.49196 3.93299 38.6528 -1.60677 -13 640 1 0 1
14.5085 -9.17804 74.9003 15.799 -9.31024 60.4821 -0.90953 -13 641 1 0 1
5.07393 -9.92924 74.9003 7.70375 -7.47853 57.4563 0.382499 -13 642 1 0 1
2.04481 -15.5628 74.9003 3.10119 -16.8921 69.8199 -0.00498815 -13 643 1 0 1
-4.82563 -12.5432 74.9003 -0.666001 -10.52 50.2605 2.70376 -13 644 1 0 1
6.85042 -10.6214 74.9003 8.94744 -8.65264 56.384 1.42649 -13 645 1 0 1
-5.94396 3.09555 74.9003 -6.3331 3.06232 72.3477 1.7129 -13 646 1 0 1
-11.4347 -1.10691 74.9003 -14.5908 -0.0194908 77.2664 -1.14594 -13 647 1 0 1
8.57407 0.273277 74.9003 10.7171 0.960342 67.7504 0.254304 -13 649 1 0 1
1.41179 -6.34294 74.9003 1.73175 -5.66792 73.7402 1.30606 -13 650 1 0 1
4.68417 2.9554 74.9003 6.16628 2.68449 68.0464 0.852794 -13 651 1 0 1
-0.425341 -5.26616 74.9003 1.20728 -6.02457 66.0528 1.36376 -13 652 1 0 1
3.5569 -6.12852 74.9003 4.94847 -5.0487 68.3576 0.979717 -13 653 1 0 1
9.156 -3.3664 74.9003 10.1639 -1.92858 40.3285 0.0951447 -13 654 1 0 1
-3.11051 -10.0636 74.9003 1.67196 -6.35246 35.3151 0.736495 -13 655 1 0 1
-9.64681 12.2795 74.9003 -7.62309 13.6904 63.4097 0.260113 -13 656 1 0 1
10.6405 -5.70029 74.9003 12.476 -3.20717 60.4123 0.984034 -13 657 1 0 1
-0.357643 -9.04756 74.9003 0.596084 -7.26562 69.139 2.56878 -13 659 1 0 1
1.95243 -5.02998 74.9003 3.48711 -4.4779 66.3442 -1.15433 -13 660 1 0 1
-0.641948 -3.1291 74.9003 -1.54765 -6.67326 76.6568 1.95337 -13 661 1 0 1
-2.96609 3.95281 74.9003 0.161853 3.51291 58.3795 0.108257 -13 662 1 0 1
9.97468 3.30677 74.9003 11.6867 3.98391 56.8364 0.825553 -13 663 1 0 1
-1.39463 -7.84814 74.9003 -0.942994 -7.71807 70.5558 2.07028 -13 664 1 0 1
-0.422639 -3.79046 74.9003 -0.880245 -5.52839 77.0312 0.621314 -13 665 1 0 1
-8.44618 0.926858 74.9003 -5.31231 1.80526 61.7983 1.34075 -13 666 1 0 1
4.01824 -1.11184 74.9003 6.26264 -0.568132 60.5619 -1.78978 -13 667 1 0 1
1.2852 -7.95959 74.9003 4.01002 -5.01284 35.7551 1.27687 -13 668 1 0 1
3.99616 -13.1544 74.9003 6.14684 -13.3181 66.9678 1.72743 -13 669 1 0 1
6.7336 -10.0417 74.9003 8.0781 -10.3953 72.1907 0.357768 -13 670 1 0 1
14.6579 -11.3335 74.9003 16.2477 -10.4315 61.1935 0.847361 -13 671 1 0 1
13.2944 10.7873 74.9003 13.5853 8.78108 55.1893 1.94987 -13 672 1 0 1
3.21667 23.299 74.9003 5.57649 19.5786 57.7039 0.720461 -13 673 1 0 1
15.5368 4.71221 74.9003 20.7846 -5.16826 48.086 1.21981 -13 674 1 0 1
0.18522 -14.3296 74.9003 2.63679 -14.5713 62.0229 3.53494 -13 675 1 0 1
3.84689 7.26404 74.9003 5.07034 11.8584 71.3586 1.88191 -13 678 1 0 1
-5.44503 6.98959 74.9003 -4.18224 7.58288 67.587 0.354396 -13 679 1 0 1
-3.83542 4.17395 74.9003 0.0516776 2.52319 56.2552 -0.501596 -13 680 1 0 1
1.78605 -2.58981 74.9003 2.57765 -6.7743 73.298 -2.90462 -13 681 1 0 1
3.82364 -18.3636 74.9003 5.61208 -12.3738 33.4018 0.587252 -13 682 1 0 1
-0.257653 -8.81889 74.9003 2.20158 -7.74489 61.038 0.160151 -13 684 1 0 1
4.97262 9.61503 74.9003 6.55424 10.54 69.4841 0.759906 -13 686 1 0 1
8.05115 -8.74635 74.9003 9.79634 -5.81938 52.1204 2.09401 -13 687 1 0 1
0.267396 5.51842 74.9003 2.06159 3.99252 66.7292 0.324502 -13 688 1 0 1
11.9603 -11.7726 74.9003 13.6634 -12.0435 59.0047 1.38384 -13 690 1 0 1
5.36988 0.324671 74.9003 7.03902 -1.52067 64.9045 -1.59182 -13 691 1 0 1
-1.86161 -0.759778 74.9003 0.391647 -3.17404 62.6179 -0.576406 -13 692 1 0 1
8.49801 1.79966 74.9003 9.57138 -2.16271 50.2522 2.25661 -13 693 1 0 1
3.63291 -9.14591 74.9003 5.43258 -6.93183 64.8533 2.73394 -13 694 1 0 1
5.18113 7.84886 74.9003 7.4049 7.92132 64.4638 0.721064 -13 696 1 0 1
-1.9939 3.11609 74.9003 -1.81516 4.58519 71.1582 0.883251 -13 697 1 0 1
2.61171 -3.49254 74.9003 3.37668 -3.691 72.4696 1.74508 -13 700 1 0 1
6.41166 10.8027 74.9003 8.25326 13.1197 68.5256 1.70288 -13 701 1 0 1
9.87948 0.659865 74.9003 10.1131 0.758998 43.9215 1.80414 -13 702 1 0 1
-4.76117 5.16988 74.9003 -7.20379 5.11222 79.6355 -1.88463 -13 703 1 0 1
13.242 11.1532 74.9003 14.5961 11.1923 55.4125 -0.0581622 -13 704 1 0 1
4.46995 5.02357 74.9003 7.02512 3.35222 53.57 1.83678 -13 705 1 0 1
0.693028 3.99403 74.9003 4.11369 3.62479 54.84 -1.18481 -13 706 1 0 1
4.19822 0.504863 74.9003 5.4025 3.78672 71.9392 3.67315 -13 707 1 0 1
-9.3505 -3.8002 74.9003 -5.71675 -3.44869 59.3981 0.908235 -13 708 1 0 1
2.67154 -5.64605 74.9003 4.8658 -7.06492 65.7306 0.45538 -13 709 1 0 1
4.13632 -1.27252 74.9003 6.66337 -2.39002 44.6283 -0.489911 -13 710 1 0 1
8.7401 1.76151 74.9003 9.95435 -0.191171 50.4174 0.114516 -13 711 1 0 1
2.60726 -8.23587 74.9003 3.93433 -8.26377 68.982 1.75317 -13 712 1 0 1
-0.00893455 -7.5779 74.9003 -1.92713 -10.9167 80.416 0.344195 -13 713 1 0 1
4.57383 -0.100735 74.9003 6.93368 -1.68782 49.7166 2.09898 -13 714 1 0 1
-0.295041 5.62838 74.9003 0.448901 7.48694 71.3715 -0.716133 -13 715 1 0 1
13.7326 9.07172 74.9003 14.2669 6.73557 49.1849 1.67104 -13 716 1 0 1
-0.500851 -3.27599 74.9003 2.99554 -3.13026 52.7689 2.21852 -13 717 1 0 1
-3.73138 0.800553 74.9003 -3.51613 -0.503719 72.389 1.29866 -13 718 1 0 1
5.75934 2.40435 74.9003 7.16325 4.29433 71.6858 0.259477 -13 719 1 0 1
2.87277 11.9328 74.9003 4.89054 12.1388 65.3901 2.46251 -13 720 1 0 1
9.58163 -10.7667 74.9003 11.0471 -11.4161 70.6075 0.276374 -13 721 1 0 1
7.15162 -10.3289 74.9003 8.92163 -9.35713 53.8757 -1.10588 -13 722 1 0 1
2.8531 -6.36705 74.9003 4.96763 -4.30292 61.7045 -0.816679 -13 723 1 0 1
3.54866 11.0677 74.9003 4.48695 11.1276 72.2636 2.36217 -13 724 1 0 1
-2.86443 8.77447 74.9003 0.518032 6.37833 55.8725 0.137392 -13 725 1 0 1
11.3943 2.95574 74.9003 11.1194 2.32349 44.0227 2.42268 -13 727 1 0 1
11.6236 27.3295 74.9003 10.508 17.8 39.6592 0.206326 -13 728 1 0 1
6.61266 -5.41765 74.9003 7.08115 -5.64556 76.237 -1.4761 -13 729 1 0 1
-1.10552 -14.6016 74.9003 3.41996 -7.25495 36.8872 0.35485 -13 730 1 0 1
-0.816514 -4.64599 74.9003 0.195747 -4.00551 70.7039 -0.879818 -13 731 1 0 1
-2.00472 9.38591 74.9003 -0.415652 8.48359 68.8262 2.37705 -13 732 1 0 1
-4.019 -0.207216 74.9003 0.879743 -1.82709 46.8892 0.0446883 -13 733 1 0 1
5.98619 2.97262 74.9003 7.68949 -2.38531 71.2593 2.60777 -13 734 1 0 1
7.62075 7.27635 74.9003 8.91868 5.22653 46.897 0.256968 -13 736 1 0 1
-1.03136 9.19789 74.9003 1.66792 8.16248 63.0635 2.44819 -13 737 1 0 1
12.8334 -0.555425 74.9003 13.9977 0.84115 57.4695 1.93663 -13 738 1 0 1
8.48602 -2.9465 74.9003 10.3236 -1.15724 58.7348 -0.7476 -13 739 1 0 1
-2.24787 2.53469 74.9003 -2.12789 2.50339 73.3814 1.1294 -13 740 1 0 1
-13.4482 1.11436 74.9003 -5.44942 1.50584 44.0548 -1.73609 -13 742 1 0 1
0.039828 4.49959 74.9003 1.1368 6.213 72.1454 1.68339 -13 743 1 0 1
0.614488 9.35167 74.9003 3.6681 6.6536 55.3469 0.676973 -13 744 1 0 1
13.6987 10.2666 74.9003 14.9845 10.4993 71.0519 2.31336 -13 745 1 0 1
1.50799 -6.30125 74.9003 2.97289 -6.67077 68.4464 -1.45501 -13 746 1 0 1
3.81025 -2.66892 74.9003 5.56651 -2.5438 67.9512 0.542395 -13 747 1 0 1
-4.72676 1.73091 74.9003 0.101808 2.07847 49.6009 -1.36873 -13 748 1 0 1
7.52143 -6.39572 74.9003 8.6137 -7.35925 72.6785 1.47744 -13 749 1 0 1
1.86384 8.02277 74.9003 4.25686 3.50045 63.8752 1.0854 -13 750 1 0 1
5.5808 9.66437 74.9003 7.93854 8.91534 52.7644 0.439508 -13 751 1 0 1
0.744375 11.7287 74.9003 2.59296 13.9101 66.8166 -0.116315 -13 752 1 0 1
-0.123237 1.91933 74.9003 2.28 -0.0591339 64.552 -0.663354 -13 753 1 0 1
-5.39764 -1.90347 74.9003 -4.39493 -0.987495 70.4372 0.668801 -13 754 1 0 1
4.39289 -2.05726 74.9003 4.89959 -3.21107 75.7466 -1.08798 -13 755 1 0 1
7.76372 6.42844 74.9003 9.42133 8.91375 67.4581 -0.67348 -13 756 1 0 1
3.40054 1.37046 74.9003 6.28973 -0.829849 55.5516 0.764251 -13 758 1 0 1
9.47842 -17.5205 74.9003 10.8379 -17.1439 60.5221 1.54098 -13 759 1 0 1
6.36196 -2.94268 74.9003 8.58413 -2.88225 54.6661 0.61104 -13 760 1 0 1
2.86014 -3.44486 74.9003 5.19972 -2.00676 58.9046 1.08442 -13 761 1 0 1
-9.08654 4.32288 74.9003 -1.88236 3.67224 36.8203 -0.406983 -13 762 1 0 1
5.7565 3.81562 74.9003 7.17799 4.60596 69.8981 -2.23599 -13 764 1 0 1
0.133749 -5.76558 74.9003 2.85267 -6.42666 65.0279 -0.182553 -13 765 1 0 1
-4.92284 25.8595 74.9003 1.23613 10.1644 24.4614 -0.367081 -13 766 1 0 1
9.42531 -1.13613 74.9003 11.28 -1.6447 58.1934 -0.0505469 -13 767 1 0 1
11.6327 -20.4565 74.9003 13.3591 -20.3292 64.4679 1.00015 -13 768 1 0 1
7.70764 2.00182 74.9003 8.5784 -0.131985 39.6467 0.63071 -13 769 1 0 1
-1.68427 -6.09857 74.9003 -0.517732 -11.2886 71.1724 -0.693455 -13 770 1 0 1
9.2999 -19.2521 74.9003 9.37934 -11.9831 37.9921 -0.14804 -13 771 1 0 1
7.4951 5.66767 74.9003 9.7036 4.19396 55.3102 0.228312 -13 772 1 0 1
10.8119 0.115793 74.9003 11.8643 0.685561 76.2109 0.85176 -13 773 1 0 1
-4.40967 -2.91385 74.9003 -0.9064 -1.40166 58.8223 1.33585 -13 774 1 0 1
-0.84201 6.77672 74.9003 2.49438 6.06656 55.4731 2.93046 -13 776 1 0 1
-1.5768 -6.23528 74.9003 -0.158154 -7.61156 68.0284 0.328765 -13 777 1 0 1
1.80305 10.5907 74.9003 4.73903 9.38263 46.0514 3.0459 -13 778 1 0 1
-2.97187 -9.4254 74.9003 -1.42896 -9.81973 68.5487 2.04587 -13 779 1 0 1
8.1279 -0.0119526 74.9003 10.7335 0.362416 67.1758 -0.545655 -13 780 1 0 1
-1.10557 2.86623 74.9003 0.835662 1.64525 66.4242 0.251482 -13 781 1 0 1
-2.84877 -6.64428 74.9003 -0.693887 -6.39402 63.4764 0.882203 -13 782 1 0 1
13.3671 -5.07379 74.9003 14.7266 -3.76383 57.7653 1.37646 -13 783 1 0 1
-9.59125 -18.1231 74.9003 -7.24473 -19.3545 63.8173 -0.493654 -13 784 1 0 1
-8.67997 -2.62535 74.9003 -11.1263 -6.98498 77.685 0.135566 -13 785 1 0 1
-10.7367 0.618852 74.9003 -7.70536 -0.255137 61.6583 -0.550745 -13 788 1 0 1
5.25545 -3.31125 74.9003 7.06806 -5.27987 60.0949 2.39204 -13 790 1 0 1
8.09244 -12.1987 74.9003 10.0302 -14.2696 66.8303 -1.05608 -13 791 1 0 1
-2.3331 -2.71918 74.9003 -0.347239 -2.49868 66.89 2.55242 -13 792 1 0 1
9.31095 -0.347067 74.9003 10.6203 -1.57421 52.5916 2.19883 -13 793 1 0 1
5.67625 -10.6176 74.9003 7.5918 -9.89631 68.7927 0.642842 -13 794 1 0 1
-6.04168 -10.9144 74.9003 -2.61324 -10.0086 56.4703 -2.00604 -13 795 1 0 1
-5.97587 1.61195 74.9003 -2.15097 1.20276 59.139 0.28447 -13 796 1 0 1
2.90796 0.00859445 74.9003 5.82474 -1.82065 48.2762 -0.388522 -13 797 1 0 1
2.64849 15.0285 74.9003 2.85406 17.5642 73.818 2.34418 -13 798 1 0 1
2.70276 5.58308 74.9003 4.81289 4.69512 63.6253 1.28025 -13 799 1 0 1
-8.9788 5.32148 74.9003 -5.55429 6.49046 59.8177 1.58101 -13 800 1 0 1
12.75 3.37019 74.9003 15.1818 0.572243 67.9427 2.5873 -13 801 1 0 1
3.69116 -5.22061 74.9003 5.45858 -6.871 67.0012 -0.922934 -13 802 1 0 1
5.48493 0.720806 74.9003 5.92256 4.11319 75.7633 -1.34869 -13 803 1 0 1
2.99501 0.424645 74.9003 4.42728 0.32281 25.8222 0.343522 -13 805 1 0 1
4.11968 -4.20217 74.9003 6.55275 -4.16314 56.0211 1.39041 -13 806 1 0 1
-3.50115 -10.6602 74.9003 -1.37424 -9.63301 66.5517 0.754952 -13 807 1 0 1
-11.492 5.56831 74.9003 -2.15357 2.9067 32.6198 2.00694 -13 808 1 0 1
-6.14429 0.582845 74.9003 -3.97459 0.413206 65.3904 -0.189222 -13 809 1 0 1
-0.586719 -2.22896 74.9003 -1.07219 -3.97161 76.9064 -0.338791 -13 810 1 0 1
4.26929 1.62475 74.9003 6.17367 2.97948 70.5031 0.136056 -13 811 1 0 1
-7.11238 -9.37222 74.9003 -0.821159 -4.96224 40.3259 2.46225 -13 812 1 0 1
11.2558 10.3968 74.9003 12.5198 10.1797 55.3667 1.16453 -13 813 1 0 1
0.817291 -0.441581 74.9003 3.33 1.49502 62.6695 1.08368 -13 814 1 0 1
10.3311 6.9032 74.9003 11.8219 6.27635 54.635 -1.65331 -13 815 1 0 1
0.840615 -3.71165 74.9003 0.162769 -4.29405 77.5164 1.82116 -13 816 1 0 1
5.11957 -1.5462 74.9003 7.26128 -0.831585 38.9958 -1.16867 -13 817 1 0 1
8.15639 -9.91749 74.9003 9.75247 -8.61403 48.5972 0.324587 -13 820 1 0 1
-1.77742 -2.4397 74.9003 1.85574 -0.272729 53.0041 -1.33783 -13 821 1 0 1
-4.09067 4.59062 74.9003 -8.31143 2.64359 81.0254 0.952109 -13 822 1 0 1
8.3617 -0.498034 74.9003 10.5975 -1.64982 56.5561 0.300732 -13 823 1 0 1
-2.43787 -5.67229 74.9003 -0.240742 -5.64187 61.5424 0.645968 -13 825 1 0 1
4.79962 5.88094 74.9003 6.44626 7.86221 66.6541 -1.04163 -13 826 1 0 1
5.16818 -11.5649 74.9003 7.38458 -12.3915 62.0888 3.02906 -13 827 1 0 1
-1.54769 1.6428 74.9003 0.827933 -0.133309 65.1267 -2.10387 -13 828 1 0 1
5.50179 -8.76132 74.9003 7.48057 -9.17419 64.312 0.193968 -13 830 1 0 1
6.40199 -2.16738 74.9003 8.18037 -3.50416 65.5174 2.33689 -13 831 1 0 1
2.15112 -8.55605 74.9003 5.05725 -7.8739 55.7631 0.750959 -13 832 1 0 1
0.537163 -3.74714 74.9003 2.72278 -3.84882 62.1502 0.73574 -13 833 1 0 1
0.883883 -9.79358 74.9003 3.62635 -7.80431 60.6542 0.139517 -13 834 1 0 1
-0.84897 -11.7309 74.9003 -2.33975 -14.9446 77.4256 -0.618599 -13 835 1 0 1
9.985 12.1313 74.9003 11.3034 12.9183 64.7253 0.242035 -13 836 1 0 1
14.9554 -14.9319 74.9003 16.444 -12.1892 64.6377 1.39416 -13 837 1 0 1
7.99004 4.92971 74.9003 9.44895 3.02508 71.3622 -0.989356 -13 838 1 0 1
2.87228 -9.13421 74.9003 5.80703 -6.30083 55.5264 -0.0196363 -13 839 1 0 1
-5.41033 7.62841 74.9003 -2.51592 6.54911 60.5342 2.79895 -13 840 1 0 1
-1.04797 9.18331 74.9003 2.02181 6.7685 58.8814 -1.4502 -13 841 1 0 1
2.94954 -4.70013 74.9003 3.84283 -4.45427 73.3041 -0.641129 -13 842 1 0 1
-1.26917 -11.4597 74.9003 -1.54952 -16.2731 73.4112 0.82175 -13 843 1 0 1
-4.2613 12.6977 74.9003 -0.969836 11.4564 58.8085 1.26942 -13 844 1 0 1
8.91477 0.345905 74.9003 10.8762 1.44821 59.5841 1.35554 -13 845 1 0 1
11.5456 -10.8778 74.9003 13.0434 -6.2463 57.0912 -0.783435 -13 847 1 0 1
-4.20372 -0.548719 74.9003 -0.616923 -2.04582 55.9734 -0.417627 -13 848 1 0 1
-7.49117 -4.16804 74.9003 -3.11444 -2.60594 54.2244 -1.60473 -13 849 1 0 1
14.5908 -12.0929 74.9003 16.1537 -12.0758 66.4558 -0.525822 -13 850 1 0 1
-1.75739 7.00414 74.9003 1.21911 5.33065 60.0218 -0.103531 -13 851 1 0 1
10.1242 -1.90381 74.9003 10.8751 -1.67442 75.2279 0.83679 -13 852 1 0 1
-0.615201 5.51562 74.9003 1.94878 5.1715 61.3401 1.45451 -13 853 1 0 1
0.594187 0.670861 74.9003 1.29986 -1.89408 69.7982 -0.47923 -13 854 1 0 1
-2.46936 10.0032 74.9003 0.176937 9.64205 62.2065 0.486796 -13 855 1 0 1
-9.21292 -1.57383 74.9003 -5.77532 -4.41678 58.8475 0.706551 -13 856 1 0 1
4.05668 -3.03386 74.9003 6.25511 -0.0431427 65.9498 -0.517862 -13 857 1 0 1
-2.14552 -0.822422 74.9003 1.79851 0.151739 53.4817 1.99399 -13 859 1 0 1
-1.13569 3.65959 74.9003 0.521468 4.07064 68.1364 1.67076 -13 860 1 0 1
1.4787 -5.19434 74.9003 1.4666 -6.68148 77.1683 -1.49257 -13 861 1 0 1
2.58297 5.1975 74.9003 4.74632 6.14063 63.8497 0.279229 -13 862 1 0 1
-11.2901 -9.02559 74.9003 -7.89519 -7.43302 59.6376 0.578241 -13 863 1 0 1
1.15333 -1.9594 74.9003 3.7349 -1.11682 62.8709 -0.244869 -13 864 1 0 1
-1.63499 -6.13854 74.9003 1.72231 -3.68385 55.5254 2.17686 -13 865 1 0 1
6.78226 13.3357 74.9003 8.65887 13.1758 55.6144 0.338272 -13 866 1 0 1
10.2375 7.43598 74.9003 11.647 7.12026 73.8859 -0.314281 -13 867 1 0 1
-1.17605 1.7547 74.9003 -2.72829 0.55157 78.8065 -1.30548 -13 868 1 0 1
-15.4616 -12.0027 74.9003 -18.8205 -7.76714 38.7231 -0.29805 -13 869 1 0 1
3.54358 -5.64555 74.9003 5.76483 -6.37297 59.9743 1.12981 -13 870 1 0 1
5.95438 -16.2499 74.9003 7.6986 -16.9937 64.7852 -0.824516 -13 871 1 0 1
-1.35617 -3.76362 74.9003 0.254332 -2.87765 67.8721 -0.774912 -13 872 1 0 1
6.80881 -1.38666 74.9003 8.39626 -3.08078 71.7087 -0.736156 -13 873 1 0 1
-1.06177 7.83293 74.9003 0.498378 8.4793 67.2777 2.93461 -13 874 1 0 1
-2.05255 -6.38488 74.9003 0.3637 -6.90342 63.0371 0.577115 -13 875 1 0 1
7.56491 7.99194 74.9003 8.49516 8.24361 74.4579 0.334085 -13 876 1 0 1
0.0515585 4.56167 74.9003 1.77357 8.07668 68.3799 -1.65748 -13 877 1 0 1
3.19069 9.20948 74.9003 3.88744 12.4913 72.7188 -3.36924 -13 878 1 0 1
-5.24033 5.06932 74.9003 -0.345672 3.41672 52.0121 1.55352 -13 879 1 0 1
5.96389 -9.30045 74.9003 8.00244 -10.0685 66.7603 1.16539 -13 880 1 0 1
5.80991 -7.05508 74.9003 8.01476 -6.18123 56.5419 2.20411 -13 881 1 0 1
8.88128 12.6374 74.9003 10.0641 14.3882 74.3036 -0.232592 -13 882 1 0 1
14.805 16.1949 74.9003 15.5162 16.79 61.659 0.0144186 -13 883 1 0 1
6.69929 -1.29259 74.9003 6.71159 -5.34446 79.5296 2.64878 -13 886 1 0 1
-7.69319 9.52015 74.9003 -7.46532 9.70572 70.5445 0.837655 -13 887 1 0 1
1.40976 6.17339 74.9003 4.60371 3.68703 55.3194 0.412234 -13 888 1 0 1
0.429405 -4.93909 74.9003 3.37246 -3.93371 57.5098 -0.265081 -13 889 1 0 1
10.1159 -13.7391 74.9003 11.8247 -14.7158 66.8288 -0.814091 -13 890 1 0 1
7.80904 -1.3615 74.9003 7.8485 -0.371179 34.9698 -0.635873 -13 891 1 0 1
0.350437 -7.28692 74.9003 1.40229 -5.43619 71.7204 0.749195 -13 892 1 0 1
-8.93709 1.68705 74.9003 -4.94844 2.87129 59.2975 -1.31941 -13 893 1 0 1
8.21975 -7.12739 74.9003 9.29716 -7.45142 75.3348 0.273736 -13 894 1 0 1
-9.83624 11.8683 74.9003 -10.9596 18.3044 71.5347 1.82973 -13 895 1 0 1
-3.44529 13.4529 74.9003 -2.11119 15.0972 68.5396 -1.36258 -13 896 1 0 1
1.27391 -5.61399 74.9003 3.98844 -4.16604 49.8275 -1.38828 -13 897 1 0 1
4.74982 -1.57395 74.9003 6.82838 -0.613388 55.517 -0.342056 -13 898 1 0 1
6.08183 0.203419 74.9003 7.75497 -1.89717 68.2943 0.885188 -13 901 1 0 1
15.0637 -3.01453 74.9003 5.71902 -18.3331 50.5529 0.920877 -13 902 1 0 1
3.46467 -12.2326 74.9003 3.79686 -10.0196 74.5994 1.44465 -13 903 1 0 1
6.79785 -0.822944 74.9003 8.59147 -2.52212 58.4853 2.26892 -13 904 1 0 1
-9.67407 2.21978 74.9003 -12.6982 3.77287 78.1485 0.414081 -13 905 1 0 1
-9.35234 -5.85377 74.9003 -4.54493 -4.46769 55.4361 1.61117 -13 906 1 0 1
4.18748 10.6106 74.9003 5.85039 9.29204 67.6002 0.60853 -13 907 1 0 1
-3.08505 -8.88661 74.9003 1.71019 -5.23407 38.2592 0.644073 -13 908 1 0 1
3.73931 -8.90986 74.9003 4.23324 -8.04695 73.0284 0.968899 -13 909 1 0 1
1.19084 -6.66236 74.9003 2.33292 -7.49192 70.1642 0.12537 -13 910 1 0 1
3.36093 24.4603 74.9003 5.34647 16.0728 40.3324 -0.184613 -13 911 1 0 1
8.47108 15.2463 74.9003 9.36668 10.718 54.3829 -0.457374 -13 912 1 0 1
1.1244 8.56562 74.9003 -1.33872 13.7264 79.0627 1.57266 -13 913 1 0 1
-15.3029 5.91781 74.9003 -5.06755 15.8249 62.1949 1.28594 -13 914 1 0 1
7.94778 -9.62461 74.9003 9.91941 -7.92875 60.9318 -0.542821 -13 915 1 0 1
-10.5047 1.22994 74.9003 -15.6865 2.61534 78.6826 4.57751 -13 916 1 0 1
1.09711 10.9313 74.9003 4.55936 7.91712 41.4775 0.195754 -13 917 1 0 1
-8.94797 8.61589 74.9003 -9.25438 9.44136 71.6535 2.31352 -13 918 1 0 1
-0.961623 3.90915 74.9003 1.03984 2.61714 66.6776 -0.309015 -13 919 1 0 1
-4.12548 -2.08471 74.9003 -6.22781 -0.476024 79.5501 0.714822 -13 920 1 0 1
13.1113 -1.81754 74.9003 10.3547 -2.89907 33.226 0.862036 -13 921 1 0 1
-4.25187 -10.7962 74.9003 -7.26822 -12.3548 79.9089 2.7063 -13 922 1 0 1
-4.28023 -0.614347 74.9003 -1.18174 -0.704879 59.3504 0.163594 -13 923 1 0 1
0.99226 3.44298 74.9003 2.54762 2.207 68.6023 -0.756394 -13 924 1 0 1
3.63018 7.55654 74.9003 5.62333 7.75882 63.1112 0.675589 -13 925 1 0 1
-2.36405 5.13441 74.9003 -3.48597 4.83298 77.4587 1.64164 -13 926 1 0 1
-0.476252 -3.67913 74.9003 1.91955 -1.47288 68.0173 0.842407 -13 927 1 0 1
6.53587 -4.59796 74.9003 8.77736 -4.77079 57.6467 0.0935431 -13 928 1 0 1
0.481261 1.86291 74.9003 1.81574 1.88395 70.5587 1.61921 -13 930 1 0 1
11.9578 -1.02567 74.9003 13.4969 -2.69819 62.1145 2.30338 -13 931 1 0 1
-8.82809 -8.7909 74.9003 -3.45934 -7.20652 49.9099 2.25488 -13 932 1 0 1
9.21898 10.7466 74.9003 10.8861 12.8911 67.5767 1.32282 -13 933 1 0 1
-2.2737 2.9523 74.9003 -2.59807 4.45276 74.7933 -0.282464 -13 934 1 0 1
-11.7345 3.15632 74.9003 -8.09799 2.66706 58.8439 1.26112 -13 935 1 0 1
0.728461 -4.84079 74.9003 1.00532 -3.02462 73.4698 0.0615128 -13 938 1 0 1
2.72028 -3.2647 74.9003 5.55433 -2.99791 61.3098 -0.238121 -13 939 1 0 1
1.11221 3.12931 74.9003 3.74445 3.99075 60.587 0.274532 -13 940 1 0 1
-2.18999 5.08548 74.9003 -0.312681 6.91679 66.839 0.508452 -13 941 1 0 1
13.4882 -1.8063 74.9003 15.0509 -2.05746 70.9801 0.834418 -13 942 1 0 1
8.81915 -4.94716 74.9003 10.5464 -4.27525 67.1529 1.71035 -13 943 1 0 1
2.74396 3.17356 74.9003 5.87945 4.72631 52.7588 -0.0899907 -13 944 1 0 1
4.15354 12.975 74.9003 5.18007 16.0435 70.6569 1.17071 -13 945 1 0 1
1.95018 7.90283 74.9003 4.78632 5.58572 45.2145 -0.357361 -13 946 1 0 1
10.0728 -0.366602 74.9003 12.0273 1.34781 64.4529 -0.87661 -13 947 1 0 1
13.2233 -7.25027 74.9003 13.3186 -4.51482 49.5963 1.66207 -13 948 1 0 1
-6.29463 -3.36919 74.9003 -1.53462 -2.69864 54.8487 0.743809 -13 949 1 0 1
-0.875582 6.04877 74.9003 1.40244 5.07486 66.1948 0.362104 -13 950 1 0 1
8.95756 -5.80984 74.9003 10.7748 -5.39148 58.7479 2.9895 -13 952 1 0 1
7.17353 -4.48049 74.9003 8.7558 -4.68805 59.3232 0.585852 -13 953 1 0 1
3.43083 -19.8301 74.9003 6.05484 -16.4517 54.23 0.116016 -13 954 1 0 1
7.54203 -3.48946 74.9003 9.33698 -5.99304 60.7052 0.859066 -13 955 1 0 1
-0.0755915 6.09398 74.9003 2.89004 3.50602 55.2851 0.245986 -13 956 1 0 1
-11.2054 -1.27791 74.9003 -7.04633 -2.95598 57.9248 -0.68801 -13 957 1 0 1
-5.84514 -0.254751 74.9003 -11.1521 -1.3449 79.9768 -0.521565 -13 958 1 0 1
-2.12701 3.90622 74.9003 -2.28149 3.61056 74.4749 -1.73038 -13 960 1 0 1
7.77372 -3.36831 74.9003 10.1749 -1.65074 55.2741 0.530692 -13 961 1 0 1
12.7745 -4.09838 74.9003 10.7999 -2.3839 34.5921 1.20419 -13 962 1 0 1
15.2674 1.31863 74.9003 14.4328 -1.86126 61.2329 2.29559 -13 963 1 0 1
1.85021 1.80003 74.9003 4.58689 0.851082 62.499 2.26575 -13 964 1 0 1
-0.214223 -8.97988 74.9003 1.73674 -9.79307 64.501 1.72937 -13 965 1 0 1
-7.08753 -4.39103 74.9003 -2.61896 -1.6439 54.2062 2.6591 -13 966 1 0 1
9.26384 0.413309 74.9003 11.1251 1.28482 53.3924 0.930934 -13 967 1 0 1
6.81325 -6.73755 74.9003 9.08803 -5.913 49.869 0.96141 -13 969 1 0 1
10.126 -7.49413 74.9003 11.869 -8.46461 63.6152 0.253417 -13 970 1 0 1
3.52803 3.36861 74.9003 5.5558 5.8713 67.621 -0.825875 -13 971 1 0 1
1.41339 13.2972 74.9003 4.41301 7.69691 31.6529 -0.371614 -13 972 1 0 1
0.571034 2.87686 74.9003 3.71455 2.42899 34.4263 -0.26465 -13 973 1 0 1
-1.95384 4.80012 74.9003 -0.451026 5.35199 69.4429 -0.3001 -13 974 1 0 1
-2.91243 3.4208 74.9003 -2.73168 7.42274 74.4341 1.96427 -13 975 1 0 1
-1.37049 -13.5319 74.9003 1.19519 -11.5831 61.359 0.725079 -13 977 1 0 1
-4.0215 -1.71127 74.9003 -3.81657 -3.09314 71.5762 -1.10555 -13 979 1 0 1
-7.29606 -1.50597 74.9003 -3.89399 -1.95671 59.9323 -1.04819 -13 980 1 0 1
-0.982825 -2.97612 74.9003 1.07021 -4.71464 62.9814 -0.331505 -13 981 1 0 1
6.72378 9.67531 74.9003 8.94493 8.21259 64.2465 -0.321381 -13 982 1 0 1
3.32552 0.314135 74.9003 4.30575 3.86935 73.3757 -0.000995368 -13 983 1 0 1
8.70913 6.26906 74.9003 10.7865 6.17339 59.6185 1.25067 -13 985 1 0 1
-4.63748 -5.93514 74.9003 -1.91659 -5.0208 61.6154 0.0564087 -13 986 1 0 1
6.70324 -16.8602 74.9003 8.61335 -16.2074 59.6401 0.810379 -13 987 1 0 1
-5.68397 25.9816 74.9003 0.879677 10.0047 25.6927 0.659647 -13 988 1 0 1
4.61252 -6.89054 74.9003 6.41844 -6.41336 69.6954 1.4068 -13 989 1 0 1
4.93216 -5.40827 74.9003 6.70577 -8.60664 70.4386 0.616844 -13 990 1 0 1
-3.18477 10.5737 74.9003 1.04892 6.90956 51.9484 -1.80282 -13 991 1 0 1
-6.66341 8.1238 74.9003 -0.498402 4.82868 42.9021 1.33833 -13 992 1 0 1
7.67031 -7.58165 74.9003 9.98666 -5.41642 49.82 2.06012 -13 993 1 0 1
10.5715 3.57913 74.9003 12.51 4.11625 63.4042 -1.43889 -13 995 1 0 1
-4.90998 -3.35197 74.9003 -3.76306 -3.80556 68.8787 0.552984 -13 996 1 0 1
0.540419 3.19541 74.9003 3.77994 2.59661 48.5835 2.85031 -13 997 1 0 1
12.9499 -15.2892 74.9003 7.99229 -5.81526 20.8861 1.36147 -13 998 1 0 1
11.4037 -1.96452 74.9003 12.7313 -1.26283 55.8332 0.372776 -13 999 1 0 1
-0.722679 -6.88066 74.9003 2.8713 -5.17861 48.1845 -0.102411 -13 1000 1 0 1
