#BLTrackFile NTuple/Z40
#x y z Px Py Pz t PDGid EventID TrackID ParentID Weight
#mm mm mm MeV/c MeV/c MeV/c ns - - - - -
-3.47658 -4.37574 40.4558 -13.418 -7.2778 71.2104 -0.948555 -13 1 1 0 1
4.79952 3.60285 40.4558 1.48414 -1.69052 81.0246 0.156329 -13 2 1 0 1
-0.566564 -0.861311 40.4558 -6.4018 -2.44999 71.1118 1.10588 -13 3 1 0 1
-3.40143 -3.34166 40.4558 -16.8792 -3.70277 76.4541 0.554903 -13 4 1 0 1
-6.90675 1.00296 40.4558 -13.6887 -1.42294 58.9903 0.714594 -13 5 1 0 1
-1.52957 -1.80873 40.4558 -9.60603 -1.59376 74.3094 -0.570423 -13 6 1 0 1
-1.29191 -3.65028 40.4558 -2.61826 -6.00319 60.5388 -0.670292 -13 7 1 0 1
-8.78883 -0.574693 40.4558 -11.8209 3.64881 44.4018 0.183469 -13 8 1 0 1
2.34659 4.91267 40.4558 2.85532 11.2211 63.1361 1.32227 -13 9 1 0 1
0.485001 -3.91822 40.4558 -0.304018 -5.49527 66.5998 0.90271 -13 10 1 0 1
2.72616 4.73174 40.4558 0.985192 9.87509 71.5334 -0.312497 -13 11 1 0 1
-4.48801 -2.97796 40.4558 -9.11521 -7.97503 59.0343 1.90737 -13 12 1 0 1
3.31057 4.93157 40.4558 5.2993 5.13133 38.6295 -0.593532 -13 13 1 0 1
4.92621 -5.02886 40.4558 7.59343 -6.05612 67.5977 -1.31614 -13 14 1 0 1
1.43773 -4.09352 40.4558 0.999558 -8.07504 66.8538 1.69295 -13 15 1 0 1
10.0441 -9.58473 40.4558 15.6235 -18.8078 55.7129 2.36936 -13 16 1 0 1
-3.22702 4.38963 40.4558 -8.09391 11.3105 62.7018 -0.437616 -13 17 1 0 1
-5.54358 -3.73491 40.4558 -8.09789 -8.6791 50.8973 1.63762 -13 18 1 0 1
-7.9294 2.41638 40.4558 -19.3722 7.12965 62.3097 0.344491 -13 19 1 0 1
0.0391344 -5.02213 40.4558 -1.65951 -9.14967 63.8784 3.17103 -13 20 1 0 1
-4.73284 -0.549519 40.4558 -7.76428 3.66772 55.6445 -0.959887 -13 22 1 0 1
-10.7882 7.58929 40.4558 -10.8592 7.70888 32.9463 0.813133 -13 23 1 0 1
-8.80341 5.03784 40.4558 -14.8943 8.76317 51.5443 0.933689 -13 24 1 0 1
2.21979 -2.61957 40.4558 0.700789 -1.541 70.9412 0.508068 -13 25 1 0 1
-0.736421 0.932724 40.4558 -4.06758 2.80602 68.2617 0.0885392 -13 26 1 0 1
0.198028 -2.97094 40.4558 -1.7929 0.613679 66.3984 1.67929 -13 27 1 0 1
1.12779 -6.14149 40.4558 -2.60037 -13.9373 72.4652 0.476133 -13 28 1 0 1
-2.42089 1.58987 40.4558 -8.03565 7.15278 66.2502 1.23715 -13 30 1 0 1
-0.743894 -0.493351 40.4558 -6.85596 1.28499 71.4518 -0.0548145 -13 31 1 0 1
-4.21643 0.928704 40.4558 -8.7296 2.07063 60.8949 -0.260408 -13 32 1 0 1
-1.61913 -1.74596 40.4558 -0.31856 -0.0682495 17.7655 1.42868 -13 33 1 0 1
-6.85598 -1.39873 40.4558 -16.7337 -0.104947 63.8926 -0.385998 -13 34 1 0 1
-9.06346 -6.92463 40.4558 -24.66 -12.9943 67.7258 2.41694 -13 35 1 0 1
-1.77715 1.12134 40.4558 -5.70093 7.71262 65.5258 -0.882926 -13 36 1 0 1
1.14409 -2.26312 40.4558 -5.44452 -8.87466 79.1419 -1.24208 -13 37 1 0 1
-1.29473 -5.08869 40.4558 -2.94534 -12.0519 59.3318 1.68284 -13 38 1 0 1
-2.54291 3.27519 40.4558 -4.69836 5.71112 53.1159 0.996846 -13 40 1 0 1
2.45032 7.51127 40.4558 3.39273 12.9698 61.2246 0.07196 -13 41 1 0 1
-1.01395 0.887395 40.4558 -5.76519 -2.38042 67.8991 1.47177 -13 42 1 0 1
-3.27619 -1.2008 40.4558 -19.6655 -3.62327 77.4826 0.52384 -13 43 1 0 1
-0.187694 1.57226 40.4558 0.397243 1.23654 56.235 0.875675 -13 44 1 0 1
-0.0941917 -3.32493 40.4558 -4.01631 -6.97996 67.6085 0.616942 -13 46 1 0 1
-0.684129 6.67827 40.4558 -2.11385 7.90865 59.2829 1.15497 -13 47 1 0 1
-2.3613 2.85631 40.4558 -8.3032 11.8588 65.7232 0.915886 -13 48 1 0 1
-1.48065 -2.77346 40.4558 -7.15402 -14.5502 68.7777 -0.33534 -13 49 1 0 1
0.497004 0.000278215 40.4558 3.30889 1.60763 42.4238 -0.401227 -13 50 1 0 1
1.8057 3.95998 40.4558 -1.81287 4.86662 72.6701 -0.0870635 -13 51 1 0 1
-4.51891 5.69089 40.4558 -7.08511 11.4926 53.4886 0.316898 -13 52 1 0 1
0.81787 3.29118 40.4558 2.65071 4.22841 56.7476 -2.12633 -13 53 1 0 1
-1.43946 5.49951 40.4558 0.0524865 5.70953 42.1858 0.273198 -13 54 1 0 1
-2.09696 -1.34671 40.4558 -9.50539 -5.28624 69.8359 1.11372 -13 55 1 0 1
6.12956 4.23345 40.4558 10.4502 8.59608 61.0894 -0.759098 -13 56 1 0 1
0.158287 -0.0437727 40.4558 -0.190379 2.86345 63.6004 -0.195006 -13 58 1 0 1
0.418523 -4.28343 40.4558 -2.06459 -9.58271 67.3925 2.16764 -13 59 1 0 1
1.30959 6.77096 40.4558 2.48739 15.8472 55.7529 0.481621 -13 60 1 0 1
-2.85313 1.79555 40.4558 -6.95879 5.99356 62.3424 -0.632621 -13 61 1 0 1
-0.230137 -1.01847 40.4558 -4.03268 2.15238 69.6114 -0.346194 -13 62 1 0 1
-0.096759 -3.74387 40.4558 0.585059 -4.46785 33.947 0.443503 -13 63 1 0 1
-0.721439 -0.489761 40.4558 -2.17446 -0.0190328 60.4661 0.349339 -13 64 1 0 1
0.969312 1.36568 40.4558 0.076297 0.86462 65.6947 -1.2399 -13 65 1 0 1
0.376444 1.11659 40.4558 -3.10049 1.3202 71.3224 0.651564 -13 66 1 0 1
0.257877 -2.65722 40.4558 0.453457 -2.12458 61.2247 -0.46737 -13 67 1 0 1
-0.848895 7.99035 40.4558 -0.11884 10.8897 53.1195 -0.734276 -13 68 1 0 1
-3.04667 -2.62388 40.4558 -6.98028 -6.12547 62.4024 0.204403 -13 69 1 0 1
-0.604745 -0.855814 40.4558 -10.7602 -11.1495 79.2945 0.4241 -13 70 1 0 1
-2.22787 2.24787 40.4558 -3.29728 0.338749 60.3597 -1.24774 -13 71 1 0 1
2.9711 7.38124 40.4558 3.80444 11.0784 64.4082 1.32408 -13 72 1 0 1
-0.116311 1.2764 40.4558 -6.32155 -1.86876 74.1623 -0.712029 -13 73 1 0 1
-0.167065 4.26361 40.4558 -0.217766 8.67924 58.269 0.479273 -13 74 1 0 1
1.08991 3.38442 40.4558 -3.84333 5.80831 74.705 -2.65947 -13 75 1 0 1
5.89298 1.11485 40.4558 2.29818 2.06103 79.7939 -1.51976 -13 76 1 0 1
-3.40949 2.32645 40.4558 -6.77788 -0.507769 55.979 2.61059 -13 77 1 0 1
-3.38235 0.98732 40.4558 -7.17933 -0.579351 59.3196 -0.540414 -13 78 1 0 1
-0.0768889 -1.38423 40.4558 -1.81793 -3.80656 62.6509 1.65437 -13 79 1 0 1
0.262084 -4.01028 40.4558 -4.74361 -5.851 72.1144 0.259548 -13 80 1 0 1
1.04051 1.60355 40.4558 -2.39837 11.444 69.386 0.293 -13 81 1 0 1
-2.37835 -0.628435 40.4558 -5.1664 0.89122 62.2463 1.44002 -13 82 1 0 1
-5.15321 6.9891 40.4558 -13.8822 18.7274 65.582 0.251488 -13 83 1 0 1
-8.37416 -0.117467 40.4558 -18.9547 -0.919521 59.9933 0.379756 -13 84 1 0 1
1.50201 0.30745 40.4558 -1.88015 -1.05573 75.5557 1.35947 -13 85 1 0 1
0.948182 -0.301459 40.4558 -0.941612 -8.38129 67.8265 0.0435459 -13 86 1 0 1
-2.80066 -5.00696 40.4558 -2.43436 -9.95462 49.2959 1.10224 -13 87 1 0 1
-2.69269 -2.82402 40.4558 -8.75996 -5.67751 67.2527 -0.172767 -13 88 1 0 1
0.642059 -2.17723 40.4558 -0.159968 -0.736138 61.9571 -0.336854 -13 89 1 0 1
-0.270408 2.76743 40.4558 -2.17312 5.07018 65.4652 0.0528056 -13 90 1 0 1
-6.03486 -1.19984 40.4558 -13.2165 -3.46978 62.5761 1.11798 -13 91 1 0 1
1.42613 0.596462 40.4558 4.21465 1.15765 54.9664 0.235985 -13 92 1 0 1
0.699951 1.4942 40.4558 1.81773 0.408166 59.0651 1.07985 -13 93 1 0 1
-1.27556 10.3464 40.4558 -1.97589 17.5639 52.3233 -1.08073 -13 94 1 0 1
1.35167 1.22674 40.4558 -0.542092 4.55878 70.2139 0.30082 -13 95 1 0 1
-0.503767 3.40878 40.4558 -2.14438 10.465 60.3145 -1.56117 -13 96 1 0 1
-2.13776 -2.38526 40.4558 -2.38562 0.6583 57.0158 -0.783855 -13 97 1 0 1
-0.827498 -2.40509 40.4558 -4.05531 -1.00858 67.0929 0.680245 -13 98 1 0 1
-2.62867 4.91576 40.4558 -6.71792 10.1656 62.3464 0.753662 -13 99 1 0 1
2.10444 -3.94675 40.4558 1.63932 -3.62338 67.1569 -0.62406 -13 100 1 0 1
4.24307 0.937777 40.4558 5.9601 -0.557388 68.2324 -0.423946 -13 101 1 0 1
1.19676 1.45218 40.4558 -0.708086 2.32022 67.1061 0.163102 -13 102 1 0 1
4.99917 -2.75406 40.4558 8.5912 1.25015 61.4772 -2.19243 -13 103 1 0 1
1.69198 -0.12884 40.4558 0.914076 -3.30458 67.3001 -0.0557166 -13 104 1 0 1
-3.51649 0.143397 40.4558 -6.61583 7.54133 59.5636 -1.20275 -13 105 1 0 1
-6.27158 -2.07221 40.4558 -13.0797 -4.26597 58.3766 0.538759 -13 106 1 0 1
-0.600053 -2.79089 40.4558 -5.72234 -6.8875 69.8761 -0.802707 -13 107 1 0 1
3.0971 1.49787 40.4558 5.14479 8.51405 62.9827 -0.55551 -13 108 1 0 1
-0.51883 0.573986 40.4558 -3.29464 2.39489 67.3437 1.2455 -13 109 1 0 1
-1.44434 0.81659 40.4558 -9.59854 3.04883 71.8768 -0.0125882 -13 110 1 0 1
-1.52568 -3.9323 40.4558 -11.1512 -4.78205 76.226 -0.0532757 -13 111 1 0 1
1.87609 1.04037 40.4558 2.02806 -0.94137 56.2019 -1.58843 -13 112 1 0 1
-0.100674 3.795 40.4558 0.361419 6.22783 54.4447 1.04477 -13 113 1 0 1
0.611438 -3.71575 40.4558 0.337812 -8.70954 62.7986 0.191239 -13 114 1 0 1
2.12257 1.61019 40.4558 5.29835 1.6867 49.2654 0.108508 -13 115 1 0 1
-4.43518 -0.913415 40.4558 -15.5772 -2.44818 70.5863 0.760488 -13 116 1 0 1
-2.15248 -0.067895 40.4558 -4.18669 1.71468 54.9945 -0.0888526 -13 117 1 0 1
0.15709 1.87855 40.4558 2.70853 -2.58939 47.1915 -0.143502 -13 118 1 0 1
-1.1411 -0.185509 40.4558 -6.52257 1.86808 70.0991 0.746266 -13 119 1 0 1
-5.86651 -0.797503 40.4558 -9.06253 0.00888861 48.6927 0.0928401 -13 120 1 0 1
1.06739 -5.99419 40.4558 0.943583 -6.69103 60.8345 1.77834 -13 121 1 0 1
-2.46237 -3.49088 40.4558 -12.9848 -5.99244 75.7688 0.860526 -13 122 1 0 1
-0.513921 -5.34306 40.4558 -4.94654 -10.5808 70.242 0.991715 -13 123 1 0 1
5.75868 0.204653 40.4558 11.0835 1.71609 57.3333 0.549171 -13 124 1 0 1
-6.48513 -7.96544 40.4558 -12.9778 -15.961 57.0472 -1.26857 -13 125 1 0 1
-0.242751 1.80672 40.4558 -9.70125 -2.32691 78.3348 1.17633 -13 126 1 0 1
-0.426369 6.22442 40.4558 -1.4584 9.26152 59.306 -0.848343 -13 127 1 0 1
-0.313897 -0.84932 40.4558 -1.93898 -6.46666 64.3733 0.567376 -13 128 1 0 1
5.96847 3.27314 40.4558 10.9434 7.05986 58.0471 -0.224888 -13 129 1 0 1
1.88995 -2.81226 40.4558 4.41593 -0.597117 50.0079 0.854129 -13 130 1 0 1
1.49443 1.14713 40.4558 -0.912566 2.64833 69.1042 -0.234402 -13 131 1 0 1
-5.24944 1.27311 40.4558 -17.5704 1.41008 71.6326 1.52069 -13 132 1 0 1
3.00511 0.35935 40.4558 4.98784 -0.57846 63.8639 -1.0998 -13 133 1 0 1
4.30802 0.653903 40.4558 3.54803 0.948389 75.5645 0.618088 -13 134 1 0 1
1.62947 2.95831 40.4558 -1.01241 1.78934 69.8578 1.07044 -13 135 1 0 1
4.37002 3.89376 40.4558 8.27605 3.76216 55.531 0.279731 -13 136 1 0 1
-4.07018 0.903437 40.4558 -9.44356 0.631328 62.0848 1.7328 -13 137 1 0 1
-2.93437 5.73926 40.4558 -5.14432 11.544 54.6851 0.535199 -13 140 1 0 1
-3.70746 -0.119136 40.4558 -5.43827 3.07846 51.3662 0.119499 -13 141 1 0 1
4.11872 0.884801 40.4558 6.87377 6.20892 64.3425 2.13426 -13 142 1 0 1
-3.50769 -1.85206 40.4558 -12.0071 -5.44143 70.0326 -0.650637 -13 143 1 0 1
3.57772 -0.449795 40.4558 3.75368 -3.97293 71.7139 3.11209 -13 144 1 0 1
-0.731688 -10.2137 40.4558 -1.40292 -16.8388 54.0164 1.91797 -13 145 1 0 1
2.32765 -3.78545 40.4558 2.71049 -4.49691 65.8379 0.423991 -13 146 1 0 1
-1.23115 -1.00797 40.4558 -4.17964 -2.3374 64.9465 -1.00786 -13 147 1 0 1
-2.87877 -5.27044 40.4558 -9.99633 -6.7582 68.8915 0.443618 -13 148 1 0 1
2.68072 4.67066 40.4558 4.04335 7.30032 56.0545 -0.298606 -13 149 1 0 1
0.393964 4.56369 40.4558 -1.21693 11.3383 65.1225 0.0158407 -13 150 1 0 1
-0.118404 -4.54806 40.4558 -0.571324 -9.94034 56.4054 1.38145 -13 151 1 0 1
0.299464 -0.793567 40.4558 -0.705744 -2.44565 64.2937 2.29691 -13 152 1 0 1
-2.17555 -1.23462 40.4558 -7.41951 -7.9138 67.1016 -0.320567 -13 153 1 0 1
-2.15175 -4.63856 40.4558 -13.9332 -12.0265 76.3866 -1.93409 -13 154 1 0 1
-3.72172 0.86064 40.4558 -10.3443 0.0761847 65.7643 -1.29337 -13 155 1 0 1
3.80635 -4.09252 40.4558 6.90489 -3.81129 45.8367 -0.375921 -13 156 1 0 1
-3.18103 -0.679248 40.4558 -7.3363 1.56609 61.6671 0.0519051 -13 157 1 0 1
1.16181 3.06821 40.4558 -7.69424 3.0108 79.0853 1.45818 -13 158 1 0 1
-3.97662 4.19854 40.4558 -6.47635 5.42166 56.4389 -0.505136 -13 159 1 0 1
6.38041 -0.225747 40.4558 10.7889 -0.107438 63.2644 0.123613 -13 160 1 0 1
3.46936 1.60189 40.4558 3.49198 -1.42916 70.5046 1.69346 -13 161 1 0 1
-7.30197 1.33332 40.4558 -7.98451 1.22552 38.6985 -0.397904 -13 162 1 0 1
-2.46223 1.51942 40.4558 -9.36678 8.53159 69.3219 -1.58295 -13 163 1 0 1
2.73036 -3.08556 40.4558 3.32688 -10.4421 65.5111 0.176163 -13 164 1 0 1
-14.3646 -5.65556 40.4558 -3.49761 -1.58043 5.32464 3.4587 -13 165 1 0 1
-9.87203 -2.86516 40.4558 -25.1317 -6.7398 65.5024 -0.103977 -13 166 1 0 1
4.10353 4.99499 40.4558 7.02573 10.2384 62.0259 0.717129 -13 167 1 0 1
-0.102834 2.74179 40.4558 -11.2712 9.4492 78.0925 1.21565 -13 168 1 0 1
4.23955 -2.10586 40.4558 7.23564 -6.3424 57.6089 -0.162032 -13 169 1 0 1
-3.03863 -0.57075 40.4558 -9.71667 -3.03618 66.879 -0.552549 -13 170 1 0 1
7.72908 -5.62968 40.4558 10.7875 -3.63362 40.4805 0.859884 -13 171 1 0 1
-2.33542 3.13596 40.4558 -3.76554 2.87819 56.3697 -0.274086 -13 172 1 0 1
2.22481 -4.01117 40.4558 4.6214 -8.26518 58.1651 0.257094 -13 173 1 0 1
-0.3177 5.05585 40.4558 -3.21117 4.50449 68.0394 0.352463 -13 174 1 0 1
-5.26219 -2.26703 40.4558 -6.27545 -6.58309 47.544 -0.0574036 -13 176 1 0 1
5.58425 -4.65136 40.4558 9.50001 -7.88987 50.5965 -0.26655 -13 177 1 0 1
-1.36334 -3.54444 40.4558 -1.26187 -4.14081 52.2634 -0.475599 -13 178 1 0 1
3.62129 -4.43377 40.4558 4.08668 -14.1269 68.706 -0.646746 -13 179 1 0 1
0.936903 -4.02141 40.4558 2.28926 -5.94558 52.1024 1.64917 -13 180 1 0 1
-6.23619 -1.1888 40.4558 -6.42644 -1.43701 36.9575 -1.33099 -13 181 1 0 1
-7.28054 1.60106 40.4558 -7.51258 3.40388 38.1678 -0.770281 -13 182 1 0 1
2.17117 4.25054 40.4558 5.03705 10.3373 41.9324 0.129869 -13 183 1 0 1
-7.74321 -0.0862013 40.4558 -14.7939 -3.8237 54.6273 0.121835 -13 184 1 0 1
-3.84705 -0.972678 40.4558 -7.52236 -4.61977 59.6093 -0.6797 -13 185 1 0 1
0.285507 2.37126 40.4558 1.74254 5.0909 42.7879 -0.543363 -13 186 1 0 1
-0.656252 -1.15388 40.4558 -5.40376 4.03653 70.865 1.24106 -13 188 1 0 1
-2.63941 -1.77821 40.4558 -15.9932 -5.4975 78.3981 0.286303 -13 189 1 0 1
-6.13674 2.54872 40.4558 -11.5612 5.49064 58.0601 2.01068 -13 191 1 0 1
0.756729 -0.307969 40.4558 -8.54665 5.7738 79.7558 0.951227 -13 192 1 0 1
-8.23886 1.40053 40.4558 -7.50458 -1.40204 30.9538 -0.856962 -13 193 1 0 1
0.233159 4.84555 40.4558 -2.88556 14.2853 68.595 -0.147554 -13 194 1 0 1
-0.531009 -0.137382 40.4558 -1.25162 0.0322878 60.1848 2.36046 -13 195 1 0 1
4.78946 1.04761 40.4558 -0.806635 -4.45058 80.5931 2.67734 -13 196 1 0 1
-3.55486 4.58591 40.4558 -8.17595 8.62995 62.6091 -0.82121 -13 197 1 0 1
4.37352 0.271464 40.4558 7.60748 0.792081 49.4484 -0.499792 -13 198 1 0 1
-7.28693 9.01264 40.4558 -12.5911 11.5045 55.3306 -1.49855 -13 199 1 0 1
-3.50368 -3.67094 40.4558 -5.28317 -4.36512 50.3866 0.765887 -13 200 1 0 1
-5.37923 -1.57946 40.4558 -15.7636 -6.11313 68.0748 0.421043 -13 201 1 0 1
-5.42417 11.1259 40.4558 -10.5208 17.2472 54.636 -0.740619 -13 202 1 0 1
-1.43811 2.11028 40.4558 -3.91586 1.4166 61.9039 0.367473 -13 203 1 0 1
-2.29237 3.02147 40.4558 -3.06966 0.983509 49.6951 1.52345 -13 205 1 0 1
-6.81619 1.43471 40.4558 -27.4386 1.69737 73.111 0.310075 -13 206 1 0 1
-5.85416 -5.34925 40.4558 -10.4755 -10.0273 55.9312 -0.963354 -13 207 1 0 1
-7.0757 0.569238 40.4558 -18.6804 1.85738 66.9125 -0.183225 -13 208 1 0 1
-1.11834 5.4282 40.4558 0.521613 4.41662 19.7287 0.322783 -13 209 1 0 1
5.16635 0.531153 40.4558 9.48574 2.73433 46.6589 -0.28516 -13 210 1 0 1
4.40873 5.81126 40.4558 6.97274 5.26219 42.086 0.692281 -13 211 1 0 1
-1.87959 7.47531 40.4558 -10.3051 17.253 71.619 2.19441 -13 212 1 0 1
-7.81879 4.41781 40.4558 -15.0396 6.38743 57.263 -1.22061 -13 213 1 0 1
-1.16565 2.91338 40.4558 -8.55817 3.80301 75.0709 1.13559 -13 214 1 0 1
1.32879 -1.25236 40.4558 -2.09387 -9.76091 71.955 1.84734 -13 215 1 0 1
0.700664 0.240764 40.4558 -2.68337 1.01482 69.859 1.25095 -13 216 1 0 1
8.27789 2.20068 40.4558 12.407 6.73069 43.8056 -0.849157 -13 217 1 0 1
-5.47898 0.944273 40.4558 -13.7715 1.73172 63.2502 0.293114 -13 218 1 0 1
-0.71395 -1.83107 40.4558 -8.53661 -4.3384 77.1656 0.167676 -13 219 1 0 1
1.17523 1.7127 40.4558 -1.9243 0.486509 72.0358 2.51237 -13 220 1 0 1
5.54482 2.08933 40.4558 12.3986 1.24853 54.606 1.10038 -13 221 1 0 1
-0.915202 3.80578 40.4558 -6.58416 9.95281 71.8216 -0.653162 -13 222 1 0 1
-6.24306 -0.638982 40.4558 -13.9696 2.25991 60.4383 1.15683 -13 223 1 0 1
-4.6684 -0.823994 40.4558 -10.1153 -0.0645157 61.4897 -0.313527 -13 224 1 0 1
-0.432673 5.29233 40.4558 -0.20764 10.5465 53.0368 -0.133119 -13 226 1 0 1
-4.6274 2.8362 40.4558 -10.0847 4.3832 60.9941 0.185421 -13 227 1 0 1
0.913378 0.00999408 40.4558 -6.83093 -0.69954 77.8947 -1.75789 -13 228 1 0 1
-2.86967 1.85552 40.4558 -12.374 -0.423943 71.0575 0.405498 -13 229 1 0 1
0.788368 -5.47654 40.4558 2.63261 -7.77345 45.3257 -0.198049 -13 230 1 0 1
6.57886 6.6252 40.4558 10.5852 18.5326 64.4091 1.39316 -13 231 1 0 1
9.45652 6.54534 40.4558 17.9914 12.2377 58.7604 1.02435 -13 232 1 0 1
-4.66485 -0.144058 40.4558 -11.8249 -1.9287 64.2858 -1.30608 -13 233 1 0 1
2.26888 -1.42703 40.4558 -0.589125 -8.30067 73.3108 0.443068 -13 235 1 0 1
-5.11146 -1.32901 40.4558 -12.2161 -7.03707 63.4806 1.44125 -13 236 1 0 1
4.46065 -4.84437 40.4558 8.10187 -5.79349 53.1845 0.947753 -13 237 1 0 1
-1.05149 0.9211 40.4558 -3.48424 1.07356 62.5279 0.256596 -13 238 1 0 1
-3.93946 -1.38471 40.4558 -13.3703 2.11907 69.4681 1.44291 -13 239 1 0 1
1.2042 8.97757 40.4558 3.3674 13.5407 44.4843 -0.181227 -13 240 1 0 1
1.18914 1.22743 40.4558 2.96217 1.64823 33.4236 0.949657 -13 241 1 0 1
-3.17681 0.655142 40.4558 -5.9657 -2.8949 58.2191 2.00724 -13 242 1 0 1
4.07113 -5.74097 40.4558 6.0235 -9.15563 68.092 0.0629837 -13 243 1 0 1
1.50837 1.91638 40.4558 -3.30829 4.40866 75.6723 0.84481 -13 244 1 0 1
3.14239 0.983658 40.4558 2.50424 9.19469 71.3848 -0.518319 -13 245 1 0 1
0.579641 0.494392 40.4558 -2.72187 6.72248 70.558 -0.0197537 -13 246 1 0 1
-0.094474 -4.05248 40.4558 -1.17119 -4.52104 60.8726 -0.137981 -13 247 1 0 1
-1.78706 -3.00333 40.4558 -6.7389 -5.98194 67.3736 0.858895 -13 248 1 0 1
6.95173 4.83757 40.4558 11.5025 3.58272 60.891 -0.748236 -13 249 1 0 1
1.66916 -4.80071 40.4558 -0.0138235 -11.1958 68.092 -1.30976 -13 250 1 0 1
3.26221 10.3462 40.4558 5.21367 13.2174 61.4267 -0.824117 -13 251 1 0 1
3.17059 1.00138 40.4558 5.87106 -0.237567 63.5464 0.467614 -13 252 1 0 1
0.843233 4.56974 40.4558 -3.39708 14.5808 70.5839 -1.16231 -13 253 1 0 1
1.21094 1.70835 40.4558 3.05741 4.3611 56.3766 -0.297413 -13 254 1 0 1
-0.1336 -0.405104 40.4558 -7.80208 3.58706 77.0859 0.138075 -13 255 1 0 1
-3.5239 1.43691 40.4558 -5.32099 2.5195 52.0131 -0.727807 -13 256 1 0 1
-1.33038 -6.38657 40.4558 -0.510511 -11.8054 44.8305 -0.0422699 -13 257 1 0 1
-0.549201 0.648261 40.4558 -2.88149 -0.8604 63.178 0.324968 -13 258 1 0 1
0.719585 0.847699 40.4558 2.67281 -1.63404 56.9202 -0.972235 -13 259 1 0 1
-1.44358 -0.703934 40.4558 -7.79073 -5.97504 71.9935 -0.104069 -13 260 1 0 1
-3.11453 3.65325 40.4558 -6.99852 6.56445 59.7143 -0.923371 -13 261 1 0 1
0.66786 -1.03152 40.4558 1.40756 -0.853951 63.0784 2.30902 -13 262 1 0 1
3.44528 -3.11162 40.4558 5.6891 -6.04281 63.055 -1.27525 -13 263 1 0 1
-2.00069 -1.91644 40.4558 -2.67862 -3.50124 50.5294 0.00430129 -13 264 1 0 1
3.94947 2.42206 40.4558 6.50755 7.21312 63.1814 0.906811 -13 265 1 0 1
2.01177 2.6396 40.4558 0.907907 2.1963 70.5791 0.788426 -13 266 1 0 1
-1.82221 3.40906 40.4558 -5.36486 1.17448 63.3035 -0.0904625 -13 267 1 0 1
-1.96619 1.06712 40.4558 -1.39865 3.91712 42.1878 -0.853256 -13 268 1 0 1
-1.51305 3.87419 40.4558 -11.7572 2.74644 77.1017 0.675055 -13 269 1 0 1
-3.08533 0.0948982 40.4558 -7.51738 -4.59807 63.227 1.47079 -13 270 1 0 1
4.59922 -1.05632 40.4558 3.63624 -7.653 77.4364 -0.631431 -13 271 1 0 1
-1.5942 -4.42749 40.4558 -4.43711 -10.3915 61.5386 1.80243 -13 272 1 0 1
-7.96486 3.54733 40.4558 -12.7094 4.95653 52.1983 3.04283 -13 273 1 0 1
1.53537 -0.509715 40.4558 0.790451 3.03102 67.1936 -1.82716 -13 274 1 0 1
3.58626 -0.728782 40.4558 5.84199 -4.5901 59.0381 -0.0811837 -13 275 1 0 1
2.51412 -3.20604 40.4558 5.49954 -7.62543 57.4165 1.39741 -13 277 1 0 1
-7.23028 -0.0422791 40.4558 -14.5851 -0.309535 59.6586 1.77814 -13 278 1 0 1
-5.15348 0.174605 40.4558 -14.5182 -7.42999 67.1643 -2.26243 -13 279 1 0 1
0.991576 2.04546 40.4558 0.840007 1.68499 61.3448 0.453198 -13 280 1 0 1
-0.234734 -2.54593 40.4558 -4.08726 -2.2711 66.427 -1.08725 -13 281 1 0 1
-2.27036 3.7325 40.4558 -2.55162 8.17388 47.549 -0.596627 -13 282 1 0 1
1.91091 -5.84952 40.4558 3.94415 -9.36122 49.381 -1.37156 -13 283 1 0 1
-4.1466 5.5204 40.4558 -6.29671 4.15177 52.5134 -0.125989 -13 284 1 0 1
-8.08538 2.32365 40.4558 -17.4137 7.07562 59.5489 -0.275796 -13 285 1 0 1
-4.408 -6.08458 40.4558 -12.7016 -2.54647 68.1692 -1.25001 -13 286 1 0 1
-2.62389 1.76497 40.4558 -3.87623 -0.675184 51.5341 -1.38246 -13 287 1 0 1
1.66782 12.9367 40.4558 -4.65065 35.5771 70.9605 -0.0717864 -13 288 1 0 1
-0.745777 4.89018 40.4558 -9.25621 12.5657 76.7455 0.655861 -13 289 1 0 1
8.57709 -0.373275 40.4558 12.8238 -1.97383 43.7268 0.409296 -13 290 1 0 1
2.26214 -1.92527 40.4558 -1.87265 -7.49339 75.1366 0.642638 -13 291 1 0 1
-0.796558 1.80272 40.4558 -7.09026 6.36366 71.9948 -0.0713944 -13 292 1 0 1
-10.1575 2.379 40.4558 -15.1095 8.53226 46.1209 2.30175 -13 293 1 0 1
8.26468 0.869475 40.4558 13.2915 9.97128 69.4345 1.79508 -13 294 1 0 1
-2.87985 -0.515524 40.4558 -8.0637 -2.19011 64.8567 0.284953 -13 295 1 0 1
-6.24284 2.24889 40.4558 -11.6106 3.84427 57.8189 -0.0609148 -13 296 1 0 1
3.44154 -1.23983 40.4558 6.59611 -4.53852 53.845 2.75947 -13 297 1 0 1
1.10408 1.52163 40.4558 -0.372721 -0.773184 67.1795 -1.66482 -13 298 1 0 1
-11.53 0.0272099 40.4558 -16.7986 4.82991 43.5493 2.98859 -13 299 1 0 1
-4.04935 4.6135 40.4558 -8.59085 5.9154 61.7089 -0.564961 -13 301 1 0 1
-4.35773 1.5324 40.4558 -10.3132 7.53528 62.3776 0.439608 -13 302 1 0 1
-1.54582 -0.885255 40.4558 -4.12292 3.22357 61.9688 0.210008 -13 303 1 0 1
-1.08937 1.63308 40.4558 -4.90634 7.42795 65.2471 0.730347 -13 304 1 0 1
-10.5118 1.68795 40.4558 -12.5903 3.38192 39.2975 1.46375 -13 305 1 0 1
-2.14389 -0.119708 40.4558 -6.893 -3.50142 66.1321 -0.846872 -13 306 1 0 1
-0.560292 -5.08079 40.4558 -5.30568 -18.4889 67.0732 -1.10325 -13 307 1 0 1
-1.0422 -6.24424 40.4558 -7.84725 -14.401 71.9731 0.273304 -13 308 1 0 1
-3.43189 2.11592 40.4558 -9.56989 4.64976 64.8964 -0.662908 -13 309 1 0 1
4.87193 -1.25446 40.4558 5.51777 -2.52581 72.098 -0.209545 -13 310 1 0 1
13.7872 19.1406 40.4558 10.8765 18.2526 23.1237 -1.20307 -13 311 1 0 1
-1.75157 2.79692 40.4558 -8.10338 8.61071 70.5051 0.0236724 -13 312 1 0 1
-4.05179 4.73405 40.4558 -13.9346 9.65711 70.5798 1.12042 -13 313 1 0 1
0.569202 -4.25541 40.4558 -3.20583 -8.50628 68.0797 -0.407913 -13 314 1 0 1
3.5307 -2.10272 40.4558 6.55838 0.530879 62.1277 -1.27176 -13 315 1 0 1
-1.10986 -9.60309 40.4558 -1.1573 -16.4806 50.3502 -1.02599 -13 316 1 0 1
-1.9905 -4.34684 40.4558 -5.63288 -10.4215 62.9757 0.941655 -13 317 1 0 1
-0.122192 -2.0333 40.4558 -3.78401 -1.7235 69.0461 -1.23776 -13 318 1 0 1
-0.843434 0.887143 40.4558 -6.75866 8.0138 69.4497 2.19022 -13 319 1 0 1
4.41932 0.317826 40.4558 5.70272 0.911927 72.1402 0.763915 -13 320 1 0 1
1.60796 0.0206449 40.4558 2.53658 -1.2153 56.9748 -1.47435 -13 321 1 0 1
0.0473794 0.783392 40.4558 -12.769 4.11897 79.0874 2.02316 -13 322 1 0 1
4.01619 -4.20606 40.4558 2.95357 -2.50464 75.787 0.38752 -13 323 1 0 1
0.434517 3.20672 40.4558 -0.910916 7.19404 65.6998 -0.506959 -13 324 1 0 1
0.849847 -1.67256 40.4558 -2.86665 -5.37761 72.3464 0.149924 -13 325 1 0 1
-8.51416 7.40136 40.4558 -17.8205 12.4149 57.0402 0.134583 -13 326 1 0 1
-10.0826 -4.69016 40.4558 -15.1787 -8.99487 46.158 0.390704 -13 327 1 0 1
-5.25334 3.10941 40.4558 -10.4013 -2.66584 58.3545 -1.34821 -13 328 1 0 1
-0.825126 3.26317 40.4558 -4.83448 9.80233 68.3393 1.2533 -13 329 1 0 1
3.91483 -2.59192 40.4558 2.34001 -2.16059 76.4858 -0.686073 -13 330 1 0 1
-4.25401 5.09825 40.4558 -14.4506 3.73416 70.4936 -1.41302 -13 331 1 0 1
-4.36076 -3.38465 40.4558 -2.97998 -2.04107 30.0502 -1.01874 -13 332 1 0 1
1.37106 1.51385 40.4558 3.29915 4.18606 48.6901 4.227 -13 333 1 0 1
-3.42747 -3.89638 40.4558 -8.19057 -7.13954 65.0019 0.485003 -13 334 1 0 1
2.09824 -3.72245 40.4558 2.75968 -8.95605 66.187 0.487851 -13 335 1 0 1
-0.497187 -4.88276 40.4558 -5.9091 -9.66855 68.2124 -0.51185 -13 336 1 0 1
13.6368 -8.30357 40.4558 24.4274 -15.1342 58.7094 -2.27187 -13 337 1 0 1
1.95095 -2.30312 40.4558 3.43832 -9.58834 53.905 1.03634 -13 338 1 0 1
-1.57304 -4.17892 40.4558 -1.88548 -5.46166 49.7664 0.518222 -13 339 1 0 1
-1.36165 1.56996 40.4558 -6.12844 5.60817 68.8207 0.350174 -13 340 1 0 1
3.08899 1.89798 40.4558 0.767934 -0.744665 77.6974 0.0968139 -13 341 1 0 1
-0.874073 1.63873 40.4558 -7.88349 6.75347 72.9492 0.758663 -13 342 1 0 1
-0.274498 -0.807451 40.4558 -1.42456 -6.88773 61.9244 -0.222505 -13 343 1 0 1
2.79043 -1.71597 40.4558 5.50111 1.85151 49.5792 -0.170089 -13 344 1 0 1
-1.05365 -1.49113 40.4558 -5.11087 -0.526068 68.6353 -0.709279 -13 345 1 0 1
-6.89191 -0.565182 40.4558 -16.0861 -1.47593 63.3637 0.722469 -13 346 1 0 1
-3.11209 -1.57161 40.4558 -9.3062 -3.20178 67.116 -0.698971 -13 347 1 0 1
-2.44323 0.134015 40.4558 -2.58269 6.28318 51.447 -0.359077 -13 348 1 0 1
3.85206 6.12766 40.4558 6.59065 9.08597 56.1321 0.984715 -13 349 1 0 1
0.565131 -3.05922 40.4558 -0.817969 -5.41295 65.2658 0.910227 -13 350 1 0 1
-4.8956 1.23916 40.4558 -14.9031 0.270861 68.455 -1.41076 -13 352 1 0 1
-2.1564 4.01725 40.4558 -6.14667 6.66593 65.2172 -0.0979543 -13 353 1 0 1
-1.95683 5.71506 40.4558 -3.09871 6.48918 52.6037 0.538086 -13 354 1 0 1
-2.05226 1.69046 40.4558 -11.239 5.2294 73.1029 -0.343181 -13 355 1 0 1
2.74499 2.82501 40.4558 4.86948 9.51629 59.2676 0.410464 -13 356 1 0 1
-1.94943 -0.0924367 40.4558 -1.53603 1.84176 41.7306 0.163125 -13 357 1 0 1
4.0061 2.57662 40.4558 7.09039 8.18364 51.2265 0.734955 -13 358 1 0 1
1.44398 -0.483365 40.4558 2.52635 4.47019 62.0478 0.584947 -13 359 1 0 1
-2.52254 -2.3998 40.4558 -11.6858 -5.22261 74.1177 -0.482029 -13 360 1 0 1
2.59423 -0.313208 40.4558 -1.65251 2.9418 77.2876 -0.00259986 -13 361 1 0 1
-3.50403 1.23855 40.4558 -9.20067 -1.30448 65.0718 -2.65448 -13 362 1 0 1
-0.107777 1.27237 40.4558 -6.62864 6.47205 74.8011 -0.181674 -13 363 1 0 1
0.0276193 -2.70032 40.4558 -3.00756 -3.62974 64.4646 0.372528 -13 364 1 0 1
1.24687 2.45982 40.4558 3.67975 6.81177 50.3855 -1.76919 -13 365 1 0 1
3.45928 -0.38812 40.4558 7.03808 -1.23187 45.3999 2.37399 -13 366 1 0 1
2.82023 0.169072 40.4558 6.07125 -3.26855 41.2776 1.44867 -13 367 1 0 1
-2.39326 2.47818 40.4558 -6.39815 7.55103 64.2648 0.680088 -13 368 1 0 1
-0.995544 -2.13596 40.4558 -2.30571 -0.750517 60.2582 -0.963155 -13 369 1 0 1
-7.15338 1.67831 40.4558 -21.1724 2.66278 69.2028 0.992 -13 370 1 0 1
-1.59352 -3.25761 40.4558 -4.62701 -5.04366 65.75 2.51955 -13 371 1 0 1
-2.38057 -2.48199 40.4558 -2.64419 -9.85366 52.793 0.952116 -13 372 1 0 1
-6.48052 -3.11295 40.4558 -14.621 -8.07237 61.1935 0.834077 -13 373 1 0 1
-2.29049 -2.30981 40.4558 -12.3801 -3.24434 75.3353 0.756992 -13 374 1 0 1
-5.17256 1.69839 40.4558 -21.0559 7.33702 75.745 -1.26985 -13 375 1 0 1
-4.25232 -4.8274 40.4558 -12.8665 -10.7265 67.6351 0.604212 -13 376 1 0 1
5.53548 -1.94586 40.4558 5.65906 -8.48769 78.0644 1.3142 -13 377 1 0 1
-3.39237 -3.08442 40.4558 -2.23164 -7.02299 34.3337 2.39833 -13 378 1 0 1
-0.999839 -6.17057 40.4558 -5.78705 -17.2724 66.1618 0.775791 -13 379 1 0 1
-5.95097 -8.80848 40.4558 -5.92563 -14.1167 39.3715 -0.561551 -13 380 1 0 1
1.98844 -1.40171 40.4558 3.53758 2.46101 59.8591 1.29484 -13 381 1 0 1
3.93144 -4.6578 40.4558 4.20581 -11.2564 72.1081 -0.203446 -13 382 1 0 1
-11.0071 1.59024 40.4558 -17.1043 1.35642 46.9821 1.48285 -13 383 1 0 1
4.46501 2.84056 40.4558 9.01996 1.9633 58.3934 -1.20677 -13 384 1 0 1
-1.17318 -0.455763 40.4558 -4.63157 -5.44906 67.0126 1.91102 -13 385 1 0 1
2.47833 1.71602 40.4558 2.38421 2.37908 69.7833 2.06556 -13 386 1 0 1
-3.03944 -0.280056 40.4558 -11.5677 -2.91332 70.5708 0.259378 -13 387 1 0 1
-0.926767 -0.440597 40.4558 -0.30835 0.43122 51.5711 -0.611749 -13 388 1 0 1
6.43168 -1.19234 40.4558 12.1936 -0.164667 61.2307 1.18042 -13 389 1 0 1
-3.786 0.76128 40.4558 -8.39101 -0.0140838 63.1888 0.888536 -13 390 1 0 1
6.1616 1.10286 40.4558 11.5102 0.657148 51.6451 -0.0898069 -13 391 1 0 1
-8.79549 -3.71496 40.4558 -13.3975 -10.8427 47.8092 0.37829 -13 392 1 0 1
-1.34195 6.56314 40.4558 -3.91913 10.2556 60.1504 -0.662699 -13 394 1 0 1
-1.06803 4.27028 40.4558 -8.21765 15.0357 73.6086 -1.5207 -13 395 1 0 1
5.49695 3.59862 40.4558 9.3092 3.26114 63.7946 -0.0101432 -13 396 1 0 1
1.27084 -4.18673 40.4558 1.63752 -5.99858 59.7706 1.40943 -13 397 1 0 1
0.0403957 -0.222995 40.4558 -2.71397 -2.16644 66.6234 1.00295 -13 398 1 0 1
-0.022983 -6.58796 40.4558 -5.04656 -11.9933 70.2596 2.18368 -13 399 1 0 1
-0.225386 -0.898181 40.4558 -2.14644 6.38295 64.3727 0.114936 -13 400 1 0 1
3.18681 -0.218212 40.4558 2.41065 0.820082 71.8958 -0.0886299 -13 401 1 0 1
-0.494832 4.35454 40.4558 -0.1723 7.3772 58.0983 -0.150216 -13 402 1 0 1
-0.647758 -8.78197 40.4558 -4.6446 -24.6613 67.1541 0.371849 -13 403 1 0 1
2.80005 -3.54079 40.4558 4.01281 -12.1261 65.2908 1.35664 -13 404 1 0 1
-3.06356 -1.26859 40.4558 -7.22535 -7.42951 59.3544 -0.432027 -13 406 1 0 1
-2.58 -3.34821 40.4558 -7.32932 -4.18382 65.2068 1.42667 -13 407 1 0 1
4.77009 3.52789 40.4558 8.90418 7.49331 57.39 1.95335 -13 408 1 0 1
3.04597 -0.721314 40.4558 4.94889 -1.58342 64.2737 0.464452 -13 409 1 0 1
-3.112 -3.40173 40.4558 -13.8407 -8.06909 74.5212 -2.43488 -13 410 1 0 1
-5.23197 5.26131 40.4558 -5.06126 2.40041 41.3906 0.72294 -13 411 1 0 1
-2.83918 -6.6497 40.4558 -8.57556 -14.3417 63.4332 1.41049 -13 412 1 0 1
-1.91859 3.29149 40.4558 -12.794 5.52517 77.6268 0.224154 -13 413 1 0 1
-7.43547 -2.94293 40.4558 -13.4663 -4.12834 56.6032 1.14375 -13 414 1 0 1
1.70088 3.59701 40.4558 2.71745 8.29155 56.9519 0.493337 -13 415 1 0 1
4.3894 0.758766 40.4558 4.51144 2.01608 25.2779 5.16633 -13 416 1 0 1
2.02918 -12.1019 40.4558 3.85308 -13.5114 39.5049 0.057142 -13 417 1 0 1
-0.0366828 2.71505 40.4558 -3.64561 2.72888 69.411 1.61236 -13 418 1 0 1
4.47319 -0.298683 40.4558 7.63633 -0.0577657 64.0044 0.653677 -13 419 1 0 1
0.00283966 -2.68685 40.4558 -5.24375 -10.4276 73.0228 -0.301274 -13 421 1 0 1
2.14858 9.10148 40.4558 2.03138 20.3084 64.0084 0.539491 -13 422 1 0 1
-9.03428 -8.78798 40.4558 -11.7996 -8.11038 42.4392 -0.0488625 -13 423 1 0 1
4.01928 9.88067 40.4558 8.21078 10.5124 46.67 0.793582 -13 424 1 0 1
-2.38584 -0.926145 40.4558 -6.02708 -0.19274 63.6731 0.0811957 -13 425 1 0 1
0.0805947 0.0248774 40.4558 -6.55417 4.68833 73.5166 -1.28523 -13 426 1 0 1
4.3449 -4.49217 40.4558 6.75359 -5.33807 63.2041 -0.387609 -13 427 1 0 1
-2.89904 3.54699 40.4558 -8.4831 12.0239 64.3321 0.525776 -13 428 1 0 1
4.06134 -5.00883 40.4558 7.95429 -11.5404 56.7794 0.0370077 -13 429 1 0 1
-5.62878 5.75875 40.4558 -17.3888 14.0585 68.1635 -1.56523 -13 430 1 0 1
1.28228 -1.99828 40.4558 -4.08537 -5.91729 75.5519 2.02655 -13 431 1 0 1
1.84086 1.15273 40.4558 1.24399 5.82668 67.7497 2.08116 -13 432 1 0 1
-0.604783 -2.81812 40.4558 -5.73179 -12.1114 68.9639 1.51371 -13 433 1 0 1
0.489841 2.11713 40.4558 0.497138 9.50446 59.1502 0.256006 -13 434 1 0 1
8.29462 2.11232 40.4558 13.9057 2.18437 58.6394 1.2006 -13 435 1 0 1
0.681547 -0.451995 40.4558 -1.59254 0.243013 67.2938 -2.18271 -13 437 1 0 1
-3.55292 0.0778672 40.4558 -4.74673 0.776699 54.2788 2.09129 -13 438 1 0 1
-0.892525 -4.47353 40.4558 -3.72724 -6.44819 62.5348 -0.994558 -13 439 1 0 1
1.49933 2.28658 40.4558 1.82585 5.97983 61.2167 0.347942 -13 440 1 0 1
-3.30489 0.344476 40.4558 -12.188 0.251267 70.6503 1.48944 -13 441 1 0 1
-2.48754 -2.81575 40.4558 -6.89193 -0.462559 64.9917 -0.0106045 -13 442 1 0 1
-0.0178333 -0.246597 40.4558 0.705385 5.06949 56.4051 1.1718 -13 443 1 0 1
7.65307 -1.75036 40.4558 12.8531 -1.92465 69.4807 1.1019 -13 444 1 0 1
3.30442 1.34115 40.4558 3.59042 -2.95629 69.4119 0.189338 -13 445 1 0 1
-2.35277 -4.75431 40.4558 -8.21553 -5.5867 68.4441 -1.43264 -13 446 1 0 1
2.64044 0.362985 40.4558 4.92512 1.54393 57.0135 -0.312781 -13 447 1 0 1
-0.653001 0.331312 40.4558 -4.98273 3.82088 70.3109 -1.88274 -13 448 1 0 1
-1.4032 0.915658 40.4558 -1.71533 -0.38873 52.3947 -0.0580733 -13 449 1 0 1
3.48907 2.47076 40.4558 -1.02937 1.74588 81.1915 0.193836 -13 451 1 0 1
-0.0636318 -1.53588 40.4558 -1.95928 -4.89148 67.5599 1.21345 -13 452 1 0 1
1.09015 -2.4243 40.4558 3.01004 -3.61371 59.5141 -0.209735 -13 453 1 0 1
-5.04804 2.15973 40.4558 -6.14508 2.79791 50.1577 1.48535 -13 454 1 0 1
2.48974 -0.863824 40.4558 5.33472 -4.94259 55.2225 0.320114 -13 455 1 0 1
2.65 3.72757 40.4558 3.28933 9.47877 64.4495 -0.513528 -13 456 1 0 1
3.30064 1.11598 40.4558 7.18217 5.95533 56.7174 0.926492 -13 457 1 0 1
1.77409 -10.3949 40.4558 2.43549 -16.9998 53.2304 -0.966748 -13 458 1 0 1
4.60598 4.67093 40.4558 5.76625 6.59729 74.4296 1.79725 -13 459 1 0 1
-2.51689 -1.18578 40.4558 -7.95925 0.280345 64.8329 -0.0355569 -13 460 1 0 1
-4.09614 3.44506 40.4558 -10.1622 10.2908 64.5012 0.474201 -13 461 1 0 1
-2.33087 -0.170281 40.4558 -6.24182 0.522613 63.5575 -0.16377 -13 462 1 0 1
1.73483 -1.65858 40.4558 0.426398 -3.0094 68.9291 1.59671 -13 463 1 0 1
2.64998 9.0147 40.4558 3.74831 18.6662 59.7111 -0.0186175 -13 464 1 0 1
-5.23522 8.63557 40.4558 -5.31219 10.315 35.218 -0.647192 -13 465 1 0 1
1.00918 3.6088 40.4558 1.42531 8.23405 56.7749 0.465843 -13 466 1 0 1
3.29916 -1.44864 40.4558 6.58287 0.123057 35.4074 0.0497949 -13 467 1 0 1
-0.11457 0.548396 40.4558 0.866898 -4.25558 56.2781 -0.70139 -13 468 1 0 1
-3.07139 7.76595 40.4558 -4.04238 12.2751 49.2356 0.603193 -13 469 1 0 1
1.77706 -4.33817 40.4558 1.50225 -6.20772 64.476 -0.332035 -13 470 1 0 1
-1.39301 5.8333 40.4558 -0.974322 8.64091 48.7262 1.34699 -13 471 1 0 1
1.15215 -7.07265 40.4558 3.00177 -9.84022 42.2497 1.35929 -13 472 1 0 1
-1.96912 -1.60631 40.4558 -2.41651 -3.67101 55.0385 -0.473264 -13 473 1 0 1
3.02512 -3.46565 40.4558 5.63881 -7.05815 61.6002 -0.483389 -13 474 1 0 1
1.01173 3.01076 40.4558 -1.85008 9.72378 72.0529 1.70309 -13 475 1 0 1
-6.4514 5.07621 40.4558 -13.6039 11.4135 59.1903 0.140485 -13 476 1 0 1
0.0445342 7.01143 40.4558 -1.23901 11.5134 66.4978 -1.14887 -13 477 1 0 1
-1.98148 -3.26905 40.4558 -5.66725 -5.16409 61.0754 -1.64297 -13 478 1 0 1
0.176282 0.413659 40.4558 0.863948 -1.4927 47.9351 -0.461341 -13 479 1 0 1
2.09739 1.97989 40.4558 3.94434 5.67167 54.7372 0.461996 -13 480 1 0 1
1.50155 -2.29973 40.4558 4.15341 -2.71256 32.9658 0.798642 -13 481 1 0 1
-0.957408 -2.82971 40.4558 0.401566 -8.11185 45.773 0.56112 -13 482 1 0 1
-5.00015 5.13981 40.4558 -14.2974 9.47236 67.2009 0.936861 -13 483 1 0 1
-4.45708 0.598616 40.4558 -12.8628 -0.899476 66.1686 -1.11729 -13 484 1 0 1
-7.30891 -4.22279 40.4558 -13.4032 -10.1666 55.3585 2.01344 -13 485 1 0 1
-1.05308 -4.61947 40.4558 -2.54198 -12.6526 57.5527 2.90445 -13 486 1 0 1
3.92094 2.53378 40.4558 4.63835 2.50098 69.1439 0.287099 -13 487 1 0 1
-7.95158 -1.68289 40.4558 -15.8995 -3.53573 58.8107 -0.731963 -13 488 1 0 1
-1.76998 -0.0935671 40.4558 -1.00962 5.80136 41.1031 1.52883 -13 489 1 0 1
0.208307 -0.840016 40.4558 -0.679065 -5.55656 62.9936 -1.65852 -13 490 1 0 1
1.06543 0.750783 40.4558 -1.58347 -3.6896 70.3811 1.01469 -13 491 1 0 1
0.814232 0.842439 40.4558 0.605058 6.11449 61.3278 1.33942 -13 492 1 0 1
-4.31461 -2.81671 40.4558 -7.4571 -6.33376 58.1763 1.18703 -13 493 1 0 1
-0.700327 0.331309 40.4558 0.993351 -2.0308 35.3978 0.306858 -13 494 1 0 1
0.0756367 7.12132 40.4558 2.42732 4.61044 42.0749 -2.51203 -13 495 1 0 1
-0.191009 -6.30102 40.4558 1.11657 -8.65541 42.9899 0.466049 -13 496 1 0 1
-1.91553 -1.6581 40.4558 -6.42371 -2.80928 63.9363 0.431236 -13 497 1 0 1
-2.55154 2.85053 40.4558 -8.93228 7.24056 68.0301 -0.266426 -13 498 1 0 1
-0.487773 3.85201 40.4558 -0.143394 3.55328 52.0412 -0.661331 -13 499 1 0 1
6.62154 0.197755 40.4558 11.405 -3.16673 51.2097 -0.964632 -13 500 1 0 1
2.37844 3.52203 40.4558 -2.95873 5.94336 79.1819 -0.141069 -13 501 1 0 1
-5.49889 4.42869 40.4558 -14.5799 5.80563 65.2049 -1.00789 -13 502 1 0 1
-0.370477 -8.95439 40.4558 -3.88969 -14.2115 68.0862 -1.46505 -13 503 1 0 1
-1.58954 0.965532 40.4558 -6.3355 4.01876 65.7006 0.451627 -13 504 1 0 1
6.46747 0.631741 40.4558 12.3159 1.10935 56.4085 -0.970787 -13 505 1 0 1
-2.17614 -0.631222 40.4558 -14.4781 -4.06365 77.807 1.42196 -13 506 1 0 1
2.84401 7.72033 40.4558 4.61621 13.1127 48.59 0.624971 -13 507 1 0 1
3.18707 -5.2836 40.4558 5.75999 -8.28338 62.9888 1.12594 -13 508 1 0 1
4.43723 -3.90489 40.4558 4.90039 -8.11977 72.3951 0.164046 -13 509 1 0 1
-6.34615 3.75582 40.4558 -12.7723 6.41768 59.2416 1.30903 -13 510 1 0 1
-7.7175 -1.32885 40.4558 -21.1944 -0.131724 68.042 2.20657 -13 511 1 0 1
-4.7918 -1.44608 40.4558 -9.72958 -1.90525 57.5248 -0.253204 -13 512 1 0 1
0.288924 0.203002 40.4558 1.1986 2.86383 51.3511 1.27642 -13 513 1 0 1
-2.74464 -1.38773 40.4558 -5.0844 -2.3646 54.7363 -3.32854 -13 514 1 0 1
-5.54944 0.182094 40.4558 -14.783 1.34792 64.7352 -1.30239 -13 515 1 0 1
-2.61073 -2.82551 40.4558 -4.67573 -0.348552 56.3989 -1.79767 -13 516 1 0 1
1.13471 -0.00896559 40.4558 -2.00309 -3.96687 72.3388 -0.988673 -13 517 1 0 1
-1.39654 -0.18092 40.4558 -4.33379 1.54009 64.7375 0.952043 -13 518 1 0 1
-2.62 1.59636 40.4558 -15.371 1.98284 76.9716 0.0558702 -13 519 1 0 1
-0.782318 -1.14422 40.4558 -1.29315 -6.08229 60.3424 2.66035 -13 520 1 0 1
-2.41404 -5.69183 40.4558 -8.68758 -10.7383 68.9123 -1.34187 -13 521 1 0 1
1.80863 2.34162 40.4558 -5.29076 5.16908 80.3935 1.03581 -13 522 1 0 1
-3.23747 3.31164 40.4558 -10.5267 4.33446 68.9691 0.996115 -13 523 1 0 1
-0.182797 -4.70221 40.4558 -0.849537 -1.74807 61.8278 0.856963 -13 524 1 0 1
-1.16528 6.03632 40.4558 0.419394 6.73864 39.1108 0.828268 -13 525 1 0 1
-3.57421 -2.38541 40.4558 -13.411 -0.315687 70.8143 0.169223 -13 526 1 0 1
-3.58447 5.24988 40.4558 -7.28091 10.3022 58.2273 1.16071 -13 527 1 0 1
-4.03981 2.55144 40.4558 -5.95272 4.08346 53.5038 2.82188 -13 528 1 0 1
5.10169 -3.54559 40.4558 6.98044 -14.0818 70.3434 0.920928 -13 529 1 0 1
-0.934967 2.23071 40.4558 -4.12318 4.67998 66.7418 -0.481453 -13 530 1 0 1
-0.1904 1.40605 40.4558 0.244224 4.20854 59.1433 1.12053 -13 531 1 0 1
-7.80053 2.03585 40.4558 -12.5667 6.58646 51.9031 1.79017 -13 532 1 0 1
-8.16249 -7.91529 40.4558 -7.41354 -6.59108 26.2936 3.52343 -13 533 1 0 1
2.68969 -0.792322 40.4558 2.30634 -0.122838 70.2263 1.0911 -13 534 1 0 1
1.19256 1.6713 40.4558 -1.52185 11.3796 69.2748 -2.7083 -13 535 1 0 1
0.876783 -1.13138 40.4558 1.60176 1.50608 54.9626 -0.780175 -13 536 1 0 1
2.81523 4.99564 40.4558 5.70506 8.17914 62.0959 0.234111 -13 538 1 0 1
-3.54013 -0.582414 40.4558 -12.1173 -6.62081 68.9995 1.14231 -13 539 1 0 1
6.21797 -1.88621 40.4558 7.5601 -3.04503 76.9207 1.49873 -13 540 1 0 1
-1.35534 3.27307 40.4558 -7.71686 10.4835 69.9044 1.07069 -13 541 1 0 1
1.61292 0.805978 40.4558 0.660948 4.16271 67.6822 0.13264 -13 542 1 0 1
3.06811 -1.73683 40.4558 4.65568 -8.0424 66.5832 -0.396633 -13 543 1 0 1
1.49451 -0.774189 40.4558 1.87583 -2.79889 63.4393 0.548941 -13 544 1 0 1
-0.78964 -9.38848 40.4558 -6.12371 -23.7523 68.1768 1.26833 -13 545 1 0 1
-1.34117 -9.14417 40.4558 -1.43506 -12.044 42.8427 0.637873 -13 546 1 0 1
-2.30482 5.96113 40.4558 -3.53828 11.7265 51.2797 -0.56939 -13 547 1 0 1
1.39356 0.906712 40.4558 1.46451 6.51431 61.7217 2.38828 -13 548 1 0 1
0.882376 -3.51896 40.4558 1.68849 -2.76747 57.7848 2.69259 -13 549 1 0 1
-8.22368 6.28672 40.4558 -20.6707 15.6378 63.8225 -2.36668 -13 550 1 0 1
1.21979 -5.93632 40.4558 2.66871 -2.69607 34.7972 1.4049 -13 551 1 0 1
-6.19868 -0.809912 40.4558 -11.9241 -3.43878 57.9469 0.356458 -13 553 1 0 1
-5.56879 -1.11028 40.4558 -13.8448 -4.42459 63.5001 -0.885612 -13 554 1 0 1
1.95056 1.65247 40.4558 -2.14832 4.10181 73.7689 1.35694 -13 555 1 0 1
-3.0306 4.75274 40.4558 -5.7753 7.89933 55.7145 0.62282 -13 556 1 0 1
1.85848 0.457364 40.4558 2.86486 -0.56646 61.4247 2.55385 -13 557 1 0 1
-2.43177 -0.635321 40.4558 -5.77817 -3.90796 61.4236 -2.48315 -13 558 1 0 1
-9.47776 2.24584 40.4558 -12.8208 3.74764 42.9032 -1.26937 -13 560 1 0 1
-5.43457 3.41239 40.4558 -15.7091 4.13151 67.3492 1.22088 -13 562 1 0 1
3.30517 -0.363119 40.4558 2.87155 -4.3839 70.5697 -0.222703 -13 564 1 0 1
-6.27435 3.25965 40.4558 -10.9781 8.40465 54.069 1.3966 -13 565 1 0 1
-5.43678 -1.33631 40.4558 -18.1198 -4.40044 70.7615 0.858028 -13 566 1 0 1
-3.72631 -3.55945 40.4558 -5.61018 -4.13629 53.4054 0.326471 -13 567 1 0 1
-1.06879 3.01737 40.4558 -6.08793 8.93738 70.6623 0.291881 -13 568 1 0 1
-0.394191 -2.44929 40.4558 -2.12645 -5.80625 61.457 1.91452 -13 569 1 0 1
-1.69521 -5.74589 40.4558 -1.53371 -7.12854 51.2479 -2.27523 -13 570 1 0 1
-2.01779 7.85281 40.4558 -0.851611 7.14187 20.0823 0.149792 -13 571 1 0 1
0.971589 -1.4315 40.4558 -3.77904 -7.17108 75.2038 -0.0349514 -13 572 1 0 1
-3.48964 0.237427 40.4558 -10.2539 -4.87292 67.8052 2.05758 -13 573 1 0 1
-4.80499 8.78455 40.4558 -9.92563 19.6778 56.2974 -0.835645 -13 574 1 0 1
0.618304 -1.4322 40.4558 -2.40297 -3.32142 69.4654 0.295473 -13 575 1 0 1
-0.572715 2.98242 40.4558 -4.18382 0.162719 68.4434 -0.78096 -13 576 1 0 1
-0.00831291 -5.56526 40.4558 -2.63723 -5.4454 65.29 -1.85799 -13 577 1 0 1
-2.63724 5.31749 40.4558 -10.9523 13.2661 71.1202 2.05486 -13 578 1 0 1
3.0333 -6.64071 40.4558 5.57823 -13.7998 61.2147 -0.127586 -13 579 1 0 1
-6.04691 2.32038 40.4558 -15.7196 8.79074 64.5682 1.59394 -13 580 1 0 1
3.70414 2.43831 40.4558 6.49155 2.11489 62.3175 0.190602 -13 581 1 0 1
4.84204 -0.234312 40.4558 8.47845 2.68584 48.3671 0.128484 -13 582 1 0 1
2.2795 0.287862 40.4558 0.95357 -1.35868 71.2612 -0.329927 -13 583 1 0 1
3.22181 3.32339 40.4558 4.10206 2.70079 64.4597 -0.641637 -13 584 1 0 1
-2.56752 -1.78271 40.4558 -8.20833 -6.9911 64.052 -1.93401 -13 585 1 0 1
0.847101 -4.25923 40.4558 -2.80885 -12.2848 70.7723 2.29572 -13 586 1 0 1
-3.26019 4.94596 40.4558 -13.452 16.0698 71.6464 0.477569 -13 587 1 0 1
2.36203 -1.27736 40.4558 2.62969 0.497751 66.7234 -2.00752 -13 588 1 0 1
-0.229042 2.12652 40.4558 -4.37789 2.84148 70.0418 -1.13137 -13 589 1 0 1
-4.43141 -3.94017 40.4558 -15.7361 -13.7314 72.0483 -0.749147 -13 590 1 0 1
-2.37323 -1.21883 40.4558 -13.6639 0.536509 76.7844 2.69547 -13 591 1 0 1
-1.47744 -0.392711 40.4558 -6.56099 -2.77097 70.7831 -2.49833 -13 592 1 0 1
0.504485 3.99221 40.4558 0.269617 2.44555 64.1114 2.06188 -13 593 1 0 1
-3.80074 2.94693 40.4558 -10.0083 3.3844 62.7339 0.363202 -13 594 1 0 1
-0.0347495 -2.18514 40.4558 -2.06036 -1.07683 63.8691 0.705912 -13 595 1 0 1
-4.6628 -0.692105 40.4558 -21.5665 -2.4843 76.8352 0.0426983 -13 597 1 0 1
1.94284 -3.69081 40.4558 -5.44302 -11.2831 80.5503 -1.60074 -13 598 1 0 1
-4.87347 -1.03779 40.4558 -5.46181 -1.65055 45.7861 -1.41746 -13 599 1 0 1
-1.9872 -4.94025 40.4558 -1.96798 -8.38597 50.2976 0.70178 -13 600 1 0 1
0.981686 0.121408 40.4558 0.763435 -0.396921 59.4864 1.31929 -13 601 1 0 1
-2.40138 -2.36384 40.4558 -6.01529 -4.28954 63.4659 0.768413 -13 602 1 0 1
-7.37354 -0.807469 40.4558 -18.7256 -1.03984 65.4342 -1.12841 -13 603 1 0 1
2.21924 -0.078779 40.4558 6.02099 -2.20085 47.5411 0.314636 -13 604 1 0 1
-2.16956 -12.0959 40.4558 -4.4448 -20.3179 56.8828 0.208278 -13 605 1 0 1
3.703 -0.983943 40.4558 4.47896 -2.14082 66.8947 2.7594 -13 606 1 0 1
5.33399 3.9553 40.4558 4.95885 15.0768 75.6638 -0.6203 -13 607 1 0 1
-5.76156 -0.619165 40.4558 -18.365 5.35664 70.6949 0.294496 -13 609 1 0 1
-3.15213 -0.452398 40.4558 -9.58671 6.84223 66.7249 -1.52762 -13 610 1 0 1
-3.02988 1.92992 40.4558 -4.49598 -0.00369032 53.5685 1.07415 -13 611 1 0 1
4.81447 0.433528 40.4558 8.11773 4.34194 56.5359 -2.07894 -13 612 1 0 1
4.04545 -4.8455 40.4558 6.29077 -5.64859 38.2106 1.55134 -13 613 1 0 1
-0.749073 -1.1868 40.4558 -2.55307 -6.01599 64.1589 -0.150385 -13 614 1 0 1
-4.2336 0.326746 40.4558 -14.2458 -4.93172 72.1399 0.96533 -13 615 1 0 1
2.69901 1.61869 40.4558 -0.968162 6.97686 77.7381 -0.0684654 -13 616 1 0 1
-0.794298 -5.17997 40.4558 -3.51272 -8.44986 63.2386 -0.53516 -13 617 1 0 1
-3.15818 9.23653 40.4558 -6.67931 19.1029 56.4611 -0.859116 -13 618 1 0 1
4.07578 5.75661 40.4558 7.19464 11.9426 50.3331 0.897272 -13 619 1 0 1
-1.0213 1.64978 40.4558 -10.5819 3.40773 77.1315 -2.06008 -13 620 1 0 1
0.17415 -5.64587 40.4558 0.0446174 -5.9157 59.6728 0.847796 -13 621 1 0 1
2.94511 -14.5237 40.4558 5.05237 -21.4576 54.6483 0.540728 -13 622 1 0 1
-2.37228 -2.8648 40.4558 -4.94258 -1.47925 60.2958 -0.127946 -13 623 1 0 1
0.924376 -1.50496 40.4558 0.949572 -5.61158 65.0233 -0.133347 -13 624 1 0 1
-4.89578 7.62636 40.4558 -8.87818 9.52634 55.693 -0.666599 -13 625 1 0 1
3.16253 1.37255 40.4558 2.50497 0.00961405 70.7925 2.61322 -13 626 1 0 1
-4.80134 -0.00139052 40.4558 -18.4977 7.48399 74.2665 0.735927 -13 627 1 0 1
0.584719 -7.71666 40.4558 -2.51937 -15.7367 70.6507 0.307689 -13 628 1 0 1
-1.9029 5.8952 40.4558 -4.8865 14.6623 64.3918 0.361651 -13 629 1 0 1
-6.36699 3.31167 40.4558 -14.3927 9.41943 61.0211 0.836787 -13 630 1 0 1
-1.41115 0.955373 40.4558 -1.6825 2.92801 58.8486 -0.478468 -13 631 1 0 1
-1.69336 -3.83093 40.4558 -6.22902 -7.39165 66.281 -1.34066 -13 632 1 0 1
10.1171 4.7415 40.4558 18.6759 7.0794 54.5809 -0.624903 -13 633 1 0 1
-7.48508 11.1814 40.4558 -14.6236 21.0261 55.4512 0.0676742 -13 634 1 0 1
5.37714 -1.26053 40.4558 9.76311 -0.241589 51.8548 0.383658 -13 635 1 0 1
-3.77197 2.38932 40.4558 -13.7739 10.4594 71.2333 -1.94178 -13 636 1 0 1
3.79201 0.41142 40.4558 3.36431 -1.30132 72.194 0.255178 -13 637 1 0 1
-7.69101 -6.67366 40.4558 -5.85223 -5.25497 23.3342 0.380612 -13 638 1 0 1
2.37493 -4.2789 40.4558 2.38853 -8.87267 65.862 -1.79135 -13 639 1 0 1
1.17629 3.39547 40.4558 2.39636 4.21613 38.8526 -1.93721 -13 640 1 0 1
2.31361 -5.39467 40.4558 3.07595 -12.2914 61.4757 -1.14294 -13 641 1 0 1
0.405174 -5.02241 40.4558 1.59463 -6.54716 57.4588 0.142558 -13 642 1 0 1
-1.42505 -5.09562 40.4558 -7.49415 -11.9815 69.7507 -0.215735 -13 643 1 0 1
-4.32282 -5.01211 40.4558 -6.4841 -9.77005 48.9485 2.43857 -13 644 1 0 1
0.598968 -4.96565 40.4558 1.28355 -7.85212 56.7486 1.18193 -13 645 1 0 1
-3.90634 1.7663 40.4558 -14.6238 3.32052 70.827 1.51089 -13 646 1 0 1
-5.68703 -1.03357 40.4558 -22.3691 0.137686 75.1527 -1.34023 -13 647 1 0 1
2.69529 0.358462 40.4558 3.55848 2.19316 68.2509 0.0412023 -13 649 1 0 1
-0.40647 -3.37384 40.4558 -6.82862 -4.87145 73.2435 1.10587 -13 650 1 0 1
0.829859 1.3628 40.4558 -1.62964 2.14989 68.0264 0.640952 -13 651 1 0 1
-1.59459 -0.966805 40.4558 -6.03997 -3.4828 65.6238 1.14731 -13 652 1 0 1
0.29436 -3.48373 40.4558 -2.93474 -4.8046 68.224 0.76857 -13 653 1 0 1
0.722053 -2.14238 40.4558 4.3167 -2.51242 40.2777 -0.221731 -13 654 1 0 1
-13.2198 -8.85808 40.4558 -9.3023 -7.47646 19.3787 0.568738 -13 655 1 0 1
-5.7683 4.32308 40.4558 -14.295 12.4359 62.0994 0.0357967 -13 656 1 0 1
2.7979 -1.74139 40.4558 4.65222 1.10648 61.0362 0.752122 -13 657 1 0 1
-1.6053 -5.34938 40.4558 -7.66519 -7.04057 68.4133 2.35979 -13 659 1 0 1
-0.381228 -0.325338 40.4558 -3.6917 0.474847 66.4142 -1.37072 -13 660 1 0 1
-1.76155 -2.42994 40.4558 -11.963 -12.0946 74.7541 1.76078 -13 661 1 0 1
-5.61762 1.29575 40.4558 -10.8758 2.42986 56.5883 -0.125193 -13 662 1 0 1
1.89182 0.822604 40.4558 3.57345 3.78289 57.5331 0.582382 -13 663 1 0 1
-1.93001 -4.45874 40.4558 -9.34213 -8.52791 69.5795 1.86449 -13 664 1 0 1
-0.707449 -1.19854 40.4558 -8.65673 -5.18942 76.2806 0.426953 -13 665 1 0 1
-6.48575 -0.801796 40.4558 -13.3262 0.447495 60.0809 1.11538 -13 666 1 0 1
-1.38913 -0.393449 40.4558 -3.71799 0.256458 60.0836 -2.01908 -13 667 1 0 1
-4.99223 -3.7146 40.4558 -5.05865 -5.47569 33.5483 0.935524 -13 668 1 0 1
0.0707997 -6.46511 40.4558 -1.68119 -13.642 66.8158 1.51236 -13 669 1 0 1
1.85168 -4.62717 40.4558 -0.443347 -9.41503 72.2469 0.153657 -13 670 1 0 1
4.33264 -6.80037 40.4558 7.57264 -12.9574 61.7804 0.617218 -13 671 1 0 1
3.88686 4.89671 40.4558 5.65652 7.98928 56.1795 1.6998 -13 672 1 0 1
-1.38399 11.9583 40.4558 -3.14706 20.0377 57.1818 0.479733 -13 673 1 0 1
5.56798 2.32497 40.4558 8.30345 4.91522 61.9795 0.987946 -13 674 1 0 1
-3.29849 -7.87772 40.4558 -7.4709 -17.1182 59.6844 3.31287 -13 675 1 0 1
5.36317 1.8536 40.4558 9.07321 5.39017 48.8943 -0.0190491 -13 676 1 0 1
6.36786 -0.486958 40.4558 9.58395 -2.70178 66.1311 1.13677 -13 677 1 0 1
-1.58358 3.32558 40.4558 -7.87266 15.9288 70.3192 1.67849 -13 678 1 0 1
-4.62807 6.00682 40.4558 -12.974 13.7621 65.3367 0.145098 -13 679 1 0 1
-4.25118 2.29551 40.4558 -6.78591 1.92975 55.4965 -0.74465 -13 680 1 0 1
-0.482292 0.17601 40.4558 -6.02068 -7.74748 72.8017 -3.10549 -13 681 1 0 1
-5.07205 -4.46205 40.4558 -3.93181 -9.25448 28.8271 0.24758 -13 682 1 0 1
9.12913 2.59276 40.4558 15.7709 11.1882 60.7332 2.18441 -13 683 1 0 1
-1.74902 -3.34404 40.4558 -4.46908 -5.62594 61.0137 -0.0702348 -13 684 1 0 1
10.8466 -2.76186 40.4558 18.8573 -9.94099 67.0966 -1.53267 -13 685 1 0 1
2.37561 4.65557 40.4558 1.81913 11.0666 69.3293 0.551021 -13 686 1 0 1
1.42066 0.321871 40.4558 3.32548 3.0585 52.9063 1.83337 -13 687 1 0 1
-1.39947 3.17068 40.4558 -5.41491 3.32757 66.2725 0.110096 -13 688 1 0 1
3.33397 -5.08992 40.4558 6.13556 -12.6707 59.7024 1.14675 -13 690 1 0 1
0.808808 1.44227 40.4558 -0.885261 -0.829714 64.6558 -1.81028 -13 691 1 0 1
-2.32539 3.2118 40.4558 -6.07631 1.42362 61.7466 -0.800316 -13 692 1 0 1
1.2016 6.47703 40.4558 2.13992 3.27982 50.4481 1.99057 -13 693 1 0 1
0.258103 -6.18535 40.4558 -1.81141 -8.4191 64.67 2.51494 -13 694 1 0 1
-1.02644 3.70727 40.4558 -3.59299 8.09609 64.0648 0.501357 -13 696 1 0 1
-1.58539 2.37754 40.4558 -8.93722 7.91734 69.966 0.679264 -13 697 1 0 1
4.68213 -5.91459 40.4558 9.18768 -6.32526 43.5592 -0.528857 -13 699 1 0 1
1.56581 -1.23202 40.4558 -1.48594 -2.62346 72.2956 1.54227 -13 700 1 0 1
1.6797 2.67402 40.4558 0.503746 10.0489 69.8443 1.48815 -13 701 1 0 1
0.668542 0.727278 40.4558 1.87033 1.83353 44.3315 1.50639 -13 702 1 0 1
-2.47949 3.06396 40.4558 -15.3536 5.32977 78.236 -2.07473 -13 703 1 0 1
2.44535 4.4483 40.4558 5.05372 11.6237 56.4644 -0.308017 -13 704 1 0 1
-1.00248 2.99185 40.4558 -0.905117 3.58742 53.4578 1.58405 -13 705 1 0 1
-4.01971 1.00511 40.4558 -5.94995 2.14266 53.7997 -1.43098 -13 706 1 0 1
-0.227055 -0.475205 40.4558 -5.26924 5.81861 71.9112 3.46932 -13 707 1 0 1
-7.37459 -1.76973 40.4558 -14.273 -3.31145 57.317 0.676953 -13 708 1 0 1
-1.72408 -1.84677 40.4558 -5.17249 -6.83096 65.1096 0.239088 -13 709 1 0 1
-0.115951 0.475514 40.4558 2.08795 -2.57075 44.2411 -0.78119 -13 710 1 0 1
1.14626 1.82878 40.4558 2.37585 -0.296739 50.6016 -0.150852 -13 711 1 0 1
-1.55151 -5.4076 40.4558 -7.09201 -11.0031 67.9856 1.54502 -13 712 1 0 1
0.0295931 -2.91545 40.4558 -10.0912 -10.9141 79.804 0.154371 -13 713 1 0 1
-1.41678 1.65086 40.4558 -1.2499 -0.551468 49.434 1.83146 -13 714 1 0 1
-3.51934 2.36424 40.4558 -12.3273 8.08615 69.366 -0.917957 -13 715 1 0 1
2.27398 5.00368 40.4558 5.4175 7.80555 50.0826 1.39812 -13 716 1 0 1
-1.68808 -1.32744 40.4558 -1.78255 -3.39424 52.8018 1.96158 -13 717 1 0 1
-2.25361 0.752109 40.4558 -10.0365 -1.19634 71.4082 1.09623 -13 718 1 0 1
1.68832 0.335781 40.4558 -0.423994 4.25521 71.8124 0.0548824 -13 719 1 0 1
-0.860082 5.73316 40.4558 -3.77665 12.4175 64.9921 2.24443 -13 720 1 0 1
2.95535 -5.56856 40.4558 1.96365 -12.2126 70.8054 0.0689005 -13 721 1 0 1
1.52987 -2.69278 40.4558 3.05301 -6.08723 53.1875 -1.35616 -13 722 1 0 1
-0.508425 -3.79277 40.4558 -2.31458 -3.94841 61.1021 -1.04282 -13 723 1 0 1
0.431492 5.62841 40.4558 -3.96567 10.7443 71.8382 2.15875 -13 724 1 0 1
-3.99834 5.86385 40.4558 -7.1453 8.13069 54.5656 -0.105284 -13 725 1 0 1
5.82724 -6.04789 40.4558 10.7539 -11.1661 53.1148 -0.806201 -13 726 1 0 1
1.43284 1.30569 40.4558 2.89047 2.53133 44.4837 2.12562 -13 727 1 0 1
1.30501 11.3934 40.4558 2.36148 16.8057 39.9599 -0.121368 -13 728 1 0 1
2.4185 -2.94398 40.4558 -1.55309 -5.79047 76.0783 -1.67212 -13 729 1 0 1
-4.62675 -8.35798 40.4558 -2.86614 -7.36157 33.9829 0.0264052 -13 730 1 0 1
-2.71368 -3.31803 40.4558 -9.78769 -5.1898 69.2129 -1.08376 -13 731 1 0 1
-5.29524 5.86756 40.4558 -14.1708 9.867 66.3517 2.17113 -13 732 1 0 1
-5.34969 1.67556 40.4558 -6.36226 -1.05271 45.8829 -0.235199 -13 733 1 0 1
1.8992 3.79806 40.4558 0.676477 -3.08245 71.4126 2.40248 -13 734 1 0 1
9.00683 5.22961 40.4558 13.3684 5.23833 44.9724 -0.989339 -13 735 1 0 1
0.412403 3.79051 40.4558 1.66007 5.78476 46.7594 -0.023511 -13 736 1 0 1
-3.07301 5.22887 40.4558 -6.74751 9.15149 62.122 2.22564 -13 737 1 0 1
4.21225 -0.588673 40.4558 7.33053 1.75129 58.3937 1.69546 -13 738 1 0 1
1.53426 -2.28943 40.4558 2.32047 -1.16691 59.3123 -0.984404 -13 739 1 0 1
-1.56404 0.418837 40.4558 -8.86602 0.263267 72.4736 0.928871 -13 740 1 0 1
8.1838 0.697826 40.4558 5.88424 1.25216 21.1018 2.07464 -13 741 1 0 1
-8.10321 1.00265 40.4558 -9.05069 3.17806 41.1745 -2.02625 -13 742 1 0 1
-1.68707 0.844411 40.4558 -7.69186 4.57767 71.4687 1.48038 -13 743 1 0 1
-3.73899 4.44802 40.4558 -6.36957 5.10418 55.0878 0.429678 -13 744 1 0 1
5.37024 5.31401 40.4558 6.28964 10.8252 71.971 2.10546 -13 745 1 0 1
-1.7397 -2.61522 40.4558 -7.10025 -5.82777 67.6504 -1.66504 -13 746 1 0 1
0.387619 -1.38298 40.4558 -2.00382 -2.47942 67.9158 0.330433 -13 747 1 0 1
-5.71734 -0.412153 40.4558 -7.45687 0.71178 48.1536 -1.63487 -13 748 1 0 1
2.42687 -3.43608 40.4558 0.0601198 -8.53093 72.6664 1.27486 -13 749 1 0 1
-0.641337 5.99798 40.4558 -2.52594 3.25048 63.9662 0.863352 -13 750 1 0 1
-3.90381 3.69092 40.4558 -6.03858 8.11339 51.8826 0.185296 -13 751 1 0 1
-1.86302 4.56165 40.4558 -6.36941 13.7801 66.1394 -0.33117 -13 752 1 0 1
-1.57047 2.53471 40.4558 -4.15052 1.44974 64.0731 -0.882743 -13 753 1 0 1
-4.07664 -1.30933 40.4558 -12.3079 -0.707426 69.1157 0.463079 -13 754 1 0 1
2.80434 -0.487195 40.4558 0.334515 -2.92629 75.385 -1.28438 -13 755 1 0 1
1.72061 1.63399 40.4558 0.460474 8.38908 67.9202 -0.887963 -13 756 1 0 1
4.90237 -3.87059 40.4558 9.55143 -4.99817 52.6188 -0.951334 -13 757 1 0 1
0.00857779 -1.31749 40.4558 1.83578 -7.31468 56.2022 0.516676 -13 758 1 0 1
3.87104 -4.68035 40.4558 5.72783 -11.1798 61.9313 1.30439 -13 759 1 0 1
-0.0799289 3.15347 40.4558 0.392811 5.1855 54.0587 0.364228 -13 760 1 0 1
0.528455 -4.27013 40.4558 0.139134 -5.85372 59.3094 0.848423 -13 761 1 0 1
-10.237 -0.171989 40.4558 -10.9495 2.08474 32.6002 -0.731388 -13 762 1 0 1
5.21769 1.40442 40.4558 8.49828 7.16564 60.2684 1.4242 -13 763 1 0 1
2.22555 1.04649 40.4558 1.05673 3.52021 70.5204 -2.44507 -13 764 1 0 1
-2.26129 -2.4326 40.4558 -5.11373 -6.52093 64.4425 -0.400697 -13 765 1 0 1
-7.53754 -11.6663 40.4558 -4.70046 -8.38507 18.0861 -0.75862 -13 766 1 0 1
-0.532871 -0.63397 40.4558 -1.3991 -2.74648 58.5304 -0.28885 -13 767 1 0 1
3.54791 -9.60515 40.4558 4.97223 -20.4368 65.4412 0.775312 -13 768 1 0 1
-0.548223 0.503054 40.4558 1.1878 -2.38114 39.2549 0.310238 -13 769 1 0 1
-3.23663 0.775696 40.4558 -10.6312 -7.91238 69.9446 -0.898291 -13 770 1 0 1
-2.25747 -9.18409 40.4558 -1.14292 -12.2976 36.404 -0.474562 -13 771 1 0 1
1.82151 -0.713371 40.4558 4.32838 -3.18097 55.633 -0.0187664 -13 772 1 0 1
4.67896 -0.182141 40.4558 3.7759 0.709782 76.8252 0.654672 -13 773 1 0 1
-4.9086 -2.63748 40.4558 -8.9749 -2.50208 57.5148 1.10228 -13 774 1 0 1
6.17976 -1.14516 40.4558 11.3479 -5.00065 60.5136 0.0772715 -13 775 1 0 1
-3.06978 2.79492 40.4558 -4.82578 5.63231 54.8354 2.68476 -13 776 1 0 1
-3.17432 -2.27899 40.4558 -9.79329 -7.17408 66.3475 0.11917 -13 777 1 0 1
-1.63831 3.85416 40.4558 -1.35495 9.90145 46.8036 2.75548 -13 778 1 0 1
-6.43722 -2.12478 40.4558 -16.7351 -4.16808 66.0227 1.83884 -13 779 1 0 1
2.24701 -0.675969 40.4558 3.74889 -0.761095 67.699 -0.760136 -13 780 1 0 1
-3.38789 0.710193 40.4558 -9.14463 -1.5977 65.2746 0.0377678 -13 781 1 0 1
-2.41762 -4.48138 40.4558 -6.72955 -9.02517 62.3849 0.660968 -13 782 1 0 1
3.51094 -3.2433 40.4558 6.39656 -4.60392 58.8396 1.13545 -13 783 1 0 1
-6.70843 -7.84496 40.4558 -15.3313 -19.3232 61.7003 -0.715909 -13 784 1 0 1
-1.75692 0.559432 40.4558 -12.4308 -6.76746 76.827 -0.0602353 -13 785 1 0 1
4.19261 2.57736 40.4558 7.45897 1.96666 47.2946 -0.861933 -13 787 1 0 1
-7.04125 -0.473161 40.4558 -14.9437 -2.54578 59.649 -0.776382 -13 788 1 0 1
4.4637 1.07669 40.4558 6.07957 -2.80361 70.927 0.579127 -13 789 1 0 1
0.362858 -0.12801 40.4558 -0.788008 -4.91101 60.1413 2.15997 -13 790 1 0 1
2.3038 -4.58757 40.4558 2.51398 -13.6557 67.3062 -1.27278 -13 791 1 0 1
-2.56688 -0.848246 40.4558 -7.39566 -1.23547 66.4126 2.3381 -13 792 1 0 1
1.47985 0.507287 40.4558 2.85377 -1.95536 53.0609 1.94132 -13 793 1 0 1
-2.83689 1.64893 40.4558 -8.84692 6.23803 68.6267 0.431904 -13 794 1 0 1
-4.9226 -4.86299 40.4558 -9.48035 -9.9542 55.1671 -2.24841 -13 795 1 0 1
-5.28453 1.0982 40.4558 -9.31494 1.61161 57.9727 0.0510482 -13 796 1 0 1
-1.765 1.19568 40.4558 -1.13972 -2.08298 47.9106 -0.662281 -13 797 1 0 1
0.351063 6.881 40.4558 -5.6429 17.575 73.3651 2.14257 -13 798 1 0 1
-1.39469 3.1065 40.4558 -4.07883 4.62749 62.5871 1.06001 -13 799 1 0 1
-6.53376 1.53227 40.4558 -12.9659 6.31873 58.0979 1.34975 -13 800 1 0 1
3.84412 3.48726 40.4558 6.33593 1.47179 69.0154 2.3732 -13 801 1 0 1
-1.37387 -2.48483 40.4558 -5.19981 -8.45566 65.775 -1.13482 -13 802 1 0 1
2.0089 -0.919645 40.4558 -2.12854 4.64593 75.6877 -1.54556 -13 803 1 0 1
6.12586 -0.0518445 40.4558 10.4496 0.87193 49.8181 -0.335397 -13 804 1 0 1
-4.3961 -2.58429 40.4558 -2.7195 -1.75336 20.3003 -0.041886 -13 805 1 0 1
0.758383 0.65078 40.4558 1.45231 0.0844874 56.7567 1.14402 -13 806 1 0 1
-3.93519 -5.63174 40.4558 -9.93674 -9.48275 65.4197 0.540458 -13 807 1 0 1
-13.5406 2.21992 40.4558 -10.7457 1.93068 24.0482 1.69843 -13 808 1 0 1
-4.91546 0.524518 40.4558 -11.853 0.782431 64.0127 -0.405826 -13 809 1 0 1
-1.63239 -0.506501 40.4558 -10.926 -4.11009 76.1124 -0.533083 -13 810 1 0 1
0.558219 1.01657 40.4558 -1.57235 4.87035 70.2521 -0.0701243 -13 811 1 0 1
-6.62909 -4.09734 40.4558 -6.7152 -3.2613 37.4031 2.15339 -13 812 1 0 1
1.68965 4.02394 40.4558 2.87612 10.1214 56.2893 0.914812 -13 813 1 0 1
-0.719869 -1.00949 40.4558 -2.23453 1.79483 62.6027 0.858838 -13 814 1 0 1
1.77153 3.62608 40.4558 3.49512 7.58287 55.1316 -1.90348 -13 815 1 0 1
1.57006 -1.1731 40.4558 -4.01113 -2.72267 76.7674 1.62765 -13 816 1 0 1
-3.81471 1.33123 40.4558 -2.36702 1.73474 37.0085 -1.48582 -13 817 1 0 1
0.120165 -4.17277 40.4558 1.6523 -9.04383 48.3761 0.0521444 -13 820 1 0 1
-0.849555 -2.83687 40.4558 -0.0226358 -1.34851 52.6239 -1.59278 -13 821 1 0 1
-1.36616 3.48065 40.4558 -16.4613 2.66353 79.7692 0.763788 -13 822 1 0 1
0.521293 -0.67638 40.4558 1.78128 -3.85843 57.0934 0.0570177 -13 823 1 0 1
-3.03891 -1.88727 40.4558 -7.74932 -4.35534 60.6621 0.418901 -13 825 1 0 1
-0.593339 2.33698 40.4558 -4.26218 8.98882 66.3525 -1.25629 -13 826 1 0 1
0.0238016 -4.54655 40.4558 -1.00393 -12.0206 62.0732 2.80172 -13 827 1 0 1
-1.58284 2.74786 40.4558 -4.55902 2.3535 64.3284 -2.32128 -13 828 1 0 1
4.53896 -9.88247 40.4558 6.61909 -16.6143 47.833 0.951593 -13 829 1 0 1
-0.312884 -4.5941 40.4558 -2.40406 -10.573 63.8219 -0.0258559 -13 830 1 0 1
1.5252 -0.423642 40.4558 0.77607 -3.69398 65.7522 2.11895 -13 831 1 0 1
-1.88424 -3.22945 40.4558 -2.75622 -6.84037 55.3089 0.506142 -13 832 1 0 1
0.0714581 -5.87361 40.4558 -1.02055 -12.439 60.1594 0.514878 -13 833 1 0 1
-3.08676 -5.41137 40.4558 -6.49889 -7.86711 59.9533 -0.0898297 -13 834 1 0 1
-0.66216 -5.13616 40.4558 -10.5762 -14.9684 76.4862 -0.813236 -13 835 1 0 1
3.05627 5.07474 40.4558 3.12976 12.4909 65.3122 0.0203359 -13 836 1 0 1
5.16582 -8.76659 40.4558 8.01665 -12.9499 65.7732 1.17124 -13 837 1 0 1
1.52687 5.87857 40.4558 -1.18691 8.63446 71.1441 -1.19366 -13 838 1 0 1
-1.43229 -5.42645 40.4558 -1.66458 -6.65136 55.1835 -0.265214 -13 839 1 0 1
-4.73129 2.43811 40.4558 -9.94912 3.52654 59.3159 2.56911 -13 840 1 0 1
-3.3083 5.2692 40.4558 -6.21715 6.85767 57.9782 -1.68432 -13 841 1 0 1
-1.48231 -1.66674 40.4558 -8.54626 -2.27075 72.9845 -0.842098 -13 842 1 0 1
-1.20711 -3.55922 40.4558 -9.27245 -15.5639 72.7287 0.619394 -13 843 1 0 1
-6.13641 5.269 40.4558 -11.8181 9.95457 57.0445 1.03579 -13 844 1 0 1
1.67225 -0.985873 40.4558 2.77552 0.612301 60.1808 1.12117 -13 845 1 0 1
3.5499 -8.9543 40.4558 4.87417 -8.84285 36.0357 0.638394 -13 846 1 0 1
2.41579 -6.13654 40.4558 4.36682 -4.31554 58.0791 -1.02687 -13 847 1 0 1
-2.31988 3.38904 40.4558 -3.43706 3.43128 54.9886 -0.660999 -13 848 1 0 1
-6.46985 -2.96254 40.4558 -10.7229 -3.39306 52.0637 -1.85159 -13 849 1 0 1
2.32335 -2.73618 40.4558 1.32838 -5.31988 68.9006 -0.748337 -13 850 1 0 1
-3.52563 3.97535 40.4558 -7.05688 5.33797 59.0658 -0.334203 -13 851 1 0 1
3.36224 -0.10035 40.4558 0.351626 0.832358 75.7004 0.638089 -13 852 1 0 1
-2.32328 1.39454 40.4558 -5.48503 2.60019 61.1596 1.22569 -13 853 1 0 1
0.571095 2.52247 40.4558 -3.52133 0.188412 69.651 -0.687558 -13 854 1 0 1
-3.61862 5.12894 40.4558 -8.00456 10.4557 60.7927 0.262696 -13 855 1 0 1
-6.97159 0.888612 40.4558 -13.8515 -4.63576 56.6994 0.473716 -13 856 1 0 1
1.49765 -3.93703 40.4558 1.66778 -2.0613 66.1406 -0.734563 -13 857 1 0 1
-9.99324 2.00734 40.4558 -22.8355 2.93932 61.4424 -2.25442 -13 858 1 0 1
-1.94594 -1.85806 40.4558 -2.08905 -1.39252 54.8909 1.73543 -13 859 1 0 1
-1.9339 1.48391 40.4558 -6.74536 3.76661 67.4062 1.45982 -13 860 1 0 1
-0.443695 -2.22596 40.4558 -7.83144 -6.67339 76.5887 -1.68675 -13 861 1 0 1
-1.18102 1.35313 40.4558 -3.92469 4.92412 63.43 0.0579389 -13 862 1 0 1
-7.00238 -5.53937 40.4558 -14.4516 -8.89021 58.0161 0.345274 -13 863 1 0 1
-1.96314 -0.888888 40.4558 -4.69785 -0.373208 62.3896 -0.468307 -13 864 1 0 1
-3.08231 -3.76447 40.4558 -5.16065 -3.46564 55.0183 1.93106 -13 865 1 0 1
0.29683 5.14669 40.4558 0.341044 13.0646 55.7199 0.0909361 -13 866 1 0 1
3.64563 4.84619 40.4558 2.63891 8.81429 74.1109 -0.515025 -13 867 1 0 1
-0.657836 1.55231 40.4558 -10.5289 0.647187 77.95 -1.49688 -13 868 1 0 1
-9.30133 -7.83873 40.4558 -18.1459 -14.7191 56.7339 -0.529521 -13 869 1 0 1
-0.736302 -1.47551 40.4558 -2.31456 -5.2787 59.7201 0.897813 -13 870 1 0 1
-0.0696103 -7.53435 40.4558 -2.6121 -17.4259 64.3613 -1.04487 -13 871 1 0 1
-2.84974 -1.80762 40.4558 -8.74136 -1.70583 66.7238 -0.985559 -13 872 1 0 1
2.14512 2.13339 40.4558 0.724552 1.70306 71.5583 -0.94017 -13 873 1 0 1
-2.05359 3.11541 40.4558 -7.15706 7.5746 66.3453 2.72172 -13 874 1 0 1
-3.36513 -1.8866 40.4558 -8.19575 -5.26357 62.3511 0.353626 -13 875 1 0 1
3.44682 3.11311 40.4558 1.82773 5.68208 75.1429 0.133362 -13 876 1 0 1
1.01506 2.82607 40.4558 -0.0637798 13.5873 68.1447 -1.86821 -13 877 1 0 1
0.558433 3.2697 40.4558 -4.1466 12.3813 72.4331 -3.57222 -13 878 1 0 1
-10.0899 5.1446 40.4558 -12.5562 6.29012 42.8113 1.32731 -13 879 1 0 1
2.38766 -3.03979 40.4558 2.74877 -7.79714 68.2922 0.947225 -13 880 1 0 1
0.114665 -3.2883 40.4558 0.328803 -6.12702 56.6423 1.96104 -13 881 1 0 1
5.71381 8.83572 40.4558 7.13058 20.5509 72.7452 -0.428774 -13 882 1 0 1
5.00338 6.43761 40.4558 6.90636 16.1092 63.1478 -0.218326 -13 883 1 0 1
4.84536 1.71429 40.4558 8.2962 3.61517 36.3123 -0.0425021 -13 885 1 0 1
2.90359 1.00397 40.4558 -1.72916 -5.37885 79.5902 2.4577 -13 886 1 0 1
-7.33405 1.19078 40.4558 -20.5217 1.46585 67.2158 0.634987 -13 887 1 0 1
0.104454 2.39869 40.4558 1.4936 0.762486 55.7436 0.164034 -13 888 1 0 1
-2.2419 -2.51166 40.4558 -3.99886 -3.7665 56.9099 -0.503756 -13 889 1 0 1
2.94235 -6.48248 40.4558 3.16556 -15.4273 67.3428 -1.0308 -13 890 1 0 1
-1.37558 -1.13825 40.4558 -0.266366 -0.54325 34.3249 -0.991284 -13 891 1 0 1
-1.29036 -2.64077 40.4558 -7.01685 -0.536291 71.4021 0.544774 -13 892 1 0 1
-6.74292 -0.444053 40.4558 -12.1849 1.82653 57.645 -1.552 -13 893 1 0 1
4.26236 -2.65387 40.4558 3.85845 -4.85415 76.1293 0.0746012 -13 894 1 0 1
-5.20925 3.66031 40.4558 -18.3963 19.3553 69.3832 1.62434 -13 895 1 0 1
-3.19398 6.04043 40.4558 -10.0153 15.385 67.4406 -1.57368 -13 896 1 0 1
-2.54417 -3.03688 40.4558 -3.81591 -4.60373 48.6177 -1.65283 -13 897 1 0 1
0.503415 -0.622987 40.4558 0.434983 0.553375 55.9769 -0.589187 -13 898 1 0 1
5.69456 0.717906 40.4558 10.5147 4.10898 60.7658 -0.183896 -13 899 1 0 1
1.75893 2.34201 40.4558 0.620298 0.57743 68.5117 0.673628 -13 901 1 0 1
4.76103 -0.456202 40.4558 8.99061 -3.79645 54.4247 0.66417 -13 902 1 0 1
0.547869 -7.35334 40.4558 -5.11337 -9.35985 74.186 1.2456 -13 903 1 0 1
1.55136 0.0970971 40.4558 2.09274 -3.67853 58.7177 2.0322 -13 904 1 0 1
-4.67754 0.319218 40.4558 -20.1729 3.15164 76.33 0.221095 -13 905 1 0 1
-8.0487 -2.69026 40.4558 -13.3285 -3.5583 53.2512 1.36794 -13 906 1 0 1
-0.344096 4.67245 40.4558 -3.61381 6.62247 67.324 0.395315 -13 907 1 0 1
-5.46408 -5.11428 40.4558 -5.22178 -6.27947 35.6976 0.3218 -13 908 1 0 1
0.658987 -5.21684 40.4558 -4.49502 -8.23829 72.6641 0.76727 -13 909 1 0 1
-1.23479 -2.09628 40.4558 -6.76359 -5.46657 70.0539 -0.0825899 -13 910 1 0 1
-0.85242 10.2172 40.4558 -0.686811 15.8161 41.6528 -0.514909 -13 911 1 0 1
1.67839 9.05943 40.4558 1.55073 11.7986 54.5202 -0.708275 -13 912 1 0 1
0.90687 2.60072 40.4558 -9.51833 13.719 78.5004 1.38038 -13 913 1 0 1
-8.51653 0.976585 40.4558 -22.4649 8.60881 67.2735 1.07688 -13 914 1 0 1
1.24424 -5.17434 40.4558 1.50479 -7.94362 61.2699 -0.773198 -13 915 1 0 1
-4.52471 0.0913409 40.4558 -23.8415 2.60335 76.6072 4.3852 -13 916 1 0 1
-4.43568 3.89742 40.4558 -4.07937 6.9057 39.6837 -0.109101 -13 917 1 0 1
-5.1802 3.46454 40.4558 -16.8036 7.88928 69.982 2.10904 -13 918 1 0 1
-2.3567 2.5814 40.4558 -6.94715 2.65584 65.9219 -0.522971 -13 919 1 0 1
-2.5684 -1.54404 40.4558 -15.1244 0.366949 78.0701 0.525081 -13 920 1 0 1
2.18353 1.91573 40.4558 3.74967 -2.13124 33.9919 0.482945 -13 921 1 0 1
-1.92638 -5.50249 40.4558 -15.4203 -12.3618 78.742 2.51558 -13 922 1 0 1
-4.437 0.0116988 40.4558 -8.87823 -0.231923 58.1531 -0.0687124 -13 923 1 0 1
-0.817045 2.60727 40.4558 -4.72165 2.84483 68.1114 -0.966397 -13 924 1 0 1
-2.09449 3.26491 40.4558 -5.72492 7.56024 61.6421 0.454797 -13 925 1 0 1
-2.25246 2.29339 40.4558 -13.0133 3.05302 75.8378 1.44912 -13 926 1 0 1
-1.8325 -3.10523 40.4558 -5.04761 -1.85655 67.5755 0.630948 -13 927 1 0 1
-1.29773 -2.37681 40.4558 -2.47705 -5.63744 57.4199 -0.145067 -13 928 1 0 1
-1.34111 -0.292357 40.4558 -6.39904 -0.904153 69.921 1.4134 -13 930 1 0 1
3.67124 0.458843 40.4558 5.63245 -2.72768 62.9307 2.07572 -13 931 1 0 1
-4.10208 -3.13308 40.4558 -6.2163 -6.06224 51.1774 1.97843 -13 932 1 0 1
2.26818 4.31452 40.4558 1.54427 13.1816 68.066 1.10805 -13 933 1 0 1
-1.54321 0.773062 40.4558 -9.80679 4.10734 73.9228 -0.480623 -13 934 1 0 1
-6.17794 8.69206 40.4558 -12.1537 16.1113 55.2726 1.03278 -13 935 1 0 1
5.08999 -2.37571 40.4558 10.0511 0.158836 60.3689 0.114975 -13 936 1 0 1
-0.760787 -3.304 40.4558 -7.56431 -2.72746 72.9024 -0.138929 -13 938 1 0 1
-2.878 -0.854424 40.4558 -5.92748 -1.43946 60.8473 -0.465595 -13 939 1 0 1
-3.20945 -1.07929 40.4558 -6.67706 0.0567246 59.1358 0.0471599 -13 940 1 0 1
-1.37018 -0.647712 40.4558 -4.98415 2.08408 66.9075 0.292365 -13 941 1 0 1
5.45386 -0.756097 40.4558 7.16029 -1.93674 71.9186 0.627041 -13 942 1 0 1
2.29625 -2.36274 40.4558 1.86869 -3.36174 67.6782 1.49552 -13 943 1 0 1
-3.16143 -0.682162 40.4558 -4.20225 3.19243 52.2004 -0.344878 -13 944 1 0 1
0.732078 5.44748 40.4558 -3.07606 16.5951 70.2982 0.963461 -13 945 1 0 1
-2.77037 3.3115 40.4558 -3.01558 4.99972 44.6034 -0.646098 -13 946 1 0 1
2.91707 -1.09114 40.4558 4.28465 1.35605 65.1321 -1.09791 -13 947 1 0 1
0.236748 -0.563103 40.4558 1.28672 1.69747 48.9234 1.39517 -13 948 1 0 1
-6.35466 -1.71562 40.4558 -9.36612 -2.71186 53.1388 0.498334 -13 949 1 0 1
-2.25619 3.42186 40.4558 -6.06411 5.10236 65.3134 0.147163 -13 950 1 0 1
12.3518 -4.83582 40.4558 20.2003 -5.78187 52.0859 0.720614 -13 951 1 0 1
2.52849 -2.43201 40.4558 4.33322 -4.82971 59.4094 2.75254 -13 952 1 0 1
0.0255806 -2.4238 40.4558 -1.57612 -5.84188 59.3464 0.351856 -13 953 1 0 1
-1.30195 -8.88848 40.4558 -1.76816 -15.3869 54.1968 -0.137206 -13 954 1 0 1
1.09425 -0.425587 40.4558 0.792734 -6.55174 60.6442 0.629248 -13 955 1 0 1
-3.01191 2.91059 40.4558 -4.89905 1.51669 53.6962 0.00274616 -13 956 1 0 1
-6.15451 -1.56966 40.4558 -11.3727 -6.8518 56.1845 -0.925161 -13 957 1 0 1
-1.88086 0.323387 40.4558 -19.3062 -1.33677 78.4089 -0.711524 -13 958 1 0 1
5.15236 -2.65467 40.4558 8.61028 -6.53942 61.6239 0.492209 -13 959 1 0 1
-1.44958 2.0753 40.4558 -9.25857 3.18638 73.6392 -1.92907 -13 960 1 0 1
0.510634 -3.97221 40.4558 2.11326 -4.78425 55.4167 0.283984 -13 961 1 0 1
1.67922 -0.733338 40.4558 3.98461 -1.17555 34.8072 0.842387 -13 962 1 0 1
6.37182 1.37373 40.4558 10.1241 -5.62207 67.6314 2.07946 -13 963 1 0 1
-1.48333 0.812475 40.4558 -2.91502 0.15295 61.6892 2.0423 -13 964 1 0 1
-1.98788 -3.35736 40.4558 -6.14615 -8.89947 63.9767 1.50911 -13 965 1 0 1
-6.06183 -2.03608 40.4558 -9.74026 0.667111 52.7542 2.41008 -13 966 1 0 1
1.35778 -1.54003 40.4558 3.659 -0.753472 54.0852 0.675796 -13 967 1 0 1
-10.7713 0.606805 40.4558 -22.8029 -1.27976 59.0295 -0.932491 -13 968 1 0 1
-0.0012602 -3.04505 40.4558 2.07397 -6.39161 49.7752 0.694319 -13 969 1 0 1
2.70365 -2.75484 40.4558 3.56326 -8.10972 64.3462 0.0293156 -13 970 1 0 1
2.47422 -1.36834 40.4558 3.0461 2.20771 68.5109 -1.0404 -13 971 1 0 1
-5.56666 4.94164 40.4558 -4.21352 7.22916 29.3071 -0.748724 -13 972 1 0 1
-4.07996 -2.34777 40.4558 -3.38773 -1.25409 32.3055 -0.617625 -13 973 1 0 1
-2.58147 2.18845 40.4558 -8.46881 5.4076 68.5662 -0.508178 -13 974 1 0 1
-2.93894 0.750305 40.4558 -11.8166 9.14536 72.5861 1.76711 -13 975 1 0 1
-5.04703 -6.52686 40.4558 -10.4861 -10.3176 58.983 0.500704 -13 977 1 0 1
-3.19099 -0.476805 40.4558 -12.184 -3.66904 70.3145 -1.30901 -13 979 1 0 1
-12.5588 -1.23151 40.4558 -22.318 -3.23662 51.3073 -1.25656 -13 980 1 0 1
-3.05482 -3.7683 40.4558 -8.19667 -11.6331 61.5056 -0.552105 -13 981 1 0 1
0.344711 5.90133 40.4558 -0.59835 9.43891 63.9963 -0.541742 -13 982 1 0 1
-1.82555 -0.366434 40.4558 -8.81345 6.44445 71.0134 -0.197933 -13 983 1 0 1
-1.34043 0.720636 40.4558 -3.11676 2.74841 59.9367 1.01606 -13 985 1 0 1
-4.63876 -2.47628 40.4558 -10.1069 -3.58231 60.3136 -0.169757 -13 986 1 0 1
0.474575 -7.69355 40.4558 -0.117472 -16.4245 59.6428 0.575532 -13 987 1 0 1
-6.07592 7.57109 40.4558 -4.0103 3.95443 20.563 0.251833 -13 988 1 0 1
1.09112 -3.78992 40.4558 -0.49927 -6.57161 69.7094 1.19825 -13 989 1 0 1
-1.20996 -0.901063 40.4558 -5.90696 -7.77642 69.2973 0.411527 -13 990 1 0 1
-5.47817 5.4258 40.4558 -7.85597 5.84648 50.3012 -2.0589 -13 991 1 0 1
-5.6258 4.11625 40.4558 -5.06901 4.44442 40.4291 1.04299 -13 992 1 0 1
0.313228 -4.3136 40.4558 3.12271 -6.11203 49.7048 1.7932 -13 993 1 0 1
6.92318 -16.5276 40.4558 9.75478 -19.7657 43.8257 -0.591305 -13 994 1 0 1
1.66821 0.0668391 40.4558 1.96556 1.42592 64.2796 -1.66386 -13 995 1 0 1
-3.55656 -0.416817 40.4558 -10.8589 -1.43006 67.5849 0.343865 -13 996 1 0 1
-2.91327 -1.61522 40.4558 -4.08621 -2.39686 49.6637 2.57194 -13 997 1 0 1
2.87328 -1.24872 40.4558 5.27922 -1.39567 56.6754 0.12612 -13 999 1 0 1
-3.60114 -2.5281 40.4558 -4.52375 -3.9198 47.1185 -0.375428 -13 1000 1 0 1
