#BLTrackFile NTuple/Z66
#x y z Px Py Pz t PDGid EventID TrackID ParentID Weight
#mm mm mm MeV/c MeV/c MeV/c ns - - - - -
1.60487 -5.87256 66.0114 6.72684 -6.01422 73.1468 -0.802996 -13 1 1 0 1
12.8633 3.07867 66.0114 19.8068 -1.6673 78.5809 0.300659 -13 2 1 0 1
5.19304 -3.47917 66.0114 11.4181 -4.64242 71.2051 1.25668 -13 3 1 0 1
-1.89936 -3.83353 66.0114 0.2905 -2.76477 79.0493 0.694044 -13 4 1 0 1
-3.819 1.01653 66.0114 3.25108 -0.781758 61.9279 0.876635 -13 5 1 0 1
-2.59997 -1.78766 66.0114 1.02015 -0.837379 75.0505 -0.423061 -13 6 1 0 1
5.21659 -4.74567 66.0114 13.3931 -4.50955 60.5974 -0.502755 -13 7 1 0 1
-2.71364 6.68197 66.0114 6.03921 8.65389 48.2136 0.373827 -13 8 1 0 1
12.6565 9.62733 66.0114 20.5598 11.1391 60.3205 1.49581 -13 9 1 0 1
9.21904 -3.16047 66.0114 17.7109 -2.07124 65.0953 1.06438 -13 10 1 0 1
10.6309 7.8561 66.0114 18.1684 9.31309 70.0683 -0.158347 -13 11 1 0 1
1.63412 -7.65808 66.0114 9.21115 -9.63992 60.5591 2.07369 -13 12 1 0 1
20.8012 8.57352 66.0114 22.0071 5.04896 34.3239 -0.326789 -13 13 1 0 1
15.5507 -6.93234 66.0114 24.131 -5.41619 64.2578 -1.15031 -13 14 1 0 1
10.7918 -7.64345 66.0114 19.2329 -8.57498 64.9777 1.8559 -13 15 1 0 1
32.265 -20.7062 66.0114 35.4799 -19.0791 46.4438 2.59609 -13 16 1 0 1
2.38684 8.30062 66.0114 9.56386 10.7244 63.7224 -0.27608 -13 17 1 0 1
0.515055 -7.78906 66.0114 8.80133 -8.61201 52.4304 1.82207 -13 18 1 0 1
-3.4186 4.54043 66.0114 1.87953 6.50307 66.0909 0.497438 -13 19 1 0 1
5.52485 -12.2042 66.0114 12.9671 -13.2014 63.0359 3.33762 -13 20 1 0 1
1.83279 3.05331 66.0114 9.99429 5.76475 57.0182 -0.786497 -13 22 1 0 1
4.46827 16.5955 66.0114 12.4249 12.7678 43.723 0.968283 -13 23 1 0 1
-3.31509 9.80103 66.0114 4.69501 9.79529 55.2422 1.10683 -13 24 1 0 1
11.5121 -2.9472 66.0114 19.5466 -1.26709 68.9165 0.664555 -13 25 1 0 1
4.16695 4.86301 66.0114 11.4073 6.19934 67.1867 0.247863 -13 26 1 0 1
2.22857 -7.80004 66.0114 8.84803 -5.54591 66.3373 1.8387 -13 27 1 0 1
12.7593 -7.97183 66.0114 20.9561 -9.91385 70.8461 0.629161 -13 28 1 0 1
2.74786 4.47852 66.0114 9.31581 7.38282 66.5588 1.39516 -13 30 1 0 1
4.85501 1.83781 66.0114 10.9956 3.72037 71.498 0.095683 -13 31 1 0 1
0.492725 3.22723 66.0114 7.74499 3.84038 62.67 -0.0986478 -13 32 1 0 1
13.8003 -3.81534 66.0114 14.5125 -1.01283 23.2112 1.63556 -13 33 1 0 1
-3.42623 -1.41804 66.0114 2.30019 -0.0798021 67.0944 -0.233143 -13 34 1 0 1
-10.1526 -11.4089 66.0114 -7.79881 -13.1202 72.6025 2.56322 -13 35 1 0 1
8.56232 1.90778 66.0114 16.7048 5.09306 65.0539 -0.722984 -13 36 1 0 1
6.55711 -5.12569 66.0114 12.2933 -8.91616 79.1347 -1.10086 -13 37 1 0 1
6.7492 -11.7455 66.0114 14.5238 -13.5343 58.3056 1.85888 -13 38 1 0 1
1.71908 7.41802 66.0114 9.0277 6.95113 51.9785 1.19111 -13 40 1 0 1
14.6603 14.0598 66.0114 22.4324 13.8561 57.8032 0.252458 -13 41 1 0 1
3.24049 1.4828 66.0114 9.64394 -0.62754 67.9819 1.62761 -13 42 1 0 1
-1.87159 -2.33618 66.0114 -1.34944 -3.62125 79.928 0.662509 -13 43 1 0 1
10.6015 2.02799 66.0114 18.575 1.08208 54.1072 1.06153 -13 44 1 0 1
8.26019 -6.6761 66.0114 15.461 -7.85412 66.557 0.776295 -13 46 1 0 1
6.30643 12.5804 66.0114 13.8084 10.5531 58.6077 1.32926 -13 47 1 0 1
0.431773 5.01595 66.0114 6.35431 9.08052 66.3903 1.07432 -13 48 1 0 1
8.80466 -12.6093 66.0114 16.2374 -19.6646 66.7271 -0.171892 -13 49 1 0 1
13.7006 -5.97345 66.0114 19.257 -3.80721 40.0461 -0.169169 -13 50 1 0 1
9.57486 4.7571 66.0114 16.6193 3.65219 71.3057 0.06507 -13 51 1 0 1
4.09858 11.0786 66.0114 12.2156 11.641 54.7613 0.494913 -13 52 1 0 1
14.0315 5.40918 66.0114 22.1069 4.30744 53.2126 -1.93541 -13 53 1 0 1
14.0066 8.55917 66.0114 19.4832 5.38283 40.5115 0.500358 -13 54 1 0 1
2.94672 -4.83086 66.0114 8.71662 -7.31249 70.6106 1.26491 -13 55 1 0 1
20.9825 7.41772 66.0114 28.5117 7.72348 55.7667 -0.571723 -13 56 1 0 1
2.48124 -0.314631 66.0114 9.92968 1.20344 63.3291 -0.0308254 -13 58 1 0 1
5.60674 -6.09441 66.0114 12.7349 -7.38855 67.2921 2.32416 -13 59 1 0 1
13.8416 11.5862 66.0114 21.4506 13.1705 53.5978 0.668205 -13 60 1 0 1
1.58846 5.23753 66.0114 8.83217 7.22055 63.2833 -0.470041 -13 61 1 0 1
8.20494 -0.668057 66.0114 15.84 1.59643 68.8795 -0.191491 -13 62 1 0 1
17.1732 -7.84562 66.0114 18.6551 -4.95267 32.0003 0.714596 -13 63 1 0 1
5.41425 -0.827279 66.0114 13.2112 -0.106487 59.426 0.521892 -13 64 1 0 1
11.9994 4.82263 66.0114 20.2961 4.42129 62.6236 -1.07054 -13 65 1 0 1
4.89517 1.37907 66.0114 11.6289 1.06859 70.8162 0.803742 -13 66 1 0 1
9.44273 -2.23966 66.0114 17.7732 -0.623819 59.512 -0.294675 -13 67 1 0 1
9.20671 13.3341 66.0114 17.0716 10.9885 51.4875 -0.541719 -13 68 1 0 1
3.04715 -6.41177 66.0114 10.6413 -7.63889 62.6637 0.369057 -13 69 1 0 1
3.69308 -3.9274 66.0114 7.81027 -10.5451 80.1007 0.563666 -13 70 1 0 1
1.56302 1.45354 66.0114 9.70995 -0.69727 60.339 -1.07804 -13 71 1 0 1
14.4182 11.8358 66.0114 22.4939 10.8386 61.1361 1.49666 -13 72 1 0 1
2.4627 0.619352 66.0114 7.56329 -1.9131 74.181 -0.564361 -13 73 1 0 1
8.7821 8.88157 66.0114 16.7098 9.44789 56.7956 0.658215 -13 74 1 0 1
7.25026 5.37767 66.0114 13.6999 5.80207 74.2198 -2.51211 -13 75 1 0 1
14.3635 1.80152 66.0114 20.6121 2.056 77.1201 -1.37342 -13 76 1 0 1
8.45495 3.56409 66.0114 16.1176 0.927282 55.9197 2.78732 -13 77 1 0 1
1.52761 -0.463553 66.0114 8.90633 -1.89757 59.9579 -0.371198 -13 78 1 0 1
9.74894 -2.43783 66.0114 17.5238 -3.16999 61.0507 1.82386 -13 79 1 0 1
11.2115 -3.17736 66.0114 19.0124 -2.13296 70.4788 0.412995 -13 80 1 0 1
9.01489 5.3512 66.0114 16.1526 10.9235 68.5107 0.448906 -13 81 1 0 1
2.38341 0.277636 66.0114 10.1262 1.46572 62.216 1.60584 -13 82 1 0 1
-0.106442 14.312 66.0114 5.97813 19.3165 67.7541 0.40626 -13 83 1 0 1
-6.62455 -3.12516 66.0114 -1.17155 -4.04776 64.2059 0.536731 -13 84 1 0 1
8.24645 2.22973 66.0114 15.6391 1.9196 74.5315 1.50694 -13 85 1 0 1
9.42051 -1.89258 66.0114 17.3183 -6.43291 66.3771 0.203225 -13 86 1 0 1
11.4014 -5.50365 66.0114 19.1276 -5.85734 49.0146 1.29538 -13 87 1 0 1
2.67395 -5.40945 66.0114 9.31031 -6.28592 68.0435 -0.0181495 -13 88 1 0 1
9.71217 -3.31378 66.0114 17.4497 -1.65485 60.3895 -0.166159 -13 89 1 0 1
6.35775 4.57167 66.0114 14.1404 4.8618 64.664 0.214713 -13 90 1 0 1
-2.05696 -3.93523 66.0114 4.83428 -5.10992 64.7307 1.27649 -13 91 1 0 1
12.5209 3.00607 66.0114 20.49 3.01307 52.094 0.428179 -13 92 1 0 1
8.37183 -1.03862 66.0114 16.6094 -2.50688 56.8056 1.2599 -13 93 1 0 1
9.45201 18.9717 66.0114 16.7596 17.5616 51.1526 -0.887121 -13 94 1 0 1
8.93157 -2.42272 66.0114 16.7084 -2.08482 68.9338 0.456121 -13 95 1 0 1
5.01792 8.71509 66.0114 12.353 11.2836 58.8076 -1.38483 -13 96 1 0 1
4.15539 -3.99811 66.0114 12.648 -1.16178 56.3153 -0.605082 -13 97 1 0 1
6.54421 -3.15825 66.0114 14.239 -1.44155 66.3946 0.838934 -13 98 1 0 1
5.39145 8.74291 66.0114 13.0346 9.91485 62.1616 0.919633 -13 99 1 0 1
11.1971 -3.46235 66.0114 19.4202 -1.34914 65.8389 -0.464185 -13 100 1 0 1
18.2665 -6.64867 66.0114 26.8745 -9.02502 62.6911 -0.249718 -13 101 1 0 1
10.1482 2.86018 66.0114 17.8154 2.91713 65.2984 0.325298 -13 102 1 0 1
18.1251 3.04798 66.0114 25.7829 6.75781 56.5202 -2.007 -13 103 1 0 1
1.76527 1.29573 66.0114 8.45592 -0.208214 66.1895 0.105479 -13 104 1 0 1
2.5704 4.59571 66.0114 10.5549 8.93515 59.8103 -1.03227 -13 105 1 0 1
-1.29658 -1.23889 66.0114 5.74135 -1.35905 60.8453 0.702617 -13 106 1 0 1
6.79554 -4.71261 66.0114 13.7422 -6.14788 69.4888 -0.649094 -13 107 1 0 1
15.5472 4.42191 66.0114 23.9598 7.6649 59.2711 -0.378869 -13 108 1 0 1
10.0012 1.59502 66.0114 18.4218 2.4285 65.8361 1.40615 -13 109 1 0 1
2.91204 1.66834 66.0114 7.9551 2.77631 72.6192 0.13565 -13 110 1 0 1
2.96349 -5.8612 66.0114 7.61957 -5.2846 77.1944 0.0890687 -13 111 1 0 1
16.405 -2.06929 66.0114 22.7909 -3.58324 52.1036 -1.39301 -13 112 1 0 1
10.595 4.09477 66.0114 18.4036 3.64441 54.0297 1.22552 -13 113 1 0 1
12.3012 -5.82424 66.0114 20.5951 -7.03689 60.3043 0.363793 -13 114 1 0 1
13.6074 3.49768 66.0114 20.2682 2.58673 46.6582 0.315858 -13 115 1 0 1
0.312183 -2.37671 66.0114 5.00499 -3.3066 73.2439 0.904942 -13 116 1 0 1
8.98196 3.12033 66.0114 16.1144 4.22635 53.2093 0.10027 -13 117 1 0 1
8.3673 3.87008 66.0114 15.8755 0.393133 46.602 0.0592161 -13 118 1 0 1
3.19072 -1.74656 66.0114 9.5613 -0.932382 70.1834 0.898814 -13 119 1 0 1
-0.770293 2.9712 66.0114 7.16495 3.50182 50.2486 0.284067 -13 120 1 0 1
10.6709 -8.47942 66.0114 18.4133 -6.30947 58.8884 1.95284 -13 121 1 0 1
2.27461 -3.11393 66.0114 6.9141 -2.81606 77.2527 1.00177 -13 122 1 0 1
6.20574 -9.36089 66.0114 13.3496 -10.899 69.7507 1.14564 -13 123 1 0 1
21.751 3.45242 66.0114 28.223 3.92618 50.0209 0.757293 -13 124 1 0 1
-6.06264 -13.3537 66.0114 0.516121 -14.7398 60.5398 -1.10268 -13 125 1 0 1
4.02258 0.617577 66.0114 8.26431 -2.95672 78.9845 1.31698 -13 126 1 0 1
11.0581 7.36701 66.0114 19.0375 6.13593 58.0917 -0.674251 -13 127 1 0 1
6.98162 -1.62974 66.0114 14.8888 -4.3542 63.6805 0.730504 -13 128 1 0 1
20.8854 6.51418 66.0114 28.0274 6.88021 52.8122 -0.0304267 -13 129 1 0 1
14.7517 -4.41871 66.0114 21.1144 -1.66875 46.5452 1.06448 -13 130 1 0 1
8.14994 1.94161 66.0114 15.2364 2.39467 67.7538 -0.0768163 -13 131 1 0 1
1.67292 5.10946 66.0114 6.96245 5.86981 73.806 1.66482 -13 132 1 0 1
15.4241 -4.97335 66.0114 23.9839 -6.15594 59.9789 -0.924001 -13 133 1 0 1
13.1995 1.40218 66.0114 21.263 1.4799 73.0441 0.769305 -13 134 1 0 1
9.17667 2.81336 66.0114 16.4534 0.777653 68.9327 1.22527 -13 135 1 0 1
19.3975 5.26349 66.0114 26.1587 3.23022 50.5127 0.480388 -13 136 1 0 1
6.55682 -4.56828 66.0114 14.4279 -5.94307 62.5813 1.89578 -13 137 1 0 1
4.06778 10.8445 66.0114 11.7179 11.4439 55.049 0.715302 -13 140 1 0 1
7.4058 5.80556 66.0114 15.0176 7.36936 51.0005 0.310723 -13 141 1 0 1
15.7807 3.32152 66.0114 24.2342 5.99742 60.7343 2.30753 -13 142 1 0 1
-1.75643 -2.51437 66.0114 3.28014 -3.93841 71.7811 -0.501717 -13 143 1 0 1
14.1845 -2.03608 66.0114 23.0204 -4.0491 69.4382 3.268 -13 144 1 0 1
10.1184 -19.0913 66.0114 17.3347 -17.5516 52.3375 2.11002 -13 145 1 0 1
11.3961 -4.8635 66.0114 19.5355 -3.60746 63.6987 0.589206 -13 146 1 0 1
4.34331 -2.24882 66.0114 11.9042 -2.65703 65.2237 -0.848565 -13 147 1 0 1
1.77999 -8.89591 66.0114 7.89062 -8.20587 69.7244 0.596266 -13 148 1 0 1
16.6038 6.49896 66.0114 23.2938 5.5481 52.2436 -0.104874 -13 149 1 0 1
11.9294 9.54732 66.0114 20.2046 11.8216 62.9511 0.183333 -13 150 1 0 1
13.4166 -9.97565 66.0114 20.7656 -10.6064 53.2491 1.5726 -13 151 1 0 1
8.51354 -1.97675 66.0114 16.55 -2.66305 62.7748 2.46321 -13 152 1 0 1
4.67689 -4.9722 66.0114 11.854 -8.84769 67.2021 -0.163647 -13 153 1 0 1
0.608742 -6.69483 66.0114 3.69774 -9.62296 78.6369 -1.79461 -13 154 1 0 1
0.674206 1.30627 66.0114 7.13364 0.599993 67.3605 -1.13899 -13 155 1 0 1
23.1682 -5.11372 66.0114 26.0625 -2.638 39.9162 -0.133259 -13 156 1 0 1
3.84224 -0.576967 66.0114 11.4593 0.98643 62.0286 0.216649 -13 157 1 0 1
6.2936 4.03361 66.0114 10.6139 2.99134 78.7474 1.60017 -13 158 1 0 1
3.20615 7.47936 66.0114 11.4772 6.18511 56.0772 -0.325642 -13 159 1 0 1
22.0991 -0.166643 66.0114 30.0084 0.00903034 57.3192 0.30843 -13 160 1 0 1
15.2456 2.79697 66.0114 23.8052 0.636177 67.1543 1.85478 -13 161 1 0 1
-1.26959 6.77416 66.0114 7.49575 4.90408 41.7651 -0.185208 -13 162 1 0 1
1.95683 4.14305 66.0114 7.97583 7.9796 70.2343 -1.43142 -13 163 1 0 1
14.4947 -7.52696 66.0114 22.8051 -10.6109 62.1376 0.346982 -13 164 1 0 1
-10.6578 -4.17774 66.0114 1.77647 -3.50427 34.3192 2.56101 -13 165 1 0 1
-7.82178 -0.697819 66.0114 -4.44703 -1.16417 71.7636 0.0373965 -13 166 1 0 1
12.9974 9.93074 66.0114 21.1433 10.7082 58.7624 0.894126 -13 167 1 0 1
3.92529 5.78112 66.0114 7.05924 9.43699 78.5868 1.35744 -13 168 1 0 1
18.9851 -5.33388 66.0114 25.912 -6.46528 52.7581 0.0325011 -13 169 1 0 1
1.01008 -5.64596 66.0114 7.11047 -7.70009 67.7356 -0.396475 -13 170 1 0 1
30.476 -7.39904 66.0114 28.0717 -2.87352 33.1142 1.14154 -13 171 1 0 1
6.88656 5.81413 66.0114 14.9116 4.22464 55.6192 -0.0940675 -13 172 1 0 1
17.228 2.0813 66.0114 25.3014 1.5647 54.4768 0.443706 -13 173 1 0 1
10.98 5.85721 66.0114 19.4239 3.54815 66.5387 0.511864 -13 174 1 0 1
2.04912 -4.76056 66.0114 10.5301 -5.77289 48.4467 0.138934 -13 176 1 0 1
22.9721 -8.47123 66.0114 27.3078 -7.22049 44.7154 -0.0443584 -13 177 1 0 1
9.27226 -3.75801 66.0114 16.8993 -2.36137 50.7631 -0.282185 -13 178 1 0 1
13.8168 -10.1357 66.0114 22.08 -14.4338 65.9019 -0.483419 -13 179 1 0 1
13.6922 -7.92677 66.0114 20.4789 -6.7294 49.1453 1.85068 -13 180 1 0 1
5.2352 -4.76064 66.0114 12.3198 -3.60803 39.4468 -1.11342 -13 181 1 0 1
-1.10943 2.6604 66.0114 7.8098 2.80973 42.2644 -0.566051 -13 182 1 0 1
19.5709 10.5051 66.0114 22.9617 9.90956 37.8072 0.377476 -13 183 1 0 1
-4.03548 1.97738 66.0114 2.91107 0.0434013 58.764 0.28657 -13 184 1 0 1
3.36983 -6.1208 66.0114 11.211 -8.23355 59.9532 -0.510027 -13 185 1 0 1
14.7743 6.08874 66.0114 19.2887 5.46129 39.0439 -0.299824 -13 186 1 0 1
9.15429 -3.65881 66.0114 16.9981 -0.989924 69.8841 1.39453 -13 188 1 0 1
-0.434292 -3.55788 66.0114 1.89443 -5.56329 80.0123 0.425577 -13 189 1 0 1
-0.00405683 3.53322 66.0114 7.86377 4.12971 60.6357 2.17404 -13 191 1 0 1
5.58443 1.5351 66.0114 9.78672 5.77774 79.6128 1.09217 -13 192 1 0 1
0.434013 -1.55319 66.0114 8.82875 -2.94367 40.7506 -0.692042 -13 193 1 0 1
7.75706 9.55355 66.0114 15.2348 13.553 67.8483 0.00955856 -13 194 1 0 1
5.19656 -0.763174 66.0114 13.0051 -0.714447 59.3728 2.53272 -13 195 1 0 1
12.1178 -0.385037 66.0114 17.5231 -4.43255 78.6702 2.82105 -13 196 1 0 1
1.63317 11.7952 66.0114 9.14197 12.6849 62.2667 -0.65282 -13 197 1 0 1
20.5742 0.792327 66.0114 25.1493 0.848326 44.3374 -0.278141 -13 198 1 0 1
-2.86416 14.2616 66.0114 5.14921 12.0863 58.5586 -1.33091 -13 199 1 0 1
1.15061 -3.36558 66.0114 8.93322 -1.99286 51.113 0.955946 -13 200 1 0 1
-4.16124 -4.25116 66.0114 0.333467 -6.8363 70.4782 0.571696 -13 201 1 0 1
4.15354 17.1137 66.0114 11.7595 16.0506 57.0919 -0.570814 -13 202 1 0 1
6.76182 2.70764 66.0114 14.5407 1.41432 61.0058 0.536285 -13 203 1 0 1
20.725 -6.20245 66.0114 15.5859 -3.42519 17.0025 -0.991909 -13 204 1 0 1
6.3162 2.40102 66.0114 13.766 -0.151089 49.1925 1.71997 -13 205 1 0 1
-7.73334 1.95844 66.0114 -9.12566 1.67179 77.5558 0.450215 -13 206 1 0 1
-0.694834 -9.6586 66.0114 7.14078 -10.1115 57.9528 -0.792337 -13 207 1 0 1
-6.57924 1.32803 66.0114 -2.36539 1.9806 70.5696 -0.0344167 -13 208 1 0 1
14.397 6.77707 66.0114 15.878 3.88825 25.5958 0.521861 -13 209 1 0 1
22.8876 -0.706914 66.0114 26.454 0.376827 41.125 -0.0504907 -13 210 1 0 1
22.8749 10.9114 66.0114 24.4322 6.50687 36.9665 0.946569 -13 211 1 0 1
2.77276 13.5431 66.0114 7.99372 17.365 72.5055 2.34389 -13 212 1 0 1
-4.22424 7.37612 66.0114 2.99705 6.81296 60.4817 -1.05624 -13 213 1 0 1
6.16129 7.92571 66.0114 12.6964 8.81274 74.7004 1.28271 -13 214 1 0 1
4.61018 -5.93419 66.0114 10.6456 -11.2883 71.3411 1.99993 -13 215 1 0 1
7.70113 -0.0115981 66.0114 14.8224 0.177837 68.8627 1.4063 -13 216 1 0 1
32.4209 5.03972 66.0114 30.8199 5.2333 35.3288 -0.577333 -13 217 1 0 1
0.604329 8.11208 66.0114 7.04843 9.06299 65.1601 0.451123 -13 218 1 0 1
4.36345 -2.72511 66.0114 9.94068 -3.61749 77.4581 0.310283 -13 219 1 0 1
8.12349 2.39926 66.0114 15.4552 1.13938 70.8442 2.66506 -13 220 1 0 1
16.8382 1.12267 66.0114 24.6441 -0.258615 50.5054 1.29757 -13 221 1 0 1
4.97521 7.22958 66.0114 11.6076 9.8559 71.7556 -0.502657 -13 222 1 0 1
-1.46386 -1.12415 66.0114 5.19362 0.727737 62.584 1.31863 -13 223 1 0 1
-0.946393 -2.29728 66.0114 6.06414 -1.65716 63.1034 -0.151495 -13 224 1 0 1
9.88861 9.96113 66.0114 17.5094 10.4315 52.964 0.0504482 -13 226 1 0 1
8.17181 -6.47483 66.0114 16.3151 -7.85116 61.3131 0.350899 -13 227 1 0 1
6.67911 0.829114 66.0114 11.8743 0.738267 77.8499 -1.61551 -13 228 1 0 1
4.87071 1.93267 66.0114 10.6408 -0.131966 72.5857 0.551484 -13 229 1 0 1
10.6808 -11.0108 66.0114 16.951 -8.72575 44.0116 0.0164981 -13 230 1 0 1
21.6482 14.3711 66.0114 29.7174 18.0616 58.8923 1.5754 -13 231 1 0 1
13.165 6.47392 66.0114 21.3086 6.68131 59.4209 1.18694 -13 232 1 0 1
-1.59762 -0.799869 66.0114 4.59984 -1.84298 66.1853 -1.14956 -13 233 1 0 1
11.7745 -2.52895 66.0114 19.6663 -5.99419 72.0761 0.593709 -13 235 1 0 1
-0.16057 -4.46374 66.0114 6.6158 -7.65463 65.4855 1.59815 -13 236 1 0 1
18.8832 -11.4104 66.0114 25.0374 -9.00455 48.5988 1.15404 -13 237 1 0 1
6.23169 1.92581 66.0114 13.8455 1.72976 61.8808 0.42324 -13 238 1 0 1
-1.0381 -2.80683 66.0114 3.89598 -0.519781 71.3096 1.59198 -13 239 1 0 1
18.1671 14.8673 66.0114 23.5495 12.2855 43.4227 0.0291136 -13 240 1 0 1
19.8646 3.37333 66.0114 20.3652 2.22741 30.3747 1.23469 -13 241 1 0 1
4.97117 -0.368574 66.0114 12.9898 -2.7056 58.1668 2.18022 -13 242 1 0 1
14.7756 -7.02616 66.0114 23.6316 -6.41311 65.3117 0.225915 -13 243 1 0 1
10.3203 3.56734 66.0114 17.5925 4.618 74.3742 0.992844 -13 244 1 0 1
12.4164 6.71338 66.0114 20.5051 12.0756 68.6432 -0.359293 -13 245 1 0 1
5.8758 3.91693 66.0114 12.728 7.96622 69.9017 0.134208 -13 246 1 0 1
9.54962 -5.81427 66.0114 17.3929 -4.28704 59.1825 0.035519 -13 247 1 0 1
4.44219 -5.06033 66.0114 11.4935 -5.79609 67.5384 1.01486 -13 248 1 0 1
22.4754 7.11268 66.0114 29.579 4.14865 55.2241 -0.55906 -13 249 1 0 1
11.3761 -8.97909 66.0114 19.2392 -11.0327 65.9601 -1.14778 -13 250 1 0 1
16.2294 15.6233 66.0114 24.235 12.5535 57.7458 -0.643587 -13 251 1 0 1
14.4553 0.907955 66.0114 23.1731 -0.255652 60.093 0.641733 -13 252 1 0 1
9.04505 9.30643 66.0114 16.1281 13.9503 69.8853 -1.00846 -13 253 1 0 1
11.332 6.89135 66.0114 18.6477 7.16611 51.5474 -0.0963495 -13 254 1 0 1
5.57293 -0.19067 66.0114 11.1916 2.28735 77.0247 0.281487 -13 255 1 0 1
9.36063 3.6463 66.0114 17.1376 3.89364 53.2709 -0.549068 -13 256 1 0 1
8.44829 -11.9829 66.0114 15.2543 -10.3441 42.2961 0.186034 -13 257 1 0 1
7.13659 -1.22019 66.0114 14.6506 -2.56779 61.9663 0.492681 -13 258 1 0 1
12.293 -1.3439 66.0114 20.6186 -3.1272 53.7895 -0.783801 -13 259 1 0 1
4.92871 1.25224 66.0114 11.5932 -0.752022 72.1661 0.0448182 -13 260 1 0 1
4.3476 5.84899 66.0114 11.8466 5.92228 59.5822 -0.752474 -13 261 1 0 1
7.82881 2.13454 66.0114 16.26 3.1386 61.4547 2.47788 -13 262 1 0 1
13.7072 -8.99792 66.0114 21.8 -9.61661 59.6077 -1.09899 -13 263 1 0 1
4.37102 -4.49634 66.0114 11.9315 -4.17333 49.4505 0.203344 -13 264 1 0 1
16.4678 6.08534 66.0114 24.7001 7.7969 59.0879 1.08469 -13 265 1 0 1
10.2543 2.29323 66.0114 18.3629 0.73937 68.9247 0.944302 -13 266 1 0 1
2.5512 2.73558 66.0114 9.69398 -0.02391 63.3019 0.0734423 -13 267 1 0 1
10.2095 6.11891 66.0114 16.2385 6.14819 41.4786 -0.630869 -13 268 1 0 1
2.22381 4.24599 66.0114 6.30967 2.03267 78.3165 0.815851 -13 269 1 0 1
2.86478 -2.46547 66.0114 10.3443 -5.45147 63.7742 1.63267 -13 270 1 0 1
11.1177 -2.95304 66.0114 18.5278 -6.737 75.6567 -0.484605 -13 271 1 0 1
8.23427 -9.02576 66.0114 16.0861 -10.6884 60.6092 1.97232 -13 272 1 0 1
-1.4804 4.07395 66.0114 6.97377 3.24822 55.7516 3.21334 -13 273 1 0 1
8.9348 -3.09571 66.0114 16.7398 -1.3309 66.2698 -1.66839 -13 274 1 0 1
15.4346 -2.36152 66.0114 22.8226 -4.09313 55.6041 0.102999 -13 275 1 0 1
17.624 0.601592 66.0114 25.6947 -0.262033 53.8676 1.58505 -13 277 1 0 1
-5.38604 0.709955 66.0114 1.32604 0.698352 62.7603 1.93918 -13 278 1 0 1
-0.328496 -2.42593 66.0114 5.51456 -7.34833 69.3549 -2.11168 -13 279 1 0 1
10.3019 2.59366 66.0114 18.1271 1.46855 59.3489 0.626754 -13 280 1 0 1
11.5715 -3.58837 66.0114 19.279 -2.44335 64.6952 -0.924348 -13 281 1 0 1
5.7878 12.2757 66.0114 13.0087 11.9352 46.7333 -0.388764 -13 282 1 0 1
18.4396 -11.2996 66.0114 23.9258 -9.51317 45.2815 -1.15493 -13 283 1 0 1
2.82975 10.3231 66.0114 10.8033 6.9367 52.9726 0.0593361 -13 284 1 0 1
-3.21425 5.62976 66.0114 3.20682 7.85158 63.4889 -0.11912 -13 285 1 0 1
0.734035 -6.72973 66.0114 7.00338 -2.18081 69.9125 -1.09973 -13 286 1 0 1
4.48788 0.211336 66.0114 12.0497 -1.85061 51.5409 -1.19324 -13 287 1 0 1
7.00606 25.3256 66.0114 12.1029 35.1587 70.7286 0.0855043 -13 288 1 0 1
5.10505 7.72084 66.0114 10.59 10.8661 77.3141 0.798297 -13 289 1 0 1
30.0969 -0.515129 66.0114 29.2818 -1.08002 35.8978 0.675741 -13 290 1 0 1
9.80636 -6.31169 66.0114 16.5756 -9.81341 73.4165 0.793134 -13 291 1 0 1
2.80741 2.53747 66.0114 8.52172 4.61762 73.3229 0.0748671 -13 292 1 0 1
-8.51737 9.69795 66.0114 0.194878 11.8133 51.2639 2.48402 -13 293 1 0 1
23.1518 4.76695 66.0114 32.194 9.8004 63.8265 1.96611 -13 294 1 0 1
6.18139 5.14916 66.0114 13.9202 5.48283 64.3772 0.447037 -13 295 1 0 1
-2.52656 3.62311 66.0114 5.01676 3.63477 60.3108 0.104609 -13 296 1 0 1
17.7087 -2.90528 66.0114 24.2762 -3.8962 49.5445 2.96168 -13 297 1 0 1
4.45923 3.68036 66.0114 11.2746 2.15521 66.9252 -1.50714 -13 298 1 0 1
-9.08105 6.43484 66.0114 -0.0137431 8.47989 48.655 3.17782 -13 299 1 0 1
-2.85782 31.4877 66.0114 6.16052 22.5842 44.9414 1.56862 -13 300 1 0 1
0.72682 1.8172 66.0114 8.18496 -0.0832157 63.1457 -0.403576 -13 301 1 0 1
-0.303848 3.96283 66.0114 6.54984 6.80212 62.7949 0.604879 -13 302 1 0 1
4.92834 -0.761245 66.0114 12.535 1.82605 61.9378 0.375506 -13 303 1 0 1
5.43991 4.72389 66.0114 12.5695 7.70822 65.2218 0.890409 -13 304 1 0 1
-3.60775 10.6143 66.0114 5.59861 9.50866 46.5581 1.64259 -13 305 1 0 1
3.83748 -3.6403 66.0114 10.9724 -6.18703 66.4118 -0.688928 -13 306 1 0 1
6.77666 -12.2661 66.0114 13.5887 -18.6868 66.5203 -0.943037 -13 307 1 0 1
4.92072 -10.2229 66.0114 11.0406 -13.0918 72.4497 0.422133 -13 308 1 0 1
5.05725 5.70502 66.0114 12.2627 6.90522 65.9344 -0.506253 -13 309 1 0 1
14.3596 -2.06342 66.0114 22.4823 -2.3647 69.1582 -0.0522997 -13 310 1 0 1
15.2143 -2.88551 66.0114 17.7739 1.35692 33.6947 -1.10941 -13 311 1 0 1
0.409905 1.20459 66.0114 5.83841 2.69124 71.9637 0.171948 -13 312 1 0 1
1.50975 9.09935 66.0114 6.99437 10.9541 72.2218 1.26825 -13 313 1 0 1
12.5658 2.50915 66.0114 20.2614 3.28754 66.9135 -0.250223 -13 314 1 0 1
14.6696 -2.16895 66.0114 23.1012 0.204357 58.6422 -1.09473 -13 315 1 0 1
9.92558 -20.0281 66.0114 17.0065 -18.2639 48.6395 -0.822678 -13 316 1 0 1
3.56679 -10.3274 66.0114 10.7919 -12.463 62.6674 1.10819 -13 317 1 0 1
6.09144 -2.83266 66.0114 13.2807 -1.91295 68.1525 -1.08121 -13 318 1 0 1
6.31517 5.93218 66.0114 12.8336 10.7026 69.0927 2.34518 -13 319 1 0 1
15.0482 0.801091 66.0114 23.98 1.09221 68.805 0.922392 -13 320 1 0 1
13.5237 0.592032 66.0114 20.7225 -0.163258 53.3683 -1.28326 -13 321 1 0 1
3.54933 2.08742 66.0114 5.55025 4.11972 79.919 2.16292 -13 322 1 0 1
14.3212 -8.78669 66.0114 22.7314 -7.26784 72.4712 0.541279 -13 323 1 0 1
8.54242 5.84125 66.0114 16.5602 6.92998 64.2273 -0.343253 -13 324 1 0 1
8.05637 -0.935524 66.0114 15.3416 -2.04496 71.6016 0.300651 -13 325 1 0 1
-6.89159 8.97462 66.0114 -0.754075 8.82556 61.7247 0.294281 -13 326 1 0 1
0.150928 -20.0687 66.0114 8.2813 -19.2869 49.6473 0.579995 -13 327 1 0 1
-1.22189 -0.68393 66.0114 6.18218 -5.60019 59.642 -1.17838 -13 328 1 0 1
3.66467 7.49519 66.0114 10.4275 10.4902 68.0233 1.41029 -13 329 1 0 1
12.1941 -3.15686 66.0114 19.9805 -1.91197 74.3538 -0.537108 -13 330 1 0 1
0.929835 8.06429 66.0114 6.17221 5.88381 72.359 -1.26599 -13 331 1 0 1
4.4075 1.25858 66.0114 10.6065 1.91828 30.2788 -0.731664 -13 332 1 0 1
13.6567 4.46196 66.0114 19.7827 4.72911 45.7466 4.43935 -13 333 1 0 1
-0.122277 -4.54617 66.0114 6.90401 -4.75099 66.3545 0.641689 -13 334 1 0 1
7.56162 -5.73989 66.0114 15.4426 -7.16234 64.1511 0.652614 -13 335 1 0 1
7.0485 -8.59915 66.0114 13.6454 -9.82443 68.2781 -0.356877 -13 336 1 0 1
38.3092 -12.2009 66.0114 43.2933 -12.8694 35.644 -2.05396 -13 337 1 0 1
17.0626 -2.95861 66.0114 23.6901 -5.58372 50.2093 1.23494 -13 338 1 0 1
6.86381 -8.8504 66.0114 14.1622 -7.15337 49.2989 0.714704 -13 339 1 0 1
5.67023 4.33375 66.0114 12.9237 6.52623 68.4905 0.505474 -13 340 1 0 1
11.2821 0.990691 66.0114 19.1994 -1.65031 75.7207 0.243936 -13 341 1 0 1
4.12067 4.49821 66.0114 9.81187 7.43918 73.2839 0.906659 -13 342 1 0 1
7.19886 -3.91939 66.0114 15.0082 -7.12104 60.9376 -0.0532533 -13 343 1 0 1
17.6109 -0.0736857 66.0114 23.1025 2.40394 45.2789 0.0466402 -13 344 1 0 1
4.17453 0.426431 66.0114 11.2445 2.12792 68.4217 -0.553875 -13 345 1 0 1
-6.29098 0.441517 66.0114 -0.809916 0.330764 66.5806 0.877703 -13 346 1 0 1
2.82932 1.42987 66.0114 9.72477 1.9038 68.4721 -0.546492 -13 347 1 0 1
8.92936 2.13425 66.0114 16.8704 5.22184 51.42 -0.171822 -13 348 1 0 1
17.7969 -1.76743 66.0114 24.6359 -2.86533 52.2132 1.17728 -13 349 1 0 1
9.79563 -5.41541 66.0114 17.8015 -5.63454 63.2197 1.07668 -13 350 1 0 1
3.04866 6.01987 66.0114 9.25481 6.20704 70.0788 -1.26108 -13 352 1 0 1
5.16797 5.47271 66.0114 12.7943 5.3514 65.569 0.0603148 -13 353 1 0 1
6.88016 8.86603 66.0114 14.3148 6.59467 53.0559 0.721051 -13 354 1 0 1
2.14217 3.19089 66.0114 6.94497 4.87047 74.1776 -0.197279 -13 355 1 0 1
15.4599 7.73002 66.0114 23.2279 10.0669 55.4018 0.59683 -13 356 1 0 1
9.34133 0.243802 66.0114 15.3393 1.23957 41.0914 0.387039 -13 357 1 0 1
18.946 5.76203 66.0114 24.5237 7.04657 46.9337 0.945171 -13 358 1 0 1
12.1864 0.016708 66.0114 20.6423 2.95499 59.5506 0.758628 -13 359 1 0 1
1.16425 -3.92738 66.0114 6.06394 -4.93144 75.5303 -0.338138 -13 360 1 0 1
9.83817 0.465721 66.0114 16.583 2.6578 75.9177 0.14358 -13 361 1 0 1
1.86231 1.90911 66.0114 8.89399 0.11761 66.015 -2.49716 -13 362 1 0 1
4.34399 1.93191 66.0114 9.95251 4.47274 75.0607 -0.0361181 -13 363 1 0 1
7.57047 -6.4338 66.0114 14.6254 -6.27974 63.7032 0.536379 -13 364 1 0 1
8.43426 5.75074 66.0114 15.873 6.48583 47.7142 -1.5625 -13 365 1 0 1
20.1212 -1.50625 66.0114 24.1419 -1.53493 40.4602 2.61104 -13 366 1 0 1
21.3269 -0.754752 66.0114 23.7593 -2.28477 36.2232 1.707 -13 367 1 0 1
5.10462 5.00123 66.0114 12.7991 7.05698 64.1408 0.841948 -13 368 1 0 1
4.58929 -1.0815 66.0114 12.3971 0.727022 59.4012 -0.790617 -13 369 1 0 1
-3.47509 1.55661 66.0114 0.399227 1.34107 73.1829 1.13496 -13 370 1 0 1
2.65567 -1.44031 66.0114 9.98124 -0.531661 66.4355 2.67639 -13 371 1 0 1
7.59316 -7.59229 66.0114 15.7218 -10.363 52.3172 1.13952 -13 372 1 0 1
-1.78414 -5.16843 66.0114 4.70392 -6.89875 63.6415 0.993348 -13 373 1 0 1
0.469637 -0.849532 66.0114 4.50697 0.17859 76.9122 0.899215 -13 374 1 0 1
-5.22862 5.36934 66.0114 -4.21367 9.19906 78.9185 -1.1298 -13 375 1 0 1
-0.253178 -9.46319 66.0114 5.41447 -11.656 69.2857 0.756847 -13 376 1 0 1
16.9855 -4.32329 66.0114 26.1323 -7.74064 74.562 1.46519 -13 377 1 0 1
13.3693 1.3599 66.0114 19.5598 -1.53775 46.1946 2.53358 -13 378 1 0 1
10.4658 -14.7711 66.0114 18.0252 -19.4662 64.4654 0.941468 -13 379 1 0 1
5.18538 -19.3479 66.0114 12.9032 -16.4277 41.9734 -0.351548 -13 380 1 0 1
12.6449 -0.444444 66.0114 20.6443 2.32371 57.1531 1.47417 -13 381 1 0 1
13.3371 -7.444 66.0114 21.7541 -9.55757 69.6102 -0.0472868 -13 382 1 0 1
-8.87835 5.40739 66.0114 -0.209412 4.27675 51.2682 1.66754 -13 383 1 0 1
18.1919 2.49876 66.0114 26.0596 0.652323 53.7369 -1.01605 -13 384 1 0 1
3.72736 -0.727573 66.0114 10.9114 -3.37231 67.0425 2.06796 -13 385 1 0 1
5.81127 3.63354 66.0114 13.0824 3.67369 69.0132 2.22038 -13 386 1 0 1
1.23527 -0.662536 66.0114 6.68215 -2.20272 71.9049 0.407814 -13 387 1 0 1
7.47436 1.02608 66.0114 15.1424 1.60998 50.7011 -0.419503 -13 388 1 0 1
20.793 -2.32284 66.0114 29.2333 -1.21996 57.031 1.36124 -13 389 1 0 1
1.15828 5.6762 66.0114 8.80735 5.58396 62.4565 1.05632 -13 390 1 0 1
23.4851 1.11488 66.0114 28.5011 0.340331 45.4551 0.129403 -13 391 1 0 1
0.452881 1.34777 66.0114 8.57437 -1.42316 54.5762 0.538001 -13 392 1 0 1
7.29758 10.607 66.0114 14.7654 10.2233 60.2786 -0.494601 -13 394 1 0 1
3.63624 9.47543 66.0114 9.33113 15.1532 73.9992 -1.37293 -13 395 1 0 1
19.7785 4.33808 66.0114 27.9877 2.4303 58.4205 0.171032 -13 396 1 0 1
10.8295 -5.75167 66.0114 18.5243 -4.81707 57.6923 1.5866 -13 397 1 0 1
8.33486 -1.2514 66.0114 15.9883 -2.43112 65.4114 1.16411 -13 398 1 0 1
6.68402 -9.44598 66.0114 13.3168 -10.1748 70.1928 2.33585 -13 399 1 0 1
10.3232 0.697664 66.0114 18.5339 5.2989 62.7872 0.281041 -13 400 1 0 1
14.15 0.280826 66.0114 22.6207 1.05857 68.635 0.0702011 -13 401 1 0 1
5.65055 -5.99854 66.0114 13.8523 -7.19998 57.289 0.0264797 -13 402 1 0 1
5.76192 -17.6387 66.0114 12.9233 -24.2709 67.3064 0.530542 -13 403 1 0 1
9.75672 -4.73621 66.0114 17.8393 -7.89515 64.4736 1.51761 -13 404 1 0 1
7.37075 -4.49783 66.0114 13.6495 -3.18454 35.0324 -2.08721 -13 405 1 0 1
6.24646 -6.05951 66.0114 13.6739 -9.17913 59.1379 -0.260197 -13 406 1 0 1
10.1253 -4.63234 66.0114 18.6219 -3.86054 65.5761 1.58406 -13 407 1 0 1
20.2391 7.39729 66.0114 27.3521 7.70753 52.1574 2.15018 -13 408 1 0 1
8.91188 8.96011 66.0114 16.8663 9.32573 60.8184 0.639232 -13 409 1 0 1
2.21668 -4.78473 66.0114 7.09803 -6.39897 76.1614 -2.29262 -13 410 1 0 1
5.12976 10.0945 66.0114 12.7946 4.99045 42.2774 0.93908 -13 411 1 0 1
1.85083 -12.6896 66.0114 8.32558 -15.155 65.4541 1.56804 -13 412 1 0 1
1.61298 5.25963 66.0114 5.48708 5.80197 78.8689 0.364593 -13 413 1 0 1
-3.76988 -5.38877 66.0114 4.03931 -4.93503 58.9586 1.31303 -13 414 1 0 1
15.1173 5.68465 66.0114 22.4318 6.44051 53.7526 0.681698 -13 415 1 0 1
29.8445 3.47986 66.0114 21.3492 2.27136 20.7384 5.53805 -13 416 1 0 1
18.2464 -18.4995 66.0114 21.5253 -11.9326 37.9189 0.292189 -13 417 1 0 1
4.93211 0.575985 66.0114 11.7653 -1.20715 69.1291 1.76657 -13 418 1 0 1
15.9407 -1.23086 66.0114 24.3545 -1.07159 60.207 0.827915 -13 419 1 0 1
12.129 1.23944 66.0114 9.3426 0.595062 8.33181 2.85827 -13 420 1 0 1
6.36018 -6.5203 66.0114 13.0347 -10.6993 72.5795 -0.151368 -13 421 1 0 1
11.8551 18.1608 66.0114 19.7283 21.0177 61.6122 0.711737 -13 422 1 0 1
-5.13515 -12.7298 66.0114 3.96914 -8.14257 47.1231 0.141826 -13 423 1 0 1
19.5282 3.38413 66.0114 24.8684 0.134222 43.5462 1.00864 -13 424 1 0 1
5.37933 2.22483 66.0114 13.3218 3.60019 63.0801 0.245827 -13 425 1 0 1
5.07937 1.17603 66.0114 10.606 4.11245 73.9526 -1.13866 -13 426 1 0 1
14.29 -8.1293 66.0114 22.1377 -6.83731 59.9791 -0.213468 -13 427 1 0 1
3.71632 9.44977 66.0114 10.6875 13.5413 64.6678 0.68731 -13 428 1 0 1
19.4727 -7.51284 66.0114 26.8794 -8.41861 52.1856 0.231654 -13 429 1 0 1
-3.35905 10.4235 66.0114 0.754159 13.7724 71.069 -1.41625 -13 430 1 0 1
8.9646 -4.18385 66.0114 15.6263 -6.1088 74.1257 2.17532 -13 431 1 0 1
10.031 3.91852 66.0114 18.0436 6.50002 65.9155 2.24234 -13 432 1 0 1
6.93029 -6.98337 66.0114 13.8216 -11.8345 68.9703 1.66785 -13 433 1 0 1
12.6133 7.10774 66.0114 20.5411 10.2942 56.3554 0.438296 -13 434 1 0 1
25.2403 3.67546 66.0114 31.4303 2.64405 52.1453 1.39925 -13 435 1 0 1
7.98388 -0.383177 66.0114 15.4675 0.201125 66.0164 -2.02247 -13 437 1 0 1
4.71397 -2.29402 66.0114 13.1978 -2.08499 54.2019 2.2733 -13 438 1 0 1
8.36353 -11.9557 66.0114 15.9288 -11.8274 61.3142 -0.824575 -13 439 1 0 1
12.1396 5.82971 66.0114 19.9948 7.03177 58.5334 0.524817 -13 440 1 0 1
1.24405 0.391063 66.0114 6.70558 0.195539 72.0074 1.6376 -13 441 1 0 1
0.671035 -3.5776 66.0114 7.48848 -1.12023 65.916 0.147642 -13 442 1 0 1
8.95848 -0.586894 66.0114 16.9069 2.30297 55.6357 1.35048 -13 443 1 0 1
17.6713 -0.27061 66.0114 26.5287 0.719801 65.7955 1.26481 -13 444 1 0 1
13.7561 0.461815 66.0114 22.1837 -2.64546 66.4872 0.350992 -13 445 1 0 1
2.90364 -8.97144 66.0114 9.52665 -8.267 69.039 -1.27883 -13 446 1 0 1
14.0029 0.322773 66.0114 21.4812 0.764316 53.8721 -0.124996 -13 447 1 0 1
4.75014 1.58996 66.0114 11.6488 3.67416 70.0162 -1.72973 -13 448 1 0 1
4.98311 0.588552 66.0114 12.5405 -0.481275 52.0631 0.13047 -13 449 1 0 1
10.675 3.03958 66.0114 17.2816 1.74341 79.3378 0.336637 -13 451 1 0 1
5.95449 -8.3693 66.0114 13.7387 -10.7756 65.4639 1.37775 -13 452 1 0 1
10.1432 -2.10325 66.0114 18.6606 -1.55643 57.6767 -0.0333657 -13 453 1 0 1
1.19312 3.24058 66.0114 10.0394 2.47195 50.0931 1.68039 -13 454 1 0 1
16.5059 -0.387975 66.0114 23.8499 -2.02419 51.5593 0.514701 -13 455 1 0 1
12.5571 7.55011 66.0114 20.5537 9.40795 61.744 -0.343369 -13 456 1 0 1
16.6772 -0.508328 66.0114 24.5375 1.53886 52.6907 1.11841 -13 457 1 0 1
15.4946 -18.0587 66.0114 21.8525 -16.0751 50.2386 -0.76775 -13 458 1 0 1
14.6858 7.05988 66.0114 23.7406 6.61109 71.2912 1.9519 -13 459 1 0 1
4.52667 1.91659 66.0114 11.4767 3.69179 65.0067 0.124512 -13 460 1 0 1
0.0271679 5.55577 66.0114 6.79644 8.16528 66.2132 0.630462 -13 461 1 0 1
9.6724 -4.15747 66.0114 17.8902 -4.41831 63.1341 -0.000456901 -13 462 1 0 1
8.9477 -0.80625 66.0114 16.6468 -0.585342 67.4897 1.75453 -13 463 1 0 1
13.9873 14.6569 66.0114 21.6482 15.9177 57.4364 0.159554 -13 464 1 0 1
-0.974824 12.432 66.0114 7.42232 8.77598 39.1982 -0.432227 -13 465 1 0 1
15.0555 6.79272 66.0114 22.3549 7.54358 53.9008 0.653465 -13 466 1 0 1
15.4188 8.58951 66.0114 19.3245 6.79786 36.0319 0.280512 -13 467 1 0 1
7.52918 -1.93612 66.0114 15.6561 -4.72057 54.4995 -0.516489 -13 468 1 0 1
5.6039 13.8969 66.0114 13.219 12.2623 49.4043 0.798132 -13 469 1 0 1
11.2105 -7.39767 66.0114 19.1478 -6.93198 62.9512 -0.166307 -13 470 1 0 1
9.8821 7.14408 66.0114 17.0249 5.68359 47.6634 1.54801 -13 471 1 0 1
17.3185 -12.0219 66.0114 21.2986 -8.79317 38.9507 1.5992 -13 472 1 0 1
9.16176 -1.6582 66.0114 17.3671 -2.05049 53.3704 -0.28649 -13 473 1 0 1
16.2924 -4.81398 66.0114 24.7611 -5.10091 57.7084 -0.303261 -13 474 1 0 1
6.88258 9.00378 66.0114 14.1143 12.8961 70.6538 1.85774 -13 475 1 0 1
-1.43759 9.65951 66.0114 5.53133 11.5508 62.065 0.301967 -13 476 1 0 1
8.76639 12.7623 66.0114 17.1878 12.9589 64.9428 -0.985365 -13 477 1 0 1
4.38886 -4.94836 66.0114 11.4801 -4.65132 61.316 -1.47648 -13 478 1 0 1
11.2397 0.0303451 66.0114 17.5004 -1.12681 46.2827 -0.254139 -13 479 1 0 1
15.6566 4.82038 66.0114 22.569 5.63979 50.9697 0.659591 -13 480 1 0 1
16.1234 -4.36407 66.0114 18.7533 -2.70589 31.7649 1.06401 -13 481 1 0 1
2.89234 -5.29988 66.0114 10.805 -6.0118 42.0705 0.799132 -13 482 1 0 1
-2.26227 9.02128 66.0114 2.99312 10.1095 69.5228 1.08837 -13 483 1 0 1
0.982594 1.592 66.0114 7.0955 0.737736 67.9618 -0.964387 -13 484 1 0 1
-1.65613 -10.1602 66.0114 6.01548 -12.0651 58.1959 2.18253 -13 485 1 0 1
8.63456 -11.1179 66.0114 16.2376 -13.4877 56.1344 3.08565 -13 486 1 0 1
14.7791 4.21936 66.0114 23.1847 3.3566 66.0279 0.449781 -13 487 1 0 1
-6.39308 -2.97995 66.0114 0.267969 -3.43348 62.3333 -0.570621 -13 488 1 0 1
9.92601 5.05893 66.0114 15.8689 7.21664 40.7546 1.7526 -13 489 1 0 1
4.26706 -10.1534 66.0114 11.7868 -13.428 61.756 -1.48783 -13 490 1 0 1
9.53475 0.749849 66.0114 17.3099 -1.98925 68.8022 1.17076 -13 491 1 0 1
8.00322 3.45459 66.0114 15.7776 6.08712 59.6102 1.51248 -13 492 1 0 1
4.83099 -2.10872 66.0114 13.2614 -2.63142 58.9951 1.3558 -13 493 1 0 1
12.5079 -2.80676 66.0114 16.8977 -3.29246 35.5567 0.547439 -13 494 1 0 1
12.3425 10.6834 66.0114 17.8137 4.88982 38.3368 -2.26367 -13 495 1 0 1
13.3596 -10.4391 66.0114 18.6178 -7.89458 41.1743 0.692276 -13 496 1 0 1
9.29051 -0.0619598 66.0114 17.0726 0.332782 62.6702 0.596935 -13 497 1 0 1
3.85559 4.60367 66.0114 10.6247 6.1346 68.6629 -0.112957 -13 498 1 0 1
8.19383 4.64855 66.0114 15.5772 2.58033 50.6509 -0.467364 -13 499 1 0 1
26.2204 -1.11235 66.0114 30.1007 -2.72212 44.2091 -0.738466 -13 500 1 0 1
10.1631 4.56894 66.0114 16.8856 4.70473 77.9395 0.00251603 -13 501 1 0 1
-4.45539 8.77895 66.0114 0.855361 8.41786 67.3218 -0.851524 -13 502 1 0 1
1.95996 -9.81155 66.0114 8.37283 -8.95005 69.325 -1.31341 -13 503 1 0 1
8.56195 3.48528 66.0114 16.0844 5.23088 64.9157 0.612874 -13 504 1 0 1
22.5002 -0.0117327 66.0114 29.2325 -0.0830076 50.5498 -0.769152 -13 505 1 0 1
0.64035 -1.48682 66.0114 3.54598 -3.47361 79.549 1.56112 -13 506 1 0 1
17.4051 13.358 66.0114 22.4641 11.6824 45.0559 0.840604 -13 507 1 0 1
15.3918 -7.16761 66.0114 24.0364 -6.36959 59.5288 1.30117 -13 508 1 0 1
14.0533 -7.12096 66.0114 22.4957 -8.44287 69.9279 0.319748 -13 509 1 0 1
-0.279343 7.08632 66.0114 7.30117 7.23319 61.1733 1.47354 -13 510 1 0 1
-5.13021 -1.38358 66.0114 -1.17659 -0.147337 72.7081 2.34953 -13 511 1 0 1
2.32994 -3.91161 66.0114 9.80769 -3.66694 58.5516 -0.0824621 -13 512 1 0 1
11.9126 2.11525 66.0114 18.7983 3.27287 49.0661 1.47644 -13 513 1 0 1
3.1556 2.20928 66.0114 10.6346 2.45936 55.0869 -3.14861 -13 514 1 0 1
-2.33788 -0.664525 66.0114 3.25955 -0.257548 66.8818 -1.14712 -13 515 1 0 1
4.67905 2.61872 66.0114 12.2518 5.41284 56.0859 -1.61839 -13 516 1 0 1
6.56342 -2.72779 66.0114 13.4978 -5.62659 71.2763 -0.836268 -13 517 1 0 1
7.0373 0.826992 66.0114 15.0903 1.97116 63.8761 1.11525 -13 518 1 0 1
-0.547946 1.73932 66.0114 1.95668 1.31245 79.1939 0.19505 -13 519 1 0 1
7.741 -4.62042 66.0114 16.0504 -7.06266 59.1694 2.83331 -13 520 1 0 1
3.22809 -9.09859 66.0114 9.87852 -10.1328 69.4775 -1.18893 -13 521 1 0 1
7.6427 3.99387 66.0114 13.0231 5.15411 79.5089 1.17753 -13 522 1 0 1
-0.464169 5.08218 66.0114 5.17538 4.64352 70.3426 1.14734 -13 523 1 0 1
6.12764 -6.02387 66.0114 14.1622 -2.48411 60.2306 1.02885 -13 524 1 0 1
10.1608 12.246 66.0114 15.8675 8.17376 38.21 1.06582 -13 525 1 0 1
-0.31292 -2.58522 66.0114 4.34914 -0.437641 72.7127 0.31612 -13 526 1 0 1
3.15071 9.94889 66.0114 10.6324 10.769 59.1961 1.33057 -13 527 1 0 1
3.93094 3.1903 66.0114 12.2039 2.79261 54.4875 3.00053 -13 528 1 0 1
16.3025 -9.20164 66.0114 25.0072 -14.3471 66.7206 1.08417 -13 529 1 0 1
8.12193 3.44924 66.0114 16.1498 3.94097 65.816 -0.321528 -13 530 1 0 1
6.34243 3.46402 66.0114 14.6116 4.40665 57.4706 1.29844 -13 531 1 0 1
-2.50349 7.31918 66.0114 5.91317 8.72643 53.9455 1.97123 -13 532 1 0 1
6.15302 -17.5818 66.0114 11.5068 -10.05 31.4427 3.74878 -13 533 1 0 1
18.7547 -5.35347 66.0114 27.9733 -5.45415 64.9428 1.26037 -13 534 1 0 1
10.1295 10.0661 66.0114 17.6269 16.1951 66.5774 -2.54445 -13 535 1 0 1
13.2445 0.0224672 66.0114 20.4436 1.94301 52.328 -0.588988 -13 536 1 0 1
14.1375 8.3776 66.0114 22.9032 7.97978 58.8153 0.410865 -13 538 1 0 1
-28.1681 12.2218 66.0114 -26.0915 11.3774 65.4788 1.33924 -13 539 1 0 1
17.5835 -3.83608 66.0114 26.7695 -4.1969 73.1041 1.65187 -13 540 1 0 1
5.47052 6.73585 66.0114 11.9608 10.0869 70.0886 1.22305 -13 541 1 0 1
10.038 3.37385 66.0114 18.0311 5.29009 65.7889 0.29418 -13 542 1 0 1
13.9414 -3.51845 66.0114 22.7885 -6.37534 63.5947 -0.23008 -13 543 1 0 1
10.8588 -1.01328 66.0114 19.1197 -1.7535 61.5434 0.717666 -13 544 1 0 1
3.21277 -19.4365 66.0114 9.30451 -25.162 67.9817 1.42833 -13 545 1 0 1
13.4527 -16.8625 66.0114 18.2698 -12.2379 40.5593 0.870677 -13 546 1 0 1
7.2911 12.2747 66.0114 14.6532 12.2363 50.8324 -0.37705 -13 547 1 0 1
9.22433 4.71537 66.0114 16.8627 7.61507 59.7722 2.56157 -13 548 1 0 1
17.5606 3.36581 66.0114 24.8884 5.59749 52.0482 2.89235 -13 549 1 0 1
-5.99806 10.408 66.0114 -1.47518 13.9179 68.5892 -2.21759 -13 550 1 0 1
14.2136 -8.77561 66.0114 17.1736 -3.26211 32.9477 1.67167 -13 551 1 0 1
-1.59816 -5.57235 66.0114 5.92727 -7.01806 60.0889 0.523398 -13 553 1 0 1
-2.37619 -1.29931 66.0114 3.55318 -2.7096 66.1613 -0.730511 -13 554 1 0 1
14.7125 6.7819 66.0114 22.833 8.73877 70.7321 1.51319 -13 555 1 0 1
3.50594 7.98277 66.0114 11.0075 7.5822 56.2891 0.799368 -13 556 1 0 1
11.8005 -0.68802 66.0114 19.8697 -1.57277 59.0256 2.72857 -13 557 1 0 1
2.36392 -3.33975 66.0114 9.64296 -5.1338 62.106 -2.31833 -13 558 1 0 1
-0.314328 5.89427 66.0114 8.15554 5.40283 47.6436 -1.08465 -13 560 1 0 1
-3.23665 4.38162 66.0114 1.47161 3.60007 70.0256 1.37086 -13 562 1 0 1
12.24 -1.60159 66.0114 20.2119 -3.86602 68.3029 -0.0650279 -13 564 1 0 1
7.84922 9.08401 66.0114 16.0597 10.5102 54.8449 1.57422 -13 565 1 0 1
0.269277 -1.06604 66.0114 4.73626 -2.23677 74.1199 0.999736 -13 566 1 0 1
0.789211 -2.8126 66.0114 9.0358 -1.78383 53.0018 0.514601 -13 567 1 0 1
1.03819 2.73058 66.0114 6.82106 4.51534 71.8263 0.4407 -13 568 1 0 1
7.16092 -5.3896 66.0114 14.7222 -6.36923 60.5564 2.08437 -13 569 1 0 1
6.62929 -8.73444 66.0114 14.4546 -6.83873 51.0705 -2.08551 -13 570 1 0 1
10.9799 10.219 66.0114 13.5958 6.18081 26.1003 0.35403 -13 571 1 0 1
8.33157 -4.56678 66.0114 15.3704 -8.0753 74.1632 0.113397 -13 572 1 0 1
0.829271 1.00476 66.0114 7.13154 -1.72688 69.3544 2.20892 -13 573 1 0 1
1.75879 17.6358 66.0114 9.05891 20.1667 57.6844 -0.661401 -13 574 1 0 1
5.91211 -2.42524 66.0114 12.8485 -3.04031 68.8393 0.450514 -13 575 1 0 1
5.11717 3.33035 66.0114 12.3017 0.528641 68.0803 -0.625095 -13 576 1 0 1
9.15242 -5.11019 66.0114 16.8355 -2.43799 64.0698 -1.69495 -13 577 1 0 1
2.39373 10.34 66.0114 8.03291 13.7924 72.218 2.20389 -13 578 1 0 1
15.6024 -11.5275 66.0114 24.0289 -12.4893 57.8393 0.0517556 -13 579 1 0 1
-2.41113 6.79037 66.0114 3.16431 10.3504 67.3579 1.74764 -13 580 1 0 1
14.9143 2.74103 66.0114 23.1677 1.47172 58.8013 0.367355 -13 581 1 0 1
21.7902 -0.190962 66.0114 25.8156 1.36625 42.8687 0.356591 -13 582 1 0 1
7.317 -1.82899 66.0114 14.453 -3.41527 69.9688 -0.17568 -13 583 1 0 1
13.0495 6.749 66.0114 20.8948 5.23239 61.6062 -0.471217 -13 584 1 0 1
6.97477 -11.8924 66.0114 14.0558 -15.1946 62.8785 -1.76559 -13 585 1 0 1
10.1664 -5.83562 66.0114 17.9263 -8.71094 70.1455 2.44806 -13 586 1 0 1
0.485549 11.5754 66.0114 5.07788 17.4917 72.9706 0.626544 -13 587 1 0 1
11.4984 -2.14304 66.0114 19.7482 -0.53892 64.4904 -1.84371 -13 588 1 0 1
5.14484 1.65877 66.0114 11.9 1.03567 70.115 -0.979282 -13 589 1 0 1
-1.11854 -7.58407 66.0114 3.21803 -12.5228 74.6503 -0.605266 -13 590 1 0 1
0.721751 -0.469357 66.0114 4.33261 1.34501 78.5049 2.83565 -13 591 1 0 1
4.17257 -0.767553 66.0114 11.1563 -2.04887 70.9741 -2.34748 -13 592 1 0 1
7.79163 3.02822 66.0114 15.9895 0.249778 62.6621 2.22809 -13 593 1 0 1
-1.16476 0.554988 66.0114 4.94266 -0.901796 64.3028 0.523505 -13 594 1 0 1
9.89712 -2.65826 66.0114 17.8057 -1.07095 62.504 0.872109 -13 595 1 0 1
-3.82596 -1.47261 66.0114 -3.25097 -2.48667 79.7382 0.181285 -13 597 1 0 1
7.7151 -7.28775 66.0114 12.8873 -11.2553 79.7027 -1.45888 -13 598 1 0 1
1.69624 -0.138111 66.0114 10.0203 -0.127351 47.9025 -1.22404 -13 599 1 0 1
7.45919 -7.98806 66.0114 14.9287 -7.118 48.5972 0.904057 -13 600 1 0 1
11.6316 -0.46531 66.0114 19.0806 -0.728114 56.9741 1.49922 -13 601 1 0 1
8.47815 -4.72983 66.0114 16.6951 -5.01952 62.9645 0.932362 -13 602 1 0 1
-6.59222 -3.00045 66.0114 -2.0733 -3.2567 69.0706 -0.977554 -13 603 1 0 1
8.00704 -6.70373 66.0114 15.3902 -6.59889 44.3878 0.535271 -13 604 1 0 1
4.39948 -14.9329 66.0114 12.0132 -14.4354 58.4978 0.375971 -13 605 1 0 1
14.0186 -1.28927 66.0114 22.0457 -1.53685 64.0145 2.92507 -13 606 1 0 1
14.9178 9.84089 66.0114 22.9576 15.832 72.7911 -0.467056 -13 607 1 0 1
-3.99978 1.16557 66.0114 -0.402335 5.35033 73.8204 0.439082 -13 609 1 0 1
2.61393 1.58711 66.0114 9.31724 6.24086 67.6524 -1.37279 -13 610 1 0 1
4.05624 -0.461494 66.0114 12.0055 -2.34624 54.1089 1.25527 -13 611 1 0 1
20.4762 2.13377 66.0114 26.8374 3.85875 51.1157 -1.8788 -13 612 1 0 1
20.8076 -8.14955 66.0114 22.0809 -5.10216 34.4378 1.81374 -13 613 1 0 1
9.57919 -3.24093 66.0114 17.9781 -5.80698 63.2408 0.0136416 -13 614 1 0 1
-0.69082 -2.98964 66.0114 4.39504 -7.09525 73.85 1.11143 -13 615 1 0 1
11.6998 5.36552 66.0114 19.437 8.91927 76.1892 0.0780117 -13 616 1 0 1
11.5163 -6.16571 66.0114 19.5773 -5.64623 61.7112 -0.36751 -13 617 1 0 1
4.84745 19.5701 66.0114 12.129 20.8065 56.1586 -0.677123 -13 618 1 0 1
20.3437 15.4389 66.0114 24.857 14.0206 43.8605 1.1284 -13 619 1 0 1
4.54684 3.41489 66.0114 9.48731 4.31791 77.6655 -1.91801 -13 620 1 0 1
9.03742 -6.52629 66.0114 16.9794 -4.03839 58.2428 1.02266 -13 621 1 0 1
17.9144 -23.8626 66.0114 24.7309 -20.6496 52.0647 0.733487 -13 622 1 0 1
5.86457 -0.633127 66.0114 14.0159 2.08327 59.0973 0.0455658 -13 623 1 0 1
12.3704 2.77384 66.0114 21.1804 1.67415 62.6926 0.0338229 -13 624 1 0 1
2.08025 10.8609 66.0114 9.78276 8.5876 56.815 -0.492205 -13 625 1 0 1
7.92176 -0.984499 66.0114 14.895 -2.99552 69.7441 2.76717 -13 626 1 0 1
1.70705 6.26182 66.0114 6.07587 12.6578 76.3389 0.878118 -13 627 1 0 1
12.9283 4.79357 66.0114 21.8534 7.00863 69.8985 0.459489 -13 628 1 0 1
4.61301 11.1529 66.0114 12.5088 14.1487 64.4112 0.523642 -13 629 1 0 1
0.384123 0.533145 66.0114 7.28363 2.15508 64.4522 0.990854 -13 630 1 0 1
7.26227 -1.07123 66.0114 15.7694 -0.665798 57.8485 -0.303439 -13 631 1 0 1
5.97522 -6.06421 66.0114 13.2413 -6.62039 66.512 -1.18353 -13 632 1 0 1
31.4901 7.41286 66.0114 36.1333 5.90843 46.1325 -0.40384 -13 633 1 0 1
-4.51713 18.8556 66.0114 2.42466 20.0684 59.2133 0.23497 -13 634 1 0 1
20.8611 2.55407 66.0114 26.4422 3.19174 46.6788 0.59611 -13 635 1 0 1
-0.80166 5.73184 66.0114 3.82297 10.1589 73.1633 -1.79492 -13 636 1 0 1
14.0831 1.17354 66.0114 22.3892 0.253688 69.5679 0.411447 -13 637 1 0 1
11.7719 -9.49904 66.0114 15.206 -5.2868 30.4344 0.568513 -13 638 1 0 1
11.1257 -9.42709 66.0114 18.9933 -10.682 63.5458 -1.62464 -13 639 1 0 1
16.0527 6.25642 66.0114 19.0651 4.1369 35.9616 -1.68285 -13 640 1 0 1
14.3777 -11.1677 66.0114 22.1551 -12.7679 58.4091 -0.964682 -13 641 1 0 1
8.71945 -9.5259 66.0114 16.7972 -8.18357 55.9116 0.323393 -13 642 1 0 1
3.81819 -9.03537 66.0114 10.0936 -11.5768 70.4685 -0.0643642 -13 643 1 0 1
1.59078 -9.73143 66.0114 9.29536 -9.71367 50.4053 2.62849 -13 644 1 0 1
11.681 -9.65076 66.0114 19.3414 -8.89346 54.161 1.36915 -13 645 1 0 1
0.955134 1.9279 66.0114 5.76363 2.06236 73.2156 1.65568 -13 646 1 0 1
-5.4816 -1.03557 66.0114 -4.68228 0.0771355 78.8366 -1.20142 -13 647 1 0 1
11.2019 -0.994253 66.0114 19.7233 -0.399941 65.9153 0.202665 -13 649 1 0 1
5.21374 -5.34765 66.0114 11.2499 -5.24044 73.2437 1.25408 -13 650 1 0 1
9.0641 2.75973 66.0114 16.6523 2.83833 66.6166 0.800374 -13 651 1 0 1
3.99102 -5.43694 66.0114 10.8765 -7.1496 65.3557 1.30836 -13 652 1 0 1
7.3061 -5.61666 66.0114 14.5178 -5.17589 67.2474 0.9266 -13 653 1 0 1
14.6324 -2.59485 66.0114 19.8181 -1.61929 37.7979 0.0201133 -13 654 1 0 1
7.35923 -11.7677 66.0114 13.1558 -8.76143 34.8416 0.630118 -13 655 1 0 1
-2.03841 10.3279 66.0114 3.91814 14.0406 64.9972 0.193333 -13 656 1 0 1
13.1123 -4.23769 66.0114 21.2109 -2.04846 58.5849 0.927322 -13 657 1 0 1
4.3085 -8.38371 66.0114 10.6902 -7.60837 68.6458 2.51426 -13 659 1 0 1
7.05867 -5.29157 66.0114 14.2904 -5.47713 65.3101 -1.20888 -13 660 1 0 1
3.39031 -3.85136 66.0114 7.96192 -8.68376 76.2633 1.903 -13 661 1 0 1
3.88819 4.59078 66.0114 11.6414 4.78038 58.2611 0.043874 -13 662 1 0 1
13.4696 2.02208 66.0114 21.1183 3.24034 54.567 0.76831 -13 663 1 0 1
5.43713 -6.65743 66.0114 11.7239 -7.41256 70.031 2.01608 -13 664 1 0 1
3.93252 -3.80994 66.0114 9.18938 -6.42639 76.5803 0.570936 -13 665 1 0 1
-2.39875 4.22593 66.0114 4.68863 5.79504 62.2537 1.2785 -13 666 1 0 1
6.7859 -1.79808 66.0114 14.4854 -1.31842 59.7839 -1.8494 -13 667 1 0 1
8.77004 -5.59142 66.0114 13.8924 -4.30462 35.3259 1.17141 -13 668 1 0 1
8.40061 -10.8856 66.0114 16.6514 -12.5888 65.7206 1.67322 -13 669 1 0 1
8.71613 -9.36452 66.0114 16.13 -11.093 70.9098 0.307023 -13 670 1 0 1
18.2344 -6.63781 66.0114 26.654 -6.80316 58.3389 0.793884 -13 671 1 0 1
23.2636 15.7323 66.0114 28.3664 13.9571 48.7295 1.91596 -13 672 1 0 1
13.4642 9.95481 66.0114 21.696 9.17818 57.7639 0.647472 -13 673 1 0 1
18.2661 4.21535 66.0114 25.5955 4.62488 57.9395 1.16742 -13 674 1 0 1
5.08254 -12.3238 66.0114 12.7424 -14.6343 61.2106 3.47635 -13 675 1 0 1
21.8086 4.26697 66.0114 25.9642 4.76258 43.7144 0.20465 -13 676 1 0 1
18.9407 -0.804372 66.0114 27.099 -1.78374 62.171 1.30721 -13 677 1 0 1
8.17575 6.11049 66.0114 15.5885 12.1914 70.1135 1.83056 -13 678 1 0 1
-0.356846 10.8669 66.0114 5.53836 13.5412 67.461 0.299523 -13 679 1 0 1
2.77014 6.06653 66.0114 11.0214 4.83307 55.7318 -0.5658 -13 680 1 0 1
5.68519 -2.06232 66.0114 12.3095 -7.16537 72.5442 -2.95612 -13 681 1 0 1
16.0521 -15.3505 66.0114 18.8165 -13.0116 32.6382 0.468719 -13 682 1 0 1
23.1408 2.42966 66.0114 30.2655 5.70053 55.1975 2.37156 -13 683 1 0 1
5.45099 -8.79005 66.0114 13.0028 -8.89643 60.0573 0.101944 -13 684 1 0 1
27.1638 -6.5216 66.0114 35.8271 -9.34787 60.3287 -1.35325 -13 685 1 0 1
12.2663 6.76206 66.0114 20.7321 8.51061 67.2538 0.71003 -13 686 1 0 1
0.446465 7.53102 66.0114 8.58294 7.84035 46.653 2.06282 -13 687 1 0 1
4.02586 5.06535 66.0114 11.1273 4.07614 66.146 0.269013 -13 688 1 0 1
-6.97004 13.2832 66.0114 4.62848 6.86913 26.068 0.236947 -13 689 1 0 1
12.3077 -9.16007 66.0114 20.3139 -11.0424 56.959 1.32656 -13 690 1 0 1
8.8157 -0.0103835 66.0114 16.3034 -2.16422 63.5773 -1.64636 -13 691 1 0 1
2.28497 0.375404 66.0114 9.3342 -2.38914 61.9877 -0.634182 -13 692 1 0 1
9.97483 -0.477352 66.0114 16.5208 -4.50137 48.6459 2.19117 -13 693 1 0 1
8.19455 -7.47932 66.0114 15.7958 -6.01981 63.5566 2.67899 -13 694 1 0 1
9.67804 6.68809 66.0114 17.9149 7.76868 62.9973 0.666321 -13 696 1 0 1
3.66606 4.78383 66.0114 9.30306 7.40187 70.5437 0.830529 -13 697 1 0 1
23.5777 -8.56952 66.0114 26.2391 -5.09955 37.8872 -0.278951 -13 699 1 0 1
6.33618 -3.2054 66.0114 12.932 -3.88609 71.7231 1.69316 -13 700 1 0 1
10.4281 9.05411 66.0114 18.6317 12.917 66.9141 1.65083 -13 701 1 0 1
13.8839 0.876111 66.0114 18.9326 1.0516 41.7267 1.73298 -13 702 1 0 1
0.218227 4.52767 66.0114 2.91661 5.03579 80.0233 -1.93599 -13 703 1 0 1
18.2346 8.08359 66.0114 25.6991 9.58733 52.0566 -0.112505 -13 704 1 0 1
8.4459 5.05026 66.0114 16.1055 3.89097 52.0772 1.77407 -13 705 1 0 1
6.8853 2.16906 66.0114 15.1477 2.38375 53.5211 -1.24749 -13 706 1 0 1
7.10548 1.68386 66.0114 14.1597 5.93605 71.2194 3.62097 -13 707 1 0 1
-2.50047 -4.0412 66.0114 4.88864 -4.32684 60.0367 0.842338 -13 708 1 0 1
7.01193 -3.27549 66.0114 14.8762 -5.42096 65.0388 0.398744 -13 709 1 0 1
9.25761 -0.323338 66.0114 16.0628 -2.0184 43.4825 -0.56696 -13 710 1 0 1
12.8369 1.53397 66.0114 19.3919 -0.449833 48.6155 0.049006 -13 711 1 0 1
4.33296 -8.56029 66.0114 10.9434 -9.89916 68.363 1.69967 -13 712 1 0 1
4.34957 -6.36877 66.0114 8.24639 -10.8998 80.0176 0.294913 -13 713 1 0 1
9.49781 -0.437539 66.0114 16.5813 -2.29574 48.0794 2.03267 -13 714 1 0 1
4.97257 4.44397 66.0114 11.4707 7.18601 70.9663 -0.769945 -13 715 1 0 1
9.57437 14.0674 66.0114 16.5028 11.9372 46.2314 1.61529 -13 716 1 0 1
3.95187 -3.03527 66.0114 11.945 -3.4126 51.8018 2.15324 -13 717 1 0 1
1.66774 1.15075 66.0114 7.11475 -0.143652 72.6025 1.2439 -13 718 1 0 1
9.64784 2.80216 66.0114 17.4346 5.47158 70.3402 0.208703 -13 719 1 0 1
3.17261 2.88921 66.0114 10.1721 3.45267 65.2683 2.4032 -13 720 1 0 1
13.5044 -9.19042 66.0114 21.8135 -11.0573 68.407 0.227057 -13 721 1 0 1
11.5204 -9.34529 66.0114 18.6578 -9.74436 51.7963 -1.16592 -13 722 1 0 1
6.51621 -4.6135 66.0114 13.9982 -2.97647 60.637 -0.874268 -13 723 1 0 1
7.86711 10.3173 66.0114 14.9617 11.8236 71.0256 2.31144 -13 724 1 0 1
4.71302 11.4512 66.0114 12.3871 10.123 55.2159 0.0735019 -13 725 1 0 1
23.2026 -11.3967 66.0114 28.8227 -10.5428 47.3933 -0.594249 -13 726 1 0 1
17.0999 2.20146 66.0114 21.3109 2.03359 40.9242 2.35751 -13 727 1 0 1
20.0859 23.4831 66.0114 22.2861 17.2222 36.2543 0.135208 -13 728 1 0 1
9.74106 -4.38029 66.0114 16.7292 -5.13949 75.6274 -1.52696 -13 729 1 0 1
8.6256 -5.87443 66.0114 15.5034 -2.52281 39.6938 0.216302 -13 730 1 0 1
3.38656 -4.58653 66.0114 9.7744 -4.58156 70.4059 -0.933838 -13 731 1 0 1
2.25541 2.77415 66.0114 9.01543 1.82178 69.2309 2.31868 -13 732 1 0 1
1.24257 -0.506358 66.0114 9.72049 -2.28346 46.6187 -0.0319784 -13 733 1 0 1
9.54472 0.0100096 66.0114 17.5455 -6.46977 69.3999 2.55866 -13 734 1 0 1
33.7378 7.94935 66.0114 31.9579 4.41202 35.8865 -0.718768 -13 735 1 0 1
12.9188 7.31708 66.0114 18.8497 5.97543 44.4617 0.191904 -13 736 1 0 1
7.44174 1.3376 66.0114 15.7985 0.662558 62.4323 2.38805 -13 737 1 0 1
15.3334 -0.757511 66.0114 22.7545 0.755769 54.9142 1.8808 -13 738 1 0 1
12.5468 -2.88835 66.0114 20.2995 -1.26805 56.4412 -0.80298 -13 739 1 0 1
1.9236 1.70497 66.0114 7.23098 1.8369 73.3368 1.07623 -13 740 1 0 1
34.9115 -6.24099 66.0114 21.0789 -2.02513 16.7721 2.47761 -13 741 1 0 1
-6.88812 0.620219 66.0114 2.77301 1.44127 46.5902 -1.83647 -13 742 1 0 1
5.16517 4.72865 66.0114 12.0871 7.46553 71.3924 1.63135 -13 743 1 0 1
6.00637 5.72873 66.0114 13.8589 3.99789 54.357 0.613142 -13 744 1 0 1
15.7112 8.66814 66.0114 23.9926 9.99191 68.9415 2.26345 -13 745 1 0 1
5.93883 -4.43628 66.0114 13.1302 -5.41833 67.5281 -1.50887 -13 746 1 0 1
7.02982 -2.10684 66.0114 14.5441 -2.24982 66.9161 0.48881 -13 747 1 0 1
5.20536 6.54035 66.0114 13.5352 6.93027 49.8628 -1.44703 -13 748 1 0 1
11.6804 -6.43865 66.0114 19.4352 -8.46791 70.6609 1.42908 -13 749 1 0 1
3.6483 7.62453 66.0114 11.3377 3.55923 62.7199 1.03052 -13 750 1 0 1
6.3091 10.1291 66.0114 14.0112 10.6803 51.8203 0.37418 -13 751 1 0 1
5.10529 9.05992 66.0114 12.4741 12.9678 66.5442 -0.173751 -13 752 1 0 1
4.41109 0.519984 66.0114 12.1446 -1.74123 63.7852 -0.719758 -13 753 1 0 1
-1.54094 -1.11803 66.0114 4.00039 -0.189596 70.6364 0.613795 -13 754 1 0 1
7.1844 3.79724 66.0114 13.6384 4.05825 74.6728 -1.13737 -13 755 1 0 1
11.1578 6.19924 66.0114 19.1065 9.93592 65.5258 -0.72466 -13 756 1 0 1
20.5178 -6.43819 66.0114 26.506 -4.85956 47.3847 -0.740564 -13 757 1 0 1
8.27457 -0.553819 66.0114 16.5869 -3.04505 54.8862 0.698604 -13 758 1 0 1
13.4632 -15.4831 66.0114 20.9296 -17.3105 58.1137 1.48688 -13 759 1 0 1
9.9711 -1.87541 66.0114 17.6156 -2.22928 52.981 0.549874 -13 760 1 0 1
5.49679 -9.02134 66.0114 12.8876 -8.069 57.7997 1.0264 -13 761 1 0 1
-0.305822 3.75638 66.0114 7.93638 4.08336 38.523 -0.527358 -13 762 1 0 1
20.5209 4.22759 66.0114 27.6945 6.57234 54.8033 1.6146 -13 763 1 0 1
10.5979 1.45098 66.0114 18.6076 2.39774 68.9272 -2.28934 -13 764 1 0 1
5.49832 -4.56099 66.0114 13.7904 -6.03377 64.2312 -0.239062 -13 765 1 0 1
0.183205 18.7048 66.0114 7.92587 9.38298 26.4519 -0.574561 -13 766 1 0 1
13.0502 -0.382598 66.0114 20.8951 -1.11508 55.9969 -0.106977 -13 767 1 0 1
15.7109 -15.4586 66.0114 24.3309 -17.6583 62.4759 0.944729 -13 768 1 0 1
-1.58935 4.46812 66.0114 7.14841 1.25365 33.4438 0.62202 -13 769 1 0 1
-0.393359 -3.11497 66.0114 5.30117 -9.28714 71.0116 -0.747059 -13 770 1 0 1
14.5563 -13.615 66.0114 18.9894 -10.1426 37.3539 -0.248958 -13 771 1 0 1
0.991336 6.62698 66.0114 8.66489 5.81076 55.194 0.163789 -13 772 1 0 1
12.9339 0.0313666 66.0114 20.7794 0.674734 74.6282 0.803266 -13 773 1 0 1
0.601565 -2.49235 66.0114 8.44952 -1.19924 58.7521 1.27256 -13 774 1 0 1
21.7386 -3.16572 66.0114 29.4204 -4.6575 54.7104 0.267969 -13 775 1 0 1
5.05354 7.21036 66.0114 13.0289 7.49316 54.604 2.86699 -13 776 1 0 1
0.926012 -6.25907 66.0114 7.0922 -8.80303 67.6448 0.274407 -13 777 1 0 1
7.21984 8.361 66.0114 14.2161 8.96241 45.034 2.97094 -13 778 1 0 1
1.60762 -7.08293 66.0114 8.17136 -8.54068 68.6872 1.98876 -13 779 1 0 1
10.3352 1.23817 66.0114 19.2944 1.75035 65.1835 -0.596963 -13 780 1 0 1
7.0051 1.82474 66.0114 14.8851 0.441944 65.3579 0.196429 -13 781 1 0 1
-0.126303 -4.6952 66.0114 6.60332 -5.23487 63.6682 0.822273 -13 782 1 0 1
16.5123 -4.29097 66.0114 24.2387 -3.46593 55.0314 1.32145 -13 783 1 0 1
0.0501674 -13.6747 66.0114 6.80601 -17.9389 65.1926 -0.561614 -13 784 1 0 1
1.10233 -4.15296 66.0114 4.71056 -10.3093 78.4883 0.0808174 -13 785 1 0 1
-2.28484 -6.20555 66.0114 6.84009 -3.33104 20.2941 1.08239 -13 786 1 0 1
23.0848 4.95289 66.0114 26.4521 2.83258 41.1769 -0.624604 -13 787 1 0 1
-4.03336 0.850189 66.0114 2.63534 -0.01708 62.6372 -0.615708 -13 788 1 0 1
19.2502 -1.87826 66.0114 28.7816 -5.06144 66.3041 0.744481 -13 789 1 0 1
9.49118 -2.71598 66.0114 16.8991 -5.4334 58.4611 2.33536 -13 790 1 0 1
11.0184 -13.5533 66.0114 19.1464 -17.7578 64.4449 -1.10499 -13 791 1 0 1
1.04732 -0.84416 66.0114 7.81805 -0.664342 66.9934 2.49507 -13 792 1 0 1
13.8813 -0.407478 66.0114 20.6052 -1.83702 49.9941 2.14007 -13 793 1 0 1
6.76814 -10.0555 66.0114 14.3935 -10.6299 67.6138 0.590336 -13 794 1 0 1
0.463748 -11.6073 66.0114 7.83477 -12.4496 56.1761 -2.07022 -13 795 1 0 1
-0.0446839 2.86308 66.0114 8.10028 2.70026 58.9719 0.221818 -13 796 1 0 1
7.65077 -0.65956 66.0114 15.0569 -2.697 46.9632 -0.458167 -13 797 1 0 1
6.32186 11.1241 66.0114 12.4292 15.301 73.6075 2.29014 -13 798 1 0 1
7.92186 5.23084 66.0114 15.7106 5.10896 62.6596 1.22337 -13 799 1 0 1
-2.68425 3.47354 66.0114 4.48442 5.65735 60.7789 1.51401 -13 800 1 0 1
13.6325 2.17905 66.0114 22.7347 -0.79155 65.7972 2.53615 -13 801 1 0 1
7.7825 -4.13002 66.0114 15.3805 -6.61992 65.6498 -0.976201 -13 802 1 0 1
9.38088 0.222581 66.0114 16.3204 4.08175 74.6499 -1.39828 -13 803 1 0 1
25.2721 0.168225 66.0114 28.7631 0.614463 43.0285 -0.104756 -13 804 1 0 1
14.0683 5.5459 66.0114 15.1476 3.09597 25.5473 0.174101 -13 805 1 0 1
3.44336 -2.79006 66.0114 11.1356 -3.3348 54.2159 1.33374 -13 806 1 0 1
2.53813 -4.01673 66.0114 9.87357 -3.21445 67.419 0.692779 -13 807 1 0 1
-1.34333 8.6559 66.0114 7.87292 5.98791 35.4383 1.85252 -13 808 1 0 1
-1.22331 2.46396 66.0114 5.39493 2.672 65.5179 -0.247512 -13 809 1 0 1
2.52325 -1.92133 66.0114 7.27219 -4.2003 77.1079 -0.39064 -13 810 1 0 1
7.83018 0.942856 66.0114 15.8197 2.5713 69.2802 0.0843359 -13 811 1 0 1
-1.97888 -8.1452 66.0114 6.85272 -4.98767 41.8009 2.35914 -13 812 1 0 1
20.3242 8.16416 66.0114 26.9008 9.107 50.5959 1.11866 -13 813 1 0 1
5.30758 -3.34402 66.0114 12.9664 -1.5591 62.234 1.02448 -13 814 1 0 1
13.9581 4.68187 66.0114 21.3242 4.95576 52.4675 -1.71325 -13 815 1 0 1
6.74713 -2.13311 66.0114 12.5305 -2.795 76.6573 1.77149 -13 816 1 0 1
9.51437 -3.57133 66.0114 15.3198 -2.35715 35.2236 -1.22727 -13 817 1 0 1
13.5581 -7.76102 66.0114 20.1822 -7.99815 46.5927 0.257301 -13 820 1 0 1
2.84103 0.818519 66.0114 10.7609 2.96901 52.5219 -1.40512 -13 821 1 0 1
0.954658 4.27884 66.0114 1.84586 2.61831 81.4305 0.90135 -13 822 1 0 1
11.576 0.383707 66.0114 19.6032 -0.983494 54.4463 0.242889 -13 823 1 0 1
14.2547 1.36474 66.0114 15.3684 0.245987 23.1989 0.646762 -13 824 1 0 1
4.21438 -6.66772 66.0114 11.313 -7.64236 60.8804 0.586936 -13 825 1 0 1
9.05176 5.47617 66.0114 16.7106 8.57668 65.1867 -1.09472 -13 826 1 0 1
9.08327 -8.99808 66.0114 17.1112 -11.3907 60.8126 2.97171 -13 827 1 0 1
2.49106 3.35905 66.0114 9.8682 1.92611 64.8069 -2.16113 -13 828 1 0 1
22.6813 -20.4578 66.0114 25.7869 -16.9031 42.161 1.18654 -13 829 1 0 1
5.71891 -7.48133 66.0114 13.2043 -9.3472 64.4407 0.133767 -13 830 1 0 1
9.71247 -1.54063 66.0114 17.5039 -3.30152 63.963 2.28331 -13 831 1 0 1
7.24207 -7.61265 66.0114 15.1601 -8.15088 54.5729 0.688654 -13 832 1 0 1
9.55847 -10.0887 66.0114 17.2806 -11.304 59.2775 0.686711 -13 833 1 0 1
5.92973 -8.82178 66.0114 13.9067 -7.92896 59.6298 0.0809246 -13 834 1 0 1
4.17706 -10.0675 66.0114 8.45798 -15.022 77.1369 -0.669699 -13 835 1 0 1
13.3726 11.1334 66.0114 21.1413 13.635 62.7193 0.189119 -13 836 1 0 1
17.9371 -13.2791 66.0114 26.3568 -11.9059 61.6719 1.34387 -13 837 1 0 1
11.2204 4.66113 66.0114 19.1903 3.13137 69.6499 -1.03942 -13 838 1 0 1
7.53369 -8.04241 66.0114 15.6056 -6.15699 54.3049 -0.0819714 -13 839 1 0 1
-1.53907 5.45123 66.0114 5.48719 5.26101 60.7894 2.73643 -13 840 1 0 1
4.5874 7.98203 66.0114 12.5345 6.52002 58.2064 -1.51174 -13 841 1 0 1
6.08568 -7.80658 66.0114 12.7199 -8.99194 71.8224 -0.689677 -13 842 1 0 1
3.26134 -8.15031 66.0114 8.38638 -14.6317 73.5079 0.767085 -13 843 1 0 1
2.1766 12.2285 66.0114 9.87932 12.765 58.4821 1.20687 -13 844 1 0 1
10.9432 0.319625 66.0114 18.8572 1.75571 57.808 1.29863 -13 845 1 0 1
22.4638 -14.1724 66.0114 22.1787 -7.87312 32.2324 0.913814 -13 846 1 0 1
14.8776 -8.85384 66.0114 22.488 -5.09816 54.7271 -0.840571 -13 847 1 0 1
3.20613 -0.0681706 66.0114 11.0395 -1.89533 56.4117 -0.48757 -13 848 1 0 1
-1.563 -4.50915 66.0114 6.36908 -3.44813 54.5825 -1.67453 -13 849 1 0 1
11.1548 -4.14441 66.0114 19.0467 -4.57095 66.9051 -0.588724 -13 850 1 0 1
3.56152 5.91314 66.0114 11.4061 4.97093 59.4479 -0.164275 -13 851 1 0 1
12.6417 -1.52579 66.0114 20.1232 -1.41855 73.6868 0.787842 -13 852 1 0 1
4.22823 5.59052 66.0114 11.8176 6.04644 60.5002 1.3962 -13 853 1 0 1
5.96721 0.88564 66.0114 12.4319 -1.94838 69.6545 -0.53476 -13 854 1 0 1
3.21396 7.64367 66.0114 10.831 8.53863 62.0073 0.425867 -13 855 1 0 1
-2.34092 -0.960814 66.0114 4.7337 -4.52515 59.7606 0.638811 -13 856 1 0 1
7.68365 -3.53256 66.0114 15.7047 -0.665281 64.6566 -0.571868 -13 857 1 0 1
-8.85653 3.67019 66.0114 -4.19285 3.68495 66.8503 -2.10363 -13 858 1 0 1
2.41943 -0.576285 66.0114 10.6764 0.426281 53.2159 1.92585 -13 859 1 0 1
3.1298 3.26115 66.0114 10.0307 4.23435 67.7755 1.6154 -13 860 1 0 1
5.73707 -4.33872 66.0114 11.7957 -6.55121 76.5117 -1.5426 -13 861 1 0 1
8.71486 2.6559 66.0114 16.5533 4.13697 61.8585 0.226191 -13 862 1 0 1
-4.05625 -8.38244 66.0114 2.71578 -8.11892 60.9104 0.50989 -13 863 1 0 1
6.88562 1.80778 66.0114 14.8186 2.83714 61.8991 -0.302151 -13 864 1 0 1
2.81226 -5.47755 66.0114 10.6958 -3.615 54.752 2.11361 -13 865 1 0 1
11.4443 11.9459 66.0114 18.7878 13.6633 53.5529 0.279563 -13 866 1 0 1
13.7798 6.10297 66.0114 22.2283 6.40967 71.7872 -0.362414 -13 867 1 0 1
4.30091 1.5304 66.0114 8.73724 0.324231 78.6475 -1.35613 -13 868 1 0 1
-7.99607 -11.8565 66.0114 -1.40744 -12.6026 61.4862 -0.368427 -13 869 1 0 1
8.82707 -5.88405 66.0114 16.4633 -7.42049 57.982 1.07498 -13 870 1 0 1
8.39929 -5.85118 66.0114 16.1824 -7.92896 64.8379 -0.887771 -13 871 1 0 1
3.00796 -3.50546 66.0114 9.80576 -3.00731 67.4741 -0.830269 -13 872 1 0 1
11.0911 -0.893644 66.0114 19.4072 -2.91977 70.2745 -0.786904 -13 873 1 0 1
3.87249 7.60112 66.0114 10.7388 9.55549 66.9303 2.87858 -13 874 1 0 1
-0.614603 -5.1741 66.0114 6.31797 -6.48613 62.4668 0.520608 -13 875 1 0 1
11.9942 6.2032 66.0114 19.8283 7.09219 72.6452 0.285479 -13 876 1 0 1
10.064 5.95008 66.0114 18.5166 11.113 66.7024 -1.70901 -13 877 1 0 1
6.99204 7.55883 66.0114 13.6605 12.2754 71.7902 -3.42084 -13 878 1 0 1
-2.46628 9.48441 66.0114 6.39087 7.98574 50.9818 1.49172 -13 879 1 0 1
9.31532 -7.85491 66.0114 17.6246 -10.0502 66.0709 1.10916 -13 880 1 0 1
10.1558 -7.05411 66.0114 17.8236 -7.12179 54.7871 2.1451 -13 881 1 0 1
7.67488 10.0502 66.0114 14.3546 13.2224 73.7016 -0.284794 -13 882 1 0 1
19.0311 14.3775 66.0114 26.4346 16.9196 58.2113 -0.0353468 -13 883 1 0 1
-2.44916 19.0628 66.0114 7.01713 9.61152 25.7632 0.126603 -13 884 1 0 1
21.6356 9.1938 66.0114 21.878 6.30113 30.4471 0.257898 -13 885 1 0 1
10.263 -0.298634 66.0114 17.0025 -4.76392 78.2339 2.60114 -13 886 1 0 1
-7.61029 1.33306 66.0114 -4.32793 0.975269 71.369 0.782419 -13 887 1 0 1
9.46466 3.11529 66.0114 17.6349 1.10316 53.5774 0.351381 -13 888 1 0 1
4.97584 -5.02683 66.0114 12.8125 -4.64707 56.555 -0.326087 -13 889 1 0 1
11.8174 -9.16409 66.0114 20.0626 -11.6452 66.2935 -0.872283 -13 890 1 0 1
13.5776 -0.461251 66.0114 17.0167 0.183878 33.4261 -0.732694 -13 891 1 0 1
3.7752 -5.8336 66.0114 10.2599 -4.46015 71.3063 0.696039 -13 892 1 0 1
-3.33136 1.55717 66.0114 4.37843 3.24582 59.8942 -1.38461 -13 893 1 0 1
12.863 -3.08128 66.0114 21.1921 -3.19102 73.9249 0.224062 -13 894 1 0 1
-5.59976 9.89535 66.0114 -3.06301 18.853 72.4656 1.77344 -13 895 1 0 1
1.8223 10.2798 66.0114 8.26063 13.7441 68.8676 -1.42093 -13 896 1 0 1
7.18108 -4.11197 66.0114 14.1207 -3.50318 48.0427 -1.45272 -13 897 1 0 1
8.70051 0.511947 66.0114 15.9057 1.45428 54.7624 -0.406614 -13 898 1 0 1
17.1981 2.01551 66.0114 25.4619 3.62972 57.6947 -0.00658649 -13 899 1 0 1
10.0382 -0.337131 66.0114 17.9772 -2.79726 66.4831 0.834102 -13 901 1 0 1
18.7763 -2.5042 66.0114 25.3331 -3.92267 49.729 0.866238 -13 902 1 0 1
7.59007 -10.4968 66.0114 14.1074 -9.26539 73.6132 1.39403 -13 903 1 0 1
12.3553 -1.41879 66.0114 19.9092 -3.51613 56.2375 2.21328 -13 904 1 0 1
-3.77273 1.8027 66.0114 -2.41506 3.84311 79.4155 0.359707 -13 905 1 0 1
-1.96955 -2.49994 66.0114 6.30088 -1.83609 56.5886 1.53783 -13 906 1 0 1
6.22236 7.96065 66.0114 13.493 7.54679 66.8642 0.553473 -13 907 1 0 1
2.94833 -10.4407 66.0114 10.4194 -7.43705 38.5592 0.543552 -13 908 1 0 1
7.55471 -7.84551 66.0114 14.1102 -7.90712 72.1882 0.917283 -13 909 1 0 1
0.528201 -4.20803 66.0114 6.11611 -5.64761 70.5386 0.0699111 -13 910 1 0 1
12.0363 20.5349 66.0114 16.9643 16.0006 39.6247 -0.276937 -13 911 1 0 1
12.5816 13.2719 66.0114 18.9545 10.2801 52.2911 -0.517191 -13 912 1 0 1
5.50059 7.02556 66.0114 8.85197 13.7084 78.5802 1.52292 -13 913 1 0 1
-5.4223 4.17827 66.0114 -1.25768 9.0363 71.5814 1.22214 -13 914 1 0 1
13.6416 -8.39866 66.0114 21.6679 -7.63642 58.2434 -0.595175 -13 915 1 0 1
-4.36963 0.914926 66.0114 -5.52371 2.62336 80.0404 4.5232 -13 916 1 0 1
5.83969 9.46371 66.0114 13.0992 8.2027 41.3127 0.106057 -13 917 1 0 1
-0.516822 5.98358 66.0114 4.18186 7.71839 72.5424 2.25484 -13 918 1 0 1
3.55104 3.50009 66.0114 10.8226 2.5333 66.2037 -0.365036 -13 919 1 0 1
0.513866 -2.56957 66.0114 3.5621 -1.22914 79.9821 0.663454 -13 920 1 0 1
18.5682 -2.68488 66.0114 19.0619 -3.69316 29.7181 0.784652 -13 921 1 0 1
0.734827 -9.36933 66.0114 2.89317 -12.3259 80.1911 2.65514 -13 922 1 0 1
1.67974 0.183385 66.0114 9.18299 -0.0190654 59.1935 0.100748 -13 923 1 0 1
5.48024 1.13714 66.0114 12.6778 -0.271531 67.8031 -0.810368 -13 924 1 0 1
1.04395 3.8505 66.0114 8.02491 4.85562 62.2078 0.620024 -13 925 1 0 1
1.23299 2.3745 66.0114 5.14649 1.81665 77.7711 1.5896 -13 926 1 0 1
3.56093 -3.7223 66.0114 11.4009 -1.77931 67.3282 0.788022 -13 927 1 0 1
10.9875 -3.8254 66.0114 18.8701 -4.65045 55.577 0.0365782 -13 928 1 0 1
4.92184 2.92492 66.0114 11.8837 3.52214 69.9404 1.56599 -13 930 1 0 1
14.9336 -0.183355 66.0114 22.9581 -2.13686 59.7835 2.24983 -13 931 1 0 1
-0.456216 -6.51384 66.0114 7.57601 -6.52502 52.6114 2.16339 -13 932 1 0 1
12.0776 7.99359 66.0114 20.2246 11.4923 65.9933 1.26955 -13 933 1 0 1
2.04579 2.41312 66.0114 6.97697 4.45089 74.7995 -0.335079 -13 934 1 0 1
-1.90894 13.9855 66.0114 5.15683 14.8044 59.0521 1.19778 -13 935 1 0 1
19.4893 -1.77037 66.0114 27.6757 0.730372 55.2569 0.302827 -13 936 1 0 1
5.1783 -4.31138 66.0114 11.2341 -2.80436 72.899 0.00956689 -13 938 1 0 1
-5.44143 1.11652 66.0114 1.64388 1.45749 59.5637 -0.286812 -13 939 1 0 1
6.0292 3.30069 66.0114 13.8898 4.77674 59.519 0.216226 -13 940 1 0 1
2.39631 4.82643 66.0114 9.31241 7.73659 66.6596 0.451732 -13 941 1 0 1
15.8061 -0.885818 66.0114 24.4288 -1.19496 68.8326 0.784852 -13 942 1 0 1
13.0212 -4.00433 66.0114 21.3156 -3.74139 64.9059 1.65977 -13 943 1 0 1
7.71579 0.121641 66.0114 15.746 2.62207 52.1259 -0.158875 -13 944 1 0 1
8.55438 10.6544 66.0114 15.7724 15.5794 69.4878 1.11828 -13 945 1 0 1
8.00246 7.6685 66.0114 14.7428 6.27815 44.0387 -0.432561 -13 946 1 0 1
13.6075 -0.656967 66.0114 21.9911 1.17758 62.0112 -0.92798 -13 947 1 0 1
17.921 -6.6892 66.0114 23.3992 -4.55993 46.1854 1.60464 -13 948 1 0 1
-1.23664 -3.32398 66.0114 7.36447 -3.16033 55.3578 0.673872 -13 949 1 0 1
4.07906 11.4794 66.0114 11.6273 11.8639 64.5466 0.311548 -13 950 1 0 1
36.5648 -9.13324 66.0114 37.6054 -6.32683 41.931 0.962724 -13 951 1 0 1
13.0916 -5.47272 66.0114 20.8513 -5.80087 56.2959 2.93481 -13 952 1 0 1
8.3771 1.28274 66.0114 15.7304 0.702032 58.4782 0.524823 -13 953 1 0 1
8.10358 -18.8552 66.0114 15.7667 -17.9804 52.6767 0.0544566 -13 954 1 0 1
11.6859 -2.17979 66.0114 19.4758 -5.51324 58.9903 0.802468 -13 955 1 0 1
4.05287 1.55154 66.0114 12.029 -0.0294802 52.0506 0.195534 -13 956 1 0 1
-4.23382 -1.24269 66.0114 3.23539 -3.4744 58.938 -0.756851 -13 957 1 0 1
-0.384985 -0.100801 66.0114 -0.990424 -1.35108 80.7444 -0.573685 -13 958 1 0 1
18.6623 -9.54173 66.0114 26.2411 -10.5583 56.4657 0.678836 -13 959 1 0 1
1.76773 3.18043 66.0114 6.74739 3.22781 74.5613 -1.78327 -13 960 1 0 1
11.1647 -1.87151 66.0114 19.2438 -0.39119 53.1468 0.471959 -13 961 1 0 1
17.7885 -3.17905 66.0114 19.625 -2.0584 31.73 1.12009 -13 962 1 0 1
18.9312 1.09639 66.0114 27.6364 -3.37347 63.2619 2.24852 -13 963 1 0 1
4.65113 0.116894 66.0114 12.7488 -0.701314 61.6924 2.20817 -13 964 1 0 1
5.38628 -7.95211 66.0114 12.7062 -10.1096 63.6026 1.67307 -13 965 1 0 1
2.97188 4.61013 66.0114 11.1012 6.67068 54.1983 2.58926 -13 966 1 0 1
10.8389 -4.16306 66.0114 18.6154 -2.86895 52.2495 0.865076 -13 967 1 0 1
-10.5979 0.383674 66.0114 -5.33943 -1.01067 64.5514 -0.777592 -13 968 1 0 1
13.4832 -4.17612 66.0114 20.6491 -4.56766 47.962 0.89506 -13 969 1 0 1
12.6794 -6.43566 66.0114 20.7109 -8.47603 61.4355 0.200493 -13 970 1 0 1
5.60018 2.64199 66.0114 13.2646 5.87125 66.4685 -0.879021 -13 971 1 0 1
8.60585 9.1885 66.0114 13.7834 6.67224 31.6919 -0.500533 -13 972 1 0 1
13.7246 4.84195 66.0114 16.8849 4.11652 32.1442 -0.356373 -13 973 1 0 1
3.49411 4.41987 66.0114 10.4548 5.72403 69 -0.354673 -13 974 1 0 1
2.07887 2.20538 66.0114 7.69115 7.01143 74.3809 1.91133 -13 975 1 0 1
-4.85158 -6.13327 66.0114 2.34874 -5.40276 59.8894 0.672348 -13 977 1 0 1
0.760605 -1.1755 66.0114 5.88876 -2.95035 72.5285 -1.16276 -13 979 1 0 1
-1.51723 -1.54377 66.0114 5.88055 -2.34914 60.433 -1.11285 -13 980 1 0 1
2.26012 -3.10356 66.0114 9.22301 -5.52588 62.3314 -0.388651 -13 981 1 0 1
9.36576 6.60411 66.0114 17.3974 5.94225 62.4855 -0.375315 -13 982 1 0 1
6.65811 0.0340843 66.0114 13.5598 4.10627 72.2891 -0.0514958 -13 983 1 0 1
13.1001 4.159 66.0114 21.2449 4.85341 57.6133 1.19414 -13 985 1 0 1
1.27108 -6.50764 66.0114 8.61119 -6.3158 60.4385 0.000177132 -13 986 1 0 1
12.0102 -15.2417 66.0114 19.7235 -16.7155 57.1706 0.756366 -13 987 1 0 1
4.80366 22.9773 66.0114 10.7731 11.8757 28.9109 0.430241 -13 988 1 0 1
8.36475 -6.21646 66.0114 16.2914 -6.526 68.338 1.35503 -13 989 1 0 1
9.43344 -4.00567 66.0114 17.5945 -8.16767 68.9396 0.565598 -13 990 1 0 1
2.58836 9.67616 66.0114 10.8537 7.12885 51.6804 -1.87305 -13 991 1 0 1
-1.0389 7.54424 66.0114 7.9155 5.3196 44.0653 1.24372 -13 992 1 0 1
12.4434 -6.73889 66.0114 19.9365 -5.50144 47.7155 1.99549 -13 993 1 0 1
27.8397 -30.0451 66.0114 28.1002 -19.624 37.2366 -0.331396 -13 994 1 0 1
14.318 3.38113 66.0114 22.7171 4.46486 60.8342 -1.49043 -13 995 1 0 1
2.12679 -5.16172 66.0114 8.53621 -6.69879 68.8156 0.49684 -13 996 1 0 1
4.29773 3.13839 66.0114 11.8936 3.0756 48.5859 2.77374 -13 997 1 0 1
22.7125 -10.3946 66.0114 18.8772 -5.39686 21.2998 1.10206 -13 998 1 0 1
15.3801 -2.23156 66.0114 22.6937 -1.70689 53.1617 0.316564 -13 999 1 0 1
3.69202 -4.86427 66.0114 11.457 -4.41293 48.1093 -0.179455 -13 1000 1 0 1
