#BLTrackFile NTuple/Z152
#x y z Px Py Pz t PDGid EventID TrackID ParentID Weight
#mm mm mm MeV/c MeV/c MeV/c ns - - - - -
16.0746 -7.13293 151.611 20.3009 -3.15955 76.9812 -0.33729 -13 1 1 0 1
29.8139 -3.3339 151.611 27.6432 -1.86409 74.6539 1.72902 -13 3 1 0 1
8.25842 -7.64716 151.611 15.4482 -3.16492 78.714 1.16724 -13 4 1 0 1
7.82962 4.24501 151.611 17.1329 1.23733 78.2559 1.2943 -13 5 1 0 1
20.406 -6.28602 151.611 22.5959 -2.71479 76.77 0.0466109 -13 6 1 0 1
34.6116 -11.72 151.611 31.3156 -5.61506 73.8401 -0.0642148 -13 7 1 0 1
36.3566 16.5526 151.611 32.992 10.2141 72.8759 0.745382 -13 8 1 0 1
27.0148 -3.75532 151.611 27.1467 -1.27376 75.4803 1.51175 -13 10 1 0 1
37.958 16.403 151.611 26.7493 10.071 67.7361 0.321928 -13 11 1 0 1
22.8584 -27.3149 151.611 25.5157 -15.1794 75.2421 2.50706 -13 12 1 0 1
33.6859 19.1908 151.611 30.8418 10.5523 73.93 0.174405 -13 17 1 0 1
23.3926 -18.1997 151.611 25.9523 -10.1842 75.1677 2.21036 -13 18 1 0 1
13.1273 7.13259 151.611 19.0342 4.44161 76.2533 0.942576 -13 19 1 0 1
23.4859 -15.6972 151.611 25.2497 -8.02131 75.5006 3.77599 -13 20 1 0 1
33.6287 10.959 151.611 31.3404 7.22217 74.7374 -0.371807 -13 22 1 0 1
33.5437 4.25742 151.611 32.0077 1.80039 74.3767 1.29696 -13 23 1 0 1
6.87598 20.5016 151.611 16.9291 11.0436 77.2257 1.50092 -13 24 1 0 1
38.3014 22.2324 151.611 -12.0979 -16.5276 32.2326 0.725293 -13 26 1 0 1
28.242 -10.447 151.611 29.5306 -7.20662 73.2477 0.283073 -13 29 1 0 1
32.9833 11.7424 151.611 29.6106 7.05745 73.3605 1.85984 -13 30 1 0 1
31.6271 4.2686 151.611 28.4069 2.78089 73.4545 0.576786 -13 31 1 0 1
18.3535 13.0981 151.611 22.7061 7.20967 76.4645 0.333114 -13 32 1 0 1
18.4388 -1.01228 151.611 22.3459 0.242036 77.5894 0.205504 -13 34 1 0 1
8.0406 -17.9819 151.611 16.2812 -9.35174 78.8967 3.01195 -13 35 1 0 1
20.6462 -1.24937 151.611 23.5856 0.681786 76.3161 -0.280034 -13 36 1 0 1
33.4377 -17.8916 151.611 29.3956 -10.1246 75.4969 -0.609997 -13 37 1 0 1
36.6351 -12.2992 151.611 32.274 -6.88205 72.8177 2.29218 -13 38 1 0 1
35.0389 13.0099 151.611 31.1215 6.54048 71.4778 1.59787 -13 40 1 0 1
38.2502 7.89038 151.611 34.1485 0.575888 63.5668 2.09854 -13 42 1 0 1
9.20469 -6.21113 151.611 15.3158 -3.54018 78.4621 1.13908 -13 43 1 0 1
39.5461 -9.80973 151.611 10.3103 -1.96577 41.3646 1.25489 -13 46 1 0 1
37.2079 13.2776 151.611 31.7792 5.39155 70.7665 1.77835 -13 47 1 0 1
32.5324 17.9211 151.611 29.1335 10.4812 72.1371 1.54716 -13 48 1 0 1
40.8866 -31.5715 151.611 17.0304 18.371 26.38 0.322617 -13 49 1 0 1
29.8422 2.24251 151.611 29.7962 1.96906 73.9956 0.139155 -13 50 1 0 1
33.3406 2.71761 151.611 28.9987 0.361594 72.8405 0.550343 -13 51 1 0 1
33.9109 16.6263 151.611 31.3602 9.02069 74.5434 0.899578 -13 52 1 0 1
37.0118 12.9828 151.611 33.2423 5.88077 72.7199 0.820663 -13 54 1 0 1
36.0192 -11.4441 151.611 30.6216 -6.32804 72.1483 1.75142 -13 55 1 0 1
27.5083 -0.980701 151.611 27.3953 0.183204 74.7786 0.412126 -13 58 1 0 1
38.4556 -24.0002 151.611 21.6818 -21.0841 61.5514 2.80635 -13 59 1 0 1
37.1387 25.6197 151.611 32.5132 13.5414 70.8373 1.09714 -13 60 1 0 1
33.7617 0.886894 151.611 30.0037 1.55983 73.7979 0.27926 -13 62 1 0 1
37.1572 -0.616536 151.611 32.348 0.0348525 72.9379 0.960261 -13 64 1 0 1
28.0212 -11.4404 151.611 27.0642 -6.34045 75.1073 1.27324 -13 66 1 0 1
25.849 33.1286 151.611 28.0433 16.297 74.2002 -0.145943 -13 68 1 0 1
33.1351 -17.3989 151.611 30.4137 -9.18841 73.4968 0.818749 -13 69 1 0 1
24.9468 -15.3023 151.611 24.6047 -10.1752 76.6772 1.04992 -13 70 1 0 1
29.0941 -17.914 151.611 28.8633 -10.4747 74.9197 -0.646245 -13 71 1 0 1
31.7523 -8.54503 151.611 28.3637 -5.53623 73.7526 -0.0772317 -13 73 1 0 1
33.4688 13.2158 151.611 29.2538 6.25492 73.5805 -2.02275 -13 75 1 0 1
28.5069 -0.882124 151.611 27.8108 -1.87607 73.0435 3.21015 -13 77 1 0 1
27.7991 -9.16694 151.611 27.5302 -5.40714 73.5 0.0660051 -13 78 1 0 1
40.3147 -5.90965 151.611 10.1768 -1.0318 10.1746 2.29305 -13 79 1 0 1
31.839 -5.06522 151.611 28.6447 -1.80045 74.1225 0.88749 -13 80 1 0 1
33.9261 10.9747 151.611 29.8047 7.5799 73.2171 0.922422 -13 81 1 0 1
15.45 -7.52893 151.611 21.155 -3.50159 76.7119 2.03519 -13 82 1 0 1
28.795 15.0475 151.611 27.8768 9.03993 75.6621 0.856619 -13 83 1 0 1
28.9673 2.26617 151.611 27.9624 0.888683 75.1694 0.975118 -13 84 1 0 1
39.3476 0.386601 151.611 14.4834 4.19269 49.5893 1.99151 -13 85 1 0 1
36.132 -15.9721 151.611 31.6555 -10.1254 73.9293 0.666467 -13 86 1 0 1
25.1684 -11.0203 151.611 27.1644 -6.47816 75.0064 1.66785 -13 87 1 0 1
23.631 -11.3719 151.611 25.0138 -5.92757 75.9048 0.436473 -13 88 1 0 1
23.8035 18.4874 151.611 25.2937 9.45307 74.7969 0.667053 -13 90 1 0 1
26.5309 -11.9476 151.611 27.1821 -6.73677 76.376 1.71375 -13 91 1 0 1
35.8059 12.0147 151.611 32.3981 5.38353 74.4365 1.67786 -13 93 1 0 1
31.8461 3.44546 151.611 29.0918 2.23242 74.5874 0.92225 -13 95 1 0 1
37.0296 12.7745 151.611 32.3271 7.61528 72.8103 -0.949122 -13 96 1 0 1
17.0894 3.05171 151.611 22.63 3.3431 77.1818 -0.205851 -13 97 1 0 1
14.7788 7.89676 151.611 20.3299 5.34879 77.0804 1.28421 -13 98 1 0 1
34.7892 1.04249 151.611 30.7072 -0.254934 73.3077 0.568015 -13 104 1 0 1
11.2888 2.73708 151.611 18.7489 1.50678 77.771 1.11845 -13 106 1 0 1
35.9165 -10.2052 151.611 30.8632 -5.34417 72.9883 -0.171095 -13 107 1 0 1
37.7995 9.29838 151.611 30.6551 5.31298 70.3283 1.8684 -13 109 1 0 1
21.092 3.19094 151.611 22.7658 1.97771 76.1178 0.604151 -13 110 1 0 1
26.7618 -10.0202 151.611 25.6993 -4.19234 75.6178 0.572779 -13 111 1 0 1
35.6745 9.97673 151.611 31.9135 4.93005 72.845 1.63978 -13 113 1 0 1
15.3574 -8.57814 151.611 19.8086 -4.64528 75.9107 1.37826 -13 116 1 0 1
28.7427 -3.98695 151.611 28.8276 -4.13014 74.0982 0.41823 -13 118 1 0 1
37.9178 -1.24005 151.611 37.6553 -9.18653 64.7512 1.37709 -13 119 1 0 1
33.7004 14.2256 151.611 30.986 7.6133 72.5403 0.672324 -13 120 1 0 1
40.3641 -15.3065 151.611 23.4502 10.8674 34.0035 2.40638 -13 121 1 0 1
23.39 -3.57333 151.611 24.0842 -1.34069 77.0347 1.47689 -13 122 1 0 1
35.5234 -21.0095 151.611 31.2925 -10.6088 74.2582 1.61712 -13 123 1 0 1
13.8536 -25.5071 151.611 20.2458 -13.8194 75.4095 -0.67533 -13 125 1 0 1
25.9861 -2.6937 151.611 24.8564 -2.93258 75.4303 1.80702 -13 126 1 0 1
37.5629 8.52262 151.611 33.4454 2.00653 70.6049 -0.240052 -13 127 1 0 1
31.7389 -8.17915 151.611 29.5379 -5.52622 74.4229 1.17852 -13 128 1 0 1
38.2439 16.3947 151.611 23.7705 12.7512 60.3989 0.409039 -13 131 1 0 1
29.3122 5.64165 151.611 27.4704 2.62613 75.3169 2.13972 -13 132 1 0 1
21.7462 4.64445 151.611 24.4767 2.03018 76.3605 2.32783 -13 137 1 0 1
20.5493 25.4998 151.611 24.0354 13.5802 73.965 1.13013 -13 140 1 0 1
10.8944 -13.5842 151.611 17.8574 -7.65275 77.2701 -0.0401705 -13 143 1 0 1
30.7616 4.40929 151.611 28.851 2.2459 73.9067 -0.392068 -13 147 1 0 1
35.679 -17.1563 151.611 31.1361 -7.60142 73.6371 1.0696 -13 148 1 0 1
40.2086 8.41365 151.611 9.64005 12.5796 25.3632 0.648317 -13 150 1 0 1
33.9526 -10.2613 151.611 30.4071 -6.59155 73.7704 0.300745 -13 153 1 0 1
16.6308 -18.5522 151.611 20.0812 -10.0671 76.6406 -1.31016 -13 154 1 0 1
13.3717 -1.57235 151.611 19.449 -1.34081 77.3683 -0.694012 -13 155 1 0 1
21.6335 -0.566297 151.611 24.3576 0.554697 76.481 0.645016 -13 157 1 0 1
31.1785 7.28365 151.611 27.2886 2.75768 74.6357 2.09428 -13 158 1 0 1
20.8398 1.31028 151.611 24.4783 -0.102666 76.2163 0.0761407 -13 159 1 0 1
25.6386 17.255 151.611 25.9005 10.3293 75.269 -0.96434 -13 163 1 0 1
19.1462 7.8202 151.611 24.4545 3.49816 76.6256 2.75951 -13 165 1 0 1
3.47086 -10.9596 151.611 13.7002 -6.13943 78.5813 0.489997 -13 166 1 0 1
24.7979 16.1343 151.611 23.8862 9.04127 75.2494 1.84903 -13 168 1 0 1
29.3243 -22.6394 151.611 27.7496 -12.0395 73.134 0.0763659 -13 170 1 0 1
35.2707 9.44149 151.611 31.9099 3.98844 73.4111 0.323314 -13 172 1 0 1
33.1809 -1.51896 151.611 30.6445 -0.998352 73.1183 0.859699 -13 173 1 0 1
39.5951 2.70643 151.611 14.1833 -17.7771 40.6858 0.983796 -13 174 1 0 1
28.0555 5.55586 151.611 29.0312 2.60782 73.3491 1.6339 -13 175 1 0 1
17.3239 -14.9516 151.611 23.2295 -8.97728 77.0036 0.492484 -13 176 1 0 1
39.8238 -13.96 151.611 18.9656 -7.56598 46.7973 0.124606 -13 178 1 0 1
38.8983 -19.4785 151.611 15.7271 -6.61179 59.1311 -0.00664937 -13 179 1 0 1
37.708 5.00575 151.611 28.8651 2.26484 70.4256 -0.805977 -13 181 1 0 1
21.704 1.0602 151.611 25.5542 0.855143 75.7407 -0.259546 -13 182 1 0 1
18.0983 -1.60271 151.611 22.4469 -1.87784 75.8552 0.700761 -13 184 1 0 1
23.4136 -6.43901 151.611 25.6777 -4.32378 76.1186 -0.089461 -13 185 1 0 1
34.9397 8.83967 151.611 31.8124 5.09068 71.7785 0.012036 -13 186 1 0 1
38.9152 -6.23145 151.611 1.55758 -5.44701 51.8367 1.87222 -13 188 1 0 1
14.2176 -9.52186 151.611 18.5978 -5.39879 77.8555 0.904977 -13 189 1 0 1
16.51 9.3986 151.611 22.0107 5.09507 77.366 2.59105 -13 191 1 0 1
29.2026 7.83541 151.611 26.4618 5.5773 75.7366 1.58177 -13 192 1 0 1
27.4686 -5.96344 151.611 27.9458 -4.45255 73.0832 -0.382172 -13 193 1 0 1
31.3448 13.3513 151.611 28.9213 7.84936 74.476 0.472043 -13 194 1 0 1
33.2536 -18.9436 151.611 30.5028 -9.51102 73.6938 -0.207811 -13 197 1 0 1
0.565043 37.3029 151.611 13.9426 18.738 77.2833 -0.911427 -13 199 1 0 1
11.0543 -5.32027 151.611 17.9023 -3.63402 78.2213 1.02009 -13 201 1 0 1
-4.9675 3.82285 151.611 7.52206 1.67899 77.7276 0.929969 -13 206 1 0 1
6.62346 -21.9581 151.611 16.8315 -11.8315 77.3704 -0.382702 -13 207 1 0 1
13.5859 7.25234 151.611 19.4489 4.13921 77.5333 0.416821 -13 208 1 0 1
34.8227 10.4604 151.611 33.0145 5.65806 72.8783 0.633095 -13 209 1 0 1
34.3152 16.7217 151.611 32.4573 7.80593 72.6807 1.23315 -13 211 1 0 1
24.1155 36.1394 151.611 24.7723 18.4755 73.2135 2.83675 -13 212 1 0 1
13.3168 13.9191 151.611 20.2952 7.09889 78.0783 -0.645717 -13 213 1 0 1
32.1374 11.7469 151.611 29.0432 5.49299 75.4524 1.76034 -13 214 1 0 1
32.9885 -17.1009 151.611 29.4144 -10.4831 73.9047 2.47851 -13 215 1 0 1
33.3894 -3.0813 151.611 30.1718 -1.69343 74.4353 0.900914 -13 218 1 0 1
24.9712 -7.14755 151.611 25.1326 -3.81825 77.3533 0.784462 -13 219 1 0 1
24.9821 22.167 151.611 25.5862 11.9814 75.7712 -0.0322122 -13 222 1 0 1
32.7006 -8.33236 151.611 29.8823 -3.33377 73.8465 1.76228 -13 223 1 0 1
28.7684 -4.11374 151.611 28.2307 -1.7953 75.562 0.283758 -13 224 1 0 1
40.247 -2.1822 151.611 30.7764 -10.3095 39.6019 0.802379 -13 227 1 0 1
33.3361 1.64321 151.611 28.5133 0.682579 73.4076 -1.1158 -13 228 1 0 1
20.4369 4.52405 151.611 22.4053 1.26655 75.3951 1.02566 -13 229 1 0 1
10.424 4.72591 151.611 17.9874 2.20253 77.8106 -0.711841 -13 233 1 0 1
6.9828 -12.3158 151.611 16.2314 -7.78216 77.5067 2.0383 -13 236 1 0 1
22.828 -0.847103 151.611 24.8388 -0.631887 75.5255 0.857544 -13 238 1 0 1
18.5229 1.968 151.611 21.8526 2.40642 76.9837 2.05024 -13 239 1 0 1
19.1747 -5.17648 151.611 23.2326 -3.93545 74.9971 2.60236 -13 242 1 0 1
37.2115 18.1945 151.611 31.5412 10.5179 72.0861 0.621313 -13 246 1 0 1
20.9333 -20.812 151.611 23.626 -10.8216 75.324 1.47505 -13 248 1 0 1
26.2949 18.3233 151.611 25.6712 10.4672 73.716 -0.531485 -13 253 1 0 1
29.5687 3.60863 151.611 27.2631 2.9519 75.7788 0.763809 -13 255 1 0 1
28.252 4.20322 151.611 28.1737 2.17083 73.2877 -0.142056 -13 256 1 0 1
24.7423 17.363 151.611 26.6538 8.12708 75.241 -0.382933 -13 259 1 0 1
19.5727 -2.74069 151.611 22.6265 -2.53125 77.5485 0.504078 -13 260 1 0 1
27.0021 -14.0245 151.611 27.6466 -7.11138 75.9371 2.90868 -13 262 1 0 1
37.2096 -16.8028 151.611 32.8632 -8.2541 71.7838 0.59509 -13 264 1 0 1
33.4126 -3.30995 151.611 29.8201 -3.04536 72.3754 0.5318 -13 267 1 0 1
20.4645 4.19093 151.611 22.2694 0.706208 77.3713 1.29243 -13 269 1 0 1
30.55 -10.7873 151.611 29.092 -6.86058 74.6198 2.07917 -13 270 1 0 1
2.70673 -4.84304 151.611 14.4266 -2.94611 77.2186 3.61241 -13 273 1 0 1
33.3924 1.7641 151.611 30.1516 2.05916 74.1786 -1.20924 -13 274 1 0 1
8.9958 -5.54944 151.611 17.6542 -3.11781 78.5451 2.35733 -13 278 1 0 1
18.6275 -12.0044 151.611 22.2097 -8.39103 76.519 -1.65557 -13 279 1 0 1
30.3978 -8.37142 151.611 29.2602 -5.74539 73.0107 0.463577 -13 284 1 0 1
17.4122 -0.242424 151.611 21.7969 0.647833 76.1551 0.314393 -13 285 1 0 1
17.7759 -10.2965 151.611 21.917 -2.79965 77.3539 -0.647317 -13 286 1 0 1
35.5108 -1.3336 151.611 31.648 -1.83811 71.9288 -0.790394 -13 287 1 0 1
23.4905 21.5344 151.611 24.2846 11.6861 76.8516 1.27778 -13 289 1 0 1
35.7708 -17.82 151.611 30.2202 -9.69578 72.7184 1.28696 -13 291 1 0 1
31.3475 11.4596 151.611 28.5112 6.51343 74.301 0.556108 -13 292 1 0 1
25.9785 34.7612 151.611 27.3608 19.5443 73.1056 2.87679 -13 293 1 0 1
9.30216 15.8374 151.611 18.0721 8.48427 77.1851 0.523891 -13 296 1 0 1
33.6922 0.433527 151.611 30.0648 -0.83122 73.5657 -1.0427 -13 298 1 0 1
25.9861 27.7543 151.611 27.4352 16.2588 73.737 3.54478 -13 299 1 0 1
28.3718 -3.05407 151.611 28.3056 -2.77756 76.1757 0.028985 -13 301 1 0 1
11.5635 -4.04861 151.611 18.554 -1.03193 76.8666 1.0349 -13 302 1 0 1
30.0855 15.5536 151.611 28.4829 9.37052 73.1652 0.826225 -13 303 1 0 1
33.005 19.4482 151.611 29.7341 10.9461 72.5261 1.35845 -13 304 1 0 1
7.24408 8.40144 151.611 17.4894 5.01045 77.5665 1.97544 -13 305 1 0 1
30.2727 -6.65739 151.611 28.8537 -4.35326 75.6194 -0.239389 -13 306 1 0 1
37.5215 -34.2817 151.611 29.6113 -14.9075 71.1545 -0.45367 -13 307 1 0 1
21.4894 -15.9131 151.611 23.3059 -8.4407 76.0577 0.891168 -13 308 1 0 1
29.499 7.58214 151.611 27.9153 4.03308 73.7311 -0.0457318 -13 309 1 0 1
25.0428 17.8456 151.611 25.4726 9.9076 75.119 0.645531 -13 312 1 0 1
20.7123 4.39648 151.611 23.0685 2.1195 77.0738 1.72795 -13 313 1 0 1
38.9618 -0.0794156 151.611 26.8971 -16.7037 55.3601 0.222185 -13 314 1 0 1
35.3034 -32.9344 151.611 31.2993 -16.7861 71.2928 1.57741 -13 317 1 0 1
36.9089 -2.27826 151.611 31.6051 -0.442111 73.0307 -0.608597 -13 318 1 0 1
30.1084 22.8101 151.611 27.8306 13.1029 72.9756 2.82562 -13 319 1 0 1
22.2802 6.52491 151.611 22.2176 3.97641 76.9766 2.64619 -13 322 1 0 1
39.1862 24.9818 151.611 18.0756 -7.05209 50.7476 0.129414 -13 324 1 0 1
32.4181 -3.73947 151.611 29.1302 -2.30206 74.3883 0.77642 -13 325 1 0 1
25.5541 -5.30187 151.611 25.8368 -3.14945 74.3074 0.727583 -13 326 1 0 1
23.1724 -23.5389 151.611 25.4992 -12.8269 73.0979 0.960919 -13 327 1 0 1
36.7484 -15.781 151.611 32.5 -10.4287 72.7926 -0.738716 -13 328 1 0 1
31.3887 14.3007 151.611 29.0588 8.20103 74.351 1.87378 -13 329 1 0 1
28.9261 10.7028 151.611 27.2716 3.72172 74.7868 -0.792065 -13 331 1 0 1
34.1357 6.06405 151.611 32.345 4.52578 73.3067 -0.558215 -13 332 1 0 1
18.1871 1.25284 151.611 22.5187 1.03705 77.3718 1.0808 -13 334 1 0 1
32.6432 -23.2605 151.611 30.2011 -12.2591 73.8875 1.1089 -13 335 1 0 1
18.3237 -5.95626 151.611 22.6499 -3.11064 76.1296 -1.69236 -13 337 1 0 1
31.8822 7.28646 151.611 29.3687 4.34606 74.7276 0.968393 -13 340 1 0 1
28.5988 13.6053 151.611 26.8843 7.77064 74.5347 1.38724 -13 342 1 0 1
10.1874 -7.47666 151.611 17.7829 -4.08681 77.0832 1.31939 -13 346 1 0 1
17.2445 -6.41024 151.611 21.7284 -3.43157 77.5241 -0.0989383 -13 347 1 0 1
34.1658 3.10028 151.611 31.3282 3.55427 73.0636 0.225397 -13 348 1 0 1
20.7377 5.55424 151.611 23.1282 2.38309 76.2379 -0.801397 -13 352 1 0 1
17.6901 1.02546 151.611 21.9412 0.103565 76.5788 0.503442 -13 353 1 0 1
35.312 18.5643 151.611 31.728 8.65209 72.7801 1.12887 -13 354 1 0 1
22.3035 11.7286 151.611 23.5428 6.54337 76.3246 0.274802 -13 355 1 0 1
18.0657 -7.24368 151.611 21.5353 -3.83946 78.2202 0.126101 -13 360 1 0 1
15.2548 -4.86301 151.611 20.6864 -3.62903 77.3687 -2.05703 -13 362 1 0 1
32.855 5.20227 151.611 29.0094 3.49737 74.2796 0.449763 -13 363 1 0 1
76.3954 -4.58533 151.611 20.0886 -0.596412 16.512 2.47227 -13 367 1 0 1
22.9468 4.8601 151.611 25.0382 3.2889 76.7871 1.27682 -13 368 1 0 1
15.882 -3.4841 151.611 20.2161 -2.16859 76.6687 1.60071 -13 370 1 0 1
16.8701 0.252415 151.611 21.8697 0.645133 77.6638 3.11551 -13 371 1 0 1
19.6554 -15.7354 151.611 24.141 -10.3749 75.9365 1.52581 -13 372 1 0 1
4.63394 -19.0885 151.611 15.0889 -10.9337 77.3271 1.42892 -13 373 1 0 1
18.1569 -7.96562 151.611 21.2127 -3.73638 77.1828 1.37371 -13 374 1 0 1
3.14188 15.4872 151.611 12.7329 9.22983 78.7323 -0.655218 -13 375 1 0 1
28.3708 -14.6181 151.611 27.1238 -7.65213 74.1441 1.22474 -13 376 1 0 1
32.9058 2.46365 151.611 31.3649 -0.528367 74.5153 2.8869 -13 378 1 0 1
23.7348 -19.9537 151.611 25.1257 -11.6958 75.6309 1.38526 -13 379 1 0 1
31.8875 -17.9608 151.611 30.5219 -10.6262 73.2281 -0.0301998 -13 380 1 0 1
29.7086 7.90084 151.611 28.8465 3.6719 73.6996 2.0476 -13 383 1 0 1
19.7905 -7.38528 151.611 23.1215 -5.15364 76.6735 2.5157 -13 385 1 0 1
25.9859 -18.8008 151.611 26.005 -10.4944 75.7116 0.87778 -13 387 1 0 1
14.5438 5.63496 151.611 21.0887 3.40347 76.3315 -0.0447905 -13 388 1 0 1
26.9169 -5.34435 151.611 27.677 -3.23794 76.5638 1.48397 -13 390 1 0 1
23.7829 -3.12293 151.611 25.9833 -3.38094 75.68 0.933442 -13 392 1 0 1
32.6962 -13.3841 151.611 31.7738 -6.43979 73.1635 2.19558 -13 393 1 0 1
20.1986 26.3945 151.611 22.81 15.1657 75.9561 -0.895226 -13 395 1 0 1
24.8265 -13.8027 151.611 25.0992 -6.56139 75.4626 2.8012 -13 399 1 0 1
25.1534 -39.9607 151.611 26.2975 -22.1883 74.4178 0.99863 -13 403 1 0 1
35.028 -19.1808 151.611 31.0444 -10.9101 72.7227 1.9821 -13 404 1 0 1
25.1039 1.56783 151.611 27.9071 0.317771 75.2133 -1.84741 -13 405 1 0 1
37.3411 -11.7164 151.611 32.0757 -7.22211 71.6418 0.185993 -13 406 1 0 1
122.402 48.3151 151.611 26.2878 13.9626 6.9404 3.57706 -13 408 1 0 1
22.7681 -4.92429 151.611 23.8961 -2.67674 77.2766 -1.82205 -13 410 1 0 1
35.3904 10.9271 151.611 32.5192 4.04502 73.2845 1.26522 -13 411 1 0 1
25.1311 -28.6341 151.611 26.1642 -15.1997 75.1636 2.0201 -13 412 1 0 1
24.7695 12.9416 151.611 24.6865 6.32239 76.7141 0.846098 -13 413 1 0 1
22.6471 6.36409 151.611 25.6266 3.89946 77.0821 1.72025 -13 414 1 0 1
34.3861 -4.41989 151.611 30.2288 -3.06302 73.308 2.24077 -13 418 1 0 1
29.0503 -18.1824 151.611 27.4721 -10.5057 74.9877 0.325198 -13 421 1 0 1
18.8649 1.70203 151.611 23.5038 2.4136 76.3862 0.479563 -13 423 1 0 1
38.1869 15.3928 151.611 25.2604 9.14362 67.7513 1.36245 -13 424 1 0 1
31.1462 3.32253 151.611 29.6362 2.19263 75.4764 0.68369 -13 425 1 0 1
28.6262 4.30727 151.611 26.4748 3.29 73.8655 -0.652187 -13 426 1 0 1
28.3972 23.0984 151.611 27.6195 13.1282 73.376 1.14741 -13 428 1 0 1
37.5311 -18.411 151.611 34.2803 -13.8864 68.6986 0.645669 -13 429 1 0 1
8.5111 30.5212 151.611 16.6023 16.3767 75.4182 -0.940966 -13 430 1 0 1
38.7665 -10.2217 151.611 34.2041 -18.6712 49.9935 2.67382 -13 431 1 0 1
38.2103 16.8085 151.611 19.2465 6.61757 70.0883 2.70743 -13 432 1 0 1
36.9379 -14.8661 151.611 31.2847 -8.95763 72.2404 2.14937 -13 433 1 0 1
12.5507 -16.1189 151.611 20.3956 -8.46396 77.5221 2.66248 -13 438 1 0 1
18.5134 -4.0234 151.611 21.7172 -2.27211 76.0247 2.10527 -13 441 1 0 1
37.5482 -19.252 151.611 32.6232 -3.7877 72.0381 0.611426 -13 442 1 0 1
31.7825 4.74328 151.611 29.9943 4.25744 74.3055 1.76353 -13 443 1 0 1
33.4327 -12.6776 151.611 30.1318 -5.44707 74.6536 -0.814606 -13 446 1 0 1
26.8522 13.008 151.611 26.7453 7.69175 76.0477 -1.26851 -13 448 1 0 1
40.0229 4.35872 151.611 20.8308 -13.637 39.517 0.542414 -13 449 1 0 1
39.4059 -10.9546 151.611 25.0735 -15.8109 50.7506 0.396784 -13 453 1 0 1
35.2504 12.8104 151.611 32.5845 6.07156 73.9002 2.06143 -13 454 1 0 1
29.9054 14.343 151.611 29.3872 8.47525 74.1827 1.52006 -13 457 1 0 1
35.3811 3.30465 151.611 30.7439 2.40492 72.582 0.588345 -13 460 1 0 1
15.9467 10.7472 151.611 21.3178 6.59199 78.1202 1.06547 -13 461 1 0 1
33.308 1.15085 151.611 30.4181 0.836794 74.3915 0.445219 -13 462 1 0 1
37.6675 -13.6278 151.611 29.5232 3.91407 71.3019 2.22406 -13 463 1 0 1
36.8473 -16.85 151.611 32.646 -8.83959 70.8901 -0.127251 -13 465 1 0 1
29.2199 7.96764 151.611 30.1806 4.36019 75.2643 0.538406 -13 467 1 0 1
32.6388 27.7662 151.611 30.4026 13.7597 71.4991 1.19456 -13 469 1 0 1
41.3136 13.3874 151.611 16.4349 -4.0307 20.0848 1.94072 -13 471 1 0 1
24.6432 -7.27617 151.611 26.7479 -4.01818 76.0981 0.103955 -13 473 1 0 1
34.0767 21.5964 151.611 30.3941 11.8056 74.0227 2.33433 -13 475 1 0 1
15.0486 5.71599 151.611 20.8452 3.5866 77.0985 0.724759 -13 476 1 0 1
32.1232 -19.1308 151.611 29.2257 -9.29957 71.8142 -1.01979 -13 478 1 0 1
39.0868 0.257642 151.611 11.664 -6.92453 52.593 1.28525 -13 481 1 0 1
38.7996 3.40526 151.611 16.6653 -15.0429 57.9617 1.12239 -13 482 1 0 1
12.6486 20.1821 151.611 19.0082 10.3668 76.2661 1.5483 -13 483 1 0 1
17.0224 0.522859 151.611 21.2492 -0.297242 76.5271 -0.513313 -13 484 1 0 1
7.91314 -14.9792 151.611 17.2878 -8.7736 77.2163 2.59105 -13 485 1 0 1
8.10911 -25.6498 151.611 17.3356 -13.8629 77.0222 -0.140258 -13 488 1 0 1
24.7653 -30.5585 151.611 26.0784 -16.7259 73.5176 -1.03645 -13 490 1 0 1
38.4671 2.17458 151.611 21.0869 10.0643 60.1984 1.64429 -13 491 1 0 1
29.344 -10.4555 151.611 28.3186 -4.14027 74.028 1.94604 -13 492 1 0 1
19.2334 -9.57607 151.611 23.5403 -5.3469 77.2034 1.76808 -13 493 1 0 1
40.968 1.37598 151.611 33.8947 6.90108 23.8747 0.826449 -13 494 1 0 1
36.6894 -11.0269 151.611 33.5984 -7.13074 72.8022 -1.96618 -13 495 1 0 1
30.002 9.77897 151.611 28.2441 5.18612 73.3937 1.04867 -13 497 1 0 1
21.403 12.3693 151.611 23.7359 6.75099 76.0062 0.344605 -13 498 1 0 1
36.8895 8.55673 151.611 30.7465 3.7855 74.1723 0.497427 -13 501 1 0 1
15.1469 9.73068 151.611 20.3399 4.29846 76.6526 -0.405918 -13 502 1 0 1
25.3479 -23.7118 151.611 25.9775 -10.978 74.8253 -0.84602 -13 503 1 0 1
39.4463 1.47488 151.611 39.1774 1.89533 40.7847 1.08255 -13 504 1 0 1
17.1999 -5.23552 151.611 20.2019 -3.36996 77.0274 2.04374 -13 506 1 0 1
29.2974 -5.23213 151.611 28.7303 -3.02661 75.1876 1.90294 -13 510 1 0 1
10.3158 -4.1885 151.611 17.471 -1.60405 78.6994 2.80207 -13 511 1 0 1
32.1155 1.28252 151.611 29.6416 0.78778 72.8941 0.351045 -13 512 1 0 1
31.5576 6.66551 151.611 30.0449 3.58829 74.9266 -2.74585 -13 514 1 0 1
29.201 -11.8829 151.611 27.7642 -5.90044 74.3562 -0.689455 -13 515 1 0 1
33.4095 -7.81598 151.611 30.7585 -3.64853 75.0061 1.55998 -13 518 1 0 1
14.0888 2.81185 151.611 18.4867 1.0711 77.0685 0.677046 -13 519 1 0 1
39.6151 -20.4737 151.611 21.0796 -9.61367 42.442 3.28233 -13 520 1 0 1
25.5876 -19.7817 151.611 26.2425 -10.0621 76.4285 -0.732003 -13 521 1 0 1
35.0781 9.59547 151.611 29.7284 4.83486 74.9045 1.67166 -13 522 1 0 1
22.985 11.4602 151.611 24.6573 5.36566 76.2856 1.60632 -13 523 1 0 1
28.3253 2.24263 151.611 28.1357 3.16778 75.319 1.45628 -13 524 1 0 1
17.9143 5.23306 151.611 21.2152 4.02425 76.0065 0.785891 -13 526 1 0 1
25.4993 -2.62637 151.611 26.3739 -1.18665 74.3126 1.75757 -13 527 1 0 1
30.9699 0.260071 151.611 29.6247 0.237563 74.3342 3.40515 -13 528 1 0 1
35.5109 -13.0247 151.611 31.9146 -6.15141 72.9953 1.72868 -13 531 1 0 1
17.3795 6.35456 151.611 22.852 4.25436 77.7365 2.34955 -13 532 1 0 1
29.8868 -14.751 151.611 28.0285 -9.04309 74.881 1.76134 -13 539 1 0 1
39.8101 15.0402 151.611 7.37041 5.53188 6.24057 1.71739 -13 541 1 0 1
26.6363 -42.5637 151.611 26.7687 -22.5976 73.2971 1.90539 -13 545 1 0 1
10.6217 19.3678 151.611 17.9131 11.1046 77.2675 -1.76948 -13 550 1 0 1
26.8627 2.3666 151.611 28.8551 -0.150399 73.6337 3.6342 -13 552 1 0 1
32.1354 -4.26492 151.611 30.1512 -2.69125 74.7805 0.949465 -13 553 1 0 1
13.6692 -8.66396 151.611 19.5561 -5.22205 76.4161 -0.285197 -13 554 1 0 1
30.6403 18.6754 151.611 29.0216 9.25865 72.8534 1.2244 -13 556 1 0 1
29.7722 -10.1273 151.611 28.5052 -6.09569 74.6682 -1.87964 -13 558 1 0 1
25.3523 4.48163 151.611 26.8541 2.68339 74.2167 -0.724962 -13 560 1 0 1
23.3749 16.1718 151.611 26.4343 7.48713 73.9998 1.46251 -13 561 1 0 1
11.3737 8.39292 151.611 17.9894 3.63168 76.573 1.82914 -13 562 1 0 1
20.0861 5.81802 151.611 24.0285 3.64461 76.0809 1.97236 -13 565 1 0 1
20.0597 -3.19657 151.611 22.2747 -2.05685 75.9812 1.47314 -13 566 1 0 1
37.657 1.04655 151.611 25.082 9.40107 70.2717 0.920995 -13 567 1 0 1
25.1219 14.1057 151.611 25.6895 7.98035 76.1584 0.90628 -13 568 1 0 1
11.2644 -2.68773 151.611 18.3163 -2.86547 78.1178 2.65695 -13 573 1 0 1
16.5083 40.3625 151.611 22.1993 21.9097 73.8844 -0.228369 -13 574 1 0 1
30.0711 -0.670945 151.611 28.0374 -0.357532 74.6703 0.915181 -13 575 1 0 1
32.9265 -3.22368 151.611 29.6782 -3.26433 73.9138 -0.158207 -13 576 1 0 1
34.6793 -13.1121 151.611 30.5302 -5.02489 72.7814 -1.23409 -13 577 1 0 1
28.3048 19.6921 151.611 27.1618 10.6443 75.3407 2.67527 -13 578 1 0 1
12.8647 15.2514 151.611 19.1453 9.11732 76.0056 2.20092 -13 580 1 0 1
39.1837 -13.7295 151.611 2.9492 -14.5946 47.2965 0.315769 -13 583 1 0 1
39.1116 -0.121584 151.611 32.5371 -11.3571 52.1604 -0.0120813 -13 584 1 0 1
39.3255 -5.83753 151.611 28.5278 -2.1602 50.8618 2.92852 -13 586 1 0 1
25.73 28.8478 151.611 25.5281 16.033 74.0424 1.11127 -13 587 1 0 1
35.4613 4.60041 151.611 30.9159 1.94668 73.8969 -0.506049 -13 589 1 0 1
13.8508 -27.0606 151.611 19.4814 -15.5969 76.8612 -0.130144 -13 590 1 0 1
16.632 -0.660136 151.611 20.1939 0.453427 77.7574 3.31099 -13 591 1 0 1
32.2259 -6.39375 151.611 29.8067 -3.90191 76.0247 -1.88491 -13 592 1 0 1
26.9975 13.4621 151.611 27.5206 5.59262 76.0807 2.66247 -13 593 1 0 1
13.3002 9.85119 151.611 19.3364 4.42524 75.3272 0.969593 -13 594 1 0 1
5.18991 -4.13222 151.611 13.3985 -2.44103 78.6731 0.656926 -13 597 1 0 1
35.0209 -19.5211 151.611 29.8042 -10.6262 75.1271 -0.964371 -13 598 1 0 1
21.2428 5.47571 151.611 25.0436 3.24708 75.4375 -0.867229 -13 599 1 0 1
33.9397 -19.6674 151.611 31.7469 -10.1644 73.7145 1.27923 -13 600 1 0 1
33.2443 -10.5304 151.611 30.4656 -5.26077 74.0182 1.38029 -13 602 1 0 1
5.37717 -7.3216 151.611 14.9423 -3.87155 78.048 -0.531363 -13 603 1 0 1
38.9702 15.9075 151.611 12.0041 9.22833 55.752 0.889071 -13 604 1 0 1
3.12718 10.6001 151.611 13.2836 7.51426 79.0389 0.897914 -13 609 1 0 1
25.5997 9.02418 151.611 25.9731 6.76864 75.1917 -0.915014 -13 610 1 0 1
31.3985 0.81262 151.611 29.9375 -0.680046 73.9464 1.6599 -13 611 1 0 1
29.5325 -2.95691 151.611 28.6835 -2.62488 75.3395 0.453999 -13 614 1 0 1
27.0624 -9.75488 151.611 26.7937 -6.65219 77.3009 1.57405 -13 615 1 0 1
36.1441 -5.23115 151.611 31.6537 -2.06623 73.4662 0.0785055 -13 617 1 0 1
35.1948 48.2091 151.611 31.4634 23.8338 68.7926 -0.215412 -13 618 1 0 1
26.7571 6.66411 151.611 25.5911 3.38029 75.8705 -1.43432 -13 620 1 0 1
39.2231 -10.15 151.611 28.6852 2.47348 56.1254 1.13041 -13 622 1 0 1
34.768 -1.18666 151.611 31.662 0.660116 74.2947 0.473661 -13 623 1 0 1
37.4114 -1.02539 151.611 35.6105 1.64969 71.8867 0.483142 -13 624 1 0 1
20.3928 10.1241 151.611 23.858 4.07613 75.7189 -0.0844296 -13 625 1 0 1
19.0889 16.2759 151.611 21.7793 10.4925 76.9105 1.35373 -13 627 1 0 1
31.225 -8.04006 151.611 29.0505 -3.85354 76.0865 0.919301 -13 628 1 0 1
24.4924 23.2936 151.611 26.2659 12.9755 76.1133 0.965726 -13 629 1 0 1
22.7092 13.2001 151.611 24.7098 7.61491 75.2042 1.4371 -13 630 1 0 1
31.9771 1.76384 151.611 30.5614 1.2552 75.3635 0.112741 -13 631 1 0 1
40.0087 -7.06817 151.611 34.2302 -0.744568 38.3216 -0.709141 -13 632 1 0 1
6.83702 25.0502 151.611 16.6639 13.6935 76.9363 0.647482 -13 634 1 0 1
20.0697 20.4299 151.611 22.6803 11.9951 75.9619 -1.32224 -13 636 1 0 1
36.2711 -23.5561 151.611 32.2691 -11.3129 72.1396 0.753711 -13 642 1 0 1
26.6229 -24.0927 151.611 26.3348 -12.687 74.535 0.409424 -13 643 1 0 1
33.0233 -24.6759 151.611 30.7957 -13.0673 72.7551 3.01966 -13 644 1 0 1
17.3349 3.60723 151.611 20.8828 1.73652 76.5166 2.12401 -13 646 1 0 1
2.83288 -2.52525 151.611 12.3765 -0.769569 78.1466 -0.72447 -13 647 1 0 1
26.2313 -24.5743 151.611 28.3747 -13.1991 74.5837 2.72751 -13 648 1 0 1
30.4638 10.6772 151.611 28.7071 5.89746 74.5089 0.660023 -13 649 1 0 1
34.8839 -13.6161 151.611 30.1367 -6.25552 73.4897 1.74061 -13 650 1 0 1
39.9366 -13.4637 151.611 21.4891 -10.5558 32.1228 1.78614 -13 652 1 0 1
31.7846 -16.8789 151.611 30.2463 -9.04721 71.3266 0.891284 -13 655 1 0 1
11.2247 29.4631 151.611 18.5082 16.3345 74.7095 0.651025 -13 656 1 0 1
39.2745 -14.8175 151.611 28.1171 -16.9779 51.1736 1.37712 -13 657 1 0 1
22.2353 -22.8084 151.611 23.8485 -10.6665 74.0708 2.98614 -13 659 1 0 1
26.4634 -9.26722 151.611 25.2342 -6.23281 74.3844 2.39267 -13 661 1 0 1
32.5359 -8.15852 151.611 28.7374 -3.78074 72.6893 2.49756 -13 664 1 0 1
26.626 -8.24072 151.611 25.7961 -4.89918 76.0208 1.05071 -13 665 1 0 1
33.0163 4.54766 151.611 30.3299 2.95705 73.9896 1.71884 -13 666 1 0 1
28.2047 -0.346029 151.611 27.4665 0.0924563 73.6818 -1.41283 -13 667 1 0 1
39.4668 -24.3221 151.611 22.8874 -10.847 58.0706 2.14283 -13 669 1 0 1
27.7546 7.47173 151.611 26.8057 4.33074 75.8768 0.770956 -13 670 1 0 1
33.707 -9.84808 151.611 30.6337 -4.85041 73.29 1.22744 -13 671 1 0 1
38.2878 28.2431 151.611 31.51 10.7721 64.1046 1.09232 -13 673 1 0 1
27.0927 -31.3451 151.611 27.476 -16.6608 73.4164 3.92502 -13 675 1 0 1
39.0089 25.3898 151.611 32.1339 21.4044 47.2093 2.31891 -13 678 1 0 1
20.3612 22.0587 151.611 23.2778 11.8826 75.6075 0.754714 -13 679 1 0 1
32.1744 6.2932 151.611 30.5602 2.47355 74.7699 -0.158449 -13 680 1 0 1
22.8813 -8.46847 151.611 24.1227 -6.44206 75.9513 -2.48584 -13 681 1 0 1
33.0997 -2.77059 151.611 31.5557 -4.33421 72.8776 0.695873 -13 682 1 0 1
36.0124 19.3209 151.611 31.4201 10.0473 73.5443 1.17899 -13 686 1 0 1
34.3612 2.91369 151.611 31.3132 2.31469 72.4936 2.42478 -13 687 1 0 1
32.6465 -17.568 151.611 29.6228 -9.801 72.7995 0.738268 -13 688 1 0 1
23.6941 11.1385 151.611 26.7976 6.30731 75.4436 0.288033 -13 689 1 0 1
38.3947 -19.7931 151.611 32.2813 -12.0034 62.219 1.76684 -13 690 1 0 1
38.1673 -16.6976 151.611 14.4183 -21.9481 63.5307 3.14661 -13 694 1 0 1
25.8744 -2.81316 151.611 25.3043 -0.818762 74.2557 1.30334 -13 697 1 0 1
36.6863 -8.35573 151.611 31.231 -4.25768 73.573 2.17412 -13 700 1 0 1
16.0147 9.93718 151.611 19.6268 4.85468 77.6455 -1.45571 -13 703 1 0 1
26.1335 1.94677 151.611 27.4882 1.02859 75.688 -0.855025 -13 706 1 0 1
36.1629 14.8358 151.611 30.9969 9.16996 72.9198 4.10655 -13 707 1 0 1
17.6445 -8.78066 151.611 22.3058 -4.64941 76.111 1.26277 -13 708 1 0 1
33.141 0.190666 151.611 30.1806 -0.684528 74.0923 0.853305 -13 709 1 0 1
34.0832 -17.902 151.611 30.0003 -8.83508 72.556 2.17708 -13 712 1 0 1
26.1938 -18.1256 151.611 25.1222 -10.4363 76.4826 0.782183 -13 713 1 0 1
28.3234 4.5498 151.611 27.0341 3.09459 75.0361 -0.300844 -13 715 1 0 1
37.2333 12.2328 151.611 33.1737 6.09026 72.3354 1.98069 -13 716 1 0 1
38.7315 1.7708 151.611 23.2595 -11.2481 58.5617 2.55985 -13 717 1 0 1
14.2362 -0.181679 151.611 19.4959 -0.798247 78.0869 1.70175 -13 718 1 0 1
15.6476 8.25132 151.611 20.8383 4.51905 76.3523 2.84727 -13 720 1 0 1
34.5048 -16.4144 151.611 30.6694 -7.31177 72.2643 -0.423979 -13 723 1 0 1
36.4775 13.9607 151.611 32.3577 6.40939 73.0452 0.489496 -13 725 1 0 1
38.5287 -11.3337 151.611 34.3684 5.86478 60.5431 -1.03233 -13 729 1 0 1
9.51031 -5.71911 151.611 19.0654 -1.94954 77.3379 0.501722 -13 730 1 0 1
17.1018 -17.2744 151.611 21.3719 -8.74495 77.0842 -0.475388 -13 731 1 0 1
14.4593 20.2339 151.611 20.3625 10.319 77.9916 2.76894 -13 732 1 0 1
30.6459 -4.21553 151.611 29.3337 -3.06899 72.9702 0.330195 -13 733 1 0 1
30.3409 -5.89982 151.611 28.3526 -5.95027 74.7989 3.02554 -13 734 1 0 1
26.461 9.81831 151.611 27.2675 4.82191 76.1649 2.82077 -13 737 1 0 1
25.6717 2.12189 151.611 25.5018 0.986721 75.8481 1.5472 -13 740 1 0 1
15.5081 -7.49557 151.611 21.5952 -3.63697 76.8353 -1.50334 -13 742 1 0 1
34.9677 3.47215 151.611 30.8919 2.48568 74.9542 2.10138 -13 743 1 0 1
25.4465 5.4071 151.611 26.8208 1.89072 75.1115 1.01309 -13 744 1 0 1
32.1876 -1.11384 151.611 29.3992 -0.570531 74.6712 -1.04926 -13 746 1 0 1
35.2032 -6.57487 151.611 31.0873 -3.29546 74.136 0.950262 -13 747 1 0 1
14.5748 21.1394 151.611 21.7772 11.8177 75.6624 -1.07129 -13 748 1 0 1
32.4009 1.73436 151.611 30.2073 -1.31521 75.0259 1.46892 -13 750 1 0 1
39.8341 8.87055 151.611 16.0101 1.35438 42.9948 0.779005 -13 751 1 0 1
26.3993 16.8977 151.611 26.6778 9.93572 75.5827 0.278116 -13 752 1 0 1
39.0564 -6.46123 151.611 21.2174 -19.218 51.9663 -0.261707 -13 753 1 0 1
17.3369 4.58265 151.611 21.6401 3.0755 78.2359 1.06229 -13 754 1 0 1
34.3746 0.0374676 151.611 29.8215 -0.386671 74.2641 -0.652292 -13 755 1 0 1
25.6136 -24.2163 151.611 27.358 -14.3475 75.0658 1.10794 -13 758 1 0 1
21.6926 -4.48857 151.611 24.6827 -2.84693 77.344 0.193148 -13 765 1 0 1
32.6361 3.12994 151.611 31.0092 0.307337 73.0471 0.838565 -13 769 1 0 1
29.896 -21.9202 151.611 28.5125 -13.9371 75.2481 -0.277151 -13 770 1 0 1
29.9666 -7.88319 151.611 29.974 -4.66453 74.0791 0.0287876 -13 771 1 0 1
21.6102 -8.15325 151.611 24.7155 -4.71929 75.2922 0.565612 -13 772 1 0 1
20.5597 4.7428 151.611 24.2565 3.38791 77.0245 1.68199 -13 774 1 0 1
30.5408 -15.6563 151.611 28.4072 -8.67289 73.4557 0.742438 -13 777 1 0 1
11.7649 -9.03853 151.611 18.6048 -4.9132 78.0895 2.43447 -13 779 1 0 1
32.2796 -0.765496 151.611 29.7367 -1.15963 74.642 0.64904 -13 781 1 0 1
17.7697 -4.50999 151.611 21.9114 -2.30941 75.6559 1.26192 -13 782 1 0 1
9.01714 -32.4695 151.611 17.767 -18.4089 76.7469 -0.114811 -13 784 1 0 1
21.5354 -9.62591 151.611 22.8425 -7.03013 76.9607 0.559945 -13 785 1 0 1
9.5888 36.0339 151.611 19.1508 17.8331 72.9522 1.00271 -13 786 1 0 1
10.1542 -14.9447 151.611 18.0601 -8.55847 76.4572 -0.182932 -13 788 1 0 1
25.5569 -5.177 151.611 26.3587 -2.57634 76.4302 2.94138 -13 792 1 0 1
27.1302 8.47714 151.611 27.2214 5.18554 76.6474 1.0382 -13 794 1 0 1
23.6586 -24.3642 151.611 25.7219 -12.9076 74.1187 -1.65387 -13 795 1 0 1
31.485 2.54424 151.611 30.1565 1.11884 74.8828 0.64358 -13 796 1 0 1
27.9238 23.2868 151.611 28.9917 11.2304 74.6545 -0.098847 -13 797 1 0 1
28.0771 29.6737 151.611 26.7306 15.6122 73.8269 2.78016 -13 798 1 0 1
33.8151 5.86385 151.611 30.7822 2.71495 74.5276 1.66575 -13 799 1 0 1
7.78056 21.0949 151.611 17.0826 12.3612 77.0127 1.93876 -13 800 1 0 1
30.719 -9.44845 151.611 28.5776 -5.72409 73.619 -0.5151 -13 802 1 0 1
37.2129 4.12865 151.611 31.0209 3.67945 73.1223 -0.905271 -13 803 1 0 1
28.3524 -10.5965 151.611 28.0664 -4.95163 76.3318 1.14177 -13 807 1 0 1
11.6671 11.83 151.611 20.4443 6.53043 77.096 2.08073 -13 808 1 0 1
28.0886 -4.21734 151.611 27.7227 -2.26848 75.5472 0.197364 -13 809 1 0 1
27.9106 -5.75271 151.611 26.4749 -3.7032 75.9871 0.0900428 -13 810 1 0 1
38.1004 -0.746712 151.611 9.51548 1.26208 69.3995 0.551626 -13 811 1 0 1
39.5933 -6.25806 151.611 8.87353 18.0914 28.2383 1.49001 -13 814 1 0 1
33.4111 -9.14112 151.611 28.9904 -4.68295 74.0378 2.26425 -13 816 1 0 1
31.4598 -12.4406 151.611 29.7003 -7.20069 71.9713 0.632456 -13 820 1 0 1
38.4906 11.5552 151.611 33.5753 1.41148 54.6392 -0.997882 -13 821 1 0 1
15.2852 7.05709 151.611 18.5164 2.51131 79.3223 1.37489 -13 822 1 0 1
38.8673 -14.4169 151.611 19.9639 -3.48357 60.544 0.664781 -13 823 1 0 1
25.0869 -17.3125 151.611 28.3881 -8.9923 75.3396 0.694876 -13 824 1 0 1
34.9408 14.8664 151.611 30.9001 8.67622 73.5421 -0.6344 -13 826 1 0 1
36.4859 -0.741929 151.611 32.2573 -1.28678 74.1078 -1.70889 -13 828 1 0 1
31.085 -1.72776 151.611 29.1891 -1.33266 74.4304 0.582718 -13 830 1 0 1
22.0713 -17.1644 151.611 24.9679 -9.51737 75.2627 1.09185 -13 832 1 0 1
33.7843 -14.7633 151.611 30.549 -7.83064 73.289 1.12342 -13 833 1 0 1
36.2058 -14.8703 151.611 32.269 -6.87996 73.5459 0.516825 -13 834 1 0 1
27.2926 -26.8799 151.611 25.6256 -14.2879 73.3926 -0.167874 -13 835 1 0 1
29.5702 9.58543 151.611 28.7388 4.07067 74.5766 -1.08978 -13 841 1 0 1
32.4317 -10.9454 151.611 29.1034 -5.27241 74.2807 -0.213075 -13 842 1 0 1
24.262 -30.4212 151.611 24.75 -17.4553 74.2907 1.25537 -13 843 1 0 1
37.5179 -17.1893 151.611 -11.9439 1.52193 34.3579 -0.417888 -13 847 1 0 1
20.8828 -4.06486 151.611 24.0631 -3.11026 75.0176 -0.0755563 -13 848 1 0 1
23.1267 2.21615 151.611 25.4642 1.76191 75.0643 -1.27635 -13 849 1 0 1
21.6448 17.2881 151.611 24.5177 8.26785 74.6485 0.266095 -13 851 1 0 1
38.845 -7.24444 151.611 27.0624 6.09687 60.0124 1.83764 -13 853 1 0 1
32.857 -3.78201 151.611 29.1771 -3.28389 73.629 -0.0605857 -13 854 1 0 1
15.9305 11.9355 151.611 21.2509 6.47715 76.7894 0.85356 -13 855 1 0 1
24.3842 -3.0793 151.611 25.8597 -3.57835 75.8027 1.05762 -13 856 1 0 1
31.9499 -13.1243 151.611 29.7437 -5.27823 74.6199 -0.120974 -13 857 1 0 1
3.68332 3.11252 151.611 14.0949 1.38666 79.0504 -1.67294 -13 858 1 0 1
18.7414 2.66056 151.611 23.67 2.1468 77.2641 2.30605 -13 859 1 0 1
25.055 19.6237 151.611 25.8987 10.4725 75.4132 2.07426 -13 860 1 0 1
32.0507 -16.4087 151.611 28.9142 -8.90996 75.4526 -1.05847 -13 861 1 0 1
16.9888 -13.5063 151.611 21.8585 -6.71463 75.9835 0.933955 -13 863 1 0 1
32.2581 -1.14264 151.611 30.0129 -0.202054 74.3632 0.138441 -13 864 1 0 1
36.4538 7.84741 151.611 32.183 4.91276 72.3071 2.53233 -13 865 1 0 1
25.4737 2.18777 151.611 24.6078 0.435751 75.4408 -0.866932 -13 868 1 0 1
14.2806 -34.3629 151.611 20.816 -18.0763 75.246 0.0672206 -13 869 1 0 1
36.8573 -7.78285 151.611 32.2463 -4.54373 74.2837 -0.435121 -13 871 1 0 1
30.237 -10.1423 151.611 28.7142 -4.83837 75.6787 -0.377268 -13 872 1 0 1
30.759 13.8481 151.611 28.5992 7.50147 74.1344 3.33988 -13 874 1 0 1
28.9885 -21.5281 151.611 28.2085 -11.3802 73.9197 0.966935 -13 875 1 0 1
34.3415 13.3476 151.611 31.0041 8.88958 74.9722 -1.25274 -13 877 1 0 1
38.2069 20.8678 151.611 37.3386 24.0334 58.7738 -2.93156 -13 878 1 0 1
11.1729 18.8474 151.611 20.0041 9.68486 78.0246 1.85467 -13 879 1 0 1
13.9595 -7.9366 151.611 20.1126 -4.74048 77.9279 1.54745 -13 880 1 0 1
19.2511 1.1832 151.611 24.1158 0.813317 75.5314 0.18366 -13 884 1 0 1
36.0374 -12.7289 151.611 33.1475 -5.87851 72.2464 0.469637 -13 885 1 0 1
4.98049 12.9824 151.611 14.4705 6.77382 77.6476 1.23927 -13 887 1 0 1
40.6895 1.58603 151.611 21.3638 -0.0709075 25.5129 0.772628 -13 888 1 0 1
33.1988 0.694016 151.611 29.7483 1.663 74.6604 1.16778 -13 892 1 0 1
17.5154 2.09921 151.611 22.7674 1.94548 78.0603 -0.977729 -13 893 1 0 1
8.08589 27.4995 151.611 15.8992 16.9384 74.4606 2.25757 -13 895 1 0 1
15.5979 32.0153 151.611 21.005 17.4871 75.7198 -0.954849 -13 896 1 0 1
37.055 4.03445 151.611 32.0283 0.950387 74.0456 1.29464 -13 901 1 0 1
33.2561 -13.8886 151.611 29.188 -5.30719 73.8911 1.87884 -13 903 1 0 1
6.23221 6.8627 151.611 14.2758 4.2871 78.3589 0.836245 -13 905 1 0 1
10.2961 8.50161 151.611 18.896 4.99495 78.2748 1.93102 -13 906 1 0 1
29.9566 -14.4695 151.611 27.5871 -6.59246 74.4929 1.39493 -13 909 1 0 1
30.8281 -11.2146 151.611 28.4604 -6.01752 74.3616 0.540997 -13 910 1 0 1
28.4933 22.1087 151.611 25.8378 13.121 74.8423 2.01805 -13 913 1 0 1
12.0852 1.44973 151.611 18.655 2.63499 79.9841 1.66177 -13 914 1 0 1
2.15099 3.68554 151.611 11.1221 2.58212 79.4575 4.99599 -13 916 1 0 1
17.6692 16.4237 151.611 21.2856 8.82009 76.5219 2.72158 -13 918 1 0 1
25.0236 12.3142 151.611 25.8786 5.75364 75.1406 0.0884754 -13 919 1 0 1
17.7966 -3.47691 151.611 20.6904 -0.934351 77.8548 1.14146 -13 920 1 0 1
39.373 5.72263 151.611 35.404 13.3202 46.65 0.991997 -13 921 1 0 1
16.631 -22.5735 151.611 19.9066 -11.907 77.8001 3.13651 -13 922 1 0 1
5.51432 19.1818 151.611 15.923 10.2159 77.2515 0.519341 -13 923 1 0 1
27.7891 5.61273 151.611 27.0069 2.15138 74.7121 -0.348965 -13 924 1 0 1
24.1157 -1.18685 151.611 25.2949 -0.311219 74.4468 1.06028 -13 925 1 0 1
20.2593 6.48615 151.611 22.1528 2.88508 76.591 2.06966 -13 926 1 0 1
28.9226 3.85522 151.611 28.6118 3.3212 77.1665 1.23155 -13 927 1 0 1
30.582 -1.73964 151.611 28.6163 -0.921206 75.3364 2.02967 -13 930 1 0 1
30.1227 -5.084 151.611 29.0608 -2.98874 73.734 2.55808 -13 932 1 0 1
21.6149 14.5999 151.611 23.2098 8.28183 76.0787 0.141273 -13 934 1 0 1
1.20347 4.46226 151.611 13.0911 2.24212 77.2264 1.61081 -13 935 1 0 1
21.803 -15.7471 151.611 26.4717 -8.88451 75.7103 -0.71929 -13 937 1 0 1
24.4037 -15.5638 151.611 24.595 -6.9085 74.2736 0.492282 -13 938 1 0 1
24.1638 -5.57249 151.611 25.7859 -2.7709 74.9695 0.135046 -13 939 1 0 1
39.5929 5.68572 151.611 14.8577 10.0799 33.5028 0.66619 -13 940 1 0 1
26.7425 1.08403 151.611 26.8355 1.54994 75.9278 0.899598 -13 941 1 0 1
24.2795 3.64056 151.611 26.5229 3.56953 75.1352 0.229623 -13 944 1 0 1
24.0358 27.7421 151.611 24.9689 15.5412 74.5608 1.59134 -13 945 1 0 1
4.80236 -1.3814 151.611 15.8223 -0.7399 78.2251 1.06314 -13 949 1 0 1
32.4497 11.3271 151.611 30.0891 5.35601 74.8348 0.757792 -13 950 1 0 1
39.7674 3.69311 151.611 2.63103 0.691025 20.7961 0.981768 -13 953 1 0 1
33.4324 -34.546 151.611 31.0284 -17.2339 71.5933 0.471906 -13 954 1 0 1
32.9972 -14.3601 151.611 30.371 -9.09403 73.581 1.23775 -13 955 1 0 1
33.5855 1.26422 151.611 30.9135 -0.232641 73.6115 0.590369 -13 956 1 0 1
20.0766 -9.87561 151.611 23.7451 -6.37597 75.6457 -0.339802 -13 957 1 0 1
10.9518 -1.52052 151.611 15.6476 -1.32378 79.2204 -0.100098 -13 958 1 0 1
21.4721 -0.996955 151.611 23.0841 -0.92868 76.1188 -1.30944 -13 960 1 0 1
30.1668 8.36331 151.611 30.0768 4.38983 73.8084 1.33605 -13 962 1 0 1
24.5381 4.62316 151.611 26.0605 1.88562 75.5993 2.64067 -13 964 1 0 1
35.8391 -3.88093 151.611 32.4764 -0.725633 74.2836 2.99062 -13 966 1 0 1
27.9444 15.3005 151.611 28.4089 8.68061 73.5535 1.26687 -13 967 1 0 1
0.151823 3.66106 151.611 12.4221 1.25534 79.7415 -0.359301 -13 968 1 0 1
31.0121 -9.63637 151.611 30.3739 -5.56421 73.8722 1.2668 -13 969 1 0 1
34.7543 -4.74022 151.611 31.0792 -1.0849 74.4157 -0.421829 -13 971 1 0 1
26.9276 7.27991 151.611 26.751 4.02218 75.5387 0.104925 -13 974 1 0 1
22.8456 5.57853 151.611 24.3141 4.80511 77.5643 2.37531 -13 975 1 0 1
33.7747 -1.55442 151.611 30.6666 -0.265511 73.5071 1.10357 -13 977 1 0 1
22.8566 0.438792 151.611 23.9749 -0.399378 75.6334 -0.69262 -13 979 1 0 1
6.87487 -6.13289 151.611 16.3709 -3.52931 77.4624 -0.694671 -13 980 1 0 1
26.3771 -14.7438 151.611 26.2978 -8.56998 73.2654 0.0620853 -13 981 1 0 1
33.8253 7.7199 151.611 30.8455 3.28406 74.6008 0.0661874 -13 982 1 0 1
23.2388 4.49393 151.611 24.3434 4.16541 76.2174 0.416181 -13 983 1 0 1
32.7828 -8.84013 151.611 30.2039 -4.26767 73.6177 0.437037 -13 986 1 0 1
34.2708 -19.8533 151.611 30.944 -10.5482 72.5375 1.188 -13 987 1 0 1
32.1393 30.3384 151.611 30.7337 14.5678 71.3516 0.595025 -13 988 1 0 1
30.0096 -10.2379 151.611 28.3624 -6.83352 75.0147 1.02961 -13 990 1 0 1
21.7979 0.0947591 151.611 25.4867 -0.111634 76.1785 1.56343 -13 992 1 0 1
25.9514 -12.772 151.611 27.9406 -6.56898 75.8866 2.35382 -13 993 1 0 1
28.8861 -3.25732 151.611 27.8043 -1.89178 75.599 0.954116 -13 996 1 0 1
30.7347 -3.17054 151.611 29.2267 -1.58129 72.2906 3.15544 -13 997 1 0 1
