#BLTrackFile NTuple/Z178
#x y z Px Py Pz t PDGid EventID TrackID ParentID Weight
#mm mm mm MeV/c MeV/c MeV/c ns - - - - -
-1.3738 -5.23843 178.234 1.11683 -2.30502 71.5939 1.92477 -13 3 1 0 1
-4.9273 2.72951 178.234 -0.651599 1.73562 75.2305 0.221384 -13 6 1 0 1
6.67386 -15.3457 178.234 5.06804 -5.32453 61.1324 0.245489 -13 7 1 0 1
13.1903 -13.2159 178.234 7.60925 -4.65755 66.3705 1.76628 -13 10 1 0 1
14.5126 22.9373 178.234 -10.6203 4.5261 52.5903 0.516496 -13 11 1 0 1
5.49667 -30.2359 178.234 4.63062 -11.4307 61.1197 2.8234 -13 12 1 0 1
-6.32223 29.5698 178.234 0.0367331 11.5977 63.6972 0.455429 -13 17 1 0 1
-10.089 -27.0216 178.234 -0.204796 -8.80176 52.1359 2.67736 -13 18 1 0 1
10.9309 -23.5861 178.234 6.51074 -8.71286 63.922 4.05941 -13 20 1 0 1
-8.85053 12.229 178.234 -0.175472 4.99796 56.7871 0.0104154 -13 22 1 0 1
3.65425 7.66241 178.234 3.68321 3.2485 68.4513 0.933182 -13 26 1 0 1
7.5403 -2.55714 178.234 5.18929 0.273488 66.4808 2.54105 -13 27 1 0 1
10.7068 -19.3048 178.234 6.32368 -8.22501 72.8449 1.28535 -13 28 1 0 1
-6.0767 17.355 178.234 -0.27765 7.57516 66.9906 2.09664 -13 30 1 0 1
-2.23724 4.41943 178.234 0.735656 2.33688 72.0208 0.760775 -13 31 1 0 1
-8.14334 7.41957 178.234 -0.494904 2.80954 62.529 0.639854 -13 32 1 0 1
4.5125 15.8129 178.234 4.09886 7.16722 66.034 -0.0161894 -13 36 1 0 1
2.98341 -20.9741 178.234 2.53455 -10.4301 79.4089 -0.47509 -13 37 1 0 1
9.04185 -31.0801 178.234 5.83687 -11.3914 59.6286 2.6195 -13 38 1 0 1
-5.51256 17.8766 178.234 0.916847 5.50627 51.8836 2.04584 -13 40 1 0 1
-3.03264 1.75215 178.234 0.754853 -0.0906365 68.3725 2.31732 -13 42 1 0 1
2.88991 -19.1192 178.234 3.12576 -7.61681 67.7522 1.4693 -13 46 1 0 1
9.52059 25.1186 178.234 5.88394 7.95135 59.5175 2.09101 -13 47 1 0 1
-7.25024 28.0896 178.234 -0.763837 12.138 66.555 1.782 -13 48 1 0 1
4.27043 -41.7781 178.234 3.81363 -18.7583 69.4639 0.509338 -13 49 1 0 1
-2.77869 8.07745 178.234 0.33415 2.67849 72.8848 0.722636 -13 51 1 0 1
-3.81739 36.6194 178.234 1.63022 12.2306 55.0434 1.3127 -13 52 1 0 1
-4.30738 -12.8267 178.234 -0.0230801 -5.78562 70.6814 1.94037 -13 55 1 0 1
8.91885 6.39656 178.234 5.89839 2.94439 63.4344 0.696925 -13 58 1 0 1
6.09477 -22.5425 178.234 4.56926 -9.06468 67.5516 3.02184 -13 59 1 0 1
-3.39366 17.6009 178.234 1.18908 7.00492 62.9085 0.266446 -13 61 1 0 1
6.33334 5.24798 178.234 4.62523 2.99752 69.9443 0.48531 -13 62 1 0 1
6.79917 -0.992609 178.234 4.97212 -0.153604 60.1048 1.2782 -13 64 1 0 1
13.9901 4.06937 178.234 7.7181 1.21691 65.4457 -0.36813 -13 65 1 0 1
1.49185 2.66631 178.234 2.54418 0.897597 71.6721 1.46947 -13 66 1 0 1
14.3489 -6.96764 178.234 7.837 -1.94493 61.0651 0.449451 -13 67 1 0 1
13.7654 36.0788 178.234 7.30834 10.8281 53.0272 0.291399 -13 68 1 0 1
-4.36434 -17.7163 178.234 0.885452 -6.77275 63.0378 1.10199 -13 69 1 0 1
-7.59735 -19.9991 178.234 -2.62961 -11.1436 80.1241 1.1877 -13 70 1 0 1
-5.48544 7.9201 178.234 0.860587 2.02153 59.9768 -0.314973 -13 71 1 0 1
-0.0273854 -1.60274 178.234 1.51355 -1.61569 74.6514 0.0838264 -13 73 1 0 1
14.0311 24.2125 178.234 7.54822 8.46065 58.1725 1.43226 -13 74 1 0 1
7.89412 15.2511 178.234 4.96543 6.32613 74.8856 -1.8646 -13 75 1 0 1
6.07988 -1.51913 178.234 -10.3559 -6.55759 56.5515 -0.678878 -13 76 1 0 1
-0.822362 -7.67029 178.234 2.28058 -3.51342 57.0611 3.57512 -13 77 1 0 1
-6.15048 -4.56842 178.234 0.303974 -2.08665 60.2153 0.386834 -13 78 1 0 1
11.4315 -9.27445 178.234 6.5989 -3.61961 62.6262 2.5545 -13 79 1 0 1
7.34182 -14.6384 178.234 4.82415 -5.63235 72.3499 1.07266 -13 80 1 0 1
9.2433 24.0174 178.234 5.62647 11.3462 69.545 1.13101 -13 81 1 0 1
10.7435 4.82606 178.234 6.63844 2.19265 62.4445 2.34141 -13 82 1 0 1
4.98193 22.7505 178.234 16.6489 -6.82583 39.1366 1.28636 -13 83 1 0 1
9.81018 0.67972 178.234 6.02366 -0.0340865 75.4941 2.14938 -13 85 1 0 1
11.2271 -16.2362 178.234 6.62707 -7.93641 67.7629 0.895398 -13 86 1 0 1
4.49261 -32.1595 178.234 4.39295 -9.88172 49.964 2.17656 -13 87 1 0 1
-7.15613 -15.1802 178.234 -0.761597 -6.03479 68.1084 0.676101 -13 88 1 0 1
13.6521 -4.78825 178.234 7.39265 -1.09337 61.8711 0.570948 -13 89 1 0 1
8.28879 11.7339 178.234 5.5826 4.40809 65.5639 0.923535 -13 90 1 0 1
12.9816 6.15012 178.234 7.38183 2.87553 70.1317 1.13102 -13 95 1 0 1
9.76939 24.9179 178.234 5.98678 9.64115 60.5921 -0.636929 -13 96 1 0 1
3.5769 -4.57055 178.234 4.13217 -0.572265 56.9765 0.183104 -13 97 1 0 1
3.60314 -5.99259 178.234 3.6664 -1.62059 67.3309 1.53442 -13 98 1 0 1
-3.49823 27.1787 178.234 1.12924 10.185 62.9741 1.65353 -13 99 1 0 1
12.9826 5.3032 178.234 7.19905 1.95336 66.9703 1.02059 -13 102 1 0 1
-5.66218 18.3692 178.234 0.677804 7.89968 60.2789 -0.274175 -13 105 1 0 1
-3.99064 -6.43798 178.234 10.3377 -0.634522 49.3001 1.53309 -13 106 1 0 1
1.8111 -16.5336 178.234 2.6112 -6.98889 70.3032 0.0272206 -13 107 1 0 1
9.81598 32.0461 178.234 -1.49031 9.81827 29.5785 0.739031 -13 108 1 0 1
12.2116 3.19099 178.234 -10.6912 -12.5765 48.4045 2.12405 -13 109 1 0 1
-7.07075 5.25523 178.234 -1.55041 2.47385 72.6947 0.798346 -13 110 1 0 1
-8.92124 -12.8217 178.234 -2.78913 -4.94883 77.1927 0.726596 -13 111 1 0 1
-13.1557 -7.53727 178.234 9.83955 -4.24517 65.8895 1.57621 -13 116 1 0 1
2.40903 6.58129 178.234 3.37384 2.51219 55.4029 0.898953 -13 117 1 0 1
2.89453 7.49735 178.234 3.13958 3.55418 70.5484 1.5731 -13 119 1 0 1
-9.68254 13.8319 178.234 4.336 9.21242 22.1073 1.41944 -13 120 1 0 1
-10.1571 -13.0764 178.234 -3.25222 -5.48016 76.9783 1.64165 -13 122 1 0 1
1.6656 -26.8404 178.234 2.68232 -10.9441 70.6244 1.82095 -13 123 1 0 1
-5.44261 -4.07289 178.234 -1.5816 -3.18067 79.0578 1.94376 -13 126 1 0 1
14.3542 24.9828 178.234 7.65476 8.30476 59.5292 0.087225 -13 127 1 0 1
7.91378 -11.7558 178.234 5.43977 -5.34377 64.5346 1.44823 -13 128 1 0 1
3.98438 9.12158 178.234 3.49861 3.73581 69.0056 0.606088 -13 131 1 0 1
11.6604 4.82082 178.234 6.6139 1.09138 69.7582 1.90368 -13 135 1 0 1
-9.31413 -6.51995 178.234 -1.05742 -2.67739 63.1213 2.62861 -13 137 1 0 1
-3.09005 34.3568 178.234 1.69974 11.5066 55.3101 1.52921 -13 140 1 0 1
12.0426 20.5129 178.234 6.59881 7.00738 52.1306 1.15486 -13 141 1 0 1
10.2771 -1.39985 178.234 -0.985165 -3.01434 31.6822 3.42844 -13 142 1 0 1
-12.3723 -3.38 178.234 2.95768 3.2662 39.1733 0.325176 -13 143 1 0 1
2.32385 -5.72687 178.234 3.25412 -2.25426 65.3065 -0.134849 -13 147 1 0 1
-5.88008 -25.1017 178.234 -0.380759 -9.34411 69.0231 1.28724 -13 148 1 0 1
14.2348 28.5895 178.234 7.82086 11.3338 65.0147 0.895127 -13 150 1 0 1
10.0263 -5.12688 178.234 6.2108 -2.09048 64.2158 3.18063 -13 152 1 0 1
-5.60766 -18.2052 178.234 -0.076946 -8.267 67.748 0.532469 -13 153 1 0 1
-13.975 -20.3702 178.234 -5.38753 -9.53064 78.1285 -1.15899 -13 154 1 0 1
-3.41872 2.27474 178.234 1.2116 1.39054 62.4618 0.953625 -13 157 1 0 1
-0.822866 8.275 178.234 0.292668 3.00389 79.4585 2.22295 -13 158 1 0 1
-8.72331 21.1174 178.234 -0.0833452 6.62054 56.2712 0.476352 -13 159 1 0 1
-8.39368 16.7704 178.234 -1.53198 7.91495 70.2132 -0.751083 -13 163 1 0 1
13.0832 -9.22531 178.234 7.31437 -4.33044 66.222 1.03831 -13 164 1 0 1
-8.35242 19.2633 178.234 -3.25877 9.45647 78.8335 1.98693 -13 168 1 0 1
-11.4063 -8.73157 178.234 -2.50049 -3.83868 67.7139 0.300358 -13 170 1 0 1
4.6594 10.8696 178.234 4.31715 3.1284 56.7053 0.695814 -13 172 1 0 1
14.6066 12.7575 178.234 8.11009 3.97577 68.432 1.19639 -13 174 1 0 1
-5.17777 -19.7556 178.234 1.541 -6.25557 48.6375 1.03974 -13 176 1 0 1
13.1021 -13.6092 178.234 6.93427 -3.87224 52.2495 0.558314 -13 178 1 0 1
-8.83558 -7.92467 178.234 0.82906 -1.83789 38.9907 -0.0125565 -13 181 1 0 1
-14.5728 9.27411 178.234 -0.537729 2.4652 40.5894 0.50386 -13 182 1 0 1
-5.21177 -19.6204 178.234 0.805046 -7.56146 60.1749 0.250307 -13 185 1 0 1
14.0899 3.28468 178.234 7.89055 2.5942 71.0504 2.06348 -13 188 1 0 1
-14.006 10.6407 178.234 -2.25551 3.87122 59.8111 2.94262 -13 191 1 0 1
-2.65476 9.62042 178.234 -0.545975 5.77992 80.2101 1.71209 -13 192 1 0 1
7.72221 32.8687 178.234 5.23932 14.0456 68.7836 0.69873 -13 194 1 0 1
8.14966 0.00863937 178.234 5.51076 0.0558664 60.1653 3.28761 -13 195 1 0 1
14.6431 -6.57254 178.234 7.1898 -4.4413 80.2763 3.43732 -13 196 1 0 1
-9.50888 23.6277 178.234 -1.04072 8.72016 63.2182 0.0766298 -13 197 1 0 1
-5.32941 -12.7342 178.234 1.11688 -3.52255 50.9604 1.82319 -13 200 1 0 1
-1.41638 47.1303 178.234 2.18281 15.6845 57.9863 0.212786 -13 202 1 0 1
1.09683 3.27351 178.234 2.85911 0.666484 62.1309 1.27319 -13 203 1 0 1
7.65455 5.94704 178.234 5.05565 1.0396 49.7727 2.59885 -13 205 1 0 1
-9.01329 39.8844 178.234 -2.22175 17.1207 72.5706 3.0135 -13 212 1 0 1
-0.664571 22.743 178.234 1.31866 9.55611 75.2514 1.9302 -13 214 1 0 1
-1.91264 -25.2213 178.234 0.927068 -11.9384 71.5293 2.67213 -13 215 1 0 1
9.90841 1.58178 178.234 5.97248 0.731542 69.7787 2.08409 -13 216 1 0 1
-4.42698 -8.77089 178.234 -0.639134 -3.99815 77.7866 0.94309 -13 219 1 0 1
9.18432 3.10668 178.234 5.71341 0.684285 71.9959 3.32777 -13 220 1 0 1
-3.69635 29.0041 178.234 0.289467 12.6254 72.3424 0.164387 -13 222 1 0 1
-13.2091 -0.427355 178.234 -2.39868 0.149611 62.659 0.587632 -13 224 1 0 1
14.3926 32.7397 178.234 7.39078 10.6693 53.5826 0.882168 -13 226 1 0 1
-8.07313 -16.6773 178.234 -0.483544 -6.39989 62.2711 1.09046 -13 227 1 0 1
0.324234 -0.453037 178.234 1.10653 -0.344827 78.4004 -0.98715 -13 228 1 0 1
4.29797 4.11889 178.234 3.9935 1.39195 62.8256 1.15432 -13 238 1 0 1
-0.291093 -15.6608 178.234 17.2049 -13.3416 41.2313 2.3938 -13 239 1 0 1
-3.07994 -7.66383 178.234 1.57784 -3.45102 58.8427 2.95089 -13 242 1 0 1
9.53201 10.475 178.234 5.64345 4.65756 75.781 1.63306 -13 244 1 0 1
12.2561 20.3938 178.234 -4.11745 8.96187 44.4527 0.383608 -13 245 1 0 1
5.84676 15.3562 178.234 4.35954 7.44685 70.5636 0.808556 -13 246 1 0 1
12.839 -13.9226 178.234 7.11416 -4.38112 60.7663 0.782699 -13 247 1 0 1
-2.35276 -15.2676 178.234 1.19133 -6.04543 67.9876 1.70833 -13 248 1 0 1
15.2977 -26.4846 178.234 18.3044 -14.5137 58.2747 -0.456614 -13 250 1 0 1
8.99799 32.4668 178.234 5.51485 14.3702 70.7149 -0.3319 -13 253 1 0 1
1.8468 10.4818 178.234 2.12425 5.66104 77.4738 0.915439 -13 255 1 0 1
-2.18409 10.2428 178.234 2.04821 3.25602 53.4068 0.287071 -13 256 1 0 1
9.50376 -39.1563 178.234 5.4624 -10.2245 42.434 1.20102 -13 257 1 0 1
6.97983 -1.52524 178.234 4.94352 -0.976385 63.3049 1.21779 -13 258 1 0 1
0.111911 0.653513 178.234 1.88376 -0.500379 72.6941 0.705355 -13 260 1 0 1
-2.65816 16.6456 178.234 1.54665 5.83658 60.1577 0.00572096 -13 261 1 0 1
4.89805 -12.7411 178.234 4.23577 -3.90195 50.6478 1.06566 -13 264 1 0 1
-1.37058 3.96983 178.234 1.83248 0.428777 63.6946 0.798934 -13 267 1 0 1
-9.93007 8.57516 178.234 -3.41726 2.68263 78.0831 1.44898 -13 269 1 0 1
-6.61525 -8.21229 178.234 -0.0857856 -4.00816 64.098 2.35655 -13 270 1 0 1
14.5221 1.77204 178.234 7.94847 1.47204 67.1799 -0.972026 -13 274 1 0 1
6.21137 1.48481 178.234 6.71658 0.0740836 24.6758 3.47119 -13 278 1 0 1
4.02328 -8.84934 178.234 3.57555 -2.90627 66.6307 -0.226398 -13 281 1 0 1
3.08575 34.0711 178.234 3.73493 10.1192 47.7006 0.52234 -13 282 1 0 1
-5.82599 13.5467 178.234 0.979003 3.29272 53.1224 0.896475 -13 284 1 0 1
-14.1808 -11.4376 178.234 3.25719 -4.72503 65.1554 -0.407212 -13 286 1 0 1
1.59923 0.220043 178.234 3.22877 -0.590126 51.9176 -0.342676 -13 287 1 0 1
-5.85133 27.1127 178.234 -1.35931 12.5141 77.4519 1.4368 -13 289 1 0 1
10.9913 -21.9003 178.234 6.19773 -10.1962 74.6306 1.442 -13 291 1 0 1
-5.43485 6.68953 178.234 -0.632293 3.32085 72.9482 0.736976 -13 292 1 0 1
-8.39238 3.88267 178.234 -0.975463 1.32875 65.5031 1.15747 -13 295 1 0 1
11.8966 4.03392 178.234 6.86945 0.868084 67.0801 -0.808492 -13 298 1 0 1
-12.6923 15.2041 178.234 -2.16906 5.02711 62.7959 0.335543 -13 301 1 0 1
-11.6263 16.3312 178.234 -1.97757 6.97109 63.6515 1.33111 -13 302 1 0 1
3.42243 5.32685 178.234 3.72443 2.88343 62.3935 1.1123 -13 303 1 0 1
1.02915 17.6009 178.234 2.58006 7.58605 65.6965 1.60118 -13 304 1 0 1
-3.49307 -9.83378 178.234 0.846751 -4.49902 66.7654 0.0133347 -13 306 1 0 1
-4.58499 -32.068 178.234 -0.272004 -13.7931 72.7779 1.08754 -13 308 1 0 1
-0.630984 20.9296 178.234 1.98032 8.28299 66.1369 0.202759 -13 309 1 0 1
-12.8846 5.09476 178.234 -3.59116 2.54571 71.6419 0.843198 -13 312 1 0 1
-12.5411 27.4488 178.234 -3.52088 11.4722 71.9855 1.94002 -13 313 1 0 1
-12.5453 1.79188 178.234 -3.1879 0.806357 68.0904 0.443024 -13 314 1 0 1
-7.58976 -25.5475 178.234 -0.475777 -9.97057 63.8843 1.83207 -13 317 1 0 1
5.19223 -6.16158 178.234 4.14262 -2.01018 69.1234 -0.398985 -13 318 1 0 1
-2.54291 18.1516 178.234 0.704779 8.6627 70.1494 3.02233 -13 319 1 0 1
-10.667 7.88951 178.234 -4.77663 4.1257 79.9687 2.78634 -13 322 1 0 1
12.9302 18.9608 178.234 7.36871 7.43046 65.4494 0.366365 -13 324 1 0 1
10.6407 -12.2525 178.234 6.32997 -5.52648 72.3179 0.96354 -13 325 1 0 1
-11.3867 -11.7427 178.234 7.36238 -13.5183 45.2087 -0.368409 -13 328 1 0 1
1.52615 23.5289 178.234 2.73822 10.0458 68.6327 2.09888 -13 329 1 0 1
-11.8931 -14.4308 178.234 -2.16581 -5.43938 65.8276 1.35549 -13 334 1 0 1
2.95316 -17.4734 178.234 -8.51003 -0.997792 26.8607 1.62898 -13 335 1 0 1
2.21019 -24.9063 178.234 2.6939 -9.9151 68.6319 0.333446 -13 336 1 0 1
8.59333 -18.0385 178.234 5.35282 -5.14467 50.4209 1.58118 -13 339 1 0 1
11.7078 19.5579 178.234 6.90705 8.39179 68.9968 1.1914 -13 340 1 0 1
-4.07039 14.8666 178.234 -0.187701 7.0073 73.5575 1.56401 -13 342 1 0 1
8.44639 -16.0609 178.234 5.60079 -6.85436 61.9425 0.686096 -13 343 1 0 1
-0.616664 1.27956 178.234 1.87647 1.05125 69.0399 0.130253 -13 345 1 0 1
-5.20995 3.76249 178.234 0.065998 1.58107 68.4724 0.144281 -13 347 1 0 1
6.52873 15.0371 178.234 4.94831 5.75288 52.2077 0.674836 -13 348 1 0 1
4.24064 -31.6303 178.234 3.93039 -11.979 64.432 1.79863 -13 350 1 0 1
-6.51568 15.4925 178.234 -0.792184 6.01487 70.2828 -0.582555 -13 352 1 0 1
-1.89329 15.7177 178.234 1.62233 5.77854 65.8224 0.770987 -13 353 1 0 1
5.42105 20.4138 178.234 4.43623 5.87339 53.7356 1.54783 -13 354 1 0 1
-14.2288 19.7562 178.234 -4.7069 8.86039 73.8443 0.463234 -13 355 1 0 1
9.95604 4.88909 178.234 5.34293 1.58482 42.2934 1.39183 -13 357 1 0 1
-11.9201 -10.5824 178.234 -3.7023 -4.60626 75.259 0.311123 -13 360 1 0 1
11.6039 4.85904 178.234 6.45778 2.90099 77.0877 0.776967 -13 361 1 0 1
-0.147874 13.1217 178.234 1.41121 6.47747 75.2898 0.610657 -13 363 1 0 1
5.69796 -12.1469 178.234 4.26792 -4.29254 64.7472 1.25122 -13 364 1 0 1
-5.26069 20.1819 178.234 1.35286 6.29553 48.7838 -0.666109 -13 365 1 0 1
-2.55789 17.1143 178.234 1.41247 7.01377 64.9085 1.55835 -13 368 1 0 1
6.26399 -4.19477 178.234 4.82328 -0.879117 60.3122 -0.0375767 -13 369 1 0 1
2.66884 -12.1271 178.234 3.46913 -4.39139 66.1314 3.38496 -13 371 1 0 1
9.58972 -27.6996 178.234 6.01338 -9.76433 53.1508 1.9744 -13 372 1 0 1
-12.4152 -17.6325 178.234 -2.39631 -7.10081 64.6767 1.70999 -13 373 1 0 1
-14.8071 -0.131072 178.234 4.40955 0.131194 70.742 1.54278 -13 374 1 0 1
-13.251 -35.7894 178.234 -3.29659 -14.552 68.5521 1.45569 -13 376 1 0 1
1.97136 -9.92015 178.234 3.04811 -4.77662 67.382 2.76519 -13 385 1 0 1
7.7627 -6.61354 178.234 5.28069 -3.04893 69.7184 2.89918 -13 386 1 0 1
13.1229 -1.13849 178.234 6.89289 -0.148348 51.5915 0.431848 -13 388 1 0 1
-10.0634 3.74235 178.234 -1.26935 1.13675 63.8857 1.77721 -13 390 1 0 1
-10.0198 -2.73163 178.234 -0.407106 -1.7905 54.2736 1.36367 -13 392 1 0 1
0.782497 29.8281 178.234 2.71691 10.2184 60.4978 0.264304 -13 394 1 0 1
-4.72108 30.7148 178.234 -0.411636 14.3963 74.2095 -0.716355 -13 395 1 0 1
10.8434 -10.3586 178.234 -7.42354 6.57831 43.2162 2.3948 -13 397 1 0 1
7.31098 -6.70966 178.234 5.02277 -2.96598 66.6403 1.86371 -13 398 1 0 1
3.51405 -28.4736 178.234 3.25039 -11.3935 70.7987 3.01115 -13 399 1 0 1
12.2343 12.4186 178.234 7.04069 6.25914 64.3755 0.997822 -13 400 1 0 1
-8.31771 20.4837 178.234 -0.138314 6.87522 57.8343 0.810522 -13 402 1 0 1
14.0163 -19.2097 178.234 7.75256 -8.29455 65.8097 2.22452 -13 404 1 0 1
-1.61563 -19.0951 178.234 1.87179 -7.72033 60.1165 0.497415 -13 406 1 0 1
-1.16441 -15.2977 178.234 1.85685 -5.43836 65.9682 2.29387 -13 407 1 0 1
-7.94209 -14.6793 178.234 -2.09917 -6.59025 76.0891 -1.64884 -13 410 1 0 1
0.583978 19.2887 178.234 3.21201 4.07972 43.261 1.92616 -13 411 1 0 1
0.275335 -24.3471 178.234 2.25424 -9.73383 66.7606 2.26554 -13 412 1 0 1
1.93929 1.44014 178.234 2.77091 -0.0462945 69.632 2.44683 -13 418 1 0 1
9.18897 31.9881 178.234 5.797 11.9806 62.5947 1.56128 -13 419 1 0 1
2.88655 -21.817 178.234 2.96475 -10.2366 73.3821 0.506049 -13 421 1 0 1
0.549102 6.5121 178.234 2.66838 2.82838 64.1626 0.965557 -13 425 1 0 1
-0.128745 8.43651 178.234 1.34423 4.55107 74.0008 -0.484219 -13 426 1 0 1
-6.39298 28.6101 178.234 -0.21265 11.9468 65.364 1.40229 -13 428 1 0 1
5.93114 -12.1905 178.234 3.98701 -5.66286 75.7863 2.81499 -13 431 1 0 1
2.46736 -25.877 178.234 2.90107 -11.7487 69.5986 2.35124 -13 433 1 0 1
7.44819 30.587 178.234 -21.5465 18.1379 29.6846 1.26545 -13 434 1 0 1
10.1278 0.429116 178.234 6.11814 0.389966 67.2298 -1.32766 -13 437 1 0 1
0.543991 1.11734 178.234 3.11443 0.481729 55.013 3.08352 -13 438 1 0 1
4.45123 -31.8036 178.234 3.99708 -11.3863 62.8338 -0.0924786 -13 439 1 0 1
-13.2702 0.429097 178.234 -3.83684 0.0816604 71.7709 2.3081 -13 441 1 0 1
-8.77168 -1.80331 178.234 -1.09251 0.316085 65.7103 0.859821 -13 442 1 0 1
-5.61437 -16.7216 178.234 -0.199935 -5.92927 69.1741 -0.593075 -13 446 1 0 1
1.06271 7.43262 178.234 2.44422 3.67703 70.6291 -1.05614 -13 448 1 0 1
4.89183 -0.743538 178.234 4.26091 -0.587475 52.6472 0.969777 -13 449 1 0 1
12.8749 5.44233 178.234 6.95712 1.74199 80.8995 0.949726 -13 451 1 0 1
6.41195 -7.02436 178.234 4.90557 -3.1019 67.2841 2.06879 -13 452 1 0 1
-6.81479 8.75219 178.234 0.997702 2.48902 50.7065 2.54697 -13 454 1 0 1
-5.5255 0.387223 178.234 0.00705877 0.675901 65.5734 0.83543 -13 460 1 0 1
-8.16162 11.2374 178.234 -0.877686 4.92766 66.3965 1.33564 -13 461 1 0 1
12.3429 -5.36245 178.234 7.04759 -2.05904 68.7426 2.4386 -13 463 1 0 1
-6.67217 44.8839 178.234 1.43143 10.2106 38.2304 0.690408 -13 465 1 0 1
2.93083 40.2389 178.234 3.78092 11.8581 49.919 1.68046 -13 469 1 0 1
9.53619 -11.2271 178.234 5.99732 -3.83654 55.2401 0.516218 -13 473 1 0 1
11.6778 16.6033 178.234 6.88901 7.57553 71.9238 2.52031 -13 475 1 0 1
11.0678 30.9651 178.234 6.82033 11.5418 66.4632 -0.283276 -13 477 1 0 1
0.619434 -15.8147 178.234 2.56352 -5.53771 61.6832 -0.73218 -13 478 1 0 1
14.4437 -4.37784 178.234 -0.495537 -4.01973 39.2476 0.692307 -13 479 1 0 1
15.0254 -25.6433 178.234 5.31044 -9.35821 42.9382 1.73593 -13 482 1 0 1
8.25894 -35.5998 178.234 5.46122 -12.9233 57.7157 3.86647 -13 486 1 0 1
12.9025 23.7344 178.234 6.11271 6.96535 41.4872 2.78008 -13 489 1 0 1
0.132369 -33.9197 178.234 2.56206 -13.2599 62.3126 -0.746429 -13 490 1 0 1
14.0607 9.13825 178.234 7.74562 2.81332 69.6413 1.8502 -13 491 1 0 1
15.0036 14.075 178.234 8.89619 7.20557 60.5368 2.25826 -13 492 1 0 1
2.02196 -9.962 178.234 3.51861 -3.69617 59.5496 2.11906 -13 493 1 0 1
-6.31182 1.52081 178.234 -0.211616 0.729239 64.3714 1.3148 -13 497 1 0 1
-6.90586 16.4007 178.234 -0.764485 6.87274 68.9648 0.575069 -13 498 1 0 1
13.8007 10.9987 178.234 7.03308 2.82381 51.8181 0.379658 -13 499 1 0 1
11.0277 14.4835 178.234 6.16705 6.22746 79.1173 0.626072 -13 501 1 0 1
1.87587 -37.6702 178.234 2.92339 -14.2362 68.3313 -0.614128 -13 503 1 0 1
0.123495 10.8036 178.234 2.14462 4.61517 66.2862 1.31579 -13 504 1 0 1
-16.1981 -6.40656 178.234 7.00582 18.6467 40.3129 2.19694 -13 506 1 0 1
13.4405 -23.3892 178.234 19.0535 -14.129 56.4637 3.13812 -13 511 1 0 1
-11.7937 -9.54725 178.234 -1.5777 -3.183 58.6807 0.6934 -13 512 1 0 1
-5.85286 -0.438164 178.234 0.660762 -0.090933 55.2687 -2.3375 -13 514 1 0 1
-2.70905 9.22276 178.234 1.68336 4.00468 56.6873 -0.825268 -13 516 1 0 1
2.4344 -7.99391 178.234 2.83686 -4.14198 72.2448 -0.174098 -13 517 1 0 1
11.2837 1.64944 178.234 6.78459 0.974364 64.8988 1.82841 -13 518 1 0 1
9.57183 -16.3386 178.234 6.12836 -6.55582 60.3262 3.58685 -13 520 1 0 1
-6.50698 -25.4037 178.234 -0.612024 -10.127 69.7849 -0.505859 -13 521 1 0 1
3.96145 11.1762 178.234 2.70174 5.16288 80.5225 1.79427 -13 522 1 0 1
-12.4832 14.2895 178.234 -3.12536 5.35623 69.9097 1.83058 -13 523 1 0 1
11.7339 -7.34021 178.234 6.85886 -1.28481 61.6939 1.7669 -13 524 1 0 1
-5.9591 30.2394 178.234 0.509934 10.6685 59.1379 2.10408 -13 527 1 0 1
-3.96553 10.3781 178.234 1.56756 3.27074 54.5488 3.82131 -13 528 1 0 1
7.64392 12.0149 178.234 5.3148 4.73916 66.9452 0.376462 -13 530 1 0 1
7.57097 -8.52901 178.234 5.40457 -2.81922 59.7742 2.05065 -13 531 1 0 1
10.2515 25.4255 178.234 6.12832 11.8181 69.1232 -1.86586 -13 535 1 0 1
-2.35094 25.4927 178.234 0.847651 11.2266 70.5874 1.90053 -13 541 1 0 1
7.17411 41.3092 178.234 5.02236 12.9439 51.43 0.484421 -13 547 1 0 1
13.9952 16.5337 178.234 7.51905 6.86517 61.3049 3.30435 -13 548 1 0 1
-2.03394 24.8668 178.234 1.94663 8.18132 56.409 1.59908 -13 556 1 0 1
-2.28857 -9.8151 178.234 1.62546 -4.08704 62.0195 -1.57594 -13 558 1 0 1
-14.1884 26.7691 178.234 -1.91286 9.31496 55.5493 2.3865 -13 565 1 0 1
-8.66165 -10.5947 178.234 0.0790501 -3.01492 53.4346 1.34667 -13 567 1 0 1
-14.5331 18.4226 178.234 -4.22845 8.18883 71.7536 1.11292 -13 568 1 0 1
8.6577 -15.128 178.234 5.57332 -5.67994 61.4911 2.8276 -13 569 1 0 1
9.87537 -17.4993 178.234 5.97157 -4.97458 52.1465 -1.24223 -13 570 1 0 1
6.10196 -15.7278 178.234 4.2532 -7.69361 75.279 0.757897 -13 572 1 0 1
-12.1128 -8.10167 178.234 -2.76689 -4.29799 68.8591 2.90015 -13 573 1 0 1
9.88912 -5.93372 178.234 6.03032 -2.4578 69.476 1.13105 -13 575 1 0 1
1.87559 3.10372 178.234 2.86601 0.0786346 68.6898 0.0614532 -13 576 1 0 1
12.693 -9.8854 178.234 7.10752 -2.67058 65.4384 -0.986846 -13 577 1 0 1
-9.78069 32.3294 178.234 -2.36557 13.9883 72.1027 2.87531 -13 578 1 0 1
14.89 -1.20977 178.234 8.13332 -0.879693 70.9788 0.493611 -13 583 1 0 1
2.11496 -16.5411 178.234 2.96063 -6.99855 65.1304 -1.05954 -13 585 1 0 1
12.3663 -27.2871 178.234 7.03235 -11.9333 70.8951 3.12292 -13 586 1 0 1
4.9268 8.85561 178.234 3.98185 3.3331 70.4389 -0.303827 -13 589 1 0 1
-14.8728 -0.422624 178.234 -5.65624 0.466659 78.06 3.47018 -13 591 1 0 1
-0.930065 -2.23873 178.234 1.65392 -1.29892 71.4873 -1.67932 -13 592 1 0 1
13.379 7.21326 178.234 7.58191 1.6654 63.9337 2.94829 -13 593 1 0 1
15.1017 -6.39586 178.234 -3.75854 -13.5082 52.4715 1.59827 -13 595 1 0 1
3.82852 -22.9384 178.234 2.57625 -11.2725 80.6943 -0.841155 -13 598 1 0 1
-5.11861 -1.90541 178.234 1.53839 -0.524183 47.013 -0.291252 -13 599 1 0 1
9.03228 -29.6546 178.234 5.63941 -8.94047 50.4552 1.76786 -13 600 1 0 1
5.66309 -12.6819 178.234 -4.34272 -6.28795 8.65246 2.87565 -13 601 1 0 1
10.4038 -17.2645 178.234 6.43038 -6.46325 64.1902 1.652 -13 602 1 0 1
10.4612 20.7087 178.234 -3.10702 1.63331 53.4509 0.28252 -13 607 1 0 1
-13.7858 11.1987 178.234 -3.34015 5.87628 67.1731 -0.667955 -13 610 1 0 1
-0.56989 0.00730796 178.234 2.59507 -0.615396 54.2343 2.07814 -13 611 1 0 1
10.9653 -15.4216 178.234 6.66284 -6.55402 64.287 0.733316 -13 614 1 0 1
12.6117 14.1733 178.234 7.06092 7.0824 77.9278 0.706017 -13 616 1 0 1
-13.6914 -9.08836 178.234 -2.89555 -3.01216 63.7751 0.35608 -13 617 1 0 1
-7.99603 7.5939 178.234 -2.52608 3.37459 77.9551 -1.28538 -13 620 1 0 1
12.7666 -12.0137 178.234 7.1132 -3.28834 59.709 1.77985 -13 621 1 0 1
6.75983 1.08444 178.234 5.05663 1.2736 60.6145 0.793554 -13 623 1 0 1
12.1504 21.9141 178.234 6.95185 6.82897 59.1577 0.26388 -13 625 1 0 1
1.81195 37.6076 178.234 3.26991 14.8739 64.7635 1.24614 -13 629 1 0 1
11.3321 5.81649 178.234 6.81123 2.22324 58.8832 0.463513 -13 631 1 0 1
1.379 -20.7686 178.234 2.73363 -8.05096 66.7879 -0.479963 -13 632 1 0 1
7.0849 -40.3479 178.234 4.09877 -6.8061 28.3385 2.08254 -13 638 1 0 1
2.46994 -41.0422 178.234 2.98874 -17.0446 69.671 0.627299 -13 643 1 0 1
-8.62891 -32.5554 178.234 0.212752 -9.98649 50.0841 3.51351 -13 644 1 0 1
-0.438969 -13.7264 178.234 1.38238 -5.41644 73.6903 1.90945 -13 650 1 0 1
9.82864 6.8638 178.234 5.97515 2.61162 67.9699 1.48963 -13 651 1 0 1
-2.54835 -14.0555 178.234 1.16301 -5.76337 65.9589 2.01597 -13 652 1 0 1
7.25022 -13.7147 178.234 4.93324 -5.0204 68.2814 1.615 -13 653 1 0 1
-6.12065 -28.9168 178.234 1.58826 -6.28376 34.6863 1.8544 -13 655 1 0 1
-1.61368 -0.674169 178.234 1.78567 0.583034 61.6185 1.66251 -13 657 1 0 1
-3.63584 -19.6985 178.234 0.421277 -7.16759 69.0559 3.20063 -13 659 1 0 1
3.41993 -11.4804 178.234 3.44906 -4.26185 66.2393 -0.504971 -13 660 1 0 1
-6.64959 -12.1235 178.234 -1.79788 -6.66378 76.5866 2.54265 -13 661 1 0 1
-9.49148 11.3541 178.234 -0.669722 3.92057 58.1432 0.826451 -13 662 1 0 1
3.41429 18.3016 178.234 -4.6539 5.33467 26.6353 1.94087 -13 663 1 0 1
-5.81794 -21.2273 178.234 -0.676695 -8.56508 70.423 2.69458 -13 664 1 0 1
-4.98214 -10.9004 178.234 -0.897014 -5.38095 76.9582 1.20814 -13 665 1 0 1
7.6363 3.84012 178.234 5.2116 1.58344 60.3715 -1.0948 -13 667 1 0 1
2.7397 -25.3797 178.234 3.37729 -5.55522 35.2176 2.37462 -13 668 1 0 1
9.52626 -33.8493 178.234 6.15624 -13.3451 66.8592 2.37541 -13 669 1 0 1
12.3197 -23.2323 178.234 7.0696 -9.65872 72.0036 0.971518 -13 670 1 0 1
-0.497063 -37.2176 178.234 2.36167 -14.0404 62.0258 4.22 -13 675 1 0 1
6.8466 24.1059 178.234 4.78393 11.7052 71.3162 2.50028 -13 678 1 0 1
-12.9784 31.2247 178.234 5.29604 2.26579 45.8432 1.05115 -13 679 1 0 1
-7.80612 7.86415 178.234 0.213806 2.20322 56.1481 0.234495 -13 680 1 0 1
0.609712 -10.5755 178.234 2.00731 -6.11178 73.4495 -2.30064 -13 681 1 0 1
-1.53944 -21.5578 178.234 1.92752 -7.59096 60.9136 0.85227 -13 684 1 0 1
-0.171307 11.5212 178.234 2.14089 3.91238 66.631 0.971354 -13 688 1 0 1
11.9082 -0.899095 178.234 6.73643 -1.05363 64.5908 -0.930481 -13 691 1 0 1
-4.47562 -2.2143 178.234 0.697716 -1.76261 62.4401 0.102319 -13 692 1 0 1
7.76838 -20.6544 178.234 5.22338 -7.09529 64.7677 3.39425 -13 694 1 0 1
10.7047 21.3426 178.234 6.50796 8.20761 64.3389 1.38498 -13 696 1 0 1
-8.71081 9.86824 178.234 -2.006 4.61647 71.0665 1.50286 -13 697 1 0 1
7.42027 -12.021 178.234 4.91592 -5.13089 73.0412 2.34929 -13 700 1 0 1
13.8891 11.1378 178.234 7.22927 3.22275 53.3953 2.60024 -13 705 1 0 1
1.75279 11.565 178.234 3.44164 3.84664 54.6097 -0.432809 -13 706 1 0 1
1.59667 9.18967 178.234 2.46339 5.20309 72.2586 4.28336 -13 707 1 0 1
4.12079 -17.5681 178.234 3.97886 -7.36429 65.5507 1.11078 -13 709 1 0 1
5.91436 -19.141 178.234 4.4075 -7.6585 68.9865 2.38415 -13 712 1 0 1
-6.03226 -21.6201 178.234 -2.07072 -10.9193 80.4121 0.916213 -13 713 1 0 1
13.2276 -1.8014 178.234 6.73926 -1.137 49.5591 2.90925 -13 714 1 0 1
-4.14705 16.537 178.234 0.0788603 7.49727 71.2346 -0.0973891 -13 715 1 0 1
2.70015 -9.89508 178.234 3.67846 -3.28278 52.7201 2.99008 -13 717 1 0 1
-10.9981 -0.141695 178.234 -2.96283 -0.598245 72.3738 1.91005 -13 718 1 0 1
12.5921 8.43427 178.234 7.19962 4.21952 71.6243 0.87369 -13 719 1 0 1
5.51777 31.6385 178.234 4.48432 12.308 65.269 3.12166 -13 720 1 0 1
7.17714 -13.3637 178.234 5.0246 -4.21315 61.592 -0.132169 -13 723 1 0 1
5.76698 26.7745 178.234 4.23742 11.0105 72.1206 2.97595 -13 724 1 0 1
-8.14304 21.2264 178.234 -0.0106369 6.57464 55.6646 0.880549 -13 725 1 0 1
12.7066 -13.4208 178.234 7.01222 -5.78511 76.0453 -0.885296 -13 729 1 0 1
2.18621 -34.5603 178.234 3.60036 -7.00683 36.1344 1.43014 -13 730 1 0 1
-4.13531 -10.2477 178.234 0.20568 -3.89144 70.6142 -0.258395 -13 731 1 0 1
-6.12204 21.3809 178.234 -0.298669 8.16428 68.7649 3.01113 -13 732 1 0 1
-7.24401 -3.2403 178.234 0.954788 -1.54761 46.7293 0.89911 -13 733 1 0 1
13.8785 -1.23849 178.234 7.8265 -2.70121 71.1691 3.2246 -13 734 1 0 1
-2.27534 22.9262 178.234 1.72941 8.27157 62.9181 3.1242 -13 737 1 0 1
1.79946 33.131 178.234 3.15172 11.6999 56.4813 2.67913 -13 738 1 0 1
-12.3155 2.81317 178.234 -3.66421 1.09328 73.2126 1.73726 -13 740 1 0 1
-2.80482 12.3862 178.234 0.750689 5.7721 72.076 2.29621 -13 743 1 0 1
1.12003 19.9622 178.234 3.10709 6.03062 55.2511 1.42182 -13 744 1 0 1
-0.950664 -15.9209 178.234 1.67039 -6.47445 68.3871 -0.819351 -13 746 1 0 1
8.62482 -6.85473 178.234 5.60898 -2.66667 67.8552 1.18012 -13 747 1 0 1
-9.20691 6.82484 178.234 0.252804 2.29295 49.2927 -0.549663 -13 748 1 0 1
15.5673 -17.1131 178.234 6.01305 -17.4665 32.2098 2.0922 -13 749 1 0 1
5.49072 13.4665 178.234 4.52929 3.41357 63.8799 1.75114 -13 750 1 0 1
15.0694 26.8943 178.234 0.117028 11.5302 47.736 1.21241 -13 751 1 0 1
0.00978785 33.1773 178.234 2.29233 13.853 66.7103 0.533711 -13 752 1 0 1
0.746732 4.02282 178.234 2.75568 0.822843 64.3854 -0.000529919 -13 753 1 0 1
6.18946 -6.53172 178.234 4.21874 -3.24772 75.693 -0.496039 -13 755 1 0 1
4.15671 9.44258 178.234 -23.2085 -20.1723 27.1773 0.0631098 -13 756 1 0 1
14.5068 -15.429 178.234 7.80734 -6.01461 56.1643 1.49391 -13 758 1 0 1
3.6688 -16.0548 178.234 3.81014 -5.13432 58.4492 1.79957 -13 761 1 0 1
12.0526 10.6285 178.234 6.90346 4.59611 69.7746 -1.6103 -13 764 1 0 1
0.881459 -15.6627 178.234 2.9235 -6.28569 64.9016 0.47712 -13 765 1 0 1
-13.0346 -14.8585 178.234 -3.41165 -8.02073 70.8524 -0.0704415 -13 770 1 0 1
-10.5661 -6.29769 178.234 -0.97318 -1.72229 58.6597 2.04838 -13 774 1 0 1
-1.03167 18.3087 178.234 2.43334 6.12429 55.3123 3.6754 -13 776 1 0 1
-10.9935 -18.1718 178.234 -2.28664 -7.70249 67.6269 0.97307 -13 777 1 0 1
7.27412 30.8711 178.234 4.89581 9.11223 45.82 3.9146 -13 778 1 0 1
-3.91491 5.58781 178.234 0.730921 1.70463 66.3252 0.900683 -13 781 1 0 1
-8.7762 -17.5493 178.234 -0.962134 -6.56502 63.3422 1.55541 -13 782 1 0 1
13.0827 -12.3015 178.234 7.04656 -5.23389 59.9718 3.09024 -13 790 1 0 1
-6.45936 -6.43163 178.234 -0.247317 -2.43523 66.7933 3.1987 -13 792 1 0 1
14.8429 -24.7688 178.234 8.22855 -9.59285 68.7417 1.27609 -13 794 1 0 1
-13.8525 3.83377 178.234 -2.0695 1.2456 59.0316 0.993769 -13 796 1 0 1
10.5483 -3.32014 178.234 5.94716 -1.65096 48.0689 0.443016 -13 797 1 0 1
2.52318 39.667 178.234 2.65705 17.5583 73.7417 2.95221 -13 798 1 0 1
5.58757 13.0755 178.234 4.47339 4.62505 63.4893 1.94993 -13 799 1 0 1
7.94913 -16.2876 178.234 5.33243 -7.03811 66.8627 -0.277379 -13 802 1 0 1
9.98636 6.65605 178.234 5.83252 4.25379 75.6925 -0.756699 -13 803 1 0 1
-10.248 -25.5074 178.234 -1.6343 -9.57099 66.4388 1.40621 -13 807 1 0 1
-6.52214 -9.71225 178.234 -1.60535 -4.95628 77.0578 0.247159 -13 810 1 0 1
9.31537 6.34702 178.234 6.013 3.12488 70.4275 0.757383 -13 811 1 0 1
-13.3285 -18.2109 178.234 -0.219136 -3.95179 39.7688 3.45057 -13 812 1 0 1
4.85895 2.70145 178.234 4.31078 1.72731 62.5502 1.76014 -13 814 1 0 1
-6.73925 28.5123 178.234 -11.6332 9.42735 35.9591 -0.698918 -13 815 1 0 1
5.45741 -7.01084 178.234 3.68013 -3.15659 77.0054 2.40745 -13 816 1 0 1
-0.841695 -6.04229 178.234 2.53517 -1.25302 52.8531 -0.566831 -13 821 1 0 1
-2.36135 -4.90188 178.234 2.51862 -0.795485 25.6787 2.22977 -13 824 1 0 1
-6.20076 -14.4933 178.234 0.0715566 -5.39196 61.4188 1.33375 -13 825 1 0 1
10.6242 18.3943 178.234 6.33068 7.97406 66.5528 -0.393923 -13 826 1 0 1
13.0101 -32.7579 178.234 7.31994 -12.5614 61.9226 3.71402 -13 827 1 0 1
-2.37563 -1.73328 178.234 1.5263 -1.36328 64.974 -1.44511 -13 828 1 0 1
12.2067 -24.0163 178.234 6.99929 -9.32272 64.0955 0.86048 -13 830 1 0 1
6.64896 -22.1195 178.234 4.98237 -7.49922 55.6171 1.49203 -13 832 1 0 1
0.865364 -9.47673 178.234 2.69083 -3.59009 62.043 1.41701 -13 833 1 0 1
2.16597 -23.1254 178.234 3.40119 -7.79586 60.5288 0.834548 -13 834 1 0 1
-7.9716 -31.631 178.234 -2.58988 -14.9053 77.3574 -0.0299077 -13 835 1 0 1
9.21871 -21.429 178.234 5.86612 -6.46061 55.325 0.72424 -13 839 1 0 1
-14.3886 16.7833 178.234 -2.6486 5.80584 60.4293 3.49671 -13 840 1 0 1
-2.45361 21.1648 178.234 1.82751 6.78112 58.6981 -0.738203 -13 841 1 0 1
4.25916 -11.4592 178.234 3.57453 -4.65642 73.2402 -0.0357023 -13 842 1 0 1
-11.8161 -32.5782 178.234 -3.599 -15.5137 73.541 1.43096 -13 843 1 0 1
-10.788 32.4848 178.234 -1.05467 11.3031 58.6209 1.98551 -13 844 1 0 1
-9.4703 -4.22836 178.234 -0.456814 -2.00455 55.7665 0.323449 -13 848 1 0 1
-4.18672 15.9297 178.234 1.13169 5.22641 59.9148 0.596798 -13 851 1 0 1
9.70553 7.41056 178.234 -5.03718 10.2314 45.8991 1.55224 -13 852 1 0 1
-1.59033 13.6278 178.234 1.91926 4.94437 61.2758 2.14244 -13 853 1 0 1
-1.92728 -2.24458 178.234 0.972493 -1.9379 69.6968 0.147533 -13 854 1 0 1
-6.64468 26.4553 178.234 0.0941594 9.75819 61.9553 1.17246 -13 855 1 0 1
10.3332 -2.99923 178.234 6.38869 0.00261609 65.8491 0.133401 -13 857 1 0 1
10.3169 -4.21374 178.234 6.27207 -1.00418 55.3214 2.72258 -13 859 1 0 1
-3.99639 9.49802 178.234 0.567937 3.92469 68.0123 2.30879 -13 860 1 0 1
-0.36483 -14.306 178.234 1.24948 -6.74764 77.0992 -0.906635 -13 861 1 0 1
5.15597 14.5575 178.234 4.33303 5.91007 63.7914 0.946524 -13 862 1 0 1
1.20777 3.22713 178.234 2.96887 1.45935 62.6102 0.432328 -13 864 1 0 1
-2.21325 -12.8225 178.234 1.99377 -3.61525 55.4337 2.91956 -13 865 1 0 1
7.3263 14.1378 178.234 -8.93588 1.58623 58.3176 0.340563 -13 867 1 0 1
-8.21919 2.33979 178.234 -2.82458 0.487053 78.7468 -0.727293 -13 868 1 0 1
8.32539 -15.8275 178.234 5.45243 -6.06771 59.8429 1.82969 -13 870 1 0 1
12.8846 -44.1351 178.234 7.26726 -17.2193 64.5724 -0.157043 -13 871 1 0 1
-4.89156 -7.14949 178.234 0.193738 -2.46915 67.7968 -0.13571 -13 872 1 0 1
-4.22421 20.7443 178.234 0.481684 8.39509 66.9795 3.58154 -13 874 1 0 1
-4.13851 -17.1182 178.234 0.896827 -6.67345 62.9751 1.25186 -13 875 1 0 1
14.9363 18.4962 178.234 8.09038 7.84268 74.5713 0.931958 -13 876 1 0 1
5.19743 18.3844 178.234 4.30298 8.75806 68.5238 -1.02368 -13 877 1 0 1
4.9359 26.8769 178.234 3.81554 12.4369 72.6475 -2.75807 -13 878 1 0 1
-11.7402 11.6067 178.234 -0.612643 3.31839 51.7828 2.34051 -13 879 1 0 1
11.6393 -8.29501 178.234 6.44856 -5.36859 79.4938 3.22231 -13 886 1 0 1
-11.7911 34.312 178.234 3.60517 16.4971 53.5542 1.55173 -13 887 1 0 1
7.63539 12.713 178.234 5.34883 3.55563 55.1958 1.15622 -13 888 1 0 1
2.20666 -11.3585 178.234 3.42748 -3.69861 57.4044 0.457226 -13 889 1 0 1
-1.27242 -15.4814 178.234 1.37629 -5.57871 71.633 1.36451 -13 892 1 0 1
-10.5205 36.3185 178.234 -2.08369 15.1063 68.4161 -0.721929 -13 896 1 0 1
3.33768 -16.1618 178.234 3.67028 -4.67289 49.2172 -0.567408 -13 897 1 0 1
13.9351 -3.5312 178.234 7.18108 -0.879195 55.3325 0.400171 -13 898 1 0 1
14.7829 -1.18346 178.234 8.03793 -1.30169 68.2137 1.52021 -13 901 1 0 1
4.52526 -26.3117 178.234 3.48617 -10.0885 74.5138 2.04463 -13 903 1 0 1
-3.40872 -3.09329 178.234 -10.9285 1.48256 15.8968 3.39731 -13 904 1 0 1
9.55444 25.1886 178.234 5.96447 9.41893 67.4834 1.25047 -13 907 1 0 1
-3.34066 -22.8528 178.234 2.15932 -5.11479 37.7174 1.67699 -13 908 1 0 1
0.283683 -9.43525 178.234 1.64871 -3.36934 73.7374 1.56862 -13 909 1 0 1
-2.62528 -12.6788 178.234 0.819826 -5.42913 70.5633 0.745208 -13 910 1 0 1
-4.24226 26.52 178.234 -1.47037 13.7275 79.0602 2.15191 -13 913 1 0 1
7.46221 -23.0422 178.234 -8.93525 -4.19692 34.8215 0.264836 -13 915 1 0 1
6.60717 32.5118 178.234 4.67607 8.27109 40.9498 1.15512 -13 917 1 0 1
-3.2916 8.24643 178.234 0.998788 2.72337 66.5533 0.338699 -13 919 1 0 1
-14.0331 -2.70919 178.234 12.982 -5.45863 64.0287 1.2964 -13 920 1 0 1
-10.444 -1.87884 178.234 -1.09969 -0.715646 59.1849 0.87125 -13 923 1 0 1
1.22445 7.25674 178.234 2.59605 2.40305 68.4911 -0.122296 -13 924 1 0 1
6.21364 21.1309 178.234 4.6857 8.03984 62.7815 1.3528 -13 925 1 0 1
-10.1298 12.217 178.234 -3.38216 5.11927 77.3841 2.22711 -13 926 1 0 1
-0.70617 -6.21561 178.234 2.16474 -1.59021 67.9314 1.48008 -13 927 1 0 1
-0.969287 3.96861 178.234 1.61093 1.60858 70.4647 2.24095 -13 930 1 0 1
0.206119 -19.7202 178.234 2.87187 -6.31464 52.7585 3.00297 -13 932 1 0 1
-9.29059 9.07527 178.234 -2.58775 4.43382 74.7132 0.316428 -13 934 1 0 1
-3.16551 -10.1166 178.234 0.206387 -3.46527 73.4365 0.666371 -13 938 1 0 1
8.95065 -8.85625 178.234 5.93092 -3.18679 61.1245 0.450299 -13 939 1 0 1
3.04285 9.24875 178.234 3.65797 3.73678 60.4923 0.968488 -13 940 1 0 1
-6.86862 15.5463 178.234 -0.438652 6.81069 66.7311 1.15617 -13 941 1 0 1
2.30706 9.80294 178.234 3.60228 3.86086 52.501 0.686261 -13 944 1 0 1
7.70139 36.586 178.234 5.08728 16.0717 70.5574 1.79624 -13 945 1 0 1
7.49656 20.7262 178.234 4.86841 5.56743 44.9783 0.523409 -13 946 1 0 1
-14.3588 -10.6407 178.234 -1.6702 -3.40772 54.5244 1.50019 -13 949 1 0 1
-2.34695 13.6178 178.234 1.49272 4.91849 65.9926 1.01425 -13 950 1 0 1
10.324 -49.8312 178.234 6.22436 -15.9698 54.1624 0.876936 -13 954 1 0 1
-0.268797 10.3882 178.234 2.58212 2.72216 54.8112 0.997384 -13 956 1 0 1
-4.73598 -6.37443 178.234 13.2886 -6.47915 70.0947 0.0842102 -13 958 1 0 1
-13.5519 -6.20252 178.234 -4.36056 -3.0525 74.0603 -1.12582 -13 960 1 0 1
9.5743 -24.5997 178.234 5.99254 -7.60241 55.0208 1.27958 -13 961 1 0 1
4.77439 3.99352 178.234 4.36399 1.14615 62.4156 2.94322 -13 964 1 0 1
-2.04263 -24.0249 178.234 1.52116 -9.53003 64.4359 2.39376 -13 965 1 0 1
12.3828 10.6873 178.234 7.21618 5.2108 67.6369 -0.187023 -13 971 1 0 1
8.18103 39.3153 178.234 4.54324 7.67984 30.9498 0.864385 -13 972 1 0 1
3.60163 6.52732 178.234 3.54043 1.62859 33.8026 0.873649 -13 973 1 0 1
-6.5382 12.8227 178.234 -0.533895 5.36585 69.3397 0.329862 -13 974 1 0 1
-13.0866 -0.52885 178.234 -4.04927 1.12855 74.6655 2.56228 -13 975 1 0 1
-2.15628 -33.5796 178.234 1.7443 -11.7678 61.3309 1.41506 -13 977 1 0 1
-13.2972 -6.49948 178.234 -3.8785 -3.22541 71.4799 -0.487861 -13 979 1 0 1
-0.723426 -9.25362 178.234 2.01811 -4.17209 63.0576 0.340815 -13 981 1 0 1
5.71954 6.11111 178.234 4.22266 4.01479 73.2944 0.603981 -13 983 1 0 1
-12.747 -13.2107 178.234 -2.16853 -4.58666 61.4993 0.744546 -13 986 1 0 1
10.1545 -16.2576 178.234 6.30166 -6.34398 69.6361 2.03349 -13 989 1 0 1
0.361145 -15.098 178.234 2.21691 -7.30739 69.8275 1.24538 -13 990 1 0 1
-7.3925 23.3424 178.234 0.656236 6.54591 51.4967 -1.01073 -13 991 1 0 1
-11.9316 19.4403 178.234 0.0518988 4.67786 42.3046 2.27475 -13 992 1 0 1
-14.1254 0.414822 178.234 -3.69609 0.0742765 68.9398 1.18535 -13 996 1 0 1
4.08878 9.44991 178.234 3.99555 2.78629 48.2347 3.68193 -13 997 1 0 1
-0.642367 -17.0301 178.234 2.65407 -4.86366 47.9029 0.734892 -13 1000 1 0 1
