#BLTrackFile NTuple/Z160
#x y z Px Py Pz t PDGid EventID TrackID ParentID Weight
#mm mm mm MeV/c MeV/c MeV/c ns - - - - -
113.748 -7.82848 160.001 22.4135 -2.19906 32.3016 1.74198 -13 84 1 0 1
128.458 -33.8409 160.001 31.672 -10.1376 36.0422 0.615671 -13 143 1 0 1
117.804 36.3774 160.001 25.088 14.3668 36.4508 2.01705 -13 167 1 0 1
100.517 21.394 160.001 23.0513 6.60474 41.3823 1.00009 -13 194 1 0 1
122.918 -61.1378 160.001 25.6982 -18.9619 32.5603 1.63899 -13 238 1 0 1
138.772 34.9065 160.001 29.6987 11.4697 33.669 2.8221 -13 407 1 0 1
143.42 -38.5179 160.001 37.205 -12.6615 37.0922 2.43464 -13 493 1 0 1
140.431 -3.53222 160.001 31.9387 -2.04978 33.1444 2.73982 -13 565 1 0 1
95.0923 -12.8197 160.001 18.7423 -0.685334 39.4506 3.12889 -13 569 1 0 1
89.9107 52.5458 160.001 12.5893 14.0656 29.8145 1.39719 -13 662 1 0 1
115.993 29.2137 160.001 25.4298 12.2273 36.5847 1.39345 -13 688 1 0 1
123.991 17.412 160.001 28.8656 5.83995 38.2203 3.18735 -13 717 1 0 1
125.62 -8.97423 160.001 33.4546 -3.73696 42.6311 1.18508 -13 781 1 0 1
137.752 -45.8294 160.001 31.766 -14.6763 34.5995 1.79316 -13 925 1 0 1
142.963 -31.1112 160.001 32.5113 -7.37848 33.5147 1.2439 -13 938 1 0 1
132.062 15.9767 160.001 33.1924 6.0686 35.9212 0.54545 -13 958 1 0 1
