#BLTrackFile NTuple/Z38
#x y z Px Py Pz t PDGid EventID TrackID ParentID Weight
#mm mm mm MeV/c MeV/c MeV/c ns - - - - -
-4.90296 -4.0081 38.2182 -20.0223 -6.80805 69.081 -0.959012 -13 1 1 0 1
3.30856 3.64915 38.2182 -4.92548 -1.68553 80.8884 0.143995 -13 2 1 0 1
-1.67009 -1.58088 38.2182 -11.7879 -4.37363 69.1352 1.09546 -13 3 1 0 1
-4.22184 -3.07266 38.2182 -22.4253 -3.25792 74.5957 0.544256 -13 4 1 0 1
-7.29253 2.02522 38.2182 -17.3897 0.813355 57.1528 0.702308 -13 5 1 0 1
-3.12121 -1.78038 38.2182 -16.6479 -1.63771 72.728 -0.581396 -13 6 1 0 1
-2.68993 -3.224 38.2182 -8.08088 -5.53002 59.5599 -0.683741 -13 7 1 0 1
-10.7204 -1.37584 38.2182 -17.2567 2.40825 40.2665 0.178113 -13 8 1 0 1
-0.200878 4.64676 38.2182 -4.91291 11.3969 62.3653 1.30869 -13 9 1 0 1
-1.46301 -4.51804 38.2182 -7.20422 -7.19857 65.4828 0.890474 -13 10 1 0 1
1.69242 4.67784 38.2182 -3.9241 10.4565 71.1707 -0.325375 -13 11 1 0 1
-5.18315 -2.25643 38.2182 -13.282 -6.87246 57.6516 1.89426 -13 12 1 0 1
1.03341 5.02487 38.2182 0.247113 5.57851 37.7101 -0.610382 -13 13 1 0 1
0.85889 -4.99205 38.2182 -3.75356 -6.43299 67.2845 -1.33043 -13 14 1 0 1
-0.395083 -4.13839 38.2182 -5.5012 -8.74047 66.1229 1.67995 -13 15 1 0 1
7.11821 -8.24866 38.2182 9.10407 -17.9112 57.0525 2.34902 -13 16 1 0 1
-5.23546 4.15855 38.2182 -15.2562 11.5066 60.5398 -0.448558 -13 17 1 0 1
-6.93909 -4.30195 38.2182 -13.1246 -10.3846 48.3407 1.62715 -13 18 1 0 1
-9.89467 1.76679 38.2182 -26.7428 6.00807 58.8512 0.336088 -13 19 1 0 1
-3.48232 -6.57611 38.2182 -11.6309 -13.0999 61.4101 3.16149 -13 20 1 0 1
-4.84863 -0.594213 38.2182 -11.0948 3.93549 55.3971 -0.976211 -13 22 1 0 1
-11.5853 4.97699 38.2182 -22.6867 8.86884 47.1019 0.928423 -13 24 1 0 1
0.957047 -2.57267 38.2182 -4.65736 -1.55928 70.3004 0.495464 -13 25 1 0 1
-1.93582 0.693294 38.2182 -9.54368 2.42566 67.3736 0.0758808 -13 26 1 0 1
-1.50409 -3.81685 38.2182 -8.01976 -1.67164 65.3908 1.66666 -13 27 1 0 1
-0.532498 -5.78737 38.2182 -9.22953 -14.0911 71.5593 0.46391 -13 28 1 0 1
-3.00503 1.99173 38.2182 -12.1208 8.50492 64.5539 1.22586 -13 30 1 0 1
-2.60181 -0.153978 38.2182 -14.1426 2.15487 69.8828 -0.065995 -13 31 1 0 1
-5.59893 -2.6781 38.2182 -14.3875 -6.39247 58.7259 -0.271195 -13 32 1 0 1
-7.35588 0.866305 38.2182 -21.01 5.19334 62.1416 -0.397983 -13 34 1 0 1
-10.2809 -5.95012 38.2182 -31.0335 -11.443 64.6376 2.40737 -13 35 1 0 1
-4.26529 -0.965885 38.2182 -13.7911 3.41926 63.6779 -0.894343 -13 36 1 0 1
-0.98887 -2.41793 38.2182 -13.8657 -9.8266 77.2769 -1.25224 -13 37 1 0 1
-3.29024 -1.02505 38.2182 -9.54283 -4.1387 58.3942 1.66816 -13 38 1 0 1
-5.62158 0.848887 38.2182 -12.5396 1.24897 49.3957 0.990018 -13 40 1 0 1
0.548524 6.90361 38.2182 -2.63667 12.5084 60.4568 0.0582178 -13 41 1 0 1
-1.57258 0.265708 38.2182 -9.87411 -4.01806 67.1379 1.45892 -13 42 1 0 1
-4.33471 -1.11527 38.2182 -26.0666 -3.63439 75.5694 0.513382 -13 43 1 0 1
-0.871383 1.80875 38.2182 -3.18833 1.66038 55.8735 0.860475 -13 44 1 0 1
-1.37699 -3.30257 38.2182 -9.5629 -7.4112 66.586 0.604496 -13 46 1 0 1
-2.69429 5.48273 38.2182 -8.59456 5.82992 58.036 1.14177 -13 47 1 0 1
-3.90927 2.28459 38.2182 -14.6659 11.2887 63.9955 0.904287 -13 48 1 0 1
-1.55465 -4.19136 38.2182 -10.0851 -18.7875 67.0487 -0.345697 -13 49 1 0 1
-2.90393 1.39663 38.2182 -4.01916 3.76178 39.9819 -0.411341 -13 50 1 0 1
-1.87175 1.94729 38.2182 -13.4621 0.168182 71.1375 -0.0983542 -13 51 1 0 1
-5.56273 4.7313 38.2182 -11.8368 10.4322 52.4893 0.301788 -13 52 1 0 1
-2.49159 4.38456 38.2182 -5.96553 6.41218 54.9408 -2.13837 -13 53 1 0 1
-4.31437 6.92692 38.2182 -6.3394 8.24952 38.8512 0.267421 -13 54 1 0 1
-3.53414 -0.977641 38.2182 -15.9381 -4.77602 68.3271 1.10214 -13 55 1 0 1
3.90071 3.82593 38.2182 4.2172 8.41977 61.5284 -0.775351 -13 56 1 0 1
-2.59304 -2.91316 38.2182 -8.83474 -3.82087 62.4459 -0.207733 -13 58 1 0 1
-1.46043 -4.35406 38.2182 -8.93782 -10.4567 66.2054 2.15549 -13 59 1 0 1
-1.5508 6.40937 38.2182 -5.39487 16.1809 54.8053 0.467272 -13 60 1 0 1
-4.42686 1.10523 38.2182 -13.1527 4.84015 60.8094 -0.644954 -13 61 1 0 1
-1.66425 -1.08195 38.2182 -10.0907 2.17279 68.5752 -0.358412 -13 62 1 0 1
-4.22895 -3.58821 38.2182 -6.69786 -4.34776 30.9738 0.437551 -13 63 1 0 1
-1.52589 -0.672928 38.2182 -6.8018 0.139083 60.3721 0.334103 -13 64 1 0 1
-0.400016 1.3789 38.2182 -5.32702 0.873543 65.061 -1.2532 -13 65 1 0 1
-1.55309 0.673835 38.2182 -10.3902 0.339902 69.8656 0.640199 -13 66 1 0 1
-1.69171 -2.67032 38.2182 -6.05411 -2.28772 60.1648 -0.480546 -13 67 1 0 1
-2.77934 7.66377 38.2182 -5.85625 10.3528 50.0229 -0.74212 -13 68 1 0 1
-4.28663 -2.56606 38.2182 -12.3755 -6.47998 60.8866 0.192188 -13 69 1 0 1
-1.53956 0.00179954 38.2182 -16.4225 -9.59834 78.2299 0.412515 -13 70 1 0 1
-3.36742 2.26696 38.2182 -8.25277 0.358556 59.4205 -1.26124 -13 71 1 0 1
1.00933 6.7186 38.2182 -2.67222 10.3819 64.1989 1.30961 -13 72 1 0 1
-2.07505 -0.400955 38.2182 -14.0255 -6.31714 72.2677 -0.722323 -13 73 1 0 1
-2.31945 5.07643 38.2182 -6.87508 11.0675 56.2673 0.468167 -13 74 1 0 1
-0.51763 3.49408 38.2182 -10.5944 6.49251 73.6241 -2.67109 -13 75 1 0 1
4.35753 1.05637 38.2182 -4.10294 2.06226 79.7214 -1.5323 -13 76 1 0 1
-5.47654 3.37473 38.2182 -13.7245 1.83118 53.9904 2.59878 -13 77 1 0 1
-5.72277 1.16481 38.2182 -14.2045 -0.00371929 55.8641 -0.548315 -13 78 1 0 1
-1.76927 -0.737672 38.2182 -7.90037 -2.62113 61.59 1.64136 -13 79 1 0 1
-1.01088 -5.26839 38.2182 -10.4279 -9.34596 70.1442 0.249373 -13 80 1 0 1
0.910383 0.920674 38.2182 -5.23526 10.7238 69.8316 0.278329 -13 81 1 0 1
-2.58478 -2.15671 38.2182 -7.91732 -2.68136 61.4007 1.42676 -13 82 1 0 1
-6.91772 6.73329 38.2182 -20.7928 19.2555 62.8495 0.241771 -13 83 1 0 1
-11.4361 3.27603 38.2182 -27.9402 6.29846 54.5655 0.376573 -13 84 1 0 1
-0.531723 0.566923 38.2182 -9.50334 -0.552691 74.4914 1.34783 -13 85 1 0 1
0.233418 0.231546 38.2182 -4.90532 -7.60199 66.8026 0.0312112 -13 86 1 0 1
-5.04788 -4.39094 38.2182 -8.63946 -9.24547 47.0265 1.09084 -13 87 1 0 1
-3.84588 -2.72334 38.2182 -14.2978 -5.80828 65.8039 -0.184622 -13 88 1 0 1
-1.41671 -3.86696 38.2182 -7.26471 -5.07491 61.6781 -0.351532 -13 89 1 0 1
-2.03091 3.12647 38.2182 -8.69569 6.29092 64.3089 0.040459 -13 90 1 0 1
-7.23474 -0.579485 38.2182 -18.8694 -2.27677 60.4676 1.10668 -13 91 1 0 1
-0.303773 0.154366 38.2182 -1.20427 0.404436 54.6536 0.22029 -13 92 1 0 1
-0.727064 1.71236 38.2182 -3.49821 0.914601 58.7757 1.06489 -13 93 1 0 1
-3.50926 9.63109 38.2182 -8.42711 17.1579 50.4523 -1.09312 -13 94 1 0 1
-0.597139 1.36172 38.2182 -7.65112 5.18475 69.346 0.288439 -13 95 1 0 1
-2.89232 2.60814 38.2182 -9.65483 9.3277 58.9506 -1.57404 -13 96 1 0 1
-2.81238 -2.85356 38.2182 -5.79709 0.0982279 55.8614 -0.797116 -13 97 1 0 1
-1.94031 -2.1238 38.2182 -9.27458 -0.387691 66.2785 0.667421 -13 98 1 0 1
-4.32103 4.3241 38.2182 -13.192 9.44221 60.9312 0.741025 -13 99 1 0 1
0.907892 -3.40073 38.2182 -3.3031 -2.66027 66.9653 -0.637936 -13 100 1 0 1
2.52214 1.24593 38.2182 0.0215163 0.139789 67.8134 -0.437275 -13 101 1 0 1
-1.09079 1.67212 38.2182 -8.45895 3.04532 65.9811 0.150713 -13 102 1 0 1
2.92725 -2.83401 38.2182 2.44019 1.16249 61.6236 -2.20786 -13 103 1 0 1
-1.16227 -1.11783 38.2182 -7.89788 -5.69464 65.9515 -0.067599 -13 104 1 0 1
-4.37105 0.312812 38.2182 -10.9712 8.52134 57.935 -1.21495 -13 105 1 0 1
-9.54591 -0.65146 38.2182 -21.0816 -1.31463 51.7539 0.539248 -13 106 1 0 1
-2.04661 -2.2606 38.2182 -11.9319 -6.07464 68.709 -0.814799 -13 107 1 0 1
0.794865 1.35597 38.2182 -1.96484 8.8489 62.5563 -0.569702 -13 108 1 0 1
-1.90778 0.260263 38.2182 -9.17438 1.75121 66.5527 1.23257 -13 109 1 0 1
-3.89962 0.508271 38.2182 -18.5595 2.48836 69.7941 -0.0228364 -13 110 1 0 1
-2.42792 -3.02063 38.2182 -16.6198 -2.70119 75.0056 -0.0648183 -13 111 1 0 1
0.172551 0.806423 38.2182 -3.47413 -1.51207 55.5689 -1.60321 -13 112 1 0 1
-3.80296 5.31451 38.2182 -9.32194 9.78502 52.8531 1.03188 -13 113 1 0 1
0.138553 -2.45868 38.2182 -3.09099 -6.63438 62.4774 0.176936 -13 114 1 0 1
0.632605 2.17369 38.2182 0.928399 2.91983 48.812 0.0923406 -13 115 1 0 1
-4.84251 -1.1152 38.2182 -19.9829 -3.13281 69.1755 0.748586 -13 116 1 0 1
-3.5338 -0.753088 38.2182 -9.42538 0.407156 53.7459 -0.102617 -13 117 1 0 1
-1.65099 0.132864 38.2182 -2.3465 -5.86372 44.6877 -0.152764 -13 118 1 0 1
0.568628 0.411151 38.2182 -5.22148 3.53651 70.2114 0.732476 -13 119 1 0 1
-6.50405 -0.71892 38.2182 -12.9201 0.269891 47.0952 0.0787566 -13 120 1 0 1
-0.348665 -5.99991 38.2182 -4.19622 -7.10139 59.9999 1.76487 -13 121 1 0 1
-3.01043 -3.40172 38.2182 -17.5905 -6.18879 74.4995 0.849006 -13 122 1 0 1
-1.67045 -5.00252 38.2182 -10.333 -10.4882 69.1435 0.979607 -13 123 1 0 1
3.50415 0.459623 38.2182 5.11335 2.41389 57.7032 0.532477 -13 124 1 0 1
-7.90521 -7.68882 38.2182 -18.5759 -16.2317 54.3413 -1.27871 -13 125 1 0 1
-1.40127 1.98418 38.2182 -15.8148 -1.98515 76.9676 1.1653 -13 126 1 0 1
-2.01477 5.19357 38.2182 -7.32301 7.76964 58.3524 -0.862137 -13 127 1 0 1
-2.18561 -1.43587 38.2182 -8.6528 -8.33393 63.1461 0.555078 -13 128 1 0 1
3.76135 3.77398 38.2182 5.03203 8.70806 58.1852 -0.240781 -13 129 1 0 1
-0.412945 -1.79902 38.2182 -1.78602 1.23791 49.5405 0.837605 -13 130 1 0 1
-0.131017 1.03472 38.2182 -7.23372 2.53314 68.208 -0.246847 -13 131 1 0 1
-6.20417 0.434237 38.2182 -23.2881 -0.620076 69.5455 1.50998 -13 132 1 0 1
1.40011 0.105344 38.2182 -0.57254 -1.22939 63.5437 -1.11383 -13 133 1 0 1
2.98501 1.34465 38.2182 -2.01765 2.72731 74.391 0.606861 -13 134 1 0 1
0.220044 2.7171 38.2182 -6.84854 1.30445 69.1926 1.05767 -13 135 1 0 1
1.74782 4.12536 38.2182 1.40098 4.48266 55.4628 0.263406 -13 136 1 0 1
-5.48606 1.36429 38.2182 -15.3662 1.77049 60.2567 1.72113 -13 137 1 0 1
-4.36163 5.32429 38.2182 -10.3632 11.3741 52.8899 0.522936 -13 140 1 0 1
-3.92458 0.808631 38.2182 -8.25777 4.98777 50.1815 0.105253 -13 141 1 0 1
1.94438 0.566135 38.2182 0.16861 5.97146 64.3087 2.11948 -13 142 1 0 1
-5.03211 -1.82213 38.2182 -18.7078 -5.686 67.7374 -0.660804 -13 143 1 0 1
2.31406 0.651989 38.2182 -1.46677 -1.55967 71.577 3.09875 -13 144 1 0 1
-2.95165 -9.6872 38.2182 -7.85904 -16.8422 52.4297 1.90497 -13 145 1 0 1
0.811148 -3.98451 38.2182 -2.85767 -5.32791 65.4037 0.410406 -13 146 1 0 1
-2.95692 -1.16648 38.2182 -10.7981 -2.9088 63.6476 -1.02014 -13 147 1 0 1
-4.68951 -4.82652 38.2182 -17.3049 -6.19251 67.0072 0.432591 -13 148 1 0 1
0.677315 4.26837 38.2182 -1.90106 6.98656 55.5411 -0.313754 -13 149 1 0 1
-2.6339 4.06981 38.2182 -10.4902 10.9954 63.6781 0.00367531 -13 150 1 0 1
-2.40148 -2.86168 38.2182 -7.51012 -7.02439 55.6545 1.3663 -13 151 1 0 1
-1.72078 -0.971229 38.2182 -7.61246 -3.02483 62.6043 2.28532 -13 152 1 0 1
-4.43599 -0.685216 38.2182 -15.4693 -7.06635 65.2644 -0.331786 -13 153 1 0 1
-3.14807 -4.26355 38.2182 -19.7796 -11.8458 74.8107 -1.94511 -13 154 1 0 1
-5.35582 1.00581 38.2182 -17.016 0.457022 63.7385 -1.30427 -13 155 1 0 1
0.548452 -3.69941 38.2182 -0.35618 -3.40347 45.3637 -0.393871 -13 156 1 0 1
-4.70584 -0.656358 38.2182 -13.364 1.74998 59.8026 0.0403623 -13 157 1 0 1
-0.122143 2.99313 38.2182 -14.0889 3.03934 78.1986 1.4466 -13 158 1 0 1
-6.19283 3.99986 38.2182 -13.126 5.10787 53.3922 -0.514103 -13 159 1 0 1
4.28957 -0.488458 38.2182 4.69953 -0.732448 63.6445 0.108064 -13 160 1 0 1
1.89163 1.69009 38.2182 -2.4521 -1.33196 70.088 1.68043 -13 161 1 0 1
-8.19615 2.54474 38.2182 -12.4288 3.21799 38.4371 -0.421296 -13 162 1 0 1
-4.25561 1.34097 38.2182 -16.6377 8.62113 67.5153 -1.59398 -13 163 1 0 1
3.71772 6.99507 38.2182 3.60252 10.7787 64.7605 0.164443 -13 164 1 0 1
-12.9253 0.816936 38.2182 -14.5934 -0.617585 26.7169 2.30357 -13 165 1 0 1
-10.0154 -1.02923 38.2182 -29.5515 -2.97212 63.866 -0.116896 -13 166 1 0 1
2.54141 3.9871 38.2182 1.77717 8.92744 62.4866 0.701052 -13 167 1 0 1
-1.32257 2.49893 38.2182 -17.6676 9.46262 76.8966 1.20434 -13 168 1 0 1
1.59603 -1.92971 38.2182 0.0515879 -6.50687 57.6035 -0.178242 -13 169 1 0 1
-3.5653 -0.202036 38.2182 -13.8083 -2.35484 65.5868 -0.564817 -13 170 1 0 1
5.70871 -5.95875 38.2182 6.47493 -4.37671 40.4299 0.840614 -13 171 1 0 1
-3.96127 2.93677 38.2182 -9.53226 2.70343 55.0489 -0.287417 -13 172 1 0 1
-2.5987 -0.896331 38.2182 -6.88682 -2.4126 57.6689 0.240758 -13 173 1 0 1
-2.54093 1.33807 38.2182 -10.4081 -3.52869 65.8381 0.342026 -13 174 1 0 1
-6.71582 -2.52181 38.2182 -11.159 -7.38842 45.0442 -0.0681407 -13 176 1 0 1
3.0457 -3.71868 38.2182 3.44788 -6.77598 51.0186 -0.285689 -13 177 1 0 1
-4.07215 -3.43217 38.2182 -8.79482 -4.15165 50.5582 -0.488495 -13 178 1 0 1
-0.482069 -3.26339 38.2182 -7.87768 -12.2995 67.6253 -0.659671 -13 179 1 0 1
-1.24643 -3.13893 38.2182 -3.88488 -4.60934 51.4512 1.63335 -13 180 1 0 1
-7.37455 -0.742775 38.2182 -10.7114 -0.898924 35.5612 -1.3487 -13 181 1 0 1
-8.06999 1.83779 38.2182 -10.5544 3.78634 34.4584 -0.774195 -13 182 1 0 1
-0.494471 4.09304 38.2182 -0.931809 10.6463 40.5842 0.11521 -13 183 1 0 1
-8.34375 0.71452 38.2182 -18.9723 -2.50538 52.6541 0.109204 -13 184 1 0 1
-5.98807 -0.496438 38.2182 -14.7422 -3.77644 57.1827 -0.690279 -13 185 1 0 1
-2.4163 2.22297 38.2182 -4.41151 4.69793 39.7271 -0.550195 -13 186 1 0 1
-0.245349 -0.95756 38.2182 -7.16749 4.77368 70.5167 1.228 -13 188 1 0 1
-3.65191 -1.88246 38.2182 -22.0634 -6.13026 76.5814 0.275827 -13 189 1 0 1
-7.71977 2.61188 38.2182 -17.6848 6.04487 55.5249 2.00015 -13 191 1 0 1
-0.499945 -0.46135 38.2182 -14.9589 5.7568 78.8064 0.939765 -13 192 1 0 1
-13.826 0.110312 38.2182 -13.5702 -2.3839 20.801 -0.78501 -13 193 1 0 1
-3.58972 2.8517 38.2182 -14.4057 10.2344 66.6101 -0.158805 -13 194 1 0 1
-3.02365 -1.20884 38.2182 -8.53043 -2.10907 58.2742 2.34899 -13 195 1 0 1
3.35237 1.1701 38.2182 -7.21873 -4.44454 80.2735 2.66519 -13 196 1 0 1
-4.17283 4.14201 38.2182 -12.5577 8.34149 61.7271 -0.834856 -13 197 1 0 1
1.5496 -0.0584375 38.2182 0.851436 0.216459 49.427 -0.517986 -13 198 1 0 1
-9.1416 9.51013 38.2182 -18.8462 13.0858 51.7482 -1.50628 -13 199 1 0 1
-0.509358 -1.85064 38.2182 -1.81581 -1.04409 50.7228 0.747764 -13 200 1 0 1
-6.49526 -1.88723 38.2182 -21.5596 -7.2591 65.8197 0.410605 -13 201 1 0 1
-3.23104 10.5453 38.2182 -9.59573 18.0873 55.9921 -0.761391 -13 202 1 0 1
-2.41648 2.22946 38.2182 -8.57407 1.87293 60.7978 0.354513 -13 203 1 0 1
-3.80641 1.91627 38.2182 -8.39804 -1.17802 48.7003 1.50808 -13 205 1 0 1
-7.83307 1.40354 38.2182 -33.8391 1.73522 70.3768 0.30044 -13 206 1 0 1
-7.77305 -6.24816 38.2182 -16.7623 -12.0629 52.7973 -0.971909 -13 207 1 0 1
-8.10162 0.806758 38.2182 -24.2879 2.5639 64.336 -0.193359 -13 208 1 0 1
3.20851 0.426819 38.2182 4.75447 2.73377 46.6164 -0.303196 -13 210 1 0 1
1.93856 6.00588 38.2182 1.51529 5.69577 41.3023 0.675722 -13 211 1 0 1
-2.80079 7.07774 38.2182 -15.5159 17.4512 70.2519 2.18273 -13 212 1 0 1
-7.20636 2.69243 38.2182 -16.3827 3.03459 55.8409 -1.23436 -13 213 1 0 1
-1.9234 3.22268 38.2182 -13.4422 4.8786 73.9492 1.12397 -13 214 1 0 1
-0.258066 -1.5237 38.2182 -8.51959 -11.1035 70.8282 1.83565 -13 215 1 0 1
-0.251518 0.0475864 38.2182 -7.51424 0.605037 69.1996 1.23819 -13 216 1 0 1
5.17285 2.30432 38.2182 6.2324 7.45571 44.0547 -0.869616 -13 217 1 0 1
-3.47607 0.101158 38.2182 -12.9913 -0.0403463 63.989 0.275934 -13 218 1 0 1
-1.89448 -1.85045 38.2182 -14.5884 -4.67502 75.8292 0.156536 -13 219 1 0 1
-0.132536 1.28926 38.2182 -7.72271 -0.58628 71.4137 2.49978 -13 220 1 0 1
2.00764 -2.13418 38.2182 4.0487 -7.39192 54.5519 1.08379 -13 221 1 0 1
-2.63986 3.65036 38.2182 -13.6665 10.229 70.386 -0.664553 -13 222 1 0 1
-5.91581 0.826601 38.2182 -16.4112 5.4983 58.9802 1.14398 -13 223 1 0 1
-5.23876 -0.191475 38.2182 -14.3697 1.17964 60.3527 -0.326838 -13 224 1 0 1
-3.32493 3.85526 38.2182 -8.09504 8.75765 52.7761 -0.150703 -13 226 1 0 1
-3.33535 3.35312 38.2182 -10.6952 5.63384 61.3645 0.169019 -13 227 1 0 1
-0.482479 0.0997268 38.2182 -13.3844 -0.504218 76.7584 -1.76923 -13 228 1 0 1
-4.15751 1.62311 38.2182 -18.6126 -1.00397 69.2613 0.39454 -13 229 1 0 1
-1.6747 -5.06704 38.2182 -3.46085 -7.62051 44.0943 -0.213089 -13 230 1 0 1
4.59505 5.70557 38.2182 4.73362 17.9603 64.9024 1.37735 -13 231 1 0 1
4.20228 8.52486 38.2182 5.92245 17.5076 58.6746 1.00844 -13 232 1 0 1
-7.7189 0.579349 38.2182 -21.7114 -0.259641 61.0559 -1.31456 -13 233 1 0 1
13.8659 19.3853 38.2182 20.5284 34.8766 54.8455 -0.41746 -13 234 1 0 1
-1.54898 -0.102675 38.2182 -12.5078 -5.49151 71.978 0.43134 -13 235 1 0 1
-7.45913 -1.25723 38.2182 -20.4258 -7.20767 60.625 1.4319 -13 236 1 0 1
1.35203 -9.47099 38.2182 0.565033 -14.6324 51.4611 0.936962 -13 237 1 0 1
-2.13104 0.830726 38.2182 -8.30044 0.930023 60.9988 0.244649 -13 238 1 0 1
-5.52265 -1.38969 38.2182 -20.2571 2.21344 67.1545 1.43272 -13 239 1 0 1
-2.74673 8.1079 38.2182 -5.17653 12.9452 42.9896 -0.196253 -13 240 1 0 1
-3.22877 0.898343 38.2182 -4.66171 1.15646 30.8371 0.9414 -13 241 1 0 1
-5.25938 1.32232 38.2182 -12.9489 -1.49816 56.3351 1.99539 -13 242 1 0 1
2.00289 -5.96865 38.2182 -0.766306 -10.3656 67.8592 0.0493816 -13 243 1 0 1
1.5853 0.165147 38.2182 -5.67293 0.262046 75.8058 0.831541 -13 244 1 0 1
1.55053 0.603042 38.2182 -3.58687 8.91479 70.9176 -0.531254 -13 245 1 0 1
-1.03753 1.11026 38.2182 -9.22513 8.76752 69.4147 -0.0315455 -13 246 1 0 1
-1.87711 -4.29201 38.2182 -7.33188 -5.43285 59.8473 -0.151182 -13 247 1 0 1
-3.42122 -2.68966 38.2182 -13.3637 -5.59712 65.9868 0.846978 -13 248 1 0 1
5.02525 5.05222 38.2182 5.97036 4.28902 61.3307 -0.764158 -13 249 1 0 1
-0.766486 -4.82259 38.2182 -8.02934 -11.9412 66.3702 -1.32092 -13 250 1 0 1
0.90892 10.4788 38.2182 -1.71699 14.521 60.8608 -0.838165 -13 251 1 0 1
1.48993 1.01507 38.2182 0.283737 -0.231755 63.4232 0.453114 -13 252 1 0 1
-2.01234 4.88832 38.2182 -12.7963 16.093 68.4993 -1.17241 -13 253 1 0 1
-2.27557 2.09158 38.2182 -5.91192 5.11145 52.4425 -0.303438 -13 254 1 0 1
-1.71563 -0.611489 38.2182 -14.8618 3.26778 75.6781 0.127041 -13 255 1 0 1
-6.65935 1.26892 38.2182 -13.5543 2.44334 49.5956 -0.739101 -13 256 1 0 1
-3.65722 -5.21202 38.2182 -6.4544 -10.4189 43.118 -0.0560385 -13 257 1 0 1
-1.29252 0.542082 38.2182 -6.93286 -1.18051 62.4293 0.311495 -13 258 1 0 1
-1.11542 1.39301 38.2182 -3.19158 -0.531786 56.395 -0.987087 -13 259 1 0 1
-2.84212 -0.38198 38.2182 -14.0542 -5.53362 70.4661 -0.115365 -13 260 1 0 1
-4.65511 2.30798 38.2182 -12.9756 4.14668 58.0314 -0.935751 -13 261 1 0 1
-1.20236 -1.94135 38.2182 -5.00845 -3.02598 62.3565 2.29557 -13 262 1 0 1
1.73601 -3.94213 38.2182 0.00702991 -8.18334 62.4405 -1.28853 -13 263 1 0 1
-3.63772 -1.85097 38.2182 -8.16564 -3.57034 49.3333 -0.0102268 -13 264 1 0 1
2.72594 3.88599 38.2182 2.00791 10.9629 62.576 0.893962 -13 265 1 0 1
1.04642 2.63524 38.2182 -3.65433 2.32934 70.1678 0.77547 -13 266 1 0 1
-2.89753 3.89479 38.2182 -10.5022 2.3492 62.2581 -0.103397 -13 267 1 0 1
-4.92013 0.00631358 38.2182 -8.1569 2.3379 39.2985 -0.8621 -13 268 1 0 1
-4.31841 3.63156 38.2182 -22.124 2.28416 74.7994 0.665566 -13 269 1 0 1
-4.30699 0.150701 38.2182 -13.0214 -4.80959 61.7956 1.45846 -13 270 1 0 1
1.5591 -2.19128 38.2182 -6.55778 -11.2506 77.178 -0.643886 -13 271 1 0 1
-3.39091 -3.90492 38.2182 -10.8405 -9.95614 59.8718 1.79038 -13 272 1 0 1
-9.75631 2.91574 38.2182 -18.6584 3.78435 48.6758 3.03475 -13 273 1 0 1
-0.136601 0.371322 38.2182 -5.19371 5.25964 65.8559 -1.83887 -13 274 1 0 1
1.6306 -0.458476 38.2182 -0.0723786 -4.36207 58.8877 -0.09658 -13 275 1 0 1
-0.783419 -4.22889 38.2182 -2.88201 -10.105 55.2861 1.38644 -13 277 1 0 1
-8.21209 0.588263 38.2182 -19.6244 1.12984 57.3535 1.76703 -13 278 1 0 1
-6.58964 0.300928 38.2182 -20.9821 -7.50138 64.6803 -2.27255 -13 279 1 0 1
-0.363781 2.42648 38.2182 -4.28807 2.73733 60.7676 0.439215 -13 280 1 0 1
-1.59714 -2.58139 38.2182 -9.86774 -2.57354 65.3315 -1.09972 -13 281 1 0 1
-4.71368 2.33235 38.2182 -8.90166 5.96544 45.3587 -0.608685 -13 282 1 0 1
-0.142709 -6.14449 38.2182 -1.58927 -10.5666 48.2702 -1.3859 -13 283 1 0 1
-2.39129 6.85442 38.2182 -6.25705 7.32631 53.9026 -0.14673 -13 284 1 0 1
-8.8701 2.37833 38.2182 -22.0392 7.60636 56.8355 -0.286148 -13 285 1 0 1
-5.65266 -6.31051 38.2182 -18.698 -3.32066 66.1486 -1.26086 -13 286 1 0 1
-4.11822 1.65048 38.2182 -9.28369 -1.01594 50.3192 -1.39682 -13 287 1 0 1
-0.487612 11.7586 38.2182 -12.3881 35.186 69.8461 -0.0843586 -13 288 1 0 1
-2.09878 4.60876 38.2182 -15.7501 12.6731 75.3102 0.644799 -13 289 1 0 1
5.66756 -0.485521 38.2182 7.07167 -2.30414 44.5303 0.386628 -13 290 1 0 1
-0.67051 -2.1287 38.2182 -11.958 -8.54868 74.1272 0.630941 -13 291 1 0 1
-1.38477 1.33573 38.2182 -11.2818 5.72276 71.3943 -0.0841964 -13 292 1 0 1
-11.1321 2.11822 38.2182 -19.1141 8.35616 42.3055 2.29467 -13 293 1 0 1
6.2003 0.152888 38.2182 7.04735 9.06515 70.0304 1.78009 -13 294 1 0 1
-3.01796 -1.04382 38.2182 -11.3065 -3.55945 64.1598 0.271444 -13 295 1 0 1
-7.58382 1.75849 38.2182 -17.1519 2.9758 55.3837 -0.0717139 -13 296 1 0 1
1.10924 -1.06996 38.2182 0.318857 -4.54211 53.6836 2.743 -13 297 1 0 1
-0.911947 0.886442 38.2182 -7.51097 -2.35245 66.3499 -1.67763 -13 298 1 0 1
-14.7785 -2.24971 38.2182 -23.5856 0.938199 37.2686 2.99261 -13 299 1 0 1
-3.79775 4.16027 38.2182 -11.224 5.22491 61.2337 -0.579498 -13 301 1 0 1
-5.77264 1.25092 38.2182 -16.2922 7.32954 60.4457 0.428196 -13 302 1 0 1
-2.63468 -1.22155 38.2182 -9.02422 2.68053 60.9367 0.196896 -13 303 1 0 1
-3.07736 2.37637 38.2182 -11.9242 9.56633 63.6579 0.718893 -13 304 1 0 1
-11.557 3.1967 38.2182 -16.7528 4.85989 36.7436 1.45177 -13 305 1 0 1
-1.14352 0.783218 38.2182 -7.43321 -1.65358 65.5215 -0.860199 -13 306 1 0 1
-2.17663 -4.268 38.2182 -11.743 -17.8368 65.9835 -1.11595 -13 307 1 0 1
-2.02794 -5.97384 38.2182 -13.0851 -14.7189 70.7282 0.261589 -13 308 1 0 1
-4.97116 1.22919 38.2182 -15.9498 2.82192 63.1672 -0.674578 -13 309 1 0 1
2.75708 -2.46096 38.2182 -1.45331 -5.5865 71.8185 -0.2226 -13 310 1 0 1
-1.81968 -4.09082 38.2182 -3.741 1.00652 33.4403 -1.38218 -13 311 1 0 1
-4.91727 0.56713 38.2182 -18.6403 3.62554 67.7868 0.0140755 -13 312 1 0 1
-5.92145 4.72562 38.2182 -21.5221 10.1822 68.0014 1.11082 -13 313 1 0 1
1.20204 -3.48663 38.2182 -4.52534 -7.36758 68.1329 -0.421998 -13 314 1 0 1
-0.0397224 -0.668091 38.2182 -3.24956 3.73375 61.2967 -1.28551 -13 315 1 0 1
-3.96656 -9.41087 38.2182 -8.34504 -16.7442 47.7114 -1.03578 -13 316 1 0 1
-3.9845 -3.83708 38.2182 -12.7783 -9.94957 61.4257 0.929495 -13 317 1 0 1
-0.266781 0.298025 38.2182 -6.7442 3.86932 69.0338 -1.2516 -13 318 1 0 1
-1.77166 3.61538 38.2182 -11.637 14.5445 67.5016 2.18054 -13 319 1 0 1
2.39388 0.22778 38.2182 -1.30577 0.749935 72.0426 0.750459 -13 320 1 0 1
0.514001 -0.00247732 38.2182 -1.66734 -1.35457 56.3611 -1.48883 -13 321 1 0 1
-1.12279 0.67882 38.2182 -19.1721 4.11841 77.7836 2.01208 -13 322 1 0 1
2.6329 -3.93203 38.2182 -2.79303 -1.96453 75.5338 0.374847 -13 323 1 0 1
-1.21782 3.09825 38.2182 -7.13492 7.46502 64.8999 -0.520012 -13 324 1 0 1
-1.63496 -2.53306 38.2182 -11.5964 -7.92714 70.7769 0.138954 -13 325 1 0 1
-11.8406 7.8888 38.2182 -27.0988 13.6856 51.9652 0.130911 -13 326 1 0 1
-10.6348 -7.20999 38.2182 -18.4379 -13.2566 42.1134 0.385837 -13 327 1 0 1
-5.87086 4.19926 38.2182 -14.5958 -0.417544 57.0137 -1.36161 -13 328 1 0 1
-1.6611 3.39414 38.2182 -9.27775 10.8405 67.0008 1.24157 -13 329 1 0 1
2.3999 -2.70831 38.2182 -3.83684 -2.62929 76.0544 -0.698431 -13 330 1 0 1
-5.59594 5.69735 38.2182 -20.7843 5.58093 68.2233 -1.42324 -13 331 1 0 1
-1.17093 1.71033 38.2182 -3.27619 4.9174 47.63 4.21197 -13 333 1 0 1
-6.12518 -2.99471 38.2182 -17.1701 -5.61186 62.5333 0.4748 -13 334 1 0 1
0.263227 -3.43238 38.2182 -3.64542 -8.85274 65.7053 0.474322 -13 335 1 0 1
-2.7461 -1.16737 38.2182 -14.0815 -1.57693 67.3362 -0.525133 -13 336 1 0 1
10.5264 -8.32107 38.2182 17.9812 -16.4196 60.2515 -2.29071 -13 337 1 0 1
-2.4637 -2.96135 38.2182 -7.3319 -11.4923 52.3411 1.02323 -13 338 1 0 1
-3.58868 -4.43115 38.2182 -7.82226 -6.30826 48.1151 0.50504 -13 339 1 0 1
-3.13156 1.23825 38.2182 -13.1273 5.16137 67.4521 0.338333 -13 340 1 0 1
1.2953 2.36939 38.2182 -6.34527 0.478364 76.6855 0.0852825 -13 341 1 0 1
-1.99807 1.55079 38.2182 -13.5391 6.98712 71.69 0.747067 -13 342 1 0 1
-2.41236 -0.631203 38.2182 -8.4804 -7.07047 60.737 -0.235404 -13 343 1 0 1
0.234015 -1.88259 38.2182 -0.974024 1.6849 49.2325 -0.187228 -13 344 1 0 1
-1.30005 -2.40966 38.2182 -8.34385 -2.84394 67.9192 -0.722077 -13 345 1 0 1
-8.72801 0.419491 38.2182 -23.1243 0.613794 60.1926 0.713598 -13 346 1 0 1
-3.85137 0.181385 38.2182 -13.9987 0.700385 65.7504 -0.711109 -13 347 1 0 1
-4.14616 0.48478 38.2182 -7.86366 7.56868 49.2938 -0.370329 -13 348 1 0 1
2.79273 1.55737 38.2182 2.78172 0.681703 56.5508 0.967255 -13 349 1 0 1
-0.908008 -2.87172 38.2182 -6.51295 -5.31627 64.4268 0.8972 -13 350 1 0 1
-3.12908 3.46496 38.2182 -14.026 5.78273 68.1159 -1.42477 -13 352 1 0 1
-3.41762 3.95017 38.2182 -11.5529 7.04126 63.6412 -0.109608 -13 353 1 0 1
-4.00594 5.52187 38.2182 -9.29925 6.52289 50.7291 0.525877 -13 354 1 0 1
-2.33626 3.08868 38.2182 -14.9598 9.13024 71.8596 -0.354649 -13 355 1 0 1
0.261029 2.57273 38.2182 -2.3456 9.67782 58.8393 0.395552 -13 356 1 0 1
-4.09675 -0.536701 38.2182 -7.00063 1.18034 39.1768 0.153204 -13 357 1 0 1
1.35058 3.04748 38.2182 0.502995 9.88749 50.9247 0.718162 -13 358 1 0 1
-1.42446 -0.891849 38.2182 -5.99054 3.86249 61.2739 0.571093 -13 359 1 0 1
-3.75504 -2.39604 38.2182 -17.8987 -5.54682 72.3794 -0.492847 -13 360 1 0 1
0.982134 -0.374939 38.2182 -8.42096 2.98607 76.5229 -0.0144804 -13 361 1 0 1
-4.49759 1.14055 38.2182 -14.2551 -1.62994 63.4979 -2.66632 -13 362 1 0 1
-1.81921 0.720788 38.2182 -13.7419 5.42522 72.951 -0.192282 -13 363 1 0 1
-1.04964 -2.23049 38.2182 -7.89458 -2.85257 63.6056 0.359376 -13 364 1 0 1
-0.981613 2.55169 38.2182 -2.43214 7.4226 49.519 -1.78438 -13 365 1 0 1
1.0918 -0.575072 38.2182 1.39923 -1.63002 45.2148 2.35551 -13 366 1 0 1
-0.281595 0.803489 38.2182 -0.514856 -2.4378 40.6426 1.43013 -13 367 1 0 1
-3.87065 2.72361 38.2182 -12.3176 8.64152 62.4619 0.668775 -13 368 1 0 1
-2.29795 -1.73095 38.2182 -7.55037 0.251275 59.2759 -0.976578 -13 369 1 0 1
-7.53867 2.23922 38.2182 -25.6491 4.18944 67.1282 0.980881 -13 370 1 0 1
-3.7067 -3.04447 38.2182 -12.179 -4.8892 64.2829 2.50763 -13 371 1 0 1
-3.09392 -1.72296 38.2182 -6.59134 -9.09547 52.4581 0.93568 -13 372 1 0 1
-5.99272 -2.72688 38.2182 -17.2107 -7.96332 61.1988 0.817818 -13 373 1 0 1
-3.49892 -0.819112 38.2182 -18.6971 0.400512 73.8557 0.74581 -13 374 1 0 1
-5.90302 1.52525 38.2182 -26.6269 7.36106 73.8039 -1.28054 -13 375 1 0 1
-5.82934 -4.0923 38.2182 -19.6323 -9.66004 65.586 0.593237 -13 376 1 0 1
4.23318 -1.56822 38.2182 0.24053 -8.12402 78.1103 1.30136 -13 377 1 0 1
-6.01911 -0.853601 38.2182 -7.95082 -5.18799 32.4393 2.38306 -13 378 1 0 1
-1.29474 -8.26225 38.2182 -8.87698 -23.0066 63.7846 0.767089 -13 379 1 0 1
-9.67714 -8.82581 38.2182 -12.7742 -13.6201 33.2696 -0.552461 -13 380 1 0 1
0.933301 -1.5401 38.2182 -0.765018 2.33733 59.6577 1.28005 -13 381 1 0 1
1.91185 -4.10132 38.2182 -2.84904 -10.735 71.894 -0.216824 -13 382 1 0 1
-12.7302 1.51913 38.2182 -22.3629 1.37382 42.2549 1.47896 -13 383 1 0 1
2.31371 2.7289 38.2182 2.98018 1.85609 58.6185 -1.22301 -13 384 1 0 1
-2.76568 -0.70143 38.2182 -10.9638 -6.41552 65.6956 1.89908 -13 385 1 0 1
0.213698 -0.132768 38.2182 -5.24081 -2.11294 68.8986 2.05307 -13 386 1 0 1
-3.95445 0.486006 38.2182 -16.8963 -1.16811 69.1482 0.247651 -13 387 1 0 1
-4.23328 -1.44292 38.2182 -8.82532 -1.58328 49.5397 -0.623685 -13 388 1 0 1
-2.15841 5.15587 38.2182 -7.77885 13.2132 58.5247 1.17024 -13 389 1 0 1
-4.62034 -0.0432883 38.2182 -13.195 -1.87201 62.0531 0.875571 -13 390 1 0 1
3.65404 1.3487 38.2182 5.53404 1.18062 52.0491 -0.108149 -13 391 1 0 1
-7.27239 1.23309 38.2182 -14.6548 -3.07851 50.08 0.349869 -13 392 1 0 1
-2.15255 5.31583 38.2182 -8.02228 8.25302 59.4599 -0.677098 -13 394 1 0 1
-2.05227 4.28876 38.2182 -13.634 16.0383 72.3296 -1.5321 -13 395 1 0 1
3.85433 2.14807 38.2182 4.04502 0.199334 62.9859 -0.0230406 -13 396 1 0 1
-0.917799 -8.07036 38.2182 -4.79608 -14.726 57.7441 1.39949 -13 397 1 0 1
1.19208 1.49768 38.2182 -2.15513 1.74796 66.0616 0.990047 -13 398 1 0 1
-1.90495 -6.33807 38.2182 -12.2513 -12.2009 68.8846 2.17207 -13 399 1 0 1
-1.08783 -2.35316 38.2182 -6.31556 3.37923 63.494 0.101782 -13 400 1 0 1
1.6874 -0.166345 38.2182 -3.53203 1.02593 71.5742 -0.10165 -13 401 1 0 1
0.151083 2.93239 38.2182 -0.876493 4.82258 58.2487 -0.166025 -13 402 1 0 1
-2.07157 -8.68893 38.2182 -10.4246 -26.0046 65.5297 0.360635 -13 403 1 0 1
0.776575 -4.49503 38.2182 -2.68057 -14.9673 64.401 1.34427 -13 404 1 0 1
-3.80145 -0.886172 38.2182 -11.5509 -7.03104 58.2288 -0.445476 -13 406 1 0 1
-3.95847 -2.34634 38.2182 -13.1911 -2.21519 63.6573 1.4147 -13 407 1 0 1
2.9019 3.56291 38.2182 3.62501 8.06426 57.2114 1.93806 -13 408 1 0 1
1.40231 -0.646338 38.2182 -0.736041 -1.51629 64.0547 0.450267 -13 409 1 0 1
-2.97817 -2.41879 38.2182 -16.8402 -6.12716 73.7237 -2.44751 -13 410 1 0 1
-5.49333 3.66763 38.2182 -7.12732 0.0364323 37.6143 0.719262 -13 411 1 0 1
-4.3404 -6.18445 38.2182 -14.6831 -14.2188 61.7439 1.39863 -13 412 1 0 1
-2.49048 3.34449 38.2182 -17.5147 6.07116 76.3449 0.212833 -13 413 1 0 1
-9.44283 -2.42315 38.2182 -20.4584 -3.14797 53.5787 1.13414 -13 414 1 0 1
-1.18286 3.92735 38.2182 -5.23511 9.49706 55.716 0.48005 -13 415 1 0 1
-8.97919 -8.90976 38.2182 -11.395 -7.24116 27.2514 0.114911 -13 417 1 0 1
-1.79387 2.68503 38.2182 -10.5555 2.8579 68.3992 1.60006 -13 418 1 0 1
2.82929 -0.297103 38.2182 2.19052 -0.0676056 64.1156 0.638935 -13 419 1 0 1
-1.04058 -2.14936 38.2182 -10.5443 -9.75385 72.0106 -0.313289 -13 421 1 0 1
-4.21169 6.21772 38.2182 -14.8345 14.9775 62.8106 0.525285 -13 422 1 0 1
-11.2764 -9.42007 38.2182 -17.177 -9.20035 37.3988 -0.0488152 -13 423 1 0 1
0.785574 10.2208 38.2182 1.18182 11.5456 45.3026 0.779864 -13 424 1 0 1
-0.497974 -0.540707 38.2182 -4.27453 0.745745 63.8056 0.0664243 -13 425 1 0 1
-2.23983 -5.87366 38.2182 -15.0893 -10.0518 71.7125 -1.29545 -13 426 1 0 1
1.97648 -4.60809 38.2182 -0.430316 -6.13366 63.3599 -0.402895 -13 427 1 0 1
-4.37231 3.03437 38.2182 -14.6057 11.6131 62.7439 0.513766 -13 428 1 0 1
1.56196 -5.11446 38.2182 1.23524 -12.5759 56.5146 0.0216457 -13 429 1 0 1
-6.6081 5.17675 38.2182 -22.9878 13.5734 66.0179 -1.57616 -13 430 1 0 1
-0.0993157 -1.85738 38.2182 -10.3064 -5.96587 74.6285 2.01473 -13 431 1 0 1
-0.0945535 0.94468 38.2182 -5.63633 5.75623 67.2026 2.0679 -13 432 1 0 1
-2.31456 -1.82342 38.2182 -12.5284 -10.5243 67.7246 1.50147 -13 433 1 0 1
-1.15478 1.35259 38.2182 -5.12745 8.42797 58.4804 0.241651 -13 434 1 0 1
5.89034 1.93141 38.2182 7.75477 1.97032 59.0513 1.184 -13 435 1 0 1
-0.210218 -0.753263 38.2182 -6.1298 -0.445994 66.7931 -2.196 -13 437 1 0 1
-5.12553 -0.029924 38.2182 -10.3786 0.639179 52.6953 2.07834 -13 438 1 0 1
0.681996 -2.87966 38.2182 -2.83033 -3.34982 63.0388 -1.01033 -13 439 1 0 1
-0.421136 3.57411 38.2182 -4.28436 8.96297 59.6034 0.336191 -13 440 1 0 1
-5.28082 -1.91245 38.2182 -19.7791 -5.14161 67.4815 1.48105 -13 441 1 0 1
-3.41649 -2.26576 38.2182 -11.8063 0.77235 63.8511 -0.023266 -13 442 1 0 1
-2.46037 -0.197767 38.2182 -6.40875 5.53951 55.0985 1.15863 -13 443 1 0 1
4.08014 -0.306176 38.2182 2.90719 1.37241 70.1215 1.08625 -13 444 1 0 1
1.52174 1.31502 38.2182 -2.78276 -3.22922 68.6151 0.176744 -13 445 1 0 1
-4.00583 -4.31243 38.2182 -14.9648 -4.96574 66.7997 -1.44407 -13 446 1 0 1
1.0574 0.679336 38.2182 -0.148727 2.33017 56.723 -0.327967 -13 447 1 0 1
-2.08324 0.53429 38.2182 -11.1688 4.58639 69.2131 -1.89476 -13 448 1 0 1
-2.70001 1.89962 38.2182 -6.41765 1.51218 51.1516 -0.0719276 -13 449 1 0 1
2.07146 2.4242 38.2182 -7.42809 1.75505 80.8574 0.181765 -13 451 1 0 1
-0.963079 -1.32601 38.2182 -6.43351 -4.77035 66.9303 1.20038 -13 452 1 0 1
-0.763924 -3.34955 38.2182 -2.93255 -5.97406 58.798 -0.223591 -13 453 1 0 1
-4.85258 -1.94272 38.2182 -8.9906 -4.10132 50.0866 1.46767 -13 454 1 0 1
0.133675 -1.36142 38.2182 -1.24725 -6.42134 54.5451 0.305392 -13 455 1 0 1
0.984603 3.40111 38.2182 -2.54493 9.42768 64.1431 -0.527606 -13 456 1 0 1
1.03778 2.04954 38.2182 0.857835 8.20825 56.2995 0.911664 -13 457 1 0 1
-0.252283 -9.61278 38.2182 -3.39988 -16.6845 52.4655 -0.981923 -13 458 1 0 1
2.39164 4.98304 38.2182 -1.87578 8.00141 74.1984 1.7843 -13 459 1 0 1
-4.13894 -1.32719 38.2182 -14.5094 0.0421701 63.268 -0.047436 -13 460 1 0 1
-5.92856 3.14307 38.2182 -17.0689 10.0916 61.6189 0.464795 -13 461 1 0 1
-0.996211 2.26622 38.2182 -5.89288 6.08536 63.4704 -0.178073 -13 462 1 0 1
0.545256 -1.87991 38.2182 -4.71937 -3.74489 68.4263 1.58369 -13 463 1 0 1
-0.30805 8.70575 38.2182 -4.51605 19.3035 58.9105 -0.032631 -13 464 1 0 1
-5.72791 8.45782 38.2182 -8.23858 10.5025 33.242 -0.660458 -13 465 1 0 1
-0.944808 3.49587 38.2182 -4.65801 8.50336 55.5156 0.452665 -13 466 1 0 1
1.59014 -2.44033 38.2182 2.57355 -1.16178 34.403 0.0340486 -13 467 1 0 1
-2.08626 0.435024 38.2182 -5.39991 -4.83297 55.2667 -0.715266 -13 468 1 0 1
-4.82142 8.43275 38.2182 -9.36529 14.2339 46.7385 0.593069 -13 469 1 0 1
-0.301843 -4.15338 38.2182 -5.40409 -6.2752 63.826 -0.345609 -13 470 1 0 1
-6.21992 7.50366 38.2182 -11.7078 11.4451 45.0691 1.34046 -13 471 1 0 1
-1.7978 -6.47807 38.2182 -3.62575 -9.4204 40.9258 1.34384 -13 472 1 0 1
-4.44858 -1.07571 38.2182 -9.78719 -2.72941 53.139 -0.485359 -13 473 1 0 1
0.983888 -3.40299 38.2182 -0.640292 -7.45403 61.4311 -0.498248 -13 474 1 0 1
-0.0357292 2.20184 38.2182 -6.84056 8.27828 70.177 1.69237 -13 475 1 0 1
-7.78102 4.72413 38.2182 -19.1777 11.3179 56.5804 0.130064 -13 476 1 0 1
-1.35214 6.99895 38.2182 -6.68884 12.3472 65.3083 -1.16106 -13 477 1 0 1
-3.4572 -2.78033 38.2182 -11.5233 -4.42041 59.8198 -1.65587 -13 478 1 0 1
-2.00507 0.66727 38.2182 -5.12097 -1.10388 46.7664 -0.476275 -13 479 1 0 1
-0.564282 1.91844 38.2182 -3.34565 6.0227 54.1409 0.44654 -13 480 1 0 1
4.24185 1.1839 38.2182 5.51548 1.56324 29.9237 0.804894 -13 481 1 0 1
-4.10129 -1.95523 38.2182 -7.11573 -6.90888 43.7542 0.548522 -13 482 1 0 1
-5.44299 5.30613 38.2182 -18.3267 10.6033 65.2443 0.925742 -13 483 1 0 1
-5.77985 0.68555 38.2182 -18.9783 -0.753202 64.169 -1.12833 -13 484 1 0 1
-8.69228 -4.33024 38.2182 -18.9289 -10.9304 52.5281 2.00347 -13 485 1 0 1
-2.92548 -4.13245 38.2182 -8.78701 -12.4681 56.0987 2.89155 -13 486 1 0 1
1.97564 2.12254 38.2182 -2.06594 1.71136 69.0151 0.273311 -13 487 1 0 1
-9.45968 -0.317173 38.2182 -22.1328 -0.543311 56.0056 -0.742044 -13 488 1 0 1
-4.66257 -1.37208 38.2182 -7.41707 3.95406 37.8474 1.5222 -13 489 1 0 1
-2.03289 -3.5695 38.2182 -8.12386 -12.1178 61.919 -1.67077 -13 490 1 0 1
-1.22524 3.67496 38.2182 -9.20715 3.34713 69.013 1.00305 -13 491 1 0 1
-1.27785 0.862125 38.2182 -6.26198 6.61676 60.3817 1.32609 -13 492 1 0 1
-4.45648 -1.74667 38.2182 -10.6132 -4.71244 57.4789 1.17233 -13 493 1 0 1
-3.08841 -0.262267 38.2182 -3.981 -2.81816 30.849 0.314255 -13 494 1 0 1
-1.48112 6.63254 38.2182 -2.1664 4.28639 42.0658 -2.53275 -13 495 1 0 1
-3.49007 -5.01044 38.2182 -6.22728 -6.95698 41.2046 0.452023 -13 496 1 0 1
-3.12803 -0.641651 38.2182 -11.9394 -0.641813 62.8245 0.418378 -13 497 1 0 1
-6.29465 2.22887 38.2182 -20.1833 5.9131 64.4741 -0.274142 -13 498 1 0 1
-3.19525 8.32333 38.2182 -7.31069 11.5974 48.6003 -0.667377 -13 499 1 0 1
4.80067 0.716525 38.2182 6.80654 -2.38057 51.6191 -0.982686 -13 500 1 0 1
1.20795 3.98536 38.2182 -8.6573 7.55042 77.712 -0.151718 -13 501 1 0 1
-6.09737 4.65682 38.2182 -18.9919 6.6501 63.2857 -1.01932 -13 502 1 0 1
-5.65132 -13.4827 38.2182 -17.6133 -23.7234 61.0992 -1.46327 -13 503 1 0 1
-4.28748 -0.280738 38.2182 -15.0181 1.38004 63.5254 0.440934 -13 504 1 0 1
4.03302 0.873522 38.2182 6.12433 1.7192 56.7643 -0.987733 -13 505 1 0 1
-3.06488 0.0447295 38.2182 -20.1738 -2.53308 76.3385 1.41087 -13 506 1 0 1
0.349925 5.67163 38.2182 -1.55233 10.4305 48.3066 0.606652 -13 507 1 0 1
0.771764 -5.27165 38.2182 -1.4947 -8.88846 62.6868 1.11155 -13 508 1 0 1
2.07337 -2.24313 38.2182 -3.02184 -4.61109 72.4904 0.149972 -13 509 1 0 1
-7.68654 1.51257 38.2182 -18.5196 1.63015 56.9307 1.29772 -13 510 1 0 1
-7.53852 -0.858174 38.2182 -24.4023 1.02566 66.6095 2.19403 -13 511 1 0 1
-6.66338 -0.246887 38.2182 -15.8473 0.124075 53.8984 -0.260716 -13 512 1 0 1
-1.96773 0.0352549 38.2182 -5.20957 2.7625 50.4773 1.26113 -13 513 1 0 1
-4.07893 -0.449724 38.2182 -10.1907 -0.866407 53.3291 -3.34196 -13 514 1 0 1
-6.65676 -0.52259 38.2182 -20.3984 -0.209315 62.5168 -1.31325 -13 515 1 0 1
-3.3988 -1.3675 38.2182 -8.98107 2.57168 55.3922 -1.8116 -13 516 1 0 1
-1.18303 0.978375 38.2182 -10.2007 -1.71613 70.9457 -1.00019 -13 517 1 0 1
-1.55727 0.0195642 38.2182 -7.18525 2.18991 64.1842 0.938489 -13 518 1 0 1
-4.51683 1.40094 38.2182 -23.5679 1.59415 74.648 0.046234 -13 519 1 0 1
-2.15511 -0.69059 38.2182 -6.52117 -5.50121 59.4154 2.64683 -13 520 1 0 1
-3.6395 -5.55288 38.2182 -14.4636 -11.1631 67.3901 -1.35344 -13 521 1 0 1
0.487154 2.20608 38.2182 -11.6867 5.18156 79.7145 1.02408 -13 522 1 0 1
-4.1815 3.20232 38.2182 -15.7679 4.37194 67.5978 0.984214 -13 523 1 0 1
-2.20065 -4.95744 38.2182 -7.60716 -2.47993 60.7706 0.843887 -13 524 1 0 1
-3.55437 4.98864 38.2182 -5.13721 5.42818 37.0803 0.815869 -13 525 1 0 1
-4.16767 -2.44781 38.2182 -18.0457 -0.522875 69.077 0.158009 -13 526 1 0 1
-7.6101 4.79938 38.2182 -17.317 9.62684 52.5308 1.15857 -13 527 1 0 1
-4.06866 2.322 38.2182 -9.21229 3.71228 54.1964 2.80274 -13 528 1 0 1
4.33411 -2.41444 38.2182 3.4283 -12.3049 70.6446 0.906819 -13 529 1 0 1
-2.72089 0.883145 38.2182 -11.1107 1.77022 65.853 -0.494434 -13 530 1 0 1
-0.785378 0.834686 38.2182 -3.37327 3.32112 59.0449 1.10526 -13 531 1 0 1
-9.941 1.95264 38.2182 -19.3647 6.69742 48.604 1.78133 -13 532 1 0 1
1.25066 -0.705048 38.2182 -3.37782 0.0728555 69.8641 1.07793 -13 534 1 0 1
-1.81448 2.98477 38.2182 -10.9332 14.9055 66.5314 -2.7171 -13 535 1 0 1
-0.146847 -2.21649 38.2182 -2.56558 -0.410144 54.6016 -0.795694 -13 536 1 0 1
1.38427 5.09368 38.2182 0.76844 9.21184 63.208 0.216878 -13 538 1 0 1
-17.6884 17.2241 38.2182 -38.5336 28.5655 48.6129 1.18474 -13 539 1 0 1
3.91228 -2.33861 38.2182 -0.347849 -4.49075 76.8478 1.48577 -13 540 1 0 1
-2.83485 2.09753 38.2182 -14.13 8.41075 68.8035 1.05823 -13 541 1 0 1
0.407407 -0.112769 38.2182 -4.55911 2.30757 67.4191 0.118918 -13 542 1 0 1
1.79251 -1.20069 38.2182 -0.264775 -7.41551 66.6267 -0.410927 -13 543 1 0 1
0.0678979 -0.825301 38.2182 -3.47003 -3.11473 62.7652 0.535469 -13 544 1 0 1
-4.77558 -9.04897 38.2182 -17.9464 -24.0827 65.1985 1.25955 -13 545 1 0 1
-4.87765 -7.41396 38.2182 -9.31604 -9.95263 41.1543 0.622578 -13 546 1 0 1
-9.42843 6.56259 38.2182 -18.1412 13.004 44.6885 -0.566349 -13 547 1 0 1
-0.866736 0.854159 38.2182 -5.54677 6.88295 60.7407 2.37502 -13 548 1 0 1
-0.498957 -2.59382 38.2182 -3.28942 -1.0821 57.3282 2.67775 -13 549 1 0 1
-6.64474 5.43809 38.2182 -20.8833 15.003 63.4941 -2.3825 -13 550 1 0 1
-1.16599 -6.54605 38.2182 -2.40375 -3.59369 32.3609 1.39719 -13 551 1 0 1
-7.6356 -0.632109 38.2182 -17.6609 -3.40151 55.0569 0.346681 -13 553 1 0 1
-6.77136 -0.520977 38.2182 -19.5499 -3.40273 61.1602 -0.896317 -13 554 1 0 1
2.38265 2.48116 38.2182 -3.48777 6.54978 73.5699 1.34429 -13 555 1 0 1
-4.09836 3.67126 38.2182 -10.8185 6.36519 54.9359 0.60775 -13 556 1 0 1
0.658333 -0.103913 38.2182 -1.93073 -1.6065 61.1822 2.53938 -13 557 1 0 1
-4.32299 -0.406228 38.2182 -12.5484 -3.73743 59.7773 -2.49515 -13 558 1 0 1
-13.5271 1.27695 38.2182 -20.0522 2.06871 35.0026 -1.25537 -13 560 1 0 1
-7.55922 3.38681 38.2182 -23.7899 4.32417 64.2648 1.21206 -13 562 1 0 1
0.981048 -0.728289 38.2182 -4.96327 -5.6277 70.007 -0.235594 -13 564 1 0 1
-8.0657 3.60877 38.2182 -17.173 9.66058 51.2302 1.38674 -13 565 1 0 1
-6.57612 -0.982649 38.2182 -24.2509 -3.80887 68.43 0.847718 -13 566 1 0 1
-1.89883 -4.43157 38.2182 -5.64234 -6.43047 55.3353 0.304591 -13 567 1 0 1
-2.94175 3.06327 38.2182 -13.4205 9.69781 69.0987 0.280653 -13 568 1 0 1
-2.22263 -2.32104 38.2182 -8.59051 -6.00656 60.4255 1.90128 -13 569 1 0 1
-2.88303 -4.5156 38.2182 -5.75929 -5.18253 49.7042 -2.28854 -13 570 1 0 1
-0.716727 -1.32137 38.2182 -10.7874 -7.42471 74.289 -0.0468429 -13 572 1 0 1
-4.79385 0.111862 38.2182 -16.1542 -5.48128 65.86 2.04672 -13 573 1 0 1
-6.26437 8.06409 38.2182 -15.4453 19.2301 53.9622 -0.846786 -13 574 1 0 1
-1.87161 -1.62007 38.2182 -10.9045 -4.00861 68.2344 0.283566 -13 575 1 0 1
-1.87788 3.10264 38.2182 -9.9606 0.493353 67.545 -0.793543 -13 576 1 0 1
-0.802946 -4.76512 38.2182 -7.01738 -4.14517 64.8389 -1.87178 -13 577 1 0 1
-4.18244 4.91792 38.2182 -17.7064 13.1246 69.2429 2.04398 -13 578 1 0 1
0.942325 -5.80761 38.2182 -0.764979 -12.9513 61.0372 -0.142679 -13 579 1 0 1
-7.32301 2.15936 38.2182 -21.7274 8.91239 62.1666 1.58344 -13 580 1 0 1
2.04073 3.21915 38.2182 1.05909 3.97914 62.0646 0.176345 -13 581 1 0 1
2.20991 -0.507305 38.2182 2.27894 2.41089 48.4952 0.10968 -13 582 1 0 1
1.54444 -0.203955 38.2182 -3.11054 -2.66816 70.7454 -0.342528 -13 583 1 0 1
-0.777239 0.230499 38.2182 -6.88731 -3.74441 63.1941 -0.654285 -13 584 1 0 1
-0.950611 -1.60052 38.2182 -7.94795 -7.37784 64.7746 -1.95031 -13 585 1 0 1
-2.21079 -3.15622 38.2182 -12.8022 -10.2974 69.2592 2.28407 -13 586 1 0 1
-4.84058 4.15748 38.2182 -20.4952 15.113 69.7254 0.466634 -13 587 1 0 1
1.26353 -0.944056 38.2182 -2.06043 1.28971 66.4456 -2.02114 -13 588 1 0 1
-2.17633 1.42906 38.2182 -11.7013 1.32564 68.5786 -1.1429 -13 589 1 0 1
-5.24144 -4.0298 38.2182 -20.8948 -14.7658 69.9301 -0.759561 -13 590 1 0 1
-3.75172 -1.20298 38.2182 -20.4886 0.598885 74.8919 2.68507 -13 591 1 0 1
-2.16677 0.702651 38.2182 -11.0452 -0.227839 70.1004 -2.51112 -13 592 1 0 1
-0.743337 4.40794 38.2182 -4.7539 3.51562 63.4115 2.04863 -13 593 1 0 1
-6.6894 1.2781 38.2182 -19.2829 -0.126484 59.6859 0.354283 -13 594 1 0 1
-0.68315 -3.11999 38.2182 -5.81136 -3.37767 62.9689 0.69301 -13 595 1 0 1
-5.69876 -0.633733 38.2182 -27.9687 -2.48889 74.7428 0.0324215 -13 597 1 0 1
0.626986 -3.39408 38.2182 -11.8312 -11.2982 79.8602 -1.61248 -13 598 1 0 1
-6.82814 -2.5519 38.2182 -10.9676 -4.42376 42.525 -1.42518 -13 599 1 0 1
-4.41148 -4.27633 38.2182 -8.73246 -7.65048 48.663 0.688325 -13 600 1 0 1
-0.550411 -0.225605 38.2182 -4.72932 -1.20923 58.8207 1.3052 -13 601 1 0 1
-1.6142 -2.50197 38.2182 -6.94272 -4.69296 62.9131 0.754739 -13 602 1 0 1
-8.68856 -1.22208 38.2182 -24.8848 -1.96623 62.388 -1.13763 -13 603 1 0 1
0.369387 1.7044 38.2182 1.04986 0.698664 47.2403 0.297391 -13 604 1 0 1
-4.38678 -11.0023 38.2182 -11.3692 -19.4229 55.3808 0.194983 -13 605 1 0 1
1.80071 -0.911575 38.2182 -1.97767 -2.1302 66.462 2.74586 -13 606 1 0 1
3.17682 3.43165 38.2182 -2.63792 14.9022 75.5783 -0.633502 -13 607 1 0 1
-6.84687 -0.852014 38.2182 -24.3772 5.07366 68.369 0.284213 -13 609 1 0 1
-3.35676 0.940673 38.2182 -12.7338 10.7889 65.0607 -1.53881 -13 610 1 0 1
-3.81153 1.50379 38.2182 -8.44002 -1.04387 52.5065 1.0598 -13 611 1 0 1
2.96192 -0.671656 38.2182 2.82449 2.32213 56.7988 -2.09571 -13 612 1 0 1
0.875693 -5.29802 38.2182 0.00983457 -6.72628 37.3812 1.53341 -13 613 1 0 1
-3.14864 -1.43713 38.2182 -10.2912 -6.94764 62.4403 -0.16189 -13 614 1 0 1
-5.29433 1.03147 38.2182 -20.1099 -3.43649 70.3847 0.954189 -13 615 1 0 1
1.11206 1.09772 38.2182 -7.62533 6.08447 77.122 -0.0805857 -13 616 1 0 1
-3.99818 -4.03572 38.2182 -13.1647 -6.40695 61.4135 -0.546841 -13 617 1 0 1
-3.66848 9.82447 38.2182 -10.1315 20.9582 53.9555 -0.868428 -13 618 1 0 1
1.56962 4.88678 38.2182 0.979879 11.2331 50.4037 0.879008 -13 619 1 0 1
-2.23388 1.57482 38.2182 -16.8819 3.44586 76.0011 -2.07154 -13 620 1 0 1
-2.17764 -6.34916 38.2182 -7.24338 -7.94663 58.3244 0.835149 -13 621 1 0 1
-0.307748 -13.5125 38.2182 -2.68705 -20.6586 53.5085 0.526438 -13 622 1 0 1
-2.4093 -3.74396 38.2182 -7.39148 -3.56379 59.5387 -0.141733 -13 623 1 0 1
-3.2037 -1.39596 38.2182 -10.502 -5.409 62.4038 -0.143327 -13 624 1 0 1
-6.86243 6.97592 38.2182 -15.3585 8.77028 52.6945 -0.675887 -13 625 1 0 1
1.86596 0.438717 38.2182 -2.84839 -2.35309 70.408 2.60028 -13 626 1 0 1
-6.10241 0.00606133 38.2182 -25.211 7.92858 71.8571 0.726057 -13 627 1 0 1
-1.85876 -7.33175 38.2182 -10.8796 -15.7592 69.0597 0.296402 -13 628 1 0 1
-4.32048 5.93115 38.2182 -13.0137 15.6134 62.3033 0.35091 -13 629 1 0 1
-7.51603 2.13602 38.2182 -19.9422 7.2623 58.8468 0.825282 -13 630 1 0 1
-3.68979 1.19021 38.2182 -8.98761 3.67473 57.4929 -0.491379 -13 631 1 0 1
-0.434283 -3.34828 38.2182 -6.1209 -6.99092 66.5585 -1.35556 -13 632 1 0 1
2.1497 2.26799 38.2182 2.53558 2.9418 55.7315 -0.648398 -13 633 1 0 1
-9.43681 10.7505 38.2182 -20.9965 21.0756 51.9741 0.0593541 -13 634 1 0 1
3.67238 -1.10618 38.2182 5.18563 0.0415895 52.0094 0.366472 -13 635 1 0 1
-5.53558 1.85625 38.2182 -21.2549 9.75424 68.9388 -1.95198 -13 636 1 0 1
1.33514 0.0805014 38.2182 -4.86955 -2.22543 71.8316 0.242076 -13 637 1 0 1
1.0646 -3.58632 38.2182 -2.67708 -7.88769 65.6221 -1.80538 -13 639 1 0 1
-1.60945 3.77926 38.2182 -3.68756 5.08533 37.2927 -1.95167 -13 640 1 0 1
0.489788 -5.42105 38.2182 -2.90236 -13.2306 60.7214 -1.15648 -13 641 1 0 1
-1.24591 -4.57568 38.2182 -3.84786 -6.17369 56.7336 0.128183 -13 642 1 0 1
-0.86941 -7.11347 38.2182 -8.84185 -17.5471 68.1297 -0.226027 -13 643 1 0 1
-5.68313 -3.03006 38.2182 -11.4037 -6.60405 47.4902 2.42386 -13 644 1 0 1
-1.22643 -3.43748 38.2182 -4.4584 -5.24626 56.9266 1.16477 -13 645 1 0 1
-5.08768 1.15875 38.2182 -20.7643 1.99013 69.0049 1.49983 -13 646 1 0 1
-6.77598 -0.818592 38.2182 -28.7358 0.67917 72.5421 -1.34983 -13 647 1 0 1
0.760042 1.02374 38.2182 -3.16748 3.8993 67.873 0.0278488 -13 649 1 0 1
-1.86513 -3.14968 38.2182 -13.3704 -4.66997 72.2329 1.09389 -13 650 1 0 1
-0.892616 1.07502 38.2182 -8.19164 1.64152 67.1973 0.628169 -13 651 1 0 1
-4.13518 -1.28195 38.2182 -14.4484 -4.40462 63.394 1.1369 -13 652 1 0 1
-1.04403 -2.86978 38.2182 -8.66256 -3.63324 67.3571 0.75587 -13 653 1 0 1
-0.999878 -2.46879 38.2182 -0.0332329 -3.1341 39.0562 -0.236826 -13 654 1 0 1
-10.848 -8.05215 38.2182 -11.6958 -9.26493 22.908 0.455316 -13 655 1 0 1
-6.9098 3.45596 38.2182 -19.8524 11.2558 60.0707 0.0241679 -13 656 1 0 1
0.946646 -4.82777 38.2182 -1.15211 -5.69912 60.6118 0.738029 -13 657 1 0 1
-2.99911 -5.55746 38.2182 -13.7577 -8.06186 66.8308 2.34842 -13 659 1 0 1
-1.71653 0.476077 38.2182 -9.1403 2.26894 64.8387 -1.38221 -13 660 1 0 1
-3.04936 -0.268405 38.2182 -18.3181 -7.27163 72.9338 1.74964 -13 661 1 0 1
-6.8503 -1.2425 38.2182 -16.0979 -2.59131 54.3797 -0.13673 -13 662 1 0 1
-0.162703 1.07961 38.2182 -2.61421 4.56495 56.9396 0.567766 -13 663 1 0 1
-3.48705 -3.97566 38.2182 -15.9934 -7.94062 68.0529 1.85292 -13 664 1 0 1
-2.35225 -1.00023 38.2182 -15.8699 -5.00319 74.7154 0.416086 -13 665 1 0 1
-8.39222 -1.15051 38.2182 -20.3513 -0.0565374 57.2039 1.10568 -13 666 1 0 1
-2.58834 -0.914441 38.2182 -8.74474 -0.914412 58.8943 -2.03206 -13 667 1 0 1
-7.46918 -2.12156 38.2182 -9.97316 -3.387 29.0396 0.94108 -13 668 1 0 1
-1.67725 -6.33874 38.2182 -8.12833 -14.3604 65.722 1.49996 -13 669 1 0 1
0.668184 -4.15202 38.2182 -5.8021 -8.88626 71.814 0.140816 -13 670 1 0 1
-1.6283 -9.84664 38.2182 -6.94145 -19.9656 58.5081 0.609594 -13 671 1 0 1
1.71314 4.80122 38.2182 -0.472296 8.42541 55.8462 1.68429 -13 672 1 0 1
0.659614 6.01154 38.2182 -1.29102 10.0495 60.4237 0.454284 -13 673 1 0 1
3.64148 2.36629 38.2182 2.46248 5.37341 62.0713 0.972838 -13 674 1 0 1
-3.98668 -5.54619 38.2182 -11.9103 -13.8594 60.1111 3.29492 -13 675 1 0 1
2.50547 1.64508 38.2182 2.45575 5.44583 48.9259 -0.0374954 -13 676 1 0 1
3.30231 -1.80618 38.2182 0.928564 -6.0416 66.656 1.12119 -13 677 1 0 1
-0.999191 1.19361 38.2182 -9.44319 11.8077 70.2872 1.66396 -13 678 1 0 1
-7.12432 5.41542 38.2182 -21.5977 13.1408 62.7645 0.135077 -13 679 1 0 1
-5.6658 1.87999 38.2182 -12.4363 1.15508 53.9759 -0.757784 -13 680 1 0 1
-1.66099 -0.477698 38.2182 -11.5302 -9.79663 71.2498 -3.11635 -13 681 1 0 1
5.18354 -0.907759 38.2182 6.16878 4.51978 61.427 2.1661 -13 683 1 0 1
-3.6152 -3.32483 38.2182 -11.0255 -6.06375 60.0593 -0.0838587 -13 684 1 0 1
8.42675 -2.39438 38.2182 12.599 -9.97955 68.5835 -1.54963 -13 685 1 0 1
0.458626 4.64213 38.2182 -5.01685 11.7923 68.4768 0.538556 -13 686 1 0 1
-5.52437 4.15667 38.2182 -10.9141 10.1808 47.0255 1.83375 -13 687 1 0 1
-3.29917 -1.30334 38.2182 -12.1673 -6.40221 63.3792 0.101311 -13 688 1 0 1
1.2814 -5.05416 38.2182 0.000787124 -13.4861 59.2521 1.13238 -13 690 1 0 1
-0.652301 1.17602 38.2182 -6.54981 -1.52816 63.9045 -1.82353 -13 691 1 0 1
-2.7264 3.91314 38.2182 -9.61619 3.03698 60.8721 -0.813833 -13 692 1 0 1
-3.70161 7.74208 38.2182 -8.86244 5.67479 47.9547 1.97994 -13 693 1 0 1
-1.73754 -5.29017 38.2182 -8.7457 -6.97421 63.6696 2.50192 -13 694 1 0 1
-5.58472 2.37037 38.2182 -16.3605 5.69553 61.2517 0.491723 -13 696 1 0 1
-3.10863 1.71832 38.2182 -15.5171 6.79595 68.4466 0.667727 -13 697 1 0 1
1.9012 -6.12637 38.2182 3.24111 -7.08827 43.2538 -0.547173 -13 699 1 0 1
0.472324 -1.22632 38.2182 -6.64006 -2.81806 71.6554 1.5298 -13 700 1 0 1
-0.328808 2.64645 38.2182 -6.68453 10.7328 69.0323 1.47558 -13 701 1 0 1
-1.76817 1.15871 38.2182 -4.21902 2.71107 43.1193 1.49102 -13 702 1 0 1
-3.03975 2.44737 38.2182 -20.2221 4.05783 76.7118 -2.08581 -13 703 1 0 1
0.232651 3.84351 38.2182 -1.17382 11.1121 55.9808 -0.323216 -13 704 1 0 1
-2.4617 3.17466 38.2182 -5.98104 4.29819 52.3592 1.56997 -13 705 1 0 1
-5.45 -1.53363 38.2182 -11.2595 -2.82362 51.9486 -1.44334 -13 706 1 0 1
-1.36313 -1.32797 38.2182 -10.8459 4.02703 71.139 3.45679 -13 707 1 0 1
-8.81559 -1.53718 38.2182 -20.0593 -2.97575 54.3715 0.667213 -13 708 1 0 1
-2.66858 -0.611803 38.2182 -10.0194 -4.46524 64.3589 0.225616 -13 709 1 0 1
-2.69991 -2.4633 38.2182 -3.48605 -7.22794 39.1657 -0.778272 -13 710 1 0 1
0.407154 2.38726 38.2182 -0.871476 0.788602 49.7346 -0.165431 -13 711 1 0 1
-2.83838 -4.0733 38.2182 -12.8482 -8.67987 66.8024 1.53248 -13 712 1 0 1
-1.1895 -2.6363 38.2182 -16.488 -10.9255 78.7299 0.143036 -13 713 1 0 1
-3.22534 1.44916 38.2182 -6.6812 -0.92796 47.9175 1.81789 -13 714 1 0 1
-3.13106 2.0193 38.2182 -14.6809 7.90388 68.8453 -0.931509 -13 715 1 0 1
-1.23863 4.66845 38.2182 -2.96354 7.58764 49.3033 1.38212 -13 716 1 0 1
-1.54896 0.827295 38.2182 -3.73123 0.668729 52.5035 1.94549 -13 717 1 0 1
-3.537 0.734116 38.2182 -16.1847 -1.32709 69.8649 1.08494 -13 718 1 0 1
0.262141 0.04258 38.2182 -6.35068 3.85643 70.5759 0.0432477 -13 719 1 0 1
-3.70056 1.29979 38.2182 -12.8492 2.9639 63.6336 2.23135 -13 720 1 0 1
1.14861 -5.20764 38.2182 -4.67431 -12.2183 70.3396 0.0558659 -13 721 1 0 1
-0.43812 -3.3834 38.2182 -2.82964 -8.10235 54.1576 -1.37595 -13 722 1 0 1
-2.01579 -3.57834 38.2182 -7.99047 -3.76556 59.9829 -1.05583 -13 723 1 0 1
-1.30653 5.27594 38.2182 -10.8808 10.6553 70.7941 2.14666 -13 724 1 0 1
-6.33054 4.37557 38.2182 -14.3668 5.57256 52.4411 -0.11724 -13 725 1 0 1
2.63902 -6.5026 38.2182 3.27219 -12.9445 53.014 -0.822859 -13 726 1 0 1
-0.25479 1.78653 38.2182 -1.79707 3.46934 43.3728 2.11064 -13 727 1 0 1
-2.29345 10.5212 38.2182 -4.86963 16.3062 38.192 -0.13537 -13 728 1 0 1
1.00446 -2.67868 38.2182 -7.71864 -5.50941 75.4276 -1.68427 -13 729 1 0 1
-8.1855 -7.71644 38.2182 -8.70455 -5.75979 26.707 0.0561807 -13 730 1 0 1
-2.4514 -1.68061 38.2182 -12.3607 -1.6408 69.0052 -1.09781 -13 731 1 0 1
-4.20777 4.3054 38.2182 -15.0371 6.85144 66.5677 2.15542 -13 732 1 0 1
-6.87202 1.60806 38.2182 -11.5822 -1.46316 43.9034 -0.248128 -13 733 1 0 1
0.431351 3.50334 38.2182 -5.26586 -3.97335 70.8365 2.38985 -13 734 1 0 1
5.66308 4.76479 38.2182 6.85337 4.87287 45.753 -1.01179 -13 735 1 0 1
-1.5446 3.93261 38.2182 -3.71689 6.43216 45.1627 -0.0367767 -13 736 1 0 1
-5.11481 5.01271 38.2182 -13.8086 9.1923 59.7501 2.21514 -13 737 1 0 1
2.75643 0.00534885 38.2182 2.57847 3.15951 58.2446 1.68051 -13 738 1 0 1
0.0879991 -2.39481 38.2182 -2.8367 -1.43784 58.9283 -0.999082 -13 739 1 0 1
-3.14966 1.04433 38.2182 -15.908 1.98349 71.0384 0.917505 -13 740 1 0 1
5.95403 -0.164059 38.2182 0.991469 0.489704 16.4188 2.16794 -13 741 1 0 1
-10.6284 0.703725 38.2182 -14.7247 2.5353 35.805 -2.02358 -13 742 1 0 1
-1.92134 5.10779 38.2182 -10.9415 15.1856 69.1107 1.47162 -13 743 1 0 1
-5.31851 3.78173 38.2182 -12.087 4.0229 53.2814 0.417234 -13 744 1 0 1
3.43403 4.91599 38.2182 -0.398764 10.6321 71.9752 2.09184 -13 745 1 0 1
-3.10028 -0.864302 38.2182 -13.0164 -2.0757 66.249 -1.67707 -13 746 1 0 1
-0.929136 -1.18311 38.2182 -7.5504 -2.11294 67.143 0.317624 -13 747 1 0 1
-5.81652 -0.126188 38.2182 -9.83146 1.29154 45.9625 -1.64657 -13 748 1 0 1
0.996826 -0.742388 38.2182 -5.82947 -2.50795 72.3128 1.26156 -13 749 1 0 1
-1.02063 5.60252 38.2182 -5.87147 2.83676 63.5593 0.849405 -13 750 1 0 1
-5.50711 2.42175 38.2182 -11.4814 6.07747 50.1123 0.172156 -13 751 1 0 1
-3.63693 3.76894 38.2182 -13.1859 12.7564 64.6682 -0.343221 -13 752 1 0 1
-2.40377 2.64908 38.2182 -8.56755 1.84034 63.2283 -0.895949 -13 753 1 0 1
-5.49816 -2.26043 38.2182 -18.4738 -2.95896 66.1856 0.453961 -13 754 1 0 1
0.81244 -1.17433 38.2182 -7.23061 -4.92136 74.6686 -1.29643 -13 755 1 0 1
-0.0570707 1.55693 38.2182 -6.03877 8.8096 67.2348 -0.900936 -13 756 1 0 1
1.93803 -3.58384 38.2182 2.38226 -4.83574 52.9545 -0.969681 -13 757 1 0 1
-0.870017 -2.00438 38.2182 -1.85195 -9.35072 55.2361 0.503343 -13 758 1 0 1
-0.0159495 -6.93313 38.2182 -4.52192 -16.6576 60.6549 1.29231 -13 759 1 0 1
-2.10542 3.26105 38.2182 -5.77704 5.80129 52.9184 0.3503 -13 760 1 0 1
-0.585987 -3.8232 38.2182 -4.28814 -5.2893 58.582 0.834459 -13 761 1 0 1
-11.8002 1.46719 38.2182 -13.6625 3.98337 25.6211 -0.703852 -13 762 1 0 1
3.14106 1.06082 38.2182 2.45577 6.99121 60.4135 1.40844 -13 763 1 0 1
0.741132 1.36256 38.2182 -4.80089 4.57313 69.954 -2.45784 -13 764 1 0 1
-4.86382 -0.148938 38.2182 -13.9732 -1.45764 62.2612 -0.411631 -13 765 1 0 1
3.45415 -3.95188 38.2182 3.08452 -4.64505 26.8004 -0.934958 -13 766 1 0 1
0.094162 -1.22669 38.2182 -2.84635 -3.92451 58.6356 -0.304141 -13 767 1 0 1
0.73414 -9.06413 38.2182 -3.35859 -20.6762 64.9654 0.761325 -13 768 1 0 1
-7.71199 0.839421 38.2182 -10.6386 -1.80522 32.1638 0.32689 -13 769 1 0 1
-4.0549 1.136 38.2182 -15.6097 -7.55244 68.6561 -0.910306 -13 770 1 0 1
-8.89489 -7.43562 38.2182 -11.2123 -8.88213 29.0437 -0.451438 -13 771 1 0 1
-1.49737 -2.81866 38.2182 -4.36931 -7.73261 53.8704 -0.0306364 -13 772 1 0 1
2.84306 -0.392868 38.2182 -3.17162 0.195861 76.5055 0.642126 -13 773 1 0 1
-5.81554 -2.39243 38.2182 -13.8386 -2.09098 55.9709 1.08935 -13 774 1 0 1
3.78924 -1.19477 38.2182 4.85757 -5.53197 61.0164 0.0608277 -13 775 1 0 1
-3.92271 2.41264 38.2182 -8.8643 5.31928 53.6011 2.67097 -13 776 1 0 1
-3.69765 -1.86708 38.2182 -13.7787 -6.6901 64.9436 0.107019 -13 777 1 0 1
-3.78425 3.25337 38.2182 -7.23647 9.46252 45.0611 2.74199 -13 778 1 0 1
-4.39551 -4.57279 38.2182 -15.2546 -10.2907 65.6878 1.82465 -13 779 1 0 1
0.68834 -0.986776 38.2182 -2.01962 -1.60745 67.4892 -0.773862 -13 780 1 0 1
0.407512 1.36736 38.2182 -3.75805 -0.301331 66.7743 0.0207367 -13 781 1 0 1
-5.95601 -2.95959 38.2182 -17.1947 -6.14283 60.0438 0.650272 -13 782 1 0 1
1.69473 -3.13699 38.2182 0.784718 -4.63286 58.5892 1.12048 -13 783 1 0 1
-8.57784 -7.56603 38.2182 -22.1375 -19.5396 58.2095 -0.724132 -13 784 1 0 1
-5.24485 0.861646 38.2182 -24.298 -6.27108 73.3985 -0.0679034 -13 785 1 0 1
2.12648 2.12641 38.2182 2.26365 1.37843 47.1374 -0.879685 -13 787 1 0 1
-8.34946 -0.462106 38.2182 -20.4339 -2.63526 56.1783 -0.784775 -13 788 1 0 1
4.13863 -0.00613663 38.2182 3.29913 -5.59337 70.7989 0.566391 -13 789 1 0 1
-1.38349 0.190361 38.2182 -6.88503 -4.54797 59.3662 2.14595 -13 790 1 0 1
0.194933 -3.97474 38.2182 -4.57088 -13.2282 66.8549 -1.28643 -13 791 1 0 1
-2.68999 -1.32781 38.2182 -10.212 -2.54873 65.3092 2.32564 -13 792 1 0 1
-0.971748 -0.0590797 38.2182 -3.76148 -3.29686 50.962 1.93029 -13 793 1 0 1
-4.76804 0.341076 38.2182 -16.3659 3.46629 66.9067 0.420496 -13 794 1 0 1
-6.49543 -4.77471 38.2182 -15.2693 -10.343 52.8382 -2.25951 -13 795 1 0 1
-5.70848 1.19346 38.2182 -12.8747 1.92183 56.6129 0.0377972 -13 796 1 0 1
-2.1414 1.14631 38.2182 -3.79978 -2.45061 46.7791 -0.676701 -13 797 1 0 1
-1.40433 6.48175 38.2182 -12.7433 17.7288 72.0249 2.13112 -13 798 1 0 1
-3.29622 2.17156 38.2182 -10.6559 2.79024 61.0698 1.04783 -13 799 1 0 1
-7.49526 0.997843 38.2182 -17.8091 5.52756 55.8746 1.33834 -13 800 1 0 1
2.28825 3.66709 38.2182 0.740396 1.96338 69.0114 2.3594 -13 801 1 0 1
-3.24511 -2.0572 38.2182 -12.1056 -7.97688 64.1416 -1.14645 -13 802 1 0 1
-0.0317632 -0.73767 38.2182 -9.96289 5.4529 74.7516 -1.55732 -13 803 1 0 1
3.39957 0.0849047 38.2182 4.12215 1.21683 50.0413 -0.353975 -13 804 1 0 1
-0.455799 0.0525307 38.2182 -3.21829 -1.12525 56.1923 1.12938 -13 806 1 0 1
-5.40875 -5.25052 38.2182 -16.1665 -9.27332 63.6098 0.528965 -13 807 1 0 1
-6.21844 0.320536 38.2182 -17.7623 0.353764 61.9601 -0.416989 -13 809 1 0 1
-2.13881 -0.358518 38.2182 -15.3464 -4.0186 75.1345 -0.544946 -13 810 1 0 1
-1.48982 -2.37396 38.2182 -9.0467 -3.51187 69.5363 -0.0829363 -13 811 1 0 1
-5.66128 -3.53188 38.2182 -10.4544 -4.02943 44.6287 2.09599 -13 812 1 0 1
-0.306852 2.69552 38.2182 -3.27749 8.25806 54.5109 0.903148 -13 813 1 0 1
-0.308032 -1.88765 38.2182 -3.99021 -0.300062 60.9187 0.847757 -13 814 1 0 1
-0.342927 3.77923 38.2182 -2.69171 8.46641 54.432 -1.91822 -13 815 1 0 1
0.836026 -0.392713 38.2182 -8.60828 -0.843957 76.0637 1.61565 -13 816 1 0 1
-2.5501 0.211707 38.2182 -3.17531 0.717919 39.3663 -1.52071 -13 817 1 0 1
-2.72841 -4.77627 38.2182 -5.40883 -10.5988 46.2839 0.0407797 -13 820 1 0 1
-4.26624 -1.78634 38.2182 -9.28415 0.458329 51.0663 -1.60606 -13 821 1 0 1
-2.44732 3.42638 38.2182 -22.8555 2.72468 78.1754 0.753095 -13 822 1 0 1
-0.106804 0.469468 38.2182 -1.73629 -1.78405 56.8791 0.0417527 -13 823 1 0 1
-4.19389 -1.16891 38.2182 -12.8937 -3.20199 59.1467 0.406359 -13 825 1 0 1
-1.13212 1.88094 38.2182 -8.0722 8.52962 65.6148 -1.2694 -13 826 1 0 1
-1.8007 -4.97149 38.2182 -7.33404 -13.9001 60.8943 2.78907 -13 827 1 0 1
-0.300135 1.69841 38.2182 -4.09723 0.145534 64.0953 -2.33525 -13 828 1 0 1
2.252 -8.79721 38.2182 1.09801 -16.0242 47.7876 0.932929 -13 829 1 0 1
-2.7731 -4.51761 38.2182 -10.1981 -10.9788 62.0442 -0.0372867 -13 830 1 0 1
-0.095641 0.100534 38.2182 -5.28092 -2.69329 65.2694 2.10534 -13 831 1 0 1
-2.89161 -3.24657 38.2182 -7.12563 -7.12099 53.7438 0.493762 -13 832 1 0 1
-1.76959 -5.82227 38.2182 -7.20084 -13.2114 58.9326 0.502075 -13 833 1 0 1
-5.78478 -1.86952 38.2182 -15.1061 -0.721948 58.502 -0.103072 -13 834 1 0 1
-1.83445 -5.2618 38.2182 -16.6172 -16.2357 74.7677 -0.823782 -13 835 1 0 1
1.36542 4.86956 38.2182 -2.87639 12.7576 64.6041 0.00727444 -13 836 1 0 1
2.01949 -8.47111 38.2182 -0.865537 -13.256 65.5751 1.15671 -13 837 1 0 1
1.2058 3.95152 38.2182 -4.36062 4.43747 70.7393 -1.20682 -13 838 1 0 1
-3.72011 -5.44082 38.2182 -7.85779 -6.9891 51.3733 -0.271645 -13 839 1 0 1
-6.00592 -0.119293 38.2182 -15.367 -1.46894 57.3701 2.55719 -13 840 1 0 1
-5.29247 4.56054 38.2182 -12.8883 5.75712 55.9824 -1.69601 -13 841 1 0 1
-2.84157 -1.84835 38.2182 -14.8477 -2.91743 71.4542 -0.853284 -13 842 1 0 1
-2.14715 -3.2501 38.2182 -14.5452 -15.8212 71.3867 0.60784 -13 843 1 0 1
-7.73978 2.56819 38.2182 -17.8617 5.03727 54.9954 1.02333 -13 844 1 0 1
0.313889 0.0354254 38.2182 -2.23611 2.68128 59.7197 1.10693 -13 845 1 0 1
0.436963 -8.65492 38.2182 -1.12043 -8.68097 34.1872 0.626571 -13 846 1 0 1
0.773351 -6.56126 38.2182 -0.816008 -5.46014 57.4899 -1.04111 -13 847 1 0 1
-4.02019 3.66136 38.2182 -9.28712 4.29147 53.5336 -0.674017 -13 848 1 0 1
-7.99466 -2.94624 38.2182 -16.3265 -3.51241 49.3768 -1.86206 -13 849 1 0 1
3.2416 -5.34799 38.2182 1.31672 -11.8856 67.8571 -0.759079 -13 850 1 0 1
-4.88367 4.94714 38.2182 -12.4741 7.64822 57.4375 -0.346413 -13 851 1 0 1
3.44198 -1.0383 38.2182 -1.75996 -1.53893 75.4596 0.625679 -13 852 1 0 1
-4.1454 0.908859 38.2182 -12.3316 1.70108 59.8508 1.21285 -13 853 1 0 1
-2.19833 1.78329 38.2182 -12.6539 -1.58656 67.8443 -0.698455 -13 854 1 0 1
-5.549 5.01826 38.2182 -14.8428 10.8238 58.6352 0.251766 -13 855 1 0 1
-6.85261 1.94016 38.2182 -16.8521 -2.8857 55.7324 0.458784 -13 856 1 0 1
-5.60935 -10.0277 38.2182 -15.6388 -14.804 59.1622 -0.733577 -13 857 1 0 1
-10.8835 1.85289 38.2182 -27.9149 2.74773 58.0223 -2.26339 -13 858 1 0 1
-5.91958 -0.911539 38.2182 -11.6554 0.173396 50.0429 1.73174 -13 859 1 0 1
-3.45017 1.27875 38.2182 -13.0958 3.50903 65.8957 1.44813 -13 860 1 0 1
-1.45021 -2.46053 38.2182 -13.3464 -7.64927 75.3409 -1.698 -13 861 1 0 1
-2.4095 0.631737 38.2182 -9.06732 3.58296 62.1138 0.0454625 -13 862 1 0 1
-7.76075 -4.83294 38.2182 -19.1128 -8.01629 56.1204 0.332807 -13 863 1 0 1
-2.92864 -1.15635 38.2182 -9.55625 -1.03794 61.5838 -0.481865 -13 864 1 0 1
-3.97096 -3.32011 38.2182 -9.59165 -2.67331 54.108 1.91647 -13 865 1 0 1
-0.909695 3.72344 38.2182 -4.36066 11.3752 55.3362 0.075024 -13 866 1 0 1
1.95486 4.64524 38.2182 -3.75963 8.87169 73.5659 -0.527502 -13 867 1 0 1
-1.58513 1.47931 38.2182 -16.0984 0.508158 76.8017 -1.50827 -13 868 1 0 1
-11.3277 -6.66484 38.2182 -25.1098 -12.8443 53.0577 -0.537859 -13 869 1 0 1
-2.3445 -1.25617 38.2182 -8.09576 -5.24971 58.57 0.884577 -13 870 1 0 1
-2.41272 -2.74077 38.2182 -10.6235 -8.26267 65.4197 -1.0636 -13 871 1 0 1
-3.23615 -1.86211 38.2182 -12.6662 -1.94958 65.9801 -0.998798 -13 872 1 0 1
0.653023 1.14161 38.2182 -5.25395 -0.575608 71.1603 -0.953172 -13 873 1 0 1
-3.12688 2.43792 38.2182 -12.305 6.48911 64.6935 2.71009 -13 874 1 0 1
-3.61397 -2.31288 38.2182 -12.1211 -6.40035 62.4651 0.338022 -13 875 1 0 1
1.40291 3.86126 38.2182 -5.65664 8.08076 74.3467 0.121452 -13 876 1 0 1
-1.12365 2.77844 38.2182 -7.48635 14.3774 66.8153 -1.88005 -13 877 1 0 1
-0.563568 2.98349 38.2182 -9.5578 12.5399 71.5475 -3.58441 -13 878 1 0 1
-8.91366 3.93813 38.2182 -14.4434 5.09948 44.2508 1.29913 -13 879 1 0 1
1.28458 -4.44028 38.2182 -1.81645 -11.6998 66.9978 0.936013 -13 880 1 0 1
-2.1844 -3.55179 38.2182 -6.49911 -7.11291 55.1229 1.94836 -13 881 1 0 1
4.24634 7.91375 38.2182 1.69491 19.7962 72.83 -0.442491 -13 882 1 0 1
2.90114 5.7015 38.2182 0.53534 15.7362 63.2044 -0.233544 -13 883 1 0 1
2.12085 1.3781 38.2182 2.98401 3.51737 35.6722 -0.0610272 -13 885 1 0 1
1.59812 1.34315 38.2182 -7.79103 -4.83886 79.0284 2.44574 -13 886 1 0 1
-6.11853 4.20297 38.2182 -21.3817 8.69187 66.3806 0.621493 -13 887 1 0 1
-1.83046 0.972119 38.2182 -4.67367 -2.13781 54.9674 0.149492 -13 888 1 0 1
-3.59556 -2.26581 38.2182 -9.27334 -3.52932 55.6556 -0.517189 -13 889 1 0 1
1.06064 -5.94305 38.2182 -3.34557 -15.2617 66.8467 -1.04425 -13 890 1 0 1
-6.27844 -0.497794 38.2182 -8.77975 0.319092 31.1601 -0.997441 -13 891 1 0 1
-2.67909 -5.19803 38.2182 -13.2431 -7.05073 69.7316 0.53395 -13 892 1 0 1
-9.73162 -0.695237 38.2182 -20.4851 1.21507 52.789 -1.55657 -13 893 1 0 1
2.495 -2.85269 38.2182 -2.85939 -5.74989 75.8239 0.0620318 -13 894 1 0 1
-7.11172 3.10503 38.2182 -26.1305 18.9954 66.4177 1.61521 -13 895 1 0 1
-4.46185 5.98076 38.2182 -15.8203 16.2413 65.544 -1.58466 -13 896 1 0 1
-5.06734 -2.08878 38.2182 -10.7329 -3.14991 46.5721 -1.66523 -13 897 1 0 1
-1.30992 -0.692158 38.2182 -5.43426 0.401954 55.1895 -0.603702 -13 898 1 0 1
3.36182 0.599109 38.2182 4.02243 4.14965 61.1644 -0.200051 -13 899 1 0 1
-0.559599 3.49834 38.2182 -7.113 3.19652 67.4097 0.661435 -13 901 1 0 1
2.81456 -0.710193 38.2182 3.65304 -4.61536 54.5648 0.647484 -13 902 1 0 1
-0.957065 -6.65498 38.2182 -11.633 -8.24239 72.486 1.23469 -13 903 1 0 1
-0.0375588 -0.258324 38.2182 -3.36963 -4.7607 58.1522 2.01783 -13 904 1 0 1
-6.13666 -0.222551 38.2182 -27.4223 1.91917 73.7369 0.211652 -13 905 1 0 1
-9.24493 -2.72112 38.2182 -18.1053 -3.79022 49.6551 1.35991 -13 906 1 0 1
-2.2318 4.38434 38.2182 -10.6315 6.44242 66.1544 0.38297 -13 907 1 0 1
-8.95014 -8.37351 38.2182 -11.0127 -9.97531 28.5765 0.346156 -13 908 1 0 1
-1.26116 -5.01718 38.2182 -11.975 -8.29637 71.4741 0.755578 -13 909 1 0 1
-4.58743 -1.26443 38.2182 -17.4574 -3.7582 67.2661 -0.0918045 -13 910 1 0 1
-6.16509 9.12482 38.2182 -10.4096 14.1459 37.2908 -0.517152 -13 911 1 0 1
-0.503691 8.54359 38.2182 -4.82303 11.6581 53.8277 -0.723533 -13 912 1 0 1
-0.35117 2.24083 38.2182 -15.9283 13.7183 77.4546 1.36888 -13 913 1 0 1
-10.1173 1.03685 38.2182 -29.3518 9.13322 63.5796 1.06894 -13 914 1 0 1
-0.654922 -6.04077 38.2182 -4.85436 -10.2414 60.253 -0.786026 -13 915 1 0 1
-5.52755 0.0279632 38.2182 -30.2455 2.58945 74.3127 4.37515 -13 916 1 0 1
-6.81131 5.02371 38.2182 -9.45994 8.72837 35.2973 -0.109182 -13 917 1 0 1
-7.26822 3.00833 38.2182 -24.9597 7.18136 66.8317 2.10035 -13 918 1 0 1
-2.51161 2.02894 38.2182 -9.85282 1.50665 65.1093 -0.536037 -13 919 1 0 1
-3.47635 -1.53538 38.2182 -20.8876 0.399196 76.4202 0.514305 -13 920 1 0 1
-1.27783 -0.563186 38.2182 -2.74442 -4.99628 32.4274 0.468381 -13 921 1 0 1
-3.0424 -5.20567 38.2182 -21.7859 -12.4216 77.2139 2.5047 -13 922 1 0 1
-6.54854 0.297326 38.2182 -16.0402 0.400236 55.606 -0.0789968 -13 923 1 0 1
-3.21906 1.49216 38.2182 -13.0971 0.449064 66.4685 -0.97778 -13 924 1 0 1
-4.61988 2.88479 38.2182 -13.6234 7.40883 59.3606 0.444159 -13 925 1 0 1
-3.74807 2.20852 38.2182 -20.0456 3.03718 73.907 1.43874 -13 926 1 0 1
-2.9546 -3.49617 38.2182 -10.3496 -3.01346 66.5314 0.618516 -13 927 1 0 1
-3.61156 -1.44587 38.2182 -9.6891 -3.95481 56.0339 -0.158314 -13 928 1 0 1
-2.65815 -0.708339 38.2182 -12.3913 -2.00617 68.7639 1.40137 -13 930 1 0 1
1.65372 0.723432 38.2182 -0.738646 -2.33957 62.8348 2.06095 -13 931 1 0 1
-9.78548 -2.78116 38.2182 -17.045 -5.73689 42.9992 1.9874 -13 932 1 0 1
0.297016 3.78595 38.2182 -5.2982 12.8684 67.5223 1.09471 -13 933 1 0 1
-2.95714 0.506145 38.2182 -16.3838 3.69273 72.3221 -0.491641 -13 934 1 0 1
-8.66393 1.4401 38.2182 -20.5523 2.585 54.7231 1.01516 -13 935 1 0 1
3.20843 -2.46747 38.2182 4.57453 -0.0160519 60.6095 0.0992557 -13 936 1 0 1
-2.05291 -3.39862 38.2182 -13.6572 -3.15502 71.6378 -0.150492 -13 938 1 0 1
-9.6804 0.483931 38.2182 -21.6447 1.36399 53.1255 -0.46271 -13 939 1 0 1
-4.00518 -0.613032 38.2182 -11.3745 1.2561 58.8219 0.031781 -13 940 1 0 1
-4.66199 0.782628 38.2182 -15.1516 5.54069 64.2176 0.283102 -13 941 1 0 1
3.74357 0.363715 38.2182 1.10159 0.714958 71.7687 0.613781 -13 942 1 0 1
-0.0454612 -2.90794 38.2182 -5.91583 -4.97327 67.0183 1.48241 -13 943 1 0 1
-4.61212 -1.19984 38.2182 -9.20434 2.16808 50.2357 -0.356899 -13 944 1 0 1
-0.342065 4.72903 38.2182 -8.16054 15.9849 69.5935 0.950673 -13 945 1 0 1
-5.47859 3.12905 38.2182 -9.72921 4.99821 41.8247 -0.65576 -13 946 1 0 1
0.921738 -0.800249 38.2182 -2.3271 2.13303 64.8607 -1.11203 -13 947 1 0 1
-2.10829 -1.14392 38.2182 -5.02211 0.668956 47.249 1.3821 -13 948 1 0 1
-7.42126 -1.76033 38.2182 -14.0122 -2.95033 50.9031 0.486827 -13 949 1 0 1
-3.94818 4.49465 38.2182 -12.4602 7.89415 63.1039 0.136892 -13 950 1 0 1
9.06176 -4.5265 38.2182 13.7449 -5.68653 53.6224 0.699075 -13 951 1 0 1
0.956621 -1.02656 38.2182 -0.815291 -2.20675 59.3978 2.73688 -13 952 1 0 1
-2.37127 -2.08556 38.2182 -9.073 -5.42523 58.1085 0.338719 -13 953 1 0 1
-3.36963 -7.25081 38.2182 -8.2493 -13.379 53.6858 -0.153715 -13 954 1 0 1
-0.65997 -0.1738 38.2182 -5.16144 -6.33214 59.8773 0.615497 -13 955 1 0 1
-4.03642 2.384 38.2182 -9.00127 0.697513 51.8183 -0.00928987 -13 956 1 0 1
-9.20668 0.597254 38.2182 -20.0451 -2.85795 52.973 -0.934359 -13 957 1 0 1
-2.93102 0.358218 38.2182 -25.7097 -1.32222 76.5489 -0.721988 -13 958 1 0 1
3.34078 -2.56586 38.2182 3.07792 -6.8849 61.6814 0.477108 -13 959 1 0 1
-2.86614 2.34096 38.2182 -15.7889 4.1074 72.1102 -1.94016 -13 960 1 0 1
-4.48593 -5.02622 38.2182 -10.0488 -7.10831 52.7533 0.273784 -13 961 1 0 1
-0.999582 -0.00386568 38.2182 -1.48645 -0.460308 32.2722 0.83571 -13 962 1 0 1
5.18236 2.78349 38.2182 5.86012 -2.79043 68.5232 2.06398 -13 963 1 0 1
-3.0493 0.752036 38.2182 -8.81345 0.0461716 60.3674 2.02976 -13 964 1 0 1
-3.91912 -2.60349 38.2182 -13.3372 -7.88888 62.6898 1.49643 -13 965 1 0 1
-3.76239 2.19055 38.2182 -8.73453 8.36159 54.004 2.38974 -13 966 1 0 1
-0.697756 -1.17053 38.2182 -2.40863 -0.214291 53.5769 0.66037 -13 967 1 0 1
-10.6459 -1.28828 38.2182 -25.5326 -5.27255 55.8731 -0.942274 -13 968 1 0 1
-2.68022 -2.56743 38.2182 -4.91352 -6.03587 48.1101 0.681135 -13 969 1 0 1
0.619661 -2.189 38.2182 -3.20004 -7.38451 64.0271 0.0150541 -13 970 1 0 1
0.664271 -4.32766 38.2182 -3.50955 -4.25929 68.0886 -1.05364 -13 971 1 0 1
-9.74243 2.30889 38.2182 -10.5045 4.0383 23.9498 -0.729754 -13 972 1 0 1
-8.48108 -2.688 38.2182 -10.2003 -1.61785 26.1784 -0.595352 -13 973 1 0 1
-3.38051 1.33939 38.2182 -13.4301 3.90786 67.8873 -0.521396 -13 974 1 0 1
-3.95 0.670503 38.2182 -17.4403 9.46959 71.0228 1.75586 -13 975 1 0 1
-7.19293 -2.48782 38.2182 -17.6346 -2.92194 56.7637 0.488705 -13 977 1 0 1
-4.79069 -0.286898 38.2182 -19.1404 -3.4019 68.208 -1.31949 -13 979 1 0 1
-8.37926 -0.731955 38.2182 -19.2992 -2.79182 54.4699 -1.28566 -13 980 1 0 1
-5.92941 -2.60624 38.2182 -16.9134 -9.78104 58.9248 -0.562307 -13 981 1 0 1
-1.93792 6.11393 38.2182 -7.92878 10.5363 62.605 -0.553826 -13 982 1 0 1
-3.98391 -0.581077 38.2182 -17.0412 6.29821 69.123 -0.208632 -13 983 1 0 1
10.6699 -7.86918 38.2182 9.6072 -7.89563 34.4713 1.42338 -13 984 1 0 1
0.165108 -1.18859 38.2182 -2.47076 -1.29098 59.9438 1.00115 -13 985 1 0 1
-6.20839 -2.91319 38.2182 -16.1121 -4.52154 58.0181 -0.180523 -13 986 1 0 1
-2.02532 -7.45053 38.2182 -7.60993 -16.9397 58.3273 0.56271 -13 987 1 0 1
-0.329376 -3.37105 38.2182 -6.30816 -6.05113 69.3352 1.18492 -13 989 1 0 1
-1.10299 -1.60964 38.2182 -8.38658 -10.0556 68.6919 0.398801 -13 990 1 0 1
-7.92663 3.80784 38.2182 -15.0739 3.21315 47.7187 -2.07002 -13 991 1 0 1
-8.3566 4.71385 38.2182 -11.5793 5.23208 37.1379 1.03578 -13 992 1 0 1
-2.67813 -5.03625 38.2182 -4.32407 -7.81725 47.992 1.7805 -13 993 1 0 1
4.45893 -14.986 38.2182 4.63415 -18.6069 43.661 -0.610351 -13 994 1 0 1
-0.115368 -0.295576 38.2182 -4.23781 0.663312 63.6595 -1.67746 -13 995 1 0 1
-4.84406 -0.192667 38.2182 -16.8652 -1.00443 65.8345 0.332498 -13 996 1 0 1
-4.6352 1.15933 38.2182 -8.83063 2.21442 45.2821 2.56849 -13 997 1 0 1
-0.114322 -1.21427 38.2182 -2.58676 -1.70627 56.3559 0.1102 -13 999 1 0 1
-4.73413 -1.70951 38.2182 -8.77095 -2.64964 45.4248 -0.388945 -13 1000 1 0 1
