#BLTrackFile NTuple/Z56
#x y z Px Py Pz t PDGid EventID TrackID ParentID Weight
#mm mm mm MeV/c MeV/c MeV/c ns - - - - -
0.85626 -5.04987 55.996 4.47697 -6.03881 73.3169 -0.861753 -13 1 1 0 1
10.5075 3.29098 55.996 17.5989 -1.60399 79.1059 0.244259 -13 2 1 0 1
3.76695 -2.82774 55.996 9.18836 -4.67262 71.5251 1.19678 -13 3 1 0 1
-1.77728 -3.48281 55.996 -1.93401 -2.75572 79.0265 0.638258 -13 4 1 0 1
-4.14167 1.14273 55.996 1.03846 -0.78094 62.0045 0.810593 -13 5 1 0 1
-2.5687 -1.67573 55.996 -1.19537 -0.834189 75.0479 -0.480753 -13 6 1 0 1
3.21822 -4.00338 55.996 11.1534 -4.57084 61.0447 -0.57007 -13 7 1 0 1
-3.70525 4.8881 55.996 3.75094 8.68424 48.44 0.293243 -13 8 1 0 1
9.47117 7.79018 55.996 18.222 11.337 61.031 1.42765 -13 9 1 0 1
6.69904 -2.84361 55.996 15.489 -2.12848 65.6576 1.00035 -13 10 1 0 1
8.22305 6.53074 55.996 15.8798 9.43725 70.6057 -0.219306 -13 11 1 0 1
0.321085 -6.0677 55.996 6.91376 -9.69703 60.8552 2.00629 -13 12 1 0 1
14.8715 7.13159 55.996 19.7037 5.38196 35.6473 -0.434762 -13 13 1 0 1
12.0089 -6.09477 55.996 21.8723 -5.59108 65.0465 -1.21542 -13 14 1 0 1
8.0346 -6.32897 55.996 16.9467 -8.71397 65.5928 1.79156 -13 15 1 0 1
25.0202 -16.6716 55.996 32.6824 -20.0527 48.0584 2.50984 -13 16 1 0 1
1.08357 6.6189 55.996 7.25463 10.7863 64.016 -0.341033 -13 17 1 0 1
-0.922298 -6.14892 55.996 6.50122 -8.67417 52.7548 1.74677 -13 18 1 0 1
-3.51339 3.55477 55.996 -0.36436 6.50003 66.1169 0.434366 -13 19 1 0 1
3.66922 -10.1142 55.996 10.5696 -13.3439 63.4522 3.27193 -13 20 1 0 1
0.302811 2.04379 55.996 7.76301 5.78757 57.3623 -0.856921 -13 22 1 0 1
1.92417 13.6907 55.996 9.86653 13.0265 44.2951 0.880511 -13 23 1 0 1
-3.93898 8.02662 55.996 2.35856 9.82126 55.3866 1.03454 -13 24 1 0 1
8.86639 -2.76427 55.996 17.3282 -1.32567 69.5064 0.602973 -13 25 1 0 1
2.65754 3.94134 55.996 9.16203 6.24392 67.5254 0.18545 -13 26 1 0 1
1.08407 -6.96432 55.996 6.58337 -5.60243 66.5954 1.77579 -13 27 1 0 1
9.98707 -6.57731 55.996 18.6632 -10.0589 71.4641 0.568487 -13 28 1 0 1
1.53757 3.36987 55.996 7.07008 7.41212 66.8314 1.33235 -13 30 1 0 1
3.4937 1.3178 55.996 8.77589 3.73367 71.8036 0.0359735 -13 31 1 0 1
-0.542517 2.61458 55.996 5.51735 3.85895 62.9042 -0.164153 -13 32 1 0 1
8.24305 -3.39076 55.996 12.2856 -1.15502 24.4566 1.48313 -13 33 1 0 1
-3.58227 -1.40596 55.996 0.0861469 -0.0790957 67.1337 -0.29545 -13 34 1 0 1
-8.9021 -9.5933 55.996 -10.1632 -12.9998 72.3312 2.50369 -13 35 1 0 1
6.19436 1.12692 55.996 14.4836 5.11349 65.5826 -0.787034 -13 36 1 0 1
5.16293 -3.9996 55.996 10.0408 -8.9583 79.4472 -1.15683 -13 37 1 0 1
4.47956 -9.43159 55.996 12.1216 -13.6986 58.8139 1.78915 -13 38 1 0 1
25.2887 -4.00254 55.996 15.2504 -2.56915 10.8252 -0.727105 -13 39 1 0 1
0.225928 6.08294 55.996 6.74354 7.01577 52.3152 1.11536 -13 40 1 0 1
11.0174 11.6784 55.996 19.9778 14.1951 58.6158 0.181767 -13 41 1 0 1
2.00728 1.57507 55.996 7.43131 -0.613455 68.2593 1.56583 -13 42 1 0 1
-1.54514 -1.88202 55.996 -3.57068 -3.61329 79.8599 0.607086 -13 43 1 0 1
7.41861 1.82939 55.996 16.3579 1.12839 54.8173 0.987897 -13 44 1 0 1
6.13046 -5.49888 55.996 13.1914 -7.94489 67.033 0.713272 -13 46 1 0 1
4.16917 10.7852 55.996 11.4261 10.7293 59.0866 1.26 -13 47 1 0 1
-0.336464 3.64776 55.996 4.09793 9.09858 66.5652 1.01138 -13 48 1 0 1
6.56422 -9.6696 55.996 13.7803 -19.8321 67.2283 -0.235475 -13 49 1 0 1
9.25866 -5.03462 55.996 17.0018 -3.98338 41.0377 -0.263511 -13 50 1 0 1
7.4245 4.2463 55.996 14.3863 3.72439 71.7858 0.00505064 -13 51 1 0 1
2.10159 8.95876 55.996 9.83716 11.7756 55.2096 0.421927 -13 52 1 0 1
10.1417 4.60638 55.996 19.8605 4.45167 54.0794 -2.01032 -13 53 1 0 1
9.55934 7.24697 55.996 17.1863 5.63688 41.5044 0.40687 -13 54 1 0 1
1.89013 -3.79538 55.996 6.46897 -7.34094 70.8489 1.20466 -13 55 1 0 1
16.1391 6.04602 55.996 26.2261 7.96051 56.8447 -0.644648 -13 56 1 0 1
1.11293 -0.504499 55.996 7.71666 1.19839 63.6368 -0.0958393 -13 58 1 0 1
3.90302 -4.99811 55.996 10.4736 -7.45333 67.6738 2.26175 -13 59 1 0 1
10.099 9.1463 55.996 19.0448 13.4419 54.4327 0.593373 -13 60 1 0 1
0.391897 4.09719 55.996 6.57825 7.25532 63.5532 -0.535176 -13 61 1 0 1
6.09214 -0.899512 55.996 13.6279 1.58125 69.3514 -0.252909 -13 62 1 0 1
11.8363 -6.32646 55.996 16.358 -5.2156 33.1929 0.600025 -13 63 1 0 1
3.40753 -0.809473 55.996 10.9972 -0.119016 59.8752 0.453637 -13 64 1 0 1
8.97201 4.12011 55.996 18.057 4.52121 63.2985 -1.13658 -13 65 1 0 1
3.43167 1.22833 55.996 9.41338 1.08212 71.1444 0.743645 -13 66 1 0 1
6.67868 -2.13557 55.996 15.5573 -0.670657 60.1288 -0.363071 -13 67 1 0 1
6.1504 11.2127 55.996 14.6504 11.2566 52.1709 -0.618532 -13 68 1 0 1
1.55091 -5.19425 55.996 8.37279 -7.69623 63 0.303398 -13 69 1 0 1
2.87457 -2.61039 55.996 5.5675 -10.5599 80.2858 0.508171 -13 70 1 0 1
0.163548 1.56898 55.996 7.49764 -0.681325 60.6538 -1.14542 -13 71 1 0 1
10.9616 10.0735 55.996 20.1258 11.1172 61.9067 1.42906 -13 72 1 0 1
1.61216 0.877283 55.996 5.3514 -1.9081 74.3735 -0.622519 -13 73 1 0 1
6.07187 7.22545 55.996 14.3919 9.60165 57.4013 0.58719 -13 74 1 0 1
5.57534 4.59695 55.996 11.4548 5.86126 74.5946 -2.57044 -13 75 1 0 1
11.8597 1.53566 55.996 18.3946 2.08675 77.678 -1.43056 -13 76 1 0 1
5.80829 3.39948 55.996 13.8985 0.998541 56.5109 2.71568 -13 77 1 0 1
0.252794 -0.147341 55.996 6.69211 -1.89893 60.2452 -0.43889 -13 78 1 0 1
7.09427 -1.92055 55.996 15.3014 -3.20997 61.6432 1.75675 -13 79 1 0 1
8.69897 -2.87583 55.996 16.7909 -2.19048 71.039 0.352388 -13 80 1 0 1
6.84557 3.76022 55.996 13.8883 10.9867 68.9953 0.38702 -13 81 1 0 1
0.959296 0.0422909 55.996 7.91227 1.46614 62.5361 1.53997 -13 82 1 0 1
-0.805364 11.4593 55.996 3.48195 19.3644 67.9145 0.343658 -13 83 1 0 1
-6.24586 -2.49295 55.996 -3.399 -4.03526 64.1273 0.472321 -13 84 1 0 1
6.31961 1.97268 55.996 13.4207 1.94937 74.962 1.44875 -13 85 1 0 1
7.00779 -0.925888 55.996 15.0973 -6.44979 66.9156 0.140033 -13 86 1 0 1
7.78216 -4.31752 55.996 16.8698 -5.98033 49.8221 1.21558 -13 87 1 0 1
1.49054 -4.48603 55.996 7.06062 -6.32412 68.3101 -0.0799578 -13 88 1 0 1
7.04085 -3.04113 55.996 15.2284 -1.719 60.9858 -0.233795 -13 89 1 0 1
4.36923 3.82154 55.996 11.9016 4.92046 65.1088 0.150503 -13 90 1 0 1
-2.61037 -3.14517 55.996 2.59906 -5.11946 64.8581 1.21251 -13 91 1 0 1
8.85459 2.43189 55.996 18.264 3.08402 52.9114 0.352155 -13 92 1 0 1
5.68049 -0.599001 55.996 14.3933 -2.51919 57.4066 1.18909 -13 93 1 0 1
6.43477 15.5578 55.996 14.0885 17.9219 51.8286 -0.96483 -13 94 1 0 1
6.69508 -2.12115 55.996 14.4889 -2.12231 69.4331 0.394694 -13 95 1 0 1
3.13472 6.80062 55.996 10.0275 11.3799 59.2301 -1.45389 -13 96 1 0 1
2.13797 -3.79263 55.996 10.4271 -1.22029 56.7672 -0.676179 -13 97 1 0 1
4.5926 -2.94178 55.996 12.0194 -1.48626 66.8311 0.775971 -13 98 1 0 1
3.49996 7.15128 55.996 10.7227 10.0175 62.5855 0.853423 -13 99 1 0 1
8.44793 -3.25862 55.996 17.2004 -1.42094 66.4519 -0.527783 -13 100 1 0 1
14.2059 -5.21862 55.996 24.5962 -9.19698 63.5949 -0.316362 -13 101 1 0 1
7.62014 2.41497 55.996 15.5922 2.96523 65.8625 0.261399 -13 102 1 0 1
13.8196 1.86087 55.996 23.5508 6.82071 57.4786 -2.07886 -13 103 1 0 1
0.677777 1.32716 55.996 6.24237 -0.198112 66.4349 0.0425412 -13 104 1 0 1
1.01795 3.10391 55.996 8.30184 8.97063 60.1592 -1.1003 -13 105 1 0 1
-2.03407 -1.01543 55.996 3.52548 -1.36361 61.0137 0.635704 -13 106 1 0 1
5.00123 -3.8293 55.996 11.4991 -6.20067 69.8903 -0.710119 -13 107 1 0 1
11.7408 3.13655 55.996 21.7118 7.75982 60.1188 -0.448046 -13 108 1 0 1
7.40231 1.22735 55.996 16.204 2.45359 66.4158 1.3426 -13 109 1 0 1
1.98933 1.28597 55.996 5.737 2.78452 72.8277 0.0766401 -13 110 1 0 1
2.13851 -5.17629 55.996 5.3749 -5.31362 77.3811 0.0323762 -13 111 1 0 1
12.3052 -1.38678 55.996 20.569 -3.628 53.017 -1.46922 -13 112 1 0 1
7.43874 3.42427 55.996 16.1698 3.73 54.734 1.15179 -13 113 1 0 1
9.1097 -4.66323 55.996 18.3346 -7.15513 61.0158 0.295785 -13 114 1 0 1
9.56916 2.94865 55.996 18.0402 2.68157 47.5588 0.232789 -13 115 1 0 1
-0.200266 -1.92483 55.996 2.78362 -3.31214 73.3616 0.846295 -13 116 1 0 1
6.20288 2.32974 55.996 13.8848 4.27657 53.8302 0.0257596 -13 117 1 0 1
5.25072 3.78702 55.996 13.6586 0.485668 47.2985 -0.0236376 -13 118 1 0 1
2.00774 -1.61376 55.996 7.34553 -0.94619 70.4496 0.838395 -13 119 1 0 1
-1.94503 2.27497 55.996 4.93756 3.51975 50.5149 0.20634 -13 120 1 0 1
7.76959 -7.41353 55.996 16.1301 -6.48021 59.5359 1.88377 -13 121 1 0 1
1.54165 -2.74916 55.996 4.6915 -2.82931 77.419 0.945146 -13 122 1 0 1
4.47364 -7.80066 55.996 11.0307 -11.0018 70.1388 1.08464 -13 123 1 0 1
16.4216 2.67659 55.996 25.9912 4.04124 51.2071 0.678001 -13 124 1 0 1
-5.94207 -10.9129 55.996 -1.92695 -14.7063 60.5195 -1.17038 -13 125 1 0 1
3.13501 0.992003 55.996 6.05376 -2.95062 79.1849 1.26114 -13 126 1 0 1
8.01143 6.31655 55.996 16.7655 6.28936 58.7715 -0.744073 -13 127 1 0 1
4.84608 -0.94753 55.996 12.6696 -4.36959 64.1578 0.665555 -13 128 1 0 1
15.867 5.22506 55.996 25.7552 7.0924 53.9293 -0.106432 -13 129 1 0 1
10.5255 -4.06456 55.996 18.8876 -1.80568 47.4875 0.981188 -13 130 1 0 1
6.09081 1.58896 55.996 13.0176 2.42013 68.214 -0.138929 -13 131 1 0 1
0.899152 4.31376 55.996 4.71891 5.89186 73.9815 1.60642 -13 132 1 0 1
11.6579 -3.95342 55.996 21.7355 -6.27498 60.8176 -0.992518 -13 133 1 0 1
10.4687 1.20029 55.996 19.047 1.50627 73.6525 0.710036 -13 134 1 0 1
6.97694 2.7011 55.996 14.2367 0.824728 69.4239 1.16386 -13 135 1 0 1
14.5176 4.63172 55.996 23.9188 3.41338 51.5992 0.401955 -13 136 1 0 1
4.45697 -3.62103 55.996 12.1843 -6.00186 63.0509 1.82998 -13 137 1 0 1
2.171 8.77087 55.996 9.34686 11.5681 55.4751 0.642641 -13 140 1 0 1
4.72034 4.36736 55.996 12.7502 7.45967 51.6011 0.233613 -13 141 1 0 1
12.0202 2.33979 55.996 22.0007 6.06783 61.5716 2.23964 -13 142 1 0 1
-2.03896 -1.96497 55.996 1.05702 -3.94019 71.8481 -0.56118 -13 143 1 0 1
11.0625 -1.4552 55.996 20.7992 -4.08546 70.1334 3.20649 -13 144 1 0 1
7.0592 -15.757 55.996 14.6631 -17.9264 53.0226 2.03369 -13 145 1 0 1
8.53747 -4.29989 55.996 17.3003 -3.7059 64.3362 0.52404 -13 146 1 0 1
2.71303 -1.84203 55.996 9.68388 -2.67967 65.5892 -0.912265 -13 147 1 0 1
0.827779 -7.71885 55.996 5.59793 -8.25615 69.9399 0.535475 -13 148 1 0 1
12.4199 5.4464 55.996 21.03 5.7308 53.1759 -0.181012 -13 149 1 0 1
8.93144 7.67774 55.996 17.8669 12.0045 63.6199 0.117291 -13 150 1 0 1
9.77667 -7.99773 55.996 18.415 -10.8378 54.0612 1.49759 -13 151 1 0 1
6.0847 -1.55389 55.996 14.3304 -2.69269 63.3172 2.39752 -13 152 1 0 1
3.1016 -3.65718 55.996 9.59899 -8.89096 67.5554 -0.22614 -13 153 1 0 1
0.297457 -5.46946 55.996 1.42609 -9.62963 78.71 -1.85071 -13 154 1 0 1
-0.198572 1.21715 55.996 4.91878 0.607042 67.5582 -1.20113 -13 155 1 0 1
17.059 -4.46555 55.996 23.8228 -2.85768 41.2774 -0.228454 -13 156 1 0 1
2.19995 -0.735807 55.996 9.24646 0.977296 62.3969 0.150598 -13 157 1 0 1
5.10533 3.65386 55.996 8.38795 3.02346 79.0143 1.54418 -13 158 1 0 1
1.38699 6.37901 55.996 9.20216 6.27189 56.4856 -0.397027 -13 159 1 0 1
17.1284 -0.168278 55.996 27.7945 0.00215715 58.4249 0.237004 -13 160 1 0 1
11.9029 2.70323 55.996 21.5888 0.70966 67.8986 1.79178 -13 161 1 0 1
-2.76029 5.60248 55.996 5.22519 4.96041 42.1029 -0.275942 -13 162 1 0 1
0.999997 3.00687 55.996 5.73285 7.99961 70.4506 -1.4919 -13 163 1 0 1
11.0447 -5.82829 55.996 20.5066 -10.7711 62.9063 0.280178 -13 164 1 0 1
-10.8103 -3.15455 55.996 -0.465056 -3.49853 34.3626 2.4529 -13 165 1 0 1
-7.02489 -0.535059 55.996 -6.66176 -1.15968 71.5921 -0.0221793 -13 166 1 0 1
9.63077 8.11876 55.996 18.8029 10.925 59.5132 0.82459 -13 167 1 0 1
3.18622 4.57961 55.996 4.79816 9.45949 78.7545 1.3013 -13 168 1 0 1
14.3544 -4.11969 55.996 23.6552 -6.61826 53.7892 -0.0433265 -13 169 1 0 1
0.145381 -4.50894 55.996 4.85238 -7.72612 67.9317 -0.458487 -13 170 1 0 1
22.5961 -6.55761 55.996 25.8076 -3.28648 34.8711 1.02962 -13 171 1 0 1
4.44015 5.0578 55.996 12.664 4.32118 56.1663 -0.165984 -13 172 1 0 1
12.8507 1.79681 55.996 23.0829 1.62845 55.4513 0.369919 -13 173 1 0 1
8.25874 5.32643 55.996 17.1851 3.66415 67.1456 0.448722 -13 174 1 0 1
0.140577 -3.5725 55.996 8.27986 -5.82303 48.8757 0.0587627 -13 176 1 0 1
17.2273 -6.88021 55.996 24.9986 -7.53928 45.9951 -0.131224 -13 177 1 0 1
6.20829 -3.29589 55.996 14.6721 -2.44088 51.4474 -0.359545 -13 178 1 0 1
10.6698 -7.95509 55.996 19.7171 -14.6335 66.6034 -0.547557 -13 179 1 0 1
9.81167 -6.56899 55.996 18.1879 -6.93105 50.0109 1.77092 -13 180 1 0 1
2.44968 -3.85226 55.996 10.0755 -3.68913 40.0714 -1.20868 -13 181 1 0 1
-2.6559 1.99723 55.996 5.58466 2.831 42.6141 -0.655809 -13 182 1 0 1
13.9243 7.92607 55.996 20.5737 10.2614 39.0672 0.277768 -13 183 1 0 1
-4.31765 1.9697 55.996 0.697047 0.0440624 58.8319 0.217867 -13 184 1 0 1
1.7118 -4.74979 55.996 8.94099 -8.29223 60.3255 -0.57792 -13 185 1 0 1
10.2139 4.70741 55.996 17.019 5.62986 40.062 -0.396286 -13 186 1 0 1
6.90678 -3.51789 55.996 14.7796 -1.05285 70.3857 1.33368 -13 188 1 0 1
-0.51445 -2.86138 55.996 -0.336586 -5.56126 80.0341 0.370195 -13 189 1 0 1
-1.09342 2.85242 55.996 5.63321 4.15112 60.882 2.1069 -13 191 1 0 1
4.51293 0.809354 55.996 7.56812 5.78402 79.8538 1.03655 -13 192 1 0 1
-1.41694 -0.833409 55.996 6.61 -2.95468 41.168 -0.784644 -13 193 1 0 1
5.70036 7.56032 55.996 12.8908 13.6737 68.3084 -0.0528375 -13 194 1 0 1
3.22255 -0.643152 55.996 10.7905 -0.724161 59.8148 2.46442 -13 195 1 0 1
10.0534 0.177687 55.996 15.3102 -4.42912 79.1308 2.76477 -13 196 1 0 1
0.366573 9.75942 55.996 6.75667 12.7723 62.5527 -0.718979 -13 197 1 0 1
15.2558 0.603451 55.996 22.9344 0.873875 45.5221 -0.365211 -13 198 1 0 1
-3.53128 12.196 55.996 2.71713 12.1304 58.7126 -1.40012 -13 199 1 0 1
-0.348716 -2.97634 55.996 6.70927 -2.02458 51.451 0.879292 -13 200 1 0 1
-4.03038 -3.27914 55.996 -1.90772 -6.82753 70.454 0.511396 -13 201 1 0 1
2.31482 14.3087 55.996 9.19595 16.2455 57.5058 -0.641756 -13 202 1 0 1
4.59006 2.47662 55.996 12.3217 1.45612 61.4914 0.469302 -13 203 1 0 1
12.7443 -4.28552 55.996 13.3035 -3.67897 18.7941 -1.19253 -13 204 1 0 1
3.78484 2.43196 55.996 11.5525 -0.103413 49.759 1.64079 -13 205 1 0 1
-6.38992 1.74173 55.996 -11.3428 1.64868 77.2632 0.393496 -13 206 1 0 1
-1.71082 -7.91422 55.996 4.80823 -10.1645 58.1836 -0.862011 -13 207 1 0 1
-6.06498 1.04656 55.996 -4.58179 1.97433 70.4606 -0.0946339 -13 208 1 0 1
8.82375 5.29341 55.996 13.5967 4.11248 26.8438 0.38225 -13 209 1 0 1
16.8603 -0.797767 55.996 24.2407 0.337589 42.4676 -0.143345 -13 210 1 0 1
16.7205 9.18552 55.996 22.0796 6.95593 38.3393 0.844998 -13 211 1 0 1
1.84203 11.1476 55.996 5.55045 17.4352 72.7165 2.28429 -13 212 1 0 1
-4.5131 6.24784 55.996 0.722161 6.81638 60.5512 -1.12356 -13 213 1 0 1
4.63055 6.74714 55.996 10.4134 8.89136 75.0434 1.22458 -13 214 1 0 1
3.29456 -4.35281 55.996 8.37275 -11.3307 71.6367 1.93994 -13 215 1 0 1
5.73478 -0.0373861 55.996 12.6084 0.177242 69.3023 1.34492 -13 216 1 0 1
24.2724 3.59528 55.996 28.5622 5.46518 37.1445 -0.683658 -13 217 1 0 1
-0.285292 6.72097 55.996 4.75361 9.1025 65.3621 0.387322 -13 218 1 0 1
3.24226 -2.25814 55.996 7.71772 -3.63596 77.7102 0.253701 -13 219 1 0 1
6.12285 2.23889 55.996 13.2381 1.1745 71.2912 2.60485 -13 220 1 0 1
12.2516 1.174 55.996 22.4307 -0.214402 51.5269 1.21931 -13 221 1 0 1
3.53325 5.85721 55.996 9.3241 9.91927 72.0792 -0.562387 -13 222 1 0 1
-2.09347 -1.24036 55.996 2.98097 0.723443 62.7284 1.25311 -13 223 1 0 1
-1.70869 -2.03451 55.996 3.84559 -1.66679 63.2772 -0.216629 -13 224 1 0 1
6.83571 8.00251 55.996 15.1605 10.6227 53.6461 -0.0246504 -13 226 1 0 1
5.72347 -5.19866 55.996 14.0441 -7.95062 61.8601 0.283952 -13 227 1 0 1
5.31582 0.734344 55.996 9.6598 0.745824 78.1555 -1.67193 -13 228 1 0 1
3.57841 1.95089 55.996 8.42722 -0.113279 72.8759 0.492418 -13 229 1 0 1
7.14232 -9.04498 55.996 14.5822 -8.97605 44.8028 -0.0706874 -13 230 1 0 1
16.8548 11.3306 55.996 27.2075 18.4993 59.9598 1.50472 -13 231 1 0 1
9.80797 5.35597 55.996 19.0427 6.8252 60.1692 1.11813 -13 232 1 0 1
-2.10338 -0.521204 55.996 2.38472 -1.84446 66.302 -1.21247 -13 233 1 0 1
9.22736 -1.69945 55.996 17.4406 -6.02817 72.6439 0.533934 -13 235 1 0 1
-0.979265 -3.29458 55.996 4.36919 -7.67226 65.6716 1.53463 -13 236 1 0 1
14.0403 -9.57872 55.996 22.6705 -9.37707 49.6781 1.07305 -13 237 1 0 1
4.20204 1.64702 55.996 11.6275 1.7556 62.3349 0.356986 -13 238 1 0 1
-1.40889 -2.73365 55.996 1.68032 -0.523892 71.3961 1.53227 -13 239 1 0 1
13.0955 12.0749 55.996 21.0429 12.7727 44.5544 -0.0598048 -13 240 1 0 1
13.7167 2.65641 55.996 18.1348 2.35506 31.7476 1.11478 -13 241 1 0 1
2.95921 0.0955314 55.996 10.7764 -2.70387 58.6173 2.11084 -13 242 1 0 1
11.3658 -6.0497 55.996 21.3662 -6.57949 66.0711 0.161581 -13 243 1 0 1
8.12793 2.94781 55.996 15.3626 4.66925 74.8634 0.934452 -13 244 1 0 1
9.62163 4.96009 55.996 18.2171 12.1855 69.2664 -0.421377 -13 245 1 0 1
4.2366 2.77864 55.996 10.4872 8.0007 70.2689 0.07342 -13 246 1 0 1
6.83367 -5.09326 55.996 15.1469 -4.39617 59.7889 -0.0331839 -13 247 1 0 1
2.92789 -4.20313 55.996 9.24832 -5.84386 67.8782 0.952683 -13 248 1 0 1
17.396 6.37064 55.996 27.323 4.41333 56.3543 -0.632556 -13 249 1 0 1
8.65853 -7.31252 55.996 16.9203 -11.1898 66.5665 -1.21152 -13 250 1 0 1
12.2747 13.4663 55.996 21.7666 12.9823 58.6275 -0.714401 -13 251 1 0 1
10.8293 0.95057 55.996 20.9596 -0.227433 60.9006 0.573464 -13 252 1 0 1
6.92083 7.31462 55.996 13.7883 14.0718 70.3602 -1.06963 -13 253 1 0 1
7.97909 5.51018 55.996 16.3682 7.31177 52.2957 -0.172998 -13 254 1 0 1
4.28352 -0.487551 55.996 8.97907 2.28258 77.314 0.224682 -13 255 1 0 1
6.39477 2.91928 55.996 14.9055 3.96163 53.9331 -0.623559 -13 256 1 0 1
5.16314 -9.55606 55.996 12.8411 -10.5845 43.0317 0.0958634 -13 257 1 0 1
4.98063 -0.806824 55.996 12.4339 -2.5811 62.4483 0.426454 -13 258 1 0 1
8.71687 -0.76599 55.996 18.4011 -3.14839 54.5867 -0.857941 -13 259 1 0 1
3.49741 1.35643 55.996 9.38059 -0.737358 72.4871 -0.0145059 -13 260 1 0 1
2.5733 4.85703 55.996 9.591 5.98705 59.9802 -0.82063 -13 261 1 0 1
5.39512 1.62548 55.996 14.0389 3.16956 61.9982 2.41117 -13 262 1 0 1
10.2789 -7.3941 55.996 19.483 -9.82014 60.372 -1.16778 -13 263 1 0 1
2.21979 -3.65545 55.996 9.69097 -4.23242 49.933 0.124514 -13 264 1 0 1
12.5261 4.77468 55.996 22.4325 7.94789 59.9657 1.01528 -13 265 1 0 1
7.77922 2.18656 55.996 16.1468 0.782912 69.4768 0.882792 -13 266 1 0 1
1.21937 2.73937 55.996 7.48013 0.00256458 63.6015 0.00841614 -13 267 1 0 1
6.62946 4.64951 55.996 13.9662 6.2771 42.2789 -0.722346 -13 268 1 0 1
1.57789 3.98614 55.996 4.08671 2.04888 78.4635 0.759739 -13 269 1 0 1
1.44131 -1.61152 55.996 8.11893 -5.46829 64.0941 1.56792 -13 270 1 0 1
8.83952 -2.06435 55.996 16.2985 -6.77379 76.1648 -0.542423 -13 271 1 0 1
5.79482 -7.26832 55.996 13.7616 -10.8269 61.1546 1.90468 -13 272 1 0 1
-2.50569 3.49147 55.996 4.7423 3.27185 55.9842 3.14178 -13 273 1 0 1
6.60444 -2.89574 55.996 14.5206 -1.38446 66.79 -1.73155 -13 274 1 0 1
11.5829 -1.63027 55.996 20.5986 -4.14299 56.4622 0.0305615 -13 275 1 0 1
13.1265 0.650159 55.996 23.4811 -0.237892 54.8689 1.51058 -13 277 1 0 1
-5.39744 0.598435 55.996 -0.888416 0.697314 62.7681 1.87376 -13 278 1 0 1
-0.942825 -1.36581 55.996 3.28886 -7.35366 69.4954 -2.17265 -13 279 1 0 1
7.47126 2.34755 55.996 15.9081 1.52131 59.9804 0.558191 -13 280 1 0 1
8.79587 -3.21245 55.996 17.0545 -2.51459 65.3142 -0.988754 -13 281 1 0 1
3.28382 9.73398 55.996 10.5816 12.119 47.2952 -0.471742 -13 282 1 0 1
13.4907 -9.22434 55.996 21.5459 -9.87759 46.385 -1.24065 -13 283 1 0 1
1.03053 9.01691 55.996 8.48618 7.0566 53.3771 -0.0153153 -13 284 1 0 1
-3.5222 4.39147 55.996 0.946245 7.85549 63.5623 -0.18409 -13 285 1 0 1
-0.0885594 -6.4175 55.996 4.77189 -2.21549 70.0991 -1.16028 -13 286 1 0 1
2.40069 0.56939 55.996 9.83764 -1.84142 52.0088 -1.26945 -13 287 1 0 1
5.46953 20.3592 55.996 9.01766 35.384 71.0761 0.0231034 -13 288 1 0 1
3.89755 6.31579 55.996 8.29927 10.9224 77.5856 0.74146 -13 289 1 0 1
22.4779 -0.220717 55.996 27.0674 -1.09269 37.5953 0.571175 -13 290 1 0 1
7.7234 -4.97758 55.996 14.3047 -9.89441 73.8817 0.734149 -13 291 1 0 1
1.81638 1.90768 55.996 6.29762 4.63096 73.5465 0.0162078 -13 292 1 0 1
-8.31091 7.38748 55.996 -2.16478 11.7839 51.2253 2.40707 -13 293 1 0 1
18.3421 3.24271 55.996 29.9385 9.92582 64.896 1.89978 -13 294 1 0 1
4.21802 4.2994 55.996 11.6746 5.54787 64.8165 0.382616 -13 295 1 0 1
-3.15067 3.01999 55.996 2.78717 3.6453 60.4542 0.0372257 -13 296 1 0 1
13.1078 -2.12632 55.996 22.0483 -3.97385 50.5693 2.8822 -13 297 1 0 1
2.96375 3.35875 55.996 9.05133 2.1928 67.2608 -1.56966 -13 298 1 0 1
-8.8198 4.68728 55.996 -2.2975 8.45908 48.6043 3.0977 -13 299 1 0 1
-3.96004 26.4631 55.996 2.79786 22.7368 45.1989 1.48178 -13 300 1 0 1
-0.370087 1.83033 55.996 5.97125 -0.0692979 63.3933 -0.468693 -13 301 1 0 1
-1.14702 2.87948 55.996 4.30943 6.81799 62.9866 0.539413 -13 302 1 0 1
3.11102 -1.05564 55.996 10.3239 1.81124 62.3449 0.309345 -13 303 1 0 1
3.70787 3.54391 55.996 10.3198 7.75472 65.6099 0.82658 -13 304 1 0 1
-4.54105 8.57247 55.996 3.23423 9.55567 46.7722 1.55959 -13 305 1 0 1
2.37596 -2.70962 55.996 8.73696 -6.21645 66.74 -0.751845 -13 306 1 0 1
4.92531 -9.46175 55.996 11.1488 -18.8191 66.9354 -1.00658 -13 307 1 0 1
3.57023 -8.41703 55.996 8.69559 -13.1758 72.7532 0.362676 -13 308 1 0 1
3.39003 4.6593 55.996 10.0067 6.96393 66.3081 -0.569552 -13 309 1 0 1
11.3021 -1.72296 55.996 20.2633 -2.40723 69.8391 -0.113924 -13 310 1 0 1
10.3896 -3.2841 55.996 15.5707 1.23182 34.7724 -1.21878 -13 311 1 0 1
-0.227367 0.830392 55.996 3.62189 2.69457 72.1091 0.112598 -13 312 1 0 1
0.714112 7.58194 55.996 4.68058 10.9938 72.4025 1.20883 -13 313 1 0 1
9.73567 2.01971 55.996 18.039 3.33319 67.5443 -0.31316 -13 314 1 0 1
10.9674 -2.20426 55.996 20.8878 0.137975 59.4667 -1.16426 -13 315 1 0 1
6.7038 -16.2978 55.996 14.2645 -18.6694 49.3617 -0.903709 -13 316 1 0 1
2.04633 -8.34115 55.996 8.43545 -12.5561 63.0093 1.04232 -13 317 1 0 1
4.32976 -2.55252 55.996 11.0606 -1.94755 68.5468 -1.14298 -13 318 1 0 1
4.6416 4.38513 55.996 10.5621 10.7581 69.4676 2.2838 -13 319 1 0 1
11.7597 0.643064 55.996 21.7651 1.10919 69.5371 0.860447 -13 320 1 0 1
9.9006 0.622626 55.996 18.5087 -0.145044 54.176 -1.35784 -13 321 1 0 1
3.01141 1.57148 55.996 3.32945 4.12484 80.042 2.10752 -13 322 1 0 1
11.3674 -7.78832 55.996 20.4488 -7.45492 73.1292 0.481509 -13 323 1 0 1
6.16639 4.76557 55.996 14.3021 7.0185 64.758 -0.407937 -13 324 1 0 1
6.09258 -0.650396 55.996 13.1261 -2.05481 72.0404 0.240874 -13 325 1 0 1
-6.56623 7.54042 55.996 -3.06139 8.78974 61.6585 0.227841 -13 326 1 0 1
-1.26555 -16.1893 55.996 5.528 -19.4392 49.9697 0.50047 -13 327 1 0 1
-2.04761 0.254931 55.996 3.97114 -5.59925 59.83 -1.24638 -13 328 1 0 1
2.31681 5.95421 55.996 8.13423 10.5492 68.3264 1.34831 -13 329 1 0 1
9.68217 -2.90067 55.996 17.7601 -1.97033 74.9137 -0.595602 -13 330 1 0 1
0.249474 7.25046 55.996 3.90692 5.91451 72.5141 -1.32517 -13 331 1 0 1
1.35208 0.631196 55.996 8.38929 1.93231 30.9656 -0.851941 -13 332 1 0 1
9.64365 3.43761 55.996 17.5385 4.8383 46.6419 4.35491 -13 333 1 0 1
-0.973837 -3.82997 55.996 4.66645 -4.77246 66.5478 0.578838 -13 334 1 0 1
5.35565 -4.62637 55.996 13.1845 -7.24134 64.6442 0.58792 -13 335 1 0 1
5.23626 -7.16271 55.996 11.3428 -9.92348 68.6839 -0.418766 -13 336 1 0 1
29.7796 -9.92855 55.996 40.7635 -11.7921 50.3306 -2.13846 -13 337 1 0 1
12.6359 -1.85605 55.996 21.4592 -5.64845 51.1954 1.15632 -13 338 1 0 1
4.2576 -7.40663 55.996 11.8554 -7.30178 49.8824 0.635502 -13 339 1 0 1
3.96894 3.38223 55.996 10.6822 6.57 68.8716 0.443849 -13 340 1 0 1
8.91763 1.20842 55.996 16.9878 -1.62691 76.2478 0.186188 -13 341 1 0 1
2.9534 3.48338 55.996 7.56764 7.4688 73.5465 0.847894 -13 342 1 0 1
4.94869 -2.75402 55.996 12.7672 -7.16858 61.4407 -0.120421 -13 343 1 0 1
12.8408 -0.599702 55.996 20.8915 2.37986 46.3418 -0.0387451 -13 344 1 0 1
2.71608 0.115692 55.996 9.03043 2.12911 68.7489 -0.615421 -13 345 1 0 1
-5.98022 0.391674 55.996 -3.02396 0.32901 66.5168 0.815007 -13 346 1 0 1
1.5931 1.15198 55.996 7.50814 1.91414 68.7502 -0.607967 -13 347 1 0 1
5.90992 1.12386 55.996 14.6474 5.24761 52.0943 -0.248449 -13 348 1 0 1
13.3587 -1.22329 55.996 22.4164 -2.90854 53.2015 1.10104 -13 349 1 0 1
7.18733 -4.52749 55.996 15.5528 -5.72778 63.8019 1.01122 -13 350 1 0 1
1.9073 5.13442 55.996 7.0015 6.24913 70.3359 -1.32163 -13 352 1 0 1
3.41089 4.658 55.996 10.5474 5.41368 65.9626 -0.003216 -13 353 1 0 1
4.42798 7.62839 55.996 12.0188 6.73851 53.6048 0.646388 -13 354 1 0 1
1.37476 2.53398 55.996 4.71682 4.88336 74.3517 -0.255466 -13 355 1 0 1
11.522 5.92599 55.996 20.9222 10.2537 56.2793 0.523946 -13 356 1 0 1
5.94314 -0.0556319 55.996 13.1257 1.23777 41.8511 0.295 -13 357 1 0 1
14.044 4.27694 55.996 22.256 7.21281 48.0258 0.861998 -13 358 1 0 1
8.94766 -0.477502 55.996 18.4306 2.94167 60.2725 0.690064 -13 359 1 0 1
0.527054 -3.27398 55.996 3.83162 -4.94446 75.6756 -0.395624 -13 360 1 0 1
7.82258 0.116112 55.996 14.3688 2.65939 76.3676 0.0860473 -13 361 1 0 1
0.705759 1.89129 55.996 6.67977 0.133144 66.2757 -2.56022 -13 362 1 0 1
3.18563 1.33615 55.996 7.73194 4.48402 75.3212 -0.0938911 -13 363 1 0 1
5.47626 -5.45064 55.996 12.3646 -6.36845 64.1715 0.471414 -13 364 1 0 1
5.38958 4.39971 55.996 13.608 6.58986 48.3948 -1.64389 -13 365 1 0 1
14.5507 -1.13252 55.996 21.9244 -1.58507 41.7016 2.51715 -13 366 1 0 1
15.232 -0.13439 55.996 21.5449 -2.28985 37.5821 1.60386 -13 367 1 0 1
3.30793 3.90297 55.996 10.5483 7.11028 64.5433 0.777353 -13 368 1 0 1
2.71798 -1.20374 55.996 10.1845 0.709774 59.8205 -0.858866 -13 369 1 0 1
-3.35801 1.37289 55.996 -1.81684 1.33745 73.1615 1.07628 -13 370 1 0 1
1.34325 -1.36035 55.996 7.76639 -0.5447 66.7306 2.61359 -13 371 1 0 1
4.84126 -5.6207 55.996 13.4136 -10.4824 52.9326 1.06379 -13 372 1 0 1
-2.32659 -4.08353 55.996 2.45191 -6.91061 63.7667 0.928527 -13 373 1 0 1
0.0463832 -0.872716 55.996 2.29322 0.176789 77.01 0.842458 -13 374 1 0 1
-4.53407 4.20022 55.996 -6.46967 9.16815 78.7693 -1.18584 -13 375 1 0 1
-0.854621 -7.77952 55.996 3.08805 -11.683 69.4237 0.695682 -13 376 1 0 1
13.6622 -3.28924 55.996 23.8894 -7.82877 75.3015 1.40631 -13 377 1 0 1
9.4421 1.69086 55.996 17.3508 -1.48388 47.0706 2.44989 -13 378 1 0 1
7.87185 -11.7616 55.996 15.5082 -19.7037 65.0453 0.876203 -13 379 1 0 1
2.42406 -15.4577 55.996 10.1712 -16.7434 42.595 -0.442789 -13 380 1 0 1
9.27176 -0.84932 55.996 18.4334 2.29975 57.9049 1.40344 -13 381 1 0 1
10.4026 -6.07624 55.996 19.4685 -9.70009 70.2641 -0.108743 -13 382 1 0 1
-8.59244 4.57026 55.996 -2.45668 4.25474 51.2115 1.59092 -13 383 1 0 1
13.617 2.37921 55.996 23.843 0.740689 54.7553 -1.0907 -13 384 1 0 1
2.28862 -0.224995 55.996 8.69676 -3.37463 67.3654 2.00552 -13 385 1 0 1
4.09998 3.10206 55.996 10.8542 3.71437 69.3964 2.15913 -13 386 1 0 1
0.480242 -0.356088 55.996 4.46736 -2.20454 72.0764 0.348427 -13 387 1 0 1
4.74907 0.710037 55.996 12.9265 1.62491 51.3104 -0.49684 -13 388 1 0 1
15.9309 -2.11149 55.996 27.0153 -1.30429 58.1126 1.28962 -13 389 1 0 1
-0.0502675 4.78268 55.996 6.55646 5.62497 62.729 0.990599 -13 390 1 0 1
17.5771 1.04157 55.996 26.2865 0.390454 46.7703 0.0437194 -13 391 1 0 1
-0.886299 1.60818 55.996 6.36417 -1.40806 54.8783 0.465245 -13 392 1 0 1
5.06192 8.91626 55.996 12.4208 10.3771 60.779 -0.562428 -13 394 1 0 1
2.54469 7.4279 55.996 6.98695 15.2111 74.2453 -1.43161 -13 395 1 0 1
15.239 3.9264 55.996 25.7595 2.57569 59.4305 0.100837 -13 396 1 0 1
7.85021 -4.92111 55.996 16.2748 -4.93333 58.3571 1.51648 -13 397 1 0 1
6.08834 -0.880659 55.996 13.7716 -2.44648 65.9132 1.10039 -13 398 1 0 1
4.96734 -7.99854 55.996 11.003 -10.2792 70.5773 2.27514 -13 399 1 0 1
7.58204 -0.143634 55.996 16.3216 5.29477 63.3986 0.215212 -13 400 1 0 1
11.0495 0.127132 55.996 20.4067 1.06155 69.3255 0.00824724 -13 401 1 0 1
3.45827 -4.74555 55.996 11.5875 -7.27939 57.7797 -0.0438519 -13 402 1 0 1
4.0289 -14.038 55.996 10.2744 -24.4525 67.6961 0.467089 -13 403 1 0 1
7.193 -3.51558 55.996 15.5889 -7.96574 65.0458 1.45301 -13 404 1 0 1
3.87015 -3.59817 55.996 11.4076 -3.28055 35.8166 -2.19284 -13 405 1 0 1
4.15229 -4.51141 55.996 11.4006 -9.25116 59.6068 -0.328916 -13 406 1 0 1
7.48581 -4.04594 55.996 16.3872 -3.94537 66.1649 1.5203 -13 407 1 0 1
15.2858 5.93497 55.996 25.0632 7.9449 53.2602 2.07347 -13 408 1 0 1
6.35352 7.43255 55.996 14.5539 9.475 61.3899 0.571796 -13 409 1 0 1
1.44903 -3.94412 55.996 4.85558 -6.41914 76.3355 -2.34983 -13 410 1 0 1
2.4161 8.92165 55.996 10.4891 5.17322 42.8859 0.849241 -13 411 1 0 1
0.769606 -10.3748 55.996 5.90342 -15.2325 65.6989 1.50412 -13 412 1 0 1
1.07575 4.52323 55.996 3.24436 5.81627 78.9919 0.308693 -13 413 1 0 1
-4.24275 -4.55077 55.996 1.79242 -4.94465 59.0688 1.24445 -13 414 1 0 1
11.2064 4.49539 55.996 20.172 6.58053 54.6241 0.607294 -13 415 1 0 1
20.6436 2.43554 55.996 19.1141 2.4422 22.7973 5.37059 -13 416 1 0 1
12.9779 -15.4019 55.996 18.8959 -12.5684 39.0967 0.192684 -13 417 1 0 1
3.41346 0.750483 55.996 9.55265 -1.19848 69.4695 1.70546 -13 418 1 0 1
12.1281 -1.05414 55.996 22.139 -1.10419 61.0558 0.759644 -13 419 1 0 1
3.49419 0.597635 55.996 7.12578 0.631046 10.2899 2.48199 -13 420 1 0 1
4.73881 -5.04774 55.996 10.7574 -10.7613 72.9427 -0.210708 -13 421 1 0 1
8.86743 14.7647 55.996 17.0822 21.3636 62.2801 0.644016 -13 422 1 0 1
-5.7133 -10.9997 55.996 1.59042 -8.16866 47.2587 0.0596962 -13 423 1 0 1
14.1786 3.3554 55.996 22.6531 0.279287 44.7379 0.920295 -13 424 1 0 1
3.4705 1.65526 55.996 11.0998 3.62434 63.5074 0.180501 -13 425 1 0 1
3.81562 0.620157 55.996 8.38936 4.11819 74.2364 -1.19701 -13 426 1 0 1
10.8271 -6.99648 55.996 19.8547 -7.03178 60.7508 -0.281858 -13 427 1 0 1
2.25893 7.358 55.996 8.34157 13.62 64.9956 0.622885 -13 428 1 0 1
14.6107 -5.91581 55.996 24.5842 -8.65006 53.2682 0.154994 -13 429 1 0 1
-3.28929 8.48148 55.996 -1.60161 13.753 71.0587 -1.47647 -13 430 1 0 1
7.02883 -3.36113 55.996 13.3884 -6.15961 74.5582 2.11685 -13 431 1 0 1
7.49208 2.93545 55.996 15.8051 6.55858 66.482 2.17879 -13 432 1 0 1
5.11121 -5.2702 55.996 11.5306 -11.9079 69.3776 1.60631 -13 433 1 0 1
9.21108 5.29142 55.996 18.2457 10.4359 57.1141 0.366565 -13 434 1 0 1
19.5222 3.17531 55.996 29.2024 2.79244 53.4173 1.32217 -13 435 1 0 1
5.8362 -0.413628 55.996 13.2537 0.194111 66.4962 -2.08574 -13 437 1 0 1
2.51797 -1.91066 55.996 10.9775 -2.11702 54.6935 2.20003 -13 438 1 0 1
5.97678 -10.0331 55.996 13.5485 -12.0127 61.848 -0.891674 -13 439 1 0 1
8.95414 4.6346 55.996 17.7332 7.14866 59.2437 0.455305 -13 440 1 0 1
0.486819 0.363885 55.996 4.49157 0.197324 72.1793 1.57828 -13 441 1 0 1
-0.274586 -3.40756 55.996 5.26947 -1.14196 66.13 0.0845288 -13 442 1 0 1
6.15837 -0.999389 55.996 14.6967 2.28043 56.2608 1.27852 -13 443 1 0 1
13.8517 -0.379625 55.996 24.3151 0.707574 66.6455 1.20067 -13 444 1 0 1
10.6218 0.858514 55.996 19.9729 -2.62284 67.1854 0.287648 -13 445 1 0 1
1.70555 -7.77452 55.996 7.2319 -8.33405 69.3089 -1.34007 -13 446 1 0 1
10.2745 0.181788 55.996 19.2671 0.769569 54.703 -0.199089 -13 447 1 0 1
3.26723 1.06567 55.996 9.4302 3.68596 70.3487 -1.79032 -13 448 1 0 1
2.82308 0.680781 55.996 10.3271 -0.469978 52.5471 0.0548644 -13 449 1 0 1
23.8414 5.45365 55.996 12.2759 2.12862 7.18355 1.0835 -13 450 1 0 1
8.65809 2.82039 55.996 15.0622 1.78863 79.7879 0.280703 -13 451 1 0 1
4.05092 -6.72651 55.996 11.4297 -10.8735 65.8902 1.31394 -13 452 1 0 1
7.14001 -1.8349 55.996 16.4424 -1.60031 58.3467 -0.103463 -13 453 1 0 1
-0.555808 2.74834 55.996 7.81376 2.50705 50.4864 1.60246 -13 454 1 0 1
12.1622 0.00169908 55.996 21.636 -2.02331 52.5267 0.437783 -13 455 1 0 1
9.44551 6.03367 55.996 18.2609 9.5575 62.4378 -0.410274 -13 456 1 0 1
12.2968 -0.798556 55.996 22.3256 1.50973 53.6661 1.04274 -13 457 1 0 1
11.4257 -14.8863 55.996 19.2313 -16.5518 51.1474 -0.846805 -13 458 1 0 1
11.5436 6.13678 55.996 21.4773 6.76687 71.991 1.8914 -13 459 1 0 1
2.95651 1.34939 55.996 9.25635 3.7076 65.3589 0.0606575 -13 460 1 0 1
-0.809917 4.32231 55.996 4.53689 8.18904 66.4033 0.567426 -13 461 1 0 1
7.0468 -3.46027 55.996 15.6554 -4.49 63.72 -0.0659654 -13 462 1 0 1
6.67287 -0.719798 55.996 14.4322 -0.598291 67.9976 1.69219 -13 463 1 0 1
10.4562 11.9027 55.996 19.1511 16.2514 58.2245 0.0884333 -13 464 1 0 1
-2.54529 10.1988 55.996 5.01117 8.88229 39.5551 -0.528269 -13 465 1 0 1
11.169 5.40357 55.996 20.0764 7.7111 54.767 0.579188 -13 466 1 0 1
10.479 6.73085 55.996 17.0031 7.05784 37.1353 0.177083 -13 467 1 0 1
4.89851 -1.07334 55.996 13.4346 -4.74199 55.0874 -0.589599 -13 468 1 0 1
3.19082 11.4255 55.996 10.761 12.4703 49.9458 0.718818 -13 469 1 0 1
8.37897 -6.30137 55.996 16.8737 -7.07405 63.5829 -0.232089 -13 470 1 0 1
6.59556 5.96028 55.996 14.7492 5.83779 48.3977 1.46652 -13 471 1 0 1
12.2445 -9.79711 55.996 18.8958 -9.18517 40.0835 1.50222 -13 472 1 0 1
6.15899 -1.27602 55.996 15.149 -2.08052 54.0407 -0.360857 -13 473 1 0 1
12.2476 -3.93665 55.996 22.5172 -5.22928 58.609 -0.373849 -13 474 1 0 1
5.06497 7.18137 55.996 11.788 12.9961 71.0607 1.79717 -13 475 1 0 1
-2.1276 7.7974 55.996 3.19258 11.5824 62.2232 0.235748 -13 476 1 0 1
6.31915 10.7734 55.996 14.7882 13.1652 65.4898 -1.04981 -13 477 1 0 1
2.72403 -4.1911 55.996 9.23857 -4.70368 61.6896 -1.54314 -13 478 1 0 1
7.7566 0.272285 55.996 15.287 -1.11894 47.0604 -0.337556 -13 479 1 0 1
11.51 3.72318 55.996 20.32 5.76293 51.8937 0.582005 -13 480 1 0 1
10.7192 -3.52828 55.996 16.5138 -2.85454 32.9722 0.948774 -13 481 1 0 1
0.633612 -3.87739 55.996 8.54445 -6.07602 42.578 0.708918 -13 482 1 0 1
-2.51335 7.56486 55.996 0.683444 10.1129 69.5834 1.02741 -13 483 1 0 1
0.123113 1.48338 55.996 4.88017 0.746178 68.1566 -1.02614 -13 484 1 0 1
-2.4748 -8.08659 55.996 3.65764 -12.1057 58.3831 2.11298 -13 485 1 0 1
5.97591 -8.72524 55.996 13.8438 -13.6682 56.729 3.01378 -13 486 1 0 1
11.4729 3.7138 55.996 20.9542 3.45564 66.7642 0.386042 -13 487 1 0 1
-6.23455 -2.42777 55.996 -1.95743 -3.42578 62.3035 -0.636409 -13 488 1 0 1
6.3734 3.30306 55.996 13.6067 7.30646 41.5489 1.65971 -13 489 1 0 1
2.56394 -7.98277 55.996 9.42352 -13.5297 62.1384 -1.5545 -13 490 1 0 1
7.20726 1.03851 55.996 15.0986 -1.96962 69.3216 1.10923 -13 491 1 0 1
5.57543 2.43671 55.996 13.5428 6.13275 60.1527 1.44419 -13 492 1 0 1
2.8012 -1.66384 55.996 11.0411 -2.65728 59.4495 1.28715 -13 493 1 0 1
8.16712 -1.89228 55.996 14.6693 -3.35576 36.5267 0.443081 -13 494 1 0 1
8.07351 9.42446 55.996 15.4952 5.2036 39.2908 -2.36154 -13 495 1 0 1
9.18702 -8.54284 55.996 16.2633 -8.17431 42.1065 0.600006 -13 496 1 0 1
6.77501 -0.114931 55.996 14.8587 0.330415 63.2317 0.531157 -13 497 1 0 1
2.49207 3.71093 55.996 8.3822 6.17202 68.9692 -0.174398 -13 498 1 0 1
5.38086 4.14212 55.996 13.3449 2.67095 51.2797 -0.544795 -13 499 1 0 1
19.8012 -0.505455 55.996 27.8843 -2.74683 45.6379 -0.826367 -13 500 1 0 1
8.16064 3.96646 55.996 14.6508 4.76753 78.3865 -0.0540753 -13 501 1 0 1
-4.39666 7.52554 55.996 -1.44067 8.40041 67.314 -0.913838 -13 502 1 0 1
0.932682 -8.52057 55.996 6.06329 -9.01097 69.5572 -1.37448 -13 503 1 0 1
6.28367 2.68167 55.996 13.8519 5.2787 65.4246 0.548753 -13 504 1 0 1
17.0303 0.00452834 55.996 27.0184 -0.0827556 51.767 -0.847857 -13 505 1 0 1
0.351978 -1.04963 55.996 1.32821 -3.47486 79.6169 1.50557 -13 506 1 0 1
12.748 10.7944 55.996 20.0105 12.0816 46.0952 0.754517 -13 507 1 0 1
11.5886 -6.10504 55.996 21.7661 -6.55623 60.3759 1.23225 -13 508 1 0 1
11.0268 -5.91852 55.996 20.2202 -8.58656 70.6021 0.258474 -13 509 1 0 1
-1.26773 5.90404 55.996 5.02704 7.27224 61.3974 1.40677 -13 510 1 0 1
-4.7951 -1.36306 55.996 -3.39071 -0.14092 72.6386 2.29056 -13 511 1 0 1
0.871252 -3.28616 55.996 7.57605 -3.7018 58.8797 -0.15142 -13 512 1 0 1
8.36321 1.45278 55.996 16.5762 3.31303 49.858 1.3968 -13 513 1 0 1
1.45668 1.76374 55.996 8.41398 2.48149 55.4685 -3.22088 -13 514 1 0 1
-2.63797 -0.625915 55.996 1.04544 -0.258047 66.953 -1.20957 -13 515 1 0 1
2.72367 1.65596 55.996 10.0246 5.43708 56.5242 -1.68977 -13 516 1 0 1
4.84818 -1.93938 55.996 11.2709 -5.65192 71.6602 -0.896212 -13 517 1 0 1
4.87691 0.519121 55.996 12.875 1.97974 64.359 1.05047 -13 518 1 0 1
-0.636749 1.57323 55.996 -0.259486 1.31129 79.2176 0.139351 -13 519 1 0 1
5.24951 -3.43091 55.996 13.8017 -7.12901 59.7261 2.76459 -13 520 1 0 1
1.98683 -7.64092 55.996 7.56775 -10.2018 69.7569 -1.24997 -13 521 1 0 1
6.16359 3.34612 55.996 10.7904 5.19199 79.8401 1.12179 -13 522 1 0 1
-1.02209 4.42139 55.996 2.93618 4.65748 70.4707 1.08703 -13 523 1 0 1
3.99033 -5.61299 55.996 11.9278 -2.57703 60.7087 0.961232 -13 524 1 0 1
6.37469 10.1292 55.996 13.4678 8.46865 39.0575 0.967596 -13 525 1 0 1
-0.738892 -2.5248 55.996 2.13388 -0.442737 72.8113 0.257204 -13 526 1 0 1
1.56844 8.13251 55.996 8.29112 10.8633 59.5521 1.26192 -13 527 1 0 1
1.92731 2.67929 55.996 9.97809 2.83328 54.9366 2.92759 -13 528 1 0 1
12.76 -7.06216 55.996 22.6633 -14.5488 67.5096 1.02038 -13 529 1 0 1
5.86459 2.85214 55.996 13.9211 3.99153 66.3202 -0.384996 -13 530 1 0 1
4.02598 2.69979 55.996 12.3799 4.45503 57.9886 1.22832 -13 531 1 0 1
-3.36732 5.70159 55.996 3.61966 8.75681 54.1428 1.89763 -13 532 1 0 1
2.92349 -14.4172 55.996 8.90009 -10.387 32.1707 3.63207 -13 533 1 0 1
14.6659 -4.51947 55.996 25.7265 -5.60477 65.8525 1.19543 -13 534 1 0 1
7.67727 7.64063 55.996 15.2541 16.3421 67.1252 -2.60796 -13 535 1 0 1
9.60312 -0.346746 55.996 18.2308 1.93228 53.1397 -0.664725 -13 536 1 0 1
10.4786 7.0297 55.996 20.6074 8.18539 59.6306 0.341359 -13 538 1 0 1
-23.9523 10.4624 55.996 -28.4631 10.9715 64.5536 1.27365 -13 539 1 0 1
14.1082 -3.26482 55.996 24.5394 -4.2893 73.8773 1.59222 -13 540 1 0 1
3.94428 5.29818 55.996 9.68109 10.1479 70.4309 1.16233 -13 541 1 0 1
7.49616 2.57226 55.996 15.7996 5.34146 66.356 0.230573 -13 542 1 0 1
10.5722 -2.52075 55.996 20.5533 -6.44299 64.3451 -0.295604 -13 543 1 0 1
7.96827 -0.729509 55.996 16.9041 -1.77011 62.188 0.650877 -13 544 1 0 1
2.02643 -15.7365 55.996 6.58802 -25.2915 68.2507 1.36533 -13 545 1 0 1
9.30018 -13.8783 55.996 15.6971 -12.6852 41.4885 0.77693 -13 546 1 0 1
4.66643 9.87877 55.996 12.235 12.4352 51.4203 -0.454612 -13 547 1 0 1
6.62302 3.44594 55.996 14.6117 7.68483 60.3531 2.49332 -13 548 1 0 1
13.0612 2.29954 55.996 22.654 5.67941 53.0502 2.81584 -13 549 1 0 1
-5.59979 8.37324 55.996 -3.83492 13.8751 68.5065 -2.27936 -13 550 1 0 1
9.4579 -7.80265 55.996 14.8919 -3.55063 34.011 1.56011 -13 551 1 0 1
-2.37593 -4.40408 55.996 3.66929 -7.03925 60.2664 0.455744 -13 553 1 0 1
-2.72393 -0.889327 55.996 1.33622 -2.7109 66.2431 -0.793452 -13 554 1 0 1
11.6729 5.55134 55.996 20.56 8.87426 71.4092 1.45237 -13 555 1 0 1
1.77632 6.63858 55.996 8.71602 7.66747 56.6776 0.728157 -13 556 1 0 1
8.66251 -0.422776 55.996 17.6549 -1.58311 59.7252 2.65962 -13 557 1 0 1
1.01479 -2.5139 55.996 7.41138 -5.15839 62.4096 -2.38434 -13 558 1 0 1
-1.75993 4.76223 55.996 5.89528 5.45055 47.9703 -1.16588 -13 560 1 0 1
-3.26783 3.86632 55.996 -0.759575 3.59453 70.0372 1.31036 -13 562 1 0 1
9.4742 -1.03736 55.996 17.9931 -3.88854 68.9194 -0.127062 -13 564 1 0 1
5.16119 7.17604 55.996 13.7283 10.6596 55.4459 1.50122 -13 565 1 0 1
-0.200837 -0.763982 55.996 2.5204 -2.23877 74.2282 0.941566 -13 566 1 0 1
-0.67627 -2.47655 55.996 6.81469 -1.80971 53.332 0.440137 -13 567 1 0 1
0.262984 2.10168 55.996 4.5959 4.52609 72.0023 0.38124 -13 568 1 0 1
4.94318 -4.34094 55.996 12.4688 -6.44402 61.0524 2.01692 -13 569 1 0 1
4.0558 -7.40174 55.996 12.1549 -6.98553 51.6465 -2.16249 -13 570 1 0 1
6.34452 7.89499 55.996 11.2247 6.4549 27.1407 0.216545 -13 571 1 0 1
6.43107 -3.4796 55.996 13.1239 -8.12677 74.588 0.0549155 -13 572 1 0 1
-0.0181214 1.25374 55.996 4.92039 -1.71991 69.5465 2.14803 -13 573 1 0 1
0.40515 14.1432 55.996 6.42049 20.299 57.9912 -0.732072 -13 574 1 0 1
4.23041 -1.98421 55.996 10.627 -3.06577 69.216 0.389173 -13 575 1 0 1
3.49677 3.25296 55.996 10.0855 0.568783 68.4434 -0.68688 -13 576 1 0 1
6.72784 -4.73137 55.996 14.6056 -2.52913 64.6112 -1.75967 -13 577 1 0 1
1.45439 8.42987 55.996 5.68028 13.8467 72.4306 2.14433 -13 578 1 0 1
11.6904 -9.38349 55.996 21.6411 -12.7836 58.7111 -0.018949 -13 579 1 0 1
-2.69532 5.25171 55.996 0.880701 10.3544 67.4258 1.6853 -13 580 1 0 1
11.2107 2.49278 55.996 20.9483 1.54637 59.6261 0.297956 -13 581 1 0 1
16.1442 -0.506021 55.996 23.603 1.34212 44.1263 0.266972 -13 582 1 0 1
5.43403 -1.34167 55.996 12.2336 -3.43469 70.3898 -0.236392 -13 583 1 0 1
9.87635 5.90454 55.996 18.6368 5.38355 62.3136 -0.538124 -13 584 1 0 1
4.94276 -9.48157 55.996 11.6448 -15.3419 63.3338 -1.83156 -13 585 1 0 1
7.79577 -4.59705 55.996 15.6635 -8.79688 70.6746 2.38718 -13 586 1 0 1
-0.0395234 9.1761 55.996 2.67566 17.5182 73.0918 0.567224 -13 587 1 0 1
8.64195 -2.06015 55.996 17.5327 -0.586284 65.1272 -1.90828 -13 588 1 0 1
3.62825 1.51125 55.996 9.68423 1.05299 70.455 -1.0398 -13 589 1 0 1
-1.38221 -5.90425 55.996 0.919374 -12.5273 74.7133 -0.66342 -13 590 1 0 1
0.329308 -0.6408 55.996 2.11967 1.34391 78.5958 2.77964 -13 591 1 0 1
2.77869 -0.479074 55.996 8.94125 -2.05381 71.2869 -2.40748 -13 592 1 0 1
5.44721 2.98887 55.996 13.7743 0.305203 63.1858 2.16236 -13 593 1 0 1
-1.73858 0.695235 55.996 2.72961 -0.899732 64.4347 0.45927 -13 594 1 0 1
7.25879 -2.48782 55.996 15.5879 -1.12294 63.0927 0.80616 -13 595 1 0 1
-3.25952 -1.15989 55.996 -5.46795 -2.47942 79.6171 0.125754 -13 597 1 0 1
6.25615 -5.87654 55.996 10.6015 -11.3207 80.0296 -1.51469 -13 598 1 0 1
-0.127895 -0.111601 55.996 7.80643 -0.128836 48.3127 -1.30485 -13 599 1 0 1
4.66028 -6.53143 55.996 12.6325 -7.25914 49.2234 0.823896 -13 600 1 0 1
8.51904 -0.338145 55.996 16.8663 -0.736391 57.6683 1.42844 -13 601 1 0 1
6.03366 -3.93529 55.996 14.4542 -5.09475 63.5104 0.866775 -13 602 1 0 1
-6.10928 -2.52745 55.996 -4.29753 -3.24186 68.9686 -1.03869 -13 603 1 0 1
4.84482 -5.22753 55.996 13.1096 -6.72704 45.0951 0.448888 -13 604 1 0 1
2.56241 -12.4706 55.996 9.53313 -14.6059 58.9108 0.30645 -13 605 1 0 1
10.7859 -1.05038 55.996 19.8296 -1.56422 64.7347 2.85999 -13 606 1 0 1
11.9462 7.67352 55.996 20.6013 16.0141 73.4532 -0.527006 -13 607 1 0 1
-3.77476 0.439474 55.996 -2.61858 5.34947 73.7751 0.380683 -13 609 1 0 1
1.42312 0.665031 55.996 7.09867 6.24656 67.9205 -1.43485 -13 610 1 0 1
2.07533 -0.0289655 55.996 9.79158 -2.3465 54.553 1.18193 -13 611 1 0 1
15.5231 1.38615 55.996 24.6148 3.91329 52.2183 -1.95657 -13 612 1 0 1
14.8764 -6.6969 55.996 19.7826 -5.415 35.7615 1.70607 -13 613 1 0 1
6.94432 -2.32581 55.996 15.7462 -5.85498 63.8287 -0.0518209 -13 614 1 0 1
-1.11638 -2.02795 55.996 2.16475 -7.09984 73.9485 1.05303 -13 615 1 0 1
9.31875 4.19757 55.996 17.181 8.99866 76.7202 0.0203583 -13 616 1 0 1
8.55977 -5.25518 55.996 17.3217 -5.77024 62.3706 -0.434255 -13 617 1 0 1
2.91238 15.8743 55.996 9.40678 21.0328 56.5946 -0.749415 -13 618 1 0 1
15.0313 12.2852 55.996 22.3071 14.5415 45.0459 1.03995 -13 619 1 0 1
3.48687 2.85894 55.996 7.25972 4.3398 77.9041 -1.9745 -13 620 1 0 1
6.34839 -5.83629 55.996 14.7302 -4.16189 58.8433 0.953146 -13 621 1 0 1
13.4398 -19.9341 55.996 21.8346 -21.3583 53.0644 0.655968 -13 622 1 0 1
3.71159 -0.984884 55.996 11.805 2.0666 59.5789 -0.0230172 -13 623 1 0 1
9.20689 2.50843 55.996 18.9606 1.73825 63.3975 -0.0321937 -13 624 1 0 1
0.580276 9.35163 55.996 7.44539 8.68918 57.1529 -0.562918 -13 625 1 0 1
5.96973 -0.555699 55.996 12.6791 -3.00374 70.1805 2.70631 -13 626 1 0 1
1.07492 4.60258 55.996 3.7965 12.6761 76.4831 0.820806 -13 627 1 0 1
9.99191 3.79465 55.996 19.6068 7.09819 70.5527 0.398281 -13 628 1 0 1
2.8678 8.95997 55.996 10.1247 14.2669 64.8028 0.458943 -13 629 1 0 1
-0.551086 0.198815 55.996 5.06922 2.1564 64.664 0.926705 -13 630 1 0 1
4.76248 -0.956653 55.996 13.5544 -0.684601 58.407 -0.373212 -13 631 1 0 1
4.17589 -5.07063 55.996 10.9836 -6.69021 66.9149 -1.24646 -13 632 1 0 1
24.0656 6.15676 55.996 33.8517 6.28053 47.7844 -0.489698 -13 633 1 0 1
-4.71814 15.4603 55.996 -0.241263 20.0603 59.2652 0.165724 -13 634 1 0 1
15.5322 1.87856 55.996 24.2175 3.27181 47.8654 0.512481 -13 635 1 0 1
-1.15315 4.34168 55.996 1.55735 10.1655 73.2456 -1.85378 -13 636 1 0 1
11.0567 1.13743 55.996 20.175 0.281726 70.2419 0.350093 -13 637 1 0 1
7.26154 -7.78966 55.996 12.8768 -5.55473 31.4446 0.448796 -13 638 1 0 1
8.34424 -7.75281 55.996 16.6673 -10.8523 64.1666 -1.6901 -13 639 1 0 1
11.1738 5.12357 55.996 16.8006 4.3337 37.0511 -1.78632 -13 640 1 0 1
10.8197 -8.99523 55.996 19.7721 -13.0238 59.2025 -1.03472 -13 641 1 0 1
5.95125 -8.06933 55.996 14.4807 -8.35903 56.5301 0.251553 -13 642 1 0 1
2.56401 -7.39333 55.996 7.77547 -11.644 70.7508 -0.124873 -13 643 1 0 1
-0.00153852 -7.80815 55.996 6.95208 -9.80232 50.7645 2.55071 -13 644 1 0 1
8.3607 -8.01902 55.996 17.0141 -9.10425 54.902 1.29532 -13 645 1 0 1
0.33891 1.64599 55.996 3.54571 2.06853 73.3563 1.59702 -13 646 1 0 1
-4.72642 -1.04518 55.996 -6.89609 0.0858421 78.6739 -1.25739 -13 647 1 0 1
8.41032 -0.933934 55.996 17.5089 -0.42088 66.5377 0.139104 -13 649 1 0 1
3.8499 -4.63269 55.996 9.00724 -5.2877 73.5498 1.19531 -13 650 1 0 1
6.75879 2.33492 55.996 14.4297 2.8808 67.1313 0.737442 -13 651 1 0 1
2.52039 -4.34417 55.996 8.62177 -7.19691 65.686 1.24469 -13 652 1 0 1
5.33753 -4.8487 55.996 12.2714 -5.24994 67.6877 0.864145 -13 653 1 0 1
9.79021 -2.1727 55.996 17.5963 -1.70237 38.8784 -0.0789978 -13 654 1 0 1
3.97701 -9.27736 55.996 10.7441 -8.99616 35.6007 0.523693 -13 655 1 0 1
-2.44919 8.16532 55.996 1.55226 14.0547 65.0937 0.12919 -13 656 1 0 1
9.72472 -3.8906 55.996 18.9849 -2.15408 59.3399 0.857876 -13 657 1 0 1
2.93468 -7.27628 55.996 8.4063 -7.68213 68.9546 2.45277 -13 659 1 0 1
5.06676 -4.45486 55.996 12.0441 -5.54578 65.7557 -1.27265 -13 660 1 0 1
2.51076 -2.71241 55.996 5.72184 -8.70037 76.4621 1.84577 -13 661 1 0 1
2.10915 3.772 55.996 9.40068 4.83083 58.6602 -0.0254143 -13 662 1 0 1
9.85335 1.43198 55.996 18.8973 3.28127 55.373 0.694957 -13 663 1 0 1
3.94346 -5.60005 55.996 9.45872 -7.47534 70.3661 1.95541 -13 664 1 0 1
2.89644 -2.97076 55.996 6.95416 -6.44849 76.8137 0.513901 -13 665 1 0 1
-2.95074 3.29433 55.996 2.44843 5.80482 62.3811 1.21265 -13 666 1 0 1
4.57933 -1.57827 55.996 12.2685 -1.34543 60.2773 -1.9174 -13 667 1 0 1
5.23025 -4.38538 55.996 11.6329 -4.42299 36.1187 1.06651 -13 668 1 0 1
6.06357 -8.97562 55.996 14.29 -12.752 66.2429 1.60938 -13 669 1 0 1
6.62208 -7.8036 55.996 13.8105 -11.2208 71.3778 0.246596 -13 670 1 0 1
13.9132 -5.48101 55.996 24.3854 -6.99424 59.3007 0.723655 -13 671 1 0 1
17.7657 12.9046 55.996 25.8365 14.5263 49.9548 1.83446 -13 672 1 0 1
9.94552 8.37628 55.996 19.3664 9.41518 58.5485 0.577053 -13 673 1 0 1
14.0956 3.42322 55.996 23.3581 4.74005 58.8679 1.09698 -13 674 1 0 1
3.20869 -9.93794 55.996 10.3242 -14.7745 61.6311 3.40913 -13 675 1 0 1
16.2354 3.19229 55.996 23.7211 4.90388 44.9559 0.116391 -13 676 1 0 1
14.8113 -0.51923 55.996 24.8838 -1.80079 63.0898 1.2403 -13 677 1 0 1
6.13559 4.37495 55.996 13.3103 12.2603 70.5695 1.76964 -13 678 1 0 1
-0.99304 8.85816 55.996 3.17081 13.5741 67.607 0.237101 -13 679 1 0 1
1.02135 5.20127 55.996 8.76827 4.90082 56.1245 -0.637478 -13 680 1 0 1
4.16308 -1.07541 55.996 10.0871 -7.17753 72.8853 -3.01535 -13 681 1 0 1
10.7676 -11.432 55.996 16.2212 -13.4766 33.8211 0.355452 -13 682 1 0 1
17.9378 1.40633 55.996 28.0398 5.7582 56.3549 2.29792 -13 683 1 0 1
3.49893 -7.31226 55.996 10.6957 -9.00462 60.4948 0.0340566 -13 684 1 0 1
21.4903 -4.98771 55.996 33.5477 -9.5784 61.59 -1.42285 -13 685 1 0 1
9.38061 5.50164 55.996 18.4579 8.63803 67.8971 0.647169 -13 686 1 0 1
-1.12085 5.85405 55.996 6.28526 7.90451 47.007 1.98006 -13 687 1 0 1
2.53496 4.44987 55.996 8.88952 4.12564 66.4807 0.205955 -13 688 1 0 1
-8.26203 10.6539 55.996 2.173 6.93768 26.3685 0.0980067 -13 689 1 0 1
8.97991 -7.23229 55.996 17.9807 -11.2324 57.7014 1.25539 -13 690 1 0 1
6.45576 0.329228 55.996 14.0904 -2.15774 64.1043 -1.71142 -13 691 1 0 1
0.982977 0.760508 55.996 7.12299 -2.38202 62.2808 -0.700225 -13 692 1 0 1
6.85688 0.443084 55.996 14.3111 -4.48946 49.3422 2.11108 -13 693 1 0 1
5.9126 -6.5353 55.996 13.5276 -6.13713 64.0666 2.61387 -13 694 1 0 1
7.04262 5.45949 55.996 15.6431 7.88209 63.5855 0.60062 -13 696 1 0 1
2.52555 3.73487 55.996 7.0555 7.43255 70.8006 0.770228 -13 697 1 0 1
17.1088 -7.25112 55.996 23.941 -5.47577 39.3292 -0.378543 -13 699 1 0 1
4.71007 -2.66425 55.996 10.7056 -3.9192 72.0872 1.63352 -13 700 1 0 1
7.83903 7.12992 55.996 16.2999 13.0626 67.492 1.58768 -13 701 1 0 1
9.69286 0.626662 55.996 16.7173 1.07214 42.662 1.64194 -13 702 1 0 1
0.01013 3.89734 55.996 0.68146 5.03711 80.0735 -1.99136 -13 703 1 0 1
13.5828 6.25911 55.996 23.3877 9.82003 53.0927 -0.189249 -13 704 1 0 1
5.60863 4.30717 55.996 13.8638 3.9864 52.7111 1.69828 -13 705 1 0 1
4.30075 1.72562 55.996 12.9272 2.41844 54.0988 -1.32158 -13 706 1 0 1
5.29643 0.85147 55.996 11.9401 5.94759 71.624 3.56097 -13 707 1 0 1
-3.10612 -3.31997 55.996 2.65413 -4.33788 60.1761 0.774711 -13 708 1 0 1
4.92245 -2.4439 55.996 12.6448 -5.46045 65.5059 0.334761 -13 709 1 0 1
5.87937 0.137689 55.996 13.8496 -2.01425 44.2374 -0.654747 -13 710 1 0 1
9.13519 1.62637 55.996 17.1791 -0.401591 49.4412 -0.0312431 -13 711 1 0 1
2.91636 -7.11359 55.996 8.64003 -9.97399 68.6813 1.63792 -13 712 1 0 1
3.47541 -5.00613 55.996 5.97385 -10.9304 80.2151 0.239364 -13 713 1 0 1
6.33097 0.0372926 55.996 14.3678 -2.29426 48.7867 1.95186 -13 714 1 0 1
3.53433 3.43221 55.996 9.22708 7.22287 71.289 -0.830042 -13 715 1 0 1
6.29746 11.5037 55.996 14.0339 12.2289 46.9647 1.53142 -13 716 1 0 1
1.89494 -2.37853 55.996 9.71766 -3.44932 52.2631 2.07732 -13 717 1 0 1
0.860413 1.1705 55.996 4.90102 -0.137412 72.7855 1.1849 -13 718 1 0 1
7.35323 2.02612 55.996 15.2072 5.50813 70.8523 0.148049 -13 719 1 0 1
1.80766 2.36068 55.996 7.94754 3.47628 65.5751 2.33957 -13 720 1 0 1
10.5099 -7.58071 55.996 19.4937 -11.2396 69.0745 0.164783 -13 721 1 0 1
8.18116 -7.47615 55.996 16.3231 -9.94143 52.5419 -1.24239 -13 722 1 0 1
4.42004 -4.12415 55.996 11.7666 -3.04323 61.106 -0.941549 -13 723 1 0 1
5.93991 8.65574 55.996 12.623 11.9529 71.4568 2.2511 -13 724 1 0 1
2.70147 9.62302 55.996 10.0209 10.2685 55.6673 0.00106399 -13 725 1 0 1
17.4617 -9.20264 55.996 26.4337 -10.969 48.672 -0.677423 -13 726 1 0 1
12.2624 1.71091 55.996 19.0898 2.09932 42.003 2.26477 -13 727 1 0 1
14.3801 18.8144 55.996 19.313 18.0559 37.5319 0.0311095 -13 728 1 0 1
7.69832 -3.70205 55.996 14.4933 -5.19916 76.0835 -1.58467 -13 729 1 0 1
5.06923 -5.2455 55.996 13.2601 -2.66786 40.4891 0.12148 -13 730 1 0 1
2.17698 -3.93608 55.996 7.53835 -4.61617 70.678 -0.994167 -13 731 1 0 1
1.13483 2.51107 55.996 6.79579 1.84185 69.4833 2.25769 -13 732 1 0 1
-0.567388 -0.0179212 55.996 7.50671 -2.28366 47.0259 -0.114628 -13 733 1 0 1
7.20384 0.9404 55.996 15.3398 -6.45143 69.9222 2.49741 -13 734 1 0 1
25.4076 6.75449 55.996 29.6725 4.86411 37.7425 -0.823827 -13 735 1 0 1
8.9974 5.98592 55.996 16.5665 6.16102 45.3371 0.10547 -13 736 1 0 1
5.11914 1.2319 55.996 13.5834 0.685075 62.9511 2.32215 -13 737 1 0 1
11.4464 -0.894608 55.996 20.5417 0.727211 55.7801 1.80771 -13 738 1 0 1
9.19193 -2.66551 55.996 18.0802 -1.34019 57.1892 -0.874358 -13 739 1 0 1
1.10849 1.45439 55.996 5.01392 1.84484 73.5215 1.01763 -13 740 1 0 1
23.9527 -5.11438 55.996 18.8143 -2.44424 19.2294 2.27692 -13 741 1 0 1
-7.21423 0.310642 55.996 0.558363 1.44166 46.6693 -1.91922 -13 742 1 0 1
3.64937 3.68395 55.996 9.84017 7.5076 71.7322 1.57147 -13 743 1 0 1
3.69558 4.99615 55.996 11.6128 4.08694 54.8742 0.539978 -13 744 1 0 1
12.4267 7.22569 55.996 21.6882 10.1838 69.673 2.20141 -13 745 1 0 1
4.18299 -3.6352 55.996 10.8912 -5.46704 67.9213 -1.5711 -13 746 1 0 1
5.04798 -1.77136 55.996 12.325 -2.27699 67.3593 0.426178 -13 747 1 0 1
2.75324 5.15647 55.996 11.2601 7.0266 50.412 -1.52547 -13 748 1 0 1
9.11469 -5.24393 55.996 17.1672 -8.57481 71.233 1.36843 -13 749 1 0 1
2.04286 7.05809 55.996 9.0886 3.64409 63.0803 0.964982 -13 750 1 0 1
3.85706 8.07652 55.996 11.6552 10.831 52.3696 0.297929 -13 751 1 0 1
3.42145 7.11399 55.996 10.1415 13.058 66.9219 -0.236881 -13 752 1 0 1
2.70687 0.792627 55.996 9.93271 -1.73085 64.1671 -0.784495 -13 753 1 0 1
-1.93002 -1.09107 55.996 1.78621 -0.191393 70.727 0.553701 -13 754 1 0 1
5.52792 3.25446 55.996 11.4091 4.09983 75.0435 -1.19543 -13 755 1 0 1
8.4429 4.68821 55.996 16.8317 10.0368 66.1314 -0.788654 -13 756 1 0 1
15.2526 -5.42593 55.996 24.2442 -5.08968 48.5573 -0.823223 -13 757 1 0 1
5.49436 -0.00122104 55.996 14.3732 -3.04455 55.507 0.625881 -13 758 1 0 1
10.0944 -12.5214 55.996 18.3948 -17.6449 58.8659 1.41634 -13 759 1 0 1
6.90024 -1.45696 55.996 15.3965 -2.26444 53.6664 0.475061 -13 760 1 0 1
3.48884 -7.62904 55.996 10.5819 -8.18487 58.2497 0.956553 -13 761 1 0 1
-2.03349 2.7 55.996 5.69825 4.11568 38.9136 -0.624619 -13 762 1 0 1
15.7406 3.03899 55.996 25.4498 6.68921 55.8672 1.54081 -13 763 1 0 1
8.08768 1.10411 55.996 16.3904 2.41954 69.487 -2.35087 -13 764 1 0 1
3.55068 -3.62359 55.996 11.5471 -6.088 64.667 -0.303598 -13 765 1 0 1
-2.32039 15.1857 55.996 5.2512 9.63248 27.0223 -0.711326 -13 766 1 0 1
9.56411 -0.184538 55.996 18.6808 -1.11997 56.7739 -0.178834 -13 767 1 0 1
12.0365 -12.6489 55.996 21.8109 -18.0293 63.2952 0.87765 -13 768 1 0 1
-3.34342 4.09432 55.996 4.92109 1.30115 33.8415 0.511842 -13 769 1 0 1
-0.963241 -1.80628 55.996 3.06784 -9.29353 71.1423 -0.807095 -13 770 1 0 1
9.87141 -10.9367 55.996 16.5223 -10.5422 38.4013 -0.349421 -13 771 1 0 1
-0.349713 5.57539 55.996 6.40007 5.86357 55.4966 0.09159 -13 772 1 0 1
10.3249 -0.0588543 55.996 18.5655 0.673387 75.2095 0.744876 -13 773 1 0 1
-0.621901 -2.28836 55.996 6.23155 -1.21885 59.0282 1.20383 -13 774 1 0 1
16.6415 -2.32264 55.996 27.1898 -4.75292 55.8444 0.193946 -13 775 1 0 1
2.9039 5.8424 55.996 10.7463 7.58829 55.0856 2.79401 -13 776 1 0 1
0.0628516 -4.95744 55.996 4.82285 -8.83151 67.8406 0.212301 -13 777 1 0 1
4.35913 6.38261 55.996 11.8943 9.10157 45.6746 2.88553 -13 778 1 0 1
0.600557 -5.83957 55.996 5.8948 -8.58149 68.9149 1.92732 -13 779 1 0 1
7.57787 0.970628 55.996 17.0783 1.77155 65.7983 -0.661015 -13 780 1 0 1
4.92451 1.75743 55.996 12.6701 0.470508 65.8229 0.13273 -13 781 1 0 1
-0.966528 -3.87279 55.996 4.36199 -5.25596 63.8592 0.757508 -13 782 1 0 1
12.3677 -3.66656 55.996 22.0048 -3.58856 55.9544 1.24831 -13 783 1 0 1
-0.802662 -10.9223 55.996 4.33344 -17.9985 65.3872 -0.62588 -13 784 1 0 1
0.661755 -2.83819 55.996 2.46519 -10.3163 78.5899 0.02463 -13 785 1 0 1
-4.99754 -4.58439 55.996 4.56335 -3.41206 20.9109 0.907921 -13 786 1 0 1
17.0648 4.27736 55.996 24.2126 3.0399 42.518 -0.717387 -13 787 1 0 1
-4.25405 0.852805 55.996 0.421461 -0.0171462 62.6912 -0.681199 -13 788 1 0 1
15.1241 -1.11915 55.996 26.5607 -5.09796 67.2218 0.680433 -13 789 1 0 1
6.82613 -1.79004 55.996 14.6713 -5.47032 59.0561 2.26602 -13 790 1 0 1
8.25108 -10.8082 55.996 16.6766 -17.9936 65.0629 -1.17021 -13 791 1 0 1
0.0678069 -0.744989 55.996 5.6035 -0.669347 67.2148 2.43268 -13 792 1 0 1
10.0414 -0.0425029 55.996 18.3913 -1.83772 50.8502 2.06151 -13 793 1 0 1
4.82799 -8.48654 55.996 12.0643 -10.7567 68.0481 0.527958 -13 794 1 0 1
-0.707665 -9.39256 55.996 5.44124 -12.5243 56.4417 -2.14173 -13 795 1 0 1
-1.20461 2.40545 55.996 5.8769 2.71962 59.2339 0.153277 -13 796 1 0 1
4.72985 -0.0883026 55.996 12.8428 -2.69853 47.6162 -0.540479 -13 797 1 0 1
4.80436 9.04729 55.996 10.053 15.4045 73.948 2.23118 -13 798 1 0 1
5.6213 4.4181 55.996 13.4653 5.18869 63.1737 1.15759 -13 799 1 0 1
-3.21593 2.54205 55.996 2.25041 5.66449 60.9019 1.44697 -13 800 1 0 1
10.3828 2.2995 55.996 20.5231 -0.730043 66.5209 2.4723 -13 801 1 0 1
5.63596 -3.12406 55.996 13.1395 -6.6721 66.1296 -1.03981 -13 802 1 0 1
7.36633 -0.323479 55.996 14.1083 4.07616 75.0997 -1.45646 -13 803 1 0 1
18.9833 0.0274266 55.996 26.5492 0.615453 44.4287 -0.194447 -13 804 1 0 1
8.75735 4.36118 55.996 12.8892 3.27218 26.7369 0.034239 -13 805 1 0 1
1.62555 -2.17642 55.996 8.91024 -3.36425 54.6239 1.26053 -13 806 1 0 1
1.26058 -3.54025 55.996 7.64503 -3.24739 67.7063 0.630612 -13 807 1 0 1
-3.20288 6.97296 55.996 5.55839 6.07608 35.8594 1.74777 -13 808 1 0 1
-1.85556 2.05584 55.996 3.17381 2.67963 65.6627 -0.310897 -13 809 1 0 1
1.74259 -1.37636 55.996 5.05196 -4.20758 77.2847 -0.447353 -13 810 1 0 1
5.7324 0.572424 55.996 13.604 2.5805 69.7488 0.0231589 -13 811 1 0 1
-3.31579 -6.9538 55.996 4.567 -5.0482 42.1047 2.26846 -13 812 1 0 1
15.3085 6.38351 55.996 24.589 9.36483 51.7129 1.04005 -13 813 1 0 1
3.42976 -3.09419 55.996 10.7456 -1.60369 62.6545 0.958542 -13 814 1 0 1
10.161 3.74443 55.996 19.0799 5.06924 53.314 -1.78895 -13 815 1 0 1
5.27737 -1.76879 55.996 10.3111 -2.81476 76.9866 1.71447 -13 816 1 0 1
5.56923 -2.91022 55.996 13.0891 -2.4461 36.1061 -1.33241 -13 817 1 0 1
9.53208 -6.05975 55.996 17.8799 -8.19054 47.491 0.173968 -13 820 1 0 1
1.03613 0.254531 55.996 8.54594 2.97231 52.9273 -1.48017 -13 821 1 0 1
0.881842 3.95652 55.996 -0.379137 2.61491 81.4507 0.846616 -13 822 1 0 1
8.22633 0.563582 55.996 17.3902 -0.967991 55.1932 0.169544 -13 823 1 0 1
8.34685 1.26205 55.996 13.1532 0.302868 24.5222 0.49438 -13 824 1 0 1
2.56469 -5.41449 55.996 9.04036 -7.70902 61.2507 0.519837 -13 825 1 0 1
6.68759 4.16417 55.996 14.45 8.65361 65.7147 -1.15877 -13 826 1 0 1
6.48494 -7.13186 55.996 14.7831 -11.5353 61.3931 2.90416 -13 827 1 0 1
1.16315 3.0621 55.996 7.64637 1.95572 65.1056 -2.22506 -13 828 1 0 1
16.9455 -16.5094 55.996 23.0088 -17.6529 43.4419 1.09472 -13 829 1 0 1
3.86778 -6.03356 55.996 10.9154 -9.43198 64.8553 0.0692988 -13 830 1 0 1
7.18054 -1.02604 55.996 15.2855 -3.32165 64.528 2.21846 -13 831 1 0 1
4.70414 -6.12522 55.996 12.8678 -8.27103 55.1405 0.615531 -13 832 1 0 1
6.86495 -8.18948 55.996 14.9325 -11.4766 59.8792 0.617847 -13 833 1 0 1
3.81322 -7.49588 55.996 11.6068 -8.05036 60.1036 0.0126742 -13 834 1 0 1
3.2425 -8.11959 55.996 6.10788 -15.0748 77.3482 -0.726756 -13 835 1 0 1
10.2156 8.96977 55.996 18.7602 13.8601 63.4234 0.122738 -13 836 1 0 1
13.8917 -11.3629 55.996 23.9525 -12.2785 62.5729 1.27633 -13 837 1 0 1
8.65291 4.21328 55.996 16.9599 3.21765 70.2224 -1.10054 -13 838 1 0 1
4.90203 -6.91395 55.996 13.3237 -6.29866 54.8932 -0.155324 -13 839 1 0 1
-2.23573 4.58527 55.996 3.23898 5.27985 60.9489 2.66941 -13 840 1 0 1
2.65361 6.86478 55.996 10.2536 6.62085 58.6399 -1.58116 -13 841 1 0 1
4.49065 -6.5561 55.996 10.4347 -9.07158 72.1798 -0.749373 -13 842 1 0 1
2.29098 -6.15966 55.996 6.06768 -14.6734 73.7272 0.708189 -13 843 1 0 1
0.702675 10.0487 55.996 7.47577 12.8718 58.8144 1.13749 -13 844 1 0 1
7.91321 0.0171604 55.996 16.6434 1.75574 58.4838 1.22864 -13 845 1 0 1
16.1134 -11.7852 55.996 19.718 -8.46189 33.6512 0.799597 -13 846 1 0 1
11.0245 -7.93057 55.996 20.209 -5.34538 55.5858 -0.913904 -13 847 1 0 1
1.47554 0.267195 55.996 8.82652 -1.8918 56.8001 -0.55853 -13 848 1 0 1
-2.49974 -3.87742 55.996 4.134 -3.47123 54.7956 -1.74729 -13 849 1 0 1
8.50429 -3.46366 55.996 16.8124 -4.64392 67.4962 -0.651614 -13 850 1 0 1
1.85696 5.07858 55.996 9.15526 5.03583 59.8304 -0.23251 -13 851 1 0 1
10.088 -1.3339 55.996 17.9071 -1.44579 74.256 0.728989 -13 852 1 0 1
2.48547 4.593 55.996 9.5641 6.10656 60.8911 1.32882 -13 853 1 0 1
4.36469 1.16514 55.996 10.2209 -1.93402 70.0135 -0.595576 -13 854 1 0 1
1.67124 6.26853 55.996 8.54234 8.61027 62.3539 0.359659 -13 855 1 0 1
-2.92313 -0.203328 55.996 2.51894 -4.52622 59.8948 0.570944 -13 856 1 0 1
5.45467 -3.43032 55.996 13.4875 -0.725523 65.1545 -0.636101 -13 857 1 0 1
-8.03927 3.11674 55.996 -6.42172 3.65753 66.6746 -2.16627 -13 858 1 0 1
0.653481 -0.656241 55.996 8.46302 0.417676 53.6126 1.8516 -13 859 1 0 1
1.83589 2.6368 55.996 7.80271 4.25928 68.0664 1.55345 -13 860 1 0 1
4.36021 -3.483 55.996 9.55613 -6.58733 76.8204 -1.59973 -13 861 1 0 1
6.24995 1.98925 55.996 14.3281 4.17504 62.4089 0.159767 -13 862 1 0 1
-4.29706 -7.04723 55.996 0.420164 -8.11981 60.9694 0.442874 -13 863 1 0 1
4.70036 1.35064 55.996 12.5994 2.85992 62.3876 -0.368441 -13 864 1 0 1
1.09168 -4.81877 55.996 8.45414 -3.67638 55.1385 2.04096 -13 865 1 0 1
8.18864 9.40958 55.996 16.3683 13.9042 54.2801 0.204837 -13 866 1 0 1
10.8679 5.21366 55.996 19.9739 6.53242 72.4359 -0.422517 -13 867 1 0 1
3.34941 1.48916 55.996 6.52278 0.334251 78.862 -1.41212 -13 868 1 0 1
-7.56325 -9.80021 55.996 -3.79474 -12.5466 61.3966 -0.435257 -13 869 1 0 1
6.21432 -4.60931 55.996 14.1989 -7.51466 58.5657 1.00517 -13 870 1 0 1
6.10333 -4.63169 55.996 13.92 -8.01181 65.3508 -0.952025 -13 871 1 0 1
1.74149 -3.06004 55.996 7.58006 -3.03549 67.759 -0.892396 -13 872 1 0 1
8.51581 -0.479241 55.996 17.1917 -2.92924 70.8487 -0.847662 -13 873 1 0 1
2.45638 6.17478 55.996 8.44857 9.62019 67.2486 2.81591 -13 874 1 0 1
-1.42533 -4.13551 55.996 4.06712 -6.50752 62.6514 0.454899 -13 875 1 0 1
9.44433 5.22994 55.996 17.5702 7.1988 73.2138 0.225988 -13 876 1 0 1
7.48439 4.28915 55.996 16.2419 11.2002 67.278 -1.77221 -13 877 1 0 1
5.26618 5.85119 55.996 11.361 12.3525 72.1767 -3.48071 -13 878 1 0 1
-3.4741 7.91853 55.996 4.06911 8.03622 51.2115 1.41475 -13 879 1 0 1
6.84479 -6.33854 55.996 15.3277 -10.1735 66.6225 1.04563 -13 880 1 0 1
7.14677 -5.76121 55.996 15.545 -7.25879 55.459 2.0721 -13 881 1 0 1
5.89927 8.25873 55.996 12.0126 13.3355 74.0991 -0.343672 -13 882 1 0 1
14.7364 11.4933 55.996 23.9354 17.3154 59.1683 -0.106223 -13 883 1 0 1
-4.67319 15.357 55.996 4.3123 9.82494 26.2724 -0.0136977 -13 884 1 0 1
15.0282 7.17383 55.996 19.5395 6.67203 31.9229 0.137987 -13 885 1 0 1
8.25336 0.309575 55.996 14.7905 -4.75846 78.6825 2.54468 -13 886 1 0 1
-6.82576 1.19579 55.996 -6.54333 0.964991 71.2002 0.722621 -13 887 1 0 1
6.42389 2.91098 55.996 15.4157 1.17343 54.2561 0.277233 -13 888 1 0 1
2.93774 -4.20749 55.996 10.5687 -4.71232 57.0116 -0.397007 -13 889 1 0 1
8.99021 -7.41422 55.996 17.7366 -11.8119 66.9241 -0.935874 -13 890 1 0 1
8.9345 -0.515758 55.996 14.803 0.164958 34.4637 -0.842798 -13 891 1 0 1
2.51285 -5.20847 55.996 8.01763 -4.50844 71.5901 0.636226 -13 892 1 0 1
-3.85316 1.0149 55.996 2.15994 3.24868 60.015 -1.45234 -13 893 1 0 1
10.1739 -2.6511 55.996 18.9683 -3.24838 74.524 0.16526 -13 894 1 0 1
-5.00247 7.28636 55.996 -5.43814 18.805 72.3386 1.71366 -13 895 1 0 1
0.804501 8.28423 55.996 5.90421 13.8025 69.0978 -1.48248 -13 896 1 0 1
4.51692 -3.38666 55.996 11.8854 -3.5729 48.6389 -1.53349 -13 897 1 0 1
6.03699 0.247422 55.996 13.6912 1.45923 55.3575 -0.479412 -13 898 1 0 1
13.0331 1.39076 55.996 23.2406 3.67593 58.6218 -0.0772208 -13 899 1 0 1
7.53075 0.0825559 55.996 15.7637 -2.79522 67.0426 0.771014 -13 901 1 0 1
13.9841 -1.72306 55.996 23.1078 -3.98835 50.7961 0.786889 -13 902 1 0 1
5.84544 -9.24015 55.996 11.7916 -9.39022 74.0038 1.33527 -13 903 1 0 1
9.05709 -0.796749 55.996 17.6912 -3.53646 56.973 2.1417 -13 904 1 0 1
-3.30957 1.31759 55.996 -4.63436 3.8362 79.3173 0.304035 -13 905 1 0 1
-2.86106 -2.17542 55.996 4.08086 -1.84837 56.7914 1.46712 -13 906 1 0 1
4.39467 6.83415 55.996 11.2119 7.64278 67.2735 0.490743 -13 907 1 0 1
0.584174 -8.5224 55.996 8.06438 -7.58354 39.0914 0.446246 -13 908 1 0 1
5.77591 -6.75194 55.996 11.8318 -8.00002 72.5862 0.85778 -13 909 1 0 1
-0.161369 -3.40691 55.996 3.87876 -5.66237 70.6958 0.00969289 -13 910 1 0 1
8.10906 16.5378 55.996 14.1826 16.495 40.5054 -0.372885 -13 911 1 0 1
9.21648 11.3191 55.996 16.549 10.5791 53.0427 -0.593137 -13 912 1 0 1
4.53352 5.28075 55.996 6.55969 13.7445 78.7983 1.4666 -13 913 1 0 1
-5.07056 2.91299 55.996 -3.50272 9.02362 71.5083 1.16239 -13 914 1 0 1
10.1565 -7.09587 55.996 19.3736 -7.83462 59.0202 -0.66509 -13 915 1 0 1
-3.52027 0.586225 55.996 -7.73931 2.61851 79.8568 4.46775 -13 916 1 0 1
2.99138 7.49111 55.996 10.7587 8.36329 41.9514 0.0142813 -13 917 1 0 1
-0.920963 4.91833 55.996 1.92267 7.72773 72.6364 2.19572 -13 918 1 0 1
2.10736 3.11786 55.996 8.59833 2.56671 66.5279 -0.428026 -13 919 1 0 1
0.225001 -2.41556 55.996 1.34494 -1.23154 80.0501 0.608109 -13 920 1 0 1
12.7102 -1.46721 55.996 16.8336 -3.75847 31.0269 0.662418 -13 921 1 0 1
0.529502 -7.82981 55.996 0.574395 -12.3281 80.2408 2.59965 -13 922 1 0 1
0.341966 0.186602 55.996 6.9691 -0.0172785 59.4947 0.032401 -13 923 1 0 1
3.79807 1.1772 55.996 10.4644 -0.256342 68.1799 -0.872342 -13 924 1 0 1
-0.0438435 3.07023 55.996 5.79047 4.87878 62.4536 0.554137 -13 925 1 0 1
0.732127 2.14062 55.996 2.92823 1.82268 77.886 1.53325 -13 926 1 0 1
2.05568 -3.4584 55.996 9.17901 -1.81836 67.6659 0.725773 -13 927 1 0 1
7.83506 -2.99319 55.996 16.6347 -4.72516 56.2802 -0.035607 -13 928 1 0 1
3.40378 2.42187 55.996 9.65931 3.54986 70.2807 1.50535 -13 930 1 0 1
11.3247 0.172372 55.996 20.7448 -2.13116 60.5873 2.1813 -13 931 1 0 1
-1.6566 -5.27469 55.996 5.30583 -6.56799 52.8833 2.08839 -13 932 1 0 1
9.2136 6.25881 55.996 17.9173 11.6348 66.632 1.20575 -13 933 1 0 1
1.28051 1.81781 55.996 4.75387 4.46016 74.9731 -0.392938 -13 934 1 0 1
-2.57172 11.4768 55.996 2.69477 14.8458 59.2052 1.12883 -13 935 1 0 1
14.7509 -1.90239 55.996 25.4638 0.655818 56.3114 0.229616 -13 936 1 0 1
3.81028 -3.92701 55.996 9.00704 -2.84453 73.206 -0.049356 -13 938 1 0 1
-5.50688 0.871375 55.996 -0.571827 1.45639 59.5836 -0.354835 -13 939 1 0 1
3.91216 2.50028 55.996 11.6587 4.81735 59.9927 0.147972 -13 940 1 0 1
1.18831 3.66641 55.996 7.0622 7.7684 66.9318 0.388977 -13 941 1 0 1
12.4543 -0.71302 55.996 22.2137 -1.21421 69.5788 0.722891 -13 942 1 0 1
9.94355 -3.43072 55.996 19.0845 -3.82643 65.5917 1.59537 -13 943 1 0 1
4.94974 -0.379318 55.996 13.5339 2.61343 52.7439 -0.23456 -13 944 1 0 1
6.46891 8.41708 55.996 13.3967 15.7154 69.9542 1.05678 -13 945 1 0 1
4.96017 6.25271 55.996 12.4522 6.4248 44.7196 -0.519475 -13 946 1 0 1
10.2805 -0.846301 55.996 19.7785 1.15422 62.7524 -0.994585 -13 947 1 0 1
13.1788 -5.71373 55.996 21.1365 -4.77703 47.2423 1.52056 -13 948 1 0 1
-2.33948 -2.75339 55.996 5.13706 -3.1808 55.6076 0.601913 -13 949 1 0 1
2.4734 9.64394 55.996 9.25992 11.9793 64.9073 0.247096 -13 950 1 0 1
28.0937 -7.66122 55.996 35.2923 -6.853 43.8165 0.869565 -13 951 1 0 1
9.63122 -4.44873 55.996 18.598 -5.92368 57.0673 2.86317 -13 952 1 0 1
5.91053 1.16324 55.996 13.5152 0.724597 59.0293 0.455623 -13 953 1 0 1
5.35823 -15.4582 55.996 13.0977 -18.3058 53.2923 -0.0214377 -13 954 1 0 1
8.61225 -1.24927 55.996 17.2523 -5.54296 59.6757 0.733443 -13 955 1 0 1
1.98983 1.55731 55.996 9.81508 -0.00508814 52.5131 0.119931 -13 956 1 0 1
-4.57012 -0.652662 55.996 1.01841 -3.47541 59.0179 -0.825424 -13 957 1 0 1
-0.106372 0.0668191 55.996 -3.20417 -1.35152 80.6869 -0.628729 -13 958 1 0 1
14.2718 -7.68747 55.996 23.9037 -10.831 57.4434 0.606718 -13 959 1 0 1
1.03071 2.74726 55.996 4.5232 3.24102 74.7287 -1.84123 -13 960 1 0 1
7.80107 -1.79878 55.996 17.0286 -0.43979 53.8971 0.397238 -13 961 1 0 1
12.1151 -2.54323 55.996 17.3971 -2.17143 32.9969 1.00472 -13 962 1 0 1
14.7884 1.6273 55.996 25.4301 -3.31682 64.1836 2.1824 -13 963 1 0 1
2.79213 0.230388 55.996 10.5351 -0.697977 62.1088 2.14182 -13 964 1 0 1
3.58881 -6.36549 55.996 10.4057 -10.1961 64.0055 1.60797 -13 965 1 0 1
1.15958 3.38218 55.996 8.8518 6.71619 54.6052 2.51594 -13 966 1 0 1
7.53674 -3.61782 55.996 16.3841 -2.96398 52.9863 0.789364 -13 967 1 0 1
-9.57276 0.540559 55.996 -7.55264 -1.01693 64.3299 -0.841855 -13 968 1 0 1
9.47452 -3.23203 55.996 18.4088 -4.67071 48.8559 0.813769 -13 969 1 0 1
9.52728 -5.06263 55.996 18.4372 -8.60297 62.1383 0.133364 -13 970 1 0 1
3.79658 1.76007 55.996 11.0377 5.89531 66.8722 -0.941963 -13 971 1 0 1
4.7045 7.11003 55.996 11.4424 6.88241 32.5666 -0.616108 -13 972 1 0 1
8.94226 3.5814 55.996 14.6326 4.24869 33.2134 -0.470402 -13 973 1 0 1
2.16174 3.59089 55.996 8.2153 5.75931 69.2994 -0.415891 -13 974 1 0 1
1.21355 1.26252 55.996 5.46754 7.01903 74.5766 1.85319 -13 975 1 0 1
-5.03483 -5.22941 55.996 0.0940254 -5.40081 59.9355 0.604554 -13 977 1 0 1
0.121356 -0.768471 55.996 3.67225 -2.95347 72.6744 -1.2218 -13 979 1 0 1
-2.28273 -1.15495 55.996 3.66283 -2.35465 60.6076 -1.18011 -13 980 1 0 1
0.983012 -2.21771 55.996 6.9925 -5.54624 62.619 -0.454476 -13 981 1 0 1
6.7911 5.6568 55.996 15.1369 6.05707 63.0603 -0.441329 -13 982 1 0 1
4.95839 -0.533398 55.996 11.3488 4.09895 72.6694 -0.110841 -13 983 1 0 1
9.6504 3.32159 55.996 19.007 4.94477 58.3821 1.12376 -13 985 1 0 1
0.0546463 -5.46335 55.996 6.34779 -6.36268 60.713 -0.0671873 -13 986 1 0 1
8.79499 -12.334 55.996 17.1995 -17.0283 57.8888 0.685066 -13 987 1 0 1
1.54054 18.9137 55.996 7.88953 12.3113 29.6499 0.304115 -13 988 1 0 1
6.16928 -5.26403 55.996 14.0336 -6.61712 68.8284 1.29318 -13 989 1 0 1
7.06972 -2.82387 55.996 15.3524 -8.21981 69.4671 0.504012 -13 990 1 0 1
0.734964 8.30052 55.996 8.53988 7.24272 52.0971 -1.9492 -13 991 1 0 1
-2.54723 6.33951 55.996 5.63549 5.38512 44.4066 1.15701 -13 992 1 0 1
8.56063 -5.59615 55.996 17.6668 -5.67429 48.5817 1.91389 -13 993 1 0 1
20.7718 -24.8893 55.996 24.7633 -21.0045 38.8185 -0.434071 -13 994 1 0 1
10.8095 2.65133 55.996 20.4865 4.53946 61.6157 -1.55808 -13 995 1 0 1
1.06884 -4.18843 55.996 6.28718 -6.73003 69.0544 0.435523 -13 996 1 0 1
2.11652 2.50773 55.996 9.66604 3.11664 49.0751 2.69379 -13 997 1 0 1
14.7881 -7.96168 55.996 16.497 -5.87752 23.0751 0.937955 -13 998 1 0 1
11.3784 -1.91327 55.996 20.4745 -1.76872 54.0532 0.241589 -13 999 1 0 1
1.57913 -3.95032 55.996 9.21191 -4.47523 48.5834 -0.260066 -13 1000 1 0 1
