#BLTrackFile NTuple/Z75
#x y z Px Py Pz t PDGid EventID TrackID ParentID Weight
#mm mm mm MeV/c MeV/c MeV/c ns - - - - -
-14.2651 -7.82635 74.9003 -23.4307 -7.01513 68.3818 -0.73512 -13 1 1 0 1
1.97024 2.88135 74.9003 -8.43404 -1.70089 80.5979 0.345484 -13 2 1 0 1
-8.84787 0.580721 74.9003 -17.5822 0.431827 69.4866 1.31499 -13 3 1 0 1
-14.7263 -4.83905 74.9003 -26.5131 -3.41017 73.5028 0.758357 -13 4 1 0 1
-10.1852 -2.58568 74.9003 -19.8329 -1.60197 72.124 -0.365628 -13 6 1 0 1
-7.06605 -6.94193 74.9003 -12.1708 -5.80178 59.1299 -0.435064 -13 7 1 0 1
-0.626048 10.9362 74.9003 -7.2067 11.059 62.6263 1.54805 -13 9 1 0 1
-3.05531 -7.17462 74.9003 -9.40604 -5.82414 65.7811 1.12013 -13 10 1 0 1
-0.747431 9.85799 74.9003 -8.99107 10.2086 70.8029 -0.105566 -13 11 1 0 1
-14.5625 -7.61831 74.9003 -18.8125 -7.74811 56.4473 2.1519 -13 12 1 0 1
2.3683 9.78695 74.9003 -3.72254 5.23944 38.311 -0.254825 -13 13 1 0 1
4.5325 -8.30697 74.9003 -2.47577 -6.26328 67.8124 -1.1034 -13 14 1 0 1
-2.41351 -8.4429 74.9003 -9.11306 -8.1934 66.0517 1.90991 -13 15 1 0 1
14.4088 -20.0426 74.9003 5.51374 -18.1684 57.662 2.61172 -13 16 1 0 1
-14.1396 11.5287 74.9003 -19.6818 11.8369 59.566 -0.200663 -13 17 1 0 1
-5.42343 -10.4127 74.9003 -11.739 -9.45667 62.5273 3.39734 -13 20 1 0 1
-14.7992 1.40736 74.9003 -17.597 3.31763 52.8981 -0.702878 -13 22 1 0 1
-0.829843 -3.57863 74.9003 -8.58499 -1.75792 70.1007 0.716029 -13 25 1 0 1
-6.65785 2.21558 74.9003 -13.6795 2.63318 66.8662 0.303352 -13 26 1 0 1
-4.25623 -1.95294 74.9003 -10.9325 1.34814 65.3279 1.89759 -13 27 1 0 1
-4.4359 -12.2387 74.9003 -13.0414 -13.2274 71.3346 0.682284 -13 28 1 0 1
-10.7242 5.22255 74.9003 -17.669 6.94055 64.0989 1.4595 -13 30 1 0 1
-9.0039 0.979725 74.9003 -17.7042 2.16272 69.3141 0.155605 -13 31 1 0 1
-13.6168 1.91979 74.9003 -18.2816 1.84584 58.4595 -0.0227349 -13 32 1 0 1
-8.84176 4.94224 74.9003 -15.3033 7.35303 63.7979 -0.660232 -13 36 1 0 1
-4.97512 -6.20938 74.9003 -15.5454 -8.87123 77.6002 -1.04706 -13 37 1 0 1
-8.71875 -3.77675 74.9003 -13.698 -4.28001 57.9326 1.9201 -13 38 1 0 1
-0.130434 14.6284 74.9003 -6.50761 12.7196 60.7931 0.303148 -13 41 1 0 1
-7.22103 -1.13472 74.9003 -14.7373 -3.19632 66.4134 1.68764 -13 42 1 0 1
-16.267 -2.74224 74.9003 -37.4671 2.01226 57.0177 0.727962 -13 43 1 0 1
-2.64132 3.23746 74.9003 -7.55635 1.96947 55.7734 1.12093 -13 44 1 0 1
-6.43169 -7.03718 74.9003 -14.022 -7.03674 66.0765 0.834051 -13 46 1 0 1
-7.09411 10.1745 74.9003 -12.3891 6.74527 57.7735 1.39445 -13 47 1 0 1
-10.7807 9.13284 74.9003 -17.8543 11.6759 63.4229 1.14081 -13 48 1 0 1
-5.94419 -14.6001 74.9003 -13.68 -18.9512 66.7309 -0.115655 -13 49 1 0 1
-3.46754 3.38707 74.9003 -6.65626 2.94554 41.1608 -0.0833321 -13 50 1 0 1
-3.32008 6.22009 74.9003 -12.1578 4.75848 71.5294 0.118007 -13 51 1 0 1
-13.5407 13.2317 74.9003 -16.3933 11.4493 51.8235 0.57639 -13 52 1 0 1
-3.98236 3.95795 74.9003 -8.56406 2.55797 55.8754 -1.88139 -13 53 1 0 1
-10.0875 12.3375 74.9003 -11.1269 6.87969 39.5505 0.602984 -13 54 1 0 1
-11.0214 -3.61 74.9003 -19.4803 -4.83178 67.6084 1.32776 -13 55 1 0 1
7.37885 8.94432 74.9003 0.466762 8.52245 61.8539 -0.531314 -13 56 1 0 1
-2.0603 -2.32145 74.9003 -7.80062 -1.0004 63.0455 0.028837 -13 58 1 0 1
-5.00112 -9.73133 74.9003 -12.1766 -10.0353 66.0563 2.38519 -13 59 1 0 1
-3.05657 17.6523 74.9003 -8.33766 16.5785 54.7008 0.734113 -13 60 1 0 1
-11.4769 4.65653 74.9003 -16.9844 5.43521 60.1133 -0.399748 -13 61 1 0 1
-6.03858 -0.413083 74.9003 -13.6512 1.65017 68.2378 -0.134425 -13 62 1 0 1
-8.22052 -9.77859 74.9003 -9.49265 -5.0289 31.6178 0.844181 -13 63 1 0 1
-5.7416 -0.509445 74.9003 -11.2437 0.245664 59.2657 0.583747 -13 64 1 0 1
-2.8956 1.70552 74.9003 -9.45558 0.721025 64.8326 -1.02049 -13 65 1 0 1
-4.72755 1.87356 74.9003 -12.6317 1.43887 70.1573 0.859185 -13 66 1 0 1
-3.59575 -4.31382 74.9003 -8.99024 -2.53277 60.119 -0.234837 -13 67 1 0 1
-5.48754 15.4673 74.9003 -9.47248 11.0341 51.9077 -0.472845 -13 68 1 0 1
-11.3803 -5.96321 74.9003 -16.732 -5.95997 60.2511 0.436861 -13 69 1 0 1
-8.7279 -3.79589 74.9003 -20.4742 -8.76832 77.5283 0.619106 -13 70 1 0 1
-8.31218 2.45505 74.9003 -12.746 0.325188 58.892 -1.01212 -13 71 1 0 1
0.579238 12.9733 74.9003 -6.25495 10.698 64.1207 1.54578 -13 72 1 0 1
-9.66118 1.13099 74.9003 -19.1983 -1.07037 71.4818 -0.505129 -13 73 1 0 1
-5.12929 10.4819 74.9003 -10.151 9.55472 56.9626 0.722242 -13 74 1 0 1
-4.76601 6.17717 74.9003 -14.091 5.86788 73.3406 -2.45759 -13 75 1 0 1
3.37653 2.00454 74.9003 -7.61799 2.05533 79.4628 -1.32893 -13 76 1 0 1
-11.7981 0.883292 74.9003 -16.486 -0.35876 57.1941 -0.299229 -13 78 1 0 1
-5.71573 -3.11041 74.9003 -11.845 -3.40559 61.3329 1.88307 -13 79 1 0 1
-5.82161 -8.92955 74.9003 -14.4551 -8.04982 70.0381 0.469258 -13 80 1 0 1
-4.17582 7.48448 74.9003 -12.276 11.5288 68.126 0.505952 -13 81 1 0 1
-4.7684 -2.79781 74.9003 -10.1364 -1.73385 61.5654 1.66738 -13 82 1 0 1
-2.95821 -0.231856 74.9003 -11.6338 -1.10631 74.5412 1.55876 -13 85 1 0 1
-3.2405 -4.80479 74.9003 -10.4102 -8.56821 66.8334 0.258854 -13 86 1 0 1
-9.40236 -11.908 74.9003 -11.6428 -9.63362 47.3697 1.38392 -13 87 1 0 1
-11.4568 -5.94329 74.9003 -18.6142 -5.77363 65.0126 0.047357 -13 88 1 0 1
-3.51581 -2.6889 74.9003 -9.60911 -0.825776 60.9505 -0.107144 -13 89 1 0 1
-5.95824 6.00471 74.9003 -12.3235 5.57475 64.0802 0.274636 -13 90 1 0 1
-0.496607 0.980928 74.9003 -5.27664 0.862585 54.6612 0.485635 -13 92 1 0 1
-2.46871 2.16865 74.9003 -7.67019 0.80338 58.5111 1.31632 -13 93 1 0 1
-8.52521 22.414 74.9003 -12.3977 17.3617 50.0294 -0.808069 -13 94 1 0 1
-6.044 2.08042 74.9003 -13.7526 3.05207 68.8023 0.511346 -13 95 1 0 1
-7.07205 9.30824 74.9003 -12.6791 10.2126 58.7272 -1.32396 -13 96 1 0 1
-7.75811 -2.3183 74.9003 -11.491 0.544264 55.3414 -0.535979 -13 97 1 0 1
-5.37967 -3.21149 74.9003 -12.2389 -1.28549 66.2736 0.895583 -13 98 1 0 1
-11.0151 10.897 74.9003 -16.6943 10.2933 60.2246 0.986708 -13 99 1 0 1
-1.35657 -5.84864 74.9003 -8.42296 -3.64021 66.4963 -0.40862 -13 100 1 0 1
3.371 0.773992 74.9003 -3.73208 -0.433626 68.1968 -0.212229 -13 101 1 0 1
-3.6219 3.2575 74.9003 -10.884 2.93384 65.9811 0.38 -13 102 1 0 1
5.40141 -2.08377 74.9003 -1.19624 1.22846 61.9113 -1.96531 -13 103 1 0 1
-2.75602 -3.21382 74.9003 -9.72744 -4.65561 66.2248 0.160919 -13 104 1 0 1
-11.4713 4.95356 74.9003 -15.8623 7.84568 57.5496 -0.962233 -13 105 1 0 1
-7.56576 -6.01187 74.9003 -15.6929 -6.60321 68.171 -0.590243 -13 107 1 0 1
1.64299 6.42593 74.9003 -4.63705 8.76623 62.8117 -0.330304 -13 108 1 0 1
-6.11633 1.53159 74.9003 -12.9133 2.0888 66.0608 1.46205 -13 109 1 0 1
-10.4992 2.54836 74.9003 -19.9241 3.28291 69.5483 0.197532 -13 110 1 0 1
-7.86284 -4.96012 74.9003 -18.2459 -3.41641 74.8452 0.145295 -13 111 1 0 1
-1.50511 0.0654605 74.9003 -7.57293 -1.29162 55.4852 -1.34179 -13 112 1 0 1
-5.41861 8.77051 74.9003 -9.87947 6.98442 52.9853 1.3018 -13 113 1 0 1
-0.920293 -6.69857 74.9003 -7.01181 -6.98097 62.3864 0.417057 -13 114 1 0 1
1.86893 3.67476 74.9003 -3.28413 2.38286 49.1614 0.38143 -13 115 1 0 1
-14.5767 -2.67776 74.9003 -23.7525 -3.01324 68.222 0.972975 -13 116 1 0 1
-9.03292 0.907348 74.9003 -13.2763 1.60661 53.2714 0.165674 -13 117 1 0 1
-3.20883 -1.66897 74.9003 -6.75738 -3.75556 45.5389 0.149892 -13 118 1 0 1
-3.24882 -4.85734 74.9003 -10.9795 -4.10044 69.5693 0.954448 -13 119 1 0 1
-2.21711 -10.0024 74.9003 -8.22678 -6.80327 59.9772 2.01138 -13 121 1 0 1
-10.521 -5.94292 74.9003 -20.9717 -5.59035 73.8583 1.06168 -13 122 1 0 1
-6.78092 -10.527 74.9003 -14.6427 -10.4219 68.6622 1.2035 -13 123 1 0 1
7.70613 1.35379 74.9003 1.33884 1.83474 58.1871 0.787671 -13 124 1 0 1
-7.81441 1.00526 74.9003 -19.1484 -2.04412 76.3839 1.37328 -13 126 1 0 1
-0.273633 3.65192 74.9003 -6.10031 1.93455 59.7567 -0.617497 -13 127 1 0 1
-5.59418 -5.45056 74.9003 -11.733 -7.53436 63.0799 0.79192 -13 128 1 0 1
8.18988 8.33732 74.9003 1.5127 7.89471 58.7513 0.0129589 -13 129 1 0 1
-0.897525 -1.98549 74.9003 -5.73218 0.393541 49.6258 1.12354 -13 130 1 0 1
-3.15988 2.44306 74.9003 -10.9592 2.5901 68.0027 -0.0220847 -13 131 1 0 1
1.55675 -0.2235 74.9003 -4.70821 -0.850805 63.669 -0.877378 -13 133 1 0 1
3.85219 1.75142 74.9003 -4.52712 1.66986 74.5046 0.819021 -13 134 1 0 1
-2.71625 3.79791 74.9003 -10.7321 1.71633 68.8903 1.28064 -13 135 1 0 1
3.85605 7.02252 74.9003 -2.19365 4.45259 55.8196 0.525512 -13 136 1 0 1
-13.3894 1.28125 74.9003 -18.7038 0.634092 59.6887 1.96668 -13 137 1 0 1
-10.976 13.0463 74.9003 -14.6683 11.2591 52.4727 0.79467 -13 140 1 0 1
-8.25295 3.98784 74.9003 -11.6043 4.64716 50.2851 0.384984 -13 141 1 0 1
3.31284 4.08158 74.9003 -3.19634 6.08934 64.4786 2.35467 -13 142 1 0 1
-13.6004 -4.89817 74.9003 -21.8486 -5.71154 67.329 -0.435193 -13 143 1 0 1
1.07951 -1.89545 74.9003 -6.59615 -3.45545 71.353 3.31709 -13 144 1 0 1
-7.18115 -21.5716 74.9003 -11.6928 -16.9698 52.2564 2.17998 -13 145 1 0 1
-0.218759 -6.3152 74.9003 -6.92316 -4.64809 65.3619 0.642232 -13 146 1 0 1
-7.83553 -2.56492 74.9003 -14.1016 -2.62474 63.3155 -0.784242 -13 147 1 0 1
-12.3337 -8.53083 74.9003 -20.1272 -6.48744 66.4899 0.660519 -13 148 1 0 1
0.145389 9.14059 74.9003 -5.93837 7.23519 55.6327 -0.0520127 -13 149 1 0 1
-5.30187 10.4287 74.9003 -11.8685 11.0717 63.8581 0.238655 -13 150 1 0 1
-5.8416 -9.212 74.9003 -10.8591 -8.55877 55.2732 1.62879 -13 151 1 0 1
-2.23429 -0.470325 74.9003 -8.41997 -0.894817 63.0415 2.522 -13 152 1 0 1
-11.8364 -5.53755 74.9003 -18.8285 -7.96653 64.5273 -0.0984036 -13 153 1 0 1
-12.623 -8.79052 74.9003 -24.248 -10.3539 73.9169 -1.73171 -13 154 1 0 1
-13.7053 0.991653 74.9003 -20.3043 0.163405 63.1434 -1.0684 -13 155 1 0 1
2.51915 -6.80739 74.9003 -3.33546 -3.68632 45.8399 -0.0874596 -13 156 1 0 1
-12.157 0.347998 74.9003 -17.3666 1.68912 59.2475 0.287445 -13 157 1 0 1
-5.80728 4.40527 74.9003 -17.6097 2.99748 77.4834 1.65297 -13 158 1 0 1
-14.686 7.93673 74.9003 -17.4567 5.48034 52.8204 -0.245102 -13 159 1 0 1
8.15602 -0.290619 74.9003 1.20844 -0.113246 63.9995 0.345635 -13 160 1 0 1
2.90242 -1.09138 74.9003 -4.60712 -3.52294 70.2003 1.90151 -13 161 1 0 1
-11.8311 6.19184 74.9003 -19.8057 8.81504 66.8794 -1.36649 -13 163 1 0 1
-0.214506 -8.61147 74.9003 -7.05981 -10.431 65.052 0.395631 -13 164 1 0 1
3.93629 10.6011 74.9003 -2.51859 10.1726 62.311 0.943724 -13 167 1 0 1
-8.80114 6.99151 74.9003 -21.205 9.40453 76.0044 1.4139 -13 168 1 0 1
3.47109 -5.79718 74.9003 -2.92453 -6.25862 57.7872 0.077267 -13 169 1 0 1
-9.88852 -5.57767 74.9003 -17.033 -6.45713 64.6588 -0.331246 -13 170 1 0 1
11.7022 -9.24627 74.9003 1.94769 -3.99753 41.4714 1.17818 -13 171 1 0 1
-9.60168 4.77796 74.9003 -13.5841 2.71381 54.5947 -0.0242124 -13 172 1 0 1
-2.88522 -9.58384 74.9003 -8.02154 -8.64412 57.0052 0.499999 -13 173 1 0 1
-9.24172 2.95651 74.9003 -15.9726 -0.0564143 65.0441 0.573904 -13 174 1 0 1
-15.2341 -7.62258 74.9003 -8.55697 -3.94908 35.4985 0.237633 -13 176 1 0 1
6.92326 -9.17996 74.9003 -0.105467 -7.26447 51.3724 -0.00350754 -13 177 1 0 1
-8.31042 -6.71029 74.9003 -11.7574 -4.3991 50.573 -0.209785 -13 178 1 0 1
1.66238 -11.5714 74.9003 -5.82066 -14.1412 68.43 -0.434326 -13 179 1 0 1
-2.77467 -7.14289 74.9003 -7.52738 -5.21301 51.4181 1.911 -13 180 1 0 1
-0.273248 12.9447 74.9003 -4.93956 10.3472 41.3814 0.446517 -13 183 1 0 1
-13.908 -2.88289 74.9003 -18.1517 -3.7821 56.9867 -0.437007 -13 185 1 0 1
-5.44741 6.89394 74.9003 -8.51739 5.12488 40.6689 -0.220401 -13 186 1 0 1
-3.86721 1.22189 74.9003 -11.6285 4.46308 70.0283 1.4487 -13 188 1 0 1
-13.4654 -4.60794 74.9003 -25.8657 -5.86548 75.5765 0.486125 -13 189 1 0 1
-6.53911 2.21647 74.9003 -18.4718 5.75234 78.0581 1.14535 -13 192 1 0 1
-5.34508 12.4123 74.9003 -12.8361 14.5104 67.1612 0.0682973 -13 194 1 0 1
-4.98155 0.221422 74.9003 -10.2599 0.346792 59.0424 2.59574 -13 195 1 0 1
0.955211 -0.862096 74.9003 -10.7289 -4.44624 79.8801 2.86777 -13 196 1 0 1
-11.9776 9.35717 74.9003 -17.4756 8.49018 60.6163 -0.590002 -13 197 1 0 1
4.01561 0.594726 74.9003 -2.32995 0.611214 49.7131 -0.230231 -13 198 1 0 1
-10.8233 -7.47356 74.9003 -13.6338 -4.91187 48.5787 1.03961 -13 200 1 0 1
-7.79868 3.09815 74.9003 -13.4259 1.59547 60.3519 0.598903 -13 203 1 0 1
-10.1171 2.61293 74.9003 -12.9874 0.0758981 47.9492 1.79982 -13 205 1 0 1
7.12838 2.67299 74.9003 0.267386 2.83759 47.308 -0.00274737 -13 210 1 0 1
4.24245 11.7208 74.9003 -2.51392 6.24807 41.9104 1.00659 -13 211 1 0 1
-10.1226 16.0945 74.9003 -19.4421 17.2932 69.4997 2.40612 -13 212 1 0 1
-7.74922 5.75075 74.9003 -17.1537 4.98075 73.3844 1.33756 -13 214 1 0 1
-3.57365 -6.54307 74.9003 -11.9967 -10.3408 70.7348 2.05474 -13 215 1 0 1
-4.13768 0.611851 74.9003 -12.0304 0.868965 68.7319 1.46151 -13 216 1 0 1
11.3624 7.87167 74.9003 2.30425 7.08639 45.0255 -0.554146 -13 217 1 0 1
-8.33822 -3.65915 74.9003 -18.5337 -4.14066 75.2436 0.366613 -13 219 1 0 1
0.676497 4.0531 74.9003 -7.07214 2.82819 71.6386 2.71714 -13 220 1 0 1
5.14975 0.816611 74.9003 -0.16566 -0.60195 55.3852 1.34668 -13 221 1 0 1
-8.39312 8.78962 74.9003 -16.8713 10.0219 69.9472 -0.443807 -13 222 1 0 1
-15.1773 3.26752 74.9003 -13.8932 4.862 56.64 1.39451 -13 223 1 0 1
-12.5646 1.7212 74.9003 -17.7404 2.35597 59.8201 -0.0815049 -13 224 1 0 1
-5.93814 9.7936 74.9003 -10.29 8.68958 52.9944 0.119007 -13 226 1 0 1
-11.7337 8.26984 74.9003 -16.9852 6.99446 59.4551 0.418873 -13 227 1 0 1
-4.24566 0.821605 74.9003 -14.9819 0.621625 76.7745 -1.56259 -13 228 1 0 1
-13.2514 1.38327 74.9003 -22.4829 -0.710548 68.3707 0.618448 -13 229 1 0 1
-4.36392 -11.5912 74.9003 -8.04762 -7.79085 44.2037 0.0995499 -13 230 1 0 1
8.15257 16.0937 74.9003 0.85124 18.2118 65.2167 1.61411 -13 231 1 0 1
14.0518 15.4444 74.9003 6.99053 14.0109 60.3314 1.25944 -13 232 1 0 1
-3.49041 -5.18179 74.9003 -12.3251 -8.05667 72.1106 0.647293 -13 235 1 0 1
5.52693 -14.8923 74.9003 -1.00607 -10.969 53.3755 1.20553 -13 237 1 0 1
-6.89871 1.37898 74.9003 -12.78 0.922464 60.9586 0.486571 -13 238 1 0 1
-15.3452 -0.206832 74.9003 -25.1324 -1.84199 61.0157 1.66114 -13 239 1 0 1
-3.48487 19.2095 74.9003 -7.41991 13.1631 43.5735 0.121014 -13 240 1 0 1
-5.54113 3.39871 74.9003 -7.71031 1.81971 31.7315 1.34853 -13 241 1 0 1
-11.5926 -0.19826 74.9003 -15.7935 -2.03919 56.0963 2.25214 -13 242 1 0 1
2.90993 -10.9064 74.9003 -4.04267 -9.69142 68.0371 0.275687 -13 243 1 0 1
-4.46638 3.50598 74.9003 -14.0364 3.87161 74.2743 1.04492 -13 244 1 0 1
0.530202 5.27432 74.9003 -7.31845 8.99724 70.8971 -0.311858 -13 245 1 0 1
-4.36418 3.83701 74.9003 -12.2178 6.72971 69.4064 0.189715 -13 246 1 0 1
-4.18828 -4.42491 74.9003 -9.9322 -2.35887 59.9539 0.0942188 -13 247 1 0 1
-9.63397 -5.9476 74.9003 -16.7883 -5.74849 65.4373 1.07768 -13 248 1 0 1
9.87524 7.58336 74.9003 2.52998 4.26568 61.7746 -0.519515 -13 249 1 0 1
-3.28034 -10.99 74.9003 -10.8045 -11.6208 66.9409 -1.09408 -13 250 1 0 1
1.05868 17.8803 74.9003 -5.34574 13.2792 61.2028 -0.594039 -13 251 1 0 1
2.09729 1.01169 74.9003 -3.91202 -0.100389 63.5501 0.690178 -13 252 1 0 1
-5.42854 11.8566 74.9003 -13.9947 14.5673 69.0723 -0.950683 -13 253 1 0 1
-5.07093 5.77329 74.9003 -9.44902 5.21206 52.3753 -0.0307305 -13 254 1 0 1
-7.78455 0.726417 74.9003 -18.2011 2.99375 75.1449 0.337179 -13 255 1 0 1
-13.7987 1.50868 74.9003 -16.0849 1.1625 49.1829 -0.455192 -13 256 1 0 1
-7.24697 -14.3288 74.9003 -9.9262 -10.7301 43.3507 0.260388 -13 257 1 0 1
-6.45215 0.733591 74.9003 -12.64 -0.303531 61.7585 0.552431 -13 258 1 0 1
-2.41691 0.392453 74.9003 -7.12076 -1.13931 56.335 -0.728567 -13 259 1 0 1
-14.3236 0.0130928 74.9003 -22.9618 -1.94715 68.3861 0.110577 -13 260 1 0 1
-12.1164 6.99426 74.9003 -17.0037 6.00211 57.4774 -0.682687 -13 261 1 0 1
-2.90781 -2.32383 74.9003 -8.42283 -1.65231 62.3442 2.53478 -13 262 1 0 1
1.99572 -6.48559 74.9003 -4.36617 -6.09709 62.9901 -1.05101 -13 263 1 0 1
-8.7577 -4.11752 74.9003 -12.05 -3.26858 48.9081 0.276747 -13 264 1 0 1
2.93453 6.2285 74.9003 -3.57215 7.09231 63.3015 1.13022 -13 265 1 0 1
-0.0947849 3.36296 74.9003 -7.44622 1.79143 70.0804 0.996125 -13 266 1 0 1
-8.69872 4.62246 74.9003 -14.7476 1.69036 61.643 0.137375 -13 267 1 0 1
-9.26208 3.72524 74.9003 -10.8505 3.42822 40.0148 -0.528995 -13 268 1 0 1
-10.8408 5.21027 74.9003 -21.9704 2.80472 74.7044 0.87552 -13 269 1 0 1
-11.6622 -2.36616 74.9003 -17.3183 -4.47138 61.022 1.701 -13 270 1 0 1
3.03579 -4.56737 74.9003 -5.782 -7.75829 77.1663 -0.436389 -13 271 1 0 1
-8.87744 -10.0362 74.9003 -14.5242 -10.0238 59.7971 2.03628 -13 272 1 0 1
-1.5539 2.09845 74.9003 -8.37402 4.08483 66.3687 -1.61095 -13 274 1 0 1
2.82153 -3.8339 74.9003 -3.56786 -4.98721 59.0323 0.154407 -13 275 1 0 1
0.797046 -7.13595 74.9003 -4.58394 -7.07049 57.3735 1.63777 -13 277 1 0 1
-2.96443 3.62451 74.9003 -8.91137 2.33074 60.6462 0.683243 -13 280 1 0 1
-7.20874 -1.49396 74.9003 -14.5411 -0.00940501 64.6372 -0.866743 -13 281 1 0 1
-11.2093 9.22665 74.9003 -13.1226 7.51328 44.8496 -0.301179 -13 282 1 0 1
-0.594631 -13.158 74.9003 -5.72653 -9.85616 48.6783 -1.09556 -13 283 1 0 1
-11.9149 8.87518 74.9003 -14.7886 4.55211 50.873 0.136927 -13 284 1 0 1
-15.1149 -7.71621 74.9003 -26.2129 -3.88839 62.2225 -1.03011 -13 286 1 0 1
-10.01 1.3576 74.9003 -13.1876 -0.651098 49.7432 -1.11384 -13 287 1 0 1
-3.61392 30.2834 74.9003 -13.8632 35.2623 69.6509 0.14484 -13 288 1 0 1
-10.0612 10.1726 74.9003 -20.7322 11.891 74.1868 0.858266 -13 289 1 0 1
12.5518 -2.12132 74.9003 3.17774 -2.13978 45.2691 0.702189 -13 290 1 0 1
-5.26887 -6.44499 74.9003 -15.1222 -8.64982 73.7514 0.844022 -13 291 1 0 1
-6.03915 4.22813 74.9003 -14.6759 5.6753 70.9668 0.134178 -13 292 1 0 1
10.8002 5.68718 74.9003 3.36233 9.90784 70.4276 2.00318 -13 294 1 0 1
-9.9501 -3.40722 74.9003 -16.3509 -3.8807 63.1477 0.508754 -13 295 1 0 1
2.59571 -4.17707 74.9003 -3.23795 -4.56516 53.9313 3.01202 -13 297 1 0 1
-3.58208 -0.0963314 74.9003 -10.6126 -2.04217 66.1707 -1.44853 -13 298 1 0 1
-10.6479 8.78448 74.9003 -15.7407 6.59081 59.8888 -0.331918 -13 301 1 0 1
-14.587 5.88631 74.9003 -20.0089 7.53144 59.7093 0.674301 -13 302 1 0 1
-7.83214 0.507843 74.9003 -13.4539 2.80093 60.4471 0.44114 -13 303 1 0 1
-7.61169 5.48793 74.9003 -14.376 7.25373 63.6441 0.953352 -13 304 1 0 1
-9.81413 -1.45522 74.9003 -16.5186 -2.94443 64.1846 -0.625259 -13 306 1 0 1
-7.39609 -14.476 74.9003 -15.1583 -18.1331 65.4742 -0.882913 -13 307 1 0 1
-12.8742 -14.7649 74.9003 -21.8916 -15.538 68.0394 0.491239 -13 308 1 0 1
-13.0556 3.70392 74.9003 -19.4827 3.65526 62.4285 -0.436293 -13 309 1 0 1
4.14667 -2.25144 74.9003 -3.83202 -2.28967 72.0749 -0.00575028 -13 310 1 0 1
-2.24667 -3.99808 74.9003 -6.40377 0.550468 34.9284 -1.00798 -13 311 1 0 1
-15.1027 1.39457 74.9003 -24.9705 -1.45015 64.4768 0.24198 -13 312 1 0 1
-16.2098 10.071 74.9003 -28.4924 15.7278 43.5657 1.33962 -13 313 1 0 1
2.88155 -3.29678 74.9003 -4.92376 -3.14268 69.2946 -0.201006 -13 314 1 0 1
3.00507 -2.50594 74.9003 -3.07021 -0.121735 62.6862 -1.04782 -13 315 1 0 1
-7.1116 -20.1752 74.9003 -10.8841 -15.6221 48.9929 -0.751749 -13 316 1 0 1
-11.0248 -10.4147 74.9003 -16.9067 -10.5346 60.6403 1.17405 -13 317 1 0 1
-3.18508 -3.6161 74.9003 -10.6736 -2.47286 68.5793 -1.0277 -13 318 1 0 1
-7.98486 4.38102 74.9003 -16.3039 7.39352 67.6328 2.40399 -13 319 1 0 1
2.95987 0.68433 74.9003 -4.55921 0.83397 72.0964 0.967385 -13 320 1 0 1
-1.69553 -0.521476 74.9003 -7.32545 -1.03304 56.3654 -1.23089 -13 321 1 0 1
-9.2211 2.61341 74.9003 -22.6885 4.09866 76.8327 2.21989 -13 322 1 0 1
1.74843 -5.47526 74.9003 -6.87114 -2.64047 75.4192 0.585083 -13 323 1 0 1
-4.25215 6.92455 74.9003 -10.7742 7.06445 64.6848 -0.286885 -13 324 1 0 1
-4.39296 -6.80567 74.9003 -12.725 -8.1569 70.8444 0.357337 -13 325 1 0 1
-15.4865 2.66539 74.9003 -19.3256 -2.43762 44.3218 -1.10215 -13 328 1 0 1
-6.47838 7.43407 74.9003 -13.7306 8.91707 66.8567 1.46866 -13 329 1 0 1
1.26931 -3.62737 74.9003 -7.62128 -2.21643 75.919 -0.489213 -13 330 1 0 1
-9.67776 10.308 74.9003 -18.2699 7.38414 69.3402 -1.20441 -13 331 1 0 1
-2.91692 4.81005 74.9003 -7.3332 4.40305 47.8104 4.50529 -13 333 1 0 1
-14.2893 -6.06934 74.9003 -20.0893 -5.41553 62.2624 0.712635 -13 334 1 0 1
-0.818098 -8.30313 74.9003 -7.32317 -8.81056 65.6853 0.705634 -13 335 1 0 1
-8.01929 -9.63332 74.9003 -16.182 -9.38187 66.3664 -0.294926 -13 336 1 0 1
-2.71948 -10.1998 74.9003 -7.96382 -10.951 52.8587 1.29435 -13 338 1 0 1
-7.91112 -8.55794 74.9003 -11.261 -5.79367 48.0227 0.79588 -13 339 1 0 1
-8.74994 4.15001 74.9003 -16.2 5.27719 66.9984 0.565221 -13 340 1 0 1
-0.228629 1.5432 74.9003 -9.20608 -0.775129 77.05 0.291638 -13 341 1 0 1
-11.2393 3.61762 74.9003 -20.6427 5.28051 70.2831 0.967961 -13 342 1 0 1
-5.96948 -4.90481 74.9003 -11.6655 -7.07424 60.5572 0.00880202 -13 343 1 0 1
0.889097 -0.52296 74.9003 -4.51004 1.78064 49.4278 0.100381 -13 344 1 0 1
-7.21691 -0.0861203 74.9003 -14.4867 1.25625 67.1716 -0.495176 -13 345 1 0 1
-10.5741 0.295005 74.9003 -17.6102 0.408265 65.4881 -0.48138 -13 347 1 0 1
-9.43139 4.00055 74.9003 -12.2239 5.88485 49.5326 -0.0882985 -13 348 1 0 1
1.8708 11.9615 74.9003 -4.30765 9.26441 55.999 1.23038 -13 349 1 0 1
-3.90507 -5.83355 74.9003 -10.4581 -5.26051 64.2289 1.13138 -13 350 1 0 1
-10.8561 7.29242 74.9003 -16.9382 6.26951 62.7162 0.128697 -13 353 1 0 1
-9.00594 10.3509 74.9003 -12.6498 6.63164 50.6262 0.804412 -13 354 1 0 1
-11.4987 4.18894 74.9003 -21.2879 5.16407 70.6671 -0.135115 -13 355 1 0 1
0.959339 8.00369 74.9003 -4.99315 9.15095 59.0605 0.646163 -13 356 1 0 1
-9.26338 1.49684 74.9003 -10.8796 1.83056 39.6388 0.489457 -13 357 1 0 1
3.73388 8.17106 74.9003 -2.548 8.23278 51.2311 0.999487 -13 358 1 0 1
-2.76772 1.8974 74.9003 -8.46909 4.32281 61.2883 0.813566 -13 359 1 0 1
-11.8182 -5.06119 74.9003 -21.4758 -5.3773 71.6949 -0.275965 -13 360 1 0 1
-1.91824 1.08683 74.9003 -11.7185 3.02752 76.2776 0.193752 -13 361 1 0 1
-12.1586 0.264602 74.9003 -18.3845 -1.57775 62.8512 -2.42933 -13 362 1 0 1
-7.26734 4.13086 74.9003 -16.8519 6.24574 73.0362 0.0211468 -13 363 1 0 1
-5.50425 -4.18829 74.9003 -12.4479 -3.1364 63.14 0.59633 -13 364 1 0 1
-1.30244 7.77908 74.9003 -5.90205 7.28606 49.86 -1.49975 -13 365 1 0 1
2.58815 -1.38983 74.9003 -2.95579 -1.27583 45.5703 2.66356 -13 366 1 0 1
0.863786 -2.02419 74.9003 -4.06469 -2.89666 41.1011 1.76508 -13 367 1 0 1
-9.75604 7.03963 74.9003 -15.7349 7.91368 62.219 0.907482 -13 368 1 0 1
-6.5018 -2.51596 74.9003 -11.7645 -0.666841 58.9757 -0.727897 -13 369 1 0 1
-8.87753 -6.01072 74.9003 -15.0668 -5.06737 63.9675 2.7418 -13 371 1 0 1
-9.57717 -8.49052 74.9003 -12.632 -9.2794 50.9915 1.21671 -13 372 1 0 1
-15.733 -7.39592 74.9003 -24.1378 -1.84683 44.7171 1.06335 -13 373 1 0 1
-11.9272 -0.800558 74.9003 -22.3986 0.204984 73.0453 0.960101 -13 374 1 0 1
-15.1351 -9.97791 74.9003 -20.3154 -8.57036 63.8821 0.825795 -13 376 1 0 1
5.72763 -4.77372 74.9003 -2.74453 -7.40641 78.2806 1.50731 -13 377 1 0 1
-4.773 -20.8905 74.9003 -12.1407 -22.5136 63.754 1.00537 -13 379 1 0 1
-0.291894 -0.274218 74.9003 -6.05318 2.18241 59.4965 1.52856 -13 381 1 0 1
1.36677 -9.70398 74.9003 -6.50852 -10.87 71.837 0.00111449 -13 382 1 0 1
5.10757 3.86011 74.9003 -0.797529 1.83508 58.9295 -0.971037 -13 384 1 0 1
-8.01003 -3.84906 74.9003 -14.744 -5.9826 65.2942 2.13012 -13 385 1 0 1
-0.782639 3.65126 74.9003 -7.99959 3.16838 69.1828 2.27511 -13 386 1 0 1
-12.385 -0.83177 74.9003 -20.9799 -1.92422 68.2428 0.471969 -13 387 1 0 1
-10.1939 0.354987 74.9003 -13.0813 0.81505 49.2368 -0.339341 -13 388 1 0 1
9.21518 0.625624 74.9003 2.78145 1.67052 62.2088 1.40757 -13 389 1 0 1
-12.2962 -0.277279 74.9003 -17.6785 -1.02322 61.1114 1.118 -13 390 1 0 1
8.5775 1.83275 74.9003 1.75082 0.902459 52.6748 0.168164 -13 391 1 0 1
-6.97162 11.7628 74.9003 -12.6008 9.48161 58.8359 -0.426591 -13 394 1 0 1
-7.91422 12.3548 74.9003 -17.1876 15.9513 71.7724 -1.31392 -13 395 1 0 1
6.22582 5.13249 74.9003 -0.522844 3.04414 64.2944 0.210888 -13 396 1 0 1
-2.33551 -8.08771 74.9003 -8.17074 -6.35734 59.0068 1.64503 -13 397 1 0 1
-5.28111 -0.947436 74.9003 -12.2925 -1.73869 65.403 1.221 -13 398 1 0 1
-6.8601 -12.7018 74.9003 -15.3101 -12.0514 68.5439 2.39616 -13 399 1 0 1
-6.12861 2.3221 74.9003 -12.4105 6.10494 62.986 0.339454 -13 400 1 0 1
0.578654 0.296133 74.9003 -7.37009 0.9542 71.4426 0.116205 -13 401 1 0 1
-1.78075 7.33338 74.9003 -6.7862 6.07051 57.8918 0.0881202 -13 402 1 0 1
-7.18621 -22.2041 74.9003 -14.6278 -25.0338 65.3771 0.595182 -13 403 1 0 1
0.719128 -13.0145 74.9003 -5.91417 -14.9964 64.423 1.58035 -13 404 1 0 1
-10.4216 -5.85772 74.9003 -15.6452 -7.53083 57.6082 -0.192286 -13 406 1 0 1
-11.0346 -4.64517 74.9003 -17.357 -3.19526 63.015 1.65152 -13 407 1 0 1
5.55399 7.91929 74.9003 -0.752888 7.3877 57.7439 2.19378 -13 408 1 0 1
1.51017 -1.66117 74.9003 -4.82385 -1.66991 64.1495 0.685479 -13 409 1 0 1
-10.6842 -5.44703 74.9003 -20.75 -6.08739 72.9311 -2.23277 -13 410 1 0 1
-14.952 5.91178 74.9003 -13.6648 1.38037 37.8751 1.06492 -13 411 1 0 1
-11.8875 -14.9313 74.9003 -18.3276 -14.4875 61.059 1.64232 -13 412 1 0 1
-12.5777 3.43731 74.9003 -24.0346 2.72227 74.8666 0.424864 -13 413 1 0 1
-1.78828 9.20366 74.9003 -7.41973 8.72016 56.1353 0.738816 -13 415 1 0 1
0.0548912 2.98222 74.9003 -5.2536 1.69569 23.6083 5.70284 -13 416 1 0 1
-5.08875 -24.5654 74.9003 -8.35286 -13.3233 37.407 0.406377 -13 417 1 0 1
-5.93625 4.20081 74.9003 -13.5743 2.82845 68.0459 1.82459 -13 418 1 0 1
4.55642 -0.291283 74.9003 -1.95129 -0.0180881 64.3078 0.874506 -13 419 1 0 1
-5.27709 -6.80034 74.9003 -13.957 -9.41481 71.7087 -0.0961902 -13 421 1 0 1
-12.721 9.11494 74.9003 -19.5733 9.40122 62.8608 0.760482 -13 422 1 0 1
3.93689 17.6612 74.9003 -1.92815 10.4235 46.6437 1.08072 -13 424 1 0 1
-7.49273 2.96496 74.9003 -13.3156 3.71406 62.2992 0.307194 -13 425 1 0 1
-6.86887 2.33965 74.9003 -16.4365 4.7614 71.777 -1.08015 -13 426 1 0 1
2.12739 -8.49206 74.9003 -4.66305 -6.44221 63.309 -0.164759 -13 427 1 0 1
-12.1146 9.95044 74.9003 -18.5561 11.7276 61.9894 0.754365 -13 428 1 0 1
3.65658 -12.4788 74.9003 -2.31332 -11.9448 56.9489 0.280424 -13 429 1 0 1
-4.2874 -4.88641 74.9003 -13.9467 -6.0706 74.222 2.22683 -13 431 1 0 1
-1.88881 0.0301188 74.9003 -8.98492 1.55559 67.4723 2.29327 -13 432 1 0 1
-7.86792 -8.19674 74.9003 -15.9456 -11.2544 67.3315 1.7283 -13 433 1 0 1
-3.40016 7.34892 74.9003 -8.91647 9.13004 58.3104 0.493906 -13 434 1 0 1
11.7681 3.24288 74.9003 4.11007 2.06382 59.8386 1.43469 -13 435 1 0 1
-3.45777 -0.693354 74.9003 -10.6204 -0.133473 66.3886 -1.96713 -13 437 1 0 1
-11.234 0.466732 74.9003 -14.1049 0.67647 52.2743 2.34995 -13 438 1 0 1
-7.29091 -8.10413 74.9003 -13.4513 -6.4268 60.96 -0.764464 -13 439 1 0 1
-3.31696 6.17315 74.9003 -9.33003 6.41811 60.2491 0.579835 -13 440 1 0 1
-13.7581 0.788839 74.9003 -22.418 0.591396 67.9552 1.70329 -13 441 1 0 1
-10.2046 -2.72395 74.9003 -16.4435 -0.110757 63.088 0.213594 -13 442 1 0 1
-5.82666 3.49715 74.9003 -10.3228 5.58015 55.0356 1.42067 -13 443 1 0 1
9.94919 -2.81941 74.9003 2.9286 -2.06181 70.4812 1.30911 -13 444 1 0 1
0.988641 -0.310157 74.9003 -6.39903 -3.13678 68.7451 0.400315 -13 445 1 0 1
-10.5176 -7.26087 74.9003 -17.9026 -5.16211 66.3769 -1.21599 -13 446 1 0 1
1.13586 1.55937 74.9003 -4.62849 1.77445 56.8379 -0.0705497 -13 447 1 0 1
-6.81021 2.36754 74.9003 -14.5339 3.94922 68.821 -1.67202 -13 448 1 0 1
-6.4245 1.64856 74.9003 -10.3656 0.422547 51.0613 0.205371 -13 449 1 0 1
-0.4075 3.21596 74.9003 -10.9446 1.73645 80.4573 0.383329 -13 451 1 0 1
-4.53082 -3.9761 74.9003 -11.1317 -4.79445 66.5204 1.42901 -13 452 1 0 1
-1.26231 -5.89136 74.9003 -6.34508 -4.88163 58.9552 0.0262376 -13 453 1 0 1
1.09005 -4.83225 74.9003 -4.32355 -5.70247 54.8762 0.570022 -13 455 1 0 1
0.34647 8.58066 74.9003 -6.38476 9.22401 64.1082 -0.291883 -13 456 1 0 1
2.55973 6.01484 74.9003 -2.9347 7.06933 56.7499 1.16984 -13 457 1 0 1
-2.17462 -21.0709 74.9003 -7.8581 -16.5568 52.4888 -0.706822 -13 458 1 0 1
3.62478 7.95346 74.9003 -4.0434 6.8474 74.4007 1.99692 -13 459 1 0 1
-11.3518 -1.10631 74.9003 -17.9892 0.232554 62.6251 0.190198 -13 460 1 0 1
-14.4317 9.16013 74.9003 -20.2351 10.1231 61.0326 0.707174 -13 461 1 0 1
-9.73262 -0.0313953 74.9003 -15.6373 0.376997 61.5908 0.064603 -13 462 1 0 1
-1.52993 -3.43094 74.9003 -8.86406 -3.26589 68.2217 1.80836 -13 463 1 0 1
3.73017 15.2517 74.9003 -2.87586 14.8589 61.359 0.207436 -13 464 1 0 1
-3.11956 8.87105 74.9003 -8.5629 8.35446 55.7186 0.712724 -13 466 1 0 1
3.57874 -4.98147 74.9003 -2.46158 -1.8499 34.0844 0.43636 -13 467 1 0 1
-4.33351 -2.23944 74.9003 -8.85334 -4.37792 55.25 -0.453548 -13 468 1 0 1
-11.0761 17.4052 74.9003 -13.4742 12.705 46.9471 0.887759 -13 469 1 0 1
-1.67476 -7.70358 74.9003 -8.33091 -6.21018 63.7786 -0.109787 -13 470 1 0 1
-15.3753 16.333 74.9003 -12.2888 11.081 27.298 1.65255 -13 471 1 0 1
-2.74998 -14.8332 74.9003 -6.82447 -9.46398 41.2526 1.67611 -13 472 1 0 1
-9.4854 -3.07778 74.9003 -13.0462 -2.8594 53.1953 -0.218026 -13 473 1 0 1
1.82634 -7.43279 74.9003 -4.11947 -7.06171 61.5756 -0.255213 -13 474 1 0 1
-2.84827 6.38332 74.9003 -10.6707 8.14784 70.1085 1.91274 -13 475 1 0 1
-4.62414 13.1479 74.9003 -10.9505 11.5342 65.2194 -0.929 -13 477 1 0 1
-9.43601 -5.79687 74.9003 -15.167 -4.69861 59.2731 -1.40824 -13 478 1 0 1
-4.88753 -0.722652 74.9003 -8.91886 -1.52084 46.7574 -0.178286 -13 479 1 0 1
-1.54807 6.15568 74.9003 -6.89657 6.16468 54.1211 0.713711 -13 480 1 0 1
0.690088 -5.0878 74.9003 -4.06295 -2.62097 31.9845 1.20144 -13 481 1 0 1
-5.76104 -8.80671 74.9003 -8.8448 -7.91655 44.811 0.854152 -13 482 1 0 1
-16.2286 9.43894 74.9003 -9.93776 -4.08239 32.9629 1.1636 -13 483 1 0 1
-15.7854 0.0564782 74.9003 -27.6534 -7.02672 46.2928 -0.891309 -13 484 1 0 1
-7.21978 -12.0447 74.9003 -12.2441 -12.3011 55.9814 3.15084 -13 486 1 0 1
2.10829 3.38175 74.9003 -5.3723 2.07076 68.9809 0.496884 -13 487 1 0 1
-10.5897 3.01136 74.9003 -11.5281 4.45424 38.6817 1.86256 -13 489 1 0 1
-3.96409 -3.02925 74.9003 -9.98511 -4.72673 62.2188 -1.43276 -13 490 1 0 1
-6.76459 0.274875 74.9003 -14.697 -2.13132 68.5853 1.22623 -13 491 1 0 1
-3.29779 4.66182 74.9003 -9.21975 6.43766 60.4408 1.57076 -13 492 1 0 1
-10.9069 -4.70618 74.9003 -15.0256 -4.67335 56.9976 1.42695 -13 493 1 0 1
-8.60249 -1.99879 74.9003 -9.2907 -2.12202 32.5672 0.700776 -13 494 1 0 1
-3.37671 10.6828 74.9003 -6.76181 4.4256 41.5951 -2.20062 -13 495 1 0 1
-5.63193 -12.2157 74.9003 -8.6974 -7.76459 41.7092 0.778316 -13 496 1 0 1
-9.33267 -2.81939 74.9003 -15.8195 -2.41597 62.1587 0.65772 -13 497 1 0 1
-11.4865 6.84743 74.9003 -18.9642 7.42439 65.6446 -0.0473771 -13 498 1 0 1
-5.55321 6.88515 74.9003 -9.73377 4.05819 50.9044 -0.397338 -13 499 1 0 1
9.1286 -1.76082 74.9003 1.75758 -3.05277 52.2402 -0.704802 -13 500 1 0 1
-1.48381 7.26003 74.9003 -11.6541 7.20501 77.526 0.0545286 -13 501 1 0 1
-12.0126 -21.7122 74.9003 -19.0251 -18.7385 63.1146 -1.23132 -13 503 1 0 1
-9.66084 1.40541 74.9003 -16.5369 2.25455 63.6077 0.674881 -13 504 1 0 1
9.11954 1.69728 74.9003 2.51219 1.47049 57.4418 -0.729636 -13 505 1 0 1
-12.1745 -1.80648 74.9003 -24.1372 -3.26808 75.3113 1.62149 -13 506 1 0 1
0.509293 14.7936 74.9003 -5.25515 11.3911 48.4168 0.900404 -13 507 1 0 1
1.39557 -9.81746 74.9003 -4.69245 -8.26359 62.9001 1.35056 -13 508 1 0 1
2.77796 -7.65697 74.9003 -5.17885 -7.97843 72.2501 0.367658 -13 509 1 0 1
-15.0389 -2.2292 74.9003 -18.808 -0.84007 54.1077 -0.00318722 -13 512 1 0 1
-4.08679 2.39698 74.9003 -8.49642 3.06056 50.378 1.54272 -13 513 1 0 1
-10.8756 -0.192197 74.9003 -14.746 -0.12819 53.1195 -3.07458 -13 514 1 0 1
-6.13588 -0.9472 74.9003 -11.0319 1.76735 56.8221 -1.55993 -13 516 1 0 1
-6.09761 -0.604584 74.9003 -14.469 -2.48346 70.6023 -0.781315 -13 517 1 0 1
-6.81053 1.00782 74.9003 -12.962 1.90749 63.4434 1.17489 -13 518 1 0 1
-14.676 2.08616 74.9003 -26.6976 1.47176 73.8543 0.259105 -13 519 1 0 1
-5.58824 -4.1975 74.9003 -10.6325 -5.6144 59.1873 2.89531 -13 520 1 0 1
-9.94839 -10.7872 74.9003 -17.5823 -10.288 67.1058 -1.1268 -13 521 1 0 1
-3.98644 4.58148 74.9003 -15.2101 5.15103 79.1199 1.22782 -13 522 1 0 1
-12.6987 5.56253 74.9003 -20.3861 4.32356 66.5809 1.21262 -13 523 1 0 1
-5.01552 -6.08879 74.9003 -10.5635 -2.09868 60.6841 1.08744 -13 524 1 0 1
-6.65899 11.7945 74.9003 -8.67146 6.41377 37.4993 1.17179 -13 525 1 0 1
-14.2382 -2.88039 74.9003 -23.224 -0.659092 68.0415 0.382959 -13 526 1 0 1
-11.4281 11.007 74.9003 -15.8503 9.74975 56.1021 1.40634 -13 527 1 0 1
-13.4457 5.36887 74.9003 -15.9481 4.1054 50.9849 3.08637 -13 528 1 0 1
6.92114 -8.71669 74.9003 -0.359928 -12.2231 70.9316 1.12791 -13 529 1 0 1
-7.46695 4.58094 74.9003 -14.2929 4.59362 65.3913 -0.263365 -13 530 1 0 1
-3.59628 3.61973 74.9003 -8.61188 3.96639 58.4959 1.35704 -13 531 1 0 1
-0.777865 -0.74623 74.9003 -8.26702 -0.0123597 69.5758 1.29973 -13 534 1 0 1
-3.65183 7.90161 74.9003 -11.3861 11.7629 67.752 -2.49377 -13 535 1 0 1
-3.06366 -0.560346 74.9003 -8.18273 1.17222 54.1582 -0.528987 -13 536 1 0 1
-0.189702 11.9665 74.9003 -5.84236 10.5819 62.2949 0.459536 -13 538 1 0 1
0.0293547 1.60349 74.9003 18.9427 -20.4425 59.7763 1.43679 -13 539 1 0 1
6.164 -3.51597 74.9003 -2.12802 -3.35952 77.1472 1.69352 -13 540 1 0 1
-9.39335 8.3062 74.9003 -17.7436 10.1636 67.8365 1.28466 -13 541 1 0 1
-1.47912 0.546311 74.9003 -8.54542 1.66827 67.1668 0.346172 -13 542 1 0 1
2.10165 -4.78197 74.9003 -4.43269 -6.91581 66.7285 -0.181899 -13 543 1 0 1
-1.40868 -2.38438 74.9003 -7.55777 -2.86329 62.7182 0.774011 -13 544 1 0 1
-11.3764 -22.22 74.9003 -19.4418 -23.9411 65.3661 1.49268 -13 545 1 0 1
-9.89028 -18.4574 74.9003 -11.9405 -11.4207 40.8436 0.955892 -13 546 1 0 1
-3.68055 4.91479 74.9003 -9.70732 6.78629 60.5441 2.61973 -13 548 1 0 1
-2.28338 -4.90914 74.9003 -7.62953 -2.51757 57.1188 2.93375 -13 549 1 0 1
-1.69364 -9.39886 74.9003 -5.88734 -3.02138 33.464 1.78877 -13 551 1 0 1
-2.72866 3.32835 74.9003 -11.8956 3.79522 72.7076 1.55963 -13 555 1 0 1
-11.8523 9.46233 74.9003 -15.7335 7.54126 53.4425 0.877724 -13 556 1 0 1
-0.627255 0.0775708 74.9003 -6.61177 -0.626557 60.9272 2.78355 -13 557 1 0 1
-10.277 -2.74003 74.9003 -15.5937 -3.76796 59.4214 -2.24854 -13 558 1 0 1
0.355838 -2.99226 74.9003 -7.46516 -4.8979 70.0559 -0.0148928 -13 564 1 0 1
-10.8364 -6.65299 74.9003 -14.2857 -4.35827 52.5691 0.580782 -13 567 1 0 1
-8.53704 8.15096 74.9003 -16.4837 9.63817 68.7286 0.503905 -13 568 1 0 1
-5.57425 -5.59479 74.9003 -11.4256 -5.60644 59.3467 2.15109 -13 569 1 0 1
-7.3414 -7.03599 74.9003 -10.587 -4.23243 49.6841 -2.00585 -13 570 1 0 1
-5.08607 -5.30068 74.9003 -14.3315 -7.75181 73.7844 0.166379 -13 572 1 0 1
-12.7616 -2.13217 74.9003 -19.8744 -4.66428 65.4215 2.27678 -13 573 1 0 1
-4.87459 -3.29308 74.9003 -12.5656 -3.50706 68.1953 0.507419 -13 575 1 0 1
-6.37568 3.16165 74.9003 -13.6244 0.249929 67.0652 -0.566639 -13 576 1 0 1
-4.03712 -6.81064 74.9003 -10.9051 -3.79916 64.529 -1.63839 -13 577 1 0 1
-12.1547 11.6336 74.9003 -20.9852 12.8765 68.7032 2.26774 -13 578 1 0 1
1.10891 -14.558 74.9003 -4.90538 -13.8897 60.9791 0.103493 -13 579 1 0 1
3.36239 4.36978 74.9003 -2.89568 2.83959 62.3807 0.416687 -13 581 1 0 1
5.66115 1.49921 74.9003 -1.01653 2.56069 48.8707 0.402399 -13 582 1 0 1
-0.602392 -0.756541 74.9003 -8.31811 -1.77329 70.6344 -0.123349 -13 583 1 0 1
-2.41933 -1.32212 74.9003 -9.23186 -3.23891 63.3734 -0.418349 -13 584 1 0 1
-3.55207 -6.4263 74.9003 -10.709 -8.04751 64.5965 -1.71674 -13 585 1 0 1
-4.55059 -5.05331 74.9003 -12.8147 -6.59007 70.0102 2.50256 -13 586 1 0 1
-12.3463 10.8974 74.9003 -21.855 13.9136 69.5845 0.687685 -13 587 1 0 1
0.509971 -0.533179 74.9003 -6.28737 0.985787 66.3688 -1.79174 -13 588 1 0 1
-6.84438 3.25346 74.9003 -14.6853 2.51146 68.3691 -0.919481 -13 589 1 0 1
-12.5674 -0.988727 74.9003 -23.7787 0.520851 74.0834 2.89742 -13 591 1 0 1
-7.41837 0.370735 74.9003 -15.112 -0.468817 69.537 -2.28978 -13 592 1 0 1
-3.00616 5.62267 74.9003 -8.92144 2.70793 63.2885 2.2853 -13 593 1 0 1
-2.67385 -4.44676 74.9003 -9.08346 -2.72584 62.8634 0.930875 -13 595 1 0 1
-3.90478 -8.56825 74.9003 -15.3802 -11.2459 79.2607 -1.40839 -13 598 1 0 1
-15.0282 -4.90064 74.9003 -17.7027 -4.83839 40.4023 -1.1091 -13 599 1 0 1
-9.26827 -9.7531 74.9003 -12.1279 -7.45336 48.589 0.976201 -13 600 1 0 1
-3.60867 -3.67142 74.9003 -9.40892 -3.60927 58.657 1.55538 -13 601 1 0 1
-4.83801 -5.38418 74.9003 -10.7908 -4.85695 62.6448 0.993151 -13 602 1 0 1
1.80652 -0.222797 74.9003 -3.09178 -1.1317 47.6011 0.594331 -13 604 1 0 1
-10.7129 -23.3563 74.9003 -15.2711 -18.9946 55.0748 0.458795 -13 605 1 0 1
1.86992 -2.172 74.9003 -5.40316 -2.22328 66.6328 2.97456 -13 606 1 0 1
3.37972 10.3087 74.9003 -5.59857 14.5098 75.6673 -0.422462 -13 607 1 0 1
-12.4297 2.70314 74.9003 -19.4266 6.32561 64.3465 -1.30574 -13 610 1 0 1
-10.2369 0.74652 74.9003 -13.4809 -1.04168 51.8814 1.3336 -13 611 1 0 1
4.4567 2.30861 74.9003 -2.12121 3.6688 56.9849 -1.83762 -13 612 1 0 1
2.78628 -11.1652 74.9003 -3.48843 -6.34865 37.9764 1.89265 -13 613 1 0 1
-7.30897 -5.02976 74.9003 -13.1876 -6.51415 62.4418 0.0761441 -13 614 1 0 1
-15.146 -1.41416 74.9003 -22.5112 -5.76083 67.7141 1.1764 -13 615 1 0 1
-1.5546 4.49392 74.9003 -11.1311 6.67643 76.8462 0.127018 -13 616 1 0 1
-8.87021 -9.7297 74.9003 -15.0132 -8.2233 61.2004 -0.304924 -13 617 1 0 1
-11.8333 21.0855 74.9003 -16.2576 18.8118 54.2503 -0.604783 -13 618 1 0 1
3.68523 13.4255 74.9003 -2.61276 11.5557 50.6257 1.16386 -13 619 1 0 1
-9.5269 3.2354 74.9003 -20.4979 3.42212 74.9906 -1.86047 -13 620 1 0 1
-4.48622 -10.3471 74.9003 -9.86054 -7.03498 58.4987 1.08538 -13 621 1 0 1
-0.902997 -25.3389 74.9003 -6.64265 -19.1457 54.4544 0.792172 -13 622 1 0 1
-8.46962 -5.28984 74.9003 -13.3742 -2.95575 58.5421 0.109289 -13 623 1 0 1
-4.81204 -5.22925 74.9003 -10.8193 -6.1831 63.0621 0.0925239 -13 624 1 0 1
-15.8769 12.8126 74.9003 -13.379 -1.17039 27.8232 -0.402269 -13 625 1 0 1
0.942812 0.156865 74.9003 -6.85093 -1.3262 70.351 2.82038 -13 626 1 0 1
-5.43374 -15.4014 74.9003 -13.3258 -15.5193 69.1761 0.519277 -13 628 1 0 1
-10.503 15.0809 74.9003 -16.3652 15.6015 61.9214 0.592138 -13 629 1 0 1
-7.38202 3.06892 74.9003 -11.764 3.25385 57.3873 -0.237882 -13 631 1 0 1
-9.86631 -7.19738 74.9003 -16.7142 -6.79605 64.1882 -1.11854 -13 632 1 0 1
5.15553 3.93136 74.9003 -0.906275 2.73672 56.29 -0.387867 -13 633 1 0 1
7.12456 -1.39275 74.9003 0.388935 -0.219673 52.5589 0.642129 -13 635 1 0 1
-14.8788 4.98648 74.9003 -23.9929 7.61396 68.4554 -1.72882 -13 636 1 0 1
-0.545776 -0.716844 74.9003 -8.81052 -1.85172 71.6072 0.459463 -13 637 1 0 1
0.0416221 -8.39563 74.9003 -6.86336 -8.29442 65.4819 -1.57325 -13 639 1 0 1
-3.33505 7.47082 74.9003 -7.19794 4.34197 37.7755 -1.5967 -13 640 1 0 1
0.271424 -12.5657 74.9003 -6.15633 -12.5087 61.1149 -0.912602 -13 641 1 0 1
-2.51533 -8.90789 74.9003 -7.4195 -6.44594 56.757 0.385432 -13 642 1 0 1
-9.14002 -11.1074 74.9003 -17.3144 -11.8838 67.8428 -0.00172777 -13 643 1 0 1
-15.0319 -12.0699 74.9003 -17.5565 -11.83 44.2559 2.72601 -13 644 1 0 1
-3.02714 -9.09378 74.9003 -8.17746 -7.19739 56.0274 1.42687 -13 645 1 0 1
-15.086 3.50571 74.9003 -24.653 2.82795 66.1967 1.72509 -13 646 1 0 1
0.590882 2.35378 74.9003 -6.1643 3.11011 67.9046 0.253558 -13 649 1 0 1
-7.26696 -6.05341 74.9003 -16.4503 -5.23283 71.5351 1.31138 -13 650 1 0 1
-3.44726 3.30435 74.9003 -10.8495 3.02159 67.0678 0.855141 -13 651 1 0 1
-8.47583 -1.9371 74.9003 -15.2771 -2.56614 63.9455 1.36916 -13 652 1 0 1
-5.32412 -5.66776 74.9003 -12.8464 -4.48805 66.9383 0.983259 -13 653 1 0 1
-1.33782 -4.8094 74.9003 -4.86943 -2.8006 39.6101 0.106606 -13 654 1 0 1
1.4746 -2.14458 74.9003 -4.67432 0.124747 60.8578 0.982121 -13 657 1 0 1
-9.70563 -8.94627 74.9003 -17.6051 -6.9561 66.3963 2.57654 -13 659 1 0 1
-5.86213 0.240095 74.9003 -12.8462 0.777401 64.8541 -1.15078 -13 660 1 0 1
-11.5572 -8.0447 74.9003 -22.261 -11.8995 72.1747 1.96687 -13 661 1 0 1
-0.597399 3.45088 74.9003 -6.14112 4.08179 57.0711 0.823932 -13 663 1 0 1
-10.9002 -8.80117 74.9003 -19.419 -8.48907 67.2932 2.0797 -13 664 1 0 1
-8.40676 -3.59668 74.9003 -18.5673 -5.17458 74.3143 0.627623 -13 665 1 0 1
-16.0949 0.384073 74.9003 -3.18249 5.59321 25.1928 1.35485 -13 666 1 0 1
-7.60444 -0.900617 74.9003 -13.0087 -0.360906 58.5341 -1.78227 -13 667 1 0 1
-4.95089 -13.7738 74.9003 -11.576 -13.7728 65.6164 1.73141 -13 669 1 0 1
-1.933 -8.94398 74.9003 -10.037 -9.16282 71.4731 0.358976 -13 670 1 0 1
-2.29956 -22.3442 74.9003 -8.41104 -20.0386 58.7188 0.862906 -13 671 1 0 1
2.3941 10.0041 74.9003 -4.28439 8.14927 56.049 1.94522 -13 672 1 0 1
-8.07377 23.7467 74.9003 -13.0757 19.4443 55.6855 0.728527 -13 673 1 0 1
5.8983 5.31353 74.9003 -1.40454 5.16951 62.3403 1.21421 -13 674 1 0 1
-10.1407 -12.8367 74.9003 -15.6574 -12.8002 59.928 3.54072 -13 675 1 0 1
6.23089 5.40273 74.9003 -0.709677 5.22184 49.4712 0.252232 -13 676 1 0 1
7.2403 -2.19639 74.9003 -0.217283 -3.01827 66.6731 1.3521 -13 677 1 0 1
-9.1646 10.9915 74.9003 -17.452 15.5671 68.5377 1.89136 -13 678 1 0 1
-14.1618 2.63439 74.9003 -16.9933 1.09801 52.5817 -0.485772 -13 680 1 0 1
-5.93273 -3.09554 74.9003 -14.5088 -7.23463 71.5319 -2.90037 -13 681 1 0 1
13.3481 8.99958 74.9003 5.79439 11.3773 62.2257 2.41283 -13 683 1 0 1
-9.12322 -6.44607 74.9003 -14.5275 -5.46404 59.2058 0.164929 -13 684 1 0 1
-0.93378 10.4862 74.9003 -8.32126 11.3319 68.5901 0.762838 -13 686 1 0 1
-5.53588 6.55803 74.9003 -9.58454 6.32841 50.5495 2.10282 -13 687 1 0 1
-8.21855 4.41468 74.9003 -15.0238 2.77578 64.6578 0.330183 -13 688 1 0 1
2.4087 -12.8413 74.9003 -3.65306 -13.046 59.6404 1.38186 -13 690 1 0 1
-3.73737 0.666628 74.9003 -10.5155 -1.16513 63.6218 -1.58783 -13 691 1 0 1
-9.13904 4.75538 74.9003 -14.8224 2.0815 60.0454 -0.568063 -13 692 1 0 1
-6.1626 11.4634 74.9003 -10.3248 5.27365 48.5764 2.26659 -13 693 1 0 1
-5.78674 -9.63004 74.9003 -12.4434 -7.27836 63.3328 2.73849 -13 694 1 0 1
-9.47547 7.74948 74.9003 -15.5082 7.63965 61.9144 0.729692 -13 696 1 0 1
-10.1622 5.41313 74.9003 -18.8727 6.86039 67.8244 0.892863 -13 697 1 0 1
5.83126 -11.4585 74.9003 -0.579878 -6.7142 44.0826 -0.228868 -13 699 1 0 1
-2.52492 -2.51268 74.9003 -10.8296 -2.63775 71.3521 1.7475 -13 700 1 0 1
-2.72621 8.05288 74.9003 -10.0919 10.4003 68.7423 1.69973 -13 701 1 0 1
-4.252 2.91444 74.9003 -8.09499 2.34162 43.2054 1.80907 -13 702 1 0 1
-12.6571 4.7301 74.9003 -24.8121 4.425 75.6366 -1.87557 -13 703 1 0 1
0.328492 11.6462 74.9003 -5.13384 11.6342 56.113 -0.0620935 -13 704 1 0 1
-6.41499 5.80259 74.9003 -10.4449 3.95287 52.098 1.84353 -13 705 1 0 1
-13.5102 0.0564236 74.9003 -16.024 0.148395 51.1862 -1.16729 -13 706 1 0 1
-6.37508 1.09674 74.9003 -14.8311 4.42067 70.556 3.67618 -13 707 1 0 1
-9.46588 -4.7734 74.9003 -15.6645 -6.02475 63.1695 0.463538 -13 709 1 0 1
-5.19105 -7.47558 74.9003 -7.82579 -6.35418 40.697 -0.450596 -13 710 1 0 1
-0.822792 2.22951 74.9003 -5.98023 0.186781 49.9099 0.118454 -13 711 1 0 1
-10.7949 -11.7729 74.9003 -18.404 -11.5517 65.4558 1.76551 -13 712 1 0 1
-7.94668 -7.70636 74.9003 -20.0303 -10.8676 77.9122 0.349429 -13 713 1 0 1
-7.93949 1.50823 74.9003 -11.0792 -0.350333 47.8014 2.10944 -13 714 1 0 1
-10.1237 6.10708 74.9003 -18.4849 7.76844 68.1884 -0.706992 -13 715 1 0 1
-0.933218 10.202 74.9003 -5.65126 7.59735 49.733 1.66745 -13 716 1 0 1
-5.42749 -2.65534 74.9003 -9.41778 -2.64288 51.9654 2.2206 -13 717 1 0 1
-11.029 0.0400261 74.9003 -19.7664 -1.33047 69.1533 1.30694 -13 718 1 0 1
-2.55754 2.4266 74.9003 -10.4631 4.26713 70.7141 0.261721 -13 719 1 0 1
-10.3805 2.78333 74.9003 -16.8154 2.74876 63.1018 2.46767 -13 720 1 0 1
0.143497 -11.5846 74.9003 -7.79355 -12.2259 70.2594 0.277128 -13 721 1 0 1
-0.640701 -9.02218 74.9003 -6.02354 -8.26756 54.3151 -1.10925 -13 722 1 0 1
-6.00031 -6.15183 74.9003 -11.7921 -4.00539 59.6246 -0.808868 -13 723 1 0 1
-5.77016 10.996 74.9003 -14.2877 10.8445 70.3625 2.36698 -13 724 1 0 1
-13.7818 9.40972 74.9003 -16.9807 6.54155 52.1465 0.154045 -13 725 1 0 1
6.94621 -14.0261 74.9003 0.273672 -11.8296 53.7201 -0.550832 -13 726 1 0 1
-1.54735 3.84676 74.9003 -6.28395 2.89676 43.6773 2.42648 -13 727 1 0 1
-3.72612 25.005 74.9003 -7.82802 15.9306 38.9304 0.212323 -13 728 1 0 1
-1.90006 -5.43994 74.9003 -11.3741 -5.59722 75.1346 -1.47377 -13 729 1 0 1
-10.5426 -6.4778 74.9003 -18.3829 -5.71655 67.2419 -0.869194 -13 731 1 0 1
-9.2693 4.98592 74.9003 -16.5444 3.78195 67.0596 2.38001 -13 732 1 0 1
-1.2039 1.92965 74.9003 -8.68781 -3.48352 70.7219 2.60898 -13 734 1 0 1
12.5742 8.98996 74.9003 3.20142 5.14066 46.4932 -0.703047 -13 735 1 0 1
-4.34231 8.29619 74.9003 -8.25704 5.84506 45.4228 0.26791 -13 736 1 0 1
-11.8466 10.0815 74.9003 -16.9587 8.66903 59.5513 2.46125 -13 737 1 0 1
4.62947 0.958757 74.9003 -1.80046 2.22564 58.6329 1.93253 -13 738 1 0 1
-1.27491 -3.03905 74.9003 -7.08748 -1.21087 58.7914 -0.748614 -13 739 1 0 1
-9.4821 0.574856 74.9003 -18.4536 0.289514 70.498 1.13647 -13 740 1 0 1
4.81193 4.79731 74.9003 -4.12146 1.8232 19.7772 2.71827 -13 741 1 0 1
-9.69574 2.98665 74.9003 -17.8721 4.45544 69.4464 1.69034 -13 743 1 0 1
-12.7205 7.30255 74.9003 -16.0372 4.668 52.8065 0.686465 -13 744 1 0 1
4.47074 10.7405 74.9003 -3.69911 11.0667 71.9825 2.31014 -13 745 1 0 1
-9.95735 -5.5977 74.9003 -17.3415 -5.72852 65.5237 -1.44617 -13 746 1 0 1
-4.77675 -2.7475 74.9003 -11.9076 -2.55445 66.7185 0.54556 -13 747 1 0 1
-14.7033 0.142975 74.9003 -15.4299 0.726439 45.6776 -1.34676 -13 748 1 0 1
-1.80262 -7.5168 74.9003 -10.2938 -8.49632 71.7624 1.47969 -13 749 1 0 1
-5.72126 7.66964 74.9003 -11.7919 3.12838 62.8536 1.08765 -13 750 1 0 1
-13.8685 7.77104 74.9003 -16.2108 6.80202 49.3883 0.45626 -13 751 1 0 1
-9.5012 11.4077 74.9003 -16.2882 13.1838 64.2213 -0.108479 -13 752 1 0 1
-7.31827 3.7059 74.9003 -13.1486 1.81619 62.6808 -0.657814 -13 753 1 0 1
-15.6815 -1.3929 74.9003 -11.63 -11.8345 51.4311 0.685561 -13 754 1 0 1
-1.35831 -2.79622 74.9003 -10.2622 -4.02 74.5045 -1.08493 -13 755 1 0 1
-2.28105 6.1207 74.9003 -9.57858 8.56859 67.0745 -0.673319 -13 756 1 0 1
5.54236 -7.07204 74.9003 -0.624976 -4.96571 53.2903 -0.696379 -13 757 1 0 1
-2.22638 -7.24298 74.9003 -6.64619 -8.53364 55.3846 0.765354 -13 758 1 0 1
-1.70104 -16.4368 74.9003 -8.28936 -16.1518 60.6442 1.53854 -13 759 1 0 1
-4.79331 7.20709 74.9003 -9.33666 5.75364 52.9237 0.620676 -13 760 1 0 1
-3.12914 -7.17247 74.9003 -8.84792 -5.32489 58.461 1.0855 -13 761 1 0 1
5.49892 5.59084 74.9003 -1.37396 7.27981 60.7012 1.65501 -13 763 1 0 1
-0.923431 3.14454 74.9003 -8.5236 3.91024 69.8532 -2.23682 -13 764 1 0 1
-9.50497 -6.3503 74.9003 -15.0838 -6.84025 62.5844 -0.174634 -13 765 1 0 1
4.68046 -13.9378 74.9003 -2.84143 -6.3529 27.4645 -0.455344 -13 766 1 0 1
-6.45413 -1.87689 74.9003 -11.5564 -2.34771 57.072 -0.0472681 -13 767 1 0 1
0.912797 -20.7841 74.9003 -6.07571 -20.749 65.0412 0.997343 -13 768 1 0 1
-9.67435 -3.7496 74.9003 -10.3142 -3.46855 35.3607 0.680838 -13 769 1 0 1
-12.1365 -3.03312 74.9003 -19.9929 -7.69525 67.7229 -0.68434 -13 770 1 0 1
-1.22972 -5.80862 74.9003 -6.23637 -5.88165 54.8208 0.231589 -13 772 1 0 1
1.65469 0.310734 74.9003 -7.39636 0.908638 76.3585 0.850565 -13 773 1 0 1
-15.6075 -4.90917 74.9003 -8.80898 -7.50363 30.6718 1.35517 -13 774 1 0 1
7.85452 -4.20236 74.9003 1.29934 -5.24089 61.4165 0.30604 -13 775 1 0 1
-10.2481 5.50172 74.9003 -13.794 4.80631 53.0659 2.94007 -13 776 1 0 1
-12.3232 -6.21655 74.9003 -19.2981 -7.22392 63.788 0.342884 -13 777 1 0 1
-8.60451 11.1196 74.9003 -11.2308 9.65773 45.0506 3.04837 -13 778 1 0 1
-11.9332 -9.00712 74.9003 -19.0482 -9.05977 65.3803 2.05493 -13 779 1 0 1
0.29391 -1.47114 74.9003 -5.8956 -1.19207 67.4259 -0.546885 -13 780 1 0 1
-5.83862 6.09044 74.9003 -12.3816 4.75152 65.0052 0.255061 -13 781 1 0 1
-9.11125 -10.6649 74.9003 -15.128 -9.99712 60.6873 0.892253 -13 782 1 0 1
2.58557 -5.75302 74.9003 -3.46625 -4.41153 58.8536 1.37147 -13 783 1 0 1
-15.7976 -15.6629 74.9003 -7.09596 -22.8356 30.6556 -0.484179 -13 784 1 0 1
-10.6394 -5.02752 74.9003 -21.7224 -9.56805 74.3044 0.141773 -13 785 1 0 1
4.06495 3.69723 74.9003 -2.2214 1.74101 47.5606 -0.582072 -13 787 1 0 1
3.84542 -0.40121 74.9003 -3.44044 -2.92863 70.9918 0.785012 -13 789 1 0 1
-4.59222 -2.66721 74.9003 -10.5428 -4.60348 59.0591 2.39503 -13 790 1 0 1
-0.680785 -12.2651 74.9003 -7.5724 -14.2778 66.6097 -1.05586 -13 791 1 0 1
-8.72389 -2.25168 74.9003 -15.2067 -2.01123 64.7658 2.55793 -13 792 1 0 1
-1.23493 -0.93335 74.9003 -6.47715 -2.10408 52.4685 2.1993 -13 793 1 0 1
-7.43633 3.27105 74.9003 -14.5339 4.56929 67.0779 0.646308 -13 794 1 0 1
-15.6911 -10.7222 74.9003 -24.2947 -13.8507 31.8325 -1.98796 -13 795 1 0 1
-14.761 1.96527 74.9003 -18.1861 1.47818 55.5569 0.297666 -13 796 1 0 1
-5.90948 -1.16861 74.9003 -9.06369 -2.74396 46.6113 -0.377854 -13 797 1 0 1
-6.97658 15.1291 74.9003 -16.489 17.3073 71.5933 2.34977 -13 798 1 0 1
-9.13467 4.63863 74.9003 -14.8493 3.54458 60.6547 1.29109 -13 799 1 0 1
3.28068 4.37924 74.9003 -3.24263 1.62261 69.1146 2.5829 -13 801 1 0 1
-8.58593 -6.98466 74.9003 -15.2304 -8.37115 63.8281 -0.911609 -13 802 1 0 1
-2.91989 1.62315 74.9003 -12.3023 5.10357 74.5478 -1.346 -13 803 1 0 1
7.71646 0.576782 74.9003 0.526222 0.899991 50.6157 -0.0691676 -13 804 1 0 1
-2.64898 0.891924 74.9003 -7.91247 0.233535 55.9886 1.38898 -13 806 1 0 1
-13.6386 -10.6375 74.9003 -19.8298 -9.27193 62.9087 0.766444 -13 807 1 0 1
-15.6164 0.929703 74.9003 -6.87556 29.3141 34.4987 -0.174077 -13 809 1 0 1
-10.4379 -2.48493 74.9003 -20.854 -4.18054 73.8333 -0.331229 -13 810 1 0 1
-5.07128 3.54052 74.9003 -12.4039 4.96599 69.0045 0.140135 -13 811 1 0 1
-2.16134 10.0939 74.9003 -7.6574 9.93131 55.6047 1.16162 -13 813 1 0 1
-5.71064 0.0563874 74.9003 -11.4636 1.84456 61.5261 1.08659 -13 814 1 0 1
-1.34451 8.97399 74.9003 -6.66725 8.05268 54.5235 -1.65271 -13 815 1 0 1
-3.77298 -2.34142 74.9003 -13.7548 -2.63319 75.5282 1.82537 -13 816 1 0 1
-5.69576 -2.51441 74.9003 -7.79182 -1.37578 38.578 -1.167 -13 817 1 0 1
-4.7284 -12.2978 74.9003 -8.46869 -10.1098 46.8537 0.337724 -13 820 1 0 1
-10.7563 0.387565 74.9003 -13.807 2.03008 50.4924 -1.32659 -13 821 1 0 1
-12.2236 4.679 74.9003 -26.3763 2.65308 77.0613 0.960856 -13 822 1 0 1
-0.575101 -0.0194224 74.9003 -5.75992 -1.20122 56.8949 0.298741 -13 823 1 0 1
-12.0609 -3.82317 74.9003 -17.4688 -3.77667 58.367 0.656745 -13 825 1 0 1
-4.73332 6.27406 74.9003 -11.8134 8.176 65.4371 -1.03836 -13 826 1 0 1
2.72296 -14.1484 74.9003 -3.57864 -14.8438 62.3294 3.03011 -13 827 1 0 1
-4.15591 -1.02052 74.9003 -10.1157 -2.66197 63.1862 -2.0972 -13 828 1 0 1
3.89423 -21.2145 74.9003 -3.1345 -16.1521 48.0439 1.2311 -13 829 1 0 1
-7.75709 -11.2427 74.9003 -13.9696 -11.2571 61.8124 0.203468 -13 830 1 0 1
-2.21614 -2.24259 74.9003 -9.02686 -3.54511 65.0033 2.33792 -13 831 1 0 1
-5.97744 -6.69365 74.9003 -10.4926 -6.16581 54.8824 0.752961 -13 832 1 0 1
-4.56058 -13.1387 74.9003 -10.3797 -12.4189 59.0302 0.751398 -13 833 1 0 1
-11.7752 -9.45777 74.9003 -16.54 -7.24002 57.7967 0.149944 -13 834 1 0 1
-8.72577 -12.5808 74.9003 -19.9354 -15.5028 74.2564 -0.610785 -13 835 1 0 1
0.955824 9.98536 74.9003 -6.33212 10.8729 65.8298 0.236093 -13 836 1 0 1
4.92104 -15.847 74.9003 -2.16032 -13.2602 65.9885 1.38928 -13 837 1 0 1
-0.173702 5.91925 74.9003 -8.03239 4.06904 70.6332 -0.987346 -13 838 1 0 1
-7.3505 -9.48821 74.9003 -11.3862 -6.44734 53.7493 -0.0120162 -13 839 1 0 1
-13.4427 1.78833 74.9003 -18.2646 1.06078 57.9146 2.80566 -13 840 1 0 1
-13.7165 8.88999 74.9003 -17.6349 6.22642 55.262 -1.43543 -13 841 1 0 1
-9.27922 -2.89188 74.9003 -18.2394 -2.40441 71.0473 -0.635578 -13 842 1 0 1
-9.28128 -11.1236 74.9003 -18.895 -15.5246 70.6748 0.828286 -13 843 1 0 1
-10.8251 11.6384 74.9003 -15.3136 10.3267 56.4932 1.27624 -13 844 1 0 1
-0.827188 -0.301049 74.9003 -6.62343 0.928924 59.689 1.35441 -13 845 1 0 1
1.34581 -18.0737 74.9003 -4.67873 -8.98865 35.1991 1.00599 -13 846 1 0 1
0.540967 -8.96017 74.9003 -5.23971 -4.50106 57.7323 -0.787224 -13 847 1 0 1
-8.70119 6.9149 74.9003 -12.5318 4.5674 53.3132 -0.406117 -13 848 1 0 1
4.98572 -11.776 74.9003 -2.27623 -11.8962 67.9971 -0.531678 -13 850 1 0 1
-12.2894 7.09609 74.9003 -16.7058 5.20176 56.7405 -0.0909351 -13 851 1 0 1
3.33059 -1.13613 74.9003 -5.51834 -0.790288 75.4503 0.835914 -13 852 1 0 1
-11.2002 2.42408 74.9003 -16.4502 2.13409 59.0133 1.46149 -13 853 1 0 1
-8.27973 0.88997 74.9003 -16.5029 -1.63758 67.287 -0.472293 -13 854 1 0 1
-13.3978 12.4839 74.9003 -18.2815 11.4762 57.9554 0.504069 -13 855 1 0 1
-1.51026 -5.92048 74.9003 -7.79902 -2.98031 65.0714 -0.514714 -13 857 1 0 1
-12.5029 -0.856895 74.9003 -14.8174 0.124231 49.9069 2.01199 -13 859 1 0 1
-10.9337 3.98581 74.9003 -17.9204 4.24704 65.0295 1.68021 -13 860 1 0 1
-7.67323 -5.36367 74.9003 -17.7004 -6.7395 74.7948 -1.48703 -13 861 1 0 1
-7.64561 3.13789 74.9003 -13.6377 3.95603 61.6017 0.286519 -13 862 1 0 1
-8.06616 -2.04478 74.9003 -13.6397 -1.22488 61.023 -0.239185 -13 864 1 0 1
-10.8255 -5.88005 74.9003 -14.4895 -3.33258 53.1591 2.18593 -13 865 1 0 1
-4.29636 13.739 74.9003 -9.48228 13.3891 54.7314 0.341632 -13 866 1 0 1
0.531482 9.43993 74.9003 -7.92888 9.28436 73.29 -0.312667 -13 867 1 0 1
-9.46288 2.60223 74.9003 -20.9071 1.51905 75.6837 -1.29829 -13 868 1 0 1
-6.47048 -4.47097 74.9003 -11.8998 -5.16805 58.3016 1.13555 -13 870 1 0 1
-7.75308 -16.4074 74.9003 -14.4478 -16.6596 62.636 -0.817543 -13 871 1 0 1
-11.3916 -2.73443 74.9003 -18.2966 -1.7174 64.543 -0.764641 -13 872 1 0 1
-1.54982 0.584066 74.9003 -9.3235 -0.867989 70.9162 -0.734434 -13 873 1 0 1
-9.37427 7.1581 74.9003 -16.3608 7.5597 64.5846 2.94242 -13 874 1 0 1
-11.9473 -4.71 74.9003 -17.5367 -5.08131 60.2289 0.585821 -13 875 1 0 1
0.658482 6.00349 74.9003 -7.98131 5.9744 74.5845 0.332671 -13 876 1 0 1
-3.60199 9.97453 74.9003 -10.5094 13.7518 67.0825 -1.6526 -13 877 1 0 1
-5.38358 9.23115 74.9003 -14.1495 12.3236 71.0296 -3.3652 -13 878 1 0 1
-0.0573809 -7.49408 74.9003 -6.90683 -8.26439 67.5355 1.1614 -13 880 1 0 1
-5.31355 -8.47923 74.9003 -10.1443 -7.30365 54.9686 2.21129 -13 881 1 0 1
6.14062 17.8052 74.9003 -1.89523 19.7568 73.1349 -0.224885 -13 882 1 0 1
4.27756 14.8867 74.9003 -3.15567 15.8012 63.3569 0.00636796 -13 883 1 0 1
4.47373 6.81643 74.9003 -2.02524 4.57131 36.1859 0.315907 -13 885 1 0 1
-0.712259 -1.26036 74.9003 -10.8122 -5.24468 78.2604 2.65151 -13 886 1 0 1
-17.3488 8.6673 74.9003 -23.4573 10.5819 19.0132 0.859588 -13 887 1 0 1
-3.94371 -0.157551 74.9003 -8.40779 -1.90028 54.8822 0.412769 -13 888 1 0 1
-9.29845 -4.8187 74.9003 -13.5624 -3.71319 55.0737 -0.255309 -13 889 1 0 1
0.193999 -14.616 74.9003 -7.05847 -15.5981 66.853 -0.814484 -13 890 1 0 1
-10.4069 -0.588096 74.9003 -10.3699 0.0821052 31.9026 -0.59617 -13 891 1 0 1
-9.20498 -3.19571 74.9003 -17.4592 -0.828402 69.4073 0.75471 -13 892 1 0 1
2.47776 -5.32189 74.9003 -5.90063 -5.38398 75.866 0.271595 -13 894 1 0 1
-12.4685 14.9336 74.9003 -19.763 16.0947 64.8888 -1.35107 -13 896 1 0 1
-10.9148 -5.76036 74.9003 -13.5246 -4.07139 46.5287 -1.36878 -13 897 1 0 1
-3.89944 -0.11797 74.9003 -9.17643 0.69002 55.0093 -0.341009 -13 898 1 0 1
6.91219 2.97031 74.9003 0.474517 4.05497 61.5194 0.0444347 -13 899 1 0 1
-2.58217 4.25337 74.9003 -9.86952 2.217 67.5632 0.886834 -13 901 1 0 1
5.96806 -3.17855 74.9003 -0.374401 -4.08597 54.9721 0.913568 -13 902 1 0 1
-4.38385 -10.6615 74.9003 -13.6361 -8.1175 72.9844 1.448 -13 903 1 0 1
-1.35455 -2.63299 74.9003 -7.25425 -4.1891 58.1046 2.27041 -13 904 1 0 1
-6.59194 8.14489 74.9003 -13.7188 6.6131 65.7957 0.613058 -13 907 1 0 1
-5.66368 -9.41661 74.9003 -14.7302 -8.44288 71.1214 0.973797 -13 909 1 0 1
-8.55167 -4.82318 74.9003 -16.5553 -5.42348 68.2322 0.129765 -13 910 1 0 1
-11.4258 23.522 74.9003 -12.5216 14.8865 37.9736 -0.16816 -13 911 1 0 1
-2.81021 16.7557 74.9003 -8.72814 11.8669 53.6316 -0.453941 -13 912 1 0 1
-6.95002 8.7172 74.9003 -19.4762 13.661 76.6497 1.57781 -13 913 1 0 1
-3.06338 -10.2418 74.9003 -8.98918 -8.42898 60.3311 -0.541152 -13 915 1 0 1
-13.4993 11.6676 74.9003 -12.6992 7.62285 36.5018 0.244489 -13 917 1 0 1
-8.93154 5.10262 74.9003 -15.4175 3.76733 64.2939 -0.301957 -13 919 1 0 1
-12.3209 -1.30942 74.9003 -24.2019 0.456063 75.6296 0.723897 -13 920 1 0 1
-0.658528 -0.5848 74.9003 -5.36233 -2.31233 33.4909 0.861461 -13 921 1 0 1
-12.4412 -11.0591 74.9003 -25.3593 -12.2967 76.1354 2.71478 -13 922 1 0 1
-7.25204 4.45147 74.9003 -14.4821 3.22746 66.5076 -0.750469 -13 924 1 0 1
-10.8504 8.2049 74.9003 -16.3719 8.09457 59.1604 0.691544 -13 925 1 0 1
-12.4092 3.428 74.9003 -23.2797 2.69248 73.127 1.65285 -13 926 1 0 1
-8.09504 -4.56609 74.9003 -14.4085 -2.36438 66.0379 0.847781 -13 927 1 0 1
-7.95926 -4.88888 74.9003 -12.5997 -4.74669 55.8546 0.100416 -13 928 1 0 1
-8.48181 -1.18553 74.9003 -16.1929 -1.36712 68.1741 1.6256 -13 930 1 0 1
2.30688 -0.9349 74.9003 -4.30056 -2.63235 62.8947 2.29996 -13 931 1 0 1
-1.4755 10.9188 74.9003 -8.84412 13.0269 67.3779 1.3225 -13 933 1 0 1
-10.014 2.28883 74.9003 -19.6695 3.5932 71.7498 -0.275113 -13 934 1 0 1
6.3592 -2.26195 74.9003 0.30339 0.188745 61.042 0.344673 -13 936 1 0 1
-8.18012 -4.80175 74.9003 -17.3596 -2.9019 71.0569 0.0675316 -13 938 1 0 1
-10.8769 0.0529921 74.9003 -15.7112 0.235113 58.5981 -0.22819 -13 939 1 0 1
-10.0382 1.48168 74.9003 -15.0165 2.43887 58.2163 0.282745 -13 940 1 0 1
-6.51098 -0.26605 74.9003 -13.2433 1.3816 65.8396 0.508912 -13 941 1 0 1
5.11165 -1.56905 74.9003 -2.6278 -1.81043 72.1014 0.830695 -13 942 1 0 1
-1.47976 -5.11035 74.9003 -8.67367 -4.42778 66.9538 1.71003 -13 943 1 0 1
-10.6483 0.230864 74.9003 -13.3896 2.09943 50.0115 -0.0762513 -13 944 1 0 1
-4.30852 13.1233 74.9003 -12.5309 15.9501 69.2137 1.17445 -13 945 1 0 1
-11.665 7.16901 74.9003 -12.9421 4.80949 42.0301 -0.335236 -13 946 1 0 1
0.893994 -0.252059 74.9003 -5.63822 1.48767 64.8825 -0.87875 -13 947 1 0 1
-4.56372 0.282706 74.9003 -8.60918 1.40445 47.8629 1.67271 -13 948 1 0 1
-9.65829 6.51893 74.9003 -15.7822 5.43284 63.4618 0.370697 -13 950 1 0 1
0.62484 -2.75101 74.9003 -5.30316 -2.56728 59.4444 2.98561 -13 952 1 0 1
-6.52654 -5.84215 74.9003 -12.2895 -5.74867 57.8203 0.591232 -13 953 1 0 1
-7.64877 -18.6978 74.9003 -11.7592 -15.063 52.4625 0.123227 -13 954 1 0 1
-3.16063 -4.21512 74.9003 -9.20309 -6.53442 59.6975 0.862839 -13 955 1 0 1
-9.73527 3.17996 74.9003 -13.1975 0.899849 51.6406 0.264481 -13 956 1 0 1
-14.2662 -0.276392 74.9003 -29.2225 -1.32662 75.2778 -0.510747 -13 958 1 0 1
5.65693 -6.27294 74.9003 -1.09986 -6.52465 62.0476 0.719348 -13 959 1 0 1
-9.53633 3.63616 74.9003 -18.9599 3.20671 71.5956 -1.72344 -13 960 1 0 1
-4.67221 -9.33242 74.9003 -9.06332 -6.73011 54.0078 0.537411 -13 961 1 0 1
-1.77035 -0.893237 74.9003 -5.61704 -0.624545 33.6203 1.22374 -13 962 1 0 1
8.85935 1.63211 74.9003 1.80887 -2.43372 68.9612 2.28895 -13 963 1 0 1
-7.31349 0.92428 74.9003 -12.4313 0.177538 60.1577 2.27451 -13 964 1 0 1
-10.6443 -7.68484 74.9003 -16.9013 -8.27118 61.8778 1.73723 -13 965 1 0 1
-0.866235 -1.32512 74.9003 -5.75233 -0.169426 53.6512 0.929252 -13 967 1 0 1
-3.92298 -6.54665 74.9003 -7.64274 -5.67405 48.6655 0.969288 -13 969 1 0 1
0.222528 -6.9178 74.9003 -6.41782 -7.89528 63.9764 0.251133 -13 970 1 0 1
0.886573 -3.31933 74.9003 -5.90692 -0.918791 68.3601 -0.829372 -13 971 1 0 1
-14.0911 -2.95283 74.9003 -11.6749 -0.784171 28.7197 -0.179655 -13 973 1 0 1
-11.1552 5.00306 74.9003 -18.4662 5.40541 66.3866 -0.291352 -13 974 1 0 1
-12.5682 4.9341 74.9003 -21.6983 8.80859 70.1631 1.97641 -13 975 1 0 1
-13.621 -2.29529 74.9003 -22.3345 -3.61328 67.6139 -1.09434 -13 979 1 0 1
-11.8465 -10.617 74.9003 -17.6047 -11.6867 59.195 -0.315622 -13 981 1 0 1
-4.67613 11.393 74.9003 -10.8076 9.70054 62.7431 -0.315947 -13 982 1 0 1
-10.2691 2.81237 74.9003 -18.8094 6.40117 68.8771 0.0134749 -13 983 1 0 1
-8.66854 0.0510405 74.9003 -13.7699 0.563291 58.1882 1.25405 -13 985 1 0 1
-15.5084 -8.69308 74.9003 -20.5755 -3.39878 42.8562 0.0776587 -13 986 1 0 1
-5.03764 -17.8362 74.9003 -10.8004 -16.7675 58.2906 0.815742 -13 987 1 0 1
-1.77404 -10.7324 74.9003 -8.99379 -10.4027 68.9308 1.40959 -13 989 1 0 1
-8.30423 -5.25939 74.9003 -15.8279 -8.17611 67.426 0.626097 -13 990 1 0 1
-3.98551 -9.46755 74.9003 -7.49132 -6.72359 48.6562 2.06841 -13 993 1 0 1
8.84498 -30.9364 74.9003 0.0179084 -19.1309 44.6889 -0.291859 -13 994 1 0 1
-1.75226 0.599035 74.9003 -8.07216 1.18391 63.5896 -1.44138 -13 995 1 0 1
-12.8052 -0.773047 74.9003 -20.0955 -1.0186 65.2293 0.563241 -13 996 1 0 1
-11.7255 3.38361 74.9003 -13.5172 2.56271 44.9262 2.87379 -13 997 1 0 1
1.29306 -1.88123 74.9003 -4.5244 -1.19604 56.561 0.369066 -13 999 1 0 1
-11.1099 -4.09793 74.9003 -12.9653 -2.83616 45.0867 -0.0840094 -13 1000 1 0 1
