#BLTrackFile NTuple/Z152
#x y z Px Py Pz t PDGid EventID TrackID ParentID Weight
#mm mm mm MeV/c MeV/c MeV/c ns - - - - -
116.666 11.2255 151.611 28.7589 2.68478 29.2165 1.94819 -13 5 1 0 1
139.828 -10.5975 151.611 28.1533 -4.72971 27.0506 2.79736 -13 9 1 0 1
112.591 -24.0958 151.611 32.3978 -4.99379 38.4307 2.97237 -13 12 1 0 1
127.886 66.7791 151.611 26.2887 21.7129 29.8337 0.0939042 -13 14 1 0 1
117.675 -24.133 151.611 24.4829 -5.07985 30.1584 1.81786 -13 28 1 0 1
141.253 -53.2198 151.611 33.2815 -16.5037 29.0649 1.03912 -13 29 1 0 1
140.816 -22.6978 151.611 38.5357 -5.95536 34.3949 -0.0238257 -13 37 1 0 1
133.099 34.2214 151.611 35.6605 14.5442 30.3485 1.77899 -13 43 1 0 1
95.0815 -24.0926 151.611 19.4643 -5.97897 35.7816 2.37765 -13 45 1 0 1
130.736 -11.1661 151.611 18.5226 -2.69718 18.2991 1.86579 -13 51 1 0 1
133.916 29.1896 151.611 33.6706 9.34928 33.5489 -0.000165976 -13 65 1 0 1
116.388 -18.6317 151.611 28.4514 -3.9008 33.6868 1.40082 -13 69 1 0 1
111.306 -75.9697 151.611 26.5184 -25.8682 33.2718 -0.0301978 -13 71 1 0 1
143.64 18.9338 151.611 36.8489 4.185 34.2084 1.71508 -13 74 1 0 1
128.203 -41.7092 151.611 25.4424 -11 25.2103 0.933445 -13 78 1 0 1
134.494 -1.28657 151.611 37.1212 -1.00835 34.6702 1.54743 -13 84 1 0 1
142.34 -24.4125 151.611 38.3037 -6.90221 33.9741 1.2685 -13 86 1 0 1
110.566 0.626227 151.611 26.737 -0.289045 33.8875 1.48741 -13 95 1 0 1
127.875 7.37241 151.611 23.05 1.359 25.6326 1.71013 -13 102 1 0 1
94.6178 47.9257 151.611 18.1073 14.1052 32.5983 0.700374 -13 108 1 0 1
143.018 -100.726 151.611 25.7416 -23.2038 23.0496 3.44713 -13 121 1 0 1
127.1 82.9284 151.611 23.3967 22.1788 25.2385 2.37683 -13 130 1 0 1
107.028 -11.5627 151.611 23.9337 -4.97977 30.4748 2.9742 -13 137 1 0 1
109.645 -54.6927 151.611 25.7398 -17.8332 29.8166 0.609856 -13 143 1 0 1
117.685 -4.92937 151.611 28.8086 -1.86302 29.9695 -0.0506001 -13 155 1 0 1
120.856 -26.8217 151.611 25.6666 -7.63386 31.4847 0.89122 -13 156 1 0 1
115.886 -31.6046 151.611 27.6569 -8.03157 32.5425 0.679087 -13 170 1 0 1
126.007 7.62168 151.611 30.2489 1.57556 31.024 2.29763 -13 175 1 0 1
125.577 1.98227 151.611 34.7893 0.621431 34.6765 0.302224 -13 182 1 0 1
134.47 -21.0308 151.611 20.0062 -5.06458 15.4132 2.285 -13 206 1 0 1
128.647 142.628 151.611 20.2167 30.8488 18.621 0.631792 -13 213 1 0 1
98.229 94.2742 151.611 22.2713 33.0735 33.8184 0.562382 -13 222 1 0 1
125.179 -32.6007 151.611 27.3333 -10.6716 29.2293 -0.393984 -13 228 1 0 1
124.784 -4.59751 151.611 36.1079 0.679516 33.8108 2.59021 -13 236 1 0 1
136.083 -36.7935 151.611 30.6048 -9.15708 29.5525 1.42559 -13 243 1 0 1
98.8771 -94.7669 151.611 12.3795 -19.0803 19.7028 1.72503 -13 247 1 0 1
130.153 53.3995 151.611 29.4535 21.0392 27.9242 2.23963 -13 248 1 0 1
105.506 -2.25475 151.611 29.135 -0.604358 37.6015 0.975296 -13 260 1 0 1
119.461 9.32234 151.611 32.256 6.94637 35.4813 3.44937 -13 262 1 0 1
122.246 16.0545 151.611 28.8867 5.82091 32.1373 1.16394 -13 267 1 0 1
138.129 16.6902 151.611 35.9924 5.00187 30.9977 1.94532 -13 269 1 0 1
121.67 -57.4845 151.611 20.5573 -14.8416 24.4021 2.9891 -13 277 1 0 1
113.844 -1.03901 151.611 30.0719 0.756158 36.7544 0.975714 -13 284 1 0 1
130.287 -3.42401 151.611 34.5844 -1.11066 32.0239 0.930438 -13 285 1 0 1
121.857 -13.0977 151.611 28.0586 -14.3657 32.2855 1.23318 -13 288 1 0 1
139.054 38.6646 151.611 32.3307 12.3839 29.5178 -0.312447 -13 298 1 0 1
139.476 -24.8879 151.611 38.4861 -8.78645 34.2267 0.353475 -13 306 1 0 1
138.431 -16.5535 151.611 36.3234 -5.40678 33.7891 -0.00576737 -13 318 1 0 1
143.041 -89.0353 151.611 26.5055 -22.4739 22.5041 1.77209 -13 326 1 0 1
106.618 -3.50628 151.611 24.7096 0.799367 34.0959 -0.173051 -13 328 1 0 1
119.666 9.01178 151.611 32.5087 3.68584 33.8732 1.6406 -13 334 1 0 1
123.257 -22.1184 151.611 32.7631 -6.94505 32.7678 1.95795 -13 374 1 0 1
122.59 36.6833 151.611 25.2389 10.5204 28.5867 3.45642 -13 386 1 0 1
106.209 -53.4808 151.611 18.4386 -12.4023 24.1277 1.77192 -13 387 1 0 1
134.496 -15.5276 151.611 35.1307 -4.05288 34.6882 1.04395 -13 402 1 0 1
137.697 25.8672 151.611 34.0145 11.6215 32.7549 -0.903489 -13 437 1 0 1
127.379 -81.8523 151.611 32.161 -26.9615 30.0835 3.3582 -13 438 1 0 1
132.518 34.2768 151.611 34.3517 10.5241 32.9296 2.14024 -13 457 1 0 1
95.3885 -22.9411 151.611 26.4656 -13.8949 39.8187 1.49404 -13 461 1 0 1
104.915 26.7388 151.611 21.7023 4.30134 30.3538 1.85736 -13 469 1 0 1
136.14 -2.81396 151.611 40.1182 0.239293 35.7649 0.651722 -13 473 1 0 1
85.3397 -40.8201 151.611 16.6792 -9.88591 32.5775 -0.462292 -13 490 1 0 1
97.7929 -9.13382 151.611 9.68218 -2.54754 15.0087 2.69654 -13 497 1 0 1
140.285 6.12515 151.611 34.5075 1.08038 33.7539 0.271331 -13 505 1 0 1
126.505 -30.8872 151.611 28.6874 -8.27515 31.038 2.42819 -13 508 1 0 1
103.497 -19.1743 151.611 23.5574 -9.02407 33.7215 2.2367 -13 522 1 0 1
143.777 -10.0603 151.611 33.8261 -1.64662 32.0471 2.8284 -13 540 1 0 1
134.832 31.8808 151.611 33.1255 9.52256 33.4958 1.80056 -13 544 1 0 1
127.921 28.2899 151.611 29.8079 8.42434 33.5066 3.64953 -13 548 1 0 1
100.783 -23.5367 151.611 21.5511 -4.36156 34.7077 3.11543 -13 569 1 0 1
110.858 -0.822434 151.611 28.0682 -8.40499 33.2477 0.329332 -13 574 1 0 1
143.35 2.22874 151.611 38.2875 0.862819 33.4231 0.457489 -13 576 1 0 1
140.186 -4.29172 151.611 35.392 -6.28447 31.0641 1.77302 -13 587 1 0 1
135.178 22.4057 151.611 37.3753 5.52748 34.2411 3.2476 -13 593 1 0 1
99.9731 -26.5 151.611 10.8921 -6.12522 14.866 2.51463 -13 594 1 0 1
116.284 -3.05865 151.611 33.9144 -3.51905 34.0549 1.41876 -13 609 1 0 1
128.526 11.3655 151.611 31.8366 5.28002 30.8884 2.22703 -13 615 1 0 1
130.115 -15.157 151.611 33.3575 -1.44942 33.1959 3.62152 -13 644 1 0 1
97.4325 19.6983 151.611 15.758 5.86545 27.3669 1.31345 -13 662 1 0 1
86.3002 -49.4533 151.611 10.3598 -11.8875 20.2356 1.83953 -13 682 1 0 1
133.347 -5.78226 151.611 29.1362 -0.814449 33.4367 -0.218311 -13 685 1 0 1
128.57 -1.37259 151.611 27.5322 2.19169 27.972 1.50112 -13 688 1 0 1
95.0173 8.19405 151.611 21.5162 0.958475 36.3045 4.60829 -13 707 1 0 1
107.879 -12.5721 151.611 21.5893 -4.67653 29.5246 1.39096 -13 719 1 0 1
143.516 23.9277 151.611 29.124 9.24987 26.4526 1.57296 -13 721 1 0 1
142.331 -67.4115 151.611 35.1523 -19.9164 28.6938 0.266827 -13 731 1 0 1
131.024 -3.53507 151.611 29.741 -3.66014 30.7371 3.00653 -13 738 1 0 1
138.493 39.53 151.611 33.3168 12.6935 31.7773 0.442323 -13 762 1 0 1
115.882 16.8916 151.611 29.3783 7.26914 32.4421 0.788648 -13 765 1 0 1
134.196 -21.4112 151.611 37.8647 -7.28588 34.4264 1.1408 -13 772 1 0 1
138.255 -21.747 151.611 38.1494 -9.24052 32.7185 2.30084 -13 774 1 0 1
98.2682 -7.98609 151.611 22.2106 -3.0505 34.2318 1.19964 -13 781 1 0 1
113.299 -4.62651 151.611 29.3837 2.9542 34.9607 -1.11499 -13 795 1 0 1
131.393 -17.8563 151.611 37.7771 -12.7439 36.5491 0.442108 -13 797 1 0 1
100.342 14.6164 151.611 24.8689 1.59255 32.5834 2.48719 -13 800 1 0 1
105.817 -45.6242 151.611 17.6149 -11.2496 24.7774 2.38175 -13 814 1 0 1
142.38 -42.0228 151.611 40.6813 -13.0225 34.5448 1.29655 -13 824 1 0 1
134.045 22.4764 151.611 33.4947 6.04169 32.3364 0.000214659 -13 826 1 0 1
128.152 -24.4812 151.611 34.2366 -4.75191 37.2761 0.873288 -13 839 1 0 1
137.907 12.3783 151.611 32.0598 3.89317 26.9581 3.08448 -13 859 1 0 1
121.802 27.2429 151.611 28.3604 8.48839 32.5587 1.31334 -13 862 1 0 1
143.365 37.6184 151.611 33.6891 12.5637 29.0974 0.886712 -13 864 1 0 1
113.474 -111.519 151.611 9.96325 -15.8083 11.7022 1.31574 -13 868 1 0 1
99.5708 -5.30264 151.611 22.0317 -3.43848 28.9645 1.47164 -13 905 1 0 1
120.676 -122.806 151.611 21.7978 -32.9453 22.5578 2.15531 -13 920 1 0 1
136.65 -12.5093 151.611 33.164 -5.96928 32.8224 2.38749 -13 933 1 0 1
142.059 6.24042 151.611 35.323 4.99096 29.0077 0.00555469 -13 937 1 0 1
137.948 -9.22348 151.611 33.0366 -3.28014 29.0166 0.956698 -13 944 1 0 1
84.5052 1.13596 151.611 18.0613 0.797363 32.8078 0.426051 -13 958 1 0 1
141.984 8.34155 151.611 30.9814 3.85141 30.5463 3.46138 -13 963 1 0 1
109.484 -21.6228 151.611 25.9857 -5.78593 33.0618 0.643503 -13 981 1 0 1
133.745 9.4701 151.611 33.327 3.21792 30.5268 1.08465 -13 983 1 0 1
