#BLTrackFile NTuple/Z160
#x y z Px Py Pz t PDGid EventID TrackID ParentID Weight
#mm mm mm MeV/c MeV/c MeV/c ns - - - - -
-138.626 -17.9047 160.001 -33.1941 -5.26878 37.6744 2.18436 -13 10 1 0 1
-132.713 -99.0897 160.001 -25.1525 -25.9625 27.9897 0.264671 -13 14 1 0 1
-93.5888 44.2498 160.001 -14.7747 10.9017 31.1815 2.41539 -13 40 1 0 1
-101.925 -10.4302 160.001 -23.3619 -1.32136 38.6345 2.33513 -13 45 1 0 1
-128.954 10.5575 160.001 -25.4135 3.32508 32.2038 1.47642 -13 157 1 0 1
-116.701 -49.7772 160.001 -26.9076 -19.1757 37.8411 1.6052 -13 174 1 0 1
-134.211 80.8535 160.001 -19.7553 16.6826 23.302 0.165725 -13 228 1 0 1
-131.895 -8.73697 160.001 -33.8239 -5.11404 37.9054 0.722828 -13 245 1 0 1
-133.25 -27.9647 160.001 -31.6465 -8.09528 36.8467 -0.0146602 -13 250 1 0 1
-139.458 22.1901 160.001 -34.0974 9.01605 38.0532 2.73548 -13 270 1 0 1
-142.435 -48.064 160.001 -25.5389 -10.8198 26.5113 1.1489 -13 336 1 0 1
-123.405 -39.7692 160.001 -26.0754 -8.59716 33.7326 3.27365 -13 569 1 0 1
-140.351 -78.4483 160.001 -25.9752 -17.8731 29.3112 1.38318 -13 643 1 0 1
-133.206 16.3741 160.001 -35.5127 6.01318 42.3356 1.20984 -13 781 1 0 1
-116.567 -34.5837 160.001 -26.1073 -11.0888 36.2148 -0.328281 -13 817 1 0 1
-130.266 40.2674 160.001 -29.4511 18.754 31.4959 2.27996 -13 829 1 0 1
-116.847 -64.2556 160.001 -25.591 -20.8629 34.5454 1.80655 -13 998 1 0 1
