#BLTrackFile NTuple/Z36
#x y z Px Py Pz t PDGid EventID TrackID ParentID Weight
#mm mm mm MeV/c MeV/c MeV/c ns - - - - -
-10.9403 -2.42249 35.5564 -45.5435 -3.16135 65.2993 -0.973211 -13 1 1 0 1
-2.42301 3.67911 35.5564 -29.3637 -1.86233 75.5271 0.133294 -13 2 1 0 1
-7.94171 -0.461772 35.5564 -38.1693 -1.94029 69.8583 1.07483 -13 3 1 0 1
-11.9976 -3.07801 35.5564 -50.4 -3.0609 62.4102 0.543568 -13 4 1 0 1
-14.7084 2.42242 35.5564 -48.6793 1.16089 63.6242 0.667222 -13 5 1 0 1
-9.68201 -2.20186 35.5564 -43.2381 -2.74427 67.3388 -0.592378 -13 6 1 0 1
-8.48334 -2.85672 35.5564 -34.6093 -5.92409 72.3302 -0.726822 -13 7 1 0 1
-9.50416 0.45125 35.5564 -33.104 10.811 72.7389 0.074476 -13 8 1 0 1
-5.62196 2.42374 35.5564 -28.0408 8.25847 73.497 1.26918 -13 9 1 0 1
-9.67569 -1.757 35.5564 -38.6642 -1.31207 70.2795 0.862288 -13 10 1 0 1
-6.28953 3.46816 35.5564 -34.1364 8.56544 72.0301 -0.346157 -13 11 1 0 1
-11.3039 -4.17606 35.5564 -41.0326 -15.6605 67.9258 1.85399 -13 12 1 0 1
-5.48225 4.12845 35.5564 -21.3332 10.067 75.3732 -0.744049 -13 13 1 0 1
-3.69612 -3.23944 35.5564 -24.4057 -2.82843 75.5212 -1.36214 -13 14 1 0 1
-6.65475 -3.13241 35.5564 -31.4198 -8.10305 74.4538 1.64748 -13 15 1 0 1
0.891148 -7.25434 35.5564 -9.7935 -24.4969 76.713 2.28999 -13 16 1 0 1
-8.56011 2.70716 35.5564 -35.3252 11.0977 71.8135 -0.488674 -13 17 1 0 1
-11.6446 -2.64951 35.5564 -40.1817 -10.5317 68.5707 1.55868 -13 18 1 0 1
-12.5229 0.527651 35.5564 -46.8224 4.51003 63.1183 0.304278 -13 19 1 0 1
-10.5155 -3.46442 35.5564 -40.7837 -8.2565 68.3429 3.12734 -13 20 1 0 1
-10.3195 -2.04883 35.5564 -30.1477 -6.39714 73.6911 -0.234419 -13 21 1 0 1
-9.02714 -0.110853 35.5564 -34.5937 7.5928 73.2508 -1.03004 -13 22 1 0 1
-10.2809 1.40622 35.5564 -33.8084 1.90735 73.573 0.637028 -13 23 1 0 1
-15.5226 4.29398 35.5564 -49.2872 11.0151 61.8207 0.867494 -13 24 1 0 1
-4.20552 -3.36381 35.5564 -27.4552 -4.1818 75.3224 0.469578 -13 25 1 0 1
-6.77972 4.05097 35.5564 -32.2615 12.8423 73.445 0.0481138 -13 26 1 0 1
-6.765 -3.93498 35.5564 -31.9095 -2.50939 72.7564 1.63522 -13 27 1 0 1
-4.30974 -3.40297 35.5564 -28.9958 -9.62079 75.1969 0.439945 -13 28 1 0 1
-12.7438 0.768123 35.5564 -36.3965 -7.55828 70.0528 -0.381305 -13 29 1 0 1
-8.02989 0.704078 35.5564 -36.337 7.4014 70.2367 1.19603 -13 30 1 0 1
-7.76346 -0.0549351 35.5564 -37.4149 2.90801 69.2958 -0.0845544 -13 31 1 0 1
-11.922 2.30861 35.5564 -43.265 7.36395 66.9946 -0.308193 -13 32 1 0 1
-8.47246 -2.62861 35.5564 -26.8673 -4.50726 75.7882 1.01208 -13 33 1 0 1
-11.0218 -1.3317 35.5564 -43.4548 0.276687 68.0522 -0.429277 -13 34 1 0 1
-13.0464 -4.53501 35.5564 -49.8265 -9.27151 63.3134 2.38708 -13 35 1 0 1
-10.9522 -2.19913 35.5564 -42.2132 0.742213 67.8114 -0.922002 -13 36 1 0 1
-6.06758 -2.43412 35.5564 -36.7261 -10.5812 72.15 -1.26329 -13 37 1 0 1
-8.34281 -1.3868 35.5564 -33.6802 -7.28122 72.1389 1.62273 -13 38 1 0 1
-8.85863 -1.5128 35.5564 -26.9472 -12.4706 74.6243 -1.59795 -13 39 1 0 1
-9.09035 2.40289 35.5564 -34.8415 6.91341 69.7042 0.922143 -13 40 1 0 1
-6.66761 3.92988 35.5564 -30.6278 8.71501 73.1358 0.0142094 -13 41 1 0 1
-6.72817 3.10432 35.5564 -33.5376 3.19355 72.5566 1.43101 -13 42 1 0 1
-10.976 -1.10933 35.5564 -50.5247 -3.52467 61.9536 0.514409 -13 43 1 0 1
-6.0938 1.30306 35.5564 -25.0756 1.26083 76.9788 0.801196 -13 44 1 0 1
-7.28671 -3.6483 35.5564 -20.3679 -6.88783 77.3029 1.12238 -13 45 1 0 1
-6.54487 -1.91344 35.5564 -32.8622 -5.1463 72.0468 0.575955 -13 46 1 0 1
-8.26535 4.30259 35.5564 -34.1672 5.73425 69.6175 1.09806 -13 47 1 0 1
-8.3578 1.25846 35.5564 -37.007 10.9899 68.3527 0.876003 -13 48 1 0 1
-6.75985 -3.02094 35.5564 -33.5973 -19.5579 70.8508 -0.371761 -13 49 1 0 1
-11.1762 -0.76565 35.5564 -36.0116 2.06429 71.1755 -0.520608 -13 50 1 0 1
-7.192 2.05158 35.5564 -36.805 0.37467 69.2246 -0.114781 -13 51 1 0 1
-8.77237 2.62304 35.5564 -34.7111 9.49774 72.9828 0.239781 -13 52 1 0 1
-7.34883 1.31775 35.5564 -28.0789 0.940454 75.8533 -2.19856 -13 53 1 0 1
-9.35833 3.49842 35.5564 -32.7056 6.26642 72.9308 0.1499 -13 54 1 0 1
-7.0558 -1.33564 35.5564 -35.3125 -6.6677 69.9405 1.08007 -13 55 1 0 1
-2.12982 0.177413 35.5564 -17.2537 0.788902 79.1341 -0.825178 -13 56 1 0 1
-9.02151 1.58509 35.5564 -28.0837 -0.52804 74.3513 0.45225 -13 57 1 0 1
-9.85947 -1.2102 35.5564 -38.4056 0.198868 69.7664 -0.241124 -13 58 1 0 1
-7.23537 -4.43287 35.5564 -33.8231 -12.7412 71.0278 2.12806 -13 59 1 0 1
-9.00182 3.51352 35.5564 -33.9395 14.375 69.999 0.413589 -13 60 1 0 1
-7.10267 2.02672 35.5564 -31.421 9.42962 72.503 -0.684979 -13 61 1 0 1
-7.64866 -1.46023 35.5564 -35.7985 1.63498 71.1658 -0.381736 -13 62 1 0 1
-4.75874 -0.265114 35.5564 -18.6655 -1.22354 77.8065 0.257949 -13 63 1 0 1
-7.95451 -0.635413 35.5564 -33.4534 0.0312555 72.4376 0.292267 -13 64 1 0 1
-6.50387 1.89452 35.5564 -30.5649 3.03634 74.1975 -1.28731 -13 65 1 0 1
-8.66018 -1.73099 35.5564 -38.8675 -6.58202 69.712 0.621294 -13 66 1 0 1
-6.64846 -2.22407 35.5564 -28.5707 -2.02215 74.9823 -0.526042 -13 67 1 0 1
-11.9853 7.7198 35.5564 -38.772 16.9406 69.0467 -0.807522 -13 68 1 0 1
-8.79989 -2.94038 35.5564 -35.6816 -9.65767 71.0264 0.154247 -13 69 1 0 1
-7.70093 -0.172111 35.5564 -41.4565 -10.5044 68.9879 0.40701 -13 70 1 0 1
-9.98192 -1.84275 35.5564 -37.2686 -10.9377 71.0435 -1.30212 -13 71 1 0 1
-4.63828 6.96731 35.5564 -25.6134 14.0081 74.1019 1.27361 -13 72 1 0 1
-7.39286 0.031247 35.5564 -37.5187 -5.78637 69.5231 -0.737346 -13 73 1 0 1
-6.5074 2.82475 35.5564 -28.1539 8.95145 73.8557 0.414414 -13 74 1 0 1
-6.91608 3.33595 35.5564 -36.7047 6.54773 70.1348 -2.68483 -13 75 1 0 1
-1.47047 1.00205 35.5564 -28.5546 2.02262 74.5462 -1.54334 -13 76 1 0 1
-10.2916 1.96291 35.5564 -37.9907 -1.97086 68.3017 2.54727 -13 77 1 0 1
-10.3271 -0.736516 35.5564 -38.3594 -5.63641 68.4557 -0.594604 -13 78 1 0 1
-7.28255 -0.477302 35.5564 -32.5125 -2.87982 71.6581 1.60338 -13 79 1 0 1
-7.53171 -2.18877 35.5564 -37.1751 -1.87641 70.231 0.229547 -13 80 1 0 1
-7.44595 -0.827417 35.5564 -36.1356 7.95466 70.267 0.257502 -13 81 1 0 1
-12.7714 -2.28913 35.5564 -44.6963 -3.52679 65.8356 1.39718 -13 82 1 0 1
-8.65276 1.33618 35.5564 -38.161 9.40775 70.9846 0.205987 -13 83 1 0 1
-8.97193 0.877512 35.5564 -37.8429 0.922365 70.712 0.323315 -13 84 1 0 1
-5.53251 0.698862 35.5564 -32.6714 -0.284064 74.941 1.32931 -13 85 1 0 1
-7.30489 -0.262149 35.5564 -34.423 -10.6645 72.6048 0.00272588 -13 86 1 0 1
-11.7019 -1.1124 35.5564 -38.7628 -6.73317 69.6989 1.01525 -13 87 1 0 1
-9.94991 -2.38761 35.5564 -40.9105 -6.09823 68.6404 -0.209435 -13 88 1 0 1
-4.98356 -2.53415 35.5564 -26.2494 -2.46539 75.887 -0.394751 -13 89 1 0 1
-10.5148 3.94469 35.5564 -40.832 9.73743 67.5399 0.0143651 -13 90 1 0 1
-9.70736 -1.79844 35.5564 -38.7613 -6.98791 71.1777 1.06797 -13 91 1 0 1
-7.18564 0.314453 35.5564 -27.7795 1.13629 75.1004 0.159684 -13 92 1 0 1
-8.43884 3.5269 35.5564 -33.5257 5.7053 73.9114 1.01739 -13 93 1 0 1
-7.7619 7.11338 35.5564 -31.2761 19.7947 71.2148 -1.16079 -13 94 1 0 1
-7.90321 0.0206963 35.5564 -36.7226 2.33531 71.1379 0.266277 -13 95 1 0 1
-8.0191 0.742504 35.5564 -33.6461 8.05191 72.1629 -1.61886 -13 96 1 0 1
-12.9008 -1.82664 35.5564 -43.1841 3.47307 67.8483 -0.842985 -13 97 1 0 1
-12.2316 0.0219932 35.5564 -45.5421 5.46608 65.4167 0.648417 -13 98 1 0 1
-7.16633 3.03944 35.5564 -30.4428 8.66652 73.4907 0.699286 -13 99 1 0 1
-4.72217 -5.06034 35.5564 -27.0407 -8.01783 74.7274 -0.669013 -13 100 1 0 1
-2.74464 1.12974 35.5564 -21.6482 -0.628451 77.4973 -0.470724 -13 101 1 0 1
-3.92865 0.799202 35.5564 -25.2918 1.19564 75.2015 0.117503 -13 102 1 0 1
-4.64104 0.284573 35.5564 -24.3549 11.0283 74.4298 -2.25072 -13 103 1 0 1
-7.8497 1.36976 35.5564 -35.0934 -0.263258 71.312 -0.0962851 -13 104 1 0 1
-7.67297 1.00217 35.5564 -31.5361 13.4523 72.6221 -1.26139 -13 105 1 0 1
-13.4694 0.532114 35.5564 -47.0599 1.51631 64.693 0.487713 -13 106 1 0 1
-7.04399 -1.73023 35.5564 -35.0389 -5.63141 71.056 -0.837816 -13 107 1 0 1
-4.91345 1.5147 35.5564 -25.4414 12.3245 75.8626 -0.611303 -13 108 1 0 1
-7.23704 1.37122 35.5564 -33.2866 5.33842 73.2295 1.20307 -13 109 1 0 1
-9.50135 0.229118 35.5564 -43.0466 2.02982 66.7756 -0.0380742 -13 110 1 0 1
-7.87908 -3.56682 35.5564 -40.1831 -4.30431 69.0136 -0.0748977 -13 111 1 0 1
-3.952 1.55325 35.5564 -21.6947 -0.571604 76.0952 -1.66307 -13 112 1 0 1
-8.82289 2.10361 35.5564 -33.9802 5.21835 71.8838 0.971278 -13 113 1 0 1
-5.70397 2.63143 35.5564 -27.2969 4.60079 75.2601 0.135589 -13 114 1 0 1
-7.6186 2.9535 35.5564 -27.8371 9.06602 75.0821 0.01217 -13 115 1 0 1
-11.4116 -1.60999 35.5564 -46.0657 -4.69513 63.5003 0.737559 -13 116 1 0 1
-6.04872 -2.78119 35.5564 -26.3533 -4.94151 75.1389 -0.164426 -13 117 1 0 1
-10.9015 2.28159 35.5564 -36.9955 -4.3249 70.3652 -0.240267 -13 118 1 0 1
-6.7243 -1.0509 35.5564 -33.7715 -0.0514311 72.3105 0.710053 -13 119 1 0 1
-9.61443 2.09743 35.5564 -35.0151 8.02798 70.6377 0.00246406 -13 120 1 0 1
-7.78226 -5.066 35.5564 -32.4759 -7.1505 72.1013 1.72175 -13 121 1 0 1
-8.55348 -1.54183 35.5564 -41.7265 -1.35805 69.0887 0.837902 -13 122 1 0 1
-7.11613 -4.41321 35.5564 -34.9205 -11.1742 72.5379 0.955322 -13 123 1 0 1
-5.02288 -0.48017 35.5564 -23.9995 1.50134 76.4806 0.476863 -13 124 1 0 1
-13.3395 -4.64778 35.5564 -46.2048 -13.9815 62.9055 -1.32172 -13 125 1 0 1
-7.67501 1.67903 35.5564 -40.955 -3.05703 68.0405 1.15935 -13 126 1 0 1
-7.906 2.83628 35.5564 -33.2714 3.73493 72.4972 -0.909184 -13 127 1 0 1
-8.66698 0.303293 35.5564 -36.3391 -5.78746 71.3286 0.520794 -13 128 1 0 1
-5.25832 1.37297 35.5564 -24.3435 6.65963 76.9901 -0.297223 -13 129 1 0 1
-8.39352 -0.756621 35.5564 -30.2224 4.56164 73.1139 0.762995 -13 130 1 0 1
-6.86171 2.98559 35.5564 -34.082 8.56011 70.2246 -0.269597 -13 131 1 0 1
-7.87792 1.59234 35.5564 -38.3588 2.72405 70.3941 1.48903 -13 132 1 0 1
-5.47407 -2.91241 35.5564 -27.0739 -10.5848 75.3028 -1.15262 -13 133 1 0 1
-2.55434 2.01418 35.5564 -25.4559 5.11754 75.2684 0.587509 -13 134 1 0 1
-5.20166 3.7104 35.5564 -30.2436 4.25614 73.0713 1.03281 -13 135 1 0 1
-7.35575 2.8676 35.5564 -29.284 2.71488 74.4723 0.204367 -13 136 1 0 1
-10.9928 1.56325 35.5564 -41.3426 2.07332 68.7069 1.68519 -13 137 1 0 1
-8.81057 -4.53047 35.5564 -26.3352 -7.14618 74.5925 0.201979 -13 138 1 0 1
-9.12806 -2.30817 35.5564 -28.4975 -5.13004 73.4919 0.728022 -13 139 1 0 1
-12.2665 4.47641 35.5564 -42.4091 13.9433 65.1152 0.472741 -13 140 1 0 1
-7.23793 -1.17111 35.5564 -27.9185 2.50579 75.4811 0.0318973 -13 141 1 0 1
-1.79385 -0.168587 35.5564 -16.7035 6.13628 78.2831 2.07852 -13 142 1 0 1
-12.8017 -2.34452 35.5564 -48.1307 -7.68782 63.0274 -0.673266 -13 143 1 0 1
-3.57816 0.779661 35.5564 -25.8896 -1.6767 76.7239 3.07305 -13 144 1 0 1
-6.83125 -5.34922 35.5564 -28.5197 -15.5656 72.8615 1.83935 -13 145 1 0 1
-0.482738 -3.47769 35.5564 -15.2358 -5.40444 78.0408 0.373424 -13 146 1 0 1
-9.00261 0.893391 35.5564 -36.9688 2.34768 70.1955 -1.05139 -13 147 1 0 1
-7.18274 -5.06726 35.5564 -34.9159 -8.0199 71.8765 0.405604 -13 148 1 0 1
-4.28822 0.408588 35.5564 -22.2505 -0.389205 75.7215 -0.373651 -13 149 1 0 1
-6.79323 0.662085 35.5564 -32.179 4.4408 73.3108 -0.0323494 -13 150 1 0 1
-5.75286 -0.440548 35.5564 -25.5154 -3.75913 76.1439 1.30733 -13 151 1 0 1
-4.83825 0.726918 35.5564 -25.4054 0.866442 76.3036 2.24407 -13 152 1 0 1
-7.95673 -0.0300513 35.5564 -35.5102 -6.92287 71.4228 -0.361537 -13 153 1 0 1
-10.055 -3.58274 35.5564 -46.0599 -10.1747 64.4465 -1.94899 -13 154 1 0 1
-12.4306 0.384918 35.5564 -46.3555 -1.37928 64.9245 -1.32722 -13 155 1 0 1
-6.07593 -1.77865 35.5564 -22.6441 0.0221861 77.0657 -0.491119 -13 156 1 0 1
-10.911 -1.34924 35.5564 -41.4428 0.59305 68.7393 0.00313688 -13 157 1 0 1
-6.08295 2.94216 35.5564 -38.5527 2.85081 69.4861 1.44026 -13 158 1 0 1
-11.9763 1.41726 35.5564 -41.3228 -0.127051 68.5605 -0.567133 -13 159 1 0 1
-2.03575 1.56087 35.5564 -18.2666 5.38161 76.0505 0.0673693 -13 160 1 0 1
-3.63509 1.96466 35.5564 -25.8908 -0.794808 75.3999 1.65392 -13 161 1 0 1
-8.36105 2.86669 35.5564 -29.8481 7.60212 73.9838 -0.537711 -13 162 1 0 1
-9.30562 1.54705 35.5564 -40.2133 10.6927 68.6404 -1.61551 -13 163 1 0 1
-5.06205 0.213392 35.5564 -27.4936 -4.6794 75.4053 0.125957 -13 164 1 0 1
-13.4267 2.53462 35.5564 -41.3985 3.57349 68.9575 2.11804 -13 165 1 0 1
-14.6292 -2.15333 35.5564 -52.2225 -6.06515 60.3028 -0.133007 -13 166 1 0 1
-6.73011 -3.76979 35.5564 -29.8283 -8.48545 73.7241 0.660134 -13 167 1 0 1
-7.49171 2.38457 35.5564 -42.1782 9.28719 66.7047 1.20012 -13 168 1 0 1
-2.60983 -0.29905 35.5564 -17.7989 -5.2753 77.5493 -0.234156 -13 169 1 0 1
-9.01145 -3.68892 35.5564 -38.5568 -12.5409 67.9682 -0.588505 -13 170 1 0 1
-3.70097 -3.21512 35.5564 -16.879 -3.55369 77.6632 0.712635 -13 171 1 0 1
-8.91132 3.04714 35.5564 -33.9647 4.22794 72.4698 -0.341931 -13 172 1 0 1
-9.47306 0.0421641 35.5564 -35.1594 -1.05002 71.0569 0.194414 -13 173 1 0 1
-6.67337 3.14806 35.5564 -32.2533 0.603217 73.8268 0.310377 -13 174 1 0 1
-12.2369 1.42342 35.5564 -36.7979 2.72871 69.7723 0.971387 -13 175 1 0 1
-13.3872 -1.63334 35.5564 -42.8047 -9.20641 68.0644 -0.147207 -13 176 1 0 1
-2.35915 0.5611 35.5564 -14.6766 0.309293 78.2351 -0.364095 -13 177 1 0 1
-8.4344 -3.60218 35.5564 -31.8131 -6.68661 72.8058 -0.556691 -13 178 1 0 1
-6.74591 -2.10535 35.5564 -33.6822 -11.568 71.0658 -0.685048 -13 179 1 0 1
-5.59271 -0.292177 35.5564 -23.6894 0.520156 77.1494 1.56059 -13 180 1 0 1
-9.80274 1.40847 35.5564 -32.1935 2.3494 72.5283 -1.48137 -13 181 1 0 1
-12.7472 -0.219612 35.5564 -40.2486 0.88887 69.0627 -0.906183 -13 182 1 0 1
-8.61916 2.12867 35.5564 -28.674 16.714 73.5078 0.0017262 -13 183 1 0 1
-12.1903 1.17829 35.5564 -43.358 -1.95665 66.1638 0.0575647 -13 184 1 0 1
-11.0088 0.0404528 35.5564 -40.1703 -4.47882 69.5584 -0.734651 -13 185 1 0 1
-10.0446 0.67669 35.5564 -34.0702 5.38465 70.713 -0.662381 -13 186 1 0 1
-8.77837 -0.272951 35.5564 -26.785 -4.01529 76.4432 -0.417509 -13 187 1 0 1
-6.17193 -3.52409 35.5564 -32.6228 -1.50662 73.8145 1.2044 -13 188 1 0 1
-10.2705 -1.63739 35.5564 -47.2949 -5.43824 64.5765 0.27432 -13 189 1 0 1
-7.53993 0.147703 35.5564 -21.0207 -5.18876 76.5655 1.66424 -13 190 1 0 1
-12.5497 1.86103 35.5564 -43.8765 5.18493 67.4085 1.95509 -13 191 1 0 1
-6.42524 -0.549889 35.5564 -39.4105 5.79669 69.8611 0.933732 -13 192 1 0 1
-11.4718 0.950977 35.5564 -37.8983 -4.65776 68.4396 -1.04527 -13 193 1 0 1
-8.12372 1.2422 35.5564 -37.0648 8.20426 70.7362 -0.18535 -13 194 1 0 1
-7.17596 0.99161 35.5564 -30.5351 3.25612 73.3921 2.30139 -13 195 1 0 1
-2.41254 1.2664 35.5564 -31.6635 -4.51805 74.1128 2.65548 -13 196 1 0 1
-8.66261 -3.96864 35.5564 -35.6343 -9.99824 71.2873 -0.871448 -13 197 1 0 1
-4.08578 0.0786821 35.5564 -19.2139 0.985451 77.5151 -0.600422 -13 198 1 0 1
-17.5528 10.0261 35.5564 -53.186 18.288 57.9226 -1.54505 -13 199 1 0 1
-7.94381 1.8909 35.5564 -30.1217 8.58215 72.3625 0.679147 -13 200 1 0 1
-12.4612 -0.0592626 35.5564 -47.9311 -3.68936 64.3526 0.391963 -13 201 1 0 1
-6.48479 -0.0988517 35.5564 -29.183 -3.51162 74.2455 -0.81817 -13 202 1 0 1
-7.21836 1.10405 35.5564 -31.4328 -1.19954 74.0106 0.311844 -13 203 1 0 1
-9.84822 0.805719 35.5564 -30.7498 -7.63684 73.2317 -1.78511 -13 204 1 0 1
-7.46978 3.31848 35.5564 -29.3225 2.29077 74.1001 1.43189 -13 205 1 0 1
-16.0106 1.43581 35.5564 -58.2924 1.55078 51.9671 0.311112 -13 206 1 0 1
-15.5674 -4.62963 35.5564 -49.4447 -11.7962 61.851 -1.01566 -13 207 1 0 1
-12.1268 1.17575 35.5564 -46.4057 4.18459 65.083 -0.215882 -13 208 1 0 1
-11.1748 1.46892 35.5564 -32.8947 6.00285 72.9048 -0.0365021 -13 209 1 0 1
-5.59102 -0.210702 35.5564 -21.5166 1.94882 76.6417 -0.396412 -13 210 1 0 1
-10.9141 4.17122 35.5564 -33.5937 8.28489 72.109 0.562497 -13 211 1 0 1
-9.62986 7.19883 35.5564 -42.2944 18.9883 64.5434 2.1719 -13 212 1 0 1
-13.2007 3.52123 35.5564 -45.6861 7.15182 66.4841 -1.27724 -13 213 1 0 1
-7.03391 3.27065 35.5564 -36.8787 5.73337 71.9294 1.10843 -13 214 1 0 1
-7.37261 -0.837778 35.5564 -36.7002 -10.9777 70.4954 1.81675 -13 215 1 0 1
-5.25471 -0.622895 35.5564 -30.2279 -1.01358 72.5477 1.21397 -13 216 1 0 1
-0.946086 -2.65916 35.5564 -10.2018 0.522501 78.9212 -0.97815 -13 217 1 0 1
-7.90677 -0.454172 35.5564 -35.6389 -1.77715 71.9758 0.243122 -13 218 1 0 1
-8.18769 -1.46659 35.5564 -40.7175 -3.92743 70.4019 0.145826 -13 219 1 0 1
-5.80351 3.41296 35.5564 -31.8855 5.3344 72.6478 2.4793 -13 220 1 0 1
-8.23881 4.02054 35.5564 -30.2953 7.78248 75.3893 1.0217 -13 221 1 0 1
-9.19402 3.9947 35.5564 -40.6953 12.3547 68.7803 -0.681188 -13 222 1 0 1
-8.47408 -3.01812 35.5564 -35.9738 -3.49908 71.0705 1.10151 -13 223 1 0 1
-9.33351 -1.33964 35.5564 -37.5847 -1.86695 71.3703 -0.366347 -13 224 1 0 1
-7.18547 2.42732 35.5564 -24.6599 8.14796 75.0303 -0.53033 -13 225 1 0 1
-5.35239 0.49657 35.5564 -23.9233 4.13609 75.9575 -0.216557 -13 226 1 0 1
-7.28792 0.154683 35.5564 -32.2195 -1.49601 73.7395 0.128301 -13 227 1 0 1
-6.23394 0.555061 35.5564 -37.2903 0.71222 69.3619 -1.77736 -13 228 1 0 1
-9.97677 2.54268 35.5564 -43.4081 1.24561 65.5911 0.380276 -13 229 1 0 1
-6.44592 -5.96141 35.5564 -25.7009 -16.6869 72.6624 -0.30653 -13 230 1 0 1
-1.92516 3.30709 35.5564 -18.8599 16.8575 76.3555 1.33805 -13 231 1 0 1
-6.47806 1.20218 35.5564 -29.5998 2.77319 73.8824 0.956523 -13 232 1 0 1
-13.3423 1.49741 35.5564 -47.8337 2.1847 63.9535 -1.34174 -13 233 1 0 1
-6.41273 2.19613 35.5564 -32.0406 6.61603 73.498 -0.496252 -13 234 1 0 1
-5.22269 2.0444 35.5564 -32.0042 -0.386605 73.442 0.410663 -13 235 1 0 1
-14.5957 -0.971117 35.5564 -49.7356 -7.83317 61.6142 1.4078 -13 236 1 0 1
-4.04705 -1.68748 35.5564 -20.405 -1.11372 77.049 0.861846 -13 237 1 0 1
-10.7673 0.102871 35.5564 -40.9635 -0.654986 68.1398 0.210516 -13 238 1 0 1
-10.5348 -1.54528 35.5564 -43.954 2.50528 66.8699 1.41297 -13 239 1 0 1
-4.93888 3.98931 35.5564 -21.506 12.1203 76.9299 -0.300328 -13 240 1 0 1
-8.80311 1.30097 35.5564 -28.4131 4.81089 73.9624 0.766124 -13 241 1 0 1
-12.5008 0.767479 35.5564 -42.6013 -4.07166 65.9421 1.95396 -13 242 1 0 1
-6.68247 -4.36179 35.5564 -32.3262 -7.91645 72.5427 0.0216948 -13 243 1 0 1
-4.9777 0.506058 35.5564 -32.408 1.24971 73.7303 0.816211 -13 244 1 0 1
-3.57551 0.227441 35.5564 -26.3015 9.92918 76.585 -0.55765 -13 245 1 0 1
-7.04897 1.40776 35.5564 -34.605 11.1079 70.5761 -0.0526375 -13 246 1 0 1
-7.33911 -3.60873 35.5564 -32.1812 -5.05953 72.366 -0.194209 -13 247 1 0 1
-10.872 -4.33371 35.5564 -42.5909 -11.0752 66.4256 0.826162 -13 248 1 0 1
-2.09723 4.70839 35.5564 -18.1389 4.92447 75.6252 -0.810301 -13 249 1 0 1
-6.24038 -1.60451 35.5564 -32.0761 -5.44773 72.1063 -1.35028 -13 250 1 0 1
-4.47311 5.14128 35.5564 -23.8765 4.97753 77.4327 -0.887081 -13 251 1 0 1
-4.17305 0.23052 35.5564 -22.7513 -2.57479 77.2144 0.411375 -13 252 1 0 1
-9.03909 2.06832 35.5564 -40.477 10.8366 66.6843 -1.19052 -13 253 1 0 1
-4.99923 2.73889 35.5564 -22.564 10.231 78.5458 -0.373025 -13 254 1 0 1
-7.1384 -0.80942 35.5564 -38.5544 3.07625 70.7002 0.115616 -13 255 1 0 1
-10.9044 0.784047 35.5564 -37.6447 2.26562 68.9006 -0.804006 -13 256 1 0 1
-8.40296 -2.6062 35.5564 -30.6907 -12.2449 72.7627 -0.153403 -13 257 1 0 1
-4.57002 -0.110198 35.5564 -24.6192 -2.88009 76.0633 0.26987 -13 258 1 0 1
-11.2217 4.84572 35.5564 -39.4133 8.39907 69.381 -1.03426 -13 259 1 0 1
-10.2651 0.948186 35.5564 -43.1846 -2.62067 68.2668 -0.131251 -13 260 1 0 1
-7.03354 2.35297 35.5564 -30.4914 6.12392 73.7169 -0.984105 -13 261 1 0 1
-10.0262 -3.19115 35.5564 -38.3371 -7.38138 71.1136 2.26019 -13 262 1 0 1
-5.54642 -1.15794 35.5564 -26.6692 -3.7731 74.9339 -1.33063 -13 263 1 0 1
-9.10806 -3.41678 35.5564 -33.2014 -8.77781 71.5657 -0.081185 -13 264 1 0 1
-3.73926 3.77681 35.5564 -21.958 14.9272 76.6198 0.850447 -13 265 1 0 1
-5.31782 2.50031 35.5564 -29.7248 2.33577 75.3126 0.749214 -13 266 1 0 1
-8.50488 1.42993 35.5564 -35.9956 -3.19933 69.5039 -0.13689 -13 267 1 0 1
-6.42884 -0.482649 35.5564 -24.5731 4.79957 75.6801 -0.980037 -13 268 1 0 1
-8.97584 3.07072 35.5564 -43.5383 0.658681 67.7254 0.65669 -13 269 1 0 1
-9.11796 -0.25887 35.5564 -36.836 -7.17507 71.0856 1.42262 -13 270 1 0 1
-4.63003 -1.03963 35.5564 -32.209 -9.04724 73.6804 -0.657436 -13 271 1 0 1
-7.02812 -1.82678 35.5564 -31.6511 -7.54338 73.4455 1.74613 -13 272 1 0 1
-16.7737 -0.545047 35.5564 -51.4001 -2.9422 59.4045 2.98328 -13 273 1 0 1
-8.01754 -1.34763 35.5564 -35.654 2.15822 71.6935 -1.86839 -13 274 1 0 1
-2.60247 1.61338 35.5564 -17.5467 -0.148603 77.3403 -0.149322 -13 275 1 0 1
-9.02753 -1.08967 35.5564 -28.7021 -8.37722 74.3231 -0.274665 -13 276 1 0 1
-5.43793 1.16284 35.5564 -24.7662 0.626055 76.1031 1.32684 -13 277 1 0 1
-14.0942 -1.03977 35.5564 -48.178 -3.12709 64.4967 1.73092 -13 278 1 0 1
-11.0003 0.449487 35.5564 -43.758 -8.62571 66.5558 -2.29647 -13 279 1 0 1
-5.65837 3.21743 35.5564 -27.5841 5.9538 74.8817 0.395121 -13 280 1 0 1
-5.46171 -2.64389 35.5564 -30.2064 -3.24883 74.1983 -1.13307 -13 281 1 0 1
-7.99484 1.74865 35.5564 -29.4288 10.5362 74.2038 -0.697645 -13 282 1 0 1
-4.47046 -2.97161 35.5564 -20.5049 -8.91897 76.6085 -1.4697 -13 283 1 0 1
-10.3652 0.597016 35.5564 -36.6219 -6.02395 69.5865 -0.201476 -13 284 1 0 1
-11.9015 -1.17776 35.5564 -44.0036 0.693452 65.8661 -0.326684 -13 285 1 0 1
-11.1707 -6.02523 35.5564 -43.9438 -2.7325 67.3297 -1.28294 -13 286 1 0 1
-9.20939 1.50888 35.5564 -34.1558 -1.93144 70.7699 -1.46337 -13 287 1 0 1
-7.51374 11.1681 35.5564 -38.2472 34.5726 61.0495 -0.0907688 -13 288 1 0 1
-8.51697 4.08126 35.5564 -41.9673 11.9866 68.7571 0.635452 -13 289 1 0 1
-4.26024 -6.67537 35.5564 -17.4135 -20.6231 76.0038 0.283345 -13 290 1 0 1
-6.30957 -2.4411 35.5564 -35.8983 -10.1933 70.0189 0.61822 -13 291 1 0 1
-7.6823 1.37722 35.5564 -37.4236 6.80037 70.2081 -0.101461 -13 292 1 0 1
-11.3999 4.10847 35.5564 -39.6803 20.3218 66.989 2.20795 -13 293 1 0 1
-0.71883 0.896288 35.5564 -18.1604 13.457 77.2393 1.75044 -13 294 1 0 1
-6.09419 1.18483 35.5564 -29.7909 1.95115 73.7636 0.236577 -13 295 1 0 1
-14.6588 3.34711 35.5564 -47.9744 8.50191 63.1054 -0.110014 -13 296 1 0 1
-5.13549 0.674709 35.5564 -22.8652 -2.33367 76.1728 2.6771 -13 297 1 0 1
-7.92588 1.64479 35.5564 -35.7349 -0.870185 70.9842 -1.70497 -13 298 1 0 1
-11.4598 2.49201 35.5564 -39.1719 16.9186 68.0699 2.88136 -13 299 1 0 1
-5.46586 1.89869 35.5564 -27.073 -2.29869 75.0999 1.23028 -13 300 1 0 1
-9.54155 1.07131 35.5564 -37.5079 -2.89871 72.0862 -0.61819 -13 301 1 0 1
-13.2648 -2.48437 35.5564 -47.2561 -0.965415 63.4013 0.400238 -13 302 1 0 1
-9.41573 0.881817 35.5564 -37.5769 9.79658 68.8784 0.161807 -13 303 1 0 1
-8.46826 2.08709 35.5564 -36.4548 11.4909 69.3034 0.688669 -13 304 1 0 1
-15.9469 1.07985 35.5564 -48.386 5.04507 63.0943 1.34458 -13 305 1 0 1
-8.62011 -0.0679541 35.5564 -36.9964 -4.54543 71.9749 -0.890073 -13 306 1 0 1
-7.45797 -3.68134 35.5564 -35.1544 -19.8492 68.7313 -1.1409 -13 307 1 0 1
-9.69226 -3.19012 35.5564 -42.7405 -8.63011 67.0668 0.246999 -13 308 1 0 1
-9.0536 1.27789 35.5564 -37.9422 4.20385 69.0979 -0.705259 -13 309 1 0 1
-3.61413 -3.18582 35.5564 -26.9284 -8.70807 73.5302 -0.243947 -13 310 1 0 1
-5.16759 -4.35287 35.5564 -20.1092 0.366425 76.3578 -1.54281 -13 311 1 0 1
-9.38274 2.71372 35.5564 -40.6475 10.2287 68.0663 -0.00584136 -13 312 1 0 1
-9.88168 1.23045 35.5564 -42.7501 2.15661 68.1527 1.09002 -13 313 1 0 1
-6.29945 -0.192377 35.5564 -33.4924 0.224754 72.2221 -0.448334 -13 314 1 0 1
-6.3188 -2.03925 35.5564 -28.9607 1.16947 74.4024 -1.32807 -13 315 1 0 1
-8.81044 -7.25124 35.5564 -32.5266 -21.7881 68.6237 -1.10932 -13 316 1 0 1
-8.57417 -5.68447 35.5564 -35.5512 -17.728 69.0356 0.895996 -13 317 1 0 1
-7.11973 -1.5027 35.5564 -34.1985 -0.475848 71.8526 -1.27532 -13 318 1 0 1
-8.41603 2.22013 35.5564 -38.511 13.6661 67.8367 2.15932 -13 319 1 0 1
-3.0903 -0.304555 35.5564 -24.2547 -0.605395 76.7564 0.725488 -13 320 1 0 1
-3.70599 4.86313 35.5564 -19.4008 12.6632 77.8994 -1.54788 -13 321 1 0 1
-7.22949 0.63333 35.5564 -43.6286 4.06894 67.1923 2.00838 -13 322 1 0 1
-3.57552 -4.60249 35.5564 -28.2076 -4.07783 74.5155 0.35806 -13 323 1 0 1
-7.31344 4.62795 35.5564 -32.8915 13.5558 71.9542 -0.551006 -13 324 1 0 1
-7.48335 -0.190688 35.5564 -36.6861 -2.40867 70.9636 0.119362 -13 325 1 0 1
-9.91718 -0.452307 35.5564 -39.9943 -3.26385 67.741 0.0732368 -13 326 1 0 1
-12.0842 -3.43219 35.5564 -40.8609 -13.2623 65.6699 0.297794 -13 327 1 0 1
-8.49909 0.608734 35.5564 -33.5809 -11.0171 72.213 -1.40966 -13 328 1 0 1
-8.31274 1.61204 35.5564 -36.9513 8.57545 70.7164 1.2155 -13 329 1 0 1
-3.60949 -2.72698 35.5564 -29.0167 -2.97467 75.3673 -0.715459 -13 330 1 0 1
-8.20625 4.82081 35.5564 -38.6103 3.83954 69.6072 -1.4454 -13 331 1 0 1
-10.7398 -0.961407 35.5564 -33.5005 4.77086 72.7703 -1.22455 -13 332 1 0 1
-7.20972 -0.763013 35.5564 -27.418 1.49421 75.0034 4.12859 -13 333 1 0 1
-11.5822 -0.265075 35.5564 -43.2847 1.07108 67.9695 0.444827 -13 334 1 0 1
-8.6378 -4.07284 35.5564 -36.1229 -12.865 71.0731 0.445535 -13 335 1 0 1
-5.01825 -2.84753 35.5564 -30.3569 -6.52968 72.7702 -0.552572 -13 336 1 0 1
-12.0971 -1.2733 35.5564 -43.1854 -3.17221 66.6586 -2.33452 -13 337 1 0 1
-5.01531 2.80492 35.5564 -24.6211 0.208457 75.1778 0.95569 -13 338 1 0 1
-7.41526 -3.93172 35.5564 -28.1269 -9.9246 73.0766 0.427375 -13 339 1 0 1
-8.1448 0.603576 35.5564 -36.4881 4.54799 71.5091 0.312633 -13 340 1 0 1
-4.31723 1.04677 35.5564 -30.5571 -3.49009 75.1836 0.0695621 -13 341 1 0 1
-8.07965 1.64007 35.5564 -39.1063 8.06971 68.8778 0.732161 -13 342 1 0 1
-5.85205 0.317717 35.5564 -28.3341 -7.51902 74.9376 -0.279177 -13 343 1 0 1
-5.09685 -2.43861 35.5564 -21.438 1.46596 77.714 -0.269173 -13 344 1 0 1
-6.46744 -2.18033 35.5564 -31.8887 -2.30573 74.1071 -0.750412 -13 345 1 0 1
-13.5526 -1.45711 35.5564 -48.0741 -4.09763 62.824 0.686203 -13 346 1 0 1
-11.4163 -1.34349 35.5564 -44.1125 -3.48657 67.3484 -0.733663 -13 347 1 0 1
-9.46436 -2.34658 35.5564 -34.4865 3.73256 71.6179 -0.441092 -13 348 1 0 1
-7.85245 3.22519 35.5564 -31.7334 6.473 70.7495 0.915769 -13 349 1 0 1
-6.7316 -2.72754 35.5564 -31.0475 -6.33776 73.1532 0.863094 -13 350 1 0 1
-9.27734 -4.01193 35.5564 -27.4419 -13.9271 73.3027 -0.358355 -13 351 1 0 1
-10.2707 1.93977 35.5564 -42.6986 2.41525 67.2592 -1.44341 -13 352 1 0 1
-11.6417 0.849261 35.5564 -43.8604 0.086491 66.498 -0.135731 -13 353 1 0 1
-8.80677 4.68699 35.5564 -34.3807 9.15477 71.5026 0.459272 -13 354 1 0 1
-9.14872 1.91094 35.5564 -42.3958 6.70699 67.6767 -0.367806 -13 355 1 0 1
-5.48271 1.20035 35.5564 -25.0862 9.55366 75.5156 0.345084 -13 356 1 0 1
-5.03292 -1.98396 35.5564 -20.8636 -3.02993 77.6766 0.0318936 -13 357 1 0 1
-5.47538 1.91086 35.5564 -24.408 12.3811 74.2637 0.645998 -13 358 1 0 1
-5.75616 -2.81818 35.5564 -27.2766 0.11151 75.8378 0.526889 -13 359 1 0 1
-10.0744 -1.62218 35.5564 -44.316 -3.89424 67.9546 -0.505296 -13 360 1 0 1
-4.68142 -0.57481 35.5564 -32.4283 2.7046 72.3377 -0.0269419 -13 361 1 0 1
-12.1298 0.453009 35.5564 -45.1433 -3.72309 66.1455 -2.69156 -13 362 1 0 1
-6.9301 -0.174715 35.5564 -36.8226 3.65902 70.7245 -0.20787 -13 363 1 0 1
-3.28967 -3.28623 35.5564 -23.4498 -7.25522 75.7636 0.320768 -13 364 1 0 1
-7.5799 0.442148 35.5564 -28.1604 5.18064 74.603 -1.86031 -13 365 1 0 1
-7.90816 -1.13445 35.5564 -27.507 -4.33005 74.7993 2.26066 -13 366 1 0 1
-6.60179 1.6268 35.5564 -22.6982 -3.64944 77.4794 1.31192 -13 367 1 0 1
-10.3481 -0.0243703 35.5564 -40.7898 3.39987 69.7038 0.635618 -13 368 1 0 1
-7.46747 1.15714 35.5564 -31.6322 7.92105 72.1678 -1.01997 -13 369 1 0 1
-11.1637 -0.269643 35.5564 -45.5984 -2.20865 64.8644 0.96349 -13 370 1 0 1
-11.9446 -0.675049 35.5564 -43.9317 0.677065 67.6751 2.4815 -13 371 1 0 1
-12.69 -0.1722 35.5564 -41.9353 -10.7057 67.7023 0.879634 -13 372 1 0 1
-15.452 -3.13532 35.5564 -51.0891 -10.882 59.9848 0.797827 -13 373 1 0 1
-9.95409 -2.40749 35.5564 -44.6446 -3.76483 66.4365 0.737829 -13 374 1 0 1
-13.6687 2.30519 35.5564 -53.3213 9.13363 59.3254 -1.27737 -13 375 1 0 1
-8.80163 -2.72544 35.5564 -38.8839 -7.94703 68.6767 0.567428 -13 376 1 0 1
-1.24895 -0.516052 35.5564 -23.0521 -5.96772 77.2919 1.28467 -13 377 1 0 1
-9.98124 3.11503 35.5564 -34.4334 -0.53839 73.1479 2.2284 -13 378 1 0 1
-9.95128 -2.25199 35.5564 -41.0872 -12.0683 68.2226 0.736137 -13 379 1 0 1
-10.3302 -1.28584 35.5564 -35.6186 -11.1705 70.8053 -0.696787 -13 380 1 0 1
-4.99358 -0.558053 35.5564 -23.8933 5.98781 75.2567 1.23198 -13 381 1 0 1
-4.32528 -2.84721 35.5564 -28.306 -8.96251 73.8907 -0.238784 -13 382 1 0 1
-10.1289 2.10699 35.5564 -37.0102 3.83766 69.9482 1.38704 -13 383 1 0 1
-6.36413 1.90453 35.5564 -26.6479 0.708401 76.8137 -1.27664 -13 384 1 0 1
-11.0171 0.257393 35.5564 -42.7424 -5.30888 67.7118 1.87544 -13 385 1 0 1
-5.92935 1.52505 35.5564 -30.8264 2.38618 73.8191 2.02654 -13 386 1 0 1
-8.85959 -2.88206 35.5564 -40.1489 -10.8472 69.2029 0.228683 -13 387 1 0 1
-13.7541 0.559405 35.5564 -44.7463 3.47234 65.3339 -0.684544 -13 388 1 0 1
-7.16871 -1.53913 35.5564 -31.4104 -0.722656 73.3126 1.12215 -13 389 1 0 1
-9.96319 -0.489381 35.5564 -38.154 -3.36591 71.9129 0.83926 -13 390 1 0 1
-5.45228 2.28657 35.5564 -22.6643 5.49143 77.0809 -0.181975 -13 391 1 0 1
-11.2672 1.90355 35.5564 -39.8311 -3.52863 69.3906 0.285912 -13 392 1 0 1
-11.3764 -3.12648 35.5564 -34.1903 -6.81105 72.0317 1.52866 -13 393 1 0 1
-5.04002 5.19839 35.5564 -25.8202 12.1796 74.4668 -0.723535 -13 394 1 0 1
-10.1067 3.59852 35.5564 -43.7052 15.5129 66.0971 -1.54211 -13 395 1 0 1
-1.81628 3.11757 35.5564 -17.963 3.40447 78.2888 -0.0673349 -13 396 1 0 1
-6.79041 -2.60127 35.5564 -30.0306 -4.17671 73.104 1.34909 -13 397 1 0 1
-3.33104 -1.17151 35.5564 -22.8429 -5.70263 76.2631 0.955454 -13 398 1 0 1
-9.02713 -3.761 35.5564 -40.8724 -6.73838 68.2031 2.15287 -13 399 1 0 1
-7.19225 -2.33911 35.5564 -31.9607 4.97643 72.7132 0.0663502 -13 400 1 0 1
-4.43993 -2.551 35.5564 -28.6154 -5.61741 74.5115 -0.124479 -13 401 1 0 1
-7.45934 -1.83633 35.5564 -30.2642 -6.93399 74.0906 -0.215481 -13 402 1 0 1
-9.90667 -5.77734 35.5564 -41.1144 -22.9367 67.1223 0.336006 -13 403 1 0 1
-8.15821 -1.90354 35.5564 -35.135 -11.4956 70.7444 1.31208 -13 404 1 0 1
-12.7417 1.04083 35.5564 -37.8953 0.326174 70.7092 -2.49892 -13 405 1 0 1
-8.05408 -0.157675 35.5564 -33.8748 -7.64013 70.765 -0.489967 -13 406 1 0 1
-5.98555 -1.75864 35.5564 -29.93 -0.977694 74.1829 1.37865 -13 407 1 0 1
-6.11236 0.460608 35.5564 -26.0356 3.76248 76.0593 1.88084 -13 408 1 0 1
-6.68064 1.38751 35.5564 -30.3682 3.45105 74.6335 0.412776 -13 409 1 0 1
-8.82141 -0.948164 35.5564 -41.9287 -2.74295 69.1689 -2.45982 -13 410 1 0 1
-9.68818 4.35179 35.5564 -33.3707 4.31188 72.8854 0.598653 -13 411 1 0 1
-9.88666 -5.37436 35.5564 -40.4321 -15.7002 68.4391 1.36598 -13 412 1 0 1
-8.0059 3.4333 35.5564 -41.2657 6.47955 69.207 0.20437 -13 413 1 0 1
-11.2834 0.57024 35.5564 -40.2173 4.02933 70.5685 1.07986 -13 414 1 0 1
-7.34633 0.919371 35.5564 -30.7009 5.33976 72.4885 0.425431 -13 415 1 0 1
-6.5583 -2.97316 35.5564 -21.8691 -3.15002 76.3473 4.88505 -13 416 1 0 1
-8.0118 -4.00926 35.5564 -29.1149 -6.27513 71.9453 -0.0838324 -13 417 1 0 1
-7.58146 0.345023 35.5564 -35.5951 -3.21729 70.8511 1.57679 -13 418 1 0 1
-6.3374 1.28973 35.5564 -29.7773 4.22729 73.3541 0.602662 -13 419 1 0 1
-7.62384 0.524089 35.5564 -25.993 7.17548 75.5386 1.35826 -13 420 1 0 1
-8.11166 -2.09542 35.5564 -38.6678 -10.9233 69.8121 -0.328986 -13 421 1 0 1
-5.65827 4.79829 35.5564 -28.8623 16.0797 72.5777 0.488624 -13 422 1 0 1
-12.5964 -1.8394 35.5564 -42.3012 2.52071 67.8038 -0.162082 -13 423 1 0 1
-9.35888 5.03496 35.5564 -32.1319 6.68729 72.8744 0.687304 -13 424 1 0 1
-8.88968 -0.00321793 35.5564 -36.1773 2.29428 72.5654 0.0317761 -13 425 1 0 1
-7.92657 -0.743116 35.5564 -39.3491 3.4303 67.8803 -1.30948 -13 426 1 0 1
-5.07443 1.93876 35.5564 -26.2915 10.1436 73.5201 -0.440477 -13 427 1 0 1
-9.62664 2.56885 35.5564 -38.7304 13.675 68.0601 0.483492 -13 428 1 0 1
-8.71488 -2.36115 35.5564 -33.2872 -10.5789 71.524 -0.0310071 -13 429 1 0 1
-13.8238 5.99311 35.5564 -50.136 16.311 58.7543 -1.58474 -13 430 1 0 1
-5.71828 -1.58906 35.5564 -34.2586 -5.76139 71.0729 2.0012 -13 431 1 0 1
-6.96414 1.81213 35.5564 -33.3458 10.0807 73.0071 2.03947 -13 432 1 0 1
-6.95085 -0.633254 35.5564 -34.7529 -9.44951 70.5733 1.47712 -13 433 1 0 1
-7.25804 0.541658 35.5564 -30.3738 9.40214 73.3336 0.193887 -13 434 1 0 1
-1.04982 -0.673211 35.5564 -13.398 -4.91331 79.2085 1.12716 -13 435 1 0 1
-5.78556 -0.249699 35.5564 -18.2673 7.13891 77.2818 0.266943 -13 436 1 0 1
-6.691 -3.37311 35.5564 -32.0776 -7.74031 71.4432 -2.22312 -13 437 1 0 1
-14.2609 -3.64699 35.5564 -45.6538 -8.54524 65.8787 2.02796 -13 438 1 0 1
-6.13609 -4.55938 35.5564 -29.978 -9.09099 73.8002 -1.04818 -13 439 1 0 1
-5.27711 1.87152 35.5564 -25.7818 7.88708 76.688 0.286691 -13 440 1 0 1
-10.7373 -0.612426 35.5564 -44.1005 -2.31686 65.6227 1.46356 -13 441 1 0 1
-7.45084 -5.82737 35.5564 -33.5751 -8.8786 72.6485 -0.0567053 -13 442 1 0 1
-9.33672 -1.73128 35.5564 -35.8362 4.46293 71.6585 1.10495 -13 443 1 0 1
-1.58782 -1.43231 35.5564 -19.7427 -1.4773 77.4977 1.05688 -13 444 1 0 1
-2.706 3.00746 35.5564 -22.4289 0.726584 76.3778 0.146692 -13 445 1 0 1
-7.60217 -4.12348 35.5564 -35.8024 -5.71613 72.0851 -1.47169 -13 446 1 0 1
-5.68152 -0.342468 35.5564 -25.8139 0.266549 74.9883 -0.383251 -13 447 1 0 1
-8.94057 1.40366 35.5564 -39.2307 7.97504 70.3923 -1.91574 -13 448 1 0 1
-8.53832 1.60243 35.5564 -31.7913 1.79216 72.8161 -0.139262 -13 449 1 0 1
-5.72106 -2.98285 35.5564 -19.4776 -0.49536 79.0072 -0.088705 -13 450 1 0 1
-3.64065 2.37997 35.5564 -31.8824 1.63744 74.6793 0.17211 -13 451 1 0 1
-6.56853 -1.75996 35.5564 -31.4374 -7.49464 74.9346 1.1692 -13 452 1 0 1
-7.90643 -2.27376 35.5564 -31.6449 -5.51641 74.7917 -0.272609 -13 453 1 0 1
-9.53448 3.20805 35.5564 -33.3628 6.43722 73.521 1.39777 -13 454 1 0 1
-6.50561 -0.0751357 35.5564 -27.7055 -6.32279 74.1233 0.245545 -13 455 1 0 1
-6.91136 4.70265 35.5564 -31.6417 15.6708 71.79 -0.560502 -13 456 1 0 1
-10.3287 1.21684 35.5564 -36.6284 8.87312 70.8388 0.860479 -13 457 1 0 1
-5.55633 -6.92569 35.5564 -26.0193 -17.8295 72.0456 -1.04609 -13 458 1 0 1
-3.62743 3.33707 35.5564 -26.9954 4.456 76.9147 1.76233 -13 459 1 0 1
-7.70148 -0.464052 35.5564 -35.0704 2.53047 70.5888 -0.0800802 -13 460 1 0 1
-11.9148 1.12789 35.5564 -44.605 6.72079 67.5714 0.433335 -13 461 1 0 1
-8.35191 -0.13087 35.5564 -35.3847 0.877977 72.161 -0.213007 -13 462 1 0 1
-6.96072 -2.84285 35.5564 -33.6984 -7.21117 72.7192 1.5578 -13 463 1 0 1
-7.41808 3.65936 35.5564 -32.4126 12.0942 71.6283 -0.0792574 -13 464 1 0 1
-9.69944 -2.41546 35.5564 -33.4353 -9.39421 70.4495 -0.808662 -13 465 1 0 1
-7.53193 2.67749 35.5564 -30.2232 10.5425 72.8963 0.39719 -13 466 1 0 1
-11.6238 1.2719 35.5564 -35.6827 4.57109 72.8042 -0.11537 -13 467 1 0 1
-7.76861 -0.742535 35.5564 -30.6902 -10.389 72.8793 -0.770088 -13 468 1 0 1
-10.0744 5.47307 35.5564 -36.13 14.49 68.6326 0.516997 -13 469 1 0 1
-4.71137 -3.39656 35.5564 -26.2152 -6.05103 74.7524 -0.382878 -13 470 1 0 1
-8.77457 2.72703 35.5564 -31.3139 6.51488 73.584 1.25129 -13 471 1 0 1
-7.63541 -6.33411 35.5564 -26.9293 -18.5697 73.7657 1.2334 -13 472 1 0 1
-11.202 -1.19931 35.5564 -39.1055 -4.1629 70.5404 -0.542291 -13 473 1 0 1
-4.72009 -1.4186 35.5564 -23.8055 -4.91738 78.0303 -0.545715 -13 474 1 0 1
-7.44445 3.18236 35.5564 -35.8684 12.3952 71.4307 1.67169 -13 475 1 0 1
-12.6366 0.423858 35.5564 -44.9914 3.65969 65.9844 0.088834 -13 476 1 0 1
-6.27149 4.42603 35.5564 -30.0606 8.53504 75.4946 -1.19654 -13 477 1 0 1
-9.03914 -4.13077 35.5564 -36.9173 -9.75314 68.1168 -1.69243 -13 478 1 0 1
-6.29111 1.58706 35.5564 -25.1293 0.759752 74.7553 -0.562586 -13 479 1 0 1
-2.49908 3.4305 35.5564 -15.827 14.6189 78.3925 0.38162 -13 480 1 0 1
-9.71221 -0.481352 35.5564 -30.2 0.69589 75.3139 0.611998 -13 481 1 0 1
-8.61722 2.75052 35.5564 -31.3265 0.695709 74.6608 0.452901 -13 482 1 0 1
-12.7542 4.70876 35.5564 -47.1826 10.4026 62.856 0.908639 -13 483 1 0 1
-11.4275 0.940525 35.5564 -44.5517 -0.329146 65.7499 -1.15209 -13 484 1 0 1
-15.0565 -2.10811 35.5564 -48.7472 -8.81795 62.323 1.95796 -13 485 1 0 1
-6.83344 -5.16444 35.5564 -29.0866 -20.5699 70.9767 2.84216 -13 486 1 0 1
-4.59062 1.01353 35.5564 -27.7618 -1.20981 74.5126 0.245693 -13 487 1 0 1
-14.7406 -5.24589 35.5564 -49.117 -13.8492 61.813 -0.776135 -13 488 1 0 1
-6.09051 -4.45242 35.5564 -23.5616 -1.12604 76.2823 1.39584 -13 489 1 0 1
-10.8386 -4.47147 35.5564 -40.6632 -17.3096 66.4196 -1.69994 -13 490 1 0 1
-6.47213 2.31287 35.5564 -33.1676 -0.190447 73.0962 0.977755 -13 491 1 0 1
-9.57984 -3.89008 35.5564 -37.5684 -4.3095 69.7802 1.28767 -13 492 1 0 1
-11.8801 -1.63896 35.5564 -42.3517 -5.47648 68.6982 1.12993 -13 493 1 0 1
-9.41285 0.844552 35.5564 -30.8934 -0.105012 73.7748 0.140858 -13 494 1 0 1
-10.1574 0.201466 35.5564 -32.3375 -7.55523 73.3284 -2.63715 -13 495 1 0 1
-8.10577 -2.14992 35.5564 -27.6948 -7.61344 75.6641 0.340419 -13 496 1 0 1
-9.14648 1.63267 35.5564 -37.6508 5.41349 69.0245 0.386822 -13 497 1 0 1
-10.4282 2.18941 35.5564 -42.2161 6.92161 67.4967 -0.299784 -13 498 1 0 1
-7.49184 4.65011 35.5564 -29.8918 7.29678 73.2247 -0.743776 -13 499 1 0 1
-5.05313 -0.707255 35.5564 -21.9687 -8.24398 77.7053 -1.06034 -13 500 1 0 1
-5.28958 2.58006 35.5564 -35.1167 3.98618 72.1952 -0.162527 -13 501 1 0 1
-12.0174 3.29556 35.5564 -45.5417 4.30099 64.9251 -1.04356 -13 502 1 0 1
-9.74185 -6.73116 35.5564 -40.32 -11.3067 68.1221 -1.49977 -13 503 1 0 1
-6.99086 -0.505108 35.5564 -33.0318 1.55226 72.1025 0.406896 -13 504 1 0 1
-5.43451 0.984622 35.5564 -24.2014 2.97426 76.8651 -1.04731 -13 505 1 0 1
-9.68374 -0.265886 35.5564 -45.6296 -3.43578 65.2597 1.4081 -13 506 1 0 1
-5.74364 3.72585 35.5564 -24.3359 13.1491 73.9163 0.524972 -13 507 1 0 1
-6.98453 -3.03301 35.5564 -31.0241 -5.15889 72.6295 1.07362 -13 508 1 0 1
-3.69298 -2.76823 35.5564 -27.0832 -6.90796 74.8494 0.128236 -13 509 1 0 1
-9.65249 -0.601083 35.5564 -37.099 -3.15952 71.4245 1.25034 -13 510 1 0 1
-12.5001 -1.85406 35.5564 -48.3435 -1.55925 64.5126 2.17661 -13 511 1 0 1
-9.27669 0.0442031 35.5564 -36.1615 0.826887 69.8889 -0.314445 -13 512 1 0 1
-4.76155 0.837742 35.5564 -22.0272 7.12582 77.3382 1.18639 -13 513 1 0 1
-9.28855 1.12773 35.5564 -35.7994 3.76196 72.3451 -3.40113 -13 514 1 0 1
-8.78211 -2.70232 35.5564 -38.1681 -6.13706 69.5704 -1.34587 -13 515 1 0 1
-5.87149 -0.469574 35.5564 -26.52 6.7603 75.3892 -1.86864 -13 516 1 0 1
-4.88916 -0.843925 35.5564 -29.5464 -7.47825 73.9907 -1.02284 -13 517 1 0 1
-8.35168 -2.13659 35.5564 -35.0961 -3.837 73.0675 0.904403 -13 518 1 0 1
-10.5837 1.21694 35.5564 -47.3207 1.04829 63.5776 0.0433714 -13 519 1 0 1
-7.81144 -2.02581 35.5564 -32.0693 -12.1541 73.1056 2.60241 -13 520 1 0 1
-9.22826 -4.58561 35.5564 -39.9219 -10.3823 70.2117 -1.37761 -13 521 1 0 1
-5.32079 2.10741 35.5564 -36.1584 5.06339 72.0053 1.01638 -13 522 1 0 1
-9.95825 3.33289 35.5564 -41.2591 5.49429 68.7296 0.962726 -13 523 1 0 1
-9.78124 -2.46037 35.5564 -37.6724 3.31376 71.0241 0.804909 -13 524 1 0 1
-8.08482 4.61747 35.5564 -28.5415 11.2211 73.8173 0.687794 -13 525 1 0 1
-10.6825 -0.75797 35.5564 -44.6193 4.14615 65.0784 0.14438 -13 526 1 0 1
-10.7078 -0.774105 35.5564 -39.4335 -1.22563 68.2851 1.10287 -13 527 1 0 1
-9.64042 -0.10085 35.5564 -36.1767 0.248893 71.3753 2.74742 -13 528 1 0 1
-3.82584 -1.86555 35.5564 -26.6147 -13.5224 74.9386 0.880824 -13 529 1 0 1
-6.69028 0.530511 35.5564 -31.5279 1.3725 73.4294 -0.525636 -13 530 1 0 1
-8.85779 -3.19037 35.5564 -34.039 -6.5127 71.9974 1.06075 -13 531 1 0 1
-12.656 0.120326 35.5564 -42.9942 4.36997 68.6708 1.7147 -13 532 1 0 1
-8.31165 -1.83885 35.5564 -28.5286 -2.80133 72.0073 3.27307 -13 533 1 0 1
-2.75519 -1.14591 35.5564 -22.7076 -1.21644 76.9964 1.04942 -13 534 1 0 1
-4.23019 2.67135 35.5564 -26.8524 17.7096 72.902 -2.74617 -13 535 1 0 1
-5.64183 -1.65574 35.5564 -24.7754 1.87452 75.3603 -0.856973 -13 536 1 0 1
-6.75416 1.88101 35.5564 -21.3321 2.37834 76.9044 -0.508746 -13 537 1 0 1
-6.42541 4.82487 35.5564 -28.4758 11.3541 76.0186 0.17598 -13 538 1 0 1
-8.1487 -0.911285 35.5564 -38.0046 -9.42464 70.2948 1.10657 -13 539 1 0 1
-2.56531 -2.51204 35.5564 -26.3248 -5.45261 75.4707 1.46953 -13 540 1 0 1
-6.0709 1.48511 35.5564 -32.8983 8.35844 72.4015 1.03365 -13 541 1 0 1
-5.12141 -0.300465 35.5564 -28.3137 2.28793 74.7284 0.0886219 -13 542 1 0 1
-6.32244 -1.06476 35.5564 -30.5972 -8.77991 73.6163 -0.441893 -13 543 1 0 1
-5.61895 2.52525 35.5564 -27.4504 6.04827 75.5319 0.494881 -13 544 1 0 1
-9.45684 -7.16422 35.5564 -40.8239 -23.397 66.2244 1.23596 -13 545 1 0 1
-2.39513 -2.93652 35.5564 -13.8948 -6.80488 78.5272 0.509172 -13 546 1 0 1
-7.47521 3.44123 35.5564 -29.9745 12.6631 72.721 -0.654692 -13 547 1 0 1
-4.76834 0.233259 35.5564 -25.3677 7.94787 74.2983 2.33157 -13 548 1 0 1
-6.68541 -3.22162 35.5564 -28.605 -2.32174 73.4175 2.62645 -13 549 1 0 1
-13.0389 3.06553 35.5564 -48.2726 11.1658 62.9248 -2.40369 -13 550 1 0 1
-6.30944 -3.44893 35.5564 -22.2569 -0.465103 77.53 1.22691 -13 551 1 0 1
-13.0606 2.48412 35.5564 -36.9455 -0.163595 69.9254 2.97351 -13 552 1 0 1
-8.94744 -0.137219 35.5564 -35.6697 -2.82191 72.306 0.293422 -13 553 1 0 1
-12.5805 -0.902333 35.5564 -46.3249 -5.30124 63.8359 -0.923357 -13 554 1 0 1
-3.50047 1.73512 35.5564 -27.8567 5.36883 73.8827 1.32524 -13 555 1 0 1
-9.69358 3.96282 35.5564 -37.1064 9.69095 69.0275 0.557775 -13 556 1 0 1
-4.80806 -1.26167 35.5564 -24.394 -5.78381 75.4509 2.49516 -13 557 1 0 1
-9.08453 -0.760216 35.5564 -37.404 -6.36368 70.608 -2.53519 -13 558 1 0 1
-6.21593 1.28718 35.5564 -18.9305 2.241 78.1864 -0.749222 -13 559 1 0 1
-11.5422 0.341283 35.5564 -38.9685 2.79008 68.6304 -1.38073 -13 560 1 0 1
-12.9051 4.4556 35.5564 -39.5991 7.73923 67.844 0.805156 -13 561 1 0 1
-12.804 2.97972 35.5564 -47.8715 3.5814 62.4158 1.19347 -13 562 1 0 1
-6.6364 -0.218928 35.5564 -24.8107 2.77941 76.284 -1.7457 -13 563 1 0 1
-4.8992 1.03433 35.5564 -29.4578 -1.60997 72.3064 -0.258428 -13 564 1 0 1
-12.1732 0.350774 35.5564 -41.8092 3.75496 67.9473 1.32862 -13 565 1 0 1
-9.94434 -0.116374 35.5564 -43.5379 -2.11118 66.1327 0.830707 -13 566 1 0 1
-8.38011 -0.271042 35.5564 -32.9824 0.878768 72.3631 0.249731 -13 567 1 0 1
-9.20003 2.0773 35.5564 -40.3113 8.24071 69.5041 0.260503 -13 568 1 0 1
-6.22674 -4.71062 35.5564 -29.1311 -15.1433 71.4983 1.86185 -13 569 1 0 1
-6.59721 -3.91392 35.5564 -26.9476 -9.24492 75.1503 -2.36322 -13 570 1 0 1
-6.72195 2.26007 35.5564 -23.7851 14.03 75.0873 -0.211441 -13 571 1 0 1
-5.17163 -1.02227 35.5564 -32.0301 -7.5418 73.7002 -0.0641742 -13 572 1 0 1
-12.8261 1.44326 35.5564 -47.4948 -2.96259 64.6649 2.02807 -13 573 1 0 1
-13.3002 6.58213 35.5564 -45.2494 22.3196 62.3383 -0.889333 -13 574 1 0 1
-8.21616 -0.118588 35.5564 -37.7644 -0.372473 70.2537 0.26075 -13 575 1 0 1
-7.97365 1.7453 35.5564 -36.1371 -3.42215 70.9725 -0.818409 -13 576 1 0 1
-7.89859 -4.95215 35.5564 -35.404 -5.29835 70.5192 -1.90156 -13 577 1 0 1
-8.23572 3.42211 35.5564 -39.0183 11.0422 69.878 2.02314 -13 578 1 0 1
-6.59655 -3.44193 35.5564 -29.1829 -11.2311 74.3803 -0.186877 -13 579 1 0 1
-12.9182 1.64141 35.5564 -46.9031 9.23977 62.7794 1.56029 -13 580 1 0 1
-7.23469 3.25055 35.5564 -31.3088 5.36837 73.1049 0.136063 -13 581 1 0 1
-5.47381 -1.40462 35.5564 -22.2133 1.04458 76.9969 0.0238862 -13 582 1 0 1
-6.4437 -1.71373 35.5564 -33.1781 -7.3558 71.7089 -0.363217 -13 583 1 0 1
-7.29015 1.62878 35.5564 -33.2629 -1.13841 71.4544 -0.688956 -13 584 1 0 1
-5.8675 0.276114 35.5564 -30.4673 -4.23892 72.9379 -1.98362 -13 585 1 0 1
-6.16186 -0.180478 35.5564 -33.2455 -3.62689 72.9756 2.25909 -13 586 1 0 1
-8.94635 4.04075 35.5564 -41.1165 16.5606 66.5297 0.451519 -13 587 1 0 1
-5.36113 1.13098 35.5564 -28.0824 7.97883 75.1697 -2.05403 -13 588 1 0 1
-7.13029 1.50519 35.5564 -34.9028 2.05318 72.0965 -1.16745 -13 589 1 0 1
-11.7573 -4.00053 35.5564 -47.0727 -15.7674 63.765 -0.769703 -13 590 1 0 1
-9.98692 -1.29453 35.5564 -45.6066 0.498635 66.1362 2.67891 -13 591 1 0 1
-7.74499 -0.493256 35.5564 -36.0374 -4.08205 73.2671 -2.53439 -13 592 1 0 1
-9.81056 4.86437 35.5564 -38.4254 5.78662 71.1825 2.01515 -13 593 1 0 1
-13.0654 3.13766 35.5564 -46.5499 4.41272 62.3001 0.326586 -13 594 1 0 1
-6.21478 -1.96714 35.5564 -29.9033 -1.12685 73.1578 0.655915 -13 595 1 0 1
-5.988 2.33634 35.5564 -20.5602 6.78524 77.6109 1.83963 -13 596 1 0 1
-12.5674 -0.637448 35.5564 -52.4207 -2.42047 60.1759 0.0350977 -13 597 1 0 1
-5.18173 -3.18235 35.5564 -36.3693 -11.1233 72.1029 -1.62014 -13 598 1 0 1
-12.6464 0.550325 35.5564 -40.7891 3.35295 68.2169 -1.51507 -13 599 1 0 1
-9.65232 -3.66881 35.5564 -34.4226 -10.7292 72.4222 0.614221 -13 600 1 0 1
-6.93034 -3.0566 35.5564 -30.5407 -9.52243 72.7325 1.25924 -13 601 1 0 1
-8.60751 -2.27777 35.5564 -35.4387 -5.53001 71.7498 0.719555 -13 602 1 0 1
-14.461 -1.71468 35.5564 -50.9112 -3.82576 61.0178 -1.1575 -13 603 1 0 1
-9.19223 4.08932 35.5564 -31.1507 8.00471 74.0639 0.213433 -13 604 1 0 1
-7.87386 -8.23839 35.5564 -32.8911 -20.7362 70.2815 0.14308 -13 605 1 0 1
-2.62472 -1.63552 35.5564 -21.9469 -4.86727 76.5348 2.71145 -13 606 1 0 1
-2.48924 2.90697 35.5564 -26.3062 15.1267 74.0748 -0.649768 -13 607 1 0 1
-1.98906 2.17481 35.5564 -9.93753 7.64649 79.8758 0.673489 -13 608 1 0 1
-14.3373 -0.0982423 35.5564 -52.648 7.55401 60.425 0.276927 -13 609 1 0 1
-9.61741 -1.19942 35.5564 -39.9261 7.03457 68.7796 -1.56559 -13 610 1 0 1
-9.84307 1.77807 35.5564 -35.8621 -0.711434 71.2615 0.999792 -13 611 1 0 1
-4.34991 -1.01686 35.5564 -21.5597 2.45846 76.6502 -2.1546 -13 612 1 0 1
-6.69686 1.00678 35.5564 -24.0368 5.09704 76.1694 1.39622 -13 613 1 0 1
-9.29292 0.984697 35.5564 -37.1291 -2.74388 71.5512 -0.197734 -13 614 1 0 1
-8.27553 0.0753866 35.5564 -39.1136 -6.9028 71.8336 0.933156 -13 615 1 0 1
-3.65907 0.627801 35.5564 -29.6051 5.49271 75.5441 -0.0961583 -13 616 1 0 1
-7.69328 -1.90498 35.5564 -34.169 -2.19003 72.3269 -0.585967 -13 617 1 0 1
-9.57129 8.17096 35.5564 -36.6026 25.2208 65.6855 -0.917515 -13 618 1 0 1
-5.92498 4.85091 35.5564 -24.1078 19.2958 75.7026 0.802339 -13 619 1 0 1
-7.65816 1.52718 35.5564 -40.2517 3.48389 69.2121 -2.08053 -13 620 1 0 1
-7.04798 -4.94563 35.5564 -30.0934 -6.74924 73.4471 0.78697 -13 621 1 0 1
-8.12435 -2.66867 35.5564 -32.037 -5.00315 73.8103 0.458747 -13 622 1 0 1
-8.64334 -2.09459 35.5564 -34.1372 0.681394 73.1902 -0.186307 -13 623 1 0 1
-7.77874 0.77216 35.5564 -33.1123 -1.24078 73.4388 -0.181452 -13 624 1 0 1
-11.7564 3.87233 35.5564 -42.0242 4.13705 67.35 -0.72985 -13 625 1 0 1
-5.63938 2.21758 35.5564 -31.9945 2.31842 73.3141 2.57677 -13 626 1 0 1
-9.74875 0.75429 35.5564 -44.312 10.742 66.4884 0.714434 -13 627 1 0 1
-7.68951 -2.14855 35.5564 -36.8081 -4.01996 72.6426 0.270853 -13 628 1 0 1
-10.4009 3.70312 35.5564 -40.0739 13.4125 69.7545 0.317389 -13 629 1 0 1
-10.7495 1.61075 35.5564 -41.2707 7.85053 67.5228 0.787587 -13 630 1 0 1
-9.36822 -0.137701 35.5564 -35.2435 1.31594 73.2897 -0.540588 -13 631 1 0 1
-6.71303 -1.43709 35.5564 -32.8648 -3.42427 72.7011 -1.38516 -13 632 1 0 1
-6.54541 1.81421 35.5564 -26.814 3.76672 75.7153 -0.708395 -13 633 1 0 1
-15.2102 4.90599 35.5564 -49.7657 13.6562 61.0022 0.0119608 -13 634 1 0 1
-4.96319 -1.83587 35.5564 -22.0034 -2.08742 76.9551 0.292485 -13 635 1 0 1
-10.2317 2.4118 35.5564 -43.5545 12.2803 66.1868 -1.96752 -13 636 1 0 1
-4.76469 -0.57401 35.5564 -29.9872 -4.29375 73.6572 0.220785 -13 637 1 0 1
-7.70566 -1.02747 35.5564 -27.15 -1.85626 74.3603 0.0886225 -13 638 1 0 1
-4.49086 -2.5828 35.5564 -26.2834 -7.54052 75.5468 -1.84059 -13 639 1 0 1
-7.62006 1.43456 35.5564 -26.7392 3.27723 74.3415 -2.08477 -13 640 1 0 1
-6.74163 -2.06586 35.5564 -30.2987 -8.80521 72.5621 -1.19943 -13 641 1 0 1
-8.828 -5.28523 35.5564 -34.0418 -11.9951 71.2086 0.0789798 -13 642 1 0 1
-9.06557 -4.50791 35.5564 -40.0296 -13.1244 68.0833 -0.246877 -13 643 1 0 1
-9.64181 -3.91594 35.5564 -35.6018 -13.7579 70.3965 2.34914 -13 644 1 0 1
-7.14648 -3.65485 35.5564 -29.456 -9.01006 75.045 1.1107 -13 645 1 0 1
-10.6337 1.0069 35.5564 -44.9303 1.75057 65.3613 1.48548 -13 646 1 0 1
-13.8401 -1.41599 35.5564 -53.4289 -0.692736 58.3569 -1.34738 -13 647 1 0 1
-12.171 -4.1699 35.5564 -38.0166 -13.7541 70.0544 2.06923 -13 648 1 0 1
-8.73817 1.55678 35.5564 -37.2077 6.15877 70.6266 0.00348759 -13 649 1 0 1
-6.7533 -3.69007 35.5564 -35.8275 -6.57314 70.8609 1.07716 -13 650 1 0 1
-5.04378 2.79628 35.5564 -28.3902 6.95725 73.2101 0.599797 -13 651 1 0 1
-6.98892 -1.82442 35.5564 -32.879 -7.47597 71.7294 1.10312 -13 652 1 0 1
-6.68539 -3.8644 35.5564 -32.9238 -6.99986 71.1738 0.730304 -13 653 1 0 1
-7.96702 -0.86296 35.5564 -26.1811 -4.29524 78.0604 -0.360423 -13 654 1 0 1
-11.1271 -2.25463 35.5564 -35.8404 -9.53038 68.6207 0.214881 -13 655 1 0 1
-13.8595 4.69964 35.5564 -48.1853 16.4435 59.9889 0.00176608 -13 656 1 0 1
-7.64788 -4.51452 35.5564 -33.0744 -6.57301 71.4286 0.697439 -13 657 1 0 1
-7.37616 3.10838 35.5564 -24.8674 13.2098 73.4151 0.455939 -13 658 1 0 1
-10.3645 -6.23144 35.5564 -42.4213 -10.8963 65.1975 2.33072 -13 659 1 0 1
-6.08064 -1.46877 35.5564 -30.9575 -2.79551 72.6506 -1.41454 -13 660 1 0 1
-8.12698 0.269761 35.5564 -40.6648 -6.46307 67.1808 1.7388 -13 661 1 0 1
-4.72651 -0.583745 35.5564 -23.8653 -1.09102 75.3455 -0.195722 -13 662 1 0 1
-5.55465 -2.34661 35.5564 -25.6516 -2.53781 75.7068 0.512715 -13 663 1 0 1
-7.67583 -2.11499 35.5564 -37.1235 -3.95419 68.7755 1.83162 -13 664 1 0 1
-7.97998 -0.856548 35.5564 -40.0759 -5.06688 69.5475 0.404835 -13 665 1 0 1
-8.72389 -0.0269186 35.5564 -35.4943 3.10462 71.6493 1.05843 -13 666 1 0 1
-9.79733 -0.469121 35.5564 -38.3347 0.0995506 68.6576 -2.07188 -13 667 1 0 1
-6.5373 -1.10491 35.5564 -24.1797 -8.13607 76.4269 0.752352 -13 668 1 0 1
-7.1169 -4.58885 35.5564 -32.9527 -13.1894 73.0352 1.46844 -13 669 1 0 1
-8.26771 0.917679 35.5564 -39.0525 4.49167 70.3514 0.123509 -13 670 1 0 1
-8.77664 -2.15935 35.5564 -35.2574 -5.10692 71.1632 0.562689 -13 671 1 0 1
-2.08376 2.17168 35.5564 -17.1575 6.51075 76.5139 1.62392 -13 672 1 0 1
-8.3276 6.2322 35.5564 -33.2966 14.4399 71.5576 0.412834 -13 673 1 0 1
-4.96074 2.65227 35.5564 -27.1467 8.14694 72.2389 0.933276 -13 674 1 0 1
-10.4277 -5.2365 35.5564 -39.2923 -17.3178 67.666 3.25959 -13 675 1 0 1
-3.40003 -1.27213 35.5564 -16.949 0.116389 77.5647 -0.122337 -13 676 1 0 1
-3.91087 -1.16104 35.5564 -25.6869 -5.64834 73.4763 1.09002 -13 677 1 0 1
-6.50166 1.73591 35.5564 -33.6905 15.6037 72.0496 1.64265 -13 678 1 0 1
-10.8303 4.06349 35.5564 -43.0016 12.1551 66.3526 0.107164 -13 679 1 0 1
-9.45674 2.38564 35.5564 -35.2714 2.60295 72.6618 -0.814929 -13 680 1 0 1
-9.54079 1.15424 35.5564 -41.7648 -6.66942 67.8471 -3.13079 -13 681 1 0 1
-10.9597 3.83416 35.5564 -34.2552 -4.54748 71.6352 0.0280178 -13 682 1 0 1
-4.71232 0.834983 35.5564 -25.212 11.5342 73.6803 2.12249 -13 683 1 0 1
-6.63753 -1.99669 35.5564 -30.2824 -5.07742 73.8328 -0.127932 -13 684 1 0 1
0.739639 -0.663393 35.5564 -13.0046 -7.6091 79.2371 -1.58581 -13 685 1 0 1
-7.23341 3.4852 35.5564 -34.7389 10.5956 71.9575 0.513425 -13 686 1 0 1
-9.56335 -0.705045 35.5564 -34.4987 2.437 71.0289 1.75529 -13 687 1 0 1
-8.57072 -2.07126 35.5564 -36.4923 -10.2828 69.5407 0.0705451 -13 688 1 0 1
-12.4759 1.53286 35.5564 -39.1288 6.54173 69.8267 -0.361947 -13 689 1 0 1
-8.30489 -2.42661 35.5564 -33.1949 -11.3517 71.3604 1.08749 -13 690 1 0 1
-5.60958 1.63372 35.5564 -29.0332 -0.876304 73.5146 -1.85917 -13 691 1 0 1
-5.68871 1.15452 35.5564 -27.9654 -4.48657 74.3563 -0.856661 -13 692 1 0 1
-7.4881 3.59084 35.5564 -30.4919 -2.33536 72.4578 1.90173 -13 693 1 0 1
-7.40756 -4.91012 35.5564 -33.6548 -7.56062 70.8642 2.46947 -13 694 1 0 1
-8.70073 -2.02229 35.5564 -27.7469 -6.89265 74.0215 1.08102 -13 695 1 0 1
-6.1441 -0.535998 35.5564 -29.8478 -0.915793 74.6782 0.449741 -13 696 1 0 1
-8.91609 -1.50171 35.5564 -40.502 -0.829645 67.1847 0.649407 -13 697 1 0 1
-7.81144 1.17163 35.5564 -22.44 -1.98692 76.7144 -0.438296 -13 698 1 0 1
-7.84989 -2.58723 35.5564 -27.5073 -3.80758 76.131 -0.652603 -13 699 1 0 1
-6.48188 -1.63926 35.5564 -34.6361 -4.4902 72.0185 1.5104 -13 700 1 0 1
-5.05307 1.0379 35.5564 -28.537 8.32605 75.2378 1.44747 -13 701 1 0 1
-6.97813 1.79486 35.5564 -25.7275 4.86947 75.1734 1.38825 -13 702 1 0 1
-9.85879 2.78973 35.5564 -46.2641 4.86749 65.3723 -2.08817 -13 703 1 0 1
-7.90506 -1.894 35.5564 -30.6936 0.237969 73.3759 -0.379351 -13 704 1 0 1
-7.59686 0.400316 35.5564 -29.4235 -2.62134 74.0965 1.50481 -13 705 1 0 1
-10.9213 0.37834 35.5564 -38.3168 1.06826 70.8239 -1.50375 -13 706 1 0 1
-6.94685 0.414806 35.5564 -35.0422 9.65626 71 3.43831 -13 707 1 0 1
-12.3067 -1.78735 35.5564 -43.5702 -4.73737 66.2664 0.620647 -13 708 1 0 1
-8.35487 1.1896 35.5564 -35.6199 -0.716135 71.636 0.193737 -13 709 1 0 1
-9.12454 2.41637 35.5564 -31.0107 -0.347152 73.1402 -0.894712 -13 710 1 0 1
-5.35034 4.79513 35.5564 -23.147 9.5775 75.8888 -0.242903 -13 711 1 0 1
-7.78065 -3.78225 35.5564 -36.1011 -9.28453 69.6631 1.50795 -13 712 1 0 1
-7.15567 -2.4827 35.5564 -41.0121 -10.7558 69.2239 0.137752 -13 713 1 0 1
-7.44713 0.840066 35.5564 -28.4689 -4.34449 74.6641 1.73738 -13 714 1 0 1
-8.42167 -0.153343 35.5564 -38.7906 3.22095 69.6832 -0.952593 -13 715 1 0 1
-9.2788 2.43049 35.5564 -32.7676 6.47887 72.4866 1.3078 -13 716 1 0 1
-8.69966 0.777178 35.5564 -32.2539 0.825894 72.3108 1.88283 -13 717 1 0 1
-11.3694 0.95926 35.5564 -46.3052 -0.84257 65.8287 1.07179 -13 718 1 0 1
-5.95447 0.0159613 35.5564 -32.2128 4.81368 73.1905 0.020509 -13 719 1 0 1
-12.2943 1.49857 35.5564 -45.0307 4.5861 65.081 2.2077 -13 720 1 0 1
-5.54704 -3.75325 35.5564 -31.2912 -10.1165 72.0905 0.0336121 -13 721 1 0 1
-6.68483 -1.63441 35.5564 -27.9991 -6.93721 75.6631 -1.43896 -13 722 1 0 1
-8.48491 -4.59169 35.5564 -35.3662 -7.71198 70.0426 -1.09498 -13 723 1 0 1
-4.93882 4.27166 35.5564 -30.1161 9.64781 73.4528 2.124 -13 724 1 0 1
-8.46018 3.69274 35.5564 -33.6147 6.79989 72.4397 -0.178669 -13 725 1 0 1
-6.83426 -2.33266 35.5564 -28.2552 -8.98335 75.3461 -0.891606 -13 726 1 0 1
-8.25104 3.71742 35.5564 -29.5691 12.316 71.6155 2.01274 -13 727 1 0 1
-8.48547 5.40407 35.5564 -29.6844 20.6728 70.5295 -0.25949 -13 728 1 0 1
-5.48396 -2.63671 35.5564 -34.183 -5.92004 72.3097 -1.69826 -13 729 1 0 1
-15.7947 -2.80914 35.5564 -46.7583 -1.89536 64.4864 -0.131302 -13 730 1 0 1
-11.1137 -4.28245 35.5564 -44.7072 -8.85001 66.3185 -1.11292 -13 731 1 0 1
-12.0497 5.10515 35.5564 -45.8196 10.3945 66.3047 2.13604 -13 732 1 0 1
-10.2718 0.566061 35.5564 -36.4888 -3.21921 69.6616 -0.334727 -13 733 1 0 1
-8.30123 3.05979 35.5564 -37.4955 -6.22379 70.6364 2.37085 -13 734 1 0 1
-4.85427 3.92425 35.5564 -19.6254 7.44938 75.8584 -1.11211 -13 735 1 0 1
-2.69051 4.37287 35.5564 -15.4549 12.2132 77.6074 -0.131208 -13 736 1 0 1
-10.0183 2.48538 35.5564 -38.6209 4.99582 71.0727 2.17425 -13 737 1 0 1
-7.45186 2.16528 35.5564 -31.7001 10.3195 70.9644 1.63376 -13 738 1 0 1
-7.16322 -3.97424 35.5564 -30.5521 -6.30353 74.1656 -1.04718 -13 739 1 0 1
-8.65952 0.615954 35.5564 -40.3036 1.01427 69.1292 0.901144 -13 740 1 0 1
-3.95415 -4.44483 35.5564 -14.2362 -8.3198 78.6088 1.70657 -13 741 1 0 1
-13.2382 -2.06434 35.5564 -44.257 -3.67852 66.4156 -2.14119 -13 742 1 0 1
-7.03283 -0.312309 35.5564 -34.9234 2.60884 73.1585 1.44553 -13 743 1 0 1
-10.9722 2.43614 35.5564 -39.001 1.94506 69.5687 0.362033 -13 744 1 0 1
-4.44555 4.63132 35.5564 -29.4609 11.2568 71.225 2.0733 -13 745 1 0 1
-7.94244 -0.228829 35.5564 -36.4033 -0.59707 71.5184 -1.70502 -13 746 1 0 1
-7.47885 -1.40905 35.5564 -34.7541 -3.47193 72.4812 0.289838 -13 747 1 0 1
-14.6431 3.32065 35.5564 -44.476 12.0425 64.9274 -1.7171 -13 748 1 0 1
-5.51249 -0.963246 35.5564 -32.1874 -3.63281 72.5751 1.24241 -13 749 1 0 1
-8.65006 3.56959 35.5564 -35.5873 -1.37173 72.6275 0.814195 -13 750 1 0 1
-8.3447 0.98148 35.5564 -31.415 6.11861 73.9782 0.101364 -13 751 1 0 1
-9.44588 1.82121 35.5564 -39.4183 10.3025 69.7368 -0.37207 -13 752 1 0 1
-7.45133 0.518957 35.5564 -32.2266 -4.31093 73.6991 -0.932641 -13 753 1 0 1
-10.9514 0.108988 35.5564 -44.1846 3.1488 68.0912 0.430959 -13 754 1 0 1
-6.54048 0.604223 35.5564 -35.9796 -0.404911 71.4837 -1.31059 -13 755 1 0 1
-5.48772 1.60393 35.5564 -29.5709 11.4523 73.3044 -0.929688 -13 756 1 0 1
-6.29468 -3.12764 35.5564 -24.7211 -7.32413 76.1246 -1.03867 -13 757 1 0 1
-11.1983 -2.30026 35.5564 -39.0547 -14.9087 69.582 0.452607 -13 758 1 0 1
-4.8046 -4.64327 35.5564 -25.3566 -16.1901 73.2756 1.24876 -13 759 1 0 1
-6.97885 -1.40814 35.5564 -28.2615 -4.80646 73.8683 0.287146 -13 760 1 0 1
-6.0821 -2.517 35.5564 -28.1165 -3.78218 73.3658 0.786644 -13 761 1 0 1
-8.25513 -0.537176 35.5564 -28.5245 5.89302 74.8764 -0.915448 -13 762 1 0 1
-2.70555 0.92936 35.5564 -18.5193 9.71419 77.4884 1.35825 -13 763 1 0 1
-5.48716 -0.0366151 35.5564 -30.4873 1.36824 73.628 -2.48238 -13 764 1 0 1
-10.9004 -0.281493 35.5564 -41.1404 -2.93512 69.9878 -0.445019 -13 765 1 0 1
-8.48765 -1.70605 35.5564 -26.3662 -8.12347 75.3018 -1.1633 -13 766 1 0 1
-7.18991 -0.761685 35.5564 -30.1983 -4.49485 73.0323 -0.352067 -13 767 1 0 1
-4.78084 -5.14963 35.5564 -26.8077 -15.8198 75.584 0.723462 -13 768 1 0 1
-10.5595 2.51495 35.5564 -34.7944 0.335004 71.3217 0.172537 -13 769 1 0 1
-8.45017 -0.71611 35.5564 -37.8097 -14.5369 70.9126 -0.932463 -13 770 1 0 1
-11.213 -0.644538 35.5564 -35.8921 -4.8932 71.3843 -0.631028 -13 771 1 0 1
-11.8837 -0.978709 35.5564 -41.1542 -4.86623 67.7104 -0.082845 -13 772 1 0 1
-3.70223 -0.662369 35.5564 -29.4729 -0.520472 73.9132 0.627421 -13 773 1 0 1
-11.6085 -0.262281 35.5564 -41.5709 3.49914 69.226 1.04263 -13 774 1 0 1
-4.53999 -1.66036 35.5564 -22.8557 -9.83518 75.926 0.0136238 -13 775 1 0 1
-7.19884 3.02396 35.5564 -28.9882 9.99427 74.0135 2.61088 -13 776 1 0 1
-8.70293 -2.07291 35.5564 -37.6412 -9.0578 69.1305 0.0798921 -13 777 1 0 1
-5.47132 1.38155 35.5564 -21.8535 12.0269 76.4549 2.64844 -13 778 1 0 1
-12.6552 -1.87663 35.5564 -47.2763 -4.93625 64.8755 1.80494 -13 779 1 0 1
-5.5896 0.397362 35.5564 -27.7243 1.99824 76.4593 -0.806346 -13 780 1 0 1
-8.32461 0.966757 35.5564 -36.0654 -1.21442 71.7973 -0.0072151 -13 781 1 0 1
-11.8828 -1.01513 35.5564 -43.9092 -2.34735 65.389 0.618235 -13 782 1 0 1
-5.92696 -1.61472 35.5564 -26.8339 -2.37574 74.6193 1.0699 -13 783 1 0 1
-14.2579 -5.30098 35.5564 -49.1148 -18.4707 61.5728 -0.754756 -13 784 1 0 1
-8.77134 0.747406 35.5564 -43.0674 -7.24465 67.7264 -0.0790737 -13 785 1 0 1
-16.778 8.30299 35.5564 -47.909 17.8677 58.2433 0.343089 -13 786 1 0 1
-7.4795 -2.15321 35.5564 -27.6751 -10.8154 73.4003 -0.965594 -13 787 1 0 1
-14.0682 -2.25118 35.5564 -47.9716 -8.61763 62.2059 -0.820204 -13 788 1 0 1
-4.65898 1.18133 35.5564 -28.2136 -3.50289 75.8249 0.539436 -13 789 1 0 1
-4.50024 -1.65678 35.5564 -23.0775 -11.9631 75.4863 2.09792 -13 790 1 0 1
-6.09681 -2.60506 35.5564 -30.643 -13.2196 73.2627 -1.31649 -13 791 1 0 1
-9.63681 -1.28014 35.5564 -39.4671 -2.66009 70.5568 2.2973 -13 792 1 0 1
-6.7966 1.5963 35.5564 -27.2503 1.07484 74.8942 1.85834 -13 793 1 0 1
-9.08018 0.717237 35.5564 -38.6552 5.3836 71.5507 0.394038 -13 794 1 0 1
-11.391 -4.35982 35.5564 -40.6604 -13.3318 67.0134 -2.31183 -13 795 1 0 1
-9.55948 0.794813 35.5564 -35.6502 1.17435 72.4278 -0.0118301 -13 796 1 0 1
-11.3207 5.82167 35.5564 -37.2988 11.7225 70.7907 -0.756517 -13 797 1 0 1
-8.29405 5.34871 35.5564 -39.9291 16.1783 67.473 2.11829 -13 798 1 0 1
-8.24752 1.60949 35.5564 -35.049 2.85744 72.6132 1.00777 -13 799 1 0 1
-14.8765 2.92868 35.5564 -49.1839 12.412 61.6641 1.30372 -13 800 1 0 1
-6.34056 5.25637 35.5564 -30.9025 7.18304 75.9746 2.32984 -13 801 1 0 1
-8.77529 -0.537651 35.5564 -37.3189 -5.98469 69.5751 -1.17618 -13 802 1 0 1
-5.95267 -1.55239 35.5564 -34.8026 3.8671 71.39 -1.57114 -13 803 1 0 1
-2.25478 -0.0244082 35.5564 -14.2439 1.61722 79.2266 -0.436574 -13 804 1 0 1
-5.90007 2.95067 35.5564 -21.2178 12.2719 77.1108 -0.397359 -13 805 1 0 1
-6.20645 1.93559 35.5564 -27.552 3.5177 73.9248 1.07479 -13 806 1 0 1
-9.10295 -3.05151 35.5564 -37.8324 -5.14296 71.9795 0.495309 -13 807 1 0 1
-15.437 2.16889 35.5564 -45.4959 6.61515 65.504 1.44467 -13 808 1 0 1
-9.33849 -0.754118 35.5564 -38.0959 -2.35858 70.8817 -0.452367 -13 809 1 0 1
-7.63494 -0.181597 35.5564 -39.3625 -3.84259 70.1748 -0.556457 -13 810 1 0 1
-6.70528 -1.0216 35.5564 -32.715 0.2231 74.5687 -0.108992 -13 811 1 0 1
-7.72862 -4.02139 35.5564 -28.2777 -9.79573 74.6893 2.00415 -13 812 1 0 1
-4.25672 -0.778327 35.5564 -20.9413 2.22771 77.3298 0.838711 -13 813 1 0 1
-7.41844 -2.89521 35.5564 -32.2182 -2.45639 72.303 0.807116 -13 814 1 0 1
-5.82074 0.932969 35.5564 -25.8676 4.25465 74.4881 -1.97887 -13 815 1 0 1
-6.43478 -1.82353 35.5564 -36.8902 -4.89668 70.4209 1.60519 -13 816 1 0 1
-8.25185 -0.897296 35.5564 -28.0705 -1.73779 75.0759 -1.63767 -13 817 1 0 1
-7.62381 -0.373518 35.5564 -24.2493 -2.84149 76.0546 -0.0762621 -13 818 1 0 1
-5.92177 2.4953 35.5564 -19.0079 10.7688 76.9684 0.502677 -13 819 1 0 1
-10.416 -0.953473 35.5564 -36.2632 -7.56667 68.8589 -0.0391533 -13 820 1 0 1
-8.84141 0.47535 35.5564 -31.9881 7.53022 73.0415 -1.67301 -13 821 1 0 1
-8.62458 3.40952 35.5564 -47.3195 2.44151 66.3031 0.751169 -13 822 1 0 1
-8.38359 -1.63068 35.5564 -32.1257 -8.55798 73.1806 -0.00974986 -13 823 1 0 1
-13.1553 -3.51468 35.5564 -37.6966 -9.36651 71.0917 0.0421301 -13 824 1 0 1
-6.07351 -0.724849 35.5564 -29.6849 -3.47353 74.5576 0.359613 -13 825 1 0 1
-7.69128 1.28915 35.5564 -35.1303 9.12966 71.5615 -1.29898 -13 826 1 0 1
-5.75871 -3.59936 35.5564 -27.1198 -15.0359 74.8487 2.74515 -13 827 1 0 1
-7.84094 1.18486 35.5564 -33.5448 -1.34717 73.5329 -2.37047 -13 828 1 0 1
-1.46917 -4.89177 35.5564 -13.8655 -18.3781 76.4013 0.844561 -13 829 1 0 1
-8.88217 0.306243 35.5564 -36.6159 -1.39509 71.0704 -0.0741151 -13 830 1 0 1
-6.7726 -1.25082 35.5564 -32.045 -7.36493 72.1896 2.07423 -13 831 1 0 1
-11.6306 -2.66414 35.5564 -41.1281 -9.80798 67.7549 0.441818 -13 832 1 0 1
-8.50419 -2.40867 35.5564 -35.4648 -8.23758 70.9946 0.458067 -13 833 1 0 1
-8.30877 -3.92719 35.5564 -33.7266 -7.2904 72.8491 -0.148622 -13 834 1 0 1
-7.88822 -4.54166 35.5564 -40.8905 -14.7611 66.0104 -0.830246 -13 835 1 0 1
-5.15657 3.9486 35.5564 -28.4766 14.4992 73.645 -0.0278552 -13 836 1 0 1
-3.02326 -5.66446 35.5564 -22.4652 -9.12001 75.1389 1.12139 -13 837 1 0 1
-5.29494 4.15549 35.5564 -30.755 5.82913 73.8883 -1.23032 -13 838 1 0 1
-6.98558 -6.27827 35.5564 -27.9875 -12.3824 74.3464 -0.338465 -13 839 1 0 1
-7.03345 2.01052 35.5564 -31.1469 4.48157 73.382 2.50818 -13 840 1 0 1
-9.65747 3.19935 35.5564 -37.1379 4.24601 70.7595 -1.74567 -13 841 1 0 1
-7.42122 -2.70187 35.5564 -36.8063 -5.5124 70.7626 -0.871072 -13 842 1 0 1
-9.19961 -3.56536 35.5564 -42.0091 -17.9901 65.939 0.596865 -13 843 1 0 1
-6.2944 1.5387 35.5564 -28.7504 4.94604 73.3486 0.96818 -13 844 1 0 1
-6.05339 1.31274 35.5564 -27.2699 7.55557 75.6267 1.05875 -13 845 1 0 1
-8.90223 -4.80928 35.5564 -29.4446 -10.587 72.953 0.469989 -13 846 1 0 1
-7.7417 -5.84714 35.5564 -31.3666 -7.69732 74.2597 -1.09418 -13 847 1 0 1
-11.8948 0.633895 35.5564 -41.7583 -3.22341 66.7997 -0.724552 -13 848 1 0 1
-11.5085 -0.443607 35.5564 -40.3433 1.83233 68.2293 -1.92634 -13 849 1 0 1
-4.80533 -4.99993 35.5564 -28.0091 -13.3325 72.9058 -0.787131 -13 850 1 0 1
-11.729 4.52428 35.5564 -41.5552 8.47575 66.6574 -0.386229 -13 851 1 0 1
-3.96189 -0.989976 35.5564 -30.0285 -1.53911 72.1107 0.611583 -13 852 1 0 1
-7.59424 -1.5925 35.5564 -32.4169 -3.84852 73.6786 1.16888 -13 853 1 0 1
-7.5027 1.25865 35.5564 -36.6426 -3.44189 70.2053 -0.721812 -13 854 1 0 1
-12.334 2.29955 35.5564 -44.6902 6.57691 65.9522 0.215323 -13 855 1 0 1
-10.4473 2.22464 35.5564 -39.9544 -3.73649 69.4065 0.410798 -13 856 1 0 1
-8.57112 -4.80033 35.5564 -36.1927 -5.53095 71.695 -0.777823 -13 857 1 0 1
-14.8199 1.12809 35.5564 -51.7148 1.34106 61.4275 -2.29379 -13 858 1 0 1
-12.569 -0.490121 35.5564 -42.14 2.21986 68.9486 1.66848 -13 859 1 0 1
-9.76451 3.65146 35.5564 -40.2762 10.814 68.7637 1.42377 -13 860 1 0 1
-6.86198 -2.77713 35.5564 -37.1495 -9.29773 71.7076 -1.71112 -13 861 1 0 1
-6.8855 0.433033 35.5564 -31.0418 4.74515 72.837 0.0073353 -13 862 1 0 1
-12.3637 -3.37884 35.5564 -44.1118 -6.8117 65.6058 0.291236 -13 863 1 0 1
-8.86512 -0.792995 35.5564 -35.7889 -0.212951 71.7622 -0.519522 -13 864 1 0 1
-8.75271 0.0569505 35.5564 -33.6856 5.19331 71.5996 1.86055 -13 865 1 0 1
-5.37444 1.6204 35.5564 -25.0572 10.9916 72.8775 0.0190956 -13 866 1 0 1
-5.39944 2.41381 35.5564 -32.3475 3.66854 72.8253 -0.545545 -13 867 1 0 1
-7.85 1.47964 35.5564 -41.1956 0.428712 67.8217 -1.51416 -13 868 1 0 1
-13.4073 -6.98761 35.5564 -46.142 -18.282 62.9183 -0.582809 -13 869 1 0 1
-4.52037 -1.09555 35.5564 -23.5473 -6.81928 76.0493 0.834324 -13 870 1 0 1
-7.31637 -0.728026 35.5564 -33.6172 -4.7961 73.6574 -1.09609 -13 871 1 0 1
-8.40281 -2.71002 35.5564 -37.1783 -5.04295 71.8855 -1.0276 -13 872 1 0 1
-5.29397 1.93889 35.5564 -30.3009 1.65214 74.4987 -0.976602 -13 873 1 0 1
-8.43553 2.18301 35.5564 -37.3911 7.83265 70.076 2.68111 -13 874 1 0 1
-9.60907 -3.77511 35.5564 -38.0437 -11.8624 69.2914 0.306102 -13 875 1 0 1
-5.38073 4.30045 35.5564 -32.7682 10.1508 72.1867 0.106016 -13 876 1 0 1
-7.69746 -0.227441 35.5564 -34.9955 9.33431 73.1389 -1.90989 -13 877 1 0 1
-6.3409 2.25477 35.5564 -34.2955 12.253 71.5676 -3.6035 -13 878 1 0 1
-14.8968 4.66604 35.5564 -46.1296 9.74648 66.0216 1.22245 -13 879 1 0 1
-12.4554 -1.01026 35.5564 -45.7542 -4.81176 66.2053 0.915854 -13 880 1 0 1
-6.82103 -1.53143 35.5564 -28.2523 -5.21382 74.874 1.88974 -13 881 1 0 1
-5.06796 5.09809 35.5564 -31.831 14.7849 72.7046 -0.46296 -13 882 1 0 1
-3.50144 5.1714 35.5564 -23.6997 19.2323 72.4544 -0.270255 -13 883 1 0 1
-13.3798 -0.0416566 35.5564 -41.6871 0.840488 67.4441 -0.462659 -13 884 1 0 1
-10.4842 -3.20496 35.5564 -32.7975 -6.26314 72.3738 -0.203683 -13 885 1 0 1
-4.12098 1.3951 35.5564 -32.0579 -5.12407 73.5222 2.43518 -13 886 1 0 1
-14.3359 3.13714 35.5564 -51.494 6.67249 59.9023 0.611376 -13 887 1 0 1
-8.0607 2.00775 35.5564 -31.3154 -0.35245 74.1696 0.0920189 -13 888 1 0 1
-7.49812 -5.74597 35.5564 -30.0092 -14.6541 72.4611 -0.569322 -13 889 1 0 1
-6.26626 -5.6149 35.5564 -31.7164 -17.4763 72.0382 -1.07236 -13 890 1 0 1
-8.10858 -0.57778 35.5564 -26.3845 0.0335477 76.1182 -1.16943 -13 891 1 0 1
-7.41381 -1.77124 35.5564 -36.053 1.74137 71.8265 0.511589 -13 892 1 0 1
-12.3049 -0.718859 35.5564 -43.0396 2.01328 68.9862 -1.61076 -13 893 1 0 1
-4.83486 -2.83706 35.5564 -31.6026 -6.38858 74.2865 0.0458462 -13 894 1 0 1
-13.8337 1.92084 35.5564 -50.7396 17.0348 56.7397 1.60973 -13 895 1 0 1
-12.2425 5.70141 35.5564 -45.82 17.7323 63.7699 -1.6024 -13 896 1 0 1
-7.21506 -2.43352 35.5564 -29.3481 -6.68537 73.3815 -1.74793 -13 897 1 0 1
-6.08594 1.85948 35.5564 -27.4511 9.76682 75.4796 -0.663157 -13 898 1 0 1
-5.79712 0.54102 35.5564 -26.7049 5.71961 75.3582 -0.245974 -13 899 1 0 1
-8.17592 -1.04224 35.5564 -24.3091 -0.372055 76.2716 -1.59928 -13 900 1 0 1
-6.9842 2.43118 35.5564 -33.7813 1.0203 73.2615 0.632965 -13 901 1 0 1
-7.20035 -4.11271 35.5564 -27.9622 -16.484 72.6668 0.588406 -13 902 1 0 1
-6.87393 -5.41962 35.5564 -36.7603 -5.54879 70.4123 1.21868 -13 903 1 0 1
-5.63127 -1.98339 35.5564 -26.6797 -10.9274 73.1219 1.9697 -13 904 1 0 1
-12.6865 0.694843 35.5564 -51.5766 4.28416 60.6943 0.212037 -13 905 1 0 1
-14.4359 1.24483 35.5564 -46.9796 5.04492 65.3944 1.30204 -13 906 1 0 1
-5.40031 3.88304 35.5564 -29.0908 6.93884 74.9409 0.350427 -13 907 1 0 1
-9.23074 -4.02713 35.5564 -31.0838 -13.4471 71.1078 0.164278 -13 908 1 0 1
-7.67858 -4.18491 35.5564 -38.3968 -6.84227 69.5167 0.739252 -13 909 1 0 1
-8.10565 -1.8806 35.5564 -37.4639 -6.279 70.2345 -0.116093 -13 910 1 0 1
-9.2109 1.40877 35.5564 -31.367 8.43196 71.8987 -0.644651 -13 911 1 0 1
-3.21189 6.26967 35.5564 -19.3375 10.4184 75.3564 -0.787615 -13 912 1 0 1
-6.44529 2.04768 35.5564 -40.4765 13.5797 67.9586 1.36363 -13 913 1 0 1
-11.8097 -2.25076 35.5564 -47.1484 2.75045 67.2449 1.04077 -13 914 1 0 1
-6.80211 -2.94334 35.5564 -30.2107 -5.21534 73.7452 -0.830728 -13 915 1 0 1
-12.6206 0.0393983 35.5564 -54.695 2.57925 58.6998 4.37961 -13 916 1 0 1
-8.91575 2.09444 35.5564 -30.2112 9.89622 73.3634 -0.244177 -13 917 1 0 1
-10.669 3.2561 35.5564 -44.7792 8.95217 65.5832 2.08144 -13 918 1 0 1
-10.0408 3.45245 35.5564 -40.0566 5.92907 68.6239 -0.562045 -13 919 1 0 1
-9.41821 -2.06666 35.5564 -45.1177 -0.89937 66.7377 0.509377 -13 920 1 0 1
-9.89631 3.9095 35.5564 -31.884 0.837787 71.4033 0.305173 -13 921 1 0 1
-9.30468 -5.11028 35.5564 -46.3815 -11.9954 65.5421 2.50257 -13 922 1 0 1
-15.6363 4.22252 35.5564 -50.2395 10.1417 60.8181 -0.112682 -13 923 1 0 1
-9.06784 2.23415 35.5564 -38.8184 2.22088 69.3117 -1.00226 -13 924 1 0 1
-10.5771 -0.685478 35.5564 -40.5074 -0.313872 67.3892 0.407356 -13 925 1 0 1
-9.3198 2.14579 35.5564 -43.6842 2.91407 66.6967 1.43021 -13 926 1 0 1
-8.92418 -1.02752 35.5564 -37.2083 3.4639 73.4022 0.588906 -13 927 1 0 1
-5.92402 0.188233 35.5564 -26.1872 -1.00213 75.91 -0.214708 -13 928 1 0 1
-7.31073 2.72628 35.5564 -22.0171 7.72465 76.907 -0.590781 -13 929 1 0 1
-8.15634 -0.326654 35.5564 -37.188 -0.960796 71.4944 1.37809 -13 930 1 0 1
-3.53304 1.86344 35.5564 -22.4247 0.758801 75.7581 2.01976 -13 931 1 0 1
-10.013 -0.428705 35.5564 -36.7675 -3.12861 70.2034 1.89756 -13 932 1 0 1
-5.59194 1.20319 35.5564 -29.9202 8.46591 72.8757 1.06624 -13 933 1 0 1
-9.45617 2.15077 35.5564 -42.8074 8.48499 67.0133 -0.502659 -13 934 1 0 1
-16.6224 1.19678 35.5564 -52.7293 2.18668 57.9238 0.983185 -13 935 1 0 1
-3.94469 -3.48594 35.5564 -20.6634 -2.74387 78.4932 0.0487149 -13 936 1 0 1
-13.7309 -2.26639 35.5564 -39.5784 -9.20024 69.7183 -1.3683 -13 937 1 0 1
-9.27963 -4.80826 35.5564 -41.4151 -7.07162 66.3626 -0.161684 -13 938 1 0 1
-10.929 -1.30849 35.5564 -40.0444 -2.85862 68.4199 -0.515812 -13 939 1 0 1
-7.50499 -0.0384444 35.5564 -32.0337 3.05091 73.0235 -0.0138929 -13 940 1 0 1
-9.33183 -1.2006 35.5564 -38.9673 1.6204 70.4734 0.252661 -13 941 1 0 1
-3.37952 -0.0501675 35.5564 -26.1227 -0.326527 74.59 0.590601 -13 942 1 0 1
-3.81234 -0.955653 35.5564 -25.1172 -0.474911 77.4679 1.44838 -13 943 1 0 1
-11.7408 -1.71475 35.5564 -39.2959 3.72581 69.307 -0.421187 -13 944 1 0 1
-9.69044 3.8777 35.5564 -41.6136 16.0186 66.6032 0.935118 -13 945 1 0 1
-5.59478 3.41086 35.5564 -23.3952 10.6546 74.5674 -0.75879 -13 946 1 0 1
-4.80742 -2.75472 35.5564 -25.4516 -3.33049 75.978 -1.14928 -13 947 1 0 1
-4.05276 -0.447603 35.5564 -19.3745 3.85862 77.735 1.29524 -13 948 1 0 1
-16.1065 -0.310151 35.5564 -49.9809 -0.734675 62.2208 0.437154 -13 949 1 0 1
-8.45126 2.98828 35.5564 -35.8259 5.61738 72.2443 0.101711 -13 950 1 0 1
-3.94771 -3.27947 35.5564 -19.8415 -6.89181 76.9128 0.62484 -13 951 1 0 1
-6.38715 -1.85577 35.5564 -28.0613 -5.89157 74.8583 2.68841 -13 952 1 0 1
-7.44965 1.61568 35.5564 -32.4137 2.39627 71.5084 0.292465 -13 953 1 0 1
-9.82378 -6.65392 35.5564 -35.9082 -18.1745 69.0338 -0.207752 -13 954 1 0 1
-8.89994 -0.202933 35.5564 -35.6554 -9.55253 71.1105 0.573782 -13 955 1 0 1
-9.17159 1.54598 35.5564 -34.8871 -0.238206 71.8135 -0.072495 -13 956 1 0 1
-11.9566 -0.273079 35.5564 -42.1638 -6.57159 67.1251 -0.985893 -13 957 1 0 1
-9.42429 0.363648 35.5564 -50.1567 -1.35239 63.2846 -0.721664 -13 958 1 0 1
-2.58263 -3.75935 35.5564 -19.4166 -13.2364 76.5601 0.432041 -13 959 1 0 1
-9.54529 0.379957 35.5564 -42.7186 -0.963779 67.0969 -1.95191 -13 960 1 0 1
-7.81384 -3.32559 35.5564 -30.3752 -4.90129 74.3228 0.210555 -13 961 1 0 1
-11.291 1.48235 35.5564 -35.792 4.60894 71.1987 0.674732 -13 962 1 0 1
-2.54801 0.491808 35.5564 -21.597 -10.5203 76.3776 2.03257 -13 963 1 0 1
-10.6397 1.71278 35.5564 -39.7579 1.9374 69.3795 1.9928 -13 964 1 0 1
-6.52193 -2.33296 35.5564 -31.4386 -9.91262 73.2066 1.45924 -13 965 1 0 1
-8.68241 -2.61676 35.5564 -33.3312 -0.788849 73.9033 2.32977 -13 966 1 0 1
-11.259 1.73772 35.5564 -37.6321 9.06622 69.2399 0.604845 -13 967 1 0 1
-16.1056 1.88537 35.5564 -53.3885 1.15784 60.522 -0.97573 -13 968 1 0 1
-10.8036 -0.964437 35.5564 -35.5228 -5.84521 71.5164 0.605314 -13 969 1 0 1
-4.99934 -1.26198 35.5564 -26.5997 -7.26338 74.2486 -0.0217359 -13 970 1 0 1
-7.78402 -2.92008 35.5564 -34.7332 -1.15408 72.7809 -1.08059 -13 971 1 0 1
-6.79372 2.56762 35.5564 -24.9184 12.128 76.0843 -0.96327 -13 972 1 0 1
-8.44838 1.71065 35.5564 -26.847 9.79369 75.785 -0.809476 -13 973 1 0 1
-9.18026 1.15488 35.5564 -39.1028 4.16959 69.9391 -0.544121 -13 974 1 0 1
-9.17239 -1.43953 35.5564 -41.5267 4.97757 69.8659 1.73826 -13 975 1 0 1
-3.48853 -0.919278 35.5564 -12.1086 -1.53872 79.0351 -2.45388 -13 976 1 0 1
-8.6982 -1.085 35.5564 -35.1356 -0.282881 71.4787 0.440389 -13 977 1 0 1
-7.98522 0.00970546 35.5564 -24.0794 1.73898 74.779 -3.00943 -13 978 1 0 1
-9.54458 1.00766 35.5564 -41.8258 -0.429251 67.4224 -1.33829 -13 979 1 0 1
-14.9543 -0.976472 35.5564 -49.4693 -3.5322 61.8158 -1.32473 -13 980 1 0 1
-10.0996 -1.35597 35.5564 -39.7311 -8.89902 66.896 -0.599335 -13 981 1 0 1
-8.26961 2.54797 35.5564 -35.0045 3.45909 72.734 -0.591541 -13 982 1 0 1
-9.39187 -1.67855 35.5564 -41.4844 4.3271 68.4059 -0.22726 -13 983 1 0 1
-6.27926 0.816659 35.5564 -20.8906 2.30349 76.1674 1.24235 -13 984 1 0 1
-6.37222 0.500401 35.5564 -28.9342 2.70811 74.9107 0.954692 -13 985 1 0 1
-8.9458 -2.09941 35.5564 -35.6685 -4.48475 71.1175 -0.225411 -13 986 1 0 1
-8.86149 -3.04535 35.5564 -35.2449 -11.118 70.4604 0.517196 -13 987 1 0 1
-11.0246 6.63271 35.5564 -35.9229 15.3607 68.7126 -0.0841603 -13 988 1 0 1
-5.28956 -3.7988 35.5564 -29.0045 -8.7028 75.3447 1.15756 -13 989 1 0 1
-8.4834 0.169183 35.5564 -37.556 -7.13267 70.8307 0.375825 -13 990 1 0 1
-7.53061 4.5212 35.5564 -28.8398 7.15858 75.3584 -2.14882 -13 991 1 0 1
-12.3689 0.252921 35.5564 -40.3147 -0.118839 69.4799 0.919038 -13 992 1 0 1
-11.5141 -2.76116 35.5564 -38.0134 -6.82765 71.351 1.70493 -13 993 1 0 1
-4.45473 -4.2318 35.5564 -21.1137 -7.57251 75.8012 -0.72126 -13 994 1 0 1
-4.33925 0.656883 35.5564 -24.1103 4.2966 77.6097 -1.71842 -13 995 1 0 1
-8.63006 -0.381098 35.5564 -38.0079 -1.96867 71.0169 0.304596 -13 996 1 0 1
-10.4029 -0.6387 35.5564 -36.5842 -1.65845 68.8584 2.48701 -13 997 1 0 1
-8.25018 -0.151133 35.5564 -26.3565 -4.90992 77.3481 0.458175 -13 998 1 0 1
-5.38576 -0.465267 35.5564 -24.0344 0.139602 75.566 0.0533971 -13 999 1 0 1
-7.07169 -3.69454 35.5564 -27.9006 -9.99529 74.0938 -0.476118 -13 1000 1 0 1
