#BLTrackFile NTuple/Z40
#x y z Px Py Pz t PDGid EventID TrackID ParentID Weight
#mm mm mm MeV/c MeV/c MeV/c ns - - - - -
-3.64448 -4.37147 40.4558 -14.0319 -7.2571 71.0558 -0.948326 -13 1 1 0 1
4.65518 3.60273 40.4558 0.863912 -1.69114 81.0335 0.156305 -13 2 1 0 1
-0.710059 -0.867387 40.4558 -6.96986 -2.46388 71.0244 1.10601 -13 3 1 0 1
-3.53345 -3.3159 40.4558 -17.4297 -3.63524 76.2966 0.555101 -13 4 1 0 1
-7.04898 1.02107 40.4558 -14.1781 -1.38286 58.8212 0.714914 -13 5 1 0 1
-1.72612 -1.81174 40.4558 -10.3148 -1.59966 74.1884 -0.570251 -13 6 1 0 1
-1.47051 -3.68904 40.4558 -3.21805 -6.08424 60.4148 -0.670029 -13 7 1 0 1
-8.93878 -0.658038 40.4558 -12.2162 3.49828 44.1184 0.184422 -13 8 1 0 1
2.13898 4.93501 40.4558 2.17942 11.265 63.1146 1.32231 -13 9 1 0 1
0.282846 -4.00536 40.4558 -0.986914 -5.68201 66.5167 0.902867 -13 10 1 0 1
2.56404 4.77249 40.4558 0.364723 9.9654 71.5008 -0.312443 -13 11 1 0 1
-4.66398 -2.9692 40.4558 -9.68732 -7.94164 58.892 1.90765 -13 12 1 0 1
3.13569 4.90533 40.4558 4.83187 5.08376 38.5893 -0.593194 -13 13 1 0 1
4.75435 -5.04278 40.4558 6.97337 -6.08947 67.6264 -1.3162 -13 14 1 0 1
1.24148 -4.10177 40.4558 0.326728 -8.08358 66.8151 1.69301 -13 15 1 0 1
9.7908 -9.45467 40.4558 14.9662 -18.6154 55.9261 2.36872 -13 16 1 0 1
-3.91538 4.56665 40.4558 -9.79523 11.645 62.2849 -0.436665 -13 17 1 0 1
-5.75572 -3.72951 40.4558 -8.67987 -8.64661 50.6914 1.63819 -13 18 1 0 1
-8.26294 2.2932 40.4558 -20.2559 6.83874 62.0117 0.345096 -13 19 1 0 1
-0.158997 -5.06686 40.4558 -2.31663 -9.23201 63.7968 3.1712 -13 20 1 0 1
-4.89277 -0.649103 40.4558 -8.27612 3.46547 55.4866 -0.959542 -13 22 1 0 1
-11.1334 7.32924 40.4558 -11.097 7.14432 31.6726 0.822359 -13 23 1 0 1
-9.01913 5.0094 40.4558 -15.455 8.67179 51.2654 0.934418 -13 24 1 0 1
1.73453 -3.72586 40.4558 -0.615611 -4.04788 70.4991 0.508887 -13 25 1 0 1
-0.879495 0.903457 40.4558 -4.62891 2.73624 68.1982 0.0886272 -13 26 1 0 1
0.116025 -2.86218 40.4558 -2.19232 0.865144 66.3501 1.67937 -13 27 1 0 1
0.936641 -6.1252 40.4558 -3.29087 -13.8952 72.4158 0.476186 -13 28 1 0 1
-2.58938 1.56537 40.4558 -8.62774 7.09294 66.1269 1.23735 -13 30 1 0 1
-0.877001 -0.487839 40.4558 -7.40159 1.29621 71.3654 -0.0546948 -13 31 1 0 1
-4.39185 0.924552 40.4558 -9.30897 2.05813 60.7525 -0.260131 -13 32 1 0 1
-2.22694 -1.87848 40.4558 -0.978493 -0.151243 16.4382 1.46776 -13 33 1 0 1
-7.05184 -1.31194 40.4558 -17.3491 0.0907047 63.6554 -0.385566 -13 34 1 0 1
-9.18485 -6.93265 40.4558 -25.1187 -12.9892 67.506 2.41726 -13 35 1 0 1
-2.03672 1.13871 40.4558 -6.50505 7.73815 65.3947 -0.882689 -13 36 1 0 1
0.993645 -2.26341 40.4558 -6.0691 -8.86822 79.0522 -1.24197 -13 37 1 0 1
-1.57333 -5.12335 40.4558 -3.73755 -12.1078 59.2208 1.68308 -13 38 1 0 1
-5.23788 1.37584 40.4558 -9.12846 2.03176 50.5541 1.005 -13 40 1 0 1
2.30699 7.45297 40.4558 2.87551 12.8426 61.2309 0.0719258 -13 41 1 0 1
-1.09979 0.798072 40.4558 -6.19981 -2.5763 67.8366 1.47186 -13 42 1 0 1
-3.43503 -1.20248 40.4558 -20.2853 -3.62332 77.3226 0.524046 -13 43 1 0 1
0.682979 2.12687 40.4558 1.78332 2.21243 56.4905 0.875276 -13 44 1 0 1
-0.271128 -3.34254 40.4558 -4.64555 -7.01203 67.529 0.617068 -13 46 1 0 1
-0.904293 6.6753 40.4558 -2.77301 7.89407 59.1675 1.15521 -13 47 1 0 1
-2.49653 2.85199 40.4558 -8.81875 11.8316 65.5719 0.916143 -13 48 1 0 1
-1.63754 -2.76399 40.4558 -7.73889 -14.51 68.6548 -0.33515 -13 49 1 0 1
0.257068 0.193069 40.4558 2.7189 1.89034 42.309 -0.400658 -13 50 1 0 1
1.60085 3.95182 40.4558 -2.53935 4.84428 72.6192 -0.0869985 -13 51 1 0 1
-5.38683 4.671 40.4558 -8.54344 9.43875 52.6632 0.319069 -13 52 1 0 1
0.606085 3.2912 40.4558 2.00601 4.22569 56.7276 -2.1263 -13 53 1 0 1
-1.64772 5.49995 40.4558 -0.467917 5.68888 42.01 0.274005 -13 54 1 0 1
-2.2712 -1.29158 40.4558 -10.1365 -5.15574 69.7234 1.11388 -13 55 1 0 1
5.92942 4.22376 40.4558 9.81583 8.58247 61.1689 -0.759282 -13 56 1 0 1
0.312667 -0.270408 40.4558 -0.0607638 2.35704 63.5986 -0.194987 -13 58 1 0 1
0.240333 -4.30744 40.4558 -2.69665 -9.63205 67.3258 2.16775 -13 59 1 0 1
1.0141 6.8885 40.4558 1.6796 16.0539 55.6699 0.481868 -13 60 1 0 1
-3.06115 1.74596 40.4558 -7.62256 5.87954 62.2063 -0.632378 -13 61 1 0 1
-0.364108 -1.09165 40.4558 -4.57063 1.98251 69.5476 -0.346107 -13 62 1 0 1
-0.362244 -3.86539 40.4558 0.0346724 -4.59408 33.7322 0.445103 -13 63 1 0 1
-0.817878 -0.446602 40.4558 -2.66057 0.0609125 60.4869 0.349266 -13 64 1 0 1
0.828355 1.35295 40.4558 -0.465026 0.82818 65.658 -1.23984 -13 65 1 0 1
0.248145 1.13253 40.4558 -3.64382 1.35908 71.2745 0.651629 -13 66 1 0 1
0.133756 -2.68698 40.4558 -0.0305259 -2.18352 61.0924 -0.467083 -13 67 1 0 1
-0.982026 8.03101 40.4558 -0.581955 10.9434 53.0392 -0.734039 -13 68 1 0 1
-3.2359 -2.59379 40.4558 -7.60522 -6.05311 62.2764 0.204629 -13 69 1 0 1
-0.588294 -0.468956 40.4558 -10.9825 -10.1861 79.4024 0.423799 -13 70 1 0 1
-2.36856 2.24824 40.4558 -3.81983 0.333547 60.2887 -1.2476 -13 71 1 0 1
2.79605 7.367 40.4558 3.19106 11.0441 64.408 1.32407 -13 72 1 0 1
-1.53129 1.59304 40.4558 -9.92624 -1.17343 73.4782 -0.710854 -13 73 1 0 1
-0.336626 4.42832 40.4558 -0.777366 9.01504 58.1615 0.479559 -13 74 1 0 1
0.897073 3.39617 40.4558 -4.55295 5.83324 74.6392 -2.65938 -13 75 1 0 1
5.74644 1.11468 40.4558 1.67845 2.06095 79.8093 -1.5198 -13 76 1 0 1
-3.56573 2.36679 40.4558 -7.30238 -0.426558 55.8534 2.61086 -13 77 1 0 1
-3.51155 1.01405 40.4558 -7.661 -0.522338 59.2112 -0.540208 -13 78 1 0 1
-0.29017 -1.36817 40.4558 -2.49733 -3.77222 62.5819 1.65449 -13 79 1 0 1
0.422103 -4.69455 40.4558 -4.568 -7.45625 71.685 0.260367 -13 80 1 0 1
0.883657 1.62046 40.4558 -2.98954 11.4708 69.3189 0.293108 -13 81 1 0 1
-0.220517 -1.25601 40.4558 -0.593854 -0.507808 62.5947 1.43943 -13 82 1 0 1
-5.32566 7.10084 40.4558 -14.4491 18.9385 65.3377 0.251967 -13 83 1 0 1
-8.63267 -0.0554169 40.4558 -19.6515 -0.784958 59.6719 0.380435 -13 84 1 0 1
1.34778 0.30005 40.4558 -2.49937 -1.06872 75.504 1.35954 -13 85 1 0 1
0.832524 -0.322405 40.4558 -1.43711 -8.42199 67.7759 0.043633 -13 86 1 0 1
-2.9583 -4.9913 40.4558 -2.90629 -9.89742 49.1556 1.10268 -13 87 1 0 1
-2.86237 -2.84305 40.4558 -9.36617 -5.71233 67.129 -0.172564 -13 88 1 0 1
0.49577 -2.16833 40.4558 -0.69317 -0.718087 61.8956 -0.336735 -13 89 1 0 1
-0.504604 2.8474 40.4558 -2.92783 5.24545 65.3799 0.0529634 -13 90 1 0 1
-6.23773 -1.17102 40.4558 -13.8551 -3.40455 62.3761 1.11835 -13 91 1 0 1
1.29137 0.53985 40.4558 3.72952 1.04749 54.9519 0.236037 -13 92 1 0 1
0.562221 1.54745 40.4558 1.29358 0.51616 59.0627 1.07985 -13 93 1 0 1
-1.54311 10.3708 40.4558 -2.68885 17.5821 52.2101 -1.08042 -13 94 1 0 1
1.1503 1.32452 40.4558 -1.24285 4.78439 70.1528 0.300922 -13 95 1 0 1
-0.711599 3.47436 40.4558 -2.79257 10.5853 60.198 -1.56091 -13 96 1 0 1
-2.42294 -2.665 40.4558 -3.04767 0.498578 56.6177 -0.782873 -13 97 1 0 1
-0.968382 -2.37442 40.4558 -4.60278 -0.938325 67.022 0.68036 -13 98 1 0 1
-2.80893 4.97102 40.4558 -7.32274 10.2689 62.2226 0.753898 -13 99 1 0 1
1.94754 -3.96986 40.4558 1.05318 -3.67713 67.1341 -0.624028 -13 100 1 0 1
4.09648 0.950604 40.4558 5.39441 -0.527723 68.2525 -0.423986 -13 101 1 0 1
1.02378 1.46187 40.4558 -1.32696 2.34044 67.045 0.163198 -13 102 1 0 1
4.83768 -2.75141 40.4558 8.02683 1.25554 61.5196 -2.19251 -13 103 1 0 1
1.39487 -0.291357 40.4558 0.025163 -3.63117 67.2338 -0.0556072 -13 104 1 0 1
-3.61017 0.206974 40.4558 -7.02061 7.6799 59.46 -1.20254 -13 105 1 0 1
-6.48912 -2.11626 40.4558 -13.7152 -4.34703 58.1521 0.539248 -13 106 1 0 1
-0.782248 -2.7782 40.4558 -6.37551 -6.85426 69.7811 -0.802567 -13 107 1 0 1
2.9249 1.52859 40.4558 4.54611 8.58022 62.9838 -0.555509 -13 108 1 0 1
-0.665676 0.558323 40.4558 -3.86305 2.3578 67.2873 1.24558 -13 109 1 0 1
-1.64985 0.852337 40.4558 -10.3119 3.12888 71.7444 -0.0123827 -13 110 1 0 1
-1.70461 -3.91491 40.4558 -11.825 -4.73408 76.0981 -0.053106 -13 111 1 0 1
1.70588 0.993818 40.4558 1.47283 -1.0329 56.1692 -1.58836 -13 112 1 0 1
-0.433735 3.96963 40.4558 -0.502214 6.55689 54.3309 1.04509 -13 113 1 0 1
-0.35103 -4.16262 40.4558 -1.884 -9.50376 61.8224 0.193472 -13 114 1 0 1
2.12248 1.73919 40.4558 5.08938 1.91964 49.2318 0.108725 -13 115 1 0 1
-4.57451 -0.887236 40.4558 -16.1223 -2.38572 70.4336 0.760703 -13 116 1 0 1
-2.23813 -0.057451 40.4558 -4.56484 1.73632 54.9101 -0.0886672 -13 117 1 0 1
-0.00465746 1.7393 40.4558 2.21582 -2.82271 47.0553 -0.142952 -13 118 1 0 1
-0.488707 0.536863 40.4558 -5.29941 3.52662 70.2178 0.746059 -13 119 1 0 1
-5.95167 -0.808866 40.4558 -9.41464 -3.73961e-05 48.5609 0.093174 -13 120 1 0 1
1.02596 -6.01824 40.4558 0.640495 -6.72652 60.7725 1.7785 -13 121 1 0 1
-2.6929 -3.55545 40.4558 -13.776 -6.14253 75.5935 0.860792 -13 122 1 0 1
-0.657716 -5.33636 40.4558 -5.50935 -10.5556 70.1534 0.991844 -13 123 1 0 1
5.57304 0.214417 40.4558 10.4995 1.7353 57.4025 0.549024 -13 124 1 0 1
-6.55325 -8.12912 40.4558 -13.2805 -16.2488 56.8081 -1.26798 -13 125 1 0 1
0.192424 0.599666 40.4558 -8.84713 -5.34247 78.1959 1.17655 -13 126 1 0 1
-0.695781 6.26034 40.4558 -2.22508 9.32022 59.1748 -0.848049 -13 127 1 0 1
-0.0386738 -1.15917 40.4558 -1.65444 -7.20194 64.3224 0.567578 -13 128 1 0 1
5.83533 3.37979 40.4558 10.4559 7.27183 58.0707 -0.224875 -13 129 1 0 1
1.5547 -2.60872 40.4558 3.58891 -0.232316 50.0272 0.854022 -13 130 1 0 1
1.37725 1.17892 40.4558 -1.41625 2.71834 69.0368 -0.234286 -13 131 1 0 1
-5.4125 1.16786 40.4558 -18.166 1.15681 71.4498 1.52095 -13 132 1 0 1
2.84576 0.328311 40.4558 4.40862 -0.647293 63.8604 -1.09979 -13 133 1 0 1
4.17461 0.661568 40.4558 2.97902 0.966471 75.5653 0.618079 -13 134 1 0 1
1.4799 2.9547 40.4558 -1.59492 1.77891 69.8193 1.07049 -13 135 1 0 1
4.17672 3.91299 40.4558 7.68226 3.79638 55.5739 0.279634 -13 136 1 0 1
-4.18416 0.907976 40.4558 -9.89331 0.637605 61.9621 1.73301 -13 137 1 0 1
-3.05883 5.7302 40.4558 -5.58833 11.5002 54.5527 0.535525 -13 140 1 0 1
-2.02554 0.870405 40.4558 -2.60009 4.77534 51.8389 0.118248 -13 141 1 0 1
3.93953 0.888678 40.4558 6.25794 6.2198 64.3702 2.13419 -13 142 1 0 1
-3.95809 -2.72392 40.4558 -12.9763 -7.29704 68.2599 -0.647248 -13 143 1 0 1
3.25354 -0.288672 40.4558 2.7675 -3.60254 71.729 3.11199 -13 144 1 0 1
-0.993944 -10.2862 40.4558 -2.11312 -16.9391 53.8695 1.91838 -13 145 1 0 1
2.18228 -3.80196 40.4558 2.1577 -4.53183 65.8233 0.424012 -13 146 1 0 1
-1.37482 -1.01165 40.4558 -4.72767 -2.34402 64.8616 -1.00771 -13 147 1 0 1
-3.02966 -5.23987 40.4558 -10.5662 -6.68635 68.779 0.443776 -13 148 1 0 1
2.45107 4.68014 40.4558 3.37224 7.31459 56.0413 -0.298588 -13 149 1 0 1
0.140366 4.57765 40.4558 -1.99354 11.3612 65.0401 0.0159825 -13 150 1 0 1
-0.375428 -4.37788 40.4558 -1.29954 -9.59373 56.3915 1.3814 -13 151 1 0 1
0.17219 -0.81207 40.4558 -1.21002 -2.48779 64.2496 2.29698 -13 152 1 0 1
-0.953589 -0.99778 40.4558 -5.10202 -7.47851 67.6777 -0.321806 -13 153 1 0 1
-2.30385 -4.66565 40.4558 -14.5349 -12.0768 76.2318 -1.93387 -13 154 1 0 1
-3.89761 0.87998 40.4558 -10.9492 0.121799 65.6128 -1.29311 -13 155 1 0 1
3.50891 -4.07994 40.4558 6.19796 -3.78959 45.8502 -0.375975 -13 156 1 0 1
-3.4013 -0.685936 40.4558 -8.02492 1.5524 61.5318 0.0521661 -13 157 1 0 1
1.01348 3.06898 40.4558 -8.31359 3.01184 79.0226 1.45825 -13 158 1 0 1
-4.23969 4.19237 40.4558 -7.21046 5.39341 56.2513 -0.504696 -13 159 1 0 1
6.23091 -0.227118 40.4558 10.2442 -0.109931 63.3189 0.123518 -13 160 1 0 1
3.33225 1.61425 40.4558 2.93491 -1.39957 70.4917 1.69348 -13 161 1 0 1
-3.56446 8.45821 40.4558 -3.38806 11.7088 42.1502 -0.413714 -13 162 1 0 1
-2.7003 1.56943 40.4558 -10.1436 8.63515 69.1645 -1.58268 -13 163 1 0 1
2.51142 -3.08953 40.4558 2.61177 -10.4492 65.5085 0.176148 -13 164 1 0 1
-10.0843 -2.86544 40.4558 -25.745 -6.71779 65.1563 -0.103351 -13 166 1 0 1
3.79613 5.06384 40.4558 6.20393 10.3459 62.0346 0.717062 -13 167 1 0 1
-0.254699 2.7441 40.4558 -11.8912 9.44904 78.0005 1.21576 -13 168 1 0 1
4.00649 -2.09698 40.4558 6.55125 -6.32702 57.6484 -0.162148 -13 169 1 0 1
-3.16236 -0.530211 40.4558 -10.2183 -2.94247 66.7723 -0.552394 -13 170 1 0 1
7.5126 -5.6418 40.4558 10.2599 -3.64963 40.53 0.859808 -13 171 1 0 1
-2.53455 3.12556 40.4558 -4.37728 2.85704 56.2763 -0.273885 -13 172 1 0 1
1.6966 -4.16785 40.4558 3.35558 -8.51199 58.0539 0.257322 -13 173 1 0 1
-0.81828 4.72831 40.4558 -4.46076 3.70087 67.522 0.35335 -13 174 1 0 1
-5.47595 -2.29112 40.4558 -6.84258 -6.60212 47.3443 -0.0567622 -13 176 1 0 1
5.41131 -4.54636 40.4558 8.98605 -7.70724 50.677 -0.266791 -13 177 1 0 1
-1.58722 -3.55428 40.4558 -1.89718 -4.15003 52.1827 -0.47539 -13 178 1 0 1
3.45902 -4.43633 40.4558 3.48231 -14.1299 68.7078 -0.646753 -13 179 1 0 1
0.730868 -3.9878 40.4558 1.69135 -5.87832 52.0737 1.64923 -13 180 1 0 1
-6.41182 -1.11544 40.4558 -6.85158 -1.32606 36.7079 -1.3297 -13 181 1 0 1
-7.57297 1.66622 40.4558 -8.09238 3.47333 37.8104 -0.768485 -13 182 1 0 1
1.95518 4.25184 40.4558 4.4903 10.322 41.8895 0.130124 -13 183 1 0 1
-7.95968 -0.104409 40.4558 -15.3881 -3.84624 54.3833 0.122417 -13 184 1 0 1
-4.39897 -0.910593 40.4558 -8.90564 -4.46858 59.3678 -0.679163 -13 185 1 0 1
-0.0874202 2.47715 40.4558 0.942265 5.20905 42.5663 -0.542348 -13 186 1 0 1
-1.40063 -3.18793 40.4558 -7.25268 -0.857901 70.3442 1.24188 -13 188 1 0 1
-2.86037 -1.88745 40.4558 -16.7671 -5.76065 78.1963 0.286602 -13 189 1 0 1
-6.31819 2.5723 40.4558 -12.1262 5.53503 57.862 2.0111 -13 191 1 0 1
0.609018 -0.307277 40.4558 -9.16722 5.7728 79.6869 0.951304 -13 192 1 0 1
-7.47333 0.399888 40.4558 -7.00444 -2.69252 31.9332 -0.865422 -13 193 1 0 1
0.0698003 4.88071 40.4558 -3.48582 14.3517 68.5021 -0.147391 -13 194 1 0 1
-0.629001 -0.120705 40.4558 -1.68645 0.0687098 60.1377 2.36055 -13 195 1 0 1
4.64445 1.04759 40.4558 -1.4271 -4.45061 80.5845 2.67734 -13 196 1 0 1
-3.66796 4.5808 40.4558 -8.65799 8.61369 62.5307 -0.821095 -13 197 1 0 1
4.23767 0.300504 40.4558 7.15008 0.843197 49.4485 -0.499726 -13 198 1 0 1
-7.52053 8.96041 40.4558 -13.238 11.3579 55.1087 -1.49804 -13 199 1 0 1
-3.55663 -3.74491 40.4558 -5.5978 -4.49585 50.3084 0.766083 -13 200 1 0 1
-5.47659 -1.55915 40.4558 -16.1961 -6.05937 67.9411 0.421222 -13 201 1 0 1
-6.51923 12.0731 40.4558 -12.6338 18.4736 52.9972 -0.73508 -13 202 1 0 1
-1.59573 2.12299 40.4558 -4.47481 1.45045 61.8216 0.367622 -13 203 1 0 1
-2.49177 2.95963 40.4558 -3.65895 0.866786 49.6226 1.52363 -13 205 1 0 1
-6.99565 1.43655 40.4558 -28.0583 1.69891 72.8754 0.310417 -13 206 1 0 1
-6.03696 -5.38138 40.4558 -11.032 -10.0683 55.7471 -0.962929 -13 207 1 0 1
-7.21871 0.561606 40.4558 -19.1962 1.83487 66.7126 -0.182913 -13 208 1 0 1
-1.5405 5.49744 40.4558 -0.0950417 4.16762 18.404 0.354205 -13 209 1 0 1
4.97958 0.582937 40.4558 8.95842 2.82025 46.6854 -0.285176 -13 210 1 0 1
4.22864 6.01035 40.4558 6.47538 5.53748 42.0294 0.692709 -13 211 1 0 1
-2.04509 7.48868 40.4558 -10.9207 17.2639 71.4889 2.19461 -13 212 1 0 1
-8.01606 4.40181 40.4558 -15.6144 6.33518 57.025 -1.2201 -13 213 1 0 1
-1.64467 3.07998 40.4558 -9.95049 4.19539 74.8606 1.13595 -13 214 1 0 1
1.18308 -1.26711 40.4558 -2.67587 -9.78876 71.9063 1.84741 -13 215 1 0 1
0.586108 0.22363 40.4558 -3.18467 0.975732 69.8111 1.25101 -13 216 1 0 1
7.97225 2.27315 40.4558 11.7249 6.84721 43.8871 -0.849421 -13 217 1 0 1
-5.60899 0.917999 40.4558 -14.2603 1.69222 63.0703 0.293421 -13 218 1 0 1
-0.878706 -1.80574 40.4558 -9.18529 -4.26845 77.061 0.167808 -13 219 1 0 1
1.04513 1.70114 40.4558 -2.47477 0.457524 71.9933 2.51243 -13 220 1 0 1
5.18439 -1.37478 40.4558 11.3495 -5.24763 54.6495 1.10045 -13 221 1 0 1
-1.07013 3.80285 40.4558 -7.184 9.93537 71.7283 -0.65303 -13 222 1 0 1
-6.38067 -0.574196 40.4558 -14.4613 2.38486 60.2708 1.15713 -13 223 1 0 1
-4.83627 -0.855045 40.4558 -10.6773 -0.143003 61.3369 -0.313242 -13 224 1 0 1
-0.627698 5.31071 40.4558 -0.779062 10.5555 52.8786 -0.132671 -13 226 1 0 1
-4.52147 3.21585 40.4558 -10.1125 5.11257 60.9645 0.185439 -13 227 1 0 1
1.35896 0.506847 40.4558 -5.98252 0.536789 78.0886 -1.75823 -13 228 1 0 1
-3.46514 2.39732 40.4558 -14.001 0.896678 70.6601 0.40625 -13 229 1 0 1
0.310644 -5.51335 40.4558 1.62234 -7.83274 45.2686 -0.197892 -13 230 1 0 1
6.37349 6.61603 40.4558 9.919 18.5258 64.4856 1.393 -13 231 1 0 1
9.15905 6.72088 40.4558 17.1796 12.5989 58.8533 1.02418 -13 232 1 0 1
-4.89737 -0.336804 40.4558 -12.5434 -2.36452 64.0799 -1.30569 -13 233 1 0 1
1.97721 -1.4254 40.4558 -1.51903 -8.29005 73.261 0.443121 -13 235 1 0 1
-5.3247 -1.31723 40.4558 -12.8863 -6.99342 63.2962 1.4416 -13 236 1 0 1
4.64536 -7.77694 40.4558 8.17263 -10.9444 52.9391 0.949442 -13 237 1 0 1
-1.19329 0.905298 40.4558 -4.01267 1.0376 62.4415 0.256758 -13 238 1 0 1
-4.16228 -1.48168 40.4558 -14.1117 1.89147 69.2673 1.44324 -13 239 1 0 1
0.9169 8.99027 40.4558 2.68617 13.5473 44.4253 -0.180987 -13 240 1 0 1
0.829987 1.29136 40.4558 2.28649 1.71479 33.2801 0.950771 -13 241 1 0 1
-3.33497 0.677593 40.4558 -6.4996 -2.83833 58.1038 2.00748 -13 242 1 0 1
3.88987 -5.80045 40.4558 5.37724 -9.28593 68.1027 0.0629725 -13 243 1 0 1
1.28777 1.8894 40.4558 -4.08547 4.33578 75.601 0.844896 -13 244 1 0 1
2.97177 0.970276 40.4558 1.8644 9.16135 71.3772 -0.518323 -13 245 1 0 1
0.457152 0.49613 40.4558 -3.2419 6.72302 70.507 -0.0196823 -13 246 1 0 1
-0.294123 -4.04969 40.4558 -1.8117 -4.50932 60.8073 -0.137857 -13 247 1 0 1
-1.97631 -2.9855 40.4558 -7.39501 -5.93122 67.2684 0.859063 -13 248 1 0 1
7.1787 5.23471 40.4558 11.653 4.34239 60.8205 -0.747762 -13 249 1 0 1
1.41795 -4.86522 40.4558 -0.81406 -11.3345 68.022 -1.30964 -13 250 1 0 1
3.03014 10.36 40.4558 4.50316 13.2437 61.4339 -0.824151 -13 251 1 0 1
3.00165 1.01693 40.4558 5.27831 -0.203314 63.5676 0.467565 -13 252 1 0 1
0.607749 4.58022 40.4558 -4.1796 14.5898 70.4999 -1.16217 -13 253 1 0 1
1.04604 1.69415 40.4558 2.50963 4.33109 56.3672 -0.297399 -13 254 1 0 1
0.54401 -0.530266 40.4558 -6.36749 3.30879 77.2898 0.137683 -13 255 1 0 1
-3.81721 1.14776 40.4558 -6.06151 1.97363 51.82 -0.727296 -13 256 1 0 1
-1.51993 -6.30354 40.4558 -1.02459 -11.6338 44.701 -0.0417884 -13 257 1 0 1
-0.726942 0.688162 40.4558 -3.49306 -0.770906 63.1032 0.325093 -13 258 1 0 1
0.533168 0.861377 40.4558 2.07279 -1.60536 56.9018 -0.972194 -13 259 1 0 1
-1.58135 -0.686104 40.4558 -8.34778 -5.92463 71.9042 -0.103949 -13 260 1 0 1
-3.33861 3.60084 40.4558 -7.67734 6.44778 59.5871 -0.923132 -13 261 1 0 1
0.491922 -1.12059 40.4558 0.795555 -1.04437 63.0525 2.30907 -13 262 1 0 1
3.25442 -3.11555 40.4558 5.05541 -6.04762 63.0725 -1.2753 -13 263 1 0 1
-2.15006 -1.89443 40.4558 -3.17143 -3.45087 50.4544 0.00449823 -13 264 1 0 1
3.77448 2.40859 40.4558 5.90461 7.18463 63.2152 0.906732 -13 265 1 0 1
1.85835 2.64768 40.4558 0.312335 2.21294 70.5482 0.788466 -13 266 1 0 1
-1.9467 3.47172 40.4558 -5.86901 1.30312 63.2284 -0.0903348 -13 267 1 0 1
-2.17231 0.988147 40.4558 -1.92061 3.78112 42.0155 -0.852511 -13 268 1 0 1
-1.68563 3.87822 40.4558 -12.4189 2.75377 76.9708 0.675229 -13 269 1 0 1
-3.25989 0.101501 40.4558 -8.11778 -4.5788 63.0998 1.47101 -13 270 1 0 1
4.50197 -1.06103 40.4558 3.1486 -7.66202 77.4307 -0.631419 -13 271 1 0 1
-1.85991 -4.37775 40.4558 -5.22395 -10.278 61.441 1.80259 -13 272 1 0 1
-8.27807 3.54186 40.4558 -13.4631 4.91745 51.8543 3.04378 -13 273 1 0 1
1.38403 -0.392256 40.4558 0.232545 3.28336 67.1248 -1.82703 -13 274 1 0 1
3.45381 -0.778406 40.4558 5.35027 -4.69222 59.0444 -0.0811826 -13 275 1 0 1
2.06268 -3.43831 40.4558 4.38044 -8.05452 57.2938 1.3977 -13 277 1 0 1
-7.39036 0.00483481 40.4558 -15.1088 -0.20897 59.4686 1.77851 -13 278 1 0 1
-5.32074 0.138832 40.4558 -15.1015 -7.49546 66.968 -2.2621 -13 279 1 0 1
1.73043 1.12564 40.4558 2.36355 -0.0479842 61.6253 0.452557 -13 280 1 0 1
-0.370839 -2.51544 40.4558 -4.62115 -2.20496 66.3597 -1.08715 -13 281 1 0 1
-2.42322 3.57191 40.4558 -3.01766 7.87995 47.4755 -0.596452 -13 282 1 0 1
1.71048 -5.87246 40.4558 3.37184 -9.38775 49.3097 -1.3713 -13 283 1 0 1
-4.24856 5.56214 40.4558 -6.72296 4.2194 52.4499 -0.125866 -13 284 1 0 1
-8.3402 2.38556 40.4558 -18.1009 7.1782 59.2232 -0.275082 -13 285 1 0 1
-4.58636 -6.09456 40.4558 -13.3247 -2.56466 68.003 -1.24974 -13 286 1 0 1
-2.76946 1.77022 40.4558 -4.36669 -0.671819 51.4451 -1.38223 -13 287 1 0 1
1.7293 12.6446 40.4558 -4.76516 34.9903 71.1032 -0.0723187 -13 288 1 0 1
-0.891756 4.90254 40.4558 -9.85415 12.5849 76.6419 0.655997 -13 289 1 0 1
8.34386 -0.398872 40.4558 12.2615 -2.01252 43.8486 0.408884 -13 290 1 0 1
2.13287 -1.93746 40.4558 -2.42969 -7.51907 75.0855 0.642707 -13 291 1 0 1
-1.07604 1.7081 40.4558 -7.98882 6.12517 71.887 -0.071246 -13 292 1 0 1
-10.5287 2.40523 40.4558 -15.8512 8.52096 45.6735 2.3033 -13 293 1 0 1
8.09488 0.85951 40.4558 12.672 9.9543 69.5077 1.79495 -13 294 1 0 1
-2.9099 -0.717443 40.4558 -8.36473 -2.63011 64.7897 0.285046 -13 295 1 0 1
-6.42063 2.2357 40.4558 -12.1637 3.80525 57.6273 -0.0605085 -13 296 1 0 1
3.24845 -1.25039 40.4558 6.01306 -4.55778 53.8684 2.75942 -13 297 1 0 1
0.893542 1.34177 40.4558 -1.08432 -1.18341 67.1388 -1.66476 -13 298 1 0 1
-11.9369 -0.0828391 40.4558 -17.5444 4.60964 43.0849 2.99034 -13 299 1 0 1
-4.1192 4.64803 40.4558 -8.94113 5.97521 61.5735 -0.564716 -13 301 1 0 1
-4.54067 1.55435 40.4558 -10.9134 7.56765 62.2098 0.439934 -13 302 1 0 1
-1.71619 -0.893077 40.4558 -4.71247 3.20555 61.8866 0.210157 -13 303 1 0 1
-1.22072 1.61935 40.4558 -5.41973 7.38998 65.1682 0.730474 -13 304 1 0 1
-9.63479 4.76765 40.4558 -12.0359 7.44241 41.1962 1.45447 -13 305 1 0 1
-2.29552 -0.0637878 40.4558 -7.45907 -3.3697 66.0247 -0.846704 -13 306 1 0 1
-0.765015 -5.07777 40.4558 -5.99489 -18.465 66.9859 -1.10311 -13 307 1 0 1
-1.1915 -6.2848 40.4558 -8.42767 -14.4783 71.8487 0.273503 -13 308 1 0 1
-3.60252 2.04249 40.4558 -10.1591 4.47684 64.7548 -0.662673 -13 309 1 0 1
4.76672 -1.22979 40.4558 5.02895 -2.46734 72.1059 -0.209553 -13 310 1 0 1
13.2732 18.9916 40.4558 10.2433 18.1476 23.2333 -1.20376 -13 311 1 0 1
-3.47945 0.690805 40.4558 -12.3529 3.70298 70.0124 0.0243695 -13 312 1 0 1
-4.22908 4.73906 40.4558 -14.5659 9.65381 70.4164 1.12067 -13 313 1 0 1
1.93298 -3.9241 40.4558 -0.591844 -7.80953 68.6279 -0.408918 -13 314 1 0 1
3.3892 -2.07532 40.4558 6.02688 0.591849 62.1497 -1.27179 -13 315 1 0 1
-1.29415 -9.45169 40.4558 -1.69812 -16.1955 50.3309 -1.02603 -13 316 1 0 1
-2.31181 -4.66048 40.4558 -6.54794 -11.0851 62.7172 0.942266 -13 317 1 0 1
-0.284604 -1.99639 40.4558 -4.40382 -1.63381 68.9933 -1.23769 -13 318 1 0 1
-1.0012 0.653614 40.4558 -7.34913 7.48711 69.3721 2.19028 -13 319 1 0 1
4.21507 0.309443 40.4558 4.98026 0.891828 72.1687 0.763847 -13 320 1 0 1
1.40933 0.034793 40.4558 1.91692 -1.18567 56.9591 -1.47433 -13 321 1 0 1
-0.103217 0.784406 40.4558 -13.3889 4.11859 78.9848 2.02329 -13 322 1 0 1
3.87055 -4.22052 40.4558 2.35291 -2.54063 75.784 0.387516 -13 323 1 0 1
0.264254 3.19847 40.4558 -1.52351 7.17038 65.6607 -0.506903 -13 324 1 0 1
0.623491 -1.6543 40.4558 -3.64122 -5.32662 72.2837 0.150005 -13 325 1 0 1
-8.86211 7.45697 40.4558 -18.673 12.4664 56.6913 0.135442 -13 326 1 0 1
-8.37613 -7.15716 40.4558 -12.7563 -12.9764 46.8509 0.388663 -13 327 1 0 1
-5.3475 3.24602 40.4558 -10.8068 -2.37908 58.2525 -1.34806 -13 328 1 0 1
-0.975149 3.25632 40.4558 -5.40207 9.77807 68.2642 1.25341 -13 329 1 0 1
3.76856 -2.59912 40.4558 1.73355 -2.17739 76.4553 -0.686036 -13 330 1 0 1
-4.42927 5.09157 40.4558 -15.073 3.71469 70.3266 -1.41277 -13 331 1 0 1
-4.59811 -3.39732 40.4558 -3.41986 -2.03102 29.5708 -1.01442 -13 332 1 0 1
0.957909 1.5782 40.4558 2.34919 4.302 48.65 4.22709 -13 333 1 0 1
-3.62877 -3.95332 40.4558 -8.84752 -7.25474 64.8028 0.485379 -13 334 1 0 1
1.93536 -3.74463 40.4558 2.16205 -8.99778 66.1734 0.487876 -13 335 1 0 1
-0.693114 -4.87095 40.4558 -6.58065 -9.63956 68.1146 -0.5117 -13 336 1 0 1
13.393 -8.37784 40.4558 23.76 -15.2941 58.9028 -2.27226 -13 337 1 0 1
1.63051 -2.50722 40.4558 2.60484 -9.96021 53.8273 1.03659 -13 338 1 0 1
-1.74741 -4.20094 40.4558 -2.40631 -5.48593 49.6084 0.518719 -13 339 1 0 1
-1.53878 1.53486 40.4558 -6.76387 5.5192 68.7265 0.350311 -13 340 1 0 1
2.9312 1.89567 40.4558 0.126825 -0.749765 77.6793 0.0968264 -13 341 1 0 1
-2.45092 1.03006 40.4558 -11.7724 5.2765 72.4374 0.759582 -13 342 1 0 1
-0.466722 -0.836896 40.4558 -2.05221 -6.95298 61.8445 -0.222351 -13 343 1 0 1
2.6027 -1.71689 40.4558 4.9521 1.84993 49.5809 -0.170078 -13 344 1 0 1
-1.12371 -1.59162 40.4558 -5.50431 -0.758797 68.5684 -0.709185 -13 345 1 0 1
-7.06891 -0.578858 40.4558 -16.6624 -1.50872 63.153 0.722851 -13 346 1 0 1
-3.88275 -1.27833 40.4558 -11.1405 -2.52417 66.4504 -0.697673 -13 347 1 0 1
-2.67695 0.19654 40.4558 -3.21247 6.39401 51.2369 -0.358449 -13 348 1 0 1
3.61407 6.16367 40.4558 5.90702 9.14429 56.1324 0.984724 -13 349 1 0 1
0.402021 -3.04315 40.4558 -1.40708 -5.36866 65.2147 0.910307 -13 350 1 0 1
-5.03827 1.19639 40.4558 -15.4441 0.173935 68.2985 -1.41052 -13 352 1 0 1
-2.31634 4.05527 40.4558 -6.72061 6.7449 65.11 -0.097761 -13 353 1 0 1
-2.14638 5.77353 40.4558 -3.65606 6.58303 52.4168 0.538627 -13 354 1 0 1
-2.22002 1.69524 40.4558 -11.8679 5.23463 72.9663 -0.342985 -13 355 1 0 1
2.55914 2.7867 40.4558 4.26581 9.4314 59.2729 0.410434 -13 356 1 0 1
-2.14187 -0.0567084 40.4558 -2.03691 1.89149 41.5679 0.163852 -13 357 1 0 1
3.82979 2.58427 40.4558 6.54607 8.18745 51.1952 0.735103 -13 358 1 0 1
1.1639 -0.450236 40.4558 1.70145 4.53199 62.013 0.584995 -13 359 1 0 1
-2.66887 -2.4341 40.4558 -12.2675 -5.29964 73.9804 -0.481836 -13 360 1 0 1
2.43112 -0.299473 40.4558 -2.30317 2.97487 77.2405 -0.0025453 -13 361 1 0 1
-3.59537 1.20362 40.4558 -9.6137 -1.38395 64.9627 -2.65431 -13 362 1 0 1
-0.269804 1.27354 40.4558 -7.25825 6.46966 74.7088 -0.181551 -13 363 1 0 1
-0.106609 -2.64947 40.4558 -3.52686 -3.51944 64.3998 0.372628 -13 364 1 0 1
1.08596 2.52928 40.4558 3.16812 6.9311 50.3525 -1.76905 -13 365 1 0 1
3.18746 -0.396256 40.4558 6.37673 -1.24275 45.4398 2.37385 -13 366 1 0 1
2.53751 0.170546 40.4558 5.42588 -3.26319 41.2686 1.44874 -13 367 1 0 1
-2.57158 2.51177 40.4558 -7.00473 7.61691 64.1465 0.680306 -13 368 1 0 1
-1.12435 -2.13481 40.4558 -2.80823 -0.740718 60.2063 -0.96306 -13 369 1 0 1
-7.43608 1.69989 40.4558 -22.0064 2.70492 68.9042 0.992527 -13 370 1 0 1
-1.78291 -3.28898 40.4558 -5.27321 -5.11265 65.6529 2.51972 -13 371 1 0 1
-2.61734 -2.48396 40.4558 -3.29991 -9.83228 52.6648 0.95246 -13 372 1 0 1
-6.64082 -3.10042 40.4558 -15.1539 -8.02507 61.0075 0.834424 -13 373 1 0 1
-2.43766 -2.2899 40.4558 -12.97 -3.1929 75.2069 0.757159 -13 374 1 0 1
-5.32183 1.69106 40.4558 -21.6349 7.30789 75.5536 -1.2696 -13 375 1 0 1
-4.42666 -4.78641 40.4558 -13.4748 -10.6212 67.4877 0.604433 -13 376 1 0 1
5.36912 -1.98226 40.4558 4.99673 -8.57687 78.066 1.31419 -13 377 1 0 1
-4.13892 -3.58989 40.4558 -3.25876 -7.45404 32.949 2.40857 -13 378 1 0 1
-0.874251 -6.22743 40.4558 -5.76841 -17.3905 66.1373 0.775833 -13 379 1 0 1
-6.19624 -9.27139 40.4558 -6.40968 -14.6504 38.81 -0.558507 -13 380 1 0 1
1.81923 -1.41793 40.4558 2.96264 2.42587 59.8529 1.29484 -13 381 1 0 1
3.37557 -4.55164 40.4558 2.66971 -11.0267 72.1559 -0.203655 -13 382 1 0 1
-11.3102 1.54259 40.4558 -17.7263 1.27975 46.551 1.48427 -13 383 1 0 1
4.27808 2.83376 40.4558 8.42308 1.94846 58.4514 -1.2069 -13 384 1 0 1
-1.33433 -0.494469 40.4558 -5.2207 -5.53127 66.9239 1.91117 -13 385 1 0 1
2.30373 1.78649 40.4558 1.74318 2.53571 69.7664 2.06559 -13 386 1 0 1
-3.16376 -0.238814 40.4558 -12.0844 -2.81395 70.4515 0.259539 -13 387 1 0 1
-1.45902 0.139665 40.4558 -1.52908 1.51634 51.4261 -0.61135 -13 388 1 0 1
6.28425 -1.09655 40.4558 11.6644 0.0289751 61.3034 1.1803 -13 389 1 0 1
-3.89187 0.658961 40.4558 -8.85032 -0.235302 63.0974 0.888676 -13 390 1 0 1
5.9607 1.12159 40.4558 10.9359 0.690096 51.7286 -0.0900179 -13 391 1 0 1
-9.18627 -4.08202 40.4558 -14.161 -11.4137 47.2294 0.380366 -13 392 1 0 1
-1.45414 6.57133 40.4558 -4.36599 10.2673 60.0696 -0.662547 -13 394 1 0 1
-1.23179 4.27117 40.4558 -8.84674 15.0259 73.5132 -1.52057 -13 395 1 0 1
5.35201 3.6021 40.4558 8.77116 3.27133 63.8419 -0.0102253 -13 396 1 0 1
1.10215 -4.23545 40.4558 1.0647 -6.09697 59.7355 1.40951 -13 397 1 0 1
-0.101982 -0.18019 40.4558 -3.26475 -2.06903 66.5713 1.00302 -13 398 1 0 1
-0.223548 -6.59195 40.4558 -5.74232 -11.9897 70.1563 2.18384 -13 399 1 0 1
-0.475739 -0.905447 40.4558 -2.92113 6.35572 64.2924 0.115068 -13 400 1 0 1
3.04709 -0.214169 40.4558 1.83844 0.829997 71.887 -0.0886231 -13 401 1 0 1
-0.171313 4.26024 40.4558 0.270421 7.18591 58.1323 -0.15026 -13 402 1 0 1
-0.829323 -8.8235 40.4558 -5.27983 -24.7233 67.0449 0.372059 -13 403 1 0 1
2.78996 -4.94462 40.4558 3.6819 -14.9318 64.7292 1.35838 -13 404 1 0 1
-2.39605 -1.64034 40.4558 -6.18497 -8.1197 59.4973 -0.432343 -13 406 1 0 1
-2.81409 -3.25716 40.4558 -8.06565 -3.98831 65.0735 1.42689 -13 407 1 0 1
4.60211 3.5188 40.4558 8.3517 7.46443 57.401 1.95334 -13 408 1 0 1
2.88097 -0.731428 40.4558 4.3563 -1.60445 64.2881 0.464419 -13 409 1 0 1
-2.01026 -2.6301 40.4558 -11.4996 -6.25462 75.0282 -2.43611 -13 410 1 0 1
-5.52809 5.16732 40.4558 -5.68205 2.24947 41.0258 0.72456 -13 411 1 0 1
-2.9983 -6.69213 40.4558 -9.13237 -14.4124 63.2919 1.41077 -13 412 1 0 1
-2.0331 3.39027 40.4558 -13.3116 5.76851 77.4944 0.224327 -13 413 1 0 1
-7.69924 -2.97159 40.4558 -14.1808 -4.17184 56.3467 1.14434 -13 414 1 0 1
1.48673 3.67178 40.4558 2.07309 8.42654 56.8926 0.493497 -13 415 1 0 1
4.0467 0.69662 40.4558 3.92638 1.93881 25.0713 5.16963 -13 416 1 0 1
1.68578 -12.2017 40.4558 3.13829 -13.5906 39.3307 0.0581622 -13 417 1 0 1
-0.205661 2.73116 40.4558 -4.27456 2.76421 69.3496 1.61245 -13 418 1 0 1
4.32608 -0.296354 40.4558 7.08568 -0.0520688 64.0418 0.653613 -13 419 1 0 1
0.217335 -2.24634 40.4558 -4.94691 -9.36605 73.0738 -0.301496 -13 421 1 0 1
0.719793 8.64065 40.4558 -1.27357 19.2786 63.8778 0.539317 -13 422 1 0 1
-9.13448 -8.76682 40.4558 -12.095 -8.02827 42.1428 -0.0477443 -13 423 1 0 1
3.72978 9.98814 40.4558 7.50781 10.661 46.609 0.793893 -13 424 1 0 1
-2.40441 -1.32502 40.4558 -6.2958 -1.07036 63.618 0.0812769 -13 425 1 0 1
-0.0754636 0.0352517 40.4558 -7.16314 4.70963 73.4263 -1.28511 -13 426 1 0 1
4.2135 -4.48338 40.4558 6.23598 -5.32308 63.2359 -0.387663 -13 427 1 0 1
-3.10472 3.49959 40.4558 -9.15104 11.8981 64.1943 0.526004 -13 428 1 0 1
3.82102 -5.07912 40.4558 7.25612 -11.6698 56.7883 0.037011 -13 429 1 0 1
-5.82019 5.74518 40.4558 -18.0278 14.0048 67.9689 -1.56492 -13 430 1 0 1
0.758015 -1.51874 40.4558 -5.60263 -4.77184 75.6854 2.02626 -13 431 1 0 1
1.69849 1.14747 40.4558 0.689045 5.81153 67.7261 2.0812 -13 432 1 0 1
-0.794023 -2.7795 40.4558 -6.39626 -12.0168 68.8898 1.51381 -13 433 1 0 1
0.299543 2.09412 40.4558 -0.116646 9.44551 59.1101 0.256075 -13 434 1 0 1
8.11411 2.09948 40.4558 13.3341 2.16065 58.7465 1.20036 -13 435 1 0 1
0.647216 -0.516623 40.4558 -1.90253 0.0969081 67.2892 -2.18271 -13 437 1 0 1
-3.67737 0.0349659 40.4558 -5.19588 0.690642 54.1619 2.09157 -13 438 1 0 1
-1.03884 -4.48383 40.4558 -4.26357 -6.47058 62.4548 -0.994413 -13 439 1 0 1
1.32577 2.25113 40.4558 1.2348 5.89853 61.19 0.347979 -13 440 1 0 1
-3.52391 0.390393 40.4558 -12.924 0.360869 70.4915 1.4897 -13 441 1 0 1
-2.62943 -2.77787 40.4558 -7.43624 -0.382505 64.897 -0.0104543 -13 442 1 0 1
-0.42514 -0.169668 40.4558 -0.32974 5.22266 56.3198 1.17199 -13 443 1 0 1
7.50566 -1.74538 40.4558 12.2878 -1.91262 69.5571 1.10178 -13 444 1 0 1
3.12765 1.31149 40.4558 2.94273 -3.02139 69.3207 0.18949 -13 445 1 0 1
-2.52293 -4.73269 40.4558 -8.8254 -5.53749 68.3289 -1.43246 -13 446 1 0 1
2.4841 0.38819 40.4558 4.39178 1.59254 57.0173 -0.312781 -13 447 1 0 1
-0.783333 0.346127 40.4558 -5.51958 3.8505 70.2396 -1.88263 -13 448 1 0 1
-1.47451 0.963988 40.4558 -2.05826 -0.302713 52.3139 -0.0578499 -13 449 1 0 1
3.34541 2.47076 40.4558 -1.64895 1.74589 81.1813 0.193837 -13 451 1 0 1
-0.355643 -1.49407 40.4558 -2.86817 -4.79179 67.4937 1.21354 -13 452 1 0 1
0.989956 -2.59692 40.4558 2.58667 -3.97698 59.4679 -0.209595 -13 453 1 0 1
-5.19244 2.18002 40.4558 -6.6321 2.8318 50.0636 1.48557 -13 454 1 0 1
2.32077 -0.953652 40.4558 4.78249 -5.11993 55.1762 0.320271 -13 455 1 0 1
2.4974 3.70304 40.4558 2.72542 9.42185 64.4535 -0.513547 -13 456 1 0 1
3.08605 1.24873 40.4558 6.53209 6.20249 56.7259 0.926502 -13 457 1 0 1
1.50694 -10.3355 40.4558 1.71669 -16.8848 53.2214 -0.966779 -13 458 1 0 1
4.45872 4.68019 40.4558 5.16916 6.6186 74.4438 1.79722 -13 459 1 0 1
-2.66898 -1.24595 40.4558 -8.51596 0.154154 64.7212 -0.0353717 -13 460 1 0 1
-4.28123 3.478 40.4558 -10.7805 10.348 64.3354 0.474505 -13 461 1 0 1
-2.46203 -0.195083 40.4558 -6.74826 0.471129 63.4311 -0.163544 -13 462 1 0 1
1.63632 -1.68448 40.4558 -0.034852 -3.06469 68.9015 1.59676 -13 463 1 0 1
2.42834 9.09299 40.4558 3.06735 18.8093 59.6635 -0.0184748 -13 464 1 0 1
-5.3366 8.6949 40.4558 -5.64664 10.3469 35.0462 -0.646217 -13 465 1 0 1
0.800981 3.63136 40.4558 0.791314 8.27054 56.7322 0.465937 -13 466 1 0 1
3.45141 -1.75571 40.4558 6.52461 -0.23854 34.9582 0.0534021 -13 467 1 0 1
-0.292097 0.534495 40.4558 0.288793 -4.2808 56.2171 -0.70124 -13 468 1 0 1
-3.28936 7.77648 40.4558 -4.63222 12.269 49.0884 0.60364 -13 469 1 0 1
1.62183 -4.3451 40.4558 0.937757 -6.2218 64.4444 -0.331983 -13 470 1 0 1
-1.72446 5.90551 40.4558 -1.77622 8.74545 48.5711 1.34749 -13 471 1 0 1
0.861571 -7.13505 40.4558 2.33052 -9.91113 42.153 1.35976 -13 472 1 0 1
-2.313 -1.49795 40.4558 -3.31306 -3.4398 54.9337 -0.473037 -13 473 1 0 1
2.86685 -3.46543 40.4558 5.08426 -7.05484 61.6236 -0.483441 -13 474 1 0 1
0.839568 3.08293 40.4558 -2.49781 9.88504 71.9499 1.70327 -13 475 1 0 1
-6.66077 5.08726 40.4558 -14.2167 11.4099 58.9653 0.140957 -13 476 1 0 1
-0.0995751 7.02555 40.4558 -1.78201 11.5333 66.4003 -1.14869 -13 477 1 0 1
-2.12684 -3.2508 40.4558 -6.1937 -5.11948 60.9798 -1.64279 -13 478 1 0 1
-0.0260808 0.388462 40.4558 0.298254 -1.53449 47.8695 -0.461125 -13 479 1 0 1
1.76075 2.05534 40.4558 3.06877 5.82135 54.72 0.462002 -13 480 1 0 1
1.59748 -2.3692 40.4558 4.04437 -2.79323 32.7863 0.800391 -13 481 1 0 1
-1.09222 -2.85805 40.4558 -0.0639408 -8.16254 45.775 0.561101 -13 482 1 0 1
-5.1461 5.0738 40.4558 -14.8389 9.30518 67.0596 0.937062 -13 483 1 0 1
-4.66958 0.562334 40.4558 -13.5484 -0.98327 65.9857 -1.11697 -13 484 1 0 1
-7.4558 -4.27341 40.4558 -13.8708 -10.2396 55.1422 2.01394 -13 485 1 0 1
-1.22416 -4.59461 40.4558 -3.10363 -12.5855 57.4555 2.90465 -13 486 1 0 1
3.74252 2.4922 40.4558 3.99269 2.40727 69.1613 0.287052 -13 487 1 0 1
-7.99985 -1.51924 40.4558 -16.2435 -3.09403 58.7151 -0.731845 -13 488 1 0 1
-2.11393 -0.290072 40.4558 -1.73507 5.47727 40.9312 1.52956 -13 489 1 0 1
0.0434597 -0.487065 40.4558 -1.25887 -4.85824 63.0372 -1.65871 -13 490 1 0 1
0.712046 0.697153 40.4558 -2.6472 -3.79042 70.3056 1.01479 -13 491 1 0 1
0.655987 0.872196 40.4558 0.0364082 6.17709 61.2931 1.33949 -13 492 1 0 1
-4.35301 -2.80875 40.4558 -7.72902 -6.30757 58.0657 1.18725 -13 493 1 0 1
-0.784937 0.489277 40.4558 0.678358 -1.80771 35.1247 0.30878 -13 494 1 0 1
-0.0736444 7.09968 40.4558 1.96597 4.58336 42.0966 -2.51212 -13 495 1 0 1
-0.351549 -6.33258 40.4558 0.657466 -8.67756 42.8464 0.466705 -13 496 1 0 1
-2.02781 -1.64233 40.4558 -6.89963 -2.77456 63.8616 0.431351 -13 497 1 0 1
-2.73791 2.88232 40.4558 -9.57986 7.30172 67.8779 -0.26617 -13 498 1 0 1
-0.64679 3.90897 40.4558 -0.666508 3.65979 51.9949 -0.661204 -13 499 1 0 1
6.41394 0.181967 40.4558 10.8201 -3.19514 51.2888 -0.964835 -13 500 1 0 1
2.84667 3.96005 40.4558 -2.01823 6.9877 78.4799 -0.139988 -13 501 1 0 1
-5.71916 4.40934 40.4558 -15.2662 5.75074 64.9994 -1.00752 -13 502 1 0 1
-1.56001 -8.98208 40.4558 -6.69215 -14.0981 67.3846 -1.46373 -13 503 1 0 1
-1.84165 0.676468 40.4558 -7.09761 3.35669 65.5889 0.451787 -13 504 1 0 1
6.29013 0.673968 40.4558 11.7564 1.19415 56.4903 -0.97096 -13 505 1 0 1
-2.51116 -0.169368 40.4558 -15.4728 -2.89483 77.2629 1.42274 -13 506 1 0 1
2.50615 7.05347 40.4558 3.88849 12.0974 48.7794 0.623873 -13 507 1 0 1
2.91922 -5.23281 40.4558 4.9572 -8.17124 63.0327 1.12581 -13 508 1 0 1
4.27974 -3.91161 40.4558 4.28793 -8.13417 72.3958 0.164038 -13 509 1 0 1
-6.59737 3.70386 40.4558 -13.4925 6.2928 59.0206 1.30948 -13 510 1 0 1
-7.06455 0.474474 40.4558 -20.1092 3.93682 68.6737 2.20511 -13 511 1 0 1
-4.99416 -1.34548 40.4558 -10.3401 -1.70028 57.3576 -0.252852 -13 512 1 0 1
0.0959259 0.233402 40.4558 0.626488 2.92071 51.3065 1.27654 -13 513 1 0 1
-1.95936 2.55346 40.4558 -4.08898 4.95852 55.245 -3.32978 -13 514 1 0 1
-5.67236 0.196119 40.4558 -15.2652 1.37345 64.5776 -1.30214 -13 515 1 0 1
-1.09044 -1.93985 40.4558 -2.31601 1.865 58.0662 -1.80203 -13 516 1 0 1
0.986896 0.0201169 40.4558 -2.59018 -3.8942 72.2604 -0.988565 -13 517 1 0 1
-1.464 -0.145717 40.4558 -4.70807 1.62275 64.6823 0.952128 -13 518 1 0 1
-2.79218 1.61275 40.4558 -16.0213 2.02031 76.8018 0.0561012 -13 519 1 0 1
-0.909008 -1.07842 40.4558 -1.77547 -5.9358 60.289 2.66044 -13 520 1 0 1
-2.58604 -5.72584 40.4558 -9.3072 -10.8042 68.7797 -1.34165 -13 521 1 0 1
1.66323 2.34219 40.4558 -5.91033 5.16929 80.3504 1.03586 -13 522 1 0 1
-3.40821 3.32134 40.4558 -11.1458 4.35159 68.843 0.996308 -13 523 1 0 1
-0.362143 -4.75107 40.4558 -1.45436 -1.84445 61.7686 0.857076 -13 524 1 0 1
-1.2688 5.95664 40.4558 0.063749 6.60159 39.0009 0.828863 -13 525 1 0 1
-3.73648 -2.42134 40.4558 -14.0115 -0.400103 70.6602 0.169453 -13 526 1 0 1
-3.54965 5.1743 40.4558 -7.39304 10.1322 58.1478 1.16083 -13 527 1 0 1
-4.22861 2.64082 40.4558 -6.51761 4.24935 53.3371 2.82232 -13 528 1 0 1
5.92242 -2.84011 40.4558 8.69647 -12.3607 70.4648 0.920817 -13 529 1 0 1
-1.66837 1.16285 40.4558 -5.9957 2.2367 66.6428 -0.481394 -13 530 1 0 1
-0.270598 1.38825 40.4558 -0.160641 4.1731 59.137 1.12054 -13 531 1 0 1
-7.97999 2.05192 40.4558 -13.0822 6.59654 51.6861 1.79072 -13 532 1 0 1
-8.59838 -7.60805 40.4558 -7.91635 -6.15507 25.6575 3.53057 -13 533 1 0 1
2.51679 -0.781655 40.4558 1.66713 -0.0985094 70.2121 1.09111 -13 534 1 0 1
1.0514 1.64673 40.4558 -2.08241 11.3191 69.241 -2.70827 -13 535 1 0 1
0.673676 -1.1854 40.4558 0.989809 1.39842 54.9362 -0.780129 -13 536 1 0 1
2.66031 5.02462 40.4558 5.14633 8.23876 62.0908 0.234134 -13 538 1 0 1
6.07454 -1.88212 40.4558 6.96141 -3.03494 76.9554 1.49868 -13 540 1 0 1
-1.55021 3.22588 40.4558 -8.39525 10.3641 69.7839 1.07086 -13 541 1 0 1
1.9738 0.0692025 40.4558 1.15996 2.45987 67.8151 0.132415 -13 542 1 0 1
0.0455225 -2.47149 40.4558 -2.14618 -9.72252 66.0567 -0.395953 -13 543 1 0 1
1.36479 -0.778919 40.4558 1.36421 -2.80472 63.3748 0.549071 -13 544 1 0 1
-0.968926 -9.39096 40.4558 -6.75832 -23.7367 68.0874 1.26847 -13 545 1 0 1
-1.59943 -9.06296 40.4558 -2.04519 -11.8991 42.7553 0.638151 -13 546 1 0 1
-2.55401 5.83905 40.4558 -4.20908 11.4913 51.2102 -0.569274 -13 547 1 0 1
0.484914 1.08157 40.4558 -0.608925 6.83099 61.4627 2.38877 -13 548 1 0 1
0.743934 -3.50026 40.4558 1.18404 -2.73488 57.7574 2.69266 -13 549 1 0 1
-8.41651 6.34405 40.4558 -21.2595 15.7199 63.5492 -2.36616 -13 550 1 0 1
1.1845 -6.02589 40.4558 2.39828 -2.79855 34.6198 1.40633 -13 551 1 0 1
-6.41128 -0.762896 40.4558 -12.555 -3.34947 57.7449 0.356882 -13 553 1 0 1
-5.80921 -1.09844 40.4558 -14.5529 -4.39241 63.269 -0.885162 -13 554 1 0 1
1.80691 1.62766 40.4558 -2.73352 4.0398 73.7228 1.35699 -13 555 1 0 1
-3.24853 4.71708 40.4558 -6.41355 7.81696 55.5834 0.623115 -13 556 1 0 1
1.71877 0.47997 40.4558 2.34341 -0.517282 61.3931 2.55392 -13 557 1 0 1
-2.60604 -0.6147 40.4558 -6.36232 -3.86635 61.3114 -2.48293 -13 558 1 0 1
-9.83116 2.30071 40.4558 -13.4828 3.81198 42.4129 -1.26738 -13 560 1 0 1
-5.63812 3.44107 40.4558 -16.3712 4.18993 67.1394 1.22124 -13 562 1 0 1
3.11724 -0.413686 40.4558 2.19807 -4.50105 70.5527 -0.222683 -13 564 1 0 1
-6.5822 3.3966 40.4558 -11.7576 8.65176 53.7834 1.39736 -13 565 1 0 1
-5.59896 -1.30878 40.4558 -18.7072 -4.33148 70.5728 0.858303 -13 566 1 0 1
-3.74649 -3.73908 40.4558 -5.95 -4.43762 53.4716 0.326238 -13 567 1 0 1
-1.1915 2.9882 40.4558 -6.60268 8.86351 70.5916 0.291972 -13 568 1 0 1
-0.986158 -3.14903 40.4558 -3.65515 -7.27505 61.1504 1.91534 -13 569 1 0 1
-2.10704 -2.87751 40.4558 -2.40489 -2.18021 51.1032 -2.27549 -13 570 1 0 1
-2.50564 8.19747 40.4558 -1.43544 7.09073 19.1741 0.170046 -13 571 1 0 1
0.816882 -1.4013 40.4558 -4.39728 -7.09427 75.1526 -0.0348975 -13 572 1 0 1
-3.64164 0.208711 40.4558 -10.816 -4.93111 67.6631 2.05781 -13 573 1 0 1
-5.02389 8.81302 40.4558 -10.5479 19.6712 56.0733 -0.835099 -13 574 1 0 1
0.422326 -1.45599 40.4558 -3.09155 -3.37261 69.4041 0.295566 -13 575 1 0 1
-0.686812 2.98639 40.4558 -4.67884 0.171143 68.3817 -0.78087 -13 576 1 0 1
-0.177235 -5.60057 40.4558 -3.23944 -5.52077 65.2238 -1.85787 -13 577 1 0 1
-2.80403 5.33303 40.4558 -11.5649 13.2865 70.9792 2.05507 -13 578 1 0 1
2.75679 -6.65758 40.4558 4.76816 -13.8326 61.2207 -0.127622 -13 579 1 0 1
-6.21903 2.31256 40.4558 -16.2962 8.75313 64.3754 1.59427 -13 580 1 0 1
3.56468 2.49282 40.4558 5.9685 2.22283 62.3354 0.190581 -13 581 1 0 1
4.67959 -0.257788 40.4558 7.98508 2.64546 48.4052 0.128412 -13 582 1 0 1
2.1691 0.251923 40.4558 0.453915 -1.44086 71.2373 -0.32989 -13 583 1 0 1
3.14188 3.12772 40.4558 3.68571 2.30734 64.4708 -0.641655 -13 584 1 0 1
-2.80501 -1.80653 40.4558 -8.93358 -7.05234 63.903 -1.93373 -13 585 1 0 1
0.546043 -4.26273 40.4558 -3.74606 -12.2775 70.6726 2.29586 -13 586 1 0 1
-3.41544 4.9356 40.4558 -14.0397 16.0262 71.5047 0.477765 -13 587 1 0 1
2.48913 -1.03604 40.4558 2.65231 1.00663 66.7058 -2.00741 -13 588 1 0 1
-0.423262 2.09264 40.4558 -5.05172 2.7617 69.9339 -1.1312 -13 589 1 0 1
-4.58783 -3.93305 40.4558 -16.3251 -13.6956 71.8866 -0.74892 -13 590 1 0 1
-3.91324 -0.929018 40.4558 -17.5533 1.26235 75.8044 2.69731 -13 591 1 0 1
-1.6163 -0.340738 40.4558 -7.11662 -2.64356 70.7071 -2.49823 -13 592 1 0 1
0.366251 4.05259 40.4558 -0.261025 2.56854 64.0653 2.06197 -13 593 1 0 1
-5.62188 1.34246 40.4558 -14.09 -0.00375111 61.6721 0.36574 -13 594 1 0 1
-0.202262 -2.26182 40.4558 -2.6497 -1.24966 63.8037 0.706025 -13 595 1 0 1
-4.82497 -0.693346 40.4558 -22.1863 -2.48415 76.6585 0.0429301 -13 597 1 0 1
1.79761 -3.69197 40.4558 -6.0627 -11.2832 80.506 -1.6007 -13 598 1 0 1
-5.06295 -1.1995 40.4558 -5.96664 -1.92372 45.5725 -1.4167 -13 599 1 0 1
-2.15515 -4.89317 40.4558 -2.47596 -8.2859 50.2032 0.702039 -13 600 1 0 1
0.828443 0.0923748 40.4558 0.217834 -0.454465 59.4534 1.31936 -13 601 1 0 1
-0.196131 -2.64836 40.4558 -1.63904 -4.76151 63.7204 0.767993 -13 602 1 0 1
-7.49204 -0.801512 40.4558 -19.184 -1.02305 65.2481 -1.12812 -13 603 1 0 1
2.09064 0.0565151 40.4558 5.5806 -1.98664 47.5534 0.314647 -13 604 1 0 1
-2.32065 -12.0828 40.4558 -4.94979 -20.2676 56.7823 0.208487 -13 605 1 0 1
3.54771 -1.00124 40.4558 3.8982 -2.17992 66.8953 2.75939 -13 606 1 0 1
5.19739 3.94056 40.4558 4.38225 15.0419 75.6785 -0.620333 -13 607 1 0 1
-5.94414 -0.627862 40.4558 -18.9943 5.32473 70.4795 0.29483 -13 609 1 0 1
-3.32468 -0.501931 40.4558 -10.1943 6.71883 66.5945 -1.52741 -13 610 1 0 1
-3.10372 1.9013 40.4558 -4.84515 -0.0758654 53.4682 1.07439 -13 611 1 0 1
4.54137 0.326297 40.4558 7.36946 4.13349 56.6263 -2.07922 -13 612 1 0 1
3.86038 -4.83089 40.4558 5.80756 -5.61795 38.1667 1.55174 -13 613 1 0 1
-1.04169 -1.29416 40.4558 -3.4076 -6.241 64.0278 -0.150127 -13 614 1 0 1
-4.40546 0.391896 40.4558 -14.8767 -4.76837 71.9899 0.965535 -13 615 1 0 1
2.51866 1.60619 40.4558 -1.66322 6.94363 77.7037 -0.0684354 -13 616 1 0 1
-1.11113 -5.21419 40.4558 -4.40675 -8.51488 63.0985 -0.534886 -13 617 1 0 1
-3.30638 9.23225 40.4558 -7.18214 19.0693 56.3463 -0.858874 -13 618 1 0 1
3.8585 5.69658 40.4558 6.59515 11.8366 50.3843 0.897097 -13 619 1 0 1
-1.17566 1.65428 40.4558 -11.2021 3.41528 77.0197 -2.05994 -13 620 1 0 1
0.0123414 -5.78857 40.4558 -0.510025 -6.21431 59.5967 0.847982 -13 621 1 0 1
1.6218 -14.4506 40.4558 2.37153 -21.1928 54.4594 0.541001 -13 622 1 0 1
-2.51145 -3.07968 40.4558 -5.38978 -1.96555 60.1261 -0.127583 -13 623 1 0 1
0.628862 -1.60455 40.4558 0.0814815 -5.80605 64.9523 -0.133224 -13 624 1 0 1
-5.26802 7.2344 40.4558 -9.70598 8.7635 55.0627 -0.664958 -13 625 1 0 1
3.06311 1.24518 40.4558 2.03563 -0.289257 70.7767 2.61325 -13 626 1 0 1
-4.99573 0.0295922 40.4558 -19.1791 7.54583 74.0594 0.736234 -13 627 1 0 1
0.331675 -7.75186 40.4558 -3.33801 -15.7999 70.5558 0.307846 -13 628 1 0 1
-2.27179 7.20494 40.4558 -5.92077 17.0416 63.0553 0.365105 -13 629 1 0 1
-6.59547 3.31452 40.4558 -15.0617 9.40279 60.7729 0.837288 -13 630 1 0 1
-1.62407 1.01168 40.4558 -2.34344 3.04406 58.7621 -0.478286 -13 631 1 0 1
-1.94603 -3.77859 40.4558 -7.00872 -7.28192 66.1551 -1.34045 -13 632 1 0 1
9.91929 4.82124 40.4558 18.1047 7.22993 54.7103 -0.625165 -13 633 1 0 1
-8.02319 10.9714 40.4558 -15.8752 20.5324 55.1916 0.0682389 -13 634 1 0 1
5.17624 -1.27154 40.4558 9.18206 -0.263046 51.9156 0.383504 -13 635 1 0 1
-3.92501 2.39808 40.4558 -14.3533 10.4676 71.0794 -1.94156 -13 636 1 0 1
2.54298 -0.0994436 40.4558 0.26117 -2.47591 72.7298 0.25409 -13 637 1 0 1
-8.43922 -6.18806 40.4558 -6.49889 -4.60481 22.2084 0.397747 -13 638 1 0 1
2.20577 -4.27574 40.4558 1.7833 -8.86335 65.8516 -1.79134 -13 639 1 0 1
0.947753 3.43708 40.4558 1.85098 4.27171 38.7833 -1.93681 -13 640 1 0 1
2.53041 -6.00124 40.4558 3.25835 -13.4283 61.0354 -1.14159 -13 641 1 0 1
0.313903 -5.00306 40.4558 1.20182 -6.50252 57.422 0.142657 -13 642 1 0 1
-1.57671 -5.10594 40.4558 -8.07333 -11.9949 69.6513 -0.215585 -13 643 1 0 1
-4.50095 -5.07563 40.4558 -6.99389 -9.86256 48.7691 2.43912 -13 644 1 0 1
0.428342 -4.93847 40.4558 0.726492 -7.78901 56.7144 1.182 -13 645 1 0 1
-4.05671 1.77536 40.4558 -15.1943 3.33645 70.6726 1.51111 -13 646 1 0 1
-5.84633 -1.0083 40.4558 -22.9622 0.197956 74.9387 -1.33993 -13 647 1 0 1
2.56857 0.437249 40.4558 3.0323 2.36476 68.2436 0.0412238 -13 649 1 0 1
-0.570278 -3.34311 40.4558 -7.45866 -4.79429 73.1577 1.10598 -13 650 1 0 1
0.695882 1.33494 40.4558 -2.16783 2.08594 67.9829 0.641012 -13 651 1 0 1
-1.70895 -0.867153 40.4558 -6.51498 -3.25852 65.548 1.14741 -13 652 1 0 1
0.122691 -3.45576 40.4558 -3.56126 -4.73751 68.1667 0.76865 -13 653 1 0 1
0.575796 -2.18771 40.4558 3.88468 -2.57235 40.204 -0.221276 -13 654 1 0 1
-14.2898 -8.65844 40.4558 -9.87446 -6.94477 18.192 0.593027 -13 655 1 0 1
-5.9234 4.28437 40.4558 -14.8247 12.3314 61.9269 0.036094 -13 656 1 0 1
2.67135 -1.86493 40.4558 4.15769 0.845548 61.0282 0.752153 -13 657 1 0 1
-1.78489 -5.34939 40.4558 -8.30292 -7.03414 68.3062 2.35996 -13 659 1 0 1
-0.486717 -0.29023 40.4558 -4.15013 0.545626 66.2923 -1.3705 -13 660 1 0 1
-1.95872 -2.42592 40.4558 -12.6684 -12.0676 74.598 1.761 -13 661 1 0 1
-5.95182 1.1669 40.4558 -11.7305 2.18719 56.3434 -0.124628 -13 662 1 0 1
1.69313 0.820816 40.4558 2.95468 3.77118 57.5198 0.582404 -13 663 1 0 1
-2.11265 -4.46898 40.4558 -9.9862 -8.54661 69.453 1.86468 -13 664 1 0 1
-0.862427 -1.20177 40.4558 -9.2749 -5.19218 76.1712 0.427096 -13 665 1 0 1
-6.71615 -0.831274 40.4558 -14.012 0.406494 59.8747 1.11579 -13 666 1 0 1
-1.52566 -0.456559 40.4558 -4.22187 0.123099 60.0029 -2.01892 -13 667 1 0 1
-5.33468 -3.65842 40.4558 -5.65875 -5.35824 33.1913 0.937942 -13 668 1 0 1
-0.0948067 -6.49023 40.4558 -2.27998 -13.6922 66.7503 1.51247 -13 669 1 0 1
1.72234 -4.60851 40.4558 -0.990085 -9.3702 72.2251 0.15368 -13 670 1 0 1
4.07771 -6.98049 40.4558 6.81525 -13.3045 61.7463 0.617345 -13 671 1 0 1
3.69708 4.86615 40.4558 5.06894 7.92842 56.1889 1.69977 -13 672 1 0 1
-1.56092 11.8948 40.4558 -3.71293 19.8973 57.1407 0.479763 -13 673 1 0 1
5.40437 2.35322 40.4558 7.73309 4.97281 62.0157 0.987885 -13 674 1 0 1
-2.57102 -5.53964 40.4558 -6.45427 -13.0163 61.8848 3.30645 -13 675 1 0 1
5.14578 1.82965 40.4558 8.4841 5.34931 48.9459 -0.0191973 -13 676 1 0 1
6.21795 -0.525639 40.4558 9.0198 -2.78488 66.1704 1.13671 -13 677 1 0 1
-1.67128 3.28098 40.4558 -8.30959 15.8207 70.2751 1.67852 -13 678 1 0 1
-4.84063 6.01444 40.4558 -13.6517 13.7525 65.1471 0.145437 -13 679 1 0 1
-4.38696 2.30674 40.4558 -7.27556 1.95605 55.3959 -0.744443 -13 680 1 0 1
-0.632658 0.169272 40.4558 -6.61334 -7.75473 72.7192 -3.10537 -13 681 1 0 1
-5.85726 -4.00959 40.4558 -4.86471 -8.43667 27.7563 0.25827 -13 682 1 0 1
8.92956 2.60678 40.4558 15.146 11.221 60.8378 2.18421 -13 683 1 0 1
-1.96878 -3.34469 40.4558 -5.14807 -5.62977 60.9141 -0.0700485 -13 684 1 0 1
10.6652 -2.7586 40.4558 18.2438 -9.94448 67.2379 -1.53293 -13 685 1 0 1
2.19128 4.68245 40.4558 1.15641 11.1205 69.2939 0.551079 -13 686 1 0 1
0.911701 0.593982 40.4558 2.19573 3.48566 52.6698 1.83404 -13 687 1 0 1
-1.54305 3.12185 40.4558 -5.96802 3.21603 66.202 0.110198 -13 688 1 0 1
3.16392 -5.13578 40.4558 5.56171 -12.7565 59.7015 1.14678 -13 690 1 0 1
0.661585 1.45465 40.4558 -1.43659 -0.800959 64.6008 -1.81019 -13 691 1 0 1
-2.39823 3.28888 40.4558 -6.45431 1.5762 61.6642 -0.800178 -13 692 1 0 1
0.777744 6.81436 40.4558 1.17396 3.8457 50.3152 1.991 -13 693 1 0 1
0.0540875 -6.16654 40.4558 -2.48529 -8.37127 64.6058 2.51504 -13 694 1 0 1
-1.3874 3.59896 40.4558 -4.59794 7.85292 63.9518 0.501534 -13 696 1 0 1
-2.11302 0.837602 40.4558 -10.4157 4.41531 70.371 0.678311 -13 697 1 0 1
4.4923 -5.98745 40.4558 8.67002 -6.43072 43.5567 -0.52871 -13 699 1 0 1
1.44384 -1.25837 40.4558 -2.01283 -2.68715 72.2476 1.54234 -13 700 1 0 1
1.44521 2.73624 40.4558 -0.280102 10.1923 69.798 1.48823 -13 701 1 0 1
0.413381 0.787793 40.4558 1.24042 1.93045 44.2755 1.50661 -13 702 1 0 1
-2.64162 3.09545 40.4558 -15.9887 5.40216 78.0815 -2.07452 -13 703 1 0 1
2.2375 4.43926 40.4558 4.43372 11.5904 56.458 -0.308008 -13 704 1 0 1
-1.199 2.99323 40.4558 -1.49907 3.58856 53.3773 1.58426 -13 705 1 0 1
-4.32444 0.798902 40.4558 -6.73269 1.74619 53.5968 -1.43047 -13 706 1 0 1
-0.371219 -0.402761 40.4558 -5.849 5.99067 71.8292 3.46944 -13 707 1 0 1
-7.56349 -1.82761 40.4558 -14.8351 -3.42628 57.0902 0.677446 -13 708 1 0 1
-1.96406 -1.80094 40.4558 -5.91633 -6.72584 64.9964 0.239278 -13 709 1 0 1
-3.04346 -2.15367 40.4558 -2.19809 -6.77101 40.4169 -0.763391 -13 710 1 0 1
0.962155 1.81612 40.4558 1.82289 -0.319533 50.5381 -0.15065 -13 711 1 0 1
-1.79835 -5.46192 40.4558 -7.87955 -11.1202 67.8455 1.54527 -13 712 1 0 1
-0.118485 -2.91764 40.4558 -10.7114 -10.9138 79.7231 0.154464 -13 713 1 0 1
-1.65164 1.65399 40.4558 -1.87862 -0.540371 49.3383 1.83173 -13 714 1 0 1
-2.15007 2.11954 40.4558 -9.62041 7.63083 70.1277 -0.919679 -13 715 1 0 1
1.98516 5.04861 40.4558 4.68037 7.87185 50.0678 1.39817 -13 716 1 0 1
-1.65199 -1.28344 40.4558 -1.94191 -3.32267 52.7906 1.9616 -13 717 1 0 1
-2.39012 0.735407 40.4558 -10.5831 -1.23632 71.28 1.09642 -13 718 1 0 1
1.50046 0.334952 40.4558 -1.10401 4.2503 71.7789 0.0549202 -13 719 1 0 1
-1.02087 5.71467 40.4558 -4.35245 12.3574 64.9172 2.24456 -13 720 1 0 1
2.81284 -5.57328 40.4558 1.39238 -12.2197 70.7885 0.0689229 -13 721 1 0 1
1.78592 -3.85855 40.4558 3.32828 -8.45884 54.7448 -1.36063 -13 722 1 0 1
-0.649637 -3.8006 40.4558 -2.83313 -3.96066 60.9887 -1.04259 -13 723 1 0 1
0.209668 5.67663 40.4558 -4.72609 10.8533 71.749 2.15889 -13 724 1 0 1
-4.18839 5.64587 40.4558 -7.71644 7.6914 54.4675 -0.105126 -13 725 1 0 1
5.54715 -6.12175 40.4558 10.0197 -11.3019 53.1582 -0.806297 -13 726 1 0 1
1.19952 1.31886 40.4558 2.29539 2.54361 44.4166 2.12591 -13 727 1 0 1
0.988495 11.2528 40.4558 1.69251 16.5897 39.9465 -0.121402 -13 728 1 0 1
2.27369 -2.92442 40.4558 -2.15218 -5.73995 76.0429 -1.67209 -13 729 1 0 1
-4.95024 -8.39494 40.4558 -3.45744 -7.30121 33.4603 0.0300471 -13 730 1 0 1
-2.7056 -3.39976 40.4558 -9.98647 -5.38279 69.1381 -1.08366 -13 731 1 0 1
-2.93317 4.37271 40.4558 -9.35908 6.66704 68.0955 2.16695 -13 732 1 0 1
-5.46648 1.67816 40.4558 -6.76716 -1.06756 45.7607 -0.234821 -13 733 1 0 1
1.79015 3.76425 40.4558 0.182652 -3.15429 71.3826 2.40253 -13 734 1 0 1
8.69592 5.21354 40.4558 12.6781 5.21727 45.0928 -0.989784 -13 735 1 0 1
0.166298 3.83801 40.4558 1.02344 5.8533 46.6195 -0.0229857 -13 736 1 0 1
-3.31293 5.2777 40.4558 -7.47387 9.24404 61.9658 2.22595 -13 737 1 0 1
4.07267 -0.541402 40.4558 6.818 1.84524 58.4078 1.69546 -13 738 1 0 1
1.36305 -2.29589 40.4558 1.73972 -1.17531 59.3018 -0.984389 -13 739 1 0 1
-1.66834 0.403023 40.4558 -9.34572 0.223317 72.3742 0.929002 -13 740 1 0 1
7.73724 0.969512 40.4558 5.22155 1.43814 20.8392 2.08129 -13 741 1 0 1
-8.1281 1.14126 40.4558 -9.20707 3.38082 40.817 -2.02469 -13 742 1 0 1
-1.85426 0.965467 40.4558 -8.30778 4.87956 71.338 1.48058 -13 743 1 0 1
-3.93531 4.45806 40.4558 -6.96144 5.11871 54.9502 0.429998 -13 744 1 0 1
5.18861 5.32874 40.4558 5.62343 10.8582 71.9845 2.10543 -13 745 1 0 1
-1.94423 -2.58229 40.4558 -7.78579 -5.74283 67.5127 -1.66481 -13 746 1 0 1
0.21313 -1.3963 40.4558 -2.63426 -2.50468 67.858 0.330521 -13 747 1 0 1
-5.62834 -0.407869 40.4558 -7.47294 0.716814 48.0461 -1.63459 -13 748 1 0 1
2.22442 -3.44009 40.4558 -0.655955 -8.5334 72.6258 1.27491 -13 749 1 0 1
-0.747317 5.98618 40.4558 -3.00237 3.2288 63.9344 0.863395 -13 750 1 0 1
-4.1633 3.61156 40.4558 -6.72205 7.944 51.7233 0.185692 -13 751 1 0 1
-0.794029 -0.56298 40.4558 -4.34418 2.37701 67.8763 -0.335654 -13 752 1 0 1
-1.66373 2.57694 40.4558 -4.57967 1.5447 64.0093 -0.88264 -13 753 1 0 1
-4.21331 -1.29918 40.4558 -12.84 -0.681999 68.9773 0.463284 -13 754 1 0 1
2.62599 -0.596237 40.4558 -0.345169 -3.19156 75.3463 -1.28432 -13 755 1 0 1
1.5468 1.64129 40.4558 -0.167051 8.40015 67.8881 -0.887918 -13 756 1 0 1
4.67554 -3.87527 40.4558 8.9201 -5.00864 52.6906 -0.951534 -13 757 1 0 1
0.000855889 -1.46615 40.4558 1.61351 -7.60968 56.113 0.516976 -13 758 1 0 1
1.75079 -7.07748 40.4558 1.20633 -15.8415 61.4271 1.30592 -13 759 1 0 1
-0.243198 3.22174 40.4558 -0.137461 5.31387 53.9933 0.364409 -13 760 1 0 1
0.379583 -4.25544 40.4558 -0.386006 -5.81929 59.2619 0.848519 -13 761 1 0 1
-10.4214 -0.892175 40.4558 -11.2809 1.16041 32.1926 -0.728768 -13 762 1 0 1
5.02334 1.43047 40.4558 7.87538 7.22304 60.3193 1.42408 -13 763 1 0 1
2.0728 1.07726 40.4558 0.462883 3.59096 70.4917 -2.44503 -13 764 1 0 1
-2.47862 -2.46673 40.4558 -5.81458 -6.59055 64.3279 -0.400487 -13 765 1 0 1
-3.70095 -11.3785 40.4558 -2.39071 -9.6085 21.474 -0.831332 -13 766 1 0 1
-0.726341 -0.653082 40.4558 -2.01669 -2.77898 58.4518 -0.288685 -13 767 1 0 1
2.94856 -9.7852 40.4558 3.44292 -20.7947 65.3702 0.775439 -13 768 1 0 1
-0.929035 0.312471 40.4558 0.427137 -2.62575 38.9259 0.312035 -13 769 1 0 1
-3.34943 0.791606 40.4558 -11.1174 -7.86789 69.8403 -0.898155 -13 770 1 0 1
-2.98833 -9.0683 40.4558 -2.33393 -12.023 36.0483 -0.472544 -13 771 1 0 1
1.57416 -1.04725 40.4558 3.6201 -3.83064 55.5642 -0.01855 -13 772 1 0 1
4.49838 -0.154672 40.4558 3.0838 0.777699 76.8277 0.654654 -13 773 1 0 1
-5.15462 -2.69788 40.4558 -9.68163 -2.62115 57.3288 1.1027 -13 774 1 0 1
5.97995 -1.14709 40.4558 10.7188 -5.00618 60.6019 0.0770746 -13 775 1 0 1
-3.19436 2.7324 40.4558 -5.2737 5.506 54.7442 2.68495 -13 776 1 0 1
-3.31701 -2.26241 40.4558 -10.3199 -7.12233 66.1601 0.119487 -13 777 1 0 1
-1.82861 3.81396 40.4558 -1.88472 9.81869 46.7027 2.7558 -13 778 1 0 1
-3.10482 -4.26142 40.4558 -9.64265 -9.17325 67.5559 1.83545 -13 779 1 0 1
2.12482 -0.725044 40.4558 3.23819 -0.876202 67.6985 -0.760135 -13 780 1 0 1
-3.44754 2.97177 40.4558 -9.42968 3.51087 64.9744 0.0384258 -13 781 1 0 1
-1.59583 -3.86837 40.4558 -5.2793 -7.62279 62.8439 0.65977 -13 782 1 0 1
3.33211 -3.18024 40.4558 5.81105 -4.46768 58.8575 1.1354 -13 783 1 0 1
-6.93157 -7.87311 40.4558 -15.9854 -19.3232 61.4379 -0.715372 -13 784 1 0 1
-1.9501 0.55266 40.4558 -13.1382 -6.77567 76.6788 -0.0600304 -13 785 1 0 1
3.91867 2.5473 40.4558 6.77959 1.92301 47.3435 -0.862104 -13 787 1 0 1
-7.25349 -0.424421 40.4558 -15.5718 -2.43332 59.4238 -0.775922 -13 788 1 0 1
4.31841 1.0648 40.4558 5.50256 -2.82898 70.9501 0.579087 -13 789 1 0 1
0.185489 -0.0980757 40.4558 -1.38176 -4.84399 60.0986 2.16003 -13 790 1 0 1
2.11868 -4.67581 40.4558 1.86489 -13.8486 67.2499 -1.27266 -13 791 1 0 1
-2.74028 -0.852277 40.4558 -8.00802 -1.24316 66.2956 2.33829 -13 792 1 0 1
1.33826 0.481147 40.4558 2.37017 -2.01083 53.0261 1.94143 -13 793 1 0 1
-2.06162 1.18871 40.4558 -7.5013 5.14278 69.1205 0.430815 -13 794 1 0 1
-5.0316 -4.78786 40.4558 -9.89495 -9.78762 55.0527 -2.2482 -13 795 1 0 1
-5.43045 1.12643 40.4558 -9.8224 1.66798 57.8263 0.0513398 -13 796 1 0 1
-1.92056 1.16233 40.4558 -1.62159 -2.14996 47.8093 -0.66194 -13 797 1 0 1
-0.314738 6.01497 40.4558 -7.48212 15.5898 73.5792 2.14185 -13 798 1 0 1
-1.59931 3.06952 40.4558 -4.72017 4.54293 62.4686 1.06023 -13 799 1 0 1
-6.69333 1.53146 40.4558 -13.4808 6.30568 57.9026 1.35015 -13 800 1 0 1
3.70868 3.50968 40.4558 5.7892 1.51875 69.0381 2.37316 -13 801 1 0 1
-1.56624 -2.48482 40.4558 -5.84685 -8.44261 65.6425 -1.13459 -13 802 1 0 1
1.85154 -0.89392 40.4558 -2.75372 4.70572 75.6351 -1.54549 -13 803 1 0 1
5.89794 -0.0717595 40.4558 9.83642 0.83682 49.8799 -0.335568 -13 804 1 0 1
-5.09497 -2.73865 40.4558 -3.32996 -1.74094 18.8043 -0.00892348 -13 805 1 0 1
0.615374 0.738631 40.4558 0.932493 0.238353 56.7202 1.14411 -13 806 1 0 1
-4.13708 -5.62119 40.4558 -10.5991 -9.44917 65.2678 0.540715 -13 807 1 0 1
-14.1872 2.1859 40.4558 -11.0476 1.79804 22.6549 1.71713 -13 808 1 0 1
-5.10299 0.529871 40.4558 -12.4732 0.794656 63.835 -0.40551 -13 809 1 0 1
-1.79132 -0.518182 40.4558 -11.5509 -4.13592 75.9831 -0.532912 -13 810 1 0 1
0.33381 1.04191 40.4558 -2.33389 4.92813 70.1965 -0.0700486 -13 811 1 0 1
-6.74146 -3.51869 40.4558 -7.04297 -2.40852 37.2044 2.15429 -13 812 1 0 1
1.42652 4.01994 40.4558 2.1372 10.1104 56.2703 0.914822 -13 813 1 0 1
-0.820782 -1.00001 40.4558 -2.69645 1.80501 62.5733 0.858881 -13 814 1 0 1
1.53337 3.6902 40.4558 2.8087 7.70406 55.1028 -1.90341 -13 815 1 0 1
1.43943 -1.18496 40.4558 -4.57833 -2.75081 76.7129 1.62771 -13 816 1 0 1
-4.12884 1.06254 40.4558 -3.00177 1.35198 36.7695 -1.48452 -13 817 1 0 1
-0.119213 -4.15508 40.4558 1.02458 -8.98791 48.281 0.0524735 -13 820 1 0 1
-0.882628 -2.67282 40.4558 -0.306605 -1.03619 52.5944 -1.59269 -13 821 1 0 1
-1.51744 3.48239 40.4558 -17.0806 2.6661 79.6388 0.763945 -13 822 1 0 1
1.39321 0.703609 40.4558 3.16377 -1.22467 57.2856 0.0567165 -13 823 1 0 1
-3.23581 -1.78501 40.4558 -8.37323 -4.1436 60.536 0.419127 -13 825 1 0 1
-0.758073 2.3841 40.4558 -4.85856 9.08024 66.2473 -1.25609 -13 826 1 0 1
-0.166048 -4.51357 40.4558 -1.63477 -11.9406 62.016 2.80181 -13 827 1 0 1
-1.58755 2.82225 40.4558 -4.80602 2.53069 64.2948 -2.32124 -13 828 1 0 1
4.32508 -9.81863 40.4558 6.0491 -16.5156 47.8812 0.951404 -13 829 1 0 1
-0.641484 -4.64806 40.4558 -3.3302 -10.6646 63.6902 -0.0255977 -13 830 1 0 1
1.34245 -0.384758 40.4558 0.136934 -3.6019 65.7341 2.11897 -13 831 1 0 1
-2.06555 -3.21226 40.4558 -3.32 -6.79459 55.2055 0.506393 -13 832 1 0 1
-0.0261791 -5.87619 40.4558 -1.43788 -12.4344 60.1015 0.515005 -13 833 1 0 1
-3.30633 -5.3506 40.4558 -7.17132 -7.72906 59.8427 -0.0896318 -13 834 1 0 1
-0.943983 -5.0943 40.4558 -11.4992 -14.846 76.3342 -0.813027 -13 835 1 0 1
2.88658 5.04988 40.4558 2.52783 12.434 65.3178 0.0203059 -13 836 1 0 1
4.96605 -8.80007 40.4558 7.35003 -13.0255 65.802 1.17118 -13 837 1 0 1
2.93366 5.24004 40.4558 1.86285 7.17281 71.4712 -1.19415 -13 838 1 0 1
-1.60683 -5.42643 40.4558 -2.22419 -6.64341 55.1021 -0.265027 -13 839 1 0 1
-4.35668 1.49475 40.4558 -9.73293 1.75457 60.1389 2.56688 -13 840 1 0 1
-3.78893 5.20101 40.4558 -7.42112 6.69932 57.7812 -1.68388 -13 841 1 0 1
-1.62701 -1.67787 40.4558 -9.12608 -2.29726 72.8846 -0.841963 -13 842 1 0 1
-1.3362 -3.56853 40.4558 -9.81118 -15.5701 72.6207 0.619545 -13 843 1 0 1
-6.49376 5.03548 40.4558 -12.7265 9.47051 56.8316 1.03622 -13 844 1 0 1
1.53931 -0.951009 40.4558 2.27153 0.685155 60.1606 1.12122 -13 845 1 0 1
3.26923 -9.02099 40.4558 4.27284 -8.88678 35.9021 0.639419 -13 846 1 0 1
2.24107 -6.14295 40.4558 3.79864 -4.31571 58.0694 -1.02684 -13 847 1 0 1
-2.22469 3.67895 40.4558 -3.43598 4.01498 54.8492 -0.660591 -13 848 1 0 1
-6.62925 -3.01987 40.4558 -11.1999 -3.49215 51.8302 -1.85098 -13 849 1 0 1
4.07448 -4.94105 40.4558 4.99525 -10.1948 68.2031 -0.746149 -13 850 1 0 1
-3.72809 3.98441 40.4558 -7.6896 5.34755 58.9085 -0.333872 -13 851 1 0 1
3.24062 -0.12694 40.4558 -0.190739 0.768379 75.6806 0.638109 -13 852 1 0 1
-2.42778 1.31267 40.4558 -5.93225 2.42352 61.0886 1.2258 -13 853 1 0 1
-1.06069 1.72644 40.4558 -7.33962 -1.61323 69.0358 -0.686411 -13 854 1 0 1
-3.78026 5.46989 40.4558 -8.53359 11.1583 60.5093 0.2634 -13 855 1 0 1
-7.14881 1.00123 40.4558 -14.3915 -4.39666 56.4995 0.474129 -13 856 1 0 1
1.42178 -3.9384 40.4558 1.27522 -2.059 66.0946 -0.734467 -13 857 1 0 1
-10.1187 1.95911 40.4558 -23.2624 2.82516 61.1846 -2.25397 -13 858 1 0 1
-2.25571 -1.77214 40.4558 -2.88572 -1.21957 54.6558 1.73604 -13 859 1 0 1
-2.06632 1.48415 40.4558 -7.27088 3.7641 67.3107 1.45997 -13 860 1 0 1
-0.589405 -2.214 40.4558 -8.43327 -6.6383 76.501 -1.68665 -13 861 1 0 1
-1.35463 1.24704 40.4558 -4.51523 4.67849 63.2647 0.0582411 -13 862 1 0 1
-7.16221 -5.52585 40.4558 -14.9416 -8.82792 57.768 0.345802 -13 863 1 0 1
-1.99562 -1.15575 40.4558 -5.02102 -0.858058 62.3704 -0.468295 -13 864 1 0 1
-3.21915 -3.75496 40.4558 -5.65376 -3.44236 54.9354 1.93123 -13 865 1 0 1
0.0183843 5.18572 40.4558 -0.422772 13.1292 55.6313 0.0911499 -13 866 1 0 1
3.44842 4.90812 40.4558 1.92351 8.9566 74.088 -0.514991 -13 867 1 0 1
-0.772107 1.59109 40.4558 -11.0541 0.74393 77.8553 -1.49677 -13 868 1 0 1
-9.51885 -7.84918 40.4558 -18.731 -14.6904 56.4381 -0.528857 -13 869 1 0 1
-0.909091 -1.42784 40.4558 -2.89041 -5.17717 59.641 0.897959 -13 870 1 0 1
-0.406394 -7.53444 40.4558 -3.56047 -17.393 64.2468 -1.04467 -13 871 1 0 1
-3.01428 -1.78666 40.4558 -9.32985 -1.65591 66.583 -0.985327 -13 872 1 0 1
1.99566 2.14207 40.4558 0.133474 1.72347 71.5366 -0.940146 -13 873 1 0 1
-2.20779 3.07117 40.4558 -7.72223 7.47133 66.254 2.72186 -13 874 1 0 1
-3.51997 -1.83269 40.4558 -8.75502 -5.14015 62.2488 0.353792 -13 875 1 0 1
3.30189 3.1445 40.4558 1.23096 5.75524 75.1215 0.133391 -13 876 1 0 1
0.797839 2.85241 40.4558 -0.794661 13.6382 68.0857 -1.86812 -13 877 1 0 1
0.391977 3.2743 40.4558 -4.77981 12.3849 72.366 -3.57213 -13 878 1 0 1
-10.4617 5.24632 40.4558 -13.2752 6.41635 42.3592 1.3291 -13 879 1 0 1
2.23576 -3.07576 40.4558 2.16692 -7.87106 68.2747 0.947263 -13 880 1 0 1
-0.0982911 -3.33179 40.4558 -0.312889 -6.20755 56.5724 1.9612 -13 881 1 0 1
5.56324 8.80761 40.4558 6.53633 20.4875 72.7818 -0.428847 -13 882 1 0 1
4.80671 6.40187 40.4558 6.26463 16.0405 63.1973 -0.218455 -13 883 1 0 1
4.68887 1.63906 40.4558 7.8628 3.52585 36.3349 -0.0424012 -13 885 1 0 1
2.74715 1.00541 40.4558 -2.37416 -5.37355 79.5509 2.45774 -13 886 1 0 1
-4.87018 4.28346 40.4558 -15.4682 8.36948 68.5241 0.632006 -13 887 1 0 1
0.0202805 1.96103 40.4558 1.09172 -0.093851 55.7455 0.16403 -13 888 1 0 1
-2.40306 -2.5166 40.4558 -4.53936 -3.77318 56.7914 -0.503494 -13 889 1 0 1
2.74665 -6.50683 40.4558 2.48829 -15.4774 67.3275 -1.03077 -13 890 1 0 1
-1.77902 -1.01116 40.4558 -1.00027 -0.373879 34.1562 -0.990207 -13 891 1 0 1
-1.46781 -2.64547 40.4558 -7.66589 -0.54094 71.2962 0.544928 -13 892 1 0 1
-6.89807 -0.445431 40.4558 -12.6907 1.82047 57.4659 -1.55163 -13 893 1 0 1
4.12598 -2.70257 40.4558 3.27826 -4.9722 76.1286 0.0746036 -13 894 1 0 1
-5.33498 3.70564 40.4558 -18.8917 19.4242 69.193 1.62464 -13 895 1 0 1
-3.36806 6.07493 40.4558 -10.6275 15.4422 67.2935 -1.57342 -13 896 1 0 1
-2.73891 -2.97028 40.4558 -4.36472 -4.48243 48.5108 -1.65252 -13 897 1 0 1
0.28421 -0.600628 40.4558 -0.218221 0.594541 55.9365 -0.589106 -13 898 1 0 1
5.4916 0.707648 40.4558 9.87251 4.08624 60.8401 -0.184062 -13 899 1 0 1
1.58305 2.48173 40.4558 -0.0135966 0.865442 68.47 0.673693 -13 901 1 0 1
4.62206 -0.463028 40.4558 8.50643 -3.80628 54.4639 0.664111 -13 902 1 0 1
0.366743 -7.37083 40.4558 -5.78596 -9.39294 74.0906 1.24574 -13 903 1 0 1
1.41074 0.0499172 40.4558 1.57956 -3.77487 58.6925 2.03227 -13 904 1 0 1
-4.82025 0.266759 40.4558 -20.7416 3.01819 76.1493 0.221324 -13 905 1 0 1
-8.48917 -2.50901 40.4558 -14.3522 -3.17183 52.8926 1.3689 -13 906 1 0 1
-0.479237 4.65753 40.4558 -4.14436 6.58457 67.2399 0.395444 -13 907 1 0 1
-6.3799 -5.69559 40.4558 -6.60737 -6.98769 35.0583 0.325828 -13 908 1 0 1
0.469117 -5.24535 40.4558 -5.18446 -8.29844 72.5799 0.767396 -13 909 1 0 1
-1.38365 -2.09839 40.4558 -7.33833 -5.46778 69.9641 -0.0824596 -13 910 1 0 1
-0.902438 10.2186 40.4558 -0.956654 15.755 41.5079 -0.514205 -13 911 1 0 1
1.41146 9.11317 40.4558 0.819898 11.8938 54.4771 -0.708175 -13 912 1 0 1
0.756094 2.60323 40.4558 -10.1397 13.7181 78.4227 1.38047 -13 913 1 0 1
-8.64288 0.986876 40.4558 -22.936 8.61865 67.0622 1.07719 -13 914 1 0 1
1.04324 -5.1672 40.4558 0.860111 -7.92047 61.2349 -0.77314 -13 915 1 0 1
-4.68995 0.0924868 40.4558 -24.4614 2.60222 76.4116 4.38546 -13 916 1 0 1
-4.61452 4.01372 40.4558 -4.516 7.03913 39.3418 -0.107382 -13 917 1 0 1
-5.87722 3.20246 40.4558 -18.5886 7.21986 69.3722 2.11019 -13 918 1 0 1
-2.5261 2.57071 40.4558 -7.55019 2.62815 65.813 -0.52279 -13 919 1 0 1
-2.755 -1.53155 40.4558 -15.8186 0.397593 77.9054 0.525303 -13 920 1 0 1
2.04391 1.91679 40.4558 3.34656 -2.14056 33.9691 0.483255 -13 921 1 0 1
-2.07885 -5.50718 40.4558 -16.0387 -12.3634 78.6181 2.51573 -13 922 1 0 1
-4.77715 0.00984953 40.4558 -9.78469 -0.235151 57.9345 -0.0682083 -13 923 1 0 1
-0.960818 2.6336 40.4558 -5.277 2.90539 68.0269 -0.966263 -13 924 1 0 1
-2.26698 3.42205 40.4558 -6.26288 7.90891 61.4371 0.455256 -13 925 1 0 1
-2.40315 2.30232 40.4558 -13.6101 3.07099 75.6861 1.44933 -13 926 1 0 1
-1.9578 -3.12177 40.4558 -5.5629 -1.89303 67.5007 0.63106 -13 927 1 0 1
-1.51484 -2.28196 40.4558 -3.13172 -5.43338 57.3468 -0.144939 -13 928 1 0 1
-1.49672 -0.342043 40.4558 -6.99508 -1.01779 69.834 1.41352 -13 930 1 0 1
3.48017 0.468632 40.4558 4.99554 -2.70778 62.9555 2.07566 -13 931 1 0 1
-6.69103 -3.15122 40.4558 -10.2813 -6.17579 48.8638 1.98618 -13 932 1 0 1
2.05021 4.29454 40.4558 0.81828 13.1325 68.0567 1.10804 -13 933 1 0 1
-1.70268 0.721306 40.4558 -10.4218 3.9766 73.791 -0.480443 -13 934 1 0 1
-6.43715 8.60469 40.4558 -12.8571 15.8991 55.0895 1.03318 -13 935 1 0 1
4.9143 -2.3737 40.4558 9.46688 0.165029 60.4299 0.114847 -13 936 1 0 1
-0.911993 -3.32518 40.4558 -8.1593 -2.77436 72.8072 -0.138796 -13 938 1 0 1
-3.0782 -0.643508 40.4558 -6.57497 -0.980197 60.7449 -0.465409 -13 939 1 0 1
-2.27341 0.629394 40.4558 -5.1613 3.58487 59.9671 0.0451272 -13 940 1 0 1
-0.987988 -1.107 40.4558 -4.49484 1.09655 67.1483 0.291833 -13 941 1 0 1
5.30399 -0.74301 40.4558 6.56968 -1.90577 71.9486 0.626989 -13 942 1 0 1
2.10857 -2.33099 40.4558 1.2103 -3.28618 67.6627 1.49553 -13 943 1 0 1
-3.47884 -0.740749 40.4558 -5.00615 3.05624 52.015 -0.344377 -13 944 1 0 1
0.599698 5.45178 40.4558 -3.61641 16.5928 70.2397 0.96355 -13 945 1 0 1
-3.01071 3.24096 40.4558 -3.61249 4.87734 44.4665 -0.645621 -13 946 1 0 1
2.76101 -1.0939 40.4558 3.71024 1.35228 65.1334 -1.09792 -13 947 1 0 1
-0.0349554 -0.604857 40.4558 0.591451 1.6204 48.8789 1.39528 -13 948 1 0 1
-7.22638 -2.11911 40.4558 -11.2673 -3.51456 52.6266 0.499848 -13 949 1 0 1
-2.41012 3.46741 40.4558 -6.62767 5.20828 65.2141 0.147333 -13 950 1 0 1
12.0605 -4.78907 40.4558 19.512 -5.70908 52.3053 0.71996 -13 951 1 0 1
2.2068 -1.49582 40.4558 3.50144 -3.08222 59.7014 2.75161 -13 952 1 0 1
-0.234198 -2.44031 40.4558 -2.32641 -5.85605 59.2643 0.352022 -13 953 1 0 1
-1.51668 -8.86399 40.4558 -2.39168 -15.3176 54.107 -0.136996 -13 954 1 0 1
0.889983 -0.430694 40.4558 0.141608 -6.54723 60.5986 0.629337 -13 955 1 0 1
-2.96361 2.72706 40.4558 -4.9659 1.16662 53.5521 0.00311901 -13 956 1 0 1
-6.35739 -1.61581 40.4558 -11.9602 -6.92699 55.9484 -0.924607 -13 957 1 0 1
-2.03734 0.323082 40.4558 -19.926 -1.3359 78.2537 -0.711328 -13 958 1 0 1
4.98634 -2.65243 40.4558 8.03737 -6.53715 61.666 0.492125 -13 959 1 0 1
-1.58977 2.07967 40.4558 -9.827 3.19375 73.5324 -1.92893 -13 960 1 0 1
0.216698 -4.13096 40.4558 1.3092 -5.07465 55.3312 0.284205 -13 961 1 0 1
1.48424 -0.547045 40.4558 3.50085 -0.944928 34.669 0.843495 -13 962 1 0 1
6.21575 1.35537 40.4558 9.54201 -5.66481 67.6889 2.07936 -13 963 1 0 1
-1.60142 0.822075 40.4558 -3.38467 0.176882 61.5846 2.04251 -13 964 1 0 1
-2.14907 -3.32455 40.4558 -6.71466 -8.82282 63.8824 1.50926 -13 965 1 0 1
-6.14507 -1.64492 40.4558 -10.083 1.32298 52.5782 2.41051 -13 966 1 0 1
1.20483 -1.46878 40.4558 3.14281 -0.625892 54.065 0.675866 -13 967 1 0 1
-7.89115 0.623988 40.4558 -17.7102 -1.29226 61.0949 -0.938674 -13 968 1 0 1
-0.444446 -2.21797 40.4558 1.04243 -5.20805 49.7223 0.694197 -13 969 1 0 1
2.5152 -2.72794 40.4558 2.92455 -8.0481 64.3498 0.029288 -13 970 1 0 1
2.48065 -1.66735 40.4558 2.79401 1.57958 68.5549 -1.04047 -13 971 1 0 1
-6.50671 4.88442 40.4558 -5.45378 7.08301 28.8482 -0.744833 -13 972 1 0 1
-4.0745 -2.21735 40.4558 -3.55738 -1.08483 31.9818 -0.615099 -13 973 1 0 1
-2.76801 2.19509 40.4558 -9.12351 5.41672 68.4442 -0.507984 -13 974 1 0 1
-3.08717 0.707598 40.4558 -12.3978 9.03266 72.4753 1.76725 -13 975 1 0 1
-5.44881 -6.27558 40.4558 -11.3937 -9.79783 58.6128 0.501493 -13 977 1 0 1
-3.38133 -0.494834 40.4558 -12.8482 -3.70689 70.1604 -1.30877 -13 979 1 0 1
-12.8914 -1.20826 40.4558 -23.0154 -3.16918 50.8482 -1.25526 -13 980 1 0 1
-3.16876 -3.79148 40.4558 -8.64441 -11.6657 61.3796 -0.551865 -13 981 1 0 1
0.0587343 5.95147 40.4558 -1.44284 9.53153 63.9061 -0.541572 -13 982 1 0 1
-2.00028 -0.364569 40.4558 -9.45279 6.44209 70.8972 -0.19776 -13 983 1 0 1
-2.16397 0.137385 40.4558 -5.06893 1.47139 59.701 1.01653 -13 985 1 0 1
-4.79428 -2.3871 40.4558 -10.6355 -3.3879 60.1733 -0.169505 -13 986 1 0 1
0.259376 -7.73799 40.4558 -0.778203 -16.4898 59.5567 0.575734 -13 987 1 0 1
0.971477 -3.79868 40.4558 -1.00931 -6.59106 69.671 1.1983 -13 989 1 0 1
-1.37484 -0.959553 40.4558 -6.51114 -7.90247 69.1775 0.411727 -13 990 1 0 1
-5.73847 5.36132 40.4558 -8.53186 5.7333 50.1258 -2.05844 -13 991 1 0 1
-5.80667 4.09856 40.4558 -5.50817 4.39029 40.1009 1.04452 -13 992 1 0 1
0.0143491 -4.38154 40.4558 2.36906 -6.21839 49.6275 1.79346 -13 993 1 0 1
6.72134 -16.4211 40.4558 9.24178 -19.6117 43.9023 -0.591592 -13 994 1 0 1
1.46962 0.0285937 40.4558 1.30078 1.33992 64.2595 -1.66384 -13 995 1 0 1
-3.65699 -0.371494 40.4558 -11.3026 -1.32601 67.4715 0.344025 -13 996 1 0 1
-3.27322 -1.32717 40.4558 -4.91474 -1.86026 49.4081 2.57272 -13 997 1 0 1
2.68038 -1.22358 40.4558 4.67719 -1.34505 56.6917 0.12607 -13 999 1 0 1
-3.75228 -2.46721 40.4558 -4.97976 -3.80327 46.9685 -0.374949 -13 1000 1 0 1
