#BLTrackFile NTuple/Z56
#x y z Px Py Pz t PDGid EventID TrackID ParentID Weight
#mm mm mm MeV/c MeV/c MeV/c ns - - - - -
9.59138 -5.46429 55.996 29.7137 -6.84944 67.9469 -0.858022 -13 1 1 0 1
19.4445 3.35063 55.996 43.2108 -1.12175 68.5683 0.25736 -13 2 1 0 1
13.9558 -1.19168 55.996 35.928 -2.22588 63.3026 1.20599 -13 3 1 0 1
5.44623 -3.75458 55.996 22.0961 -3.38111 77.1031 0.636301 -13 4 1 0 1
4.21094 1.28394 55.996 24.0378 -0.725269 58.737 0.809061 -13 5 1 0 1
5.36879 -1.53563 55.996 23.3637 -0.642143 72.3419 -0.481803 -13 6 1 0 1
12.2989 -3.57943 55.996 34.1888 -3.88923 52.9625 -0.559814 -13 7 1 0 1
11.2931 4.32665 55.996 31.0708 8.07257 40.5416 0.29981 -13 8 1 0 1
21.3258 6.78627 55.996 43.5374 9.89481 48.2629 1.44936 -13 9 1 0 1
13.8155 1.35716 55.996 36.5071 3.79331 57.4295 1.01055 -13 10 1 0 1
17.856 6.53245 55.996 40.9928 9.49977 60.3176 -0.205441 -13 11 1 0 1
17.8915 -9.41457 55.996 39.8759 -14.1967 48.3968 2.02803 -13 12 1 0 1
25.3391 -5.98436 55.996 49.017 -5.60021 49.0505 -1.18562 -13 14 1 0 1
25.9424 -7.03679 55.996 49.7374 -9.33483 47.2676 1.82882 -13 15 1 0 1
12.2144 8.14921 55.996 33.5962 13.1322 55.851 -0.330563 -13 17 1 0 1
10.5367 -10.6115 55.996 30.4654 -14.2359 46.0687 1.7529 -13 18 1 0 1
9.29832 4.21257 55.996 29.4799 7.84357 61.9264 0.432375 -13 19 1 0 1
15.9555 -5.98605 55.996 38.2366 -7.7856 53.8804 3.28337 -13 20 1 0 1
12.8312 2.41263 55.996 34.3823 6.15558 48.7688 -0.846034 -13 22 1 0 1
22.5294 10.5098 55.996 40.0086 10.6161 31.1039 0.902239 -13 23 1 0 1
7.31709 7.62372 55.996 27.417 9.86362 50.742 1.03293 -13 24 1 0 1
17.8866 -3.70117 55.996 41.1991 -2.97818 58.7181 0.618529 -13 25 1 0 1
13.5459 4.88684 55.996 36.0341 7.79835 59.2081 0.195324 -13 26 1 0 1
12.593 -8.53706 55.996 34.1363 -8.3633 58.5947 1.78521 -13 27 1 0 1
19.5394 -7.09215 55.996 43.5003 -10.8731 60.3552 0.583999 -13 28 1 0 1
12.7341 6.41937 55.996 34.1131 11.8793 58.9284 1.34195 -13 30 1 0 1
14.5608 1.35537 55.996 36.8957 3.75413 63.0732 0.0462418 -13 31 1 0 1
10.7113 2.66369 55.996 32.1931 4.02253 55.8297 -0.157391 -13 32 1 0 1
6.1145 0.314032 55.996 25.7961 2.49228 62.9477 -0.294649 -13 34 1 0 1
5.20919 -8.92445 55.996 23.4005 -12.779 70.4952 2.49609 -13 35 1 0 1
8.39762 0.48003 55.996 29.2551 4.26216 60.515 -0.782564 -13 36 1 0 1
13.1239 -4.55041 55.996 34.8946 -9.89287 72.5875 -1.15029 -13 37 1 0 1
17.9336 -6.08104 55.996 39.8415 -9.36725 48.017 1.80432 -13 38 1 0 1
14.2263 6.17153 55.996 34.0348 7.69494 44.8697 1.11919 -13 40 1 0 1
24.9612 12.8932 55.996 45.6929 15.6847 42.618 0.215553 -13 41 1 0 1
11.2294 6.09019 55.996 32.2228 6.37395 61.4157 1.57312 -13 42 1 0 1
6.55161 -1.89034 55.996 22.0073 -3.68819 76.8472 0.606971 -13 43 1 0 1
20.806 2.34369 55.996 41.8418 1.90843 41.1442 1.01571 -13 44 1 0 1
17.6449 -4.76671 55.996 40.2907 -6.89801 56.2762 0.728775 -13 46 1 0 1
17.4709 10.0762 55.996 38.8743 10.456 49.46 1.27217 -13 47 1 0 1
10.6516 2.54813 55.996 31.218 7.44014 60.0805 1.01659 -13 48 1 0 1
16.5387 -9.49812 55.996 38.8199 -19.4428 57.8765 -0.223607 -13 49 1 0 1
22.2544 -5.812 55.996 37.7222 -4.77093 26.6142 -0.225258 -13 50 1 0 1
11.2892 0.213645 55.996 31.946 -2.48228 66.6805 0.00866091 -13 51 1 0 1
11.7188 9.74201 55.996 32.1521 12.8986 47.028 0.433601 -13 52 1 0 1
23.3327 4.77168 55.996 44.0621 4.75172 38.7528 -1.97655 -13 53 1 0 1
26.8804 11.2183 55.996 40.2513 9.82032 23.6014 0.463472 -13 54 1 0 1
10.5096 -4.68263 55.996 31.0437 -8.76894 64.775 1.21015 -13 55 1 0 1
31.9619 4.69005 55.996 52.2562 6.00148 36.9669 -0.598534 -13 56 1 0 1
10.2497 -2.85155 55.996 31.5671 -2.26847 56.8681 -0.0888388 -13 58 1 0 1
14.805 -7.13623 55.996 36.9755 -10.6881 57.8558 2.27606 -13 59 1 0 1
24.5233 9.32115 55.996 44.5008 13.3487 38.5649 0.628386 -13 60 1 0 1
13.7125 5.31802 55.996 35.5258 8.87841 53.6466 -0.52043 -13 61 1 0 1
13.7647 -0.589702 55.996 36.282 1.96117 61.6842 -0.24446 -13 62 1 0 1
10.4943 -1.31143 55.996 31.3344 -0.597966 53.3355 0.460635 -13 64 1 0 1
18.5753 1.19667 55.996 41.6895 0.52931 52.755 -1.12158 -13 65 1 0 1
10.1914 -0.343383 55.996 31.2534 -1.38767 65.5113 0.748307 -13 66 1 0 1
17.2139 -4.76907 55.996 39.6145 -4.43373 49.2805 -0.345539 -13 67 1 0 1
20.7361 10.5681 55.996 40.544 10.8464 38.2057 -0.588925 -13 68 1 0 1
12.2857 -5.30386 55.996 34.0658 -7.92674 54.8129 0.313512 -13 69 1 0 1
11.1041 -2.73962 55.996 31.1743 -10.6509 74.1825 0.513394 -13 70 1 0 1
8.12997 0.555073 55.996 29.4384 -1.89499 54.9214 -1.14061 -13 71 1 0 1
21.1808 14.0008 55.996 42.7565 16.3368 48.3618 1.4554 -13 72 1 0 1
12.8502 -0.277094 55.996 34.5551 -3.61526 67.0419 -0.615533 -13 73 1 0 1
18.2054 8.73352 55.996 39.3721 11.6327 45.6011 0.60864 -13 74 1 0 1
13.5441 3.78983 55.996 35.5026 4.67403 67.4274 -2.56339 -13 75 1 0 1
21.0478 1.6296 55.996 43.9754 2.24854 66.6161 -1.41619 -13 76 1 0 1
14.5834 4.0316 55.996 35.4314 1.88624 47.2284 2.72993 -13 77 1 0 1
7.25451 -0.475559 55.996 27.3867 -2.2724 54.8006 -0.433813 -13 78 1 0 1
17.5809 -0.275751 55.996 39.6929 -0.908424 51.0669 1.77282 -13 79 1 0 1
14.8724 0.292034 55.996 37.45 2.64934 63.436 0.360421 -13 80 1 0 1
17.9131 3.08565 55.996 40.8312 9.7275 58.468 0.401419 -13 81 1 0 1
11.6884 0.469571 55.996 33.72 2.05615 54.928 1.54819 -13 82 1 0 1
12.0578 11.3178 55.996 33.2852 19.4753 60.7215 0.349769 -13 83 1 0 1
3.53206 0.587163 55.996 21.9878 0.142628 61.6502 0.468409 -13 84 1 0 1
14.7872 1.51656 55.996 38.1272 1.2478 66.7103 1.45792 -13 85 1 0 1
15.8466 -1.19709 55.996 38.8133 -6.64819 57.9169 0.151376 -13 86 1 0 1
19.0347 -6.07264 55.996 38.9105 -8.06035 37.6733 1.23967 -13 87 1 0 1
10.6528 -4.20486 55.996 31.9381 -6.0476 61.912 -0.0742969 -13 88 1 0 1
18.1809 -4.93579 55.996 40.0003 -4.53827 49.3602 -0.213858 -13 89 1 0 1
13.7741 2.88449 55.996 36.1594 3.61938 56.5849 0.161065 -13 90 1 0 1
9.02874 -4.18046 55.996 30.3155 -6.74368 59.6476 1.21416 -13 91 1 0 1
21.2708 2.6602 55.996 41.8232 3.34259 38.9178 0.381988 -13 92 1 0 1
6.69207 2.09304 55.996 26.8608 0.931597 53.0223 1.19243 -13 93 1 0 1
17.5842 17.577 55.996 36.2697 20.8989 41.4395 -0.946814 -13 94 1 0 1
15.2087 -2.0637 55.996 38.199 -2.05033 60.6638 0.405416 -13 95 1 0 1
17.6003 5.75356 55.996 39.0016 10.1342 48.446 -1.43802 -13 96 1 0 1
9.61175 -2.89204 55.996 30.7091 -0.116661 51.7103 -0.674947 -13 97 1 0 1
10.3022 -3.06477 55.996 31.6165 -1.80888 61.0714 0.780856 -13 98 1 0 1
20.1685 3.21003 55.996 43.1322 4.29143 48.5678 0.87802 -13 99 1 0 1
18.2878 -4.12065 55.996 41.5651 -2.91055 55.3791 -0.511106 -13 100 1 0 1
28.4133 -5.36915 55.996 51.6442 -8.98487 45.8149 -0.280954 -13 101 1 0 1
17.8106 2.9785 55.996 40.5112 3.81163 55.1406 0.277386 -13 102 1 0 1
26.1121 -3.21948 55.996 47.6274 -0.347403 42.0246 -2.04866 -13 103 1 0 1
15.2524 4.00259 55.996 37.7903 3.79278 57.018 0.0541158 -13 104 1 0 1
11.8641 5.42055 55.996 33.372 11.9448 51.6884 -1.08819 -13 105 1 0 1
7.02351 -0.10148 55.996 27.0827 -0.0824463 56.6598 0.636008 -13 106 1 0 1
14.9839 -3.57491 55.996 37.5621 -5.83081 61.4551 -0.700411 -13 107 1 0 1
24.9684 5.02185 55.996 47.1858 9.79299 44.1366 -0.415283 -13 108 1 0 1
17.024 -0.270781 55.996 40.5378 0.197903 56.1233 1.35711 -13 109 1 0 1
10.5319 0.274978 55.996 30.6491 1.21683 67.2691 0.0805996 -13 110 1 0 1
11.3839 -5.73872 55.996 32.1194 -6.46095 71.1788 0.0375536 -13 111 1 0 1
29.7893 0.245273 55.996 47.4718 -1.3457 33.2825 -1.41748 -13 112 1 0 1
19.9239 3.70673 55.996 40.8377 3.94346 41.8035 1.17665 -13 113 1 0 1
21.5049 -5.96428 55.996 43.9268 -8.87196 47.0875 0.32209 -13 114 1 0 1
22.6386 5.93183 55.996 40.4199 6.09419 32.7756 0.26956 -13 115 1 0 1
8.67008 -1.99751 55.996 28.401 -3.47299 68.3887 0.849197 -13 116 1 0 1
20.9917 1.92977 55.996 40.7284 3.60919 39.9316 0.0550202 -13 117 1 0 1
14.4744 5.35652 55.996 33.8129 2.6329 38.3407 -0.0105859 -13 118 1 0 1
13.7579 1.67775 55.996 36.0937 4.03322 61.7658 0.848866 -13 119 1 0 1
15.4705 2.53092 55.996 34.9914 3.73719 40.3548 0.220316 -13 120 1 0 1
18.9822 -7.70056 55.996 40.4737 -7.22261 47.4778 1.90509 -13 121 1 0 1
10.1523 -3.91757 55.996 30.5405 -4.92412 72.1044 0.948798 -13 122 1 0 1
14.9559 -9.08419 55.996 37.4896 -13.1061 60.8112 1.09705 -13 123 1 0 1
25.365 0.897497 55.996 45.8116 1.88864 38.8396 0.696964 -13 124 1 0 1
4.64999 -10.0844 55.996 23.4656 -14.7789 58.3236 -1.17768 -13 125 1 0 1
11.4576 0.955512 55.996 31.6222 -2.86833 72.8559 1.26679 -13 126 1 0 1
19.2942 1.48531 55.996 41.1889 0.0545004 46.562 -0.722945 -13 127 1 0 1
14.404 -0.587175 55.996 36.8031 -3.70314 55.402 0.676778 -13 128 1 0 1
30.0521 5.64658 55.996 49.2138 7.41699 34.9351 -0.0602374 -13 129 1 0 1
24.2689 -5.4235 55.996 41.6883 -3.6341 31.7628 1.02104 -13 130 1 0 1
16.3222 1.41002 55.996 38.8705 2.15464 58.6598 -0.12633 -13 131 1 0 1
11.1398 4.68258 55.996 32.3612 6.59077 67.5838 1.61176 -13 132 1 0 1
20.041 0.875568 55.996 43.0096 0.0988324 49.0736 -0.974266 -13 133 1 0 1
19.5563 3.08729 55.996 43.8563 4.58096 63.1251 0.723826 -13 134 1 0 1
16.4445 3.16072 55.996 39.2248 1.72829 60.1287 1.17574 -13 135 1 0 1
32.4867 5.85818 55.996 49.57 5.06697 29.8033 0.463072 -13 136 1 0 1
9.71695 -4.10593 55.996 30.6384 -6.83314 56.1868 1.83895 -13 137 1 0 1
14.2449 7.89143 55.996 34.7882 10.7159 46.5412 0.654039 -13 140 1 0 1
19.5152 6.37671 55.996 38.8449 9.69306 37.9175 0.264351 -13 141 1 0 1
26.8239 4.16514 55.996 49.438 8.10372 44.2109 2.27601 -13 142 1 0 1
8.65738 -4.11971 55.996 29.0482 -7.3697 66.3821 -0.557709 -13 143 1 0 1
21.5749 -1.83086 55.996 46.3418 -4.50987 57.291 3.2262 -13 144 1 0 1
23.8433 -20.2543 55.996 40.9863 -23.0444 36.2598 2.07771 -13 145 1 0 1
19.7824 -5.13478 55.996 42.9119 -5.07782 52.3315 0.543457 -13 146 1 0 1
11.4535 -0.0645576 55.996 33.1878 -0.185295 57.7144 -0.902314 -13 147 1 0 1
9.90746 -10.9162 55.996 30.4153 -13.3895 64.0621 0.541093 -13 148 1 0 1
28.3555 5.74278 55.996 46.6894 6.08446 34.6343 -0.13434 -13 149 1 0 1
21.1544 3.74001 55.996 44.6877 6.35491 51.2601 0.135923 -13 150 1 0 1
21.7788 -8.1986 55.996 41.7713 -10.9514 40.4686 1.52533 -13 151 1 0 1
17.2214 -1.46692 55.996 40.2141 -2.55608 53.045 2.41233 -13 152 1 0 1
13.6488 -1.56047 55.996 36.0749 -5.59057 58.6237 -0.215007 -13 153 1 0 1
8.20866 -6.01146 55.996 26.3789 -10.7207 74.6164 -1.84889 -13 154 1 0 1
11.443 1.01704 55.996 33.01 0.157617 61.3832 -1.19723 -13 155 1 0 1
10.6034 -0.700722 55.996 31.8507 0.910532 55.7513 0.157208 -13 157 1 0 1
13.541 3.74823 55.996 33.9414 3.3166 71.8313 1.55135 -13 158 1 0 1
14.6258 6.21338 55.996 36.1218 6.32736 46.7429 -0.38299 -13 159 1 0 1
31.2193 0.372499 55.996 52.3308 0.684638 39.091 0.280229 -13 160 1 0 1
23.0081 3.42213 55.996 47.2052 2.09063 54.2456 1.81401 -13 161 1 0 1
13.5548 9.44187 55.996 31.3606 9.3776 33.5956 -0.269987 -13 162 1 0 1
10.3846 4.51878 55.996 31.3731 10.4167 64.2802 -1.48638 -13 163 1 0 1
23.1556 -4.80807 55.996 46.2276 -8.99917 48.8567 0.304805 -13 164 1 0 1
3.66914 -0.946767 55.996 22.8353 -2.29264 35.0424 2.38894 -13 165 1 0 1
-2.15044 -2.06933 55.996 12.6692 -3.5804 70.5789 -0.0231365 -13 166 1 0 1
18.2307 8.52371 55.996 39.9827 11.4781 48.0327 0.844246 -13 167 1 0 1
11.5337 4.71809 55.996 30.3166 9.71303 72.8102 1.30632 -13 168 1 0 1
30.2446 -4.54222 55.996 48.9589 -6.777 34.4223 0.00508865 -13 169 1 0 1
11.2895 -7.14452 55.996 32.1755 -11.7425 60.4607 -0.449804 -13 170 1 0 1
16.8016 3.99482 55.996 38.1136 3.24705 44.9264 -0.146556 -13 172 1 0 1
23.6106 6.36048 55.996 44.6382 7.30594 39.9965 0.403732 -13 173 1 0 1
18.3564 4.6969 55.996 42.0995 3.02103 55.9518 0.465309 -13 174 1 0 1
13.0116 -5.0334 55.996 32.9707 -7.72172 40.0101 0.0706342 -13 176 1 0 1
38.8961 -8.88372 55.996 16.1779 -12.7319 12.6924 -0.0379731 -13 177 1 0 1
18.5586 -2.98719 55.996 38.38 -2.14224 38.7324 -0.332791 -13 178 1 0 1
21.9204 -7.00551 55.996 45.5515 -12.9593 53.8463 -0.52785 -13 179 1 0 1
27.213 -7.82974 55.996 44.3734 -8.31498 31.3385 1.82217 -13 180 1 0 1
24.1066 -3.20205 55.996 38.2127 -3.30491 23.8151 -1.16437 -13 181 1 0 1
11.5461 -3.6091 55.996 30.1549 -3.04759 34.6408 -0.650098 -13 182 1 0 1
37.3563 11.2931 55.996 43.4293 12.4942 13.2645 0.387003 -13 183 1 0 1
6.16412 -1.18079 55.996 25.8045 -4.14072 54.2337 0.218545 -13 184 1 0 1
16.2982 -3.69406 55.996 38.563 -6.97209 49.1703 -0.560659 -13 185 1 0 1
35.3514 -3.40947 55.996 43.7587 -2.28288 15.6671 -0.302382 -13 186 1 0 1
14.0482 -4.6963 55.996 36.8877 -2.97625 63.6019 1.33978 -13 188 1 0 1
7.58986 -2.89956 55.996 25.226 -5.692 75.9457 0.371953 -13 189 1 0 1
7.75556 4.74136 55.996 28.6426 6.96468 55.1928 2.11161 -13 191 1 0 1
12.8423 0.885488 55.996 33.1775 5.77888 73.0289 1.04303 -13 192 1 0 1
11.4205 -2.54729 55.996 29.7343 -4.7585 35.1327 -0.7911 -13 193 1 0 1
14.4444 4.55407 55.996 36.9146 9.18826 60.3915 -0.0449852 -13 194 1 0 1
11.8409 1.05544 55.996 33.0733 1.62212 52.1807 2.47392 -13 195 1 0 1
18.843 0.100596 55.996 40.926 -4.30914 69.442 2.77636 -13 196 1 0 1
5.82117 5.01486 55.996 26.0389 6.69678 58.5252 -0.718681 -13 197 1 0 1
7.15627 15.6813 55.996 26.9685 17.2096 52.3786 -1.39242 -13 199 1 0 1
8.149 -1.69034 55.996 27.6882 -0.591911 45.6613 0.88354 -13 200 1 0 1
4.38501 -2.83405 55.996 22.5607 -6.32779 68.2659 0.508351 -13 201 1 0 1
13.0281 14.1764 55.996 33.3219 16.7032 49.2262 -0.631336 -13 202 1 0 1
15.2104 1.98425 55.996 37.1838 0.863373 51.744 0.483692 -13 203 1 0 1
17.4874 3.54327 55.996 36.9791 1.35118 39.3106 1.657 -13 205 1 0 1
2.04371 1.71828 55.996 14.2391 1.68175 76.7815 0.388503 -13 206 1 0 1
8.27118 -6.41492 55.996 29.0169 -8.6567 53.6004 -0.863196 -13 207 1 0 1
3.43884 4.39746 55.996 21.4942 7.44571 68.1875 -0.0973681 -13 208 1 0 1
9.5185 10.8726 55.996 28.895 17.388 67.944 2.28686 -13 212 1 0 1
8.08107 7.6395 55.996 28.7588 9.21894 55.1358 -1.12194 -13 213 1 0 1
14.8682 7.35216 55.996 37.8131 10.0356 66.4848 1.23433 -13 214 1 0 1
14.5871 -4.3683 55.996 36.8053 -11.2649 63.1798 1.94943 -13 215 1 0 1
14.2184 1.70262 55.996 36.3298 2.87486 61.4452 1.35386 -13 216 1 0 1
15.1397 -5.26148 55.996 37.7498 -8.02159 58.1737 0.391349 -13 218 1 0 1
11.9494 -1.67412 55.996 33.6698 -2.69932 71.2351 0.259291 -13 219 1 0 1
14.3214 2.41523 55.996 36.9313 1.58339 63.23 2.61405 -13 220 1 0 1
23.9649 1.91054 55.996 44.2394 0.901521 36.3173 1.25316 -13 221 1 0 1
9.82906 6.57322 55.996 30.4495 11.0403 66.5004 -0.557369 -13 222 1 0 1
9.25882 -7.46647 55.996 29.7774 -8.08425 57.2533 1.25604 -13 223 1 0 1
10.8531 -7.28208 55.996 32.1937 -9.41219 56.7689 -0.211375 -13 224 1 0 1
20.3021 8.44849 55.996 40.3337 11.1513 40.5222 0.00197653 -13 226 1 0 1
15.441 -4.73359 55.996 38.0085 -7.3953 53.1849 0.294392 -13 227 1 0 1
13.9167 0.757736 55.996 35.2478 0.806535 70.4208 -1.66371 -13 228 1 0 1
10.9052 2.35367 55.996 31.4944 0.656547 67.3015 0.496663 -13 229 1 0 1
21.3843 -14.025 55.996 37.0783 -14.6146 31.0593 -0.0349998 -13 230 1 0 1
30.3234 13.2578 55.996 51.3492 20.2613 41.6773 1.54395 -13 231 1 0 1
22.5784 6.30121 55.996 44.6678 7.93556 45.7546 1.146 -13 232 1 0 1
6.35908 -0.609865 55.996 26.1434 -1.95499 62.1554 -1.21147 -13 233 1 0 1
20.4009 -1.69724 55.996 45.012 -5.79864 60.8628 0.55055 -13 235 1 0 1
8.80995 -3.05384 55.996 29.8153 -7.39581 60.0302 1.5382 -13 236 1 0 1
32.2424 -10.459 55.996 47.9374 -10.343 28.393 1.13447 -13 237 1 0 1
11.4724 -0.510569 55.996 32.6837 -1.11705 55.2343 0.365064 -13 238 1 0 1
2.05485 -2.68827 55.996 18.7951 -0.505354 70.3188 1.53025 -13 239 1 0 1
35.9672 7.40289 55.996 48.0727 7.56814 21.1897 0.0151431 -13 240 1 0 1
12.6564 1.75876 55.996 34.1765 -0.324451 50.486 2.12095 -13 242 1 0 1
22.1878 -4.80613 55.996 46.2852 -4.93893 52.7619 0.183171 -13 243 1 0 1
15.3933 0.805871 55.996 38.2126 1.18089 66.9997 0.942658 -13 244 1 0 1
23.6034 2.23044 55.996 48.4564 7.58418 55.0551 -0.398959 -13 245 1 0 1
14.7956 3.34623 55.996 37.3537 8.71583 61.2598 0.0847393 -13 246 1 0 1
17.4218 -3.54943 55.996 39.2891 -2.43017 49.0919 -0.016418 -13 247 1 0 1
12.4745 -3.70928 55.996 34.4525 -5.20131 60.2583 0.960965 -13 248 1 0 1
30.7285 5.92922 55.996 50.8132 4.29332 37.9483 -0.591475 -13 249 1 0 1
19.5939 -6.27518 55.996 42.7651 -9.63341 55.1618 -1.19482 -13 250 1 0 1
27.2884 14.787 55.996 48.0087 14.9267 40.9521 -0.675131 -13 251 1 0 1
22.708 1.87881 55.996 45.7939 1.16586 46.5816 0.600167 -13 252 1 0 1
15.6926 5.71126 55.996 38.1024 11.6303 62.2141 -1.06126 -13 253 1 0 1
22.4752 7.10471 55.996 41.7445 9.14714 37.2986 -0.138401 -13 254 1 0 1
12.6012 0.330699 55.996 34.2244 3.5662 70.9002 0.23028 -13 255 1 0 1
9.09092 -3.03278 55.996 29.018 -3.429 44.7753 -0.602497 -13 256 1 0 1
20.1167 -13.6921 55.996 36.0113 -15.261 29.9163 0.127711 -13 257 1 0 1
17.1222 -0.799344 55.996 39.2518 -2.48568 51.3745 0.444226 -13 258 1 0 1
15.83 -2.45713 55.996 37.3185 -5.45928 44.2456 -0.840034 -13 259 1 0 1
10.0967 1.5592 55.996 31.2125 -0.347611 66.7403 -0.00956041 -13 260 1 0 1
13.4008 5.67803 55.996 34.5343 7.22932 51.2158 -0.808394 -13 261 1 0 1
12.4246 2.88483 55.996 34.4917 4.94138 54.2776 2.42073 -13 262 1 0 1
23.7385 -9.34645 55.996 45.5138 -12.3519 44.93 -1.13625 -13 263 1 0 1
14.8372 2.06408 55.996 33.8448 2.1353 37.2322 0.155646 -13 264 1 0 1
26.548 5.79748 55.996 48.423 8.9593 42.7358 1.052 -13 265 1 0 1
17.0854 1.36532 55.996 40.6604 -0.348787 59.4013 0.896471 -13 266 1 0 1
10.3241 0.452582 55.996 31.3973 -2.70597 56.735 0.0158101 -13 267 1 0 1
24.408 2.04963 55.996 38.333 3.51856 24.8284 -0.665753 -13 268 1 0 1
10.6658 3.07819 55.996 30.9422 0.701939 73.0012 0.76334 -13 269 1 0 1
11.9683 -4.86945 55.996 33.6997 -9.99246 56.2677 1.57772 -13 270 1 0 1
15.9543 -3.92782 55.996 39.1222 -9.847 68.6747 -0.534752 -13 271 1 0 1
16.1897 -7.10153 55.996 37.9989 -10.6015 51.3157 1.91898 -13 272 1 0 1
4.85653 3.47242 55.996 25.1857 3.559 53.4552 3.1359 -13 273 1 0 1
16.6025 -4.09196 55.996 39.5193 -3.24742 56.4964 -1.71672 -13 274 1 0 1
28.8091 -0.892656 55.996 48.8022 -2.701 37.6993 0.0751948 -13 275 1 0 1
30.1213 1.64506 55.996 49.9568 1.19892 34.3463 1.56285 -13 277 1 0 1
3.94871 2.97171 55.996 23.5185 4.11789 59.4023 1.87244 -13 278 1 0 1
7.05721 -0.394332 55.996 26.9375 -5.79731 65.4889 -2.17187 -13 279 1 0 1
20.342 5.82196 55.996 42.8331 6.47815 48.6554 0.575639 -13 280 1 0 1
14.8823 -4.77865 55.996 36.7744 -4.99994 57.7801 -0.98057 -13 281 1 0 1
20.0989 12.5803 55.996 37.0529 15.3215 33.4053 -0.43794 -13 282 1 0 1
30.2079 -10.818 55.996 44.7886 -11.4631 26.6953 -1.18188 -13 283 1 0 1
17.4174 8.77505 55.996 37.9036 7.42586 42.0987 0.00289796 -13 284 1 0 1
4.9524 5.60925 55.996 24.2835 9.92069 60.7818 -0.186877 -13 285 1 0 1
8.8335 -8.25539 55.996 29.6593 -5.50836 64.5111 -1.15595 -13 286 1 0 1
16.9926 -0.419205 55.996 37.3962 -3.10227 41.933 -1.25579 -13 287 1 0 1
14.8148 21.4558 55.996 33.0296 36.881 62.7215 0.034178 -13 288 1 0 1
11.9542 6.87124 55.996 33.0697 12.0154 71.4442 0.746718 -13 289 1 0 1
14.2497 -4.22594 55.996 36.0982 -8.77683 67.4997 0.739324 -13 291 1 0 1
12.6555 5.00041 55.996 34.4258 9.50079 65.5413 0.0255457 -13 292 1 0 1
3.2576 8.34537 55.996 22.2661 13.7629 49.1217 2.39595 -13 293 1 0 1
31.3939 6.85755 55.996 55.376 14.3009 46.807 1.93484 -13 294 1 0 1
15.9972 -1.00383 55.996 38.9672 -2.11409 55.9921 0.39283 -13 295 1 0 1
6.0418 3.90939 55.996 26.4205 5.08891 56.1554 0.0376349 -13 296 1 0 1
28.1403 -0.829301 55.996 46.1679 -2.16663 32.6106 2.92774 -13 297 1 0 1
12.4556 3.22245 55.996 34.2477 2.10622 60.1208 -1.56253 -13 298 1 0 1
6.36899 7.83586 55.996 25.4487 12.7798 44.4843 3.08956 -13 299 1 0 1
8.51682 41.3681 55.996 15.9865 22.6743 14.8271 1.79291 -13 300 1 0 1
9.83597 -3.11133 55.996 31.1773 -7.16198 56.695 -0.461692 -13 301 1 0 1
7.30852 1.90717 55.996 27.4477 5.52268 58.8603 0.539268 -13 302 1 0 1
10.342 -0.792633 55.996 31.4209 2.02323 56.4224 0.314237 -13 303 1 0 1
13.7233 4.91174 55.996 35.3256 9.68158 56.776 0.838719 -13 304 1 0 1
8.40282 10.2246 55.996 27.9483 12.5512 42.6157 1.54996 -13 305 1 0 1
14.9233 -1.73994 55.996 37.7311 -4.72884 57.0859 -0.739241 -13 306 1 0 1
15.0806 -10.1594 55.996 36.4121 -19.7565 58.0192 -0.994875 -13 307 1 0 1
12.6897 -8.89801 55.996 34.1611 -14.1658 65.7261 0.369598 -13 308 1 0 1
15.476 4.62664 55.996 38.0579 7.05325 56.824 -0.557247 -13 309 1 0 1
21.7593 -4.17147 55.996 45.7647 -6.16072 57.3166 -0.0947147 -13 310 1 0 1
8.08849 2.87403 55.996 28.1392 5.99809 67.4768 0.115209 -13 312 1 0 1
11.4081 5.77363 55.996 32.7499 8.3896 66.1688 1.21297 -13 313 1 0 1
21.0516 1.49181 55.996 44.4089 2.56069 55.0641 -0.293646 -13 314 1 0 1
21.2935 -1.85988 55.996 43.8502 0.335715 46.6433 -1.14175 -13 315 1 0 1
24.1873 -16.7479 55.996 41.0751 -19.1498 33.2922 -0.864311 -13 316 1 0 1
13.2921 -9.82436 55.996 34.4761 -14.7379 54.0797 1.05496 -13 317 1 0 1
12.102 -1.84366 55.996 33.9125 -0.873671 61.4026 -1.13532 -13 318 1 0 1
14.0093 1.9431 55.996 35.865 6.95736 62.0294 2.29074 -13 319 1 0 1
22.0412 2.00872 55.996 46.6963 3.10714 56.3352 0.881251 -13 320 1 0 1
22.1651 -0.643149 55.996 42.5375 -1.59963 41.0915 -1.33269 -13 321 1 0 1
11.1847 1.61665 55.996 28.9128 4.19912 74.7077 2.11142 -13 322 1 0 1
19.9733 -7.34347 55.996 44.3331 -7.04125 62.5752 0.495013 -13 323 1 0 1
18.8155 9.57151 55.996 41.3958 13.6668 51.7186 -0.38381 -13 324 1 0 1
15.8846 -1.82381 55.996 39.1293 -3.83159 62.36 0.25348 -13 325 1 0 1
2.90674 5.8419 55.996 21.3454 7.16183 59.4634 0.222594 -13 326 1 0 1
12.7971 -12.693 55.996 32.3595 -16.5612 43.7666 0.496849 -13 327 1 0 1
8.16688 -0.591711 55.996 28.7961 -6.56255 53.9502 -1.24179 -13 328 1 0 1
15.7104 5.92782 55.996 38.5403 10.64 58.7544 1.36019 -13 329 1 0 1
17.6709 -4.39285 55.996 41.501 -4.59529 66.0098 -0.585388 -13 330 1 0 1
64.642 -39.6608 55.996 9.56547 -13.5871 -10.2744 0.456935 -13 330 1 0 1
11.9421 9.13297 55.996 33.2199 9.28099 65.243 -1.31799 -13 331 1 0 1
18.2808 -3.38051 55.996 31.413 -1.52412 21.6871 -0.862251 -13 332 1 0 1
27.5861 5.70419 55.996 42.9638 7.05902 27.6525 4.41171 -13 333 1 0 1
8.34164 -3.98015 55.996 29.5396 -5.08205 60.8451 0.583128 -13 334 1 0 1
18.9761 -4.6395 55.996 42.4598 -7.32929 53.084 0.605316 -13 335 1 0 1
21.4162 -7.69108 55.996 44.9181 -10.729 56.0131 -0.399493 -13 336 1 0 1
22.9871 -0.928615 55.996 43.0975 -4.23097 39.1538 1.17561 -13 338 1 0 1
19.2234 -8.42278 55.996 38.0385 -8.94145 37.6553 0.659459 -13 339 1 0 1
14.1157 3.23061 55.996 36.8555 6.42265 60.594 0.453318 -13 340 1 0 1
17.1164 1.3109 55.996 41.2511 -1.28576 67.0367 0.196948 -13 341 1 0 1
11.5287 3.27927 55.996 32.6985 7.28609 68.0019 0.851505 -13 342 1 0 1
17.1985 -3.75043 55.996 39.4065 -8.41414 50.5394 -0.103148 -13 343 1 0 1
29.1765 -1.25851 55.996 44.7591 1.15998 27.7001 0.0138675 -13 344 1 0 1
10.0343 1.65211 55.996 31.3518 4.36836 62.1835 -0.608275 -13 345 1 0 1
2.23735 0.121297 55.996 20.4321 -0.0282446 64.9955 0.810226 -13 346 1 0 1
11.8476 0.579449 55.996 34 1.00913 61.1994 -0.599945 -13 347 1 0 1
16.3627 -0.29019 55.996 37.5023 3.44583 43.6375 -0.24033 -13 348 1 0 1
25.4656 -2.25731 55.996 44.998 -3.94426 37.7229 1.13492 -13 349 1 0 1
22.2257 -7.32595 55.996 45.1735 -9.61159 48.9113 1.03953 -13 350 1 0 1
12.3206 3.35357 55.996 34.1743 3.65865 63.3901 -1.31559 -13 352 1 0 1
11.5059 3.07241 55.996 33.3598 3.18569 58.9611 0.00389382 -13 353 1 0 1
15.7673 10.5591 55.996 35.626 10.9225 44.072 0.661168 -13 354 1 0 1
10.6044 2.28964 55.996 30.9828 4.54078 68.5375 -0.251123 -13 355 1 0 1
25.6583 6.93995 55.996 46.3337 11.0962 39.7851 0.560385 -13 356 1 0 1
23.6904 -2.65341 55.996 38.4095 -1.63499 26.2676 0.337538 -13 357 1 0 1
32.0101 5.63223 55.996 46.9854 8.1551 26.9809 0.924514 -13 358 1 0 1
21.2139 -1.35751 55.996 43.8605 1.40232 46.4992 0.71576 -13 359 1 0 1
10.2389 -3.63623 55.996 31.1056 -5.6756 69.8849 -0.391448 -13 360 1 0 1
16.6472 -0.0471714 55.996 39.7563 2.27489 67.464 0.0963067 -13 361 1 0 1
8.5201 0.237848 55.996 29.3486 -2.31097 60.9267 -2.55634 -13 362 1 0 1
12.9876 1.95777 55.996 34.8658 5.45152 68.1506 -0.0869426 -13 363 1 0 1
15.7587 -7.7527 55.996 37.0844 -9.64898 54.0216 0.487532 -13 364 1 0 1
20.3001 4.21367 55.996 38.9298 6.21561 34.527 -1.61217 -13 365 1 0 1
13.1464 -0.126122 55.996 35.5315 1.18301 57.5924 0.782905 -13 368 1 0 1
14.6785 -0.573465 55.996 36.4955 1.42586 52.2215 -0.851895 -13 369 1 0 1
5.07215 0.833898 55.996 23.1811 0.522025 70.3262 1.07511 -13 370 1 0 1
13.5139 2.02705 55.996 36.1758 4.42389 57.1638 2.62676 -13 371 1 0 1
16.802 -5.41404 55.996 37.6555 -10.2835 42.5976 1.07968 -13 372 1 0 1
9.02752 -5.58635 55.996 29.7195 -9.51758 59.412 0.927449 -13 373 1 0 1
8.27772 -0.958798 55.996 27.5979 -0.000420938 72.8534 0.843967 -13 374 1 0 1
3.75322 4.24902 55.996 19.2032 9.51104 77.3748 -1.18918 -13 375 1 0 1
8.60201 -9.41102 55.996 28.4489 -14.4214 64.1106 0.699698 -13 376 1 0 1
23.6838 -3.83934 55.996 49.5967 -8.47731 62.1713 1.42505 -13 377 1 0 1
25.8583 3.07384 55.996 42.5156 0.397735 30.099 2.49502 -13 378 1 0 1
7.26598 -12.1596 55.996 26.368 -20.806 61.8153 0.876904 -13 379 1 0 1
15.1865 -17.9774 55.996 31.9461 -20.5057 33.8358 -0.432769 -13 380 1 0 1
21.1033 -0.546729 55.996 42.7563 2.38334 44.3976 1.42954 -13 381 1 0 1
19.7173 -6.1326 55.996 43.7383 -9.81759 59.1266 -0.0931992 -13 382 1 0 1
7.30408 12.7377 55.996 26.3371 14.3734 45.9749 1.58972 -13 383 1 0 1
27.3279 3.78203 55.996 47.8046 2.77795 37.3707 -1.05077 -13 384 1 0 1
10.9025 -0.178599 55.996 32.5801 -3.26649 60.8095 2.01167 -13 385 1 0 1
13.9312 3.30116 55.996 36.548 4.07703 60.7866 2.16976 -13 386 1 0 1
7.56639 -0.916389 55.996 27.1716 -3.0773 67.9384 0.350289 -13 387 1 0 1
14.9063 -1.40932 55.996 34.9936 -0.920717 41.6068 -0.48115 -13 388 1 0 1
28.6085 -1.00433 55.996 50.616 0.0447128 40.6653 1.32621 -13 389 1 0 1
14.5245 0.397846 55.996 37.6197 -0.454682 53.6006 1.00091 -13 390 1 0 1
34.4966 0.833752 55.996 48.8555 0.293725 24.824 0.109972 -13 391 1 0 1
10.0238 -6.01641 55.996 30.2912 -10.7282 47.7536 0.474358 -13 392 1 0 1
17.002 10.8759 55.996 38.1242 13.1858 49.5774 -0.542951 -13 394 1 0 1
10.7933 9.43802 55.996 31.2657 18.451 67.7769 -1.42461 -13 395 1 0 1
27.5124 3.98876 55.996 49.2828 2.90675 42.351 0.136544 -13 396 1 0 1
19.2822 -5.51663 55.996 40.6694 -5.88386 46.2659 1.53803 -13 397 1 0 1
18.6547 -0.896036 55.996 41.6612 -2.26736 53.645 1.12054 -13 398 1 0 1
15.0389 -6.23029 55.996 37.6426 -7.84904 63.2905 2.28126 -13 399 1 0 1
18.9665 -1.13848 55.996 42.004 3.45703 51.3763 0.234854 -13 400 1 0 1
19.6569 0.377164 55.996 43.6403 1.42721 58.6682 0.0226866 -13 401 1 0 1
15.9831 -5.23269 55.996 37.6015 -7.83247 46.4309 -0.0237508 -13 402 1 0 1
12.5759 -18.0223 55.996 32.6684 -30.0926 59.0721 0.481552 -13 403 1 0 1
16.7159 -3.95581 55.996 39.4676 -8.5116 54.9114 1.46765 -13 404 1 0 1
26.7664 0.793069 55.996 39.2322 -0.0317502 20.4335 -2.16181 -13 405 1 0 1
16.8385 -3.31079 55.996 38.4832 -7.46324 49.4382 -0.314471 -13 406 1 0 1
14.5425 -3.71843 55.996 37.3759 -3.6507 57.4745 1.53147 -13 407 1 0 1
32.6864 8.05046 55.996 50.4272 10.1344 31.4886 2.13274 -13 408 1 0 1
20.643 8.32269 55.996 42.9248 10.7066 47.8776 0.596561 -13 409 1 0 1
11.6035 -4.08685 55.996 32.9157 -6.79883 70.1454 -2.34512 -13 410 1 0 1
15.6466 12.3113 55.996 33.8787 10.0148 35.4927 0.848423 -13 411 1 0 1
10.3733 -11.5315 55.996 30.541 -17.2411 59.1046 1.51102 -13 412 1 0 1
9.74117 4.83016 55.996 29.5044 6.50799 74.0916 0.311516 -13 413 1 0 1
6.0551 -2.09455 55.996 26.8229 -1.69539 55.3313 1.24159 -13 414 1 0 1
25.024 3.65842 55.996 45.3354 5.44575 39.2292 0.63971 -13 415 1 0 1
30.5528 -15.9342 55.996 40.8297 -13.841 20.6809 0.250081 -13 417 1 0 1
10.7932 -1.09818 55.996 32.1225 -3.69117 63.3393 1.7111 -13 418 1 0 1
23.452 -0.428037 55.996 46.2007 -0.273222 46.6777 0.786233 -13 419 1 0 1
13.9411 -4.3035 55.996 36.3483 -9.55677 65.1449 -0.202594 -13 421 1 0 1
19.8762 15.8907 55.996 41.2307 22.905 50.3933 0.664041 -13 422 1 0 1
3.11255 -7.07613 55.996 22.4224 -4.92115 43.0408 0.057928 -13 423 1 0 1
8.35552 0.28217 55.996 29.27 1.55703 58.0987 0.185375 -13 425 1 0 1
13.8812 1.98614 55.996 35.603 6.22864 66.5114 -1.18882 -13 426 1 0 1
22.2683 -7.66613 55.996 44.1388 -8.06485 46.8641 -0.255859 -13 427 1 0 1
15.9286 6.5077 55.996 38.1943 12.5062 55.1139 0.635589 -13 428 1 0 1
29.1859 -6.1423 55.996 48.6114 -8.69283 34.7988 0.199277 -13 429 1 0 1
4.8612 7.61023 55.996 22.493 12.8882 68.9867 -1.47985 -13 430 1 0 1
15.5521 -3.53641 55.996 38.173 -6.47972 66.6787 2.12515 -13 431 1 0 1
17.6137 4.01657 55.996 40.7224 8.1012 55.8258 2.19447 -13 432 1 0 1
14.9306 -5.90561 55.996 37.0443 -12.7784 60.6502 1.61717 -13 433 1 0 1
22.8452 5.63254 55.996 44.0078 10.4177 42.037 0.398038 -13 434 1 0 1
38.5539 3.84718 55.996 47.938 2.1893 23.3489 1.39209 -13 435 1 0 1
14.4649 -1.42036 55.996 36.8998 -1.27749 58.4235 -2.07657 -13 437 1 0 1
11.081 1.59366 55.996 32.2312 2.42515 46.8913 2.21027 -13 438 1 0 1
15.0724 -7.99606 55.996 36.4662 -9.37413 52.8299 -0.879835 -13 439 1 0 1
22.2669 4.40817 55.996 43.9737 6.68664 44.7783 0.483755 -13 440 1 0 1
9.72801 0.904993 55.996 30.4126 1.09287 66.6181 1.58212 -13 441 1 0 1
9.29817 -3.72007 55.996 30.449 -1.6812 59.6884 0.0907637 -13 442 1 0 1
17.3477 0.798259 55.996 39.0723 4.60776 46.8601 1.29069 -13 443 1 0 1
25.6441 0.381888 55.996 49.9873 1.73788 51.4059 1.22722 -13 444 1 0 1
20.4311 0.135262 55.996 44.1621 -3.42982 55.3072 0.305842 -13 445 1 0 1
12.3877 -9.28722 55.996 34.1451 -10.9421 61.885 -1.33211 -13 446 1 0 1
24.6566 3.761 55.996 45.116 5.17754 39.2102 -0.165654 -13 447 1 0 1
11.2923 0.963381 55.996 32.993 3.48309 63.641 -1.78371 -13 448 1 0 1
14.2463 2.02848 55.996 34.1355 1.4146 42.5463 0.0723641 -13 449 1 0 1
17.3307 2.92016 55.996 40.6334 2.0921 70.2902 0.291846 -13 451 1 0 1
15.9693 -1.69348 55.996 39.367 -3.49225 56.4936 1.32482 -13 452 1 0 1
18.2628 -1.47232 55.996 40.5135 -1.25022 46.3918 -0.0823061 -13 453 1 0 1
18.2431 1.52564 55.996 39.0475 1.07966 39.2401 1.6187 -13 454 1 0 1
23.8778 -0.619253 55.996 43.8904 -2.58111 37.8972 0.468999 -13 455 1 0 1
21.9726 5.39715 55.996 44.5617 8.48047 48.5798 -0.385456 -13 456 1 0 1
22.8263 -4.07341 55.996 43.8767 -2.67182 39.765 1.07041 -13 457 1 0 1
27.3418 -17.071 55.996 43.9053 -18.9372 33.5058 -0.801093 -13 458 1 0 1
17.0194 3.74333 55.996 41.0472 3.22234 63.8355 1.89948 -13 459 1 0 1
14.0036 3.88549 55.996 35.6294 7.32949 56.9286 0.0712308 -13 460 1 0 1
9.85114 4.18746 55.996 31.2368 8.08913 59.8831 0.573014 -13 461 1 0 1
15.3131 -5.42913 55.996 37.6669 -7.19568 53.9949 -0.0513912 -13 462 1 0 1
15.9415 -0.985403 55.996 38.9056 -1.08359 58.7377 1.70414 -13 463 1 0 1
24.5515 12.6162 55.996 45.2364 16.9848 42.7682 0.120127 -13 464 1 0 1
3.88035 5.34496 55.996 22.1218 5.00998 37.7273 -0.549326 -13 465 1 0 1
20.2729 6.79248 55.996 40.5071 9.4945 42.342 0.603317 -13 466 1 0 1
16.2789 0.528014 55.996 37.5668 -2.40417 44.5489 -0.572246 -13 468 1 0 1
15.4855 9.56728 55.996 35.1936 11.1834 41.6607 0.72533 -13 469 1 0 1
18.641 -6.09499 55.996 41.1877 -6.91419 52.5213 -0.215065 -13 470 1 0 1
20.371 6.08727 55.996 38.8725 6.19709 35.139 1.49555 -13 471 1 0 1
17.8981 -17.0281 55.996 30.8399 -15.0053 24.2899 1.57483 -13 472 1 0 1
15.5588 0.675643 55.996 36.6812 0.445938 43.5709 -0.342614 -13 473 1 0 1
26.0141 -4.87348 55.996 47.9128 -6.37665 41.6006 -0.337209 -13 474 1 0 1
14.6071 3.3205 55.996 37.5757 6.93659 62.802 1.80545 -13 475 1 0 1
11.2425 8.00249 55.996 32.4295 12.2756 55.2147 0.241149 -13 476 1 0 1
17.2768 11.3297 55.996 40.3183 14.1787 54.6771 -1.03348 -13 477 1 0 1
12.6649 -5.70831 55.996 33.5261 -6.97585 53.7672 -1.53324 -13 478 1 0 1
24.897 -1.10373 55.996 41.1417 -2.46211 30.0324 -0.290323 -13 479 1 0 1
24.3704 5.13178 55.996 43.3741 7.27241 36.47 0.61785 -13 480 1 0 1
35.658 -1.76823 55.996 39.3532 -1.37149 8.62958 1.06071 -13 481 1 0 1
13.9244 12.1306 55.996 31.5375 10.3122 33.7557 0.719553 -13 482 1 0 1
6.39202 8.58923 55.996 25.4941 12.0967 65.6391 1.02833 -13 483 1 0 1
8.99581 1.72657 55.996 29.457 1.22576 62.7341 -1.02244 -13 484 1 0 1
9.0095 -5.98831 55.996 29.8189 -9.64774 52.9053 2.11367 -13 485 1 0 1
18.4989 -9.49222 55.996 39.1015 -14.4921 44.7399 3.03585 -13 486 1 0 1
21.3764 3.22539 55.996 45.1347 2.87164 54.5678 0.40471 -13 487 1 0 1
2.92023 -3.59259 55.996 22.0777 -5.17072 60.0683 -0.640796 -13 488 1 0 1
23.5855 3.01845 55.996 38.4807 6.64792 26.4424 1.69879 -13 489 1 0 1
12.9326 -8.66925 55.996 34.2993 -14.6593 54.1945 -1.5451 -13 490 1 0 1
15.88 1.36708 55.996 38.8857 -1.26159 60.1156 1.121 -13 491 1 0 1
14.4958 3.75085 55.996 35.9479 7.86098 50.5629 1.4592 -13 492 1 0 1
10.4179 -0.380015 55.996 32.0013 -0.833603 52.6003 1.29445 -13 493 1 0 1
26.7876 -2.55212 55.996 38.0376 -3.75818 19.6317 0.494924 -13 494 1 0 1
30.7177 11.4719 55.996 36.0445 7.02769 9.98963 -2.18826 -13 495 1 0 1
23.0856 -13.1885 55.996 37.3806 -13.1385 27.2449 0.642576 -13 496 1 0 1
14.0589 -1.02755 55.996 35.8377 -0.995146 54.9369 0.541765 -13 497 1 0 1
12.2025 5.786 55.996 33.9225 9.15578 60.9871 -0.164493 -13 498 1 0 1
17.2003 2.58559 55.996 36.9543 0.963591 40.2016 -0.524673 -13 499 1 0 1
14.9916 3.71335 55.996 37.3724 4.45095 71.0261 -0.0468325 -13 501 1 0 1
5.79273 8.11554 55.996 24.9475 9.78147 64.267 -0.916332 -13 502 1 0 1
15.7638 -10.3284 55.996 38.555 -12.0268 58.8007 -1.35932 -13 503 1 0 1
15.9408 4.17385 55.996 38.0304 7.28636 55.137 0.564634 -13 504 1 0 1
34.8432 1.1734 55.996 51.7128 1.33466 28.7159 -0.782582 -13 505 1 0 1
8.53099 -1.07742 55.996 26.9177 -3.51774 74.9383 1.50833 -13 506 1 0 1
31.3073 14.5996 55.996 44.078 15.7697 25.2103 0.821926 -13 507 1 0 1
20.4275 -5.99803 55.996 43.185 -6.61789 48.714 1.25076 -13 508 1 0 1
19.9823 -5.02149 55.996 43.9934 -7.21738 59.3953 0.273959 -13 509 1 0 1
6.09721 4.53135 55.996 26.4533 5.75199 56.7144 1.40932 -13 510 1 0 1
4.04849 -1.03749 55.996 22.1433 0.319598 70.1163 2.28852 -13 511 1 0 1
15.2465 4.25846 55.996 36.5842 5.77049 48.4265 -0.135214 -13 512 1 0 1
23.2293 -0.594871 55.996 41.1894 0.848967 33.5383 1.43948 -13 513 1 0 1
18.6588 2.59928 55.996 39.6539 3.6541 43.7373 -3.202 -13 514 1 0 1
6.80333 -2.66132 55.996 26.3378 -3.28013 62.9307 -1.20923 -13 515 1 0 1
16.2784 2.79603 55.996 37.2072 6.72235 45.6875 -1.67154 -13 516 1 0 1
15.0184 -4.1479 55.996 37.703 -9.00262 62.349 -0.883851 -13 517 1 0 1
13.74 -0.00855773 55.996 36.4312 1.00913 56.6107 1.05881 -13 518 1 0 1
7.48575 1.46736 55.996 25.2131 1.18856 75.1355 0.141078 -13 519 1 0 1
17.0282 -4.41504 55.996 39.1653 -8.25523 48.1852 2.7847 -13 520 1 0 1
9.9933 -8.21545 55.996 30.8958 -11.2557 63.5729 -1.24403 -13 521 1 0 1
14.6056 3.48014 55.996 36.339 5.44543 71.8864 1.13024 -13 522 1 0 1
9.57726 7.56761 55.996 30.3049 9.84645 64.0929 1.0931 -13 523 1 0 1
8.81399 -3.22908 55.996 29.7406 0.324172 54.742 0.967543 -13 524 1 0 1
32.8174 17.9422 55.996 40.7316 15.9576 16.6411 1.05435 -13 525 1 0 1
6.96272 -0.459264 55.996 25.8599 2.71487 68.7648 0.258891 -13 526 1 0 1
19.9048 4.08995 55.996 42.0319 5.79419 46.7387 1.28227 -13 527 1 0 1
20.1894 -2.24986 55.996 42.2114 -2.54653 46.1435 2.93342 -13 528 1 0 1
22.6606 -7.92719 55.996 46.5304 -15.4721 54.6567 1.04058 -13 529 1 0 1
15.9144 3.66298 55.996 38.937 5.28771 56.4091 -0.37099 -13 530 1 0 1
12.3372 1.20992 55.996 33.859 2.3776 50.0017 1.23855 -13 531 1 0 1
10.7483 3.9671 55.996 31.9333 6.67292 48.5554 1.89549 -13 532 1 0 1
23.3465 -16.9232 55.996 32.3203 -13.8163 18.012 3.66547 -13 533 1 0 1
20.5762 -1.10495 55.996 44.6893 -0.636392 55.8238 1.20738 -13 534 1 0 1
17.3914 4.99256 55.996 40.2621 12.3035 58.2185 -2.59844 -13 535 1 0 1
26.0318 -2.63262 55.996 45.0876 -1.01842 35.5826 -0.621486 -13 536 1 0 1
21.0293 9.32566 55.996 43.4254 11.1481 45.7345 0.368447 -13 538 1 0 1
9.95859 -3.47169 55.996 30.5615 -8.8596 64.6338 1.23752 -13 539 1 0 1
19.9476 -4.69015 55.996 44.4953 -6.70204 64.4792 1.60283 -13 540 1 0 1
14.8173 5.66641 55.996 37.1005 10.7036 61.8246 1.17251 -13 541 1 0 1
18.0879 3.18106 55.996 41.2722 6.10577 55.2382 0.247414 -13 542 1 0 1
19.8787 -1.32508 55.996 43.5957 -4.47386 52.7897 -0.278189 -13 543 1 0 1
16.9383 0.887738 55.996 39.4688 0.574497 51.8636 0.666514 -13 544 1 0 1
14.3546 -14.931 55.996 35.2622 -24.4626 60.178 1.37315 -13 545 1 0 1
31.8172 -17.0236 55.996 41.128 -15.689 19.6199 0.858126 -13 546 1 0 1
13.8091 11.0928 55.996 32.7222 13.9408 41.6019 -0.435464 -13 547 1 0 1
18.0245 4.6282 55.996 39.6111 9.06631 48.8866 2.51299 -13 548 1 0 1
19.8025 -2.3549 55.996 40.8716 -0.493434 43.182 2.82837 -13 549 1 0 1
5.20399 9.69741 55.996 23.5103 16.21 64.3688 -2.27839 -13 550 1 0 1
35.4226 -16.4964 55.996 37.9528 -11.8031 9.59342 1.67695 -13 551 1 0 1
15.5947 -4.66091 55.996 37.784 -7.07507 50.42 0.467565 -13 553 1 0 1
5.13011 -1.26829 55.996 24.2268 -3.3858 62.8208 -0.793678 -13 554 1 0 1
22.8787 5.71297 55.996 47.2337 9.00177 58.1882 1.47258 -13 555 1 0 1
13.3969 9.47343 55.996 33.6858 11.6166 47.7546 0.741506 -13 556 1 0 1
20.733 0.540639 55.996 42.9572 -0.150364 46.6602 2.68336 -13 557 1 0 1
10.3483 -2.74025 55.996 31.2918 -5.46641 56.1228 -2.37896 -13 558 1 0 1
13.8898 5.08578 55.996 33.505 6.07229 39.524 -1.15913 -13 560 1 0 1
5.92576 3.15736 55.996 24.8232 2.6596 66.6069 1.3096 -13 562 1 0 1
30.7735 21.5983 55.996 29.3245 14.7816 3.45455 -1.16211 -13 563 1 0 1
19.8113 -0.262706 55.996 43.4959 -2.53623 57.3578 -0.110108 -13 564 1 0 1
7.60345 -8.79282 55.996 27.6064 -10.2025 51.1988 1.50246 -13 565 1 0 1
9.28553 -0.17155 55.996 29.3184 -1.31803 69.5668 0.943332 -13 566 1 0 1
20.1803 0.285626 55.996 41.337 0.963139 43.2129 0.449552 -13 567 1 0 1
9.66881 4.46725 55.996 30.5726 8.26954 65.6302 0.387482 -13 568 1 0 1
15.2399 -5.05464 55.996 36.9435 -7.48586 52.1199 2.02881 -13 569 1 0 1
15.4553 -9.31121 55.996 35.4383 -9.68382 42.0652 -2.14749 -13 570 1 0 1
15.5422 -3.40429 55.996 38.6832 -7.92023 65.9628 0.0647988 -13 572 1 0 1
7.95924 1.22533 55.996 28.4454 -1.68818 64.7109 2.15079 -13 573 1 0 1
10.8167 15.3788 55.996 30.2376 22.634 51.5433 -0.726384 -13 574 1 0 1
14.1271 0.654249 55.996 36.4086 1.00481 61.3745 0.397546 -13 575 1 0 1
12.5307 0.071701 55.996 34.5889 -4.03994 60.8145 -0.678166 -13 576 1 0 1
16.4541 -3.32198 55.996 39.0777 -0.722698 55.225 -1.7474 -13 577 1 0 1
13.8468 7.89606 55.996 36.0074 13.1787 64.5203 2.15193 -13 578 1 0 1
24.8823 -9.98337 55.996 46.687 -13.3907 42.9108 0.01333 -13 579 1 0 1
7.24674 5.55839 55.996 26.879 11.0456 62.833 1.68681 -13 580 1 0 1
23.1731 2.44944 55.996 45.3025 1.64614 44.6517 0.327691 -13 581 1 0 1
32.5011 -6.90493 55.996 45.9396 -5.74216 24.111 0.326676 -13 582 1 0 1
16.7912 0.322571 55.996 40.1477 -0.757674 60.147 -0.222685 -13 583 1 0 1
18.0955 1.16087 55.996 40.3938 -1.11278 52.3394 -0.524438 -13 584 1 0 1
16.3395 -6.21545 55.996 38.1478 -10.9579 54.4669 -1.82215 -13 585 1 0 1
18.3143 -3.85131 55.996 41.8784 -7.49582 59.4369 2.40324 -13 586 1 0 1
7.80043 10.5713 55.996 26.2697 19.9953 68.6396 0.570312 -13 587 1 0 1
18.9913 -2.77777 55.996 42.2591 -1.81651 53.5701 -1.89023 -13 588 1 0 1
14.4592 3.18334 55.996 36.7981 3.76031 60.343 -1.0253 -13 589 1 0 1
7.517 -6.18923 55.996 26.7943 -13.219 70.5842 -0.662172 -13 590 1 0 1
8.03699 -1.29784 55.996 26.8201 0.174671 74.5565 2.78123 -13 591 1 0 1
11.6148 -1.0823 55.996 33.8087 -3.03491 64.2504 -2.40028 -13 592 1 0 1
14.313 1.87312 55.996 36.8299 -0.995552 54.1146 2.17478 -13 593 1 0 1
11.5304 -3.89868 55.996 32.4175 -7.48956 56.7075 0.467527 -13 594 1 0 1
17.9565 -4.43225 55.996 40.5965 -4.16765 52.928 0.820674 -13 595 1 0 1
4.86147 -1.15921 55.996 20.1178 -2.52228 77.226 0.124535 -13 597 1 0 1
14.6602 -6.13807 55.996 36.0633 -11.7253 72.1612 -1.50636 -13 598 1 0 1
10.9284 5.17833 55.996 30.6569 6.43161 42.3206 -1.30435 -13 599 1 0 1
20.4091 -8.75781 55.996 39.3744 -10.2832 36.3708 0.849096 -13 600 1 0 1
21.8322 0.886524 55.996 42.861 0.910802 43.3978 1.45716 -13 601 1 0 1
17.8602 -3.27358 55.996 40.9331 -4.26196 51.8109 0.885611 -13 602 1 0 1
4.57618 -1.50236 55.996 23.3482 -1.76466 66.431 -1.04259 -13 603 1 0 1
28.4493 -4.137 55.996 43.0498 -5.17799 24.1931 0.515991 -13 604 1 0 1
11.471 -14.0815 55.996 31.5809 -17.2926 51.954 0.31449 -13 605 1 0 1
21.362 -1.75142 55.996 44.3513 -2.56431 52.1029 2.88079 -13 606 1 0 1
21.4861 7.89504 55.996 45.5955 16.0586 61.867 -0.51113 -13 607 1 0 1
4.26093 0.00911548 55.996 21.8855 4.70086 71.7456 0.377954 -13 609 1 0 1
11.4463 0.57384 55.996 33.1691 5.95211 61.0909 -1.42853 -13 610 1 0 1
16.2345 -0.702004 55.996 37.3309 -3.40446 44.6698 1.19568 -13 611 1 0 1
34.8849 2.32162 55.996 50.9978 4.46315 28.6119 -1.88778 -13 612 1 0 1
15.158 2.13829 55.996 37.9823 0.414355 54.6431 -0.0397869 -13 614 1 0 1
9.45676 -1.85343 55.996 30.5192 -6.81247 68.7337 1.05554 -13 615 1 0 1
18.1689 2.5082 55.996 42.558 6.12095 67.3124 0.0309641 -13 616 1 0 1
18.7987 -2.40941 55.996 41.4706 -1.96215 51.309 -0.417587 -13 617 1 0 1
15.8485 18.1958 55.996 34.7756 24.0713 45.6958 -0.728946 -13 618 1 0 1
36.8577 13.1947 55.996 47.8551 14.9405 21.1669 1.11873 -13 619 1 0 1
11.6386 1.89575 55.996 32.4612 2.79316 72.2891 -1.97051 -13 620 1 0 1
16.9714 -6.80222 55.996 38.5485 -5.81228 48.0917 0.970913 -13 621 1 0 1
30.6799 -20.415 55.996 47.7211 -22.307 34.5511 0.700556 -13 622 1 0 1
11.9413 -1.49277 55.996 33.5425 1.01903 51.8875 -0.0135304 -13 623 1 0 1
20.1973 2.53664 55.996 43.7882 1.93348 50.6698 -0.0107334 -13 624 1 0 1
8.71844 13.8508 55.996 28.0459 14.3994 48.9631 -0.546584 -13 625 1 0 1
16.6482 0.468759 55.996 39.8157 -1.3113 61.1304 2.71705 -13 626 1 0 1
9.56437 2.19568 55.996 29.412 8.75222 71.8009 0.82243 -13 627 1 0 1
13.9188 6.30401 55.996 36.6256 11.0666 63.3844 0.406033 -13 628 1 0 1
15.0989 8.09167 55.996 38.0092 13.1958 55.889 0.469225 -13 629 1 0 1
8.16764 5.84693 55.996 28.5828 10.1888 58.9172 0.932535 -13 630 1 0 1
13.977 -3.60522 55.996 35.9847 -4.31129 49.5567 -0.360885 -13 631 1 0 1
16.4867 -6.84965 55.996 39.1291 -9.41825 56.7381 -1.23198 -13 632 1 0 1
7.50294 13.0969 55.996 26.962 18.2872 55.7737 0.159297 -13 634 1 0 1
37.8659 1.52798 55.996 46.378 -4.01331 18.25 0.600741 -13 635 1 0 1
7.82063 4.30285 55.996 27.3204 10.2197 68.8448 -1.85213 -13 636 1 0 1
20.7105 1.5795 55.996 44.9416 1.0696 58.6973 0.366473 -13 637 1 0 1
32.2631 -9.96938 55.996 36.9989 -7.93142 10.7098 0.52925 -13 638 1 0 1
20.8743 -6.96727 55.996 43.7396 -9.72251 51.3917 -1.66901 -13 639 1 0 1
26.9475 -5.29921 55.996 48.4667 -7.84487 41.8599 -0.998859 -13 641 1 0 1
15.2788 -8.39156 55.996 36.3735 -9.09982 47.25 0.265134 -13 642 1 0 1
10.6659 -9.35616 55.996 31.3335 -14.8495 64.7252 -0.119047 -13 643 1 0 1
14.5472 -8.53501 55.996 34.1088 -11.4263 42.7047 2.55668 -13 644 1 0 1
21.742 -8.49423 55.996 42.048 -9.76538 40.6493 1.32533 -13 645 1 0 1
7.19347 1.15656 55.996 26.2186 1.33173 70.0895 1.59698 -13 646 1 0 1
3.75089 -1.55388 55.996 19.106 -0.812215 76.7787 -1.2598 -13 647 1 0 1
16.5647 -2.92419 55.996 39.8478 -3.4472 56.5949 0.152995 -13 649 1 0 1
12.9439 -5.10737 55.996 34.6547 -6.20175 66.3878 1.20249 -13 650 1 0 1
16.2144 2.99496 55.996 38.835 3.91598 57.535 0.750547 -13 651 1 0 1
13.135 -7.16349 55.996 34.5861 -11.198 57.2527 1.25603 -13 652 1 0 1
14.9271 -5.06895 55.996 37.1758 -5.73534 58.7781 0.875556 -13 653 1 0 1
22.6011 -6.69655 55.996 35.1124 -7.0255 21.5065 0.555926 -13 655 1 0 1
6.88646 8.58558 55.996 26.1168 15.0974 60.8718 0.129885 -13 656 1 0 1
18.6287 -2.88772 55.996 40.8578 -0.967437 49.0542 0.872732 -13 657 1 0 1
9.57591 -7.73857 55.996 29.7249 -8.66728 63.5265 2.45729 -13 659 1 0 1
17.2021 -4.65207 55.996 39.6681 -5.88676 54.9631 -1.25658 -13 660 1 0 1
11.7699 -1.24038 55.996 32.4208 -6.2303 70.4789 1.85005 -13 661 1 0 1
17.574 5.67624 55.996 39.026 7.46115 46.8281 -0.00470008 -13 662 1 0 1
22.8211 1.47375 55.996 43.5461 3.18608 40.6224 0.726037 -13 663 1 0 1
13.4695 -5.52202 55.996 34.9479 -7.47221 62.7644 1.96355 -13 664 1 0 1
12.7493 -3.74387 55.996 34.4584 -7.74813 69.5623 0.521024 -13 665 1 0 1
13.7874 8.07019 55.996 35.5766 12.4408 53.0605 1.22473 -13 666 1 0 1
10.9375 -0.523232 55.996 32.0299 0.112596 54.4766 -1.9133 -13 667 1 0 1
21.6164 -7.01965 55.996 34.6153 -7.19455 23.4353 1.09213 -13 668 1 0 1
16.342 -8.78434 55.996 39.3826 -12.5448 56.2439 1.62322 -13 669 1 0 1
9.23616 -7.97579 55.996 29.2971 -11.7692 67.0327 0.249386 -13 670 1 0 1
26.8443 -2.22159 55.996 49.2395 -2.71344 42.7103 0.756854 -13 671 1 0 1
25.8201 12.7259 55.996 43.8208 14.8145 37.1598 1.85665 -13 672 1 0 1
21.5501 7.53308 55.996 43.5343 8.43603 45.2033 0.601412 -13 673 1 0 1
25.2689 8.27778 55.996 45.9218 11.0401 43.4103 1.12934 -13 674 1 0 1
13.6917 -8.11871 55.996 35.2843 -12.6627 53.6309 3.41733 -13 675 1 0 1
30.809 7.28886 55.996 44.5114 8.93201 25.5223 0.175801 -13 676 1 0 1
26.5737 -1.33572 55.996 49.4739 -2.84212 47.5046 1.2691 -13 677 1 0 1
14.8334 4.83491 55.996 37.4597 12.7998 62.1175 1.77977 -13 678 1 0 1
8.92481 8.28922 55.996 29.0722 13.0292 62.2932 0.239893 -13 679 1 0 1
16.9586 0.0423137 55.996 38.6404 -1.85128 44.1292 -0.61666 -13 680 1 0 1
13.1247 0.0745289 55.996 35.4338 -5.19508 65.6254 -3.00833 -13 681 1 0 1
34.3724 2.8994 55.996 53.4132 6.90049 34.4773 2.35269 -13 683 1 0 1
17.2047 -7.66358 55.996 38.8545 -9.73416 49.4316 0.0516266 -13 684 1 0 1
35.5225 -6.0988 55.996 57.9508 -10.4952 40.907 -1.37922 -13 685 1 0 1
19.2803 4.34416 55.996 43.2444 6.85331 56.7285 0.662947 -13 686 1 0 1
20.0595 6.06333 55.996 38.3591 8.18785 34.9142 1.99837 -13 687 1 0 1
9.66192 4.38186 55.996 30.5439 4.16495 60.5971 0.211278 -13 688 1 0 1
21.7074 -0.316159 55.996 36.5866 0.160331 24.6039 -0.0510854 -13 689 1 0 1
24.8586 -7.94426 55.996 46.2081 -11.9053 41.8026 1.2885 -13 690 1 0 1
15.3962 1.6971 55.996 37.2706 -0.101769 54.762 -1.69829 -13 691 1 0 1
11.4862 -2.13053 55.996 32.424 -6.28293 54.7441 -0.69108 -13 692 1 0 1
18.4387 1.51947 55.996 36.9226 -2.75053 37.5661 2.13479 -13 693 1 0 1
16.2856 -5.68011 55.996 38.5256 -5.09382 54.1705 2.62784 -13 694 1 0 1
18.7457 4.25399 55.996 41.7559 6.06872 51.6602 0.619856 -13 696 1 0 1
11.1289 -0.0789634 55.996 31.7858 1.59319 65.3922 0.773104 -13 697 1 0 1
13.3181 -5.34457 55.996 35.2828 -8.30895 65.1785 1.64046 -13 700 1 0 1
18.6029 8.29845 55.996 41.9082 14.5936 55.9981 1.60548 -13 701 1 0 1
28.5213 -0.948374 55.996 41.3869 -0.634694 23.208 1.70618 -13 702 1 0 1
8.11731 3.94648 55.996 26.2222 5.23595 75.6478 -1.98901 -13 703 1 0 1
22.7278 0.03777 55.996 43.4467 2.01058 39.1659 -0.162207 -13 704 1 0 1
17.4049 -0.851371 55.996 37.7279 -2.38243 41.4734 1.71863 -13 705 1 0 1
14.1935 0.878286 55.996 35.2596 1.32638 43.9471 -1.30389 -13 706 1 0 1
13.2594 0.215492 55.996 35.5343 4.82712 64.2917 3.56851 -13 707 1 0 1
7.55017 -3.08434 55.996 28.1035 -4.13073 54.9742 0.776581 -13 708 1 0 1
17.912 3.37222 55.996 41.2604 2.99182 54.0662 0.352031 -13 709 1 0 1
23.8247 -0.918985 55.996 40.0251 -2.92344 28.0698 -0.611108 -13 710 1 0 1
22.9692 2.01719 55.996 41.1226 0.319034 34.6605 0.00364344 -13 711 1 0 1
13.291 -8.05038 55.996 34.9232 -11.5171 60.4541 1.6479 -13 712 1 0 1
11.6959 -5.17319 55.996 31.4793 -11.2086 73.98 0.244838 -13 713 1 0 1
19.2402 -1.78167 55.996 37.9626 -4.27162 36.2418 1.97855 -13 714 1 0 1
14.1618 1.84942 55.996 36.5658 4.72953 62.8115 -0.820479 -13 715 1 0 1
22.0703 13.8728 55.996 38.7378 15.0659 32.0854 1.56938 -13 716 1 0 1
14.8155 0.0817593 55.996 35.3184 -0.633052 41.9359 2.09435 -13 717 1 0 1
9.30509 1.76638 55.996 29.6876 0.916985 67.4834 1.18851 -13 718 1 0 1
18.5725 2.55524 55.996 42.5541 6.19301 59.4893 0.164438 -13 719 1 0 1
10.257 1.86531 55.996 31.3806 2.8655 59.5013 2.34457 -13 720 1 0 1
20.7554 -6.485 55.996 44.7658 -9.54793 57.3198 0.181581 -13 721 1 0 1
21.3717 -10.7717 55.996 40.5638 -13.6261 38.9424 -1.21288 -13 722 1 0 1
13.679 -5.54108 55.996 34.9038 -5.23329 52.5558 -0.929889 -13 723 1 0 1
15.4518 8.03426 55.996 38.0095 11.1721 62.5378 2.26187 -13 724 1 0 1
17.5649 9.09416 55.996 38.268 9.91312 44.3328 0.0197579 -13 725 1 0 1
34.5116 -13.712 55.996 48.5699 -15.392 25.9278 -0.60669 -13 726 1 0 1
34.5927 3.65776 55.996 44.2257 3.94194 18.185 2.35413 -13 727 1 0 1
15.998 -4.21777 55.996 39.0378 -6.13371 67.6636 -1.57529 -13 729 1 0 1
18.1025 -5.44501 55.996 34.68 -3.30981 27.8412 0.152337 -13 730 1 0 1
7.53535 -5.15657 55.996 27.2446 -6.64422 66.1884 -0.990828 -13 731 1 0 1
10.8232 6.25 55.996 32.5613 7.6646 62.9458 2.26398 -13 732 1 0 1
12.5264 -1.23917 55.996 32.0518 -2.90115 38.3109 -0.10354 -13 733 1 0 1
16.1389 -4.96724 55.996 39.081 -14.5643 59.2782 2.51471 -13 734 1 0 1
25.9407 7.40145 55.996 41.13 7.63854 27.7956 0.156809 -13 736 1 0 1
14.5098 6.62078 55.996 36.8277 8.40175 53.4309 2.3367 -13 737 1 0 1
23.9149 -1.24511 55.996 44.472 0.0394302 40.5701 1.83995 -13 738 1 0 1
19.9172 -2.92808 55.996 41.3397 -1.90211 45.0057 -0.852595 -13 739 1 0 1
10.0287 2.79378 55.996 30.5969 4.07343 67.8716 1.02192 -13 740 1 0 1
1.53937 -1.51597 55.996 21.0342 -0.493618 47.1596 -1.94381 -13 742 1 0 1
20.1544 -3.62243 55.996 45.0952 -3.87079 58.5676 1.59089 -13 743 1 0 1
16.3505 4.69357 55.996 37.1625 3.95643 44.0746 0.558167 -13 744 1 0 1
22.0629 7.88902 55.996 45.8877 11.1941 57.4546 2.21955 -13 745 1 0 1
15.1043 2.38006 55.996 37.8237 3.6971 59.0413 -1.56047 -13 746 1 0 1
13.7187 -0.68016 55.996 36.042 -0.651473 59.4504 0.435208 -13 747 1 0 1
12.9227 0.916068 55.996 33.3544 2.1529 41.3291 -1.51182 -13 748 1 0 1
19.7654 -4.43892 55.996 43.6613 -7.29166 59.7937 1.38449 -13 749 1 0 1
9.00622 5.53988 55.996 30.2564 2.58052 55.4434 0.975832 -13 750 1 0 1
19.023 9.48107 55.996 38.6542 12.5918 39.5576 0.323976 -13 751 1 0 1
13.0303 6.21641 55.996 35.1281 11.7735 59.3304 -0.229087 -13 752 1 0 1
10.5586 1.70498 55.996 32.1561 -0.212748 57.4702 -0.777465 -13 753 1 0 1
6.36199 -0.620768 55.996 26.0965 0.499905 66.769 0.554687 -13 754 1 0 1
14.5501 1.86212 55.996 37.2367 1.90494 67.4122 -1.18778 -13 755 1 0 1
18.9205 5.5296 55.996 41.8925 11.0728 54.805 -0.771255 -13 756 1 0 1
34.544 -6.99637 55.996 48.9794 -6.80617 25.0268 -0.749188 -13 757 1 0 1
13.5575 -1.13764 55.996 34.8957 -4.47147 47.1659 0.637049 -13 758 1 0 1
22.4031 -11.7095 55.996 43.2465 -16.449 45.2818 1.44127 -13 759 1 0 1
17.1968 -2.31806 55.996 37.6584 -3.34226 42.7116 0.494745 -13 760 1 0 1
18.953 -11.0735 55.996 39.5861 -12.9233 45.3592 0.981525 -13 761 1 0 1
15.8613 4.76076 55.996 32.1123 6.30451 29.4079 -0.617879 -13 762 1 0 1
29.6636 3.56669 55.996 49.4748 6.85631 37.4432 1.58354 -13 763 1 0 1
14.2243 -0.456312 55.996 36.8759 0.117874 61.6171 -2.34196 -13 764 1 0 1
13.3511 -1.19751 55.996 36.2638 -2.54211 56.2353 -0.293571 -13 765 1 0 1
21.7162 18.166 55.996 29.6041 14.2193 14.9746 -0.717391 -13 766 1 0 1
21.9972 0.355528 55.996 43.259 -0.363714 42.6603 -0.150565 -13 767 1 0 1
22.6732 -11.4144 55.996 45.7593 -16.2985 50.388 0.898048 -13 768 1 0 1
21.6093 0.641235 55.996 34.8268 -1.12143 21.7662 0.516022 -13 769 1 0 1
5.59678 0.516861 55.996 25.0037 -5.77624 67.6563 -0.806749 -13 770 1 0 1
30.9988 -12.2481 55.996 41.1173 -12.2449 18.8989 -0.285776 -13 771 1 0 1
17.857 3.00456 55.996 38.6517 2.78203 42.3449 0.116212 -13 772 1 0 1
18.5376 -1.06056 55.996 42.5465 -0.998814 65.502 0.756624 -13 773 1 0 1
8.45002 -2.73895 55.996 29.4482 -2.05783 53.7581 1.20616 -13 774 1 0 1
32.0673 -4.66683 55.996 51.6126 -7.27926 35.0085 0.246069 -13 775 1 0 1
13.421 6.38879 55.996 34.1238 8.40534 46.1818 2.80712 -13 776 1 0 1
10.2762 -5.99061 55.996 31.0949 -10.5428 61.6292 0.217607 -13 777 1 0 1
20.0759 10.672 55.996 36.5442 13.5397 31.5419 2.92315 -13 778 1 0 1
9.29321 -5.14311 55.996 30.2584 -7.70693 63.4669 1.93078 -13 779 1 0 1
17.8876 2.64634 55.996 41.9301 4.28049 54.4787 -0.643577 -13 780 1 0 1
13.4138 -1.2082 55.996 35.6383 -3.69959 57.9343 0.142106 -13 781 1 0 1
9.59535 -2.96026 55.996 30.4662 -4.07426 57.8048 0.761701 -13 782 1 0 1
27.9014 -2.85446 55.996 48.2412 -2.60751 37.726 1.29093 -13 783 1 0 1
8.83318 -12.3467 55.996 28.9078 -20.3177 59.3385 -0.620048 -13 784 1 0 1
9.50579 -1.81553 55.996 29.031 -8.60707 74.003 0.0264588 -13 785 1 0 1
9.20095 8.90106 55.996 25.1074 6.38415 25.2235 0.674878 -13 786 1 0 1
28.7935 -3.78424 55.996 42.6278 -5.24342 24.9899 -0.666168 -13 787 1 0 1
4.94293 -0.489 55.996 24.5688 -1.95035 59.363 -0.683097 -13 788 1 0 1
27.2358 -1.46777 55.996 52.2393 -5.22042 50.6894 0.709944 -13 789 1 0 1
18.5807 -2.81366 55.996 39.7304 -6.62324 47.0418 2.2879 -13 790 1 0 1
20.5533 -6.3011 55.996 44.2902 -11.7887 53.9594 -1.15652 -13 791 1 0 1
8.01131 1.77629 55.996 28.7012 3.19263 61.9776 2.43657 -13 792 1 0 1
24.9671 -1.74929 55.996 43.3642 -3.61737 34.5913 2.10122 -13 793 1 0 1
11.3325 -7.63097 55.996 32.975 -9.77328 61.248 0.534953 -13 794 1 0 1
13.3142 -7.36297 55.996 33.9581 -10.2623 48.3064 -2.13435 -13 795 1 0 1
15.3719 3.84886 55.996 37.8398 4.57839 49.3163 0.166186 -13 796 1 0 1
13.1433 -2.5578 55.996 32.3421 -5.31928 38.6925 -0.525473 -13 797 1 0 1
15.1572 10.6719 55.996 37.1295 18.0277 65.0979 2.24224 -13 798 1 0 1
18.2467 5.59089 55.996 40.7637 7.00914 51.2114 1.17759 -13 799 1 0 1
5.25248 3.44482 55.996 25.0612 7.19003 57.9694 1.44378 -13 800 1 0 1
21.3807 1.29422 55.996 45.8995 -1.80848 53.2032 2.49424 -13 801 1 0 1
17.7066 -1.58105 55.996 40.8039 -4.33536 55.1173 -1.02378 -13 802 1 0 1
16.2289 -0.430495 55.996 39.3757 3.72496 66.4035 -1.44656 -13 803 1 0 1
32.6954 8.41904 55.996 34.4504 6.7868 6.86129 0.107584 -13 805 1 0 1
15.6611 7.02786 55.996 36.2655 8.15309 45.9822 1.27025 -13 806 1 0 1
12.7584 -8.99586 55.996 35.0076 -11.6219 58.5144 0.643978 -13 807 1 0 1
17.8861 4.23703 55.996 34.1606 4.28303 26.1026 1.74319 -13 808 1 0 1
8.08324 -2.68379 55.996 28.8836 -4.02341 59.9771 -0.30666 -13 809 1 0 1
12.7601 -0.707697 55.996 34.6051 -3.03745 70.1851 -0.441126 -13 810 1 0 1
16.6327 1.77647 55.996 40.4675 4.29324 59.0656 0.0384319 -13 811 1 0 1
11.3982 -9.61155 55.996 29.4006 -8.49699 35.228 2.2676 -13 812 1 0 1
27.9274 7.26187 55.996 46.7891 10.2126 35.0067 1.07833 -13 813 1 0 1
12.6136 -1.61979 55.996 34.3127 0.306792 54.3108 0.969587 -13 814 1 0 1
21.7856 3.97431 55.996 41.9872 5.3243 39.8991 -1.76192 -13 815 1 0 1
12.8097 -2.98579 55.996 34.1543 -4.89654 70.4949 1.72048 -13 816 1 0 1
12.5529 1.78556 55.996 28.2577 1.34925 24.4407 -1.28821 -13 817 1 0 1
25.1332 -3.145 55.996 42.7176 -4.75629 31.5953 0.211936 -13 820 1 0 1
15.1182 -0.538501 55.996 35.4561 1.79994 42.0554 -1.46089 -13 821 1 0 1
8.83376 3.98428 55.996 25.1773 2.81228 77.4557 0.848261 -13 822 1 0 1
19.9068 0.658969 55.996 41.303 -0.697352 42.5682 0.193248 -13 823 1 0 1
22.5242 1.688 55.996 31.5252 0.890461 12.7 0.490607 -13 824 1 0 1
14.448 -6.37846 55.996 35.5357 -9.12282 52.123 0.532533 -13 825 1 0 1
15.8273 2.8856 55.996 38.3846 6.7415 57.0492 -1.14857 -13 826 1 0 1
17.2275 -8.05961 55.996 39.2035 -12.7342 50.4692 2.92204 -13 827 1 0 1
8.79852 1.53774 55.996 29.7576 -0.21726 58.6389 -2.21772 -13 828 1 0 1
15.2875 5.82922 55.996 37.6858 6.83836 54.6638 0.0838337 -13 830 1 0 1
18.0025 -1.4134 55.996 40.7747 -3.78762 53.5522 2.23515 -13 831 1 0 1
11.0588 -5.07854 55.996 31.675 -7.61869 49.8309 0.616473 -13 832 1 0 1
11.1572 -2.33011 55.996 32.1899 -3.77981 54.5159 0.619447 -13 833 1 0 1
12.222 -6.83321 55.996 33.5387 -7.38718 52.6598 0.0211369 -13 834 1 0 1
11.7722 -8.39486 55.996 31.4614 -15.5712 70.8168 -0.720564 -13 835 1 0 1
20.2172 8.16329 55.996 42.8477 12.9464 52.8952 0.136879 -13 836 1 0 1
26.5964 -13.1341 55.996 48.9369 -14.8235 46.283 1.30839 -13 837 1 0 1
18.1577 4.83764 55.996 41.7585 4.38636 59.6994 -1.08603 -13 838 1 0 1
17.3537 -7.6736 55.996 38.1732 -7.49048 42.8645 -0.132086 -13 839 1 0 1
12.2258 9.50519 55.996 33.1706 12.25 53.036 2.67851 -13 840 1 0 1
13.0034 7.45214 55.996 33.9665 7.55422 50.1508 -1.56939 -13 841 1 0 1
14.2895 -6.46997 55.996 36.6399 -9.1035 64.07 -0.740413 -13 842 1 0 1
10.532 -9.25609 55.996 30.3207 -19.6242 67.806 0.714567 -13 843 1 0 1
11.8159 11.3229 55.996 32.3714 14.8375 51.5865 1.14528 -13 844 1 0 1
19.541 -0.171282 55.996 41.2769 1.35734 46.0151 1.25133 -13 845 1 0 1
23.6818 -7.99102 55.996 44.3008 -5.99694 40.8587 -0.883511 -13 847 1 0 1
8.71146 0.418065 55.996 29.201 -1.77759 51.0403 -0.55387 -13 848 1 0 1
10.4583 -4.47357 55.996 31.078 -4.46615 47.7032 -1.74162 -13 849 1 0 1
25.9959 -9.0339 55.996 49.5038 -12.4911 49.0671 -0.613888 -13 850 1 0 1
10.6184 4.03912 55.996 31.7745 3.80682 52.9164 -0.225352 -13 851 1 0 1
19.2463 -2.00736 55.996 43.0124 -2.57723 63.8559 0.742427 -13 852 1 0 1
15.5893 6.27786 55.996 37.2808 8.57937 50.7801 1.34412 -13 853 1 0 1
15.8675 0.341439 55.996 38.8868 -3.04388 62.3997 -0.588737 -13 854 1 0 1
12.6692 2.9026 55.996 34.6187 4.11979 54.9728 0.365972 -13 855 1 0 1
9.65554 -2.31758 55.996 30.3201 -7.41264 53.8333 0.574326 -13 856 1 0 1
12.4376 -3.9463 55.996 34.4642 -1.78989 58.1851 -0.628895 -13 857 1 0 1
0.675695 2.64076 55.996 17.7171 3.13525 66.1048 -2.17346 -13 858 1 0 1
10.6546 -0.205135 55.996 31.4366 1.02119 47.0161 1.85651 -13 859 1 0 1
9.60165 2.20851 55.996 30.7048 3.63986 62.396 1.5579 -13 860 1 0 1
13.3974 -4.36135 55.996 35.647 -8.07443 69.219 -1.59173 -13 861 1 0 1
16.7233 5.5156 55.996 39.083 9.05336 52.7066 0.173818 -13 862 1 0 1
5.90424 -8.01383 55.996 25.345 -9.86673 57.0552 0.441976 -13 863 1 0 1
14.2257 -1.49269 55.996 36.4762 -1.10141 53.0505 -0.355135 -13 864 1 0 1
15.3648 3.75547 55.996 36.4045 6.76291 47.0398 2.04832 -13 865 1 0 1
20.4775 8.76083 55.996 40.5586 12.9918 41.9947 0.227185 -13 866 1 0 1
20.9704 4.28038 55.996 45.7311 5.14576 60.491 -0.405759 -13 867 1 0 1
11.2292 1.61623 55.996 31.3401 0.630292 72.9003 -1.40708 -13 868 1 0 1
2.16389 -10.4895 55.996 20.4376 -14.2125 59.1199 -0.439422 -13 869 1 0 1
17.9834 -6.26601 55.996 39.1868 -9.6469 47.0178 1.0257 -13 870 1 0 1
23.692 -9.38573 55.996 46.9527 -14.3532 49.2404 -0.920209 -13 871 1 0 1
10.4289 -4.35218 55.996 31.6461 -5.13601 61.5997 -0.886911 -13 872 1 0 1
18.0135 -0.112381 55.996 42.1066 -2.20802 60.1782 -0.832981 -13 873 1 0 1
10.7852 6.38366 55.996 31.732 10.0901 61.0736 2.82137 -13 874 1 0 1
13.1932 -4.89413 55.996 34.964 -7.83466 54.1082 0.464286 -13 875 1 0 1
16.7734 5.48101 55.996 39.9836 7.69319 64.5447 0.235943 -13 876 1 0 1
17.1986 3.33737 55.996 40.9731 9.55502 57.4321 -1.75949 -13 877 1 0 1
14.5648 6.01872 55.996 36.8031 12.5762 64.0251 -3.47151 -13 878 1 0 1
10.4267 4.78994 55.996 31.3116 5.00756 45.0363 1.41389 -13 879 1 0 1
15.8469 -4.78844 55.996 39.0788 -7.97071 57.6287 1.05636 -13 880 1 0 1
17.7 -6.79444 55.996 38.3946 -8.92487 44.3317 2.09177 -13 881 1 0 1
19.2441 9.66577 55.996 43.1609 15.4814 62.3564 -0.326874 -13 882 1 0 1
28.3825 13.2552 55.996 48.8255 19.1078 42.1222 -0.0701209 -13 883 1 0 1
12.2906 8.46704 55.996 28.3008 7.8357 26.5223 -0.142918 -13 884 1 0 1
17.1335 0.0688215 55.996 40.5449 -4.89803 69.2214 2.55589 -13 886 1 0 1
2.77156 4.64885 55.996 19.784 6.54619 69.513 0.718545 -13 887 1 0 1
9.38527 -3.26573 55.996 29.8824 -6.96794 49.5632 0.278994 -13 888 1 0 1
13.658 -4.86549 55.996 34.6318 -5.67323 47.5572 -0.382068 -13 889 1 0 1
18.3338 -8.25172 55.996 41.3847 -12.9679 55.9187 -0.919366 -13 890 1 0 1
30.0693 0.941323 55.996 37.8026 1.34212 14.3806 -0.763641 -13 891 1 0 1
10.7594 0.888899 55.996 32.1111 4.82026 65.3244 0.641971 -13 892 1 0 1
6.51572 1.34345 55.996 27.294 3.72479 55.5245 -1.4523 -13 893 1 0 1
20.3224 -5.38598 55.996 44.9399 -7.67904 62.1113 0.183563 -13 894 1 0 1
8.20413 6.19616 55.996 26.5832 17.6804 68.9244 1.70993 -13 895 1 0 1
9.59602 9.22864 55.996 30.2731 15.5588 63.4034 -1.47791 -13 896 1 0 1
16.3418 -5.48129 55.996 35.2876 -6.04976 39.621 -1.5224 -13 897 1 0 1
16.6315 0.0842327 55.996 36.9884 1.08416 45.1414 -0.462653 -13 898 1 0 1
24.1061 4.89217 55.996 45.9554 7.75677 43.1434 -0.0451488 -13 899 1 0 1
17.5638 -0.574273 55.996 40.7649 -3.59148 56.3808 0.786517 -13 901 1 0 1
29.5409 -2.53566 55.996 47.1309 -4.60985 31.4361 0.838612 -13 902 1 0 1
16.2044 -9.1397 55.996 39.0444 -9.59078 65.1403 1.34544 -13 903 1 0 1
18.8575 -0.35607 55.996 40.0066 -2.72058 45.811 2.16042 -13 904 1 0 1
4.852 1.63282 55.996 20.9681 4.42991 76.831 0.302916 -13 905 1 0 1
7.63423 -2.86844 55.996 28.625 -2.83234 51.2807 1.46947 -13 906 1 0 1
14.8295 6.31824 55.996 37.2886 7.13375 58.4909 0.501532 -13 907 1 0 1
17.341 -12.7389 55.996 32.5112 -12.3859 28.0517 0.465764 -13 908 1 0 1
14.8507 -6.74699 55.996 37.3146 -8.2761 65.4735 0.864209 -13 909 1 0 1
9.25199 -5.58578 55.996 29.569 -9.15546 64.8228 0.0149237 -13 910 1 0 1
27.2779 11.6874 55.996 44.7309 11.1795 34.8617 -0.546954 -13 912 1 0 1
12.9493 5.50047 55.996 32.0744 14.0205 72.2204 1.47275 -13 913 1 0 1
3.20232 4.17092 55.996 20.9418 11.3757 70.6082 1.15719 -13 914 1 0 1
20.949 -7.13059 55.996 42.7657 -8.05183 46.1778 -0.642022 -13 915 1 0 1
4.58746 0.580478 55.996 17.8527 2.64431 78.2186 4.46524 -13 916 1 0 1
20.7886 8.74734 55.996 36.7646 9.88676 28.3521 0.0454304 -13 917 1 0 1
9.11487 9.80408 55.996 28.6882 15.7032 67.3951 2.20011 -13 918 1 0 1
11.7129 3.44812 55.996 33.6853 3.20421 59.3733 -0.420711 -13 919 1 0 1
8.61402 -2.30082 55.996 27.4114 -1.14046 75.7472 0.609956 -13 920 1 0 1
8.59095 -7.9384 55.996 25.955 -12.7119 75.866 2.60195 -13 922 1 0 1
9.39488 -0.409552 55.996 30.2003 -0.676347 53.6795 0.0361777 -13 923 1 0 1
12.2612 2.35677 55.996 34.1526 1.57527 60.8135 -0.864263 -13 924 1 0 1
5.93394 0.328641 55.996 25.5675 1.25995 58.2003 0.556333 -13 925 1 0 1
9.85178 2.24433 55.996 29.7544 2.09473 72.7313 1.53635 -13 926 1 0 1
8.8445 -1.66519 55.996 30.5809 0.63154 61.7635 0.731289 -13 927 1 0 1
21.5101 -7.35632 55.996 42.2243 -10.0987 41.6431 -0.00362551 -13 928 1 0 1
12.1449 -2.4398 55.996 34.2346 -3.72306 62.6354 1.51401 -13 930 1 0 1
22.1931 1.80415 55.996 44.5927 0.327978 47.5864 2.20393 -13 931 1 0 1
13.8494 -10.982 55.996 33.7808 -14.1089 44.9972 2.09577 -13 932 1 0 1
20.1581 5.93931 55.996 43.6314 10.9821 54.7873 1.22371 -13 933 1 0 1
10.4066 3.82691 55.996 30.8831 7.72545 69.1031 -0.388071 -13 934 1 0 1
8.92227 9.7645 55.996 28.9933 13.2704 54.3496 1.12749 -13 935 1 0 1
27.7938 -4.50783 55.996 49.1308 -3.10035 38.9692 0.267609 -13 936 1 0 1
11.0935 -2.97194 55.996 32.0025 -1.49241 67.1645 -0.0440856 -13 938 1 0 1
12.0158 -0.633855 55.996 33.8862 -0.54323 53.1665 -0.354745 -13 939 1 0 1
16.3314 2.187 55.996 38.2842 4.26019 49.1279 0.165424 -13 940 1 0 1
17.3885 3.19373 55.996 40.874 6.98742 55.9354 0.403849 -13 941 1 0 1
21.0578 5.48645 55.996 44.6573 8.12227 56.9488 0.743047 -13 942 1 0 1
19.8226 -1.10915 55.996 43.1754 -0.704025 53.7089 1.61386 -13 943 1 0 1
16.1353 -3.44038 55.996 36.8391 -1.25605 42.6294 -0.218566 -13 944 1 0 1
13.1307 16.1587 55.996 33.2292 26.9915 60.7272 1.07453 -13 945 1 0 1
17.3586 7.35193 55.996 34.716 7.83786 33.7246 -0.497793 -13 946 1 0 1
20.0146 -2.50245 55.996 42.5965 -1.17982 49.3069 -0.969734 -13 947 1 0 1
31.2782 -4.88525 55.996 46.0025 -3.97412 26.5395 1.58287 -13 948 1 0 1
7.01632 -2.26958 55.996 27.9398 -2.6762 50.8604 0.601913 -13 949 1 0 1
13.5025 8.23471 55.996 35.6755 10.4035 56.993 0.255191 -13 950 1 0 1
22.0645 -4.1876 55.996 43.2346 -5.54728 43.0097 2.89114 -13 952 1 0 1
7.49009 -0.474776 55.996 27.0941 -1.20309 52.7249 0.466008 -13 953 1 0 1
17.7856 -15.5797 55.996 37.2858 -18.8611 42.1863 -0.00227944 -13 954 1 0 1
21.0983 -1.35156 55.996 43.0519 -5.46434 46.4138 0.757624 -13 955 1 0 1
18.27 5.08751 55.996 39.9323 4.92889 46.4703 0.114532 -13 956 1 0 1
5.80396 -3.20053 55.996 26.015 -6.94175 55.281 -0.827632 -13 957 1 0 1
7.90883 0.0638025 55.996 22.3877 -1.34768 77.5851 -0.628637 -13 958 1 0 1
26.3346 -4.1803 55.996 47.6875 -6.02893 42.1596 0.63595 -13 959 1 0 1
9.52773 0.0931684 55.996 29.7189 -0.967823 68.8756 -1.83634 -13 960 1 0 1
19.3593 -2.00391 55.996 40.3202 -0.838155 40.974 0.423196 -13 961 1 0 1
28.9978 2.37816 55.996 52.7983 -1.59305 46.4974 2.21676 -13 963 1 0 1
10.9136 0.492703 55.996 32.6898 -0.3326 54.8085 2.15035 -13 964 1 0 1
13.2675 -7.98284 55.996 34.557 -12.5309 55.6694 1.61918 -13 965 1 0 1
22.9995 -1.29259 55.996 44.0176 0.707413 39.8962 2.54361 -13 966 1 0 1
18.9387 -3.46635 55.996 39.4465 -2.73265 40.6418 0.81345 -13 967 1 0 1
-0.896244 -0.296727 55.996 16.0392 -2.29094 64.6401 -0.851605 -13 968 1 0 1
21.3714 -0.947398 55.996 40.1591 -2.12506 34.181 0.849384 -13 969 1 0 1
22.6412 -4.3618 55.996 45.3216 -7.39896 48.0547 0.158812 -13 970 1 0 1
12.4412 4.54798 55.996 34.4817 9.89864 58.7589 -0.931178 -13 971 1 0 1
28.8862 5.29409 55.996 38.6472 5.65019 16.8057 -0.587559 -13 972 1 0 1
10.8497 3.77476 55.996 32.5749 6.12856 62.5337 -0.409137 -13 974 1 0 1
11.7041 2.63622 55.996 33.5909 9.17647 67.4611 1.86016 -13 975 1 0 1
24.5484 -2.24281 55.996 47.1464 -1.98932 44.5856 0.628994 -13 977 1 0 1
8.66203 -1.54264 55.996 28.6352 -4.20768 67.925 -1.21927 -13 979 1 0 1
5.75634 0.261954 55.996 25.8435 -0.352178 57.327 -1.18252 -13 980 1 0 1
10.3839 -2.56661 55.996 31.1771 -6.02923 56.6262 -0.450095 -13 981 1 0 1
16.6694 4.8607 55.996 39.1345 5.2415 52.9405 -0.426639 -13 982 1 0 1
12.7365 -2.5383 55.996 34.8287 0.722803 65.6944 -0.104096 -13 983 1 0 1
10.4637 -3.94806 55.996 31.4537 -4.73702 53.9855 1.12392 -13 985 1 0 1
12.0471 -7.6212 55.996 33.1756 -9.83291 53.5921 -0.0604513 -13 986 1 0 1
22.5392 -13.124 55.996 43.4276 -18.0899 43.9979 0.711633 -13 987 1 0 1
19.1925 20.7127 55.996 30.3024 16.9605 21.4971 0.276695 -13 988 1 0 1
18.2937 -5.12624 55.996 42.1106 -6.45388 57.0603 1.31101 -13 989 1 0 1
18.0156 -2.15795 55.996 42.1986 -7.0385 58.6343 0.518951 -13 990 1 0 1
13.8565 9.91531 55.996 33.9952 9.52638 42.5092 -1.93394 -13 991 1 0 1
12.1466 9.42903 55.996 31.4002 9.66196 38.7265 1.14929 -13 992 1 0 1
24.1167 -2.18137 55.996 42.8441 -1.90414 32.5913 1.95244 -13 993 1 0 1
19.5227 1.87274 55.996 42.4441 3.46771 50.6184 -1.54163 -13 995 1 0 1
16.7845 -2.71797 55.996 40.2803 -4.62824 58.3047 0.449524 -13 996 1 0 1
10.4566 -4.13734 55.996 29.7942 -4.68419 43.6423 2.69393 -13 997 1 0 1
26.3074 -2.11476 55.996 46.0304 -2.05684 36.9264 0.281879 -13 999 1 0 1
14.0515 -3.06631 55.996 33.3604 -3.40129 39.6587 -0.248013 -13 1000 1 0 1
