#BLTrackFile NTuple/Z75
#x y z Px Py Pz t PDGid EventID TrackID ParentID Weight
#mm mm mm MeV/c MeV/c MeV/c ns - - - - -
-11.6218 -7.92057 74.9003 -18.4874 -7.23362 70.0313 -0.739366 -13 1 1 0 1
4.04016 2.88301 74.9003 -3.5845 -1.69479 80.9588 0.345162 -13 2 1 0 1
-5.22869 -2.06727 74.9003 -11.4188 -2.45917 70.4463 1.31311 -13 3 1 0 1
-12.5137 -4.97507 74.9003 -21.8794 -3.62176 75.1422 0.754692 -13 4 1 0 1
-7.61779 -2.55993 74.9003 -14.7632 -1.59445 73.4328 -0.368652 -13 6 1 0 1
-4.62908 -7.16874 74.9003 -7.67339 -6.07067 60.0132 -0.437496 -13 7 1 0 1
2.07531 11.0774 74.9003 -2.29072 11.2552 63.1124 1.54723 -13 9 1 0 1
-1.42352 -6.95102 74.9003 -5.43996 -5.67248 66.302 1.11904 -13 10 1 0 1
1.63173 9.57428 74.9003 -4.09704 9.95501 71.3857 -0.106708 -13 11 1 0 1
-11.7338 -7.65129 74.9003 -14.1486 -7.91521 57.9858 2.1467 -13 12 1 0 1
5.38817 9.40722 74.9003 0.372094 5.07512 38.89 -0.25935 -13 13 1 0 1
7.12862 -8.13016 74.9003 2.51969 -6.08584 67.9386 -1.10308 -13 14 1 0 1
0.222642 -8.27022 74.9003 -4.13173 -8.07392 66.6892 1.90856 -13 15 1 0 1
-10.6513 11.0538 74.9003 -14.2684 11.6097 61.4215 -0.207128 -13 17 1 0 1
-13.2917 -9.66252 74.9003 -13.149 -8.61024 49.7262 1.90774 -13 18 1 0 1
-2.65665 -10.0621 74.9003 -6.77968 -9.21535 63.4802 3.39462 -13 20 1 0 1
-11.517 1.5158 74.9003 -12.727 3.45726 54.6382 -0.709879 -13 22 1 0 1
0.305781 -5.70503 74.9003 -5.06607 -4.04063 70.3199 0.716206 -13 25 1 0 1
-4.39516 2.28978 74.9003 -9.07813 2.7317 67.7498 0.301335 -13 26 1 0 1
-2.22639 -2.41276 74.9003 -6.64054 0.868386 66.0533 1.89588 -13 27 1 0 1
-1.72482 -12.7488 74.9003 -7.76471 -13.8748 72.0774 0.681108 -13 28 1 0 1
-8.31823 5.28017 74.9003 -13.0839 7.07694 65.393 1.45597 -13 30 1 0 1
-5.58436 0.13968 74.9003 -11.8499 1.2949 70.7629 0.151771 -13 31 1 0 1
-11.0266 2.10017 74.9003 -13.7579 2.05154 59.9021 -0.0273424 -13 32 1 0 1
-9.31433 -2.20083 74.9003 -5.42665 -0.138418 15.5476 2.23197 -13 33 1 0 1
-6.70097 5.23174 74.9003 -10.9631 7.72372 64.7983 -0.662696 -13 36 1 0 1
-2.66661 -6.13862 74.9003 -10.5261 -8.85603 78.5843 -1.04901 -13 37 1 0 1
-5.09577 -12.1903 74.9003 -8.21543 -12.0821 58.7725 1.92017 -13 38 1 0 1
-13.1115 2.77556 74.9003 -13.5778 2.02193 49.5453 1.27467 -13 40 1 0 1
2.6393 14.6656 74.9003 -1.60344 12.8299 61.2801 0.3022 -13 41 1 0 1
-5.43886 -0.514086 74.9003 -10.6489 -2.57357 67.2819 1.68566 -13 42 1 0 1
-13.5886 -2.8319 74.9003 -24.735 -3.61135 76.0168 0.722676 -13 43 1 0 1
0.363517 3.47419 74.9003 -2.66587 2.20813 56.4559 1.11898 -13 44 1 0 1
-3.82797 -6.93116 74.9003 -9.10126 -6.99867 67.0753 0.831566 -13 46 1 0 1
-3.86371 11.2847 74.9003 -7.23387 7.87362 58.7918 1.3916 -13 47 1 0 1
-8.37413 9.10258 74.9003 -13.2897 11.8038 64.8189 1.13679 -13 48 1 0 1
-6.70115 -10.0769 74.9003 -12.2185 -14.4819 68.0066 -0.12152 -13 49 1 0 1
0.590861 1.72931 74.9003 -1.73059 1.88935 42.361 -0.0919297 -13 50 1 0 1
-0.701194 6.254 74.9003 -6.99044 4.83547 72.3271 0.116391 -13 51 1 0 1
-12.542 10.9011 74.9003 -13.0147 9.40101 51.7468 0.580326 -13 52 1 0 1
0.424878 5.85373 74.9003 -2.44581 4.21896 56.7108 -1.88331 -13 53 1 0 1
-3.92249 10.1734 74.9003 -4.92901 5.66783 41.7254 0.586175 -13 54 1 0 1
-8.45532 -3.85337 74.9003 -14.5884 -5.14389 68.9304 1.32449 -13 55 1 0 1
10.1421 9.02497 74.9003 5.35424 8.58606 61.7192 -0.529831 -13 56 1 0 1
-0.972449 1.00718 74.9003 -4.50984 2.35599 63.4385 0.0280446 -13 58 1 0 1
-2.3223 -9.24584 74.9003 -7.15932 -9.61685 67.0006 2.38269 -13 59 1 0 1
0.640918 16.8149 74.9003 -2.82641 16.0359 55.6287 0.73055 -13 60 1 0 1
-8.59192 5.01993 74.9003 -12.0771 5.86485 61.4983 -0.403968 -13 61 1 0 1
-3.78267 -0.107734 74.9003 -9.01932 1.98163 69.1117 -0.136363 -13 62 1 0 1
-2.68692 -8.5658 74.9003 -4.42653 -4.57371 33.4433 0.824342 -13 63 1 0 1
-3.65638 -0.411965 74.9003 -7.10868 0.0615324 60.1266 0.581192 -13 64 1 0 1
-0.628605 1.78768 74.9003 -4.91325 0.825739 65.4756 -1.02192 -13 65 1 0 1
-2.63599 1.79112 74.9003 -8.09219 1.35624 70.9074 0.85766 -13 66 1 0 1
-1.1859 -3.91854 74.9003 -4.47954 -2.17801 60.9282 -0.237292 -13 67 1 0 1
-2.84644 15.1473 74.9003 -5.06003 10.9183 52.8057 -0.476406 -13 68 1 0 1
-8.74976 -5.96145 74.9003 -12.0602 -6.03677 61.5706 0.432855 -13 69 1 0 1
-6.38276 -4.90688 74.9003 -15.4422 -10.1691 78.659 0.617159 -13 70 1 0 1
-5.88331 2.44056 74.9003 -8.26797 0.329544 59.8412 -1.01486 -13 71 1 0 1
3.27879 13.2624 74.9003 -1.27722 11.033 64.4763 1.54555 -13 72 1 0 1
-7.29702 1.04226 74.9003 -14.3745 -1.17349 72.7389 -0.508014 -13 73 1 0 1
-2.16225 9.77421 74.9003 -5.24258 8.99999 57.9323 0.718856 -13 74 1 0 1
-2.27629 6.09577 74.9003 -9.00526 5.82319 74.2345 -2.45942 -13 75 1 0 1
5.47466 2.00372 74.9003 -2.77013 2.05925 79.7789 -1.32915 -13 76 1 0 1
-9.53543 2.10538 74.9003 -11.7505 -0.429613 55.0895 2.8588 -13 77 1 0 1
-9.34949 0.709796 74.9003 -12.1092 -0.52282 58.4639 -0.303274 -13 78 1 0 1
-2.94212 -3.44915 74.9003 -6.94794 -3.7662 62.2455 1.88063 -13 79 1 0 1
-2.8884 -8.28834 74.9003 -9.0239 -7.44185 71.2628 0.466053 -13 80 1 0 1
-1.75518 7.33193 74.9003 -7.45668 11.4579 68.9837 0.503936 -13 81 1 0 1
-1.8202 -1.53564 74.9003 -5.04201 -0.505577 62.3941 1.66513 -13 82 1 0 1
-14.2267 17.1805 74.9003 -18.9577 18.871 64.1946 0.476348 -13 83 1 0 1
-0.849846 -0.188157 74.9003 -6.94762 -1.06831 75.2252 1.55752 -13 85 1 0 1
-1.07547 -4.60824 74.9003 -5.89596 -8.41526 67.5351 0.257239 -13 86 1 0 1
-6.62126 -11.9557 74.9003 -7.38325 -9.86941 48.6904 1.37728 -13 87 1 0 1
-8.88693 -5.79291 74.9003 -13.8194 -5.69697 66.3568 0.0437205 -13 88 1 0 1
-1.17734 -2.56824 74.9003 -5.14137 -0.714288 61.6856 -0.109118 -13 89 1 0 1
-3.26915 5.61776 74.9003 -7.38036 5.23596 65.0287 0.272095 -13 90 1 0 1
-15.2195 -3.03498 74.9003 -13.2495 4.69545 56.8627 1.34802 -13 91 1 0 1
2.18117 1.19475 74.9003 -0.71886 1.04665 55.0736 0.484753 -13 92 1 0 1
-0.0298827 1.84774 74.9003 -3.15459 0.513508 58.9926 1.31537 -13 93 1 0 1
-4.8207 22.0109 74.9003 -7.2184 17.5352 51.7945 -0.81721 -13 94 1 0 1
-0.595741 3.67636 74.9003 -5.69415 4.77946 69.9327 0.509063 -13 95 1 0 1
-3.63572 9.54728 74.9003 -7.26234 10.5671 59.8267 -1.32724 -13 96 1 0 1
-5.69432 -2.36189 74.9003 -7.49582 0.502296 56.202 -0.53873 -13 97 1 0 1
-4.53256 -2.85937 74.9003 -9.05101 -0.933932 66.5674 0.895685 -13 98 1 0 1
-8.16464 10.6887 74.9003 -11.7903 10.2411 61.5372 0.98272 -13 99 1 0 1
1.30507 -5.85546 74.9003 -3.39705 -3.67027 67.0568 -0.409638 -13 100 1 0 1
5.65132 0.683835 74.9003 0.946249 -0.529193 68.4588 -0.212451 -13 101 1 0 1
-0.84697 2.66588 74.9003 -5.77593 2.33666 66.809 0.378004 -13 102 1 0 1
8.02746 -2.04649 74.9003 3.57843 1.2607 61.9377 -1.96457 -13 103 1 0 1
0.223659 -2.15279 74.9003 -4.425 -3.62882 67.0881 0.15866 -13 104 1 0 1
-9.04886 4.67902 74.9003 -11.4804 7.66353 58.7642 -0.966085 -13 105 1 0 1
-5.0845 -6.17522 74.9003 -10.8305 -6.84076 69.231 -0.592728 -13 107 1 0 1
4.14757 6.21148 74.9003 0.0850518 8.57961 63.1476 -0.330819 -13 108 1 0 1
-3.83474 1.76855 74.9003 -8.31201 2.35438 66.8837 1.4602 -13 109 1 0 1
-7.74324 2.36294 74.9003 -14.7614 3.12178 70.963 0.193972 -13 110 1 0 1
-8.13624 -6.07335 74.9003 -16.2758 -4.72048 75.2727 0.145488 -13 111 1 0 1
1.19288 0.359882 74.9003 -2.97552 -1.03408 56.1097 -1.34356 -13 112 1 0 1
-2.215 8.13168 74.9003 -4.96066 6.54392 54.1079 1.29712 -13 113 1 0 1
-2.6879 -9.46793 74.9003 -6.34898 -9.48808 61.5268 0.422158 -13 114 1 0 1
4.06362 3.07485 74.9003 0.640226 1.91729 49.4901 0.380134 -13 115 1 0 1
-13.666 -2.06477 74.9003 -20.5712 -2.37782 69.2653 0.971285 -13 116 1 0 1
-6.57256 1.03632 74.9003 -9.01363 1.73316 54.3574 0.161869 -13 117 1 0 1
-0.0745291 -0.327124 74.9003 -2.23485 -2.82503 47.0543 0.139393 -13 118 1 0 1
-4.23391 2.27219 74.9003 -9.74927 3.52152 69.7396 0.954569 -13 119 1 0 1
-14.3641 -0.810871 74.9003 -13.8628 0.00160783 47.4829 0.37222 -13 120 1 0 1
0.0859897 -9.83036 74.9003 -3.81627 -6.7138 60.6574 2.00941 -13 121 1 0 1
-10.0678 -6.37587 74.9003 -18.2288 -6.12485 74.6464 1.06082 -13 122 1 0 1
-4.50413 -10.538 74.9003 -9.97324 -10.5351 69.6622 1.20116 -13 123 1 0 1
10.46 1.24907 74.9003 6.05072 1.73747 58.0402 0.789139 -13 124 1 0 1
-4.74297 -1.76162 74.9003 -13.2985 -5.33565 77.5635 1.37105 -13 126 1 0 1
-3.33358 11.6988 74.9003 -6.69116 9.29957 58.8406 -0.611603 -13 127 1 0 1
-2.16521 -5.022 74.9003 -6.11133 -7.19401 64.0537 0.789317 -13 128 1 0 1
10.6446 7.66053 74.9003 5.99707 7.2768 58.6983 0.013541 -13 129 1 0 1
2.43537 -2.76494 74.9003 -0.859219 -0.227433 50.1485 1.12212 -13 130 1 0 1
-0.484128 2.53694 74.9003 -5.86546 2.71479 68.8019 -0.0238746 -13 131 1 0 1
-15.3785 1.74 74.9003 -18.719 6.09502 65.8253 1.73012 -13 132 1 0 1
3.97707 -0.02058 74.9003 -0.0395719 -0.647873 64.0124 -0.877893 -13 133 1 0 1
4.48023 1.10152 74.9003 -1.4692 0.965603 75.6097 0.815527 -13 134 1 0 1
-0.448638 3.83367 74.9003 -6.04349 1.77367 69.5757 1.27924 -13 135 1 0 1
7.49676 6.24817 74.9003 3.23092 3.79352 56.0094 0.52595 -13 136 1 0 1
-11.0173 1.26609 74.9003 -14.3415 0.634538 61.0861 1.96246 -13 137 1 0 1
-8.06474 13.0342 74.9003 -10.0678 11.4657 53.9135 0.788807 -13 140 1 0 1
-5.30062 4.05389 74.9003 -7.05413 4.7662 51.4234 0.380302 -13 141 1 0 1
6.04826 4.20748 74.9003 1.8034 6.2214 64.6484 2.355 -13 142 1 0 1
-11.728 -6.43543 74.9003 -17.4327 -7.27463 67.2624 -0.432488 -13 143 1 0 1
3.47383 -2.01749 74.9003 -1.68239 -3.60182 71.7627 3.31657 -13 144 1 0 1
-3.79922 -21.1472 74.9003 -6.62963 -16.8986 53.5146 2.17467 -13 145 1 0 1
2.10576 -6.17051 74.9003 -2.29355 -4.52551 65.8192 0.641402 -13 146 1 0 1
-5.1255 -2.26096 74.9003 -9.17668 -2.3394 64.3831 -0.787144 -13 147 1 0 1
-9.51371 -8.61397 74.9003 -15.0211 -6.66501 67.9474 0.656674 -13 148 1 0 1
3.11011 9.16522 74.9003 -1.08775 7.30677 56.1332 -0.0531666 -13 149 1 0 1
-2.1374 10.6054 74.9003 -6.4629 11.3445 64.7519 0.236525 -13 150 1 0 1
-2.5787 -10.2486 74.9003 -5.76773 -9.57651 56.1137 1.62671 -13 151 1 0 1
-1.71758 -2.1476 74.9003 -5.65919 -2.48463 64.0115 2.51851 -13 152 1 0 1
-4.73915 -4.81619 74.9003 -9.55871 -7.46731 67.1945 -0.10752 -13 153 1 0 1
-9.96086 -10.1623 74.9003 -19.0007 -12.0446 75.2482 -1.73417 -13 154 1 0 1
-10.9074 0.945722 74.9003 -15.3973 0.120239 64.7136 -1.073 -13 155 1 0 1
6.42247 -6.90331 74.9003 1.74512 -3.78486 46.2347 -0.0882557 -13 156 1 0 1
-9.22273 0.186888 74.9003 -12.4735 1.55015 60.7864 0.28233 -13 157 1 0 1
-3.63378 4.38861 74.9003 -12.7628 3.0041 78.4273 1.65122 -13 158 1 0 1
-10.1053 7.51983 74.9003 -11.6654 5.37309 55.5008 -0.257937 -13 159 1 0 1
10.5281 -0.286199 74.9003 5.79607 -0.109735 63.8799 0.346686 -13 160 1 0 1
3.63788 0.929911 74.9003 -1.51348 -1.40159 70.5365 1.90043 -13 161 1 0 1
-8.22602 18.089 74.9003 -7.89146 11.6576 41.5577 -0.0998672 -13 162 1 0 1
-8.93841 5.89427 74.9003 -14.6028 8.61557 68.3646 -1.37054 -13 163 1 0 1
2.67371 -8.57855 74.9003 -1.85431 -10.4434 65.5352 0.394875 -13 164 1 0 1
5.96075 10.7864 74.9003 1.73661 10.3434 62.3202 0.944445 -13 167 1 0 1
-6.5573 6.9398 74.9003 -16.3497 9.42891 77.1917 1.4115 -13 168 1 0 1
6.53553 -5.86154 74.9003 2.09474 -6.32776 57.9815 0.0775856 -13 169 1 0 1
-9.66649 -2.05737 74.9003 -14.6678 -2.93526 65.9383 -0.335221 -13 170 1 0 1
14.203 -8.68147 74.9003 5.8065 -3.64664 41.4035 1.17822 -13 171 1 0 1
-6.64488 4.88342 74.9003 -8.82715 2.84694 55.7523 -0.0281878 -13 172 1 0 1
2.32246 -9.20807 74.9003 -1.10767 -8.50521 58.1412 0.496299 -13 173 1 0 1
-4.28078 6.62392 74.9003 -8.91088 3.68997 67.0805 0.567592 -13 174 1 0 1
-12.1949 -7.13681 74.9003 -11.3046 -6.57583 46.485 0.227629 -13 176 1 0 1
9.92967 -9.73966 74.9003 4.52242 -7.71 51.2681 -0.00153676 -13 177 1 0 1
-4.36998 -6.30149 74.9003 -6.34961 -4.13803 51.8306 -0.214979 -13 178 1 0 1
4.05275 -11.5102 74.9003 -0.995313 -14.124 68.79 -0.434803 -13 179 1 0 1
0.326974 -7.87229 74.9003 -2.76571 -5.86858 52.0288 1.90944 -13 180 1 0 1
-15.1012 -2.34074 74.9003 -2.03786 4.36776 21.3542 -0.97331 -13 181 1 0 1
3.75276 12.6979 74.9003 7.57172e-05 10.3167 42.1307 0.442168 -13 183 1 0 1
-10.9533 -3.52106 74.9003 -13.3577 -4.45608 58.528 -0.442193 -13 185 1 0 1
-1.19195 6.6926 74.9003 -3.51638 5.19858 42.4326 -0.234327 -13 186 1 0 1
-6.10286 -3.61239 74.9003 -11.7009 -0.852407 69.7425 1.45041 -13 188 1 0 1
-11.3233 -4.44468 74.9003 -21.2191 -5.74492 77.1086 0.482851 -13 189 1 0 1
-14.9957 5.90214 74.9003 -16.5808 5.51239 56.7484 2.25407 -13 191 1 0 1
-4.37266 2.19669 74.9003 -13.619 5.76511 79.0484 1.1435 -13 192 1 0 1
-2.84545 12.1148 74.9003 -7.96509 14.33 68.1313 0.0657812 -13 194 1 0 1
-2.92295 -0.0812927 74.9003 -6.13456 0.068828 59.8477 2.59332 -13 195 1 0 1
3.04489 -0.856482 74.9003 -5.87735 -4.44947 80.3826 2.86712 -13 196 1 0 1
-9.74286 9.35811 74.9003 -13.1196 8.58787 61.7525 -0.593016 -13 197 1 0 1
7.59477 0.884225 74.9003 2.70178 0.843508 49.8897 -0.229585 -13 198 1 0 1
-9.00546 -6.84602 74.9003 -10.0517 -4.47725 49.6125 1.03561 -13 200 1 0 1
-14.9454 -4.66012 74.9003 -20.6499 -6.0387 66.7243 0.63759 -13 201 1 0 1
-5.39009 2.93514 74.9003 -8.92328 1.44521 61.3378 0.596128 -13 203 1 0 1
-6.65645 3.56617 74.9003 -8.10725 0.859542 49.0926 1.79537 -13 205 1 0 1
-14.3537 -11.6685 74.9003 -15.5032 -10.0259 54.6804 -0.712445 -13 207 1 0 1
-6.08085 13.3597 74.9003 -4.57957 4.10806 17.8392 1.03172 -13 209 1 0 1
9.85159 2.64661 74.9003 4.50782 2.8239 47.3227 -0.00217084 -13 210 1 0 1
7.63557 10.5029 74.9003 2.01572 5.53053 42.4784 1.00243 -13 211 1 0 1
-8.44457 15.8599 74.9003 -15.4103 17.2194 70.6681 2.40342 -13 212 1 0 1
-7.3125 5.02211 74.9003 -14.4009 4.18428 74.1339 1.33633 -13 214 1 0 1
-1.20963 -5.9643 74.9003 -7.13698 -9.77896 71.6026 2.05265 -13 215 1 0 1
-2.13122 0.706089 74.9003 -7.63292 0.974494 69.4657 1.45997 -13 216 1 0 1
14.8664 7.78918 74.9003 -4.20642 7.56557 20.0931 -0.543874 -13 217 1 0 1
-14.7458 1.85222 74.9003 -18.709 1.68546 61.8968 0.521209 -13 218 1 0 1
-6.03853 -3.72266 74.9003 -13.6356 -4.25982 76.3997 0.364191 -13 219 1 0 1
-1.24812 1.9207 74.9003 -6.92291 0.454952 71.7024 2.71688 -13 220 1 0 1
10.844 -4.65495 74.9003 6.89521 -5.25455 55.3874 1.35003 -13 221 1 0 1
-5.64439 8.59417 74.9003 -11.6455 9.91603 71.143 -0.446723 -13 222 1 0 1
-12.1873 -0.937422 74.9003 -15.1254 -0.141276 60.394 -0.081775 -13 224 1 0 1
-2.63431 12.1974 74.9003 -5.25504 10.5349 52.6267 0.125563 -13 226 1 0 1
-11.5915 6.12919 74.9003 -14.5657 5.09417 60.058 0.418016 -13 227 1 0 1
-2.30962 0.744528 74.9003 -10.4307 0.53562 77.6198 -1.56416 -13 228 1 0 1
-11.4758 2.84165 74.9003 -18.4492 0.891114 69.6313 0.6157 -13 229 1 0 1
-0.200936 -11.4666 74.9003 -2.84638 -7.81657 45.211 0.0945158 -13 230 1 0 1
10.4342 16.4561 74.9003 5.41407 18.5361 65.016 1.61566 -13 231 1 0 1
-12.9481 -1.61782 74.9003 -16.9925 -2.35747 63.0465 -1.08116 -13 233 1 0 1
0.175225 -5.32767 74.9003 -5.9761 -8.28285 73.0335 0.645457 -13 235 1 0 1
-13.6663 -5.15511 74.9003 -17.3431 -6.97117 62.2253 1.66865 -13 236 1 0 1
8.45869 -14.8433 74.9003 3.69556 -10.9432 53.4388 1.20623 -13 237 1 0 1
-4.69314 1.47987 74.9003 -8.46097 1.03489 61.9956 0.483459 -13 238 1 0 1
-12.3933 -0.537298 74.9003 -18.5603 1.8887 68.2102 1.65574 -13 239 1 0 1
1.24007 19.4665 74.9003 -1.82703 13.5247 44.4758 0.117158 -13 240 1 0 1
0.808163 3.0604 74.9003 -2.16345 1.70995 33.2886 1.33272 -13 241 1 0 1
-8.58872 -1.01277 74.9003 -10.9494 -2.83355 57.432 2.24765 -13 242 1 0 1
5.44593 -10.4828 74.9003 0.916007 -9.28083 68.3093 0.275408 -13 243 1 0 1
-1.63212 3.86959 74.9003 -8.53583 4.3295 75.229 1.043 -13 244 1 0 1
2.75731 5.39001 74.9003 -2.59513 9.15807 71.3548 -0.312557 -13 245 1 0 1
-2.2616 3.78723 74.9003 -7.69635 6.716 70.1613 0.188125 -13 246 1 0 1
-2.631 -6.60934 74.9003 -6.26352 -4.49872 60.5118 0.0931467 -13 247 1 0 1
-6.96761 -6.03813 74.9003 -11.8487 -5.91692 66.6296 1.07459 -13 248 1 0 1
12.4438 7.66697 74.9003 7.20157 4.34078 61.5067 -0.517712 -13 249 1 0 1
-0.159669 -10.6104 74.9003 -5.2813 -11.3206 67.8238 -1.09628 -13 250 1 0 1
4.28013 17.7614 74.9003 0.0239371 13.2304 61.6016 -0.594507 -13 251 1 0 1
4.60804 0.905853 74.9003 0.830185 -0.204892 63.781 0.690161 -13 252 1 0 1
-2.56599 11.7275 74.9003 -8.65812 14.5678 70.0955 -0.953145 -13 253 1 0 1
1.16994 4.33743 74.9003 -1.94251 4.32738 56.3898 -0.0532656 -13 254 1 0 1
-3.3358 0.948099 74.9003 -10.8169 3.30559 76.7937 0.333176 -13 255 1 0 1
-9.4206 2.46899 74.9003 -10.5107 1.96658 51.1039 -0.464266 -13 256 1 0 1
-4.08152 -15.2907 74.9003 -5.52068 -11.6021 44.3789 0.255477 -13 257 1 0 1
-3.90444 0.266544 74.9003 -7.94128 -0.770983 62.6989 0.549917 -13 258 1 0 1
0.390088 -0.110555 74.9003 -2.37588 -1.60628 56.8899 -0.729918 -13 259 1 0 1
-6.71046 -3.5364 74.9003 -12.8007 -5.91417 71.2472 0.101831 -13 260 1 0 1
-9.14525 7.35327 74.9003 -12.1337 6.42786 58.8438 -0.687022 -13 261 1 0 1
-0.335089 -1.69092 74.9003 -3.65275 -1.04223 62.9517 2.53338 -13 262 1 0 1
4.75449 -6.40842 74.9003 0.600879 -6.04479 63.2722 -1.05114 -13 263 1 0 1
-5.90842 -4.26051 74.9003 -7.62278 -3.44107 49.9767 0.272486 -13 264 1 0 1
5.73161 6.311 74.9003 1.44753 7.18416 63.4739 1.13058 -13 265 1 0 1
0.883606 3.72811 74.9003 -4.13647 2.20848 70.4276 0.995521 -13 266 1 0 1
-6.42181 4.18733 74.9003 -10.3174 1.29593 62.6566 0.134643 -13 267 1 0 1
-5.65808 4.10082 74.9003 -6.37439 3.7708 41.5745 -0.539946 -13 268 1 0 1
-8.31309 5.12193 74.9003 -16.8679 2.74386 76.1201 0.872355 -13 269 1 0 1
-8.98653 -2.41073 74.9003 -12.5696 -4.56954 62.3664 1.69701 -13 270 1 0 1
4.87575 -4.46678 74.9003 -1.3063 -7.66047 77.4838 -0.436781 -13 271 1 0 1
-6.09651 -10.1647 74.9003 -9.6919 -10.2546 60.9002 2.03312 -13 272 1 0 1
0.317246 1.29359 74.9003 -4.21724 3.28225 66.9927 -1.61255 -13 274 1 0 1
5.22474 -3.50808 74.9003 0.897794 -4.69275 59.2795 0.154154 -13 275 1 0 1
3.31023 -8.26725 74.9003 -0.081554 -8.05059 57.4615 1.63895 -13 277 1 0 1
-14.3582 -3.74693 74.9003 -19.5585 -7.47361 65.807 -2.04365 -13 279 1 0 1
1.76119 1.09812 74.9003 -2.08457 -0.0496654 61.6354 0.68053 -13 280 1 0 1
-3.97999 -3.66475 74.9003 -9.07 -2.19867 65.8994 -0.870244 -13 281 1 0 1
-6.30318 9.3152 74.9003 -7.48515 7.85696 46.9826 -0.314065 -13 282 1 0 1
2.464 -12.4111 74.9003 -1.1012 -9.37644 49.4147 -1.09911 -13 283 1 0 1
-10.2198 8.3585 74.9003 -11.1759 4.19788 51.6863 0.134932 -13 284 1 0 1
-12.5651 -7.41374 74.9003 -17.7739 -2.54921 66.9785 -1.03461 -13 286 1 0 1
-7.26519 1.31986 74.9003 -8.8149 -0.673593 50.872 -1.11823 -13 287 1 0 1
-1.66714 29.6445 74.9003 -9.38281 34.9334 70.6704 0.141839 -13 288 1 0 1
-6.37893 10.5868 74.9003 -14.3215 12.5586 75.9384 0.854022 -13 289 1 0 1
-0.0438964 -5.39207 74.9003 -6.88482 -7.51117 74.8095 0.84174 -13 291 1 0 1
-6.03193 4.65601 74.9003 -12.4421 6.11333 71.2524 0.134514 -13 292 1 0 1
13.2047 5.76622 74.9003 8.20984 9.96605 70.1731 2.00458 -13 294 1 0 1
-8.61752 -2.12359 74.9003 -12.814 -2.62381 64.0586 0.506597 -13 295 1 0 1
-15.1494 4.52803 74.9003 -9.92845 -2.49744 54.3124 0.183131 -13 296 1 0 1
5.61076 -4.15275 74.9003 1.56002 -4.55839 54.1805 3.01198 -13 297 1 0 1
-0.850353 0.733925 74.9003 -5.53265 -1.18442 66.9192 -1.45022 -13 298 1 0 1
-10.4515 8.01701 74.9003 -13.396 5.95423 60.7621 -0.334168 -13 301 1 0 1
-11.9192 5.77603 74.9003 -15.3722 7.54515 61.2634 0.669423 -13 302 1 0 1
-5.64122 0.896584 74.9003 -9.16245 3.20206 61.3859 0.438595 -13 303 1 0 1
-5.32183 5.53994 74.9003 -9.87693 7.37675 64.6445 0.950766 -13 304 1 0 1
-7.41781 -1.82951 74.9003 -11.909 -3.36368 65.369 -0.628383 -13 306 1 0 1
-5.04505 -14.6099 74.9003 -10.4968 -18.4303 66.4391 -0.885123 -13 307 1 0 1
-6.35418 -13.2604 74.9003 -12.9043 -14.4466 71.1875 0.480497 -13 308 1 0 1
-10.2791 4.44111 74.9003 -14.6105 4.46359 63.8987 -0.440478 -13 309 1 0 1
6.06497 -2.40564 74.9003 0.580053 -2.46624 72.2788 -0.00584878 -13 310 1 0 1
-10.7427 2.52476 74.9003 -16.8031 3.69357 69.0801 0.234831 -13 312 1 0 1
-12.544 9.50326 74.9003 -19.0274 9.62248 69.3483 1.33139 -13 313 1 0 1
0.478635 -7.84695 74.9003 -5.04909 -7.79953 68.4456 -0.197364 -13 314 1 0 1
5.44512 -1.74552 74.9003 1.57871 0.595175 62.4212 -1.04551 -13 315 1 0 1
-4.01551 -20.5652 74.9003 -6.21859 -16.1547 49.9873 -0.755518 -13 316 1 0 1
-7.19496 -10.7794 74.9003 -11.0183 -11.0581 62.0928 1.16967 -13 317 1 0 1
-3.64615 -2.8152 74.9003 -8.8523 -1.6293 68.5647 -1.02679 -13 318 1 0 1
-5.81898 4.38624 74.9003 -11.8055 7.47432 68.7555 2.40124 -13 319 1 0 1
5.48872 0.734217 74.9003 0.532029 0.891614 72.3384 0.967399 -13 320 1 0 1
1.17243 -0.681988 74.9003 -2.5315 -1.18533 56.9351 -1.23223 -13 321 1 0 1
-6.98861 2.59077 74.9003 -17.8389 4.10981 78.1006 2.21733 -13 322 1 0 1
3.89195 -5.37308 74.9003 -2.09599 -2.53513 75.7917 0.58465 -13 323 1 0 1
-1.74742 6.96559 74.9003 -5.98002 7.16004 65.4067 -0.288494 -13 324 1 0 1
-2.21833 -4.19836 74.9003 -8.09307 -5.31946 71.9219 0.354214 -13 325 1 0 1
-13.1744 1.83468 74.9003 -15.256 -2.37754 57.2486 -1.10705 -13 328 1 0 1
-4.87754 8.20771 74.9003 -9.86445 9.76067 67.7659 1.4667 -13 329 1 0 1
3.5101 -3.57908 74.9003 -2.71513 -2.17379 76.4268 -0.490019 -13 330 1 0 1
-13.0098 6.93424 74.9003 -19.5231 3.69807 69.2242 -1.20223 -13 331 1 0 1
-11.3689 -5.79774 74.9003 -7.8715 -2.00832 28.7099 -0.58212 -13 332 1 0 1
0.987761 4.61983 74.9003 -2.10433 4.29759 48.6616 4.50182 -13 333 1 0 1
-9.59147 -7.83482 74.9003 -13.3045 -7.23396 64.0388 0.707342 -13 334 1 0 1
1.86284 -8.42444 74.9003 -2.29897 -8.99069 66.1697 0.704857 -13 335 1 0 1
-5.20277 -9.76759 74.9003 -11.0428 -9.61827 67.5379 -0.297877 -13 336 1 0 1
1.82236 -8.87288 74.9003 -1.86706 -9.9538 53.8591 1.29043 -13 338 1 0 1
-5.0304 -8.02412 74.9003 -6.86322 -5.46873 49.1922 0.790415 -13 339 1 0 1
-6.10517 4.31256 74.9003 -11.2165 5.5087 68.1424 0.562393 -13 340 1 0 1
1.96284 1.56279 74.9003 -4.32135 -0.751736 77.559 0.290901 -13 341 1 0 1
-9.18797 3.55416 74.9003 -16.2242 5.26434 71.5728 0.965008 -13 342 1 0 1
-2.9019 -4.71702 74.9003 -6.50917 -6.94467 61.5362 0.00598515 -13 343 1 0 1
4.43355 -0.432775 74.9003 0.503032 1.85386 49.8249 0.099793 -13 344 1 0 1
-5.06328 -1.97506 74.9003 -9.9525 -0.755669 68.0652 -0.49719 -13 345 1 0 1
-10.9031 -2.59681 74.9003 -15.5896 -2.51645 65.5497 -0.479505 -13 347 1 0 1
-6.40792 4.51136 74.9003 -7.67151 6.38219 50.7626 -0.0935344 -13 348 1 0 1
5.82595 11.7482 74.9003 1.44065 9.13903 56.4248 1.22984 -13 349 1 0 1
-1.56224 -5.88289 74.9003 -5.85981 -5.36007 64.9669 1.12962 -13 350 1 0 1
-14.0711 1.28738 74.9003 -19.8922 0.171753 67.1379 -1.19547 -13 352 1 0 1
-7.113 7.64186 74.9003 -11.1765 6.72747 64.4965 0.122881 -13 353 1 0 1
-6.0777 10.1202 74.9003 -8.11557 6.56056 51.9165 0.798816 -13 354 1 0 1
-8.95285 4.182 74.9003 -16.3197 5.22178 72.1023 -0.138574 -13 355 1 0 1
3.69783 8.25491 74.9003 -0.199668 9.42848 59.4263 0.645698 -13 356 1 0 1
-5.76383 1.51735 74.9003 -6.48647 1.88738 41.1094 0.479283 -13 357 1 0 1
6.67288 8.0646 74.9003 2.08044 8.18934 51.5697 0.99848 -13 358 1 0 1
0.825714 2.06682 74.9003 -2.75038 4.53121 61.9754 0.812132 -13 359 1 0 1
-9.49608 -4.91833 74.9003 -16.7192 -5.28572 73.1041 -0.279263 -13 360 1 0 1
0.370727 1.02885 74.9003 -6.75232 2.97321 76.9793 0.192508 -13 361 1 0 1
-9.95863 0.467334 74.9003 -14.0621 -1.38276 64.147 -2.43291 -13 362 1 0 1
-4.69758 4.26731 74.9003 -11.7116 6.45933 74.1421 0.0187475 -13 363 1 0 1
-3.23646 -4.53778 74.9003 -7.977 -3.51154 64.0016 0.594189 -13 364 1 0 1
1.67613 7.26059 74.9003 -1.29323 6.9259 50.4362 -1.50182 -13 365 1 0 1
6.25726 -1.33249 74.9003 1.92812 -1.24314 45.8445 2.66356 -13 366 1 0 1
5.12724 -2.53984 74.9003 0.973467 -3.26614 41.6122 1.76338 -13 367 1 0 1
-7.59684 6.62223 74.9003 -11.463 7.59935 63.5036 0.903546 -13 368 1 0 1
-4.06089 -2.56033 74.9003 -7.25645 -0.736488 59.8334 -0.730281 -13 369 1 0 1
-5.7746 -5.98242 74.9003 -9.72567 -5.10061 65.1433 2.73859 -13 371 1 0 1
-6.30022 -8.9394 74.9003 -7.77251 -9.81099 52.1965 1.21205 -13 372 1 0 1
-9.47839 -3.76362 74.9003 -17.4194 -3.18343 74.3029 0.95753 -13 374 1 0 1
-16.3828 4.94995 74.9003 -14.1716 9.85079 56.9214 -1.06529 -13 375 1 0 1
-12.5417 -10.2547 74.9003 -17.9406 -10.5862 66.4457 0.821524 -13 376 1 0 1
6.555 -5.76042 74.9003 0.540184 -8.57604 78.224 1.50783 -13 377 1 0 1
-10.0205 -11.4599 74.9003 -7.74343 -7.41067 32.2016 2.79955 -13 378 1 0 1
-5.0874 -15.3209 74.9003 -10.2648 -17.3559 65.5992 0.995549 -13 379 1 0 1
-13.9967 -22.4427 74.9003 -10.9602 -14.5584 37.8136 -0.217779 -13 380 1 0 1
2.19466 -0.0220528 74.9003 -1.48663 2.42783 59.9077 1.52785 -13 381 1 0 1
3.55268 -9.8103 74.9003 -1.79492 -11.0197 72.184 0.000768014 -13 382 1 0 1
7.8674 3.97151 74.9003 3.97422 1.94596 58.9214 -0.970045 -13 384 1 0 1
-5.22467 -3.35068 74.9003 -9.6736 -5.52303 66.4272 2.12704 -13 385 1 0 1
2.02509 3.03747 74.9003 -2.70585 2.53271 69.7358 2.27414 -13 386 1 0 1
-10.2482 -1.62305 74.9003 -16.5337 -2.80741 69.5422 0.468962 -13 387 1 0 1
-4.03798 1.15772 74.9003 -5.9778 1.51407 51.1004 -0.348069 -13 388 1 0 1
11.5109 -1.07779 74.9003 7.21624 0.0307071 61.9846 1.40886 -13 389 1 0 1
-10.0232 0.530675 74.9003 -13.2984 -0.235812 62.3118 1.11471 -13 390 1 0 1
11.6631 1.57416 74.9003 6.48765 0.689358 52.4724 0.170307 -13 391 1 0 1
-5.28749 12.483 74.9003 -8.83481 10.2413 59.581 -0.428219 -13 394 1 0 1
-6.47858 11.3445 74.9003 -13.3243 14.9963 72.8409 -1.31665 -13 395 1 0 1
8.82776 5.35428 74.9003 4.32125 3.26909 64.2967 0.21167 -13 396 1 0 1
0.388373 -7.74998 74.9003 -3.39069 -6.08758 59.6497 1.64333 -13 397 1 0 1
-2.99401 -1.2532 74.9003 -7.71355 -2.06656 66.2036 1.2192 -13 398 1 0 1
-4.18243 -12.5011 74.9003 -10.2112 -11.965 69.6506 2.3934 -13 399 1 0 1
-3.28748 2.50699 74.9003 -7.37601 6.35015 63.9352 0.337 -13 400 1 0 1
2.82179 0.183535 74.9003 -2.60976 0.830089 71.8631 0.115622 -13 401 1 0 1
-1.37585 8.51984 74.9003 -4.18852 7.17437 57.9833 0.0887126 -13 402 1 0 1
-4.72158 -21.5708 74.9003 -9.82527 -24.6766 66.5483 0.591595 -13 403 1 0 1
3.52776 -12.877 74.9003 -0.802865 -14.9251 64.8304 1.57974 -13 404 1 0 1
-7.33968 -6.36444 74.9003 -10.6461 -8.10156 58.8654 -0.196162 -13 406 1 0 1
-8.33475 -5.38211 74.9003 -12.5165 -3.9758 64.3665 1.64772 -13 407 1 0 1
8.21685 7.9709 74.9003 3.89199 7.46635 57.8744 2.19392 -13 408 1 0 1
3.977 -1.58907 74.9003 -0.0922374 -1.60361 64.4355 0.685263 -13 409 1 0 1
-8.38404 -5.51912 74.9003 -15.9526 -6.2396 74.2103 -2.23558 -13 410 1 0 1
-12.307 7.08277 74.9003 -10.1325 2.22827 40.1601 1.04565 -13 411 1 0 1
-9.25376 -14.5896 74.9003 -13.6168 -14.3707 62.4904 1.63788 -13 412 1 0 1
-9.01602 5.97259 74.9003 -17.7637 5.75284 76.5977 0.420909 -13 413 1 0 1
1.34854 8.76866 74.9003 -2.39046 8.41806 56.8814 0.736375 -13 415 1 0 1
6.25627 3.33382 74.9003 -0.525769 1.93714 25.3716 5.66334 -13 416 1 0 1
2.46856 -24.0503 74.9003 -1.39126 -13.5597 39.4418 0.38917 -13 417 1 0 1
-3.48467 4.10886 74.9003 -8.72374 2.75752 68.9317 1.82259 -13 418 1 0 1
6.88849 -0.323871 74.9003 2.63758 -0.051678 64.3786 0.874944 -13 419 1 0 1
-3.21192 -6.67355 74.9003 -9.40664 -9.35277 72.6362 -0.0982536 -13 421 1 0 1
-1.19552 19.0506 74.9003 -5.78571 19.2502 63.6366 0.764443 -13 422 1 0 1
7.57869 17.7917 74.9003 3.02528 10.6541 47.1144 1.07855 -13 424 1 0 1
-7.08571 -1.90813 74.9003 -10.7441 -1.06662 63.0195 0.305318 -13 425 1 0 1
-4.53697 2.25214 74.9003 -11.6141 4.70306 72.8554 -1.08257 -13 426 1 0 1
6.35136 -7.36969 74.9003 1.78303 -5.31908 63.518 -0.164048 -13 427 1 0 1
-9.28934 9.92383 74.9003 -13.6234 11.8673 63.4017 0.75025 -13 428 1 0 1
6.81967 -12.1208 74.9003 2.77905 -11.6709 57.1822 0.280287 -13 429 1 0 1
-16.4491 11.8179 74.9003 -19.8641 -10.098 40.4118 -1.34379 -13 430 1 0 1
-2.85323 -3.69696 74.9003 -10.0535 -4.76471 75.2241 2.22444 -13 431 1 0 1
0.874598 4.10379 74.9003 -3.76413 5.8075 67.6253 2.29443 -13 432 1 0 1
-5.16245 -8.81122 74.9003 -10.8658 -11.9955 68.3313 1.72621 -13 433 1 0 1
-1.11451 7.60285 74.9003 -4.58279 9.43541 58.9339 0.492371 -13 434 1 0 1
14.5322 3.35097 74.9003 8.8851 2.16135 59.5819 1.43642 -13 435 1 0 1
-1.51296 -0.467003 74.9003 -6.35064 0.0975422 67.0159 -1.96842 -13 437 1 0 1
-8.4781 0.476351 74.9003 -9.64409 0.689144 53.5491 2.34503 -13 438 1 0 1
-4.67328 -8.06608 74.9003 -8.71928 -6.45488 61.9916 -0.767394 -13 439 1 0 1
0.722555 5.57081 74.9003 -3.21977 5.89269 61.1182 0.577557 -13 440 1 0 1
-11.0202 0.56847 74.9003 -17.3722 0.359483 69.5291 1.6992 -13 441 1 0 1
-7.82904 -2.98466 74.9003 -11.8844 -0.377652 64.2315 0.210558 -13 442 1 0 1
-2.0428 3.02821 74.9003 -4.78384 5.21856 56.1176 1.41681 -13 443 1 0 1
12.4244 -2.68462 74.9003 7.8392 -1.91261 70.1978 1.31067 -13 444 1 0 1
3.44194 -0.18954 74.9003 -1.50671 -3.02291 69.3667 0.398911 -13 445 1 0 1
-8.16329 -7.54266 74.9003 -13.2784 -5.52035 67.6063 -1.21906 -13 446 1 0 1
3.74077 1.3479 74.9003 -0.0568611 1.59221 57.1862 -0.0711575 -13 447 1 0 1
-4.63624 2.24028 74.9003 -9.96978 3.84513 69.7475 -1.67412 -13 448 1 0 1
-4.3603 0.764368 74.9003 -6.50639 -0.304008 51.9485 0.201915 -13 449 1 0 1
1.66442 3.21241 74.9003 -6.09739 1.74211 80.9689 0.382656 -13 451 1 0 1
-3.00371 -3.94483 74.9003 -7.31976 -4.78511 67.1574 1.42766 -13 452 1 0 1
1.15267 -4.89687 74.9003 -1.86444 -3.97221 59.4952 0.0246689 -13 453 1 0 1
-11.3935 4.14517 74.9003 -11.0825 2.81944 49.2706 1.75646 -13 454 1 0 1
3.86243 -4.14099 74.9003 0.328409 -5.11988 55.3822 0.568294 -13 455 1 0 1
2.72401 8.73232 74.9003 -1.73771 9.41539 64.4887 -0.292381 -13 456 1 0 1
5.64329 5.00012 74.9003 2.07566 6.20456 57.0628 1.16921 -13 457 1 0 1
1.15627 -21.2526 74.9003 -2.80019 -16.8594 53.1835 -0.708824 -13 458 1 0 1
5.78393 7.73446 74.9003 0.715535 6.61427 74.6201 1.99682 -13 459 1 0 1
-8.46434 -1.165 74.9003 -12.9641 0.155703 63.9789 0.18634 -13 460 1 0 1
-11.3369 9.05918 74.9003 -15.247 10.3176 63.4305 0.698577 -13 461 1 0 1
-7.4057 0.0616738 74.9003 -11.1964 0.470571 62.7987 0.0610839 -13 462 1 0 1
0.46413 -3.21727 74.9003 -4.48436 -3.06084 68.7556 1.80732 -13 463 1 0 1
2.89042 19.933 74.9003 -1.44861 18.7935 59.7297 0.217808 -13 464 1 0 1
-13.2375 19.0132 74.9003 -10.1587 10.267 34.0378 -0.274189 -13 465 1 0 1
-0.116857 8.65326 74.9003 -3.67175 8.25981 56.6203 0.709519 -13 466 1 0 1
7.57286 -1.9811 74.9003 2.07646 -0.234226 35.5012 0.416399 -13 467 1 0 1
-1.53249 -2.09051 74.9003 -4.16337 -4.27866 56.0636 -0.456258 -13 468 1 0 1
-8.17227 16.4394 74.9003 -9.12565 12.2244 48.4659 0.879674 -13 469 1 0 1
0.892301 -7.66986 74.9003 -3.51685 -6.21296 64.356 -0.110981 -13 470 1 0 1
-4.62127 12.1264 74.9003 -6.24715 8.72047 48.205 1.62427 -13 471 1 0 1
0.899517 -15.2147 74.9003 -2.15591 -9.89104 42.167 1.67071 -13 472 1 0 1
-5.85218 -3.66281 74.9003 -7.76388 -3.43186 54.4836 -0.222839 -13 473 1 0 1
4.41892 -7.39666 74.9003 0.627074 -7.05175 61.8301 -0.255308 -13 474 1 0 1
-1.46369 7.82337 74.9003 -6.95923 9.87306 71.6578 1.90841 -13 475 1 0 1
-2.2158 13.0183 74.9003 -6.25108 11.514 66.1328 -0.931451 -13 477 1 0 1
-6.95231 -6.15835 74.9003 -10.6469 -5.10505 60.3629 -1.41133 -13 478 1 0 1
-1.47572 -0.71698 74.9003 -4.15058 -1.53375 47.6902 -0.182346 -13 479 1 0 1
2.24055 5.71335 74.9003 -1.38723 5.81736 54.7888 0.71192 -13 480 1 0 1
3.41719 -5.28059 74.9003 -0.408702 -2.78762 33.0327 1.18637 -13 481 1 0 1
-2.87826 -9.00831 74.9003 -4.53418 -8.14712 45.5527 0.85135 -13 482 1 0 1
-14.0268 9.90143 74.9003 -19.3012 9.27037 65.9189 1.15541 -13 483 1 0 1
-13.0175 0.0463531 74.9003 -17.9967 -0.981401 64.9138 -0.897012 -13 484 1 0 1
-4.47347 -12.1636 74.9003 -7.58505 -12.5605 57.0427 3.14733 -13 486 1 0 1
4.58136 3.68786 74.9003 -0.456277 2.40413 69.2751 0.49673 -13 487 1 0 1
-5.5388 4.33771 74.9003 -6.19574 5.46592 40.4982 1.84948 -13 489 1 0 1
-1.90994 -3.14551 74.9003 -5.7111 -4.85349 62.7909 -1.43391 -13 490 1 0 1
-1.72209 -1.16297 74.9003 -7.09735 -3.78805 69.9967 1.22274 -13 491 1 0 1
-0.622564 4.346 74.9003 -4.41876 6.17183 61.1342 1.56896 -13 492 1 0 1
-10.346 -6.57617 74.9003 -12.1855 -6.28823 57.2985 1.42816 -13 493 1 0 1
-2.38919 -1.28614 74.9003 -3.77161 -1.80613 34.9283 0.673623 -13 494 1 0 1
-0.343023 10.8388 74.9003 -2.49049 4.56517 42.0708 -2.20159 -13 495 1 0 1
-1.66614 -13.3101 74.9003 -3.81927 -8.65457 42.6856 0.773653 -13 496 1 0 1
-7.01968 -3.14699 74.9003 -11.3491 -2.7671 63.223 0.65494 -13 497 1 0 1
-8.80461 6.61033 74.9003 -14.0362 7.28312 67.1002 -0.0514239 -13 498 1 0 1
-2.61934 6.33699 74.9003 -5.11794 3.64897 51.7474 -0.400373 -13 499 1 0 1
12.0872 -1.9482 74.9003 6.3693 -3.2016 52.0289 -0.702646 -13 500 1 0 1
0.947223 7.03099 74.9003 -6.47173 6.97873 78.2395 0.0532479 -13 501 1 0 1
-15.1195 7.49326 74.9003 -18.363 10.5096 61.6806 -0.78429 -13 502 1 0 1
-6.16606 -16.2238 74.9003 -11.1709 -14.0636 66.7956 -1.24751 -13 503 1 0 1
-6.8062 2.44741 74.9003 -11.5476 3.34988 64.9537 0.671086 -13 504 1 0 1
12.0119 1.39522 74.9003 7.308 1.19514 57.236 -0.727884 -13 505 1 0 1
-10.4934 -1.46809 74.9003 -19.9219 -2.88812 76.2372 1.62009 -13 506 1 0 1
3.63757 15.5662 74.9003 -0.602194 12.0855 48.9334 0.898969 -13 507 1 0 1
4.37021 -9.68396 74.9003 0.497304 -8.16578 63.2261 1.35029 -13 508 1 0 1
5.22381 -7.77435 74.9003 -0.169056 -8.13012 72.5229 0.367581 -13 509 1 0 1
-12.6578 -2.37707 74.9003 -14.7888 -1.6929 56.3749 -0.00907066 -13 512 1 0 1
-1.03511 2.19533 74.9003 -3.8239 2.91807 51.1678 1.53986 -13 513 1 0 1
-5.96536 5.65871 74.9003 -8.54285 4.94548 54.7346 -3.08039 -13 514 1 0 1
-15.1384 0.935527 74.9003 -17.5185 8.2607 60.9048 -1.07804 -13 515 1 0 1
-3.84318 -0.831409 74.9003 -6.76484 1.86588 57.7172 -1.56277 -13 516 1 0 1
-1.35346 -1.83917 74.9003 -7.04033 -3.89105 71.9634 -0.784529 -13 517 1 0 1
-5.21502 0.721055 74.9003 -9.15661 1.62074 64.2038 1.17312 -13 518 1 0 1
-11.0721 2.52744 74.9003 -20.47 2.01343 75.7378 0.254369 -13 519 1 0 1
-3.24799 -4.47618 74.9003 -6.23035 -5.92814 59.9933 2.89306 -13 520 1 0 1
-8.42931 -11.1698 74.9003 -13.773 -10.7755 68.0308 -1.12858 -13 521 1 0 1
-1.86933 4.56478 74.9003 -10.3613 5.16136 79.8989 1.2265 -13 522 1 0 1
-10.1825 5.51597 74.9003 -15.5968 4.33753 67.9739 1.20904 -13 523 1 0 1
-2.46367 -5.78156 74.9003 -5.90311 -1.83562 61.5033 1.08518 -13 524 1 0 1
-3.24404 11.7946 74.9003 -4.40416 6.57715 38.7556 1.16195 -13 525 1 0 1
-11.7525 -2.62203 74.9003 -18.4596 -0.395735 69.6306 0.378901 -13 526 1 0 1
-9.32716 11.2164 74.9003 -11.8631 10.1004 57.4085 1.40189 -13 527 1 0 1
-9.96752 5.40496 74.9003 -10.9703 4.23396 52.6033 3.07951 -13 528 1 0 1
9.03803 -8.85944 74.9003 4.22705 -12.366 70.8726 1.12866 -13 529 1 0 1
-5.97866 2.32395 74.9003 -10.4446 2.23175 66.0919 -0.264897 -13 530 1 0 1
-1.71038 3.82094 74.9003 -4.61217 4.16791 58.9574 1.35619 -13 531 1 0 1
2.20208 -0.82967 74.9003 -2.78099 -0.0974534 70.1768 1.2987 -13 534 1 0 1
-1.13699 7.28652 74.9003 -6.54904 11.3078 68.9639 -2.49742 -13 535 1 0 1
-0.15438 -0.307778 74.9003 -3.45876 1.39961 54.8361 -0.530942 -13 536 1 0 1
4.23759 9.57992 74.9003 0.685842 8.23387 62.3006 0.461124 -13 538 1 0 1
8.15386 -3.23604 74.9003 2.51224 -3.03393 77.2288 1.69375 -13 540 1 0 1
-6.85744 8.36697 74.9003 -12.8591 10.3418 69.1041 1.28149 -13 541 1 0 1
1.39003 1.31873 74.9003 -3.28907 2.45891 67.7453 0.345212 -13 542 1 0 1
-2.28088 -7.55039 74.9003 -6.6096 -9.71023 65.7621 -0.178105 -13 543 1 0 1
0.851492 -2.30299 74.9003 -3.08528 -2.80255 63.3145 0.772529 -13 544 1 0 1
-5.55329 -21.4521 74.9003 -11.2921 -23.6869 67.5013 1.48552 -13 545 1 0 1
-5.09525 -18.6905 74.9003 -6.54784 -11.854 42.3131 0.947538 -13 546 1 0 1
-6.95082 13.6085 74.9003 -8.69282 11.4568 50.65 -0.303074 -13 547 1 0 1
-1.15274 4.91401 74.9003 -5.06566 6.8242 61.2573 2.61793 -13 548 1 0 1
0.0746154 -5.12979 74.9003 -3.26565 -2.72795 57.6774 2.93232 -13 549 1 0 1
1.28242 -8.79318 74.9003 -2.05432 -2.78085 34.6433 1.7749 -13 551 1 0 1
-15.3607 -2.83823 74.9003 -14.9804 -4.97763 47.0462 0.600627 -13 553 1 0 1
-15.079 -3.51304 74.9003 -20.9434 -10.0457 59.2779 -0.657695 -13 554 1 0 1
-0.553235 3.51853 74.9003 -7.18377 4.03448 73.4232 1.55829 -13 555 1 0 1
-8.68265 9.59324 74.9003 -10.8758 7.79123 54.8887 0.872262 -13 556 1 0 1
1.73831 0.1896 74.9003 -2.10475 -0.517898 61.4018 2.78254 -13 557 1 0 1
-7.50323 -2.79707 74.9003 -10.8133 -3.85825 60.6853 -2.25247 -13 558 1 0 1
-15.4064 5.57566 74.9003 -30.1238 -9.18481 55.9788 1.43974 -13 562 1 0 1
3.06325 -2.61019 74.9003 -2.25285 -4.4997 70.551 -0.0156897 -13 564 1 0 1
-15.8456 -3.6295 74.9003 -12.9232 -16.3069 52.3286 1.07067 -13 566 1 0 1
-9.09875 -6.61786 74.9003 -10.4031 -4.42055 52.7877 0.582739 -13 567 1 0 1
-5.55528 7.33025 74.9003 -11.0621 8.84678 70.0336 0.500358 -13 568 1 0 1
-4.35475 -7.26027 74.9003 -8.11327 -7.2605 60.7216 2.14596 -13 569 1 0 1
-5.29569 -4.35259 74.9003 -6.85432 -2.17144 50.6988 -2.01059 -13 570 1 0 1
-9.32347 21.1521 74.9003 -5.98341 6.98024 18.3155 0.82717 -13 571 1 0 1
-2.26443 -4.66052 74.9003 -8.85164 -7.08559 74.7597 0.164221 -13 572 1 0 1
-10.368 -2.31571 74.9003 -15.2679 -4.92056 66.8003 2.27316 -13 573 1 0 1
-12.9712 21.0142 74.9003 -15.0845 19.5932 55.0545 -0.583539 -13 574 1 0 1
-2.26404 -3.13356 74.9003 -7.54127 -3.3675 69.0627 0.505439 -13 575 1 0 1
-4.21847 3.07448 74.9003 -9.12695 0.166978 67.9312 -0.56861 -13 576 1 0 1
-3.11135 -8.52489 74.9003 -7.69243 -5.50677 64.8507 -1.63829 -13 577 1 0 1
-9.57258 11.8242 74.9003 -16.0377 13.2514 70.1107 2.26433 -13 578 1 0 1
4.15084 -14.4178 74.9003 0.285069 -13.8258 61.407 0.102725 -13 579 1 0 1
-16.3755 6.8033 74.9003 -3.02493 3.05974 13.5771 1.8265 -13 580 1 0 1
5.58348 3.71489 74.9003 1.51952 2.22015 62.6021 0.416402 -13 581 1 0 1
8.69589 1.61417 74.9003 3.53489 2.64943 48.9317 0.403248 -13 582 1 0 1
1.27156 -0.445086 74.9003 -3.99448 -1.44059 71.1267 -0.124252 -13 583 1 0 1
3.87817 4.35649 74.9003 -0.763312 2.30294 64.5717 -0.421204 -13 584 1 0 1
-8.90235 -5.63104 74.9003 -13.3903 -7.03455 63.1217 -1.70945 -13 585 1 0 1
-2.40824 -10.2613 74.9003 -8.2153 -12.2595 70.2965 2.50408 -13 586 1 0 1
-11.3427 12.7147 74.9003 -18.5238 15.9805 70.4866 0.687079 -13 587 1 0 1
2.66644 -0.515955 74.9003 -1.79596 1.00794 66.7343 -1.79226 -13 588 1 0 1
-4.06027 3.45793 74.9003 -9.50088 2.75561 69.4697 -0.922172 -13 589 1 0 1
-13.5872 -10.5522 74.9003 -20.7992 -13.6529 70.7301 -0.540174 -13 590 1 0 1
-13.0113 -0.353179 74.9003 -22.0016 1.26028 74.6349 2.89775 -13 591 1 0 1
-6.22769 -1.63354 74.9003 -11.5657 -2.63917 70.1171 -2.29045 -13 592 1 0 1
-1.01559 5.43417 74.9003 -4.71027 2.56103 63.8927 2.28384 -13 593 1 0 1
-14.8733 1.34356 74.9003 -18.5382 -0.0058628 60.484 0.597381 -13 594 1 0 1
-2.886 -2.93849 74.9003 -7.09808 -1.24502 63.4631 0.92888 -13 595 1 0 1
-15.9552 -1.92777 74.9003 -22.7223 -4.13313 63.6755 0.244025 -13 597 1 0 1
-1.79171 -8.53333 74.9003 -10.5249 -11.2671 80.0473 -1.40973 -13 598 1 0 1
-11.3751 -2.66661 74.9003 -10.416 -1.91495 44.7659 -1.12371 -13 599 1 0 1
-5.44399 -10.5988 74.9003 -6.94311 -8.26316 49.7861 0.971472 -13 600 1 0 1
-0.384415 -0.171133 74.9003 -4.23032 -0.454316 59.3031 1.55385 -13 601 1 0 1
-2.33306 -5.22662 74.9003 -6.09095 -4.75352 63.4504 0.991055 -13 602 1 0 1
4.45248 -1.37693 74.9003 1.13129 -1.98802 47.8663 0.593805 -13 604 1 0 1
-6.70678 -24.4384 74.9003 -9.48869 -20.21 56.223 0.455974 -13 605 1 0 1
4.36579 -2.12156 74.9003 -0.550662 -2.17868 67.0066 2.97405 -13 606 1 0 1
6.14459 10.7765 74.9003 -0.0932986 15.0387 75.8059 -0.421823 -13 607 1 0 1
-15.9322 2.36759 74.9003 -6.8293 8.98438 42.3883 0.50959 -13 609 1 0 1
-9.83532 2.99218 74.9003 -14.6496 6.70495 65.7597 -1.30957 -13 610 1 0 1
-7.73887 1.85397 74.9003 -9.29324 -0.0789951 52.8769 1.33038 -13 611 1 0 1
7.60834 2.83006 74.9003 2.91768 4.13641 57.029 -1.83641 -13 612 1 0 1
7.0102 -9.85253 74.9003 1.34481 -5.61235 38.5834 1.88851 -13 613 1 0 1
-4.12609 -4.66053 74.9003 -7.86238 -6.23175 63.6354 0.0725533 -13 614 1 0 1
-12.6923 -1.9044 74.9003 -19.3279 -4.75694 70.9253 1.17263 -13 615 1 0 1
0.756132 4.68761 74.9003 -6.11683 6.93761 77.4809 0.126017 -13 616 1 0 1
-4.78516 -9.87982 74.9003 -8.868 -8.49515 62.6302 -0.309345 -13 617 1 0 1
-9.12144 20.9691 74.9003 -11.7116 19.0084 55.6026 -0.609623 -13 618 1 0 1
6.78943 13.7412 74.9003 2.10886 11.8362 50.7704 1.16457 -13 619 1 0 1
-7.24929 3.19057 74.9003 -15.6516 3.40717 76.2405 -1.86313 -13 620 1 0 1
-1.61366 -9.38363 74.9003 -4.96582 -6.20047 59.3931 1.08246 -13 621 1 0 1
1.71744 -27.8318 74.9003 -2.18139 -21.1625 54.4791 0.795588 -13 622 1 0 1
-6.9422 -4.21284 74.9003 -9.83861 -1.95744 59.5604 0.106015 -13 623 1 0 1
-0.552705 -4.68527 74.9003 -4.37212 -5.80052 64.8055 0.0865791 -13 624 1 0 1
-12.8413 12.7742 74.9003 -14.1724 8.72365 54.092 -0.412684 -13 625 1 0 1
2.93025 1.10391 74.9003 -2.41249 -0.290828 70.7648 2.81968 -13 626 1 0 1
-15.082 3.56782 74.9003 -20.4397 8.49939 72.6411 0.940743 -13 627 1 0 1
-2.41887 -15.4833 74.9003 -7.82078 -15.7747 70.2061 0.51687 -13 628 1 0 1
-6.77384 16.5568 74.9003 -10.4206 17.0024 62.4802 0.592683 -13 629 1 0 1
-4.35897 2.80044 74.9003 -6.7934 3.03891 58.4153 -0.241164 -13 631 1 0 1
-6.81784 -7.58918 74.9003 -11.4656 -7.26406 65.5318 -1.12225 -13 632 1 0 1
9.71 -1.44163 74.9003 4.73391 -0.261097 52.5083 0.643137 -13 635 1 0 1
-12.0597 7.50927 74.9003 -18.8168 10.4382 70.0346 -1.7322 -13 636 1 0 1
1.57246 -1.27254 74.9003 -4.18775 -2.47473 72.6097 0.456874 -13 637 1 0 1
1.93545 -8.90895 74.9003 -2.67746 -8.85497 65.8224 -1.57359 -13 639 1 0 1
0.546082 7.22377 74.9003 -2.60562 4.26036 38.7412 -1.60327 -13 640 1 0 1
3.07677 -13.5662 74.9003 -1.22269 -13.4186 61.1122 -0.910678 -13 641 1 0 1
-0.344938 -8.90164 74.9003 -3.25532 -6.49138 57.3435 0.383686 -13 642 1 0 1
-6.73001 -11.0677 74.9003 -12.5426 -11.9677 68.9914 -0.00450725 -13 643 1 0 1
-11.1211 -12.1034 74.9003 -11.4711 -9.82185 47.9224 2.71707 -13 644 1 0 1
-0.527142 -9.66911 74.9003 -3.73485 -7.77634 56.5977 1.42559 -13 645 1 0 1
-12.6565 3.41663 74.9003 -19.6441 3.32493 69.5677 1.72095 -13 646 1 0 1
2.9338 1.62965 74.9003 -1.41665 2.36401 68.2962 0.252928 -13 649 1 0 1
-5.18657 -5.61113 74.9003 -11.9099 -4.78298 72.5668 1.30908 -13 650 1 0 1
-1.57682 2.39377 74.9003 -6.61661 2.08231 67.695 0.853803 -13 651 1 0 1
-6.36734 -2.58701 74.9003 -10.9648 -3.25193 64.9523 1.36668 -13 652 1 0 1
-2.84982 -5.85641 74.9003 -8.01266 -4.72786 67.7884 0.981355 -13 653 1 0 1
1.92485 -4.37971 74.9003 -0.566252 -2.56782 40.3875 0.10098 -13 654 1 0 1
-15.6679 11.1444 74.9003 -31.4705 10.5053 41.3784 0.269258 -13 656 1 0 1
3.71349 -1.38662 74.9003 -0.290561 0.848482 61.169 0.981632 -13 657 1 0 1
-7.15948 -8.91797 74.9003 -12.7589 -7.01383 67.6178 2.57342 -13 659 1 0 1
-3.85394 -0.00610172 74.9003 -8.59829 0.545373 65.8632 -1.15355 -13 660 1 0 1
-8.91577 -8.03193 74.9003 -17.135 -12.0398 73.7049 1.96321 -13 661 1 0 1
-14.6229 2.51873 74.9003 -16.1797 2.17759 55.2308 0.12317 -13 662 1 0 1
2.08011 3.07612 74.9003 -1.49638 3.76943 57.5763 0.822651 -13 663 1 0 1
-8.24194 -8.73486 74.9003 -14.4452 -8.52353 68.6671 2.07615 -13 664 1 0 1
-6.12427 -3.56015 74.9003 -13.7263 -5.18263 75.4968 0.625073 -13 665 1 0 1
-5.29012 -0.385941 74.9003 -8.66998 0.123608 59.5231 -1.78526 -13 667 1 0 1
-13.7366 -9.30773 74.9003 -10.126 -5.31526 32.1187 1.32822 -13 668 1 0 1
-2.45796 -13.5693 74.9003 -6.75777 -13.6707 66.4509 1.72933 -13 669 1 0 1
0.151366 -9.08149 74.9003 -5.44998 -9.35871 72.0275 0.358053 -13 670 1 0 1
6.5973 -14.3696 74.9003 2.33521 -13.3021 62.0779 0.846015 -13 671 1 0 1
5.39231 9.70766 74.9003 0.607383 7.92307 56.4145 1.94459 -13 672 1 0 1
-5.16793 23.9351 74.9003 -8.24656 19.847 56.6819 0.725593 -13 673 1 0 1
8.40892 5.10181 74.9003 3.28054 4.97314 62.4098 1.21466 -13 674 1 0 1
-7.46511 -12.8218 74.9003 -10.9335 -12.9841 61.2591 3.53649 -13 675 1 0 1
9.46733 5.56546 74.9003 4.02787 5.35344 49.5117 0.253335 -13 676 1 0 1
9.69916 -1.96908 74.9003 4.57048 -2.78657 66.6257 1.35294 -13 677 1 0 1
-6.8985 11.0715 74.9003 -12.7935 15.7896 69.6057 1.889 -13 678 1 0 1
-13.3437 13.3539 74.9003 -18.1319 13.7039 64.0553 0.368859 -13 679 1 0 1
-10.3886 3.53362 74.9003 -11.7246 1.94717 54.6279 -0.494853 -13 680 1 0 1
-4.87617 -3.51573 74.9003 -11.0694 -7.74456 72.1765 -2.90135 -13 681 1 0 1
-14.9465 -14.6808 74.9003 -9.38077 -8.35545 26.5978 0.721281 -13 682 1 0 1
-6.20202 -6.54273 74.9003 -9.60224 -5.61543 60.3737 0.161402 -13 684 1 0 1
1.62354 10.2092 74.9003 -3.31001 11.1105 69.226 0.761437 -13 686 1 0 1
0.837991 2.87161 74.9003 -2.25539 3.48349 52.6674 2.09159 -13 687 1 0 1
-5.86665 4.80364 74.9003 -10.4177 3.20681 65.6495 0.327772 -13 688 1 0 1
5.0453 -12.4704 74.9003 1.0825 -12.7535 59.9508 1.38125 -13 690 1 0 1
-1.33957 1.02705 74.9003 -5.88481 -0.802393 64.3482 -1.58955 -13 691 1 0 1
-7.31818 4.17651 74.9003 -10.9029 1.56833 61.0351 -0.570786 -13 692 1 0 1
0.00698161 9.44322 74.9003 -3.27793 3.83074 50.2232 2.25847 -13 693 1 0 1
-2.50137 -10.64 74.9003 -6.94531 -8.35402 64.2817 2.73633 -13 694 1 0 1
-5.11831 7.84398 74.9003 -9.05679 7.8367 63.476 0.724795 -13 696 1 0 1
-8.37819 3.01097 74.9003 -14.8667 4.40534 69.5675 0.88757 -13 697 1 0 1
9.49532 -11.0104 74.9003 4.20731 -6.42987 44.2116 -0.228508 -13 699 1 0 1
-0.619957 -2.54143 74.9003 -6.46192 -2.68354 71.9864 1.74628 -13 700 1 0 1
0.168416 7.76936 74.9003 -4.7432 10.1831 69.6386 1.69753 -13 701 1 0 1
-0.418245 2.2892 74.9003 -3.20903 1.92726 44.1766 1.80405 -13 702 1 0 1
-10.7681 5.49844 74.9003 -20.4403 5.38583 77.0372 -1.87831 -13 703 1 0 1
3.53881 11.4907 74.9003 -0.0438452 11.5856 56.6328 -0.0634318 -13 704 1 0 1
-3.66137 5.31433 74.9003 -5.95024 3.57905 53.0664 1.83982 -13 705 1 0 1
-10.1772 1.92907 74.9003 -11.1816 1.74038 52.8483 -1.17435 -13 706 1 0 1
-4.29816 2.4784 74.9003 -10.302 5.98361 71.3274 3.67492 -13 707 1 0 1
-6.34136 -5.37997 74.9003 -10.372 -6.7127 64.437 0.460031 -13 709 1 0 1
-6.90635 -7.95256 74.9003 -6.66594 -6.74947 39.9276 -0.439462 -13 710 1 0 1
0.630908 1.59697 74.9003 -2.62525 -0.322717 50.5028 0.11558 -13 711 1 0 1
-6.99036 -11.1376 74.9003 -12.3467 -11.0932 67.1808 1.76017 -13 712 1 0 1
-5.76834 -7.65538 74.9003 -15.1728 -10.8931 78.9984 0.347348 -13 713 1 0 1
-4.58662 1.27601 74.9003 -6.32681 -0.542673 48.967 2.10421 -13 714 1 0 1
-8.04087 5.88826 74.9003 -14.0769 7.61369 69.3725 -0.709839 -13 715 1 0 1
3.62143 10.4408 74.9003 0.215375 7.86511 50.2867 1.66651 -13 716 1 0 1
-4.43433 -3.45727 74.9003 -6.39275 -3.31593 52.4385 2.21954 -13 717 1 0 1
-8.65662 0.135875 74.9003 -15.0314 -1.23494 70.4762 1.30372 -13 718 1 0 1
-0.139681 2.37666 74.9003 -5.5546 4.24722 71.5724 0.259742 -13 719 1 0 1
-4.55954 12.2936 74.9003 -8.82612 12.3331 64.4662 2.46597 -13 720 1 0 1
2.37394 -11.5172 74.9003 -3.07624 -12.2089 70.7372 0.276317 -13 721 1 0 1
2.43215 -9.16937 74.9003 -1.1361 -8.45199 54.8352 -1.11051 -13 722 1 0 1
-3.56023 -6.0442 74.9003 -7.28409 -3.95026 60.6191 -0.811953 -13 723 1 0 1
-3.17151 10.9031 74.9003 -9.19005 10.834 71.3177 2.36486 -13 724 1 0 1
-10.5699 10.5509 74.9003 -12.1789 7.66087 53.6507 0.148507 -13 725 1 0 1
10.5245 -13.3807 74.9003 5.5413 -11.3087 53.8082 -0.550353 -13 726 1 0 1
1.19013 3.28789 74.9003 -2.15495 2.53979 44.4238 2.42225 -13 727 1 0 1
0.513643 25.5357 74.9003 -2.87449 16.5504 39.8952 0.206876 -13 728 1 0 1
0.251223 -5.5282 74.9003 -6.60416 -5.73254 75.7867 -1.47489 -13 729 1 0 1
-10.9271 -15.9934 74.9003 -7.94026 -7.24478 32.7005 0.415588 -13 730 1 0 1
-8.86539 -6.0997 74.9003 -14.4388 -5.36756 68.3483 -0.871799 -13 731 1 0 1
-8.86585 7.76742 74.9003 -13.8139 6.64806 67.3351 2.38109 -13 732 1 0 1
-12.3678 0.870869 74.9003 -11.2156 -1.06749 44.8781 0.0574829 -13 733 1 0 1
0.761594 2.24077 74.9003 -4.26681 -3.15776 71.2551 2.60795 -13 734 1 0 1
-0.779154 8.16165 74.9003 -3.43562 5.84112 46.5055 0.262155 -13 736 1 0 1
-8.776 10.4477 74.9003 -11.938 9.21722 61.2666 2.45538 -13 737 1 0 1
6.72355 0.54396 74.9003 2.36921 1.84732 58.7566 1.93251 -13 738 1 0 1
1.03308 -2.97712 74.9003 -2.70866 -1.17132 59.2656 -0.749641 -13 739 1 0 1
-7.24344 0.510213 74.9003 -13.7938 0.222398 71.6596 1.13384 -13 740 1 0 1
12.4795 3.29356 74.9003 0.770358 1.4376 21.4696 2.6645 -13 741 1 0 1
-7.00469 3.33213 74.9003 -12.7592 4.87032 70.6783 1.68742 -13 743 1 0 1
-9.78323 7.6917 74.9003 -11.416 5.09815 54.2021 0.681302 -13 744 1 0 1
6.77841 10.5105 74.9003 1.15986 10.8544 72.1951 2.31004 -13 745 1 0 1
-7.11909 -5.52758 74.9003 -12.2391 -5.72914 66.8502 -1.44978 -13 746 1 0 1
-2.30158 -2.67038 74.9003 -7.08334 -2.50042 67.5388 0.543669 -13 747 1 0 1
-12.7103 0.10955 74.9003 -11.9212 0.715245 47.1398 -1.3539 -13 748 1 0 1
0.81938 -7.49041 74.9003 -5.1138 -8.52434 72.4496 1.47839 -13 749 1 0 1
-3.61395 7.73173 74.9003 -7.45213 3.2167 63.5702 1.08604 -13 750 1 0 1
-10.2196 8.94179 74.9003 -11.187 7.91585 50.9488 0.449918 -13 751 1 0 1
-4.18156 0.646207 74.9003 -8.79315 2.37494 67.4445 -0.122287 -13 752 1 0 1
-5.38413 3.41234 74.9003 -9.02816 1.5389 63.5348 -0.659961 -13 753 1 0 1
-11.8339 -1.64417 74.9003 -17.2882 -0.678477 67.999 0.676043 -13 754 1 0 1
1.41167 -2.05616 74.9003 -4.79454 -3.18933 75.1945 -1.08623 -13 755 1 0 1
0.289993 5.90614 74.9003 -4.6259 8.39326 67.7313 -0.674716 -13 756 1 0 1
8.97774 -7.12101 74.9003 4.46587 -5.00852 53.2534 -0.694691 -13 757 1 0 1
-0.425372 -6.13571 74.9003 -2.84741 -7.60412 56.0647 0.762434 -13 758 1 0 1
1.14666 -15.9581 74.9003 -3.2883 -15.8242 61.3553 1.53647 -13 759 1 0 1
-1.80353 6.61476 74.9003 -4.59234 5.30377 53.7988 0.617483 -13 760 1 0 1
-1.18521 -7.64083 74.9003 -4.84069 -5.8082 59.0662 1.08395 -13 761 1 0 1
8.19159 5.53701 74.9003 3.41746 7.22679 60.7347 1.65579 -13 763 1 0 1
1.17054 2.83238 74.9003 -3.98705 3.58802 70.3806 -2.23782 -13 764 1 0 1
-6.8461 -6.01084 74.9003 -10.2701 -6.57651 63.7699 -0.178079 -13 765 1 0 1
-11.3103 -27.0823 74.9003 -6.98912 -9.46561 20.5116 -0.240542 -13 766 1 0 1
-3.28237 -2.29431 74.9003 -6.46641 -2.77479 58.1282 -0.0506713 -13 767 1 0 1
3.57042 -20.7232 74.9003 -1.07449 -20.7805 65.4565 0.996694 -13 768 1 0 1
-2.59953 -2.01441 74.9003 -4.02415 -2.6228 38.7198 0.645039 -13 769 1 0 1
-10.0153 -3.10918 74.9003 -15.5744 -7.85239 68.9851 -0.687325 -13 770 1 0 1
-7.42129 -20.6321 74.9003 -6.86262 -11.9607 35.487 -0.112147 -13 771 1 0 1
2.38679 -3.41712 74.9003 -0.831282 -3.82903 55.6759 0.22815 -13 772 1 0 1
4.84584 0.19386 74.9003 -1.36439 0.777849 76.8775 0.849958 -13 773 1 0 1
-12.4186 -4.28916 74.9003 -14.1313 -2.60918 56.3976 1.34639 -13 774 1 0 1
10.7354 -3.97462 74.9003 6.266 -5.0112 61.2223 0.307761 -13 775 1 0 1
-7.99058 6.21597 74.9003 -9.72905 5.48989 54.1319 2.93653 -13 776 1 0 1
-9.93426 -5.99522 74.9003 -14.7763 -7.10312 65.3115 0.338445 -13 777 1 0 1
-4.92857 11.0797 74.9003 -6.36421 9.79399 46.3107 3.04208 -13 778 1 0 1
-9.23101 -8.96853 74.9003 -14.1039 -9.14865 66.7706 2.05116 -13 779 1 0 1
2.59769 -1.16999 74.9003 -1.21004 -0.87518 67.7651 -0.547274 -13 780 1 0 1
-9.70906 4.84729 74.9003 -13.88 3.4987 64.1718 0.259816 -13 781 1 0 1
-5.76937 -8.06438 74.9003 -9.73797 -7.60501 62.311 0.886067 -13 782 1 0 1
5.37925 -5.78336 74.9003 1.35892 -4.46485 59.1283 1.37125 -13 783 1 0 1
-8.93231 -2.5065 74.9003 -17.5918 -6.76287 75.7823 0.13798 -13 785 1 0 1
7.15785 3.93311 74.9003 2.33036 1.92002 47.7698 -0.582116 -13 787 1 0 1
5.86618 -0.307195 74.9003 1.05333 -2.83119 71.1553 0.785052 -13 789 1 0 1
-1.93501 -2.87892 74.9003 -5.83439 -4.83929 59.831 2.39305 -13 790 1 0 1
1.89772 -11.7651 74.9003 -2.61281 -13.8388 67.2271 -1.0574 -13 791 1 0 1
-8.12936 -1.50207 74.9003 -12.4564 -1.2396 65.6055 2.55601 -13 792 1 0 1
1.37791 -0.824487 74.9003 -2.07896 -2.01112 53.0383 2.19748 -13 793 1 0 1
-6.97291 3.76288 74.9003 -11.9533 5.13284 68.4919 0.642155 -13 794 1 0 1
-12.7313 -10.9708 74.9003 -14.3658 -9.74846 54.0657 -1.99565 -13 795 1 0 1
-12.7172 2.12926 74.9003 -14.2711 1.66142 56.8921 0.293383 -13 796 1 0 1
-4.76422 -0.390839 74.9003 -6.07111 -2.14886 47.4501 -0.382273 -13 797 1 0 1
-4.90859 13.3436 74.9003 -11.9617 15.56 72.9913 2.34549 -13 798 1 0 1
-5.4889 5.5849 74.9003 -9.17194 4.53168 61.9725 1.28715 -13 799 1 0 1
5.44305 4.26235 74.9003 1.3408 1.51444 69.2675 2.58301 -13 801 1 0 1
-5.86247 -6.93279 74.9003 -10.3068 -8.42607 65.0936 -0.915258 -13 802 1 0 1
-0.459333 1.25223 74.9003 -7.20455 4.70322 75.3417 -1.34759 -13 803 1 0 1
11.0602 0.502188 74.9003 5.3881 0.838421 50.5542 -0.0675305 -13 804 1 0 1
-0.220982 0.883096 74.9003 -3.51563 0.237015 56.6188 1.38713 -13 806 1 0 1
-10.9903 -10.6468 74.9003 -15.0625 -9.41837 64.3889 0.762223 -13 807 1 0 1
-13.1466 0.962856 74.9003 -16.9215 0.79164 62.8025 -0.180391 -13 809 1 0 1
-8.10909 -2.40278 74.9003 -16.0012 -4.12761 75.1724 -0.334206 -13 810 1 0 1
-1.94875 3.4642 74.9003 -6.7854 4.92272 69.9071 0.138144 -13 811 1 0 1
1.32725 10.2027 74.9003 -2.33327 10.1008 56.2643 1.16004 -13 813 1 0 1
-3.58434 -0.00446572 74.9003 -7.14514 1.80451 62.2224 1.085 -13 814 1 0 1
1.85034 8.49787 74.9003 -1.65311 7.69673 55.1506 -1.6546 -13 815 1 0 1
-1.66084 -2.42329 74.9003 -9.02732 -2.74678 76.3175 1.82391 -13 816 1 0 1
-9.14813 2.33904 74.9003 -7.45084 1.34469 36.1319 -1.13205 -13 817 1 0 1
-1.02934 -10.5667 74.9003 -3.44767 -8.97334 48.1713 0.329885 -13 820 1 0 1
-2.5983 -3.35179 74.9003 -4.75499 -1.03048 52.38 -1.33446 -13 821 1 0 1
-9.96232 4.64881 74.9003 -21.5296 2.6554 78.5533 0.957772 -13 822 1 0 1
1.9069 -0.0325514 74.9003 -1.28467 -1.22573 57.3585 0.29759 -13 823 1 0 1
-9.35393 -4.1587 74.9003 -12.8247 -4.13118 59.7523 0.652386 -13 825 1 0 1
-4.49684 7.12112 74.9003 -9.32005 9.06466 65.7702 -1.03834 -13 826 1 0 1
-2.3551 -11.1571 74.9003 -6.10902 -11.9227 61.7395 3.03031 -13 827 1 0 1
-5.41305 4.1842 74.9003 -9.25517 2.52313 63.8068 -2.09921 -13 828 1 0 1
7.04048 -21.6262 74.9003 1.51998 -16.5092 48.24 1.23164 -13 829 1 0 1
-3.69474 -10.4318 74.9003 -7.79789 -10.6453 63.3019 0.198485 -13 830 1 0 1
0.203208 -2.27324 74.9003 -4.31329 -3.59941 65.5927 2.33672 -13 831 1 0 1
-5.58893 -7.46733 74.9003 -7.77885 -6.77848 54.7575 0.755913 -13 832 1 0 1
-2.16844 -13.0147 74.9003 -5.91615 -12.4135 59.8312 0.749048 -13 833 1 0 1
-8.78982 -9.82861 74.9003 -11.6313 -7.70444 59.1411 0.145704 -13 834 1 0 1
-7.20264 -11.8315 74.9003 -15.9743 -14.8125 75.5312 -0.613777 -13 835 1 0 1
3.00917 11.6 74.9003 -1.94558 12.425 65.3395 0.239821 -13 836 1 0 1
7.6131 -15.5862 74.9003 2.87583 -13.0208 66.1497 1.3894 -13 837 1 0 1
2.72309 8.69408 74.9003 -2.5923 7.16451 71.4493 -0.988772 -13 838 1 0 1
-4.44317 -9.59125 74.9003 -6.68257 -6.62553 54.7428 -0.0154181 -13 839 1 0 1
-11.3065 2.50889 74.9003 -14.1816 1.74771 59.248 2.80162 -13 840 1 0 1
-9.62227 9.22427 74.9003 -11.8788 6.67541 57.0347 -1.4421 -13 841 1 0 1
-7.05741 -2.76993 74.9003 -13.5749 -2.29123 72.1887 -0.63813 -13 842 1 0 1
-7.11173 -10.9915 74.9003 -14.2918 -15.5378 71.8802 0.82549 -13 843 1 0 1
-16.0932 11.0571 74.9003 -14.3014 4.00091 21.2421 1.28823 -13 844 1 0 1
1.518 -0.558313 74.9003 -2.17668 0.68646 60.164 1.35335 -13 845 1 0 1
5.18099 -17.4795 74.9003 -0.215783 -8.86692 36.1597 0.996141 -13 846 1 0 1
3.12888 -8.69282 74.9003 -0.653274 -4.3063 58.1905 -0.788398 -13 847 1 0 1
-5.8451 6.21105 74.9003 -7.88778 4.00231 54.3886 -0.410018 -13 848 1 0 1
5.43522 -10.0767 74.9003 0.531984 -10.1903 68.3844 -0.533802 -13 850 1 0 1
-9.60988 7.13401 74.9003 -12.1438 5.32863 58.1555 -0.0957588 -13 851 1 0 1
2.102 0.222993 74.9003 -4.63892 0.76819 75.5386 0.835557 -13 852 1 0 1
-7.09757 2.68615 74.9003 -10.3815 2.41722 60.4918 1.45673 -13 853 1 0 1
-5.8975 0.919956 74.9003 -11.7881 -1.61298 68.4168 -0.475076 -13 854 1 0 1
-9.98612 11.8667 74.9003 -13.0058 11.124 59.7144 0.497618 -13 855 1 0 1
0.884231 -5.00999 74.9003 -3.17357 -2.05276 66.0308 -0.517753 -13 857 1 0 1
-5.54181 -2.54382 74.9003 -7.3342 -1.21468 54.2384 1.98705 -13 859 1 0 1
-6.99172 3.41966 74.9003 -11.7212 3.75567 66.6804 1.67523 -13 860 1 0 1
-5.44526 -5.21561 74.9003 -12.8867 -6.62602 75.879 -1.48929 -13 861 1 0 1
-5.08389 3.8031 74.9003 -8.96714 4.67012 62.7892 0.28299 -13 862 1 0 1
-6.06087 -1.63213 74.9003 -9.46925 -0.855051 61.8515 -0.241197 -13 864 1 0 1
-8.23948 -5.92807 74.9003 -10.1048 -3.4284 54.2941 2.18206 -13 865 1 0 1
-1.66651 13.324 74.9003 -4.90959 13.109 55.4207 0.339607 -13 866 1 0 1
3.27375 9.06942 74.9003 -2.53494 8.94876 74.0705 -0.314401 -13 867 1 0 1
-6.71409 1.92347 74.9003 -15.5023 0.740662 77.093 -1.30146 -13 868 1 0 1
-3.92098 -4.42608 74.9003 -7.34375 -5.16847 59.2584 1.13264 -13 870 1 0 1
-3.54754 -16.8863 74.9003 -8.0595 -17.3614 63.8473 -0.820628 -13 871 1 0 1
-9.07134 -2.65004 74.9003 -13.7784 -1.6499 65.8066 -0.767968 -13 872 1 0 1
0.947856 2.97199 74.9003 -4.31504 1.71991 71.4066 -0.735066 -13 873 1 0 1
-7.44782 6.97594 74.9003 -12.1796 7.45326 65.5832 2.93999 -13 874 1 0 1
-9.68141 -4.6956 74.9003 -13.2079 -5.12601 61.4595 0.582319 -13 875 1 0 1
2.80942 5.78262 74.9003 -3.2211 5.74977 75.063 0.331898 -13 876 1 0 1
-0.771995 9.75879 74.9003 -5.27075 13.6255 67.8886 -1.65451 -13 877 1 0 1
-2.98938 9.18575 74.9003 -9.24847 12.367 71.9346 -3.36714 -13 878 1 0 1
2.16676 -7.04379 74.9003 -2.29051 -7.86539 68.2713 1.15934 -13 880 1 0 1
-1.69409 -7.11504 74.9003 -4.76946 -6.19696 56.373 2.20525 -13 881 1 0 1
7.57786 18.4743 74.9003 2.03404 20.4843 73.0473 -0.223938 -13 882 1 0 1
6.97017 15.1133 74.9003 1.773 16.0385 63.4827 0.00693047 -13 883 1 0 1
9.90509 4.93939 74.9003 3.40841 3.52947 37.019 0.308101 -13 885 1 0 1
0.715232 -1.3241 74.9003 -6.82547 -5.37124 79.2933 2.64922 -13 886 1 0 1
-13.8811 8.53234 74.9003 -19.9272 8.33908 67.3664 0.847018 -13 887 1 0 1
-0.732233 1.90207 74.9003 -3.35639 -0.097059 55.655 0.410337 -13 888 1 0 1
-6.57508 -4.81605 74.9003 -8.99054 -3.76247 56.2594 -0.259459 -13 889 1 0 1
2.84964 -14.4172 74.9003 -1.99608 -15.466 67.3465 -0.815412 -13 890 1 0 1
-5.13726 -1.3898 74.9003 -5.44846 -0.370088 33.7337 -0.614782 -13 891 1 0 1
-6.30831 -2.91022 74.9003 -12.114 -0.536667 70.6765 0.751575 -13 892 1 0 1
4.56588 -4.94925 74.9003 -1.17271 -4.96876 76.1904 0.271212 -13 894 1 0 1
-16.0063 13.7635 74.9003 -1.35943 27.0038 49.8156 1.84328 -13 895 1 0 1
-10.0235 14.0334 74.9003 -15.1129 15.3997 66.44 -1.35581 -13 896 1 0 1
-7.50538 -6.17266 74.9003 -8.81893 -4.46611 47.9033 -1.37516 -13 897 1 0 1
-1.27463 -0.233999 74.9003 -4.66641 0.595046 55.7419 -0.343226 -13 898 1 0 1
9.75392 3.00837 74.9003 5.42131 4.08996 61.3968 0.045875 -13 899 1 0 1
0.413899 2.91698 74.9003 -4.46182 0.861632 68.3246 0.885127 -13 901 1 0 1
8.52284 -2.85694 74.9003 4.05497 -3.80987 54.9746 0.914288 -13 902 1 0 1
-3.40173 -11.7541 74.9003 -10.2458 -9.37231 73.6092 1.4472 -13 903 1 0 1
0.982299 -2.16519 74.9003 -2.87143 -3.7735 58.6436 2.26899 -13 904 1 0 1
-15.2089 1.58001 74.9003 -7.12553 -4.50851 73.7843 0.422049 -13 905 1 0 1
-3.7918 8.04157 74.9003 -8.59936 6.57025 66.8178 0.610479 -13 907 1 0 1
-3.09381 -9.19693 74.9003 -9.64188 -8.28208 72.1251 0.971505 -13 909 1 0 1
-6.15348 -4.80247 74.9003 -11.7908 -5.45645 69.3537 0.127064 -13 910 1 0 1
-3.57793 23.3288 74.9003 -5.50462 15.7036 41.172 -0.195937 -13 911 1 0 1
0.489308 16.632 74.9003 -3.66205 11.8708 54.365 -0.456075 -13 912 1 0 1
-4.73534 8.65539 74.9003 -14.6096 13.6934 77.7185 1.57572 -13 913 1 0 1
0.233815 -9.62192 74.9003 -3.59966 -7.90885 61.1365 -0.543429 -13 915 1 0 1
-17.1521 0.965302 74.9003 -23.1599 2.74631 45.5653 4.59113 -13 916 1 0 1
-10.6432 10.2337 74.9003 -8.98734 7.00327 38.5733 0.225807 -13 917 1 0 1
-16.1523 6.76165 74.9003 -11.0157 1.31798 40.709 2.32737 -13 918 1 0 1
-7.71211 3.95494 74.9003 -11.9995 2.61962 65.1492 -0.303967 -13 919 1 0 1
-10.8255 -1.35725 74.9003 -20.2668 0.398661 76.8683 0.72161 -13 920 1 0 1
3.09111 -0.25098 74.9003 -1.10428 -2.14553 34.1154 0.857519 -13 921 1 0 1
-10.1671 -10.9661 74.9003 -20.5047 -12.3287 77.5787 2.71175 -13 922 1 0 1
-12.0275 -0.130953 74.9003 -14.2328 -0.234512 57.005 0.173445 -13 923 1 0 1
-4.81515 4.11096 74.9003 -9.72635 2.898 67.5348 -0.753054 -13 924 1 0 1
-7.09431 7.87886 74.9003 -10.7226 7.88945 60.82 0.685704 -13 925 1 0 1
-9.69379 3.71133 74.9003 -18.0594 3.06155 74.7498 1.64898 -13 926 1 0 1
-5.98962 -4.09311 74.9003 -10.0115 -1.88617 66.9857 0.845478 -13 927 1 0 1
-4.79317 -5.55607 74.9003 -7.58618 -5.42199 56.9301 0.0970376 -13 928 1 0 1
-6.10577 -0.846208 74.9003 -11.4433 -1.01581 69.2443 1.62307 -13 930 1 0 1
4.94757 -1.01048 74.9003 0.54616 -2.70917 63.151 2.29991 -13 931 1 0 1
1.30069 10.9416 74.9003 -3.65589 13.1214 67.9655 1.32145 -13 933 1 0 1
-7.67711 2.58706 74.9003 -14.8719 3.96846 73.0248 -0.278 -13 934 1 0 1
8.976 -2.27537 74.9003 5.01877 0.168791 60.9607 0.345813 -13 936 1 0 1
-5.88576 -4.64583 74.9003 -12.6085 -2.76563 72.1701 0.0650115 -13 938 1 0 1
-8.14342 -1.20258 74.9003 -11.0233 -0.977325 60.0972 -0.233367 -13 939 1 0 1
-6.58449 2.69711 74.9003 -9.61191 3.57784 59.4168 0.279216 -13 940 1 0 1
-4.49021 -0.54353 74.9003 -8.94314 1.09669 66.7018 0.506851 -13 941 1 0 1
7.34018 -1.65267 74.9003 2.12109 -1.90561 72.2168 0.830952 -13 942 1 0 1
1.55018 -4.00318 74.9003 -3.23947 -3.28186 67.5962 1.70869 -13 943 1 0 1
-8.35392 1.2927 74.9003 -9.45669 3.05081 51.3929 -0.0824529 -13 944 1 0 1
-2.30565 13.6082 74.9003 -8.10367 16.5688 69.87 1.17344 -13 945 1 0 1
-7.62506 7.04253 74.9003 -8.06922 4.85807 43.8794 -0.347212 -13 946 1 0 1
3.50142 -0.378741 74.9003 -0.738176 1.35389 65.2347 -0.879125 -13 947 1 0 1
-1.24731 0.538149 74.9003 -3.85743 1.62018 48.7301 1.6692 -13 948 1 0 1
-7.15056 6.2326 74.9003 -11.0803 5.19455 64.6078 0.367566 -13 950 1 0 1
2.89516 -3.27049 74.9003 -0.948475 -3.07988 59.7966 2.98503 -13 952 1 0 1
-2.93431 -5.85218 74.9003 -6.78138 -5.84543 58.9221 0.587796 -13 953 1 0 1
-4.4961 -18.6445 74.9003 -6.8962 -15.2807 53.7295 0.117991 -13 954 1 0 1
-0.343917 -4.15479 74.9003 -4.31462 -6.54242 60.4455 0.860808 -13 955 1 0 1
-7.66922 3.48363 74.9003 -9.41432 1.15948 52.9516 0.258838 -13 956 1 0 1
-15.2262 -5.94586 74.9003 -19.0616 -13.8947 44.8593 -0.674812 -13 957 1 0 1
-11.9075 -0.268684 74.9003 -24.3744 -1.33269 76.9843 -0.514465 -13 958 1 0 1
8.1773 -6.28585 74.9003 3.58166 -6.53844 62.0842 0.719977 -13 959 1 0 1
-7.30327 3.58472 74.9003 -14.2765 3.18545 72.7999 -1.72616 -13 960 1 0 1
-0.401983 -7.28795 74.9003 -3.14476 -5.06529 55.2582 0.532143 -13 961 1 0 1
2.66624 -1.48092 74.9003 -0.947768 -0.943491 34.8324 1.21082 -13 962 1 0 1
9.88148 -1.51853 74.9003 5.08904 -5.67181 68.1679 2.29233 -13 963 1 0 1
-4.79662 0.921616 74.9003 -7.83279 0.175399 61.1781 2.27144 -13 964 1 0 1
-7.03587 -8.10528 74.9003 -11.1762 -8.80249 63.2574 1.73327 -13 965 1 0 1
-14.3489 -0.774087 74.9003 -14.5316 1.32144 51.5264 2.67191 -13 966 1 0 1
1.73621 -1.86554 74.9003 -1.3054 -0.623331 54.1406 0.92786 -13 967 1 0 1
-1.32055 -5.82555 74.9003 -3.41333 -5.20036 49.6168 0.964426 -13 969 1 0 1
2.8471 -7.0306 74.9003 -1.5344 -8.04345 64.3985 0.250525 -13 970 1 0 1
2.72409 -0.873249 74.9003 -1.65447 1.58167 68.5919 -0.829447 -13 971 1 0 1
-10.4756 -3.40178 74.9003 -8.00633 -1.07282 31.1676 -0.213629 -13 973 1 0 1
-8.55257 4.93683 74.9003 -13.5762 5.40324 67.7029 -0.294785 -13 974 1 0 1
-10.1225 5.02588 74.9003 -16.8569 9.01236 71.5722 1.97309 -13 975 1 0 1
-13.5666 -12.0929 74.9003 -15.8622 -9.75691 57.5714 0.74227 -13 977 1 0 1
-10.8758 -2.32692 74.9003 -17.2983 -3.69749 69.1982 -1.09849 -13 979 1 0 1
-9.35201 -10.3809 74.9003 -13.1181 -11.6333 60.5875 -0.320076 -13 981 1 0 1
-1.9599 11.0968 74.9003 -5.90684 9.5148 63.6514 -0.318522 -13 982 1 0 1
-7.74642 2.77941 74.9003 -13.9067 6.43089 70.1607 0.0103288 -13 983 1 0 1
-6.44078 0.989733 74.9003 -9.51745 1.4687 59.1551 1.25131 -13 985 1 0 1
-12.2643 -4.34474 74.9003 -15.086 -3.37463 59.2152 0.0654724 -13 986 1 0 1
-1.51158 -17.2866 74.9003 -5.27929 -16.4639 59.3345 0.812221 -13 987 1 0 1
-0.668463 -7.06063 74.9003 -5.46353 -6.58179 69.4646 1.40755 -13 989 1 0 1
-5.78501 -4.90906 74.9003 -10.9685 -7.88953 68.6135 0.622988 -13 990 1 0 1
-13.2558 9.34579 74.9003 -12.9896 5.70321 49.1631 -1.78683 -13 991 1 0 1
-12.5911 7.91265 74.9003 -9.96498 4.36299 39.2347 1.37228 -13 992 1 0 1
0.0622213 -8.68954 74.9003 -2.08993 -6.20833 49.6413 2.06393 -13 993 1 0 1
12.2068 -31.611 74.9003 4.66396 -19.6147 44.6201 -0.289663 -13 994 1 0 1
0.929145 0.746844 74.9003 -3.14764 1.33939 64.1956 -1.44268 -13 995 1 0 1
-10.6539 -1.0531 74.9003 -15.751 -1.32246 66.5737 0.559792 -13 996 1 0 1
-8.34283 -2.63275 74.9003 -9.36386 -1.85322 48.7613 2.84591 -13 997 1 0 1
4.11733 -2.0375 74.9003 0.228691 -1.34341 56.8838 0.36873 -13 999 1 0 1
-9.13606 -5.2768 74.9003 -9.43259 -3.78793 46.2816 -0.0897326 -13 1000 1 0 1
