#BLTrackFile NTuple/Z40
#x y z Px Py Pz t PDGid EventID TrackID ParentID Weight
#mm mm mm MeV/c MeV/c MeV/c ns - - - - -
-2.11475 -4.5369 40.4558 -8.41921 -7.75613 72.2762 -0.95021 -13 1 1 0 1
5.95746 3.60435 40.4558 6.44592 -1.68187 80.7816 0.156662 -13 2 1 0 1
0.564003 -0.819893 40.4558 -1.8768 -2.35199 71.6269 1.10508 -13 3 1 0 1
-2.88422 -2.98158 40.4558 -13.7018 -2.83163 77.2223 0.554117 -13 4 1 0 1
-5.43614 0.903191 40.4558 -8.99647 -1.64555 60.3012 0.711868 -13 5 1 0 1
-0.621341 -1.4311 40.4558 -5.52533 -0.661565 75.2183 -0.571714 -13 6 1 0 1
-0.0378571 -3.21483 40.4558 1.83766 -5.06911 61.4825 -0.672474 -13 7 1 0 1
-6.9155 0.48582 40.4558 -7.31811 5.58803 46.36 0.176814 -13 8 1 0 1
3.98804 4.62805 40.4558 8.22013 10.6215 63.0759 1.32225 -13 9 1 0 1
1.8974 -3.43188 40.4558 4.73094 -4.44866 66.7386 0.902366 -13 10 1 0 1
3.63362 4.6423 40.4558 5.02807 9.70444 71.593 -0.3127 -13 11 1 0 1
-1.02882 -5.91226 40.4558 -0.481388 -14.1275 60.0861 1.90583 -13 12 1 0 1
4.47527 5.33537 40.4558 8.70517 5.7754 38.7151 -0.595524 -13 13 1 0 1
6.32339 -4.86756 40.4558 12.5838 -5.66808 67.1589 -1.31547 -13 14 1 0 1
2.835 -4.36217 40.4558 6.05776 -8.74026 67.0245 1.69265 -13 15 1 0 1
12.2627 -10.029 40.4558 21.1977 -19.2524 53.9885 2.37407 -13 16 1 0 1
-1.56526 4.65234 40.4558 -2.7702 12.0321 63.7119 -0.439524 -13 17 1 0 1
-3.81484 -3.71051 40.4558 -3.27453 -8.76316 52.1756 1.63393 -13 18 1 0 1
-6.30217 2.09907 40.4558 -14.4095 6.55331 64.2181 0.340693 -13 19 1 0 1
1.53218 -4.76482 40.4558 3.41686 -8.69428 64.2355 3.17018 -13 20 1 0 1
-3.2339 0.225716 40.4558 -3.17108 5.27905 56.9488 -0.962954 -13 22 1 0 1
-7.1748 9.59725 40.4558 -6.06348 12.0376 39.8561 0.772493 -13 23 1 0 1
-6.07874 5.30471 40.4558 -8.29606 9.61138 53.7489 0.92744 -13 24 1 0 1
3.76673 -2.66378 40.4558 6.24149 -1.63825 70.6881 0.508537 -13 25 1 0 1
0.502874 1.17376 40.4558 0.662148 3.37681 68.5872 0.0880274 -13 26 1 0 1
1.05915 -3.13863 40.4558 1.89578 0.221083 66.7222 1.67868 -13 27 1 0 1
1.11123 -4.63837 40.4558 -0.723406 -10.4719 73.2316 0.474465 -13 28 1 0 1
-1.13923 1.81219 40.4558 -3.41242 7.67998 66.9646 1.23594 -13 30 1 0 1
0.385166 0.00474176 40.4558 -2.33756 2.47909 72.0321 -0.0556856 -13 31 1 0 1
-2.52108 1.33661 40.4558 -3.84287 3.06725 62.5061 -0.263913 -13 32 1 0 1
0.679353 -2.668 40.4558 3.81931 -0.864792 25.6119 1.27585 -13 33 1 0 1
-5.10007 -1.46805 40.4558 -11.2801 -0.246252 65.5914 -0.389255 -13 34 1 0 1
-7.99201 -7.18215 40.4558 -20.6711 -13.7736 69.2803 2.41473 -13 35 1 0 1
0.43893 0.795378 40.4558 1.11274 7.05657 66.255 -0.884419 -13 36 1 0 1
2.21396 -2.23622 40.4558 -0.766599 -8.8718 79.8488 -1.24302 -13 37 1 0 1
0.591873 -4.65683 40.4558 2.70684 -11.2589 59.9844 1.6812 -13 38 1 0 1
-2.37954 3.40521 40.4558 -2.323 5.82079 51.9536 1.00116 -13 40 1 0 1
4.04911 7.69238 40.4558 8.49838 13.3716 61.0386 0.0723273 -13 41 1 0 1
-0.336394 1.55249 40.4558 -2.34536 -0.948489 68.3609 1.47103 -13 42 1 0 1
-2.02532 -1.18891 40.4558 -14.7072 -3.62302 78.5747 0.522378 -13 43 1 0 1
1.271 1.62452 40.4558 5.10868 1.31857 56.5243 0.874861 -13 44 1 0 1
3.62678 -3.76915 40.4558 6.2178 -7.94775 67.5861 0.617252 -13 46 1 0 1
0.830826 6.73202 40.4558 2.66695 8.06661 59.8388 1.15363 -13 47 1 0 1
-1.88278 0.589518 40.4558 -5.63621 7.04143 67.4889 0.912097 -13 48 1 0 1
1.80834 -5.3912 40.4558 2.14699 -20.2539 67.9711 -0.332585 -13 49 1 0 1
1.86589 -1.51741 40.4558 7.18278 -0.672535 42.9603 -0.404564 -13 50 1 0 1
0.580169 3.1136 40.4558 -2.72877 2.92525 72.8726 -0.0873659 -13 51 1 0 1
-2.3171 5.93779 40.4558 -1.36456 12.177 55.2069 0.312168 -13 52 1 0 1
2.66603 3.2418 40.4558 8.1145 4.13458 56.5903 -2.12599 -13 53 1 0 1
0.714081 5.91498 40.4558 5.07981 6.52587 43.0674 0.268858 -13 54 1 0 1
-0.152928 -1.57942 40.4558 -3.15337 -5.86802 70.6684 1.11232 -13 55 1 0 1
7.66531 4.18314 40.4558 15.3549 8.43034 60.2864 -0.757528 -13 56 1 0 1
0.297552 0.112438 40.4558 1.94387 3.20095 63.7111 -0.195331 -13 58 1 0 1
1.12909 -4.09795 40.4558 1.44709 -9.21109 67.7432 2.16693 -13 59 1 0 1
3.39406 5.55658 40.4558 8.42051 13.5892 56.5523 0.478787 -13 60 1 0 1
-1.27905 2.23707 40.4558 -1.76325 6.97962 62.9698 -0.633762 -13 61 1 0 1
1.56617 -0.590422 40.4558 1.99757 3.15752 70.1735 -0.347126 -13 62 1 0 1
1.32138 -3.84008 40.4558 4.17912 -4.79249 35.3489 0.432538 -13 63 1 0 1
0.111239 -0.626524 40.4558 1.7081 -0.0624884 60.276 0.349797 -13 64 1 0 1
2.21489 1.51804 40.4558 4.6851 1.26485 65.7846 -1.24009 -13 65 1 0 1
0.627234 0.931095 40.4558 -0.606994 0.941313 71.4845 0.651347 -13 66 1 0 1
1.4677 -2.5433 40.4558 4.80172 -1.89562 61.4625 -0.467957 -13 67 1 0 1
0.483581 7.94914 40.4558 4.13383 10.9747 53.4317 -0.735328 -13 68 1 0 1
-1.7051 -3.00668 40.4558 -2.32167 -7.00639 63.0475 0.203229 -13 69 1 0 1
0.70598 -0.560651 40.4558 -5.50198 -10.4824 80.1122 0.42293 -13 70 1 0 1
-1.2699 2.65255 40.4558 0.487533 1.27799 60.7533 -1.24856 -13 71 1 0 1
4.41653 7.53045 40.4558 8.79983 11.4109 64.1716 1.32452 -13 72 1 0 1
1.05924 1.41924 40.4558 -1.56991 -1.51661 74.7147 -0.712852 -13 73 1 0 1
1.27711 4.20177 40.4558 4.45856 8.58176 58.5637 0.478493 -13 74 1 0 1
2.70308 3.5927 40.4558 1.98583 6.31278 75.0905 -2.66001 -13 75 1 0 1
7.0695 1.11712 40.4558 7.25607 2.06218 79.4965 -1.51935 -13 76 1 0 1
-0.23181 0.715483 40.4558 1.17436 -3.73816 57.4363 2.60688 -13 77 1 0 1
-2.13381 2.80298 40.4558 -2.74948 2.98543 59.5701 -0.540672 -13 78 1 0 1
1.61225 -1.21639 40.4558 3.60204 -3.42504 62.9545 1.65371 -13 79 1 0 1
2.33229 -3.88916 40.4558 2.08067 -5.61529 72.5466 0.258828 -13 80 1 0 1
2.43967 1.53064 40.4558 2.69106 11.378 69.8253 0.292197 -13 81 1 0 1
0.494549 0.198617 40.4558 2.98787 2.64892 62.7692 1.43896 -13 82 1 0 1
-3.52932 6.88536 40.4558 -8.62284 18.6975 66.8849 0.249109 -13 83 1 0 1
-6.67045 -0.758209 40.4558 -13.9646 -2.338 62.1048 0.375398 -13 84 1 0 1
2.92329 1.21006 40.4558 3.59167 1.04704 75.8334 1.35908 -13 85 1 0 1
2.14349 -0.0212441 40.4558 3.66911 -7.77777 68.0557 0.0430356 -13 86 1 0 1
-1.63303 -4.89059 40.4558 1.2098 -9.95987 50.333 1.09874 -13 87 1 0 1
-1.28899 -2.94145 40.4558 -3.77793 -5.98964 68.118 -0.174262 -13 88 1 0 1
1.89552 -2.40949 40.4558 4.30397 -1.2363 62.2435 -0.337522 -13 89 1 0 1
0.995989 2.36575 40.4558 2.48617 4.20076 65.8302 0.0520076 -13 90 1 0 1
-4.2805 -1.2621 40.4558 -7.72351 -3.59898 63.9712 1.11525 -13 91 1 0 1
2.43055 1.21212 40.4558 7.93567 2.3862 54.9422 0.235731 -13 92 1 0 1
1.67721 0.921362 40.4558 5.75577 -0.763828 58.9036 1.08006 -13 93 1 0 1
0.866762 10.3514 40.4558 3.77178 17.7029 52.7545 -1.08206 -13 94 1 0 1
2.73791 0.26395 40.4558 4.5431 2.33695 70.4573 0.300284 -13 95 1 0 1
1.10047 2.94284 40.4558 2.95826 9.59297 60.9195 -1.5627 -13 96 1 0 1
-1.53921 -2.94106 40.4558 0.615372 -0.0640816 57.216 -0.784404 -13 97 1 0 1
0.425318 -2.70847 40.4558 0.636383 -1.70789 67.4949 0.679502 -13 98 1 0 1
-1.27502 4.89906 40.4558 -2.02836 10.2515 63.013 0.752418 -13 99 1 0 1
3.69769 -2.61511 40.4558 7.20798 -0.62515 67.38 -0.624602 -13 100 1 0 1
5.39979 0.926514 40.4558 10.438 -0.581163 67.9163 -0.423485 -13 101 1 0 1
2.53227 1.27391 40.4558 4.1442 1.94591 67.3002 0.162737 -13 102 1 0 1
6.32928 -2.75136 40.4558 13.1566 1.25406 60.9203 -2.19149 -13 103 1 0 1
3.20624 2.49876 40.4558 6.22586 2.22581 67.3409 -0.0558608 -13 104 1 0 1
-2.45209 0.398724 40.4558 -2.6628 8.11085 60.3084 -1.2042 -13 105 1 0 1
-4.4027 -1.33797 40.4558 -7.62022 -2.77034 59.9909 0.535031 -13 106 1 0 1
0.972395 -2.88699 40.4558 -0.196088 -7.12934 70.3973 -0.803556 -13 107 1 0 1
4.50316 1.21888 40.4558 9.98573 7.89893 62.756 -0.555244 -13 108 1 0 1
2.71844 0.946295 40.4558 5.89785 3.08233 67.7916 1.24482 -13 109 1 0 1
-0.0976907 0.467401 40.4558 -4.55055 2.24795 72.6182 -0.0137849 -13 110 1 0 1
-0.20369 -2.91653 40.4558 -5.98014 -2.3091 77.1555 -0.0546825 -13 111 1 0 1
3.64542 0.941107 40.4558 7.26051 -1.13504 56.1146 -1.58827 -13 112 1 0 1
2.01635 2.76898 40.4558 6.23183 4.29677 54.9498 1.04308 -13 113 1 0 1
3.14638 -2.64173 40.4558 7.36181 -6.57921 62.9745 0.190791 -13 114 1 0 1
3.05611 1.8381 40.4558 8.65243 2.12121 49.2624 0.107874 -13 115 1 0 1
-2.0533 -1.19418 40.4558 -8.38286 -3.19278 72.5403 0.757014 -13 116 1 0 1
-0.770709 0.397424 40.4558 0.252135 2.65082 55.592 -0.0903092 -13 117 1 0 1
1.3914 1.83008 40.4558 6.57539 -2.60712 47.3852 -0.144711 -13 118 1 0 1
0.81464 0.563856 40.4558 -0.0754231 3.58062 70.6631 0.74537 -13 119 1 0 1
-4.72019 -0.105232 40.4558 -5.38979 1.18979 49.8239 0.0896061 -13 120 1 0 1
2.65678 -5.99138 40.4558 6.07078 -6.77104 60.8725 1.77819 -13 121 1 0 1
-0.564051 -2.23649 40.4558 -6.44276 -2.93339 77.0104 0.858472 -13 122 1 0 1
0.635384 -5.56204 40.4558 -0.42203 -11.1637 70.7227 0.991 -13 123 1 0 1
6.92766 0.280568 40.4558 15.1096 1.87449 56.6995 0.550181 -13 124 1 0 1
-5.95999 -6.20936 40.4558 -10.57 -12.7783 58.9952 -1.27352 -13 125 1 0 1
0.994492 1.48245 40.4558 -4.65196 -3.15893 78.9851 1.17548 -13 126 1 0 1
1.83496 5.49375 40.4558 4.97235 7.82538 60.005 -0.850186 -13 127 1 0 1
0.776493 -0.253534 40.4558 2.25106 -5.14969 64.8012 0.566394 -13 128 1 0 1
7.19268 2.93719 40.4558 15.1051 6.39183 57.4875 -0.22408 -13 129 1 0 1
3.45614 -3.08752 40.4558 8.9905 -1.03252 49.8194 0.85431 -13 130 1 0 1
2.23439 1.00352 40.4558 2.68368 2.30716 69.0168 -0.234265 -13 131 1 0 1
-3.8711 1.93184 40.4558 -12.5671 3.02981 72.8812 1.51884 -13 132 1 0 1
4.32405 0.492944 40.4558 9.69767 -0.281578 63.6008 -1.09941 -13 133 1 0 1
6.39186 1.93082 40.4558 10.5412 4.05596 75.2134 0.618854 -13 134 1 0 1
2.74845 2.64706 40.4558 3.50195 1.06986 70.0732 1.07003 -13 135 1 0 1
5.93439 3.75409 40.4558 13.0243 3.50493 54.9354 0.280927 -13 136 1 0 1
-2.11268 -0.935644 40.4558 -3.52269 -3.24875 63.1105 1.73074 -13 137 1 0 1
-1.84274 5.6792 40.4558 -1.37146 11.5668 55.4392 0.53324 -13 140 1 0 1
0.263831 2.0113 40.4558 3.47861 7.09503 52.5216 0.116433 -13 141 1 0 1
5.29374 0.694894 40.4558 11.2246 5.77263 64.0454 2.13467 -13 142 1 0 1
-3.2051 -1.14295 40.4558 -9.27516 -3.98491 70.8904 -0.651842 -13 143 1 0 1
5.03985 0.910511 40.4558 9.07219 -0.881927 71.6179 3.11215 -13 144 1 0 1
3.26981 -8.77347 40.4558 7.76096 -14.8588 55.7283 1.91249 -13 145 1 0 1
4.46812 -3.28179 40.4558 9.18157 -3.37135 65.8667 0.423994 -13 146 1 0 1
-0.167006 -0.951112 40.4558 0.0429289 -2.21945 65.4712 -1.00885 -13 147 1 0 1
-0.728926 -6.5742 40.4558 -3.21465 -9.59608 69.085 0.443642 -13 148 1 0 1
4.59677 4.41635 40.4558 9.55144 6.81173 55.8383 -0.29821 -13 149 1 0 1
2.46249 4.62837 40.4558 5.1136 11.5248 65.3355 0.0154637 -13 150 1 0 1
2.14218 -5.17916 40.4558 5.66894 -11.2237 56.3231 1.38193 -13 151 1 0 1
1.2271 -0.683659 40.4558 3.1311 -2.19422 64.495 2.29649 -13 152 1 0 1
-1.05313 -1.41363 40.4558 -3.03273 -8.34248 67.74 -0.321588 -13 153 1 0 1
-0.67337 -3.55376 40.4558 -8.48105 -9.52672 77.9075 -1.93661 -13 154 1 0 1
-2.57933 0.921089 40.4558 -6.03793 0.228571 66.8663 -1.29534 -13 155 1 0 1
6.15509 -3.97139 40.4558 12.4488 -3.59431 45.3062 -0.374438 -13 156 1 0 1
-1.42734 -0.84014 40.4558 -1.80672 1.28791 62.524 0.0500767 -13 157 1 0 1
2.34259 3.06381 40.4558 -2.73906 3.00558 79.4117 1.45778 -13 158 1 0 1
-3.27386 4.84625 40.4558 -3.15023 6.53463 56.3149 -0.504288 -13 159 1 0 1
7.52016 -0.197031 40.4558 15.0043 -0.0503921 62.6697 0.124512 -13 160 1 0 1
4.55009 1.47723 40.4558 7.91052 -1.7272 70.4675 1.69343 -13 161 1 0 1
-6.05311 2.2034 40.4558 -4.72415 2.47961 40.6131 -0.406726 -13 162 1 0 1
-1.26427 1.14349 40.4558 -4.76899 7.71717 70.1408 -1.58435 -13 163 1 0 1
4.31753 -3.29252 40.4558 8.65014 -10.9155 65.1892 0.176812 -13 164 1 0 1
-12.2075 -3.01804 40.4558 -8.15826 -4.26544 26.3528 2.35359 -13 165 1 0 1
-7.47961 -0.56667 40.4558 -18.8596 -1.77789 68.8682 -0.110848 -13 166 1 0 1
4.27161 5.11082 40.4558 9.50256 10.4282 61.6307 0.717395 -13 167 1 0 1
1.10214 2.72685 40.4558 -6.31144 9.45044 78.6487 1.21493 -13 168 1 0 1
6.01108 -2.13517 40.4558 12.4855 -6.36849 57.0333 -0.160759 -13 169 1 0 1
-2.03765 -0.969401 40.4558 -5.64836 -3.95811 67.5728 -0.553612 -13 170 1 0 1
9.27133 -5.4725 40.4558 14.7278 -3.4174 39.9249 0.860511 -13 171 1 0 1
-0.626644 3.30936 40.4558 1.39547 3.24269 56.9489 -0.275512 -13 172 1 0 1
5.21299 -1.58342 40.4558 12.3452 -3.86852 58.354 0.256298 -13 173 1 0 1
2.74286 4.56717 40.4558 5.44767 3.61997 68.7892 0.351154 -13 174 1 0 1
-3.51321 -1.90476 40.4558 -1.55697 -6.08161 48.7896 -0.0616341 -13 176 1 0 1
7.01928 -4.63663 40.4558 13.7227 -7.82971 49.9811 -0.265261 -13 177 1 0 1
0.466709 -3.28277 40.4558 3.94041 -3.70558 52.6835 -0.476952 -13 178 1 0 1
4.87306 -4.48304 40.4558 8.80425 -14.2388 68.4721 -0.646422 -13 179 1 0 1
2.60041 -4.35268 40.4558 7.10157 -6.58933 52.0727 1.64915 -13 180 1 0 1
-4.06477 -1.48148 40.4558 -1.88655 -1.95526 39.3439 -1.3439 -13 181 1 0 1
-5.8455 0.740398 40.4558 -4.08948 2.24962 40.7994 -0.783278 -13 182 1 0 1
3.74074 3.45641 40.4558 9.22841 9.25284 42.317 0.126758 -13 183 1 0 1
-6.35144 -0.128505 40.4558 -10.6061 -4.01194 56.2445 0.118026 -13 184 1 0 1
-2.26894 -2.1034 40.4558 -2.51441 -7.16127 60.2781 -0.680938 -13 185 1 0 1
0.932652 2.65106 40.4558 4.55755 5.32348 41.7068 -0.538481 -13 186 1 0 1
2.8951 -1.9785 40.4558 4.80151 2.03972 71.4155 1.24014 -13 188 1 0 1
-1.59666 -1.7939 40.4558 -11.4658 -5.56827 79.2088 0.285306 -13 189 1 0 1
-3.90451 1.73136 40.4558 -5.30312 3.91026 59.7322 2.00668 -13 191 1 0 1
1.9318 -0.312056 40.4558 -3.58212 5.77995 80.1319 0.950761 -13 192 1 0 1
-5.72699 0.407445 40.4558 -3.96166 -2.66858 39.0279 -0.912383 -13 193 1 0 1
1.69785 4.73779 40.4558 2.31597 14.1163 68.9996 -0.148324 -13 194 1 0 1
0.234425 -0.17676 40.4558 2.19653 -0.0742537 60.421 2.35989 -13 195 1 0 1
5.95061 1.04685 40.4558 4.1571 -4.44817 80.49 2.6775 -13 196 1 0 1
-2.6669 4.61867 40.4558 -4.3373 8.74157 63.0992 -0.821986 -13 197 1 0 1
5.25729 -0.0494735 40.4558 10.91 0.221298 49.3379 -0.500296 -13 198 1 0 1
-5.40589 9.16137 40.4558 -7.29171 12.1179 56.9582 -1.50255 -13 199 1 0 1
-2.75856 -3.05587 40.4558 -2.16236 -3.26245 51.0046 0.764148 -13 200 1 0 1
-4.54843 -1.21698 40.4558 -12.0752 -5.43796 69.0467 0.419616 -13 201 1 0 1
-1.24504 9.94445 40.4558 -0.952823 15.9541 58.0071 -0.750319 -13 202 1 0 1
-0.717122 1.50644 40.4558 -0.483022 0.0496567 62.2324 0.366835 -13 203 1 0 1
-0.533544 2.96471 40.4558 1.96645 0.865225 50.0729 1.52225 -13 205 1 0 1
-5.41643 1.42139 40.4558 -22.481 1.68598 74.7846 0.307592 -13 206 1 0 1
-4.44781 -5.24355 40.4558 -6.06752 -9.99505 57.1913 -0.966349 -13 207 1 0 1
-6.08478 0.615929 40.4558 -14.849 2.0041 68.319 -0.185413 -13 208 1 0 1
2.75269 4.04767 40.4558 6.3974 4.33066 25.0118 0.227143 -13 209 1 0 1
6.63096 -0.592896 40.4558 13.6296 0.92938 46.3682 -0.285221 -13 210 1 0 1
5.9554 6.00764 40.4558 11.0299 5.73985 41.9021 0.691806 -13 211 1 0 1
-0.547628 7.35653 40.4558 -5.32036 17.1173 72.4682 2.19303 -13 212 1 0 1
-6.52057 4.49379 40.4558 -10.9241 6.67253 58.8254 -1.22394 -13 213 1 0 1
0.747035 5.14071 40.4558 -2.00885 9.32599 75.3135 1.13559 -13 214 1 0 1
0.414041 -1.62801 40.4558 -2.33754 -10.598 71.8566 1.84772 -13 215 1 0 1
2.22137 0.0877209 40.4558 2.76642 0.609076 70.0368 1.25066 -13 216 1 0 1
10.5319 1.82648 40.4558 17.4606 6.09498 42.7571 -0.846016 -13 217 1 0 1
-4.28163 2.19181 40.4558 -9.47778 4.17563 64.4449 0.291069 -13 218 1 0 1
0.445378 -1.62823 40.4558 -3.71784 -3.85618 77.7401 0.166882 -13 219 1 0 1
2.27503 1.81972 40.4558 2.62796 0.750064 72.2157 2.51209 -13 220 1 0 1
4.74415 1.25091 40.4558 12.6744 -0.256272 54.3269 1.09958 -13 221 1 0 1
0.159254 4.00933 40.4558 -2.14313 10.5047 72.2878 -0.653811 -13 222 1 0 1
-3.7934 -0.533594 40.4558 -7.174 2.42425 61.748 1.15399 -13 223 1 0 1
-3.25804 -0.843735 40.4558 -5.42271 -0.0275987 62.5825 -0.315705 -13 224 1 0 1
0.999282 5.3273 40.4558 4.17753 10.8083 54.0279 -0.136074 -13 226 1 0 1
-1.76429 -2.9096 40.4558 -2.48548 -7.22933 62.3245 0.182722 -13 227 1 0 1
2.87041 0.651567 40.4558 0.0141387 0.900536 78.4677 -1.75873 -13 228 1 0 1
-0.719277 3.08524 40.4558 -5.74564 2.48535 72.8675 0.40236 -13 229 1 0 1
1.95024 -5.84965 40.4558 6.26183 -8.47008 45.7302 -0.20017 -13 230 1 0 1
7.39096 5.01306 40.4558 14.3133 15.2264 64.2503 1.39224 -13 231 1 0 1
8.69431 4.7149 40.4558 18.549 8.73912 59.6512 1.01972 -13 232 1 0 1
-3.60751 -0.153216 40.4558 -7.80652 -1.97228 65.4094 -1.30809 -13 233 1 0 1
4.10838 0.997088 40.4558 7.78249 1.95242 67.7932 -0.453767 -13 234 1 0 1
4.1873 -1.06523 40.4558 5.94754 -7.5383 74.0046 0.441928 -13 235 1 0 1
-3.35723 -1.46808 40.4558 -6.67207 -7.49102 64.7943 1.43867 -13 236 1 0 1
5.49056 -6.86112 40.4558 11.8488 -9.4179 52.7505 0.948727 -13 237 1 0 1
0.116844 1.10652 40.4558 0.839187 1.4904 63.0103 0.255588 -13 238 1 0 1
-2.85158 -2.70383 40.4558 -8.97404 -0.73024 70.4288 1.44141 -13 239 1 0 1
3.63513 9.05633 40.4558 9.00864 13.6666 44.3588 -0.181153 -13 240 1 0 1
3.79343 0.907294 40.4558 8.07613 1.32641 34.0117 0.943597 -13 241 1 0 1
-1.75078 0.41878 40.4558 -1.30546 -3.47109 58.9614 2.00557 -13 242 1 0 1
5.39738 -5.23986 40.4558 10.9025 -8.04805 67.8416 0.0631907 -13 243 1 0 1
3.23581 1.99514 40.4558 2.85993 4.65727 76.0303 0.844314 -13 244 1 0 1
4.19545 0.895653 40.4558 6.91664 9.01432 71.3133 -0.518293 -13 245 1 0 1
1.40048 0.840179 40.4558 1.07903 7.52682 70.7346 -0.0199639 -13 246 1 0 1
-0.802105 -6.20953 40.4558 -0.573644 -8.79585 60.5703 -0.136844 -13 247 1 0 1
-0.436194 -2.99027 40.4558 -1.80895 -6.01662 68.0437 0.857703 -13 248 1 0 1
8.57189 4.92343 40.4558 16.4813 3.68422 60.0355 -0.746486 -13 249 1 0 1
3.15463 -4.6525 40.4558 5.23353 -10.908 68.173 -1.30997 -13 250 1 0 1
5.10099 10.1762 40.4558 10.8481 12.8644 61.1396 -0.82359 -13 251 1 0 1
4.52456 0.860535 40.4558 10.5999 -0.545345 63.1789 0.46824 -13 252 1 0 1
2.59364 4.41939 40.4558 2.57504 14.3198 70.9474 -1.163 -13 253 1 0 1
2.23764 3.36826 40.4558 6.52059 7.20409 53.9389 -0.290009 -13 254 1 0 1
1.82713 0.309358 40.4558 -0.952991 5.41143 77.5572 0.137449 -13 255 1 0 1
-2.13592 1.91062 40.4558 -1.31889 3.42893 53.8685 -0.733127 -13 256 1 0 1
-0.933372 -6.06486 40.4558 2.45524 -10.5805 43.0614 -0.0346935 -13 257 1 0 1
0.493673 0.160685 40.4558 1.18865 -1.83453 63.3325 0.324746 -13 258 1 0 1
2.38367 0.701706 40.4558 7.82227 -1.93343 56.7668 -0.972024 -13 259 1 0 1
0.536667 1.62859 40.4558 -1.16437 -0.436406 72.7523 -0.105522 -13 260 1 0 1
-1.29389 3.30065 40.4558 -1.43729 5.91169 60.2411 -0.924481 -13 261 1 0 1
1.75702 -0.186695 40.4558 5.59506 0.973667 63.0804 2.30888 -13 262 1 0 1
5.04714 -3.10492 40.4558 10.8983 -6.04299 62.6387 -1.27446 -13 263 1 0 1
-0.958911 -2.13888 40.4558 1.02495 -3.95183 50.8605 0.0033159 -13 264 1 0 1
5.43635 2.57513 40.4558 11.4876 7.52138 62.646 0.907852 -13 265 1 0 1
3.1134 2.37188 40.4558 5.38015 1.58288 70.6871 0.788194 -13 266 1 0 1
-0.874298 2.99487 40.4558 -1.41048 0.358373 63.7558 -0.0913138 -13 267 1 0 1
0.3424 1.16931 40.4558 3.93424 4.15576 43.2767 -0.85835 -13 268 1 0 1
-2.03574 3.41927 40.4558 -11.0723 1.60224 77.3841 0.675184 -13 269 1 0 1
-1.26322 -1.69102 40.4558 -1.70575 -8.3081 63.9103 1.46978 -13 270 1 0 1
5.6111 -0.929281 40.4558 8.11992 -7.3464 77.3083 -0.631335 -13 271 1 0 1
1.93851 -5.86641 40.4558 4.68659 -13.2488 61.584 1.80295 -13 272 1 0 1
-5.51183 2.26684 40.4558 -6.56567 2.4942 54.7362 3.03559 -13 273 1 0 1
2.51624 -1.42232 40.4558 4.75492 1.10144 67.6128 -1.8281 -13 274 1 0 1
4.70226 -0.473032 40.4558 9.89018 -4.06474 58.8571 -0.0810382 -13 275 1 0 1
4.9555 -2.39114 40.4558 12.0407 -6.19721 57.1915 1.39778 -13 277 1 0 1
-6.86878 0.724098 40.4558 -12.4003 1.34339 60.8426 1.77612 -13 278 1 0 1
-4.01842 -0.376159 40.4558 -10.2337 -8.71338 68.4414 -2.26441 -13 279 1 0 1
2.05521 1.97312 40.4558 4.89871 1.52541 61.4468 0.452875 -13 280 1 0 1
1.01762 -2.92703 40.4558 0.568026 -3.11909 66.7691 -1.08782 -13 281 1 0 1
-1.4649 4.92228 40.4558 0.449788 10.357 47.9509 -0.597622 -13 282 1 0 1
3.72212 -5.78548 40.4558 8.9328 -9.35532 49.7645 -1.37328 -13 283 1 0 1
-2.97821 5.02327 40.4558 -2.26088 3.34494 53.1618 -0.127722 -13 284 1 0 1
-6.35846 2.00196 40.4558 -12.3475 6.55391 61.479 -0.279951 -13 285 1 0 1
-3.08338 -6.76841 40.4558 -7.84324 -4.08556 69.1981 -1.25165 -13 286 1 0 1
-1.48962 1.70186 40.4558 -0.0173629 -0.730402 52.1143 -1.38414 -13 287 1 0 1
1.77239 12.9531 40.4558 -2.44212 35.7025 71.2431 -0.0721039 -13 288 1 0 1
0.419694 4.83759 40.4558 -4.44829 12.5131 77.3761 0.654985 -13 289 1 0 1
10.3549 -0.19088 40.4558 17.1334 -1.70041 42.5687 0.412767 -13 290 1 0 1
3.52649 -3.04972 40.4558 3.14528 -10.1684 74.8712 0.64332 -13 291 1 0 1
0.091108 0.708926 40.4558 -2.8481 4.07791 73.1915 -0.0734827 -13 292 1 0 1
-8.60493 2.99027 40.4558 -11.3128 9.9765 48.6183 2.29392 -13 293 1 0 1
9.66085 0.982477 40.4558 18.3055 10.1725 68.6757 1.79629 -13 294 1 0 1
-1.81208 1.56151 40.4558 -3.82742 2.38332 65.4219 0.284036 -13 295 1 0 1
-4.63384 1.94548 40.4558 -6.71913 3.26325 59.303 -0.0643019 -13 296 1 0 1
5.01742 -1.16468 40.4558 11.2954 -4.39242 53.4154 2.76033 -13 297 1 0 1
2.00903 2.42426 40.4558 3.52951 1.28332 67.4043 -1.6653 -13 298 1 0 1
-9.8375 1.14337 40.4558 -12.9674 6.97018 46.0326 2.98018 -13 299 1 0 1
-3.41696 3.91424 40.4558 -5.60204 4.47748 62.7266 -0.566926 -13 301 1 0 1
-2.74422 1.17644 40.4558 -5.10944 6.86184 63.5775 0.437085 -13 302 1 0 1
-0.22306 -1.10024 40.4558 0.494363 2.75088 62.599 0.208634 -13 303 1 0 1
0.0830063 1.66811 40.4558 -0.502894 7.56994 65.8604 0.729204 -13 304 1 0 1
-7.86347 5.09782 40.4558 -8.04108 8.4528 44.1823 1.44248 -13 305 1 0 1
-0.89846 -0.6241 40.4558 -2.26594 -4.68575 66.8148 -0.848014 -13 306 1 0 1
1.14427 -5.23598 40.4558 0.399037 -18.9252 67.4546 -1.10385 -13 307 1 0 1
0.0164603 -5.8697 40.4558 -3.49361 -13.6407 72.7848 0.271911 -13 308 1 0 1
-0.439446 1.50497 40.4558 -1.3995 3.72659 66.9228 -0.667192 -13 309 1 0 1
6.31297 -2.52494 40.4558 10.8104 -5.46959 71.6528 -0.208699 -13 310 1 0 1
-1.94622 0.0842353 40.4558 -6.78367 2.27673 71.5504 0.0218487 -13 312 1 0 1
-1.61281 5.45546 40.4558 -6.55255 11.4244 71.858 1.11831 -13 313 1 0 1
-1.4863 1.59133 40.4558 -5.62765 3.89217 68.0223 -0.407755 -13 314 1 0 1
4.63774 -2.40527 40.4558 10.7391 -0.140829 61.7955 -1.27133 -13 315 1 0 1
0.731129 -9.66079 40.4558 3.88713 -16.7842 50.8778 -1.02777 -13 316 1 0 1
-1.67386 -3.65011 40.4558 -3.03833 -9.14457 64.0285 0.939337 -13 317 1 0 1
1.34937 -2.15102 40.4558 1.60732 -2.02299 69.2538 -1.23809 -13 318 1 0 1
0.309525 1.15622 40.4558 -2.27158 8.74173 70.1963 2.18903 -13 319 1 0 1
5.76634 0.364553 40.4558 10.7821 1.01949 71.7225 0.764573 -13 320 1 0 1
3.14159 0.143433 40.4558 7.27721 -0.950565 56.8774 -1.47408 -13 321 1 0 1
1.24098 0.776667 40.4558 -7.80955 4.1216 79.7298 2.02234 -13 322 1 0 1
5.5195 -6.45866 40.4558 8.54215 -7.89134 75.1426 0.388842 -13 323 1 0 1
1.86989 3.25583 40.4558 4.16542 7.33175 65.7949 -0.50715 -13 324 1 0 1
2.76578 -1.66097 40.4558 3.59351 -5.4066 72.5675 0.149582 -13 325 1 0 1
-6.48305 6.49516 40.4558 -12.2687 10.9785 59.3317 0.128931 -13 326 1 0 1
-5.28711 -10.5326 40.4558 -5.9764 -19.322 48.4619 0.384983 -13 327 1 0 1
-4.13415 2.46065 40.4558 -6.36903 -4.02192 59.2332 -1.34987 -13 328 1 0 1
0.313031 3.35946 40.4558 -0.420057 10.0841 68.7639 1.25261 -13 329 1 0 1
5.0888 -2.53565 40.4558 7.20773 -2.02825 76.5827 -0.686249 -13 330 1 0 1
-2.91653 5.4003 40.4558 -9.56507 4.48921 71.5806 -1.41468 -13 331 1 0 1
-0.749624 -2.62727 40.4558 2.97907 -0.821924 31.3614 -1.0302 -13 332 1 0 1
2.46026 1.53398 40.4558 6.93256 4.2195 48.7743 4.22625 -13 333 1 0 1
-2.95171 -3.0044 40.4558 -5.35827 -5.36452 65.7438 0.483655 -13 334 1 0 1
1.06467 -2.82915 40.4558 2.4394 -6.97223 65.6231 0.488512 -13 335 1 0 1
1.22893 -5.0223 40.4558 -0.142401 -9.9985 68.7373 -0.512725 -13 336 1 0 1
15.7194 -7.66437 40.4558 23.4487 -13.9948 49.5955 -2.2677 -13 337 1 0 1
4.10379 -1.4965 40.4558 9.30249 -8.12369 53.8586 1.03607 -13 338 1 0 1
-0.571888 -5.0025 40.4558 1.71888 -6.78778 50.1868 0.51703 -13 339 1 0 1
2.28025 2.74573 40.4558 4.02523 8.31355 69.304 0.349575 -13 340 1 0 1
4.40716 1.80085 40.4558 6.0294 -0.983634 77.6387 0.0969146 -13 341 1 0 1
0.281583 1.72069 40.4558 -3.21817 6.97964 73.5493 0.757787 -13 342 1 0 1
0.685058 -0.832679 40.4558 2.41931 -6.90941 62.2166 -0.223146 -13 343 1 0 1
4.24235 -1.7133 40.4558 9.79016 1.85243 49.342 -0.169797 -13 344 1 0 1
-0.235738 -0.642653 40.4558 -1.35606 1.46893 69.1086 -0.710009 -13 345 1 0 1
-5.88903 0.218284 40.4558 -12.2511 0.110906 64.7245 0.720099 -13 346 1 0 1
-1.12328 0.593532 40.4558 -3.05067 1.6134 68.5014 -0.701591 -13 347 1 0 1
-0.953326 -0.0531905 40.4558 1.77373 5.95508 52.6089 -0.362685 -13 348 1 0 1
5.85396 0.132503 40.4558 12.2528 -1.96649 56.0184 0.983983 -13 349 1 0 1
2.18044 -3.13076 40.4558 4.5906 -5.62997 65.5133 0.90975 -13 350 1 0 1
-0.774458 3.71878 40.4558 -3.81547 6.07887 70.2311 -1.41423 -13 352 1 0 1
-0.877535 3.58507 40.4558 -1.52356 5.72675 65.9277 -0.0993789 -13 353 1 0 1
-0.538861 5.35156 40.4558 1.24447 5.93474 54.0515 0.533715 -13 354 1 0 1
-1.37996 3.20993 40.4558 -7.67863 8.84758 73.6491 -0.34354 -13 355 1 0 1
4.24617 3.114 40.4558 9.70292 10.1245 58.9097 0.411237 -13 356 1 0 1
-0.621646 -0.337936 40.4558 2.19622 1.49373 42.7626 0.158189 -13 357 1 0 1
5.62242 2.51812 40.4558 11.7591 8.09021 50.9345 0.73528 -13 358 1 0 1
2.89244 -1.22003 40.4558 7.40536 2.92181 62.1778 0.584487 -13 359 1 0 1
-1.26141 -2.15258 40.4558 -6.80836 -4.62584 75.1009 -0.483504 -13 360 1 0 1
3.84619 -0.342701 40.4558 3.41205 2.86257 77.3363 -0.00264963 -13 361 1 0 1
-3.21651 0.861779 40.4558 -6.64418 -2.14297 65.7939 -2.65553 -13 362 1 0 1
1.15547 1.25983 40.4558 -1.64729 6.47615 75.3383 -0.182455 -13 363 1 0 1
1.04279 -3.07654 40.4558 1.02977 -4.45957 65.0087 0.371518 -13 364 1 0 1
-1.69778 2.51343 40.4558 0.601336 6.79038 49.5598 -1.76729 -13 365 1 0 1
5.15029 -0.403025 40.4558 11.527 -1.27971 45.0328 2.37457 -13 366 1 0 1
5.10648 0.194709 40.4558 11.2293 -3.23327 40.9436 1.4493 -13 367 1 0 1
-0.539858 2.29768 40.4558 -0.590573 7.19768 64.9164 0.678774 -13 368 1 0 1
-0.0828943 -2.20822 40.4558 1.47797 -0.94644 60.544 -0.963789 -13 369 1 0 1
-3.19122 0.980655 40.4558 -10.5995 1.0538 72.1211 0.986103 -13 370 1 0 1
-0.0696245 -2.926 40.4558 0.587033 -4.29607 66.2966 2.51847 -13 371 1 0 1
-0.253031 -2.24629 40.4558 3.131 -9.57265 53.6157 0.949588 -13 372 1 0 1
-2.76926 -2.57582 40.4558 -5.52355 -7.29954 64.5722 0.826158 -13 373 1 0 1
-1.51135 -0.851022 40.4558 -8.64601 0.314516 76.3154 0.75565 -13 374 1 0 1
-3.74108 1.70641 40.4558 -15.8416 7.46724 77.3673 -1.27221 -13 375 1 0 1
-2.10984 -6.54974 40.4558 -6.27081 -14.6111 68.4035 0.603385 -13 376 1 0 1
7.967 -1.89599 40.4558 13.6523 -8.30763 77.526 1.31527 -13 377 1 0 1
0.839029 -0.85673 40.4558 4.67515 -5.11325 44.3555 2.34156 -13 378 1 0 1
1.85504 -9.64336 40.4558 2.38182 -24.4146 64.7971 0.780541 -13 379 1 0 1
-4.3651 -8.45337 40.4558 -2.28504 -14.4189 42.2141 -0.575251 -13 380 1 0 1
3.3713 -1.19561 40.4558 8.19213 2.89995 59.7093 1.29507 -13 381 1 0 1
4.96118 -4.04977 40.4558 8.55506 -9.85475 72.1373 -0.203771 -13 382 1 0 1
-9.30911 1.89861 40.4558 -12.6239 1.88396 48.4484 1.47903 -13 383 1 0 1
5.77518 2.57637 40.4558 13.3926 1.41703 57.8051 -1.20572 -13 384 1 0 1
0.0177906 -0.106416 40.4558 -0.123804 -4.68869 67.5177 1.91005 -13 385 1 0 1
0.575927 -0.496219 40.4558 0.0434443 -2.8406 69.9357 2.06502 -13 386 1 0 1
-1.64433 0.466754 40.4558 -6.50206 -1.36805 71.3585 0.258096 -13 387 1 0 1
0.235072 -0.688667 40.4558 3.57803 -0.060377 52.0382 -0.61343 -13 388 1 0 1
7.62552 -1.50303 40.4558 16.4247 -0.774556 60.4604 1.18164 -13 389 1 0 1
-2.87292 1.33896 40.4558 -4.53117 1.24492 63.7736 0.887577 -13 390 1 0 1
7.82775 0.907652 40.4558 16.1419 0.309966 50.6857 -0.0875119 -13 391 1 0 1
-3.6961 1.86821 40.4558 -3.61171 -1.6891 54.3039 0.355905 -13 392 1 0 1
-0.501823 6.63523 40.4558 -0.44469 10.4401 60.5896 -0.663544 -13 394 1 0 1
0.043741 3.99663 40.4558 -3.66378 14.4908 74.3163 -1.52185 -13 395 1 0 1
6.56253 3.53172 40.4558 13.3949 3.09223 63.2883 -0.00942204 -13 396 1 0 1
2.48806 -3.78489 40.4558 5.94697 -5.17577 59.8937 1.40894 -13 397 1 0 1
1.30179 -0.611661 40.4558 1.98575 -3.05158 66.8511 1.0026 -13 398 1 0 1
1.52529 -6.1458 40.4558 0.463319 -11.0882 70.9815 2.18229 -13 399 1 0 1
1.78084 -0.982334 40.4558 4.09115 6.26873 64.7333 0.11423 -13 400 1 0 1
3.8718 -0.547212 40.4558 5.99722 0.0679636 71.8757 -0.0887178 -13 401 1 0 1
-4.75116 1.72637 40.4558 -7.00433 2.07551 57.6504 -0.148893 -13 402 1 0 1
-0.224721 -5.47636 40.4558 -1.88124 -18.0452 69.8974 0.364967 -13 403 1 0 1
2.21003 -1.85756 40.4558 4.5095 -8.36853 66.1646 1.35408 -13 404 1 0 1
-0.0481794 -4.74086 40.4558 1.78624 -1.65865 7.98345 -1.52388 -13 405 1 0 1
-1.00507 -1.45591 40.4558 -1.19429 -7.86525 60.2204 -0.433942 -13 406 1 0 1
-0.438308 -4.14425 40.4558 -0.859849 -5.9189 66.12 1.42504 -13 407 1 0 1
6.24594 3.61189 40.4558 13.5449 7.70672 56.9166 1.95421 -13 408 1 0 1
4.43739 -0.63852 40.4558 9.82672 -1.41089 63.9377 0.465004 -13 409 1 0 1
-0.275118 -2.76315 40.4558 -5.14513 -6.6521 75.9818 -2.43751 -13 410 1 0 1
-2.73303 6.28308 40.4558 0.365873 4.12078 43.7188 0.71271 -13 411 1 0 1
0.0907347 -4.24886 40.4558 -0.754687 -9.76591 66.8816 1.4025 -13 412 1 0 1
-1.38428 3.04359 40.4558 -9.55928 4.92393 78.3352 0.223373 -13 413 1 0 1
-5.71155 -3.13636 40.4558 -8.22765 -4.58923 57.9035 1.14087 -13 414 1 0 1
3.57757 3.07494 40.4558 8.20862 7.32095 56.9932 0.492971 -13 415 1 0 1
6.94687 0.900546 40.4558 9.04892 2.27036 26.2085 5.14821 -13 416 1 0 1
3.81092 -10.914 40.4558 8.30801 -12.3089 40.906 0.0480032 -13 417 1 0 1
0.536411 1.44842 40.4558 -0.479997 -0.231839 69.7258 1.61183 -13 418 1 0 1
5.73634 -0.827444 40.4558 12.2038 -1.18785 63.4807 0.654518 -13 419 1 0 1
1.34161 -2.59252 40.4558 -0.124906 -10.2599 73.4863 -0.302015 -13 421 1 0 1
2.94498 9.43905 40.4558 5.6475 21.0034 63.8569 0.539869 -13 422 1 0 1
-7.44414 -10.4469 40.4558 -8.07851 -10.9371 45.1626 -0.0589825 -13 423 1 0 1
6.84292 9.28388 40.4558 14.5918 9.62445 46.2898 0.794184 -13 424 1 0 1
-0.3954 0.671314 40.4558 0.210073 3.37156 64.251 0.0801318 -13 425 1 0 1
1.29063 -0.0527488 40.4558 -1.75304 4.52424 74.0438 -1.28604 -13 426 1 0 1
5.39753 -4.54583 40.4558 10.8837 -5.42027 62.7964 -0.387027 -13 427 1 0 1
-1.30976 3.50227 40.4558 -3.18739 12.1591 65.3124 0.523859 -13 428 1 0 1
5.94574 -4.37531 40.4558 13.4331 -10.3263 56.3853 0.0375041 -13 429 1 0 1
-4.13278 5.90204 40.4558 -12.2799 14.5389 69.4545 -1.56735 -13 430 1 0 1
2.57598 -1.89972 40.4558 1.02535 -5.69194 75.9212 2.02601 -13 431 1 0 1
2.92059 1.07736 40.4558 5.5716 5.7382 67.7962 2.08096 -13 432 1 0 1
1.02993 -2.62031 40.4558 -0.125097 -11.8008 69.764 1.51225 -13 433 1 0 1
2.05285 2.44763 40.4558 5.50004 10.2565 59.1695 0.25599 -13 434 1 0 1
9.73915 2.24196 40.4558 18.425 2.42231 57.5729 1.20278 -13 435 1 0 1
2.16904 -0.598052 40.4558 3.72465 -0.142522 67.1606 -2.18244 -13 437 1 0 1
-2.09548 -0.188332 40.4558 -0.157957 0.275644 55.1868 2.08885 -13 438 1 0 1
0.540105 -6.88284 40.4558 1.07496 -11.5445 62.9988 -0.994888 -13 439 1 0 1
2.93036 2.71077 40.4558 6.64116 6.91636 61.1475 0.348114 -13 440 1 0 1
-1.76422 0.260252 40.4558 -6.73709 0.0530697 71.6003 1.48789 -13 441 1 0 1
-2.17363 -2.59979 40.4558 -4.41258 0.02177 65.671 -0.011713 -13 442 1 0 1
1.16066 -1.04442 40.4558 4.71138 3.4591 56.9197 1.17017 -13 443 1 0 1
6.97899 -0.730408 40.4558 13.286 0.284063 69.4088 1.10107 -13 444 1 0 1
4.79111 1.31566 40.4558 8.89552 -2.99609 69.1071 0.189871 -13 445 1 0 1
-0.939154 -4.96454 40.4558 -3.18249 -6.06807 69.1865 -1.43385 -13 446 1 0 1
3.86703 0.218767 40.4558 9.13657 1.2679 56.8234 -0.312608 -13 447 1 0 1
0.389701 0.242254 40.4558 -0.666466 3.65212 70.718 -1.8834 -13 448 1 0 1
-0.9182 0.807745 40.4558 0.87688 -0.548254 52.9017 -0.05958 -13 449 1 0 1
4.63916 2.4718 40.4558 3.92734 1.7475 81.103 0.193971 -13 451 1 0 1
0.12041 -0.567023 40.4558 0.497687 -2.85382 67.5161 1.21345 -13 452 1 0 1
2.11676 -1.86681 40.4558 6.89772 -2.47876 59.7042 -0.210447 -13 453 1 0 1
-3.90009 1.90956 40.4558 -2.22317 2.35848 50.7155 1.48388 -13 454 1 0 1
3.05758 0.26327 40.4558 8.38211 -2.87522 55.5376 0.318446 -13 455 1 0 1
3.77632 3.80442 40.4558 7.58329 9.71199 64.2776 -0.513323 -13 456 1 0 1
4.90835 0.0113392 40.4558 12.1519 3.87402 56.3649 0.926872 -13 457 1 0 1
3.49539 -10.5024 40.4558 7.42464 -17.2833 53.3084 -0.967165 -13 458 1 0 1
5.75805 4.62076 40.4558 10.4722 6.47884 74.1371 1.79762 -13 459 1 0 1
-1.13871 -0.0559289 40.4558 -3.11189 2.69865 65.5254 -0.0367816 -13 460 1 0 1
-2.92398 1.24822 40.4558 -5.92481 5.51794 65.4705 0.47204 -13 461 1 0 1
3.06724 0.617699 40.4558 7.23089 2.03568 64.8357 -0.166186 -13 462 1 0 1
2.42624 -1.16875 40.4558 3.91847 -1.92192 69.047 1.59638 -13 463 1 0 1
4.27277 8.24424 40.4558 8.90742 17.2068 59.9308 -0.0197103 -13 464 1 0 1
-4.07419 7.93053 40.4558 -2.19763 10.1633 38.3774 -0.667466 -13 465 1 0 1
2.58532 3.39919 40.4558 6.32046 7.86761 56.8667 0.465454 -13 466 1 0 1
2.74927 2.23352 40.4558 7.76715 4.96154 38.8977 0.0256615 -13 467 1 0 1
1.17158 0.745131 40.4558 5.22934 -3.86199 56.5401 -0.702264 -13 468 1 0 1
-1.43448 7.28619 40.4558 0.540112 11.5755 50.2725 0.599622 -13 469 1 0 1
2.15064 -4.02117 40.4558 4.20303 -5.57795 64.8421 -0.333011 -13 470 1 0 1
1.09328 5.01485 40.4558 5.21097 7.28293 49.4083 1.34439 -13 471 1 0 1
3.313 -6.49759 40.4558 8.15613 -9.10933 42.6997 1.35634 -13 472 1 0 1
-1.37232 -1.82814 40.4558 0.620859 -4.03896 55.1546 -0.473498 -13 473 1 0 1
4.50415 -3.25433 40.4558 10.5486 -6.62432 61.3673 -0.483057 -13 474 1 0 1
2.54206 2.10249 40.4558 3.75157 7.63355 72.2025 1.70265 -13 475 1 0 1
-4.8228 4.97567 40.4558 -8.66844 11.4694 60.7517 0.137062 -13 476 1 0 1
1.52142 7.04768 40.4558 3.88642 11.6358 66.7391 -1.14929 -13 477 1 0 1
-0.440256 -3.38082 40.4558 -0.668202 -5.43091 61.82 -1.64458 -13 478 1 0 1
1.63162 0.815396 40.4558 5.1268 -0.799377 48.336 -0.463049 -13 479 1 0 1
4.24113 1.67819 40.4558 9.8381 5.0532 54.4823 0.462592 -13 480 1 0 1
2.70301 -3.22358 40.4558 7.5013 -3.97245 33.8552 0.789876 -13 481 1 0 1
-0.594521 -2.38017 40.4558 3.00625 -7.24348 45.1411 0.563342 -13 482 1 0 1
-3.99729 5.48127 40.4558 -10.32 10.3805 68.2245 0.935339 -13 483 1 0 1
-3.12568 -0.731761 40.4558 -8.08378 -3.85199 66.9834 -1.11856 -13 484 1 0 1
-6.08217 -4.10807 40.4558 -9.35143 -10.1024 56.6593 2.01051 -13 485 1 0 1
0.530966 -4.74052 40.4558 2.42902 -12.9834 57.9958 2.90342 -13 486 1 0 1
6.10026 1.74515 40.4558 11.4123 0.731014 68.4927 0.288395 -13 487 1 0 1
-6.86859 -1.96857 40.4558 -12.1692 -4.23785 60.3192 -0.734941 -13 488 1 0 1
-0.160831 0.481049 40.4558 3.09847 6.85906 42.1254 1.5238 -13 489 1 0 1
-0.708347 -4.59805 40.4558 -0.600855 -13.3232 62.4266 -1.65629 -13 490 1 0 1
2.888 3.59989 40.4558 4.58035 2.90192 69.9544 1.01548 -13 491 1 0 1
1.81533 0.755632 40.4558 4.61772 5.91629 61.3665 1.3392 -13 492 1 0 1
-1.24486 -1.32574 40.4558 0.429685 -3.53494 59.7506 1.18304 -13 493 1 0 1
0.793778 -0.731108 40.4558 4.69707 -3.58107 36.9411 0.296064 -13 494 1 0 1
1.28236 7.27586 40.4558 6.12122 4.7988 41.7331 -2.51101 -13 495 1 0 1
1.73925 -5.99519 40.4558 5.71905 -8.3752 43.6367 0.462969 -13 496 1 0 1
2.22496 0.702422 40.4558 4.57439 2.29555 64.4365 0.430224 -13 497 1 0 1
-1.10845 2.64509 40.4558 -3.80143 6.84332 68.9403 -0.268039 -13 498 1 0 1
0.604674 3.33806 40.4558 3.70615 2.5745 52.2315 -0.6621 -13 499 1 0 1
8.36661 0.346736 40.4558 16.1697 -2.88978 50.2883 -0.962404 -13 500 1 0 1
3.97418 2.78789 40.4558 3.07251 4.117 79.5006 -0.141582 -13 501 1 0 1
-5.64639 3.93081 40.4558 -12.8539 4.7812 65.6232 -1.00797 -13 502 1 0 1
0.427477 -8.93826 40.4558 -0.170688 -14.2527 68.4864 -1.46575 -13 503 1 0 1
0.242594 1.24811 40.4558 -0.529667 4.7308 66.3991 0.450354 -13 504 1 0 1
7.84068 0.126219 40.4558 16.6608 0.101505 55.5617 -0.969161 -13 505 1 0 1
-0.863587 -0.486578 40.4558 -9.32212 -3.73806 78.8389 1.42053 -13 506 1 0 1
4.74346 6.60464 40.4558 9.76666 11.4641 48.8079 0.623083 -13 507 1 0 1
4.72962 -4.73435 40.4558 10.8775 -7.08737 62.7379 1.12619 -13 508 1 0 1
5.67574 -3.86376 40.4558 9.74203 -8.02609 72.2007 0.164291 -13 509 1 0 1
-4.10018 3.97419 40.4558 -6.36138 6.9794 60.6867 1.30587 -13 510 1 0 1
-5.25555 -0.97064 40.4558 -14.1283 0.726924 70.6839 2.20164 -13 511 1 0 1
-3.11775 -2.0859 40.4558 -4.66572 -3.20889 58.6305 -0.255668 -13 512 1 0 1
1.92898 0.357505 40.4558 5.96137 3.1519 51.4343 1.27601 -13 513 1 0 1
-2.322 0.0646218 40.4558 -2.53584 0.441885 55.2992 -3.32986 -13 514 1 0 1
-4.60611 -0.129279 40.4558 -10.9727 0.692749 65.8581 -1.30421 -13 515 1 0 1
-1.61258 -0.365395 40.4558 -1.2763 4.31294 56.761 -1.79809 -13 516 1 0 1
1.088 -0.204344 40.4558 -0.135775 -4.41286 72.333 -0.988585 -13 517 1 0 1
1.24624 -0.336376 40.4558 3.45659 1.15435 65.2113 0.951121 -13 518 1 0 1
-1.94478 1.58267 40.4558 -11.8277 1.9643 77.9522 0.0547149 -13 519 1 0 1
0.400514 -1.43862 40.4558 2.95115 -6.74202 60.6252 2.65972 -13 520 1 0 1
-1.014 -5.3816 40.4558 -3.62544 -10.099 69.7532 -1.34336 -13 521 1 0 1
2.96863 2.33902 40.4558 -0.334219 5.16817 80.5668 1.03561 -13 522 1 0 1
-2.15409 3.7303 40.4558 -6.27325 5.36409 69.764 0.994927 -13 523 1 0 1
1.10356 -4.41083 40.4558 3.72441 -1.21207 62.0101 0.856506 -13 524 1 0 1
0.294652 6.79348 40.4558 4.24402 7.99568 39.6812 0.824888 -13 525 1 0 1
-2.40277 -2.07787 40.4558 -8.85454 0.411771 71.809 0.167705 -13 526 1 0 1
-2.16905 5.55466 40.4558 -2.79733 11.096 59.1535 1.15871 -13 527 1 0 1
-2.65559 2.08259 40.4558 -1.62974 3.24093 54.7811 2.81838 -13 528 1 0 1
6.30046 -3.85108 40.4558 11.6124 -14.73 69.9356 0.921624 -13 529 1 0 1
1.14194 2.20889 40.4558 2.41434 4.64123 67.1944 -0.482258 -13 530 1 0 1
0.321433 1.62638 40.4558 3.23072 4.65744 59.0331 1.1207 -13 531 1 0 1
-6.22157 3.19657 40.4558 -7.77135 8.51392 52.7425 1.78854 -13 532 1 0 1
-3.20634 -9.02629 40.4558 -0.982828 -8.75968 30.3809 3.48167 -13 533 1 0 1
4.1048 -0.92241 40.4558 7.49008 -0.425134 70.1217 1.09128 -13 534 1 0 1
2.31875 1.95622 40.4558 2.96261 12.0516 69.3354 -2.7083 -13 535 1 0 1
2.90632 -1.0739 40.4558 7.33276 1.6274 55.1785 -0.78084 -13 536 1 0 1
3.97785 4.72982 40.4558 10.0043 7.6178 61.9818 0.234062 -13 538 1 0 1
-17.1324 11.4702 40.4558 -15.492 5.56784 34.5295 1.182 -13 539 1 0 1
7.65904 -2.27599 40.4558 13.0562 -4.00499 76.4295 1.4995 -13 540 1 0 1
0.280413 3.63297 40.4558 -2.0664 11.3872 70.6178 1.06961 -13 541 1 0 1
2.81749 1.13289 40.4558 5.30207 4.88063 67.6723 0.132658 -13 542 1 0 1
4.44323 -1.32555 40.4558 9.65417 -7.20779 66.4844 -0.396689 -13 543 1 0 1
2.60892 -0.682834 40.4558 6.15903 -2.62909 63.8505 0.547973 -13 544 1 0 1
-0.942777 -9.77928 40.4558 -4.48153 -24.6118 68.287 1.26864 -13 545 1 0 1
0.954771 -10.1419 40.4558 3.83158 -13.6591 42.9973 0.637661 -13 546 1 0 1
-0.296297 6.52853 40.4558 1.88499 12.8823 51.8552 -0.57092 -13 547 1 0 1
1.73511 1.4205 40.4558 4.04803 7.52913 61.518 2.38871 -13 548 1 0 1
2.12398 -3.58969 40.4558 5.99749 -2.88363 57.8231 2.69235 -13 549 1 0 1
-6.58639 5.19619 40.4558 -15.7287 13.5746 66.1766 -2.37155 -13 550 1 0 1
2.43455 -5.9613 40.4558 6.05596 -2.81103 35.7312 1.39707 -13 551 1 0 1
-5.02001 -1.1836 40.4558 -7.84323 -4.18843 59.1482 0.353995 -13 553 1 0 1
-3.7571 -0.317887 40.4558 -8.28517 -2.82427 65.1558 -0.889022 -13 554 1 0 1
6.23256 4.12468 40.4558 9.95359 9.91167 73.2419 1.35866 -13 555 1 0 1
-1.72133 4.81001 40.4558 -1.51311 8.08707 56.5729 0.62069 -13 556 1 0 1
2.91666 0.160087 40.4558 6.91423 -1.21315 61.546 2.55344 -13 557 1 0 1
-1.34413 -0.759294 40.4558 -1.75452 -4.14219 62.1066 -2.48454 -13 558 1 0 1
-6.32566 2.50335 40.4558 -6.47108 4.36612 45.9672 -1.28146 -13 560 1 0 1
-4.36959 3.25045 40.4558 -11.7289 3.98197 68.6642 1.21869 -13 562 1 0 1
4.20664 -0.291153 40.4558 6.88133 -4.20236 70.5136 -0.222729 -13 564 1 0 1
-3.92634 3.72468 40.4558 -4.73689 9.4862 55.4586 1.3931 -13 565 1 0 1
-1.49618 0.720809 40.4558 -7.54474 0.185747 73.6377 0.852392 -13 566 1 0 1
-3.66217 -2.64274 40.4558 -3.40552 -2.76105 53.3305 0.326952 -13 567 1 0 1
-0.467729 2.9222 40.4558 -2.82332 8.77605 71.103 0.291217 -13 568 1 0 1
0.855289 -2.43257 40.4558 2.33231 -5.77641 61.7539 1.91388 -13 569 1 0 1
-0.233575 -4.66214 40.4558 2.96179 -5.61606 52.4437 -2.27948 -13 570 1 0 1
-0.787362 4.72447 40.4558 2.08123 5.98851 25.6404 0.0529734 -13 571 1 0 1
2.23764 -1.71418 40.4558 1.24763 -7.88002 75.4091 -0.0351702 -13 572 1 0 1
-2.34924 0.589815 40.4558 -5.89023 -4.10223 68.7469 2.05595 -13 573 1 0 1
-3.08678 8.07706 40.4558 -4.94906 18.81 58.213 -0.840757 -13 574 1 0 1
2.23307 -0.698365 40.4558 3.22017 -1.61725 69.7655 0.294886 -13 575 1 0 1
0.184257 2.90299 40.4558 -0.576216 -0.00789163 68.7947 -0.781529 -13 576 1 0 1
2.15401 -4.22836 40.4558 3.96374 -2.63678 65.7548 -1.85907 -13 577 1 0 1
-1.04242 5.58977 40.4558 -5.40906 14.0091 72.0097 2.05351 -13 578 1 0 1
4.35709 -6.23877 40.4558 10.1434 -12.9766 61.095 -0.127694 -13 579 1 0 1
-4.54889 1.85396 40.4558 -10.8277 7.96383 66.1485 1.59089 -13 580 1 0 1
4.72345 2.06333 40.4558 10.4599 1.37721 62.0241 0.19091 -13 581 1 0 1
6.69814 -0.239761 40.4558 13.3302 2.65808 47.701 0.130173 -13 582 1 0 1
3.12836 0.546111 40.4558 4.87275 -0.766822 71.3209 -0.330108 -13 583 1 0 1
4.08267 4.23833 40.4558 7.89674 4.5724 64.3298 -0.641516 -13 584 1 0 1
0.531099 -1.8878 40.4558 0.276707 -7.35255 65.2434 -1.93648 -13 585 1 0 1
3.06669 -4.01433 40.4558 4.29186 -11.8057 71.2318 2.29489 -13 586 1 0 1
-2.01288 5.06944 40.4558 -8.68841 16.4929 72.5611 0.47626 -13 587 1 0 1
3.90316 -0.948946 40.4558 7.89898 1.22731 66.6563 -2.0074 -13 588 1 0 1
1.29262 2.4144 40.4558 0.951414 3.54248 70.626 -1.13233 -13 589 1 0 1
-3.17243 -3.99655 40.4558 -10.9516 -13.9998 73.1494 -0.75076 -13 590 1 0 1
-1.10217 -1.27915 40.4558 -8.64928 0.389361 77.8592 2.69397 -13 591 1 0 1
-0.109949 0.24859 40.4558 -1.53155 -1.34274 71.5387 -2.4996 -13 592 1 0 1
1.48501 3.5171 40.4558 4.24911 1.47722 64.303 2.06136 -13 593 1 0 1
-3.59593 1.09768 40.4558 -7.95223 -0.498486 63.4014 0.362166 -13 594 1 0 1
2.38242 -2.36498 40.4558 5.04787 -1.41206 63.8476 0.706027 -13 595 1 0 1
-3.38819 -0.683263 40.4558 -16.608 -2.48547 78.0572 0.0410359 -13 597 1 0 1
3.10125 -3.6854 40.4558 -0.485636 -11.2828 80.7326 -1.60096 -13 598 1 0 1
-3.65253 -0.460326 40.4558 -1.88107 -0.71439 47.2831 -1.42288 -13 599 1 0 1
-0.379336 -5.22139 40.4558 2.63257 -8.99303 50.817 0.700153 -13 600 1 0 1
2.53069 0.405681 40.4558 5.80586 0.180337 59.4891 1.31921 -13 601 1 0 1
1.22358 -3.33814 40.4558 3.44932 -6.39487 64.5038 0.766465 -13 602 1 0 1
-6.39901 -1.86101 40.4558 -15.0101 -3.37194 66.8297 -1.1306 -13 603 1 0 1
3.26199 -0.932599 40.4558 9.56456 -3.52532 47.2157 0.315072 -13 604 1 0 1
-0.980441 -12.1154 40.4558 -0.417801 -20.5457 57.59 0.206603 -13 605 1 0 1
4.91245 -0.746583 40.4558 9.04408 -1.6041 66.7132 2.75962 -13 606 1 0 1
6.40101 4.11751 40.4558 9.49863 15.447 75.3708 -0.619861 -13 607 1 0 1
-4.32979 -0.547886 40.4558 -13.32 5.61019 72.2109 0.292069 -13 609 1 0 1
-2.54148 -0.812266 40.4558 -6.3743 5.99981 67.0472 -1.52797 -13 610 1 0 1
-1.92569 1.46288 40.4558 -0.679994 -0.795331 54.457 1.07177 -13 611 1 0 1
6.58507 0.344567 40.4558 13.281 4.13944 55.8234 -2.07731 -13 612 1 0 1
5.11384 -5.05188 40.4558 9.59824 -6.0226 38.4281 1.5482 -13 613 1 0 1
1.32916 -1.32784 40.4558 3.72225 -6.511 64.6536 -0.151354 -13 614 1 0 1
-2.75161 -0.265475 40.4558 -8.85843 -6.42524 73.1515 0.963865 -13 615 1 0 1
3.90872 1.71545 40.4558 4.03522 7.27283 78.2529 -0.0691652 -13 616 1 0 1
2.05567 -4.86413 40.4558 4.38788 -7.80774 63.8115 -0.536382 -13 617 1 0 1
-0.88814 9.92267 40.4558 -0.644182 20.2523 56.7913 -0.859154 -13 618 1 0 1
5.97889 5.64597 40.4558 12.3075 11.7558 49.9295 0.898052 -13 619 1 0 1
0.246349 1.62549 40.4558 -5.5058 3.37351 77.8411 -2.06105 -13 620 1 0 1
1.25799 -4.4146 40.4558 4.05291 -3.31354 60.069 0.846639 -13 621 1 0 1
5.37136 -14.3638 40.4558 11.1774 -21.4427 54.8164 0.539985 -13 622 1 0 1
0.000639457 -1.85458 40.4558 1.932 1.21681 60.7878 -0.129012 -13 623 1 0 1
3.56265 2.27519 40.4558 8.44682 2.14627 65.319 -0.133967 -13 624 1 0 1
0.865203 5.98405 40.4558 3.67542 6.85383 59.5352 -0.677133 -13 625 1 0 1
1.45014 3.28237 40.4558 0.355708 4.36267 70.8249 2.61308 -13 626 1 0 1
-2.92222 0.108807 40.4558 -12.1765 7.84749 75.7241 0.733629 -13 627 1 0 1
5.97993 0.63564 40.4558 11.9838 3.24763 72.1571 0.304199 -13 628 1 0 1
-0.481625 6.01353 40.4558 0.0572571 15.0607 64.8723 0.360772 -13 629 1 0 1
-4.73729 3.12065 40.4558 -9.34809 9.13342 62.6116 0.833503 -13 630 1 0 1
0.441612 0.445702 40.4558 3.94612 1.8807 59.2507 -0.479464 -13 631 1 0 1
0.166679 -4.27131 40.4558 -0.325096 -8.32065 66.9077 -1.34172 -13 632 1 0 1
11.5304 4.05278 40.4558 22.9027 5.78503 53.4291 -0.622876 -13 633 1 0 1
-6.01801 11.0161 40.4558 -10.2688 21.1437 57.07 0.0638233 -13 634 1 0 1
7.04823 -1.12666 40.4558 14.4711 0.0118298 51.0758 0.385488 -13 635 1 0 1
-2.60284 2.35499 40.4558 -9.22714 10.4693 72.2965 -1.94339 -13 636 1 0 1
4.89601 0.637639 40.4558 7.92213 -0.768359 72.1809 0.255113 -13 637 1 0 1
-1.56445 -7.45036 40.4558 1.51309 -7.44934 29.6778 0.3038 -13 638 1 0 1
3.4129 -4.5274 40.4558 6.49445 -9.42967 65.7448 -1.79116 -13 639 1 0 1
2.77132 3.20796 40.4558 6.44587 3.97061 39.1811 -1.93994 -13 640 1 0 1
6.0771 -3.93969 40.4558 12.5997 -9.42853 61.1571 -1.1423 -13 641 1 0 1
1.11888 -5.38404 40.4558 4.71559 -7.34687 57.7335 0.141712 -13 642 1 0 1
0.975972 -7.26762 40.4558 -0.123248 -16.9691 69.8268 -0.215045 -13 643 1 0 1
-3.71136 -5.34177 40.4558 -3.84089 -10.5214 50.0234 2.43546 -13 644 1 0 1
1.95787 -5.33459 40.4558 5.72923 -8.64521 56.7506 1.1819 -13 645 1 0 1
-2.52654 1.65707 40.4558 -9.59653 3.10496 71.9546 1.5091 -13 646 1 0 1
-4.52102 -1.11464 40.4558 -17.791 -0.0575615 76.5616 -1.34215 -13 647 1 0 1
3.65256 -0.170759 40.4558 7.64221 1.05053 68.1417 0.0412134 -13 649 1 0 1
1.03349 -3.68701 40.4558 -1.44803 -5.6482 73.7163 1.1052 -13 650 1 0 1
2.01933 1.5867 40.4558 2.95669 2.66332 68.2261 0.640617 -13 651 1 0 1
-0.564685 -2.08145 40.4558 -1.94975 -5.9278 66 1.14687 -13 652 1 0 1
1.54878 -3.58204 40.4558 1.80959 -5.0439 68.4834 0.768134 -13 653 1 0 1
1.63578 -1.80723 40.4558 7.44997 -2.0561 40.7551 -0.225261 -13 654 1 0 1
-3.87454 -3.8071 40.4558 -1.58638 -6.2297 35.0774 0.375578 -13 655 1 0 1
-4.99597 4.75173 40.4558 -10.8367 13.4933 62.9189 0.0346777 -13 656 1 0 1
4.12602 -3.93142 40.4558 9.397 -3.34113 60.9189 0.752177 -13 657 1 0 1
-0.207731 -5.41269 40.4558 -2.61939 -7.22981 69.0609 2.35869 -13 659 1 0 1
0.633419 -2.66961 40.4558 0.343824 -4.40002 66.3957 -1.37038 -13 660 1 0 1
0.443013 -0.129833 40.4558 -4.78321 -6.66883 76.499 1.75745 -13 661 1 0 1
-2.67519 2.10405 40.4558 -3.32926 3.99827 58.181 -0.129059 -13 662 1 0 1
3.50458 0.938117 40.4558 8.56137 4.06613 57.3391 0.582727 -13 663 1 0 1
0.081585 -4.24267 40.4558 -2.85903 -8.06285 70.4871 1.86285 -13 664 1 0 1
0.396154 -1.29528 40.4558 -4.02078 -5.46786 76.9053 0.426114 -13 665 1 0 1
-4.9551 -0.225072 40.4558 -8.45204 1.5123 61.3955 1.11274 -13 666 1 0 1
0.991 -0.21923 40.4558 3.08721 0.646776 60.7203 -2.02055 -13 667 1 0 1
-1.8353 -3.35722 40.4558 0.588855 -5.28972 35.7376 0.920513 -13 668 1 0 1
1.33979 -6.32052 40.4558 2.99294 -13.3523 67.1382 1.5117 -13 669 1 0 1
2.80544 -4.80951 40.4558 3.73816 -9.84443 72.2653 0.153623 -13 670 1 0 1
6.07171 -5.62801 40.4558 13.0358 -10.7491 61.857 0.616453 -13 671 1 0 1
5.44028 5.27854 40.4558 10.4016 8.72232 55.8216 1.7006 -13 672 1 0 1
0.441575 11.6518 40.4558 2.25287 19.6436 57.8566 0.477904 -13 673 1 0 1
6.89162 2.16439 40.4558 12.9208 4.60252 61.7221 0.988157 -13 674 1 0 1
-0.747532 -6.21404 40.4558 -0.55658 -14.5081 62.0355 3.30655 -13 675 1 0 1
6.97384 1.89848 40.4558 13.5506 5.4586 48.3491 -0.0179106 -13 676 1 0 1
7.5435 -0.146088 40.4558 14.0304 -1.96775 65.6537 1.13739 -13 677 1 0 1
1.8362 1.53333 40.4558 1.84999 11.8353 71.4845 1.67581 -13 678 1 0 1
-2.81595 3.10288 40.4558 -7.30503 7.52887 67.2858 0.14054 -13 679 1 0 1
-3.25018 2.55372 40.4558 -3.02983 2.38702 56.1324 -0.746038 -13 680 1 0 1
0.470676 0.711172 40.4558 -1.84829 -6.53121 73.3902 -3.10648 -13 681 1 0 1
-1.02607 -5.66025 40.4558 2.23245 -12.2836 33.3882 0.208 -13 682 1 0 1
11.0951 1.32336 40.4558 21.2548 8.50423 58.9262 2.18812 -13 683 1 0 1
-0.999423 -4.414 40.4558 -1.02651 -7.67541 61.0173 -0.0697968 -13 684 1 0 1
12.5657 -2.35617 40.4558 24.3777 -9.0252 66.0735 -1.531 -13 685 1 0 1
3.8992 4.45005 40.4558 7.23893 10.64 69.3687 0.550855 -13 686 1 0 1
3.28548 -1.50909 40.4558 8.48766 0.0841784 53.2562 1.83193 -13 687 1 0 1
-0.284351 3.44714 40.4558 -1.04069 3.96911 66.7171 0.109355 -13 688 1 0 1
4.59823 -4.7866 40.4558 10.5294 -12.1135 59.5744 1.14661 -13 690 1 0 1
2.18248 1.12948 40.4558 3.98276 -1.52072 65.128 -1.81127 -13 691 1 0 1
-1.40931 1.53578 40.4558 -2.45744 -2.05601 62.4489 -0.801625 -13 692 1 0 1
2.76095 3.50647 40.4558 6.68325 -1.77279 50.7025 1.9893 -13 693 1 0 1
1.2281 -5.49836 40.4558 2.21178 -7.00819 65.0032 2.51411 -13 694 1 0 1
1.59746 3.67803 40.4558 3.93689 8.05655 64.6839 0.500132 -13 696 1 0 1
-0.689622 0.900675 40.4558 -5.03408 4.59167 70.9701 0.677419 -13 697 1 0 1
6.08911 -5.36512 40.4558 13.1367 -5.50826 43.3404 -0.529507 -13 699 1 0 1
1.46316 -1.73195 40.4558 0.247941 -3.6765 72.5094 1.54199 -13 700 1 0 1
2.72804 4.21193 40.4558 5.03142 13.1213 68.7858 1.49056 -13 701 1 0 1
2.79324 0.0554203 40.4558 7.05068 0.740219 44.4292 1.50558 -13 702 1 0 1
-1.25091 2.9618 40.4558 -10.3943 5.11704 79.2575 -2.0761 -13 703 1 0 1
4.74042 4.29803 40.4558 11.2853 11.3725 56.0867 -0.307162 -13 704 1 0 1
0.62647 2.85147 40.4558 3.97518 3.31944 53.8278 1.58293 -13 705 1 0 1
-1.4434 1.72523 40.4558 0.664577 3.6211 54.894 -1.43389 -13 706 1 0 1
1.4536 -1.21333 40.4558 0.780556 3.99553 72.0492 3.46904 -13 707 1 0 1
-5.47306 -1.84294 40.4558 -8.83515 -3.53745 58.9338 0.673247 -13 708 1 0 1
0.456047 -2.02469 40.4558 1.36375 -7.245 65.7976 0.237785 -13 709 1 0 1
-0.189827 0.497596 40.4558 3.62908 -2.49738 44.8435 -0.784221 -13 710 1 0 1
2.64561 1.91701 40.4558 6.85931 -0.137519 50.8518 -0.151956 -13 711 1 0 1
1.2102 -4.00104 40.4558 0.977162 -8.02898 69.1018 1.54256 -13 712 1 0 1
1.2061 -2.90171 40.4558 -5.12999 -10.9159 80.2755 0.15378 -13 713 1 0 1
0.457275 1.10404 40.4558 3.81802 -1.61029 49.9855 1.82957 -13 714 1 0 1
-0.111829 2.02162 40.4558 -2.83611 7.49491 71.2659 -0.921624 -13 715 1 0 1
4.47365 4.47449 40.4558 11.1011 6.93395 49.8874 1.39822 -13 716 1 0 1
-1.6912 -1.26213 40.4558 0.0939882 -3.18898 52.8492 1.96147 -13 717 1 0 1
-1.50424 1.06674 40.4558 -6.40769 -0.442163 72.1473 1.09519 -13 718 1 0 1
2.78965 0.327555 40.4558 4.05091 4.25694 71.9092 0.0547039 -13 719 1 0 1
0.735447 5.58693 40.4558 1.56539 12.232 65.4923 2.24335 -13 720 1 0 1
4.63661 -5.21447 40.4558 7.80191 -11.4538 71.0026 0.0684573 -13 721 1 0 1
2.07782 -4.33436 40.4558 5.75398 -9.32526 54.2622 -1.35945 -13 722 1 0 1
0.629684 -3.94884 40.4558 1.85403 -4.26937 61.8367 -1.04446 -13 723 1 0 1
1.82868 5.75327 40.4558 1.2336 11.1022 72.3628 2.15797 -13 724 1 0 1
-2.70161 4.89458 40.4558 -2.84623 6.48678 55.7211 -0.108432 -13 725 1 0 1
7.76847 -5.89585 40.4558 16.0159 -10.8874 52.4643 -0.804897 -13 726 1 0 1
3.47564 1.17363 40.4558 7.94297 2.37243 44.6221 2.12445 -13 727 1 0 1
3.4438 11.936 40.4558 7.20226 17.8391 40.2306 -0.123312 -13 728 1 0 1
3.84147 -2.89281 40.4558 3.91972 -5.70484 76.3877 -1.67259 -13 729 1 0 1
-3.30391 -7.73783 40.4558 0.366066 -7.0748 36.7875 0.00774603 -13 730 1 0 1
-0.443981 -2.67693 40.4558 -2.93567 -3.96088 70.6099 -1.08645 -13 731 1 0 1
-1.3076 5.17306 40.4558 -3.54095 8.55399 68.6836 2.16615 -13 732 1 0 1
-3.93826 1.21284 40.4558 -2.23069 -1.71037 46.7866 -0.238289 -13 733 1 0 1
2.76073 4.06819 40.4558 4.6112 -2.50545 71.4969 2.40224 -13 734 1 0 1
11.4672 5.15199 40.4558 18.7284 5.06533 43.6539 -0.984978 -13 735 1 0 1
1.79681 3.40219 40.4558 5.75849 5.16173 47.3218 -0.0260453 -13 736 1 0 1
-1.39176 4.77045 40.4558 -1.41125 8.22538 63.016 2.2237 -13 737 1 0 1
5.11334 -1.072 40.4558 10.9766 0.808087 58.0904 1.69568 -13 738 1 0 1
2.97278 -2.26244 40.4558 7.1042 -1.14645 59.1816 -0.984224 -13 739 1 0 1
-0.815957 1.3572 40.4558 -5.29876 2.49531 73.1932 0.927892 -13 740 1 0 1
10.1701 -1.4521 40.4558 9.94734 -0.41939 22.3824 2.03712 -13 741 1 0 1
-8.16782 -0.0542511 40.4558 -8.10927 1.51411 43.3902 -2.0352 -13 742 1 0 1
-0.120381 1.46193 40.4558 -2.16937 6.04405 72.0949 1.47948 -13 743 1 0 1
-1.18041 5.0877 40.4558 0.296525 6.40638 55.4246 0.429245 -13 744 1 0 1
6.86704 5.19781 40.4558 11.7031 10.5488 71.623 2.10596 -13 745 1 0 1
0.269638 -2.92973 40.4558 -0.690582 -6.63032 68.4659 -1.66647 -13 746 1 0 1
1.48545 -1.4007 40.4558 2.45267 -2.59162 68.1003 0.330047 -13 747 1 0 1
-4.10505 0.338299 40.4558 -2.9797 2.1691 49.3979 -1.63877 -13 748 1 0 1
3.85518 -2.91268 40.4558 5.36727 -7.36594 72.9574 1.27427 -13 749 1 0 1
0.1531 6.11882 40.4558 1.22862 3.47576 64.0164 0.86329 -13 750 1 0 1
0.967151 3.83976 40.4558 4.63105 8.8955 53.1062 0.181831 -13 751 1 0 1
-0.144527 4.55767 40.4558 -0.688155 13.8972 66.8118 -0.33243 -13 752 1 0 1
-0.752865 2.18524 40.4558 -0.540133 0.657839 64.5052 -0.883531 -13 753 1 0 1
-2.82971 -1.40941 40.4558 -7.64318 -0.959014 70.1175 0.461469 -13 754 1 0 1
2.48856 -0.613235 40.4558 1.48923 -3.24545 75.8541 -1.28517 -13 755 1 0 1
3.41401 1.87348 40.4558 6.18639 8.89928 67.8048 -0.887678 -13 756 1 0 1
6.67532 -3.85463 40.4558 14.4824 -4.94958 51.8424 -0.949496 -13 757 1 0 1
0.496013 -0.591707 40.4558 4.50897 -5.87461 56.6149 0.515172 -13 758 1 0 1
3.88119 -7.73442 40.4558 7.63515 -17.0799 60.9915 1.30729 -13 759 1 0 1
1.6187 -1.16562 40.4558 5.53268 -2.95686 54.9994 0.361171 -13 760 1 0 1
1.68957 -2.97816 40.4558 4.30914 -3.48724 59.5453 0.847579 -13 761 1 0 1
-6.42628 0.920649 40.4558 -4.98836 3.70588 36.2419 -0.755047 -13 762 1 0 1
6.85641 1.02098 40.4558 13.6157 6.33326 59.6119 1.42548 -13 763 1 0 1
2.65275 1.54973 40.4558 3.93761 4.61132 70.0966 -2.44431 -13 764 1 0 1
-0.921904 -2.37992 40.4558 -0.40373 -6.46046 65.0181 -0.401818 -13 765 1 0 1
-3.87521 11.7089 40.4558 -0.826681 10.5136 24.829 -0.884593 -13 766 1 0 1
3.33748 -0.205062 40.4558 8.14313 -1.72171 58.6557 -0.288852 -13 767 1 0 1
4.99942 -9.64871 40.4558 10.0427 -20.436 64.9961 0.776124 -13 768 1 0 1
1.23062 2.03107 40.4558 5.57499 -0.247026 40.1313 0.304794 -13 769 1 0 1
-2.25708 0.788783 40.4558 -6.53287 -7.92747 70.6938 -0.899386 -13 770 1 0 1
1.57278 -8.57776 40.4558 5.89216 -12.1673 38.3681 -0.487038 -13 771 1 0 1
2.41366 2.63169 40.4558 7.24304 3.36635 55.7212 -0.019505 -13 772 1 0 1
5.87053 -0.191788 40.4558 8.6759 0.689491 76.6164 0.654949 -13 773 1 0 1
-3.31947 -2.11655 40.4558 -4.04047 -1.44646 58.6341 1.0997 -13 774 1 0 1
7.89831 -1.15745 40.4558 16.5686 -5.0017 59.537 0.079303 -13 775 1 0 1
-1.81048 3.02121 40.4558 -0.681261 6.08943 55.4549 2.6833 -13 776 1 0 1
-1.01195 -2.37641 40.4558 -3.29667 -7.59597 67.9087 0.116204 -13 777 1 0 1
-0.972946 3.53149 40.4558 1.6371 9.29869 46.1838 2.75805 -13 778 1 0 1
-1.75649 -4.52375 40.4558 -4.53964 -9.88843 68.3637 1.83415 -13 779 1 0 1
3.17805 -0.2782 40.4558 7.71691 0.173768 67.5665 -0.760027 -13 780 1 0 1
-1.07351 1.98839 40.4558 -2.37381 1.59158 66.3551 0.0356919 -13 781 1 0 1
-1.99991 -3.20888 40.4558 -3.93961 -6.46377 63.3088 0.658892 -13 782 1 0 1
5.15082 -2.89614 40.4558 11.4953 -3.90155 58.4457 1.13614 -13 783 1 0 1
-5.20585 -7.67389 40.4558 -10.571 -19.3234 63.298 -0.719159 -13 784 1 0 1
-3.42074 0.509653 40.4558 -14.4806 -6.87283 76.923 -0.0593053 -13 785 1 0 1
7.13567 2.81354 40.4558 14.0076 2.28722 46.1993 -0.85814 -13 787 1 0 1
-6.61506 -1.00884 40.4558 -12.1681 -3.7767 60.587 -0.77778 -13 788 1 0 1
7.09516 1.19741 40.4558 14.0613 -2.59545 70.7169 0.579786 -13 789 1 0 1
1.75831 -0.285698 40.4558 3.92196 -5.2724 60.3345 2.15957 -13 790 1 0 1
3.48782 -4.69369 40.4558 6.99885 -13.9241 67.2512 -1.27273 -13 791 1 0 1
-1.63871 -1.41906 40.4558 -3.42027 -2.46788 66.7682 2.33762 -13 792 1 0 1
2.97023 0.651094 40.4558 7.40925 -1.63622 53.0833 1.941 -13 793 1 0 1
2.47648 -5.61568 40.4558 4.68771 -9.80218 69.0577 0.431577 -13 794 1 0 1
-3.87494 -4.75096 40.4558 -5.80423 -9.87972 56.1903 -2.25078 -13 795 1 0 1
-4.16211 0.876289 40.4558 -5.28762 1.13244 58.9066 0.0491176 -13 796 1 0 1
-0.527787 1.34356 40.4558 2.73163 -1.75654 48.479 -0.664447 -13 797 1 0 1
1.7369 6.83949 40.4558 -0.405334 17.573 73.8384 2.14182 -13 798 1 0 1
0.551673 3.03957 40.4558 1.54317 4.67733 63.7291 1.05757 -13 799 1 0 1
-5.2013 1.59342 40.4558 -8.64064 6.51469 59.3906 1.347 -13 800 1 0 1
4.52596 3.03109 40.4558 9.804 0.480782 68.6157 2.37364 -13 801 1 0 1
1.35837 -1.7257 40.4558 2.27099 -6.94426 67.1287 -1.13764 -13 802 1 0 1
3.21768 -1.12534 40.4558 2.76132 4.16518 75.9157 -1.54592 -13 803 1 0 1
8.06962 0.151232 40.4558 15.4885 1.22267 48.962 -0.333155 -13 804 1 0 1
-1.55461 -0.187747 40.4558 1.31296 0.139142 25.6634 -0.131238 -13 805 1 0 1
0.994604 -1.4008 40.4558 3.96234 -3.7073 56.3656 1.14492 -13 806 1 0 1
-2.33587 -5.66818 40.4558 -4.62004 -9.61869 66.365 0.538751 -13 807 1 0 1
-8.97445 2.65664 40.4558 -6.1572 3.04009 31.5067 1.62291 -13 808 1 0 1
-3.54608 0.398544 40.4558 -7.10677 0.490585 65.0827 -0.407774 -13 809 1 0 1
0.0929009 -0.850027 40.4558 -4.78352 -4.96562 76.9704 -0.534329 -13 810 1 0 1
1.70412 0.194187 40.4558 2.9915 3.03749 70.6764 -0.0709444 -13 811 1 0 1
-5.37797 -5.1292 40.4558 -3.61985 -4.94613 39.9186 2.14062 -13 812 1 0 1
3.99421 4.05656 40.4558 9.1564 10.1616 55.9849 0.915666 -13 813 1 0 1
-0.292098 -1.17633 40.4558 0.619989 1.63551 62.7243 0.858602 -13 814 1 0 1
3.52748 3.00933 40.4558 8.69769 6.3917 55.1448 -1.90386 -13 815 1 0 1
2.65088 -1.09119 40.4558 0.631624 -2.52447 77.4973 1.62659 -13 816 1 0 1
-0.349914 -0.729534 40.4558 4.19341 -0.711815 39.5037 -1.49997 -13 817 1 0 1
1.97076 -3.93305 40.4558 6.60737 -8.79081 48.9349 0.0497065 -13 820 1 0 1
-2.23937 -2.47548 40.4558 -1.04838 -0.688454 52.9792 -1.59383 -13 821 1 0 1
-0.170573 3.46851 40.4558 -11.5064 2.64541 80.6337 0.762688 -13 822 1 0 1
2.5392 0.474792 40.4558 7.51025 -1.70787 57.0124 0.0571876 -13 823 1 0 1
-1.69654 -2.47433 40.4558 -3.221 -5.5636 61.4119 0.417494 -13 825 1 0 1
1.94744 1.8025 40.4558 3.25523 7.81864 66.8491 -1.25732 -13 826 1 0 1
1.60408 -4.73848 40.4558 4.19303 -12.4854 62.315 2.80129 -13 827 1 0 1
-1.37919 1.49418 40.4558 -2.06735 -0.622194 65.045 -2.32272 -13 828 1 0 1
6.46893 -10.2311 40.4558 11.5172 -17.0973 47.2231 0.953456 -13 829 1 0 1
1.91513 -3.89248 40.4558 4.12891 -9.23835 64.5121 -0.0274507 -13 830 1 0 1
2.62714 -0.332388 40.4558 5.07666 -3.51448 65.8029 2.11877 -13 831 1 0 1
-0.383023 -3.6905 40.4558 1.89183 -7.85983 55.8874 0.504628 -13 832 1 0 1
-0.447648 -1.57016 40.4558 -0.429198 -3.75168 62.1682 0.509195 -13 833 1 0 1
-0.668622 -5.3369 40.4558 0.390611 -7.75072 60.7123 -0.0915159 -13 834 1 0 1
0.580175 -5.07745 40.4558 -5.6021 -14.9268 77.2362 -0.814294 -13 835 1 0 1
4.47418 5.24591 40.4558 8.08073 12.8872 65.1649 0.0206049 -13 836 1 0 1
6.72982 -8.45135 40.4558 13.2515 -12.2285 65.3249 1.1719 -13 837 1 0 1
3.8939 3.46759 40.4558 6.2996 3.02143 71.6807 -1.19484 -13 838 1 0 1
-0.109665 -5.26764 40.4558 2.69008 -6.38314 55.6863 -0.266592 -13 839 1 0 1
-3.44373 3.75065 40.4558 -5.67346 6.23893 60.2869 2.56734 -13 840 1 0 1
-1.71603 5.22388 40.4558 -1.22024 6.76978 58.8344 -1.68632 -13 841 1 0 1
1.55206 -2.64342 40.4558 0.602949 -4.54146 73.3731 -0.842709 -13 842 1 0 1
-0.102111 -3.81931 40.4558 -4.7482 -16.2556 73.2483 0.618762 -13 843 1 0 1
-3.22472 5.91762 40.4558 -4.32134 11.3213 58.5996 1.0322 -13 844 1 0 1
3.17793 -0.481567 40.4558 7.69127 1.46477 60.0493 1.12142 -13 845 1 0 1
5.66886 -8.39639 40.4558 9.53755 -8.36174 36.5871 0.632714 -13 846 1 0 1
4.25816 -7.13371 40.4558 9.83663 -6.29412 57.6557 -1.02578 -13 847 1 0 1
-3.20333 0.718835 40.4558 -3.68078 -2.02631 55.7755 -0.662949 -13 848 1 0 1
-4.99217 -2.52939 40.4558 -6.42463 -2.63292 53.8701 -1.85651 -13 849 1 0 1
6.72657 -5.87157 40.4558 12.9393 -12.1591 67.114 -0.743604 -13 850 1 0 1
-1.92106 3.9286 40.4558 -1.95617 5.29399 59.962 -0.336205 -13 851 1 0 1
5.57674 -1.12809 40.4558 7.70349 -1.65324 75.5907 0.638384 -13 852 1 0 1
-1.17538 2.57092 40.4558 -1.20559 5.08858 61.3323 1.2256 -13 853 1 0 1
0.34874 1.5852 40.4558 -2.01015 -1.94121 69.7398 -0.687566 -13 854 1 0 1
-2.09244 4.69432 40.4558 -3.09524 9.69045 62.0324 0.259895 -13 855 1 0 1
-5.29067 0.958654 40.4558 -8.94272 -4.53242 58.3512 0.469888 -13 856 1 0 1
1.31348 -3.00229 40.4558 3.16593 -0.0215835 66.1376 -0.734754 -13 857 1 0 1
-8.17901 2.31529 40.4558 -17.7489 3.74009 63.9568 -2.25951 -13 858 1 0 1
-1.84043 -0.716802 40.4558 -0.251351 0.780884 54.4432 1.73694 -13 859 1 0 1
-0.908351 1.57804 40.4558 -2.59618 4.01266 68.0431 1.45875 -13 860 1 0 1
1.21693 -2.22562 40.4558 -1.76009 -6.71281 77.1325 -1.68754 -13 861 1 0 1
0.506282 1.85689 40.4558 1.53175 6.07629 63.9689 0.0569584 -13 862 1 0 1
-6.27338 -4.79015 40.4558 -11.2434 -7.53859 58.9947 0.343463 -13 863 1 0 1
-1.02714 -0.497885 40.4558 -0.782859 0.521855 62.6831 -0.468822 -13 864 1 0 1
-2.04154 -3.84453 40.4558 -1.29812 -3.66346 55.506 1.92993 -13 865 1 0 1
2.04673 5.15518 40.4558 5.50764 13.1251 55.9638 0.0902341 -13 866 1 0 1
5.22515 4.14848 40.4558 8.40538 7.19521 74.2894 -0.515444 -13 867 1 0 1
0.421009 1.50333 40.4558 -5.89435 0.525626 78.6122 -1.49774 -13 868 1 0 1
-8.27485 -5.72922 40.4558 -14.7993 -10.5612 59.062 -0.535177 -13 869 1 0 1
0.730495 -1.93779 40.4558 2.49983 -6.26787 60.1378 0.896954 -13 870 1 0 1
2.30488 -7.28498 40.4558 4.33755 -17.1204 64.9999 -1.04622 -13 871 1 0 1
-1.01382 -2.21826 40.4558 -2.9111 -2.67964 67.7849 -0.987497 -13 872 1 0 1
3.47464 0.460997 40.4558 5.82388 -2.18054 71.9014 -0.940764 -13 873 1 0 1
-0.832105 3.48248 40.4558 -2.65121 8.44985 67.1067 2.72045 -13 874 1 0 1
-1.61879 -2.56733 40.4558 -2.54667 -6.8051 62.9676 0.352527 -13 875 1 0 1
3.93906 3.98347 40.4558 5.00507 7.82652 74.8821 0.13381 -13 876 1 0 1
0.488521 0.567787 40.4558 0.461055 8.32246 68.6866 -1.86992 -13 877 1 0 1
1.79471 3.2902 40.4558 0.704668 12.4799 72.7899 -3.57276 -13 878 1 0 1
-4.43254 2.7926 40.4558 -3.59537 3.38134 51.8083 1.29351 -13 879 1 0 1
2.35863 -4.14448 40.4558 4.89134 -10.1476 67.009 0.949648 -13 880 1 0 1
1.51281 -3.26834 40.4558 4.84807 -6.13093 56.8453 1.96045 -13 881 1 0 1
7.29918 8.22069 40.4558 12.8051 19.184 72.6319 -0.428947 -13 882 1 0 1
6.67764 6.82335 40.4558 12.2426 16.8027 62.3515 -0.216574 -13 883 1 0 1
6.15158 1.95415 40.4558 11.8348 3.85684 36.0072 -0.0432914 -13 885 1 0 1
4.16894 1.01357 40.4558 3.47245 -5.36182 79.7149 2.45755 -13 886 1 0 1
-3.59367 4.77668 40.4558 -10.6511 9.68615 70.0865 0.62959 -13 887 1 0 1
-0.749514 3.86029 40.4558 1.66508 3.64833 55.4507 0.164685 -13 888 1 0 1
-1.00325 -2.54263 40.4558 0.254513 -3.84992 57.5701 -0.505316 -13 889 1 0 1
4.54948 -6.209 40.4558 8.67538 -14.8277 67.2467 -1.03078 -13 890 1 0 1
1.08025 -1.10291 40.4558 4.70353 -0.51665 35.362 -0.999071 -13 891 1 0 1
0.138035 -4.7037 40.4558 -1.73754 -5.4969 71.6801 0.544534 -13 892 1 0 1
-5.49274 0.00477926 40.4558 -8.05316 2.83984 58.8987 -1.55463 -13 893 1 0 1
4.41552 -3.74817 40.4558 6.1553 -7.51618 75.6188 0.0753678 -13 894 1 0 1
-4.43766 3.26296 40.4558 -14.869 18.6858 70.6516 1.62238 -13 895 1 0 1
-1.89643 5.86876 40.4558 -5.27524 15.0961 68.3237 -1.57524 -13 896 1 0 1
-0.819838 -2.74582 40.4558 0.839611 -4.18667 49.912 -1.65733 -13 897 1 0 1
1.18131 -1.31223 40.4558 3.82775 -0.833905 55.754 -0.588798 -13 898 1 0 1
7.01711 0.671726 40.4558 15.0264 4.02497 60.1909 -0.182981 -13 899 1 0 1
2.71231 1.25534 40.4558 4.73048 -1.69366 68.5512 0.673496 -13 901 1 0 1
5.65497 -0.504296 40.4558 12.4345 -3.91497 54.0072 0.664632 -13 902 1 0 1
2.10916 -7.62202 40.4558 0.53153 -10.0558 74.6543 1.24496 -13 903 1 0 1
2.49035 0.527424 40.4558 5.81633 -2.79543 58.7916 2.03179 -13 904 1 0 1
-4.0607 0.109828 40.4558 -16.8011 2.65893 77.3166 0.22004 -13 905 1 0 1
-6.01794 -3.01961 40.4558 -7.8618 -4.33978 55.0072 1.36341 -13 906 1 0 1
1.70809 5.89384 40.4558 2.72112 9.33181 67.7609 0.394857 -13 907 1 0 1
-3.61191 -4.18304 40.4558 -1.2221 -5.23146 38.0927 0.307569 -13 908 1 0 1
0.769027 -3.15482 40.4558 -2.29748 -3.41719 73.7254 0.765327 -13 909 1 0 1
-0.0927153 -2.07912 40.4558 -2.25936 -5.45026 70.5854 -0.083429 -13 910 1 0 1
-0.378812 10.8515 40.4558 2.01681 16.1644 40.4141 -0.508259 -13 911 1 0 1
3.19394 8.59306 40.4558 6.23189 10.9695 54.7373 -0.709164 -13 912 1 0 1
2.10515 2.58521 40.4558 -4.54741 13.7251 78.9434 1.37981 -13 913 1 0 1
-7.40599 1.21277 40.4558 -18.4094 9.28595 68.8608 1.07449 -13 914 1 0 1
2.85512 -5.18481 40.4558 6.67787 -8.01487 61.3104 -0.773348 -13 915 1 0 1
-3.22892 0.0831418 40.4558 -18.8821 2.61166 77.9776 4.38332 -13 916 1 0 1
-1.83714 4.49536 40.4558 1.45717 8.10875 41.5066 -0.117926 -13 917 1 0 1
-4.06583 4.0283 40.4558 -12.4799 9.31955 71.141 2.10743 -13 918 1 0 1
-1.01153 2.57668 40.4558 -2.11018 2.66268 66.6057 -0.524215 -13 919 1 0 1
-1.02575 -1.85439 40.4558 -9.3907 -0.413455 79.2133 0.523453 -13 920 1 0 1
3.57058 1.26459 40.4558 7.3175 -2.79825 33.9655 0.481271 -13 921 1 0 1
-0.720623 -5.47036 40.4558 -10.4716 -12.3519 79.553 2.51452 -13 922 1 0 1
-3.02458 -0.207801 40.4558 -4.28161 -0.709252 59.1446 -0.0709499 -13 923 1 0 1
0.175843 2.36187 40.4558 -0.627071 2.27213 68.6059 -0.967266 -13 924 1 0 1
0.926039 3.39653 40.4558 2.16891 7.9048 63.1849 0.45145 -13 925 1 0 1
-0.370842 3.02921 40.4558 -6.57835 4.94282 77.228 1.44705 -13 926 1 0 1
-0.955369 -2.92851 40.4558 -1.20076 -1.45887 68.0036 0.630242 -13 927 1 0 1
1.85296 -1.72639 40.4558 5.58484 -4.72267 58.0102 -0.146505 -13 928 1 0 1
0.0223188 0.896979 40.4558 -1.40538 1.77972 70.5307 1.41242 -13 930 1 0 1
5.03588 0.458613 40.4558 10.3711 -2.71761 62.6612 2.07613 -13 931 1 0 1
-1.81133 -3.19882 40.4558 -0.408286 -6.29561 53.0378 1.97282 -13 932 1 0 1
4.0771 4.21764 40.4558 7.50416 12.9797 67.988 1.10818 -13 933 1 0 1
-0.634825 0.898179 40.4558 -5.72701 4.44345 74.589 -0.481523 -13 934 1 0 1
-6.4399 1.5903 40.4558 -11.2561 2.65411 58.2497 1.02406 -13 935 1 0 1
6.51447 -2.36377 40.4558 14.7275 0.168613 59.6648 0.116297 -13 936 1 0 1
1.02266 -3.77017 40.4558 -1.29052 -3.81831 73.2639 -0.139454 -13 938 1 0 1
0.255159 -1.59149 40.4558 2.66195 -3.0232 61.4538 -0.46689 -13 939 1 0 1
-0.48573 0.812658 40.4558 0.576199 3.89528 60.663 0.0436317 -13 940 1 0 1
-1.55096 1.50039 40.4558 -3.48133 6.86887 66.7107 0.293269 -13 941 1 0 1
6.6509 -0.824536 40.4558 11.8696 -2.09628 71.5403 0.627563 -13 942 1 0 1
3.86132 -2.74674 40.4558 7.2914 -4.25903 67.5551 1.49577 -13 943 1 0 1
-0.903311 -0.478666 40.4558 1.90451 3.72857 52.86 -0.346801 -13 944 1 0 1
2.08467 5.16659 40.4558 1.96624 16.0614 70.7782 0.962492 -13 945 1 0 1
-0.931105 3.66694 40.4558 1.67735 5.61698 45.3496 -0.648995 -13 946 1 0 1
4.16895 -1.07657 40.4558 8.87908 1.36814 64.9298 -1.09762 -13 947 1 0 1
4.72626 -4.04902 40.4558 10.2331 -4.39488 50.2624 1.39137 -13 948 1 0 1
-4.76889 -1.84853 40.4558 -4.7408 -3.05677 54.5443 0.494608 -13 949 1 0 1
-1.07999 3.37676 40.4558 -1.66807 5.00303 66.1121 0.145703 -13 950 1 0 1
14.2325 -4.99686 40.4558 24.862 -5.98538 50.2539 0.725343 -13 951 1 0 1
3.2303 -2.60759 40.4558 7.65034 -5.29804 59.1977 2.7527 -13 952 1 0 1
2.48497 -1.9016 40.4558 5.25671 -4.95529 59.6627 0.351044 -13 953 1 0 1
0.251553 -9.29948 40.4558 2.91404 -16.2879 54.4683 -0.137822 -13 954 1 0 1
2.75122 -0.157522 40.4558 6.0823 -6.10931 60.9691 0.628364 -13 955 1 0 1
-1.3889 3.86717 40.4558 -0.429739 3.4123 55.2366 -0.00144889 -13 956 1 0 1
-7.71691 -0.93772 40.4558 -12.1226 -5.54954 55.6526 -0.922387 -13 957 1 0 1
-0.647732 0.325511 40.4558 -14.3474 -1.34307 79.4658 -0.712911 -13 958 1 0 1
6.48638 -2.66185 40.4558 13.1781 -6.52447 61.0813 0.49314 -13 959 1 0 1
-0.618347 2.2511 40.4558 -5.38596 3.64531 74.2787 -1.92993 -13 960 1 0 1
2.06506 -2.45202 40.4558 7.05319 -1.86723 55.7186 0.28282 -13 961 1 0 1
3.16289 -1.6902 40.4558 7.75304 -2.34316 35.2944 0.837171 -13 962 1 0 1
8.48331 2.96857 40.4558 16.8009 -2.2162 67.3125 2.07988 -13 963 1 0 1
-0.338072 0.548942 40.4558 1.16032 -0.627447 62.6612 2.04016 -13 964 1 0 1
-0.668785 -3.7071 40.4558 -1.50132 -9.6971 64.4808 1.50829 -13 965 1 0 1
-4.71805 -3.51601 40.4558 -5.6068 -1.93751 53.986 2.407 -13 966 1 0 1
2.46212 -1.99262 40.4558 7.5573 -1.55453 54.1291 0.675296 -13 967 1 0 1
-9.57022 0.693108 40.4558 -19.0592 -1.14366 61.151 -0.936646 -13 968 1 0 1
1.16111 -2.70733 40.4558 5.82658 -5.98524 50.2709 0.692248 -13 969 1 0 1
4.2014 -2.89465 40.4558 8.64243 -8.42331 64.106 0.0297652 -13 970 1 0 1
1.47357 0.302974 40.4558 3.01143 5.7121 67.8387 -1.03928 -13 971 1 0 1
-2.25336 4.99415 40.4558 1.28397 7.73396 31.6693 -0.769409 -13 972 1 0 1
-2.24193 0.226982 40.4558 0.483212 2.11514 34.3868 -0.633041 -13 973 1 0 1
-1.27137 2.14925 40.4558 -3.62459 5.35842 69.3123 -0.509426 -13 974 1 0 1
-1.83714 -1.04237 40.4558 -7.43504 4.94048 74.2482 1.76427 -13 975 1 0 1
-1.04258 -7.27324 40.4558 -1.11242 -12.1243 61.393 0.495233 -13 977 1 0 1
-1.73466 -0.244267 40.4558 -6.97188 -3.14422 71.3034 -1.31063 -13 979 1 0 1
-4.50994 -0.348119 40.4558 -7.02486 -1.88337 59.5717 -1.28128 -13 980 1 0 1
-2.98618 -3.06128 40.4558 -6.19397 -10.286 62.1399 -0.553303 -13 981 1 0 1
2.41668 5.34231 40.4558 5.71499 8.34217 64.4544 -0.542806 -13 982 1 0 1
1.74189 -1.47592 40.4558 1.14051 3.92577 73.4589 -0.202412 -13 983 1 0 1
3.00191 2.78356 40.4558 7.55722 6.32118 60.011 1.01655 -13 985 1 0 1
-3.08031 -3.05302 40.4558 -5.15703 -4.85678 61.3858 -0.171888 -13 986 1 0 1
2.23191 -7.48106 40.4558 5.27188 -16.1528 59.9841 0.574568 -13 987 1 0 1
-4.61555 12.1743 40.4558 -1.46076 9.42797 25.056 0.178777 -13 988 1 0 1
1.90931 -3.71447 40.4558 3.25554 -6.399 69.8866 1.1979 -13 989 1 0 1
0.554977 -1.20799 40.4558 0.0261346 -8.54282 70.0066 0.410369 -13 990 1 0 1
-3.28992 5.92647 40.4558 -2.19263 6.79496 51.8433 -2.06337 -13 991 1 0 1
-5.43032 4.19415 40.4558 -3.52374 4.72813 42.5605 1.03341 -13 992 1 0 1
1.4882 -3.82653 40.4558 6.89786 -5.37357 50.24 1.79085 -13 993 1 0 1
8.97008 -17.1174 40.4558 14.5137 -20.5909 43.0803 -0.589003 -13 994 1 0 1
4.28931 1.28658 40.4558 9.31589 3.98757 63.9272 -1.66276 -13 995 1 0 1
-2.04999 0.418912 40.4558 -5.72484 0.374439 68.3956 0.342512 -13 996 1 0 1
-1.4232 1.34269 40.4558 0.700608 2.56056 48.5906 2.57598 -13 997 1 0 1
1.64504 -5.99141 40.4558 4.62008 -5.75279 20.7395 0.797121 -13 998 1 0 1
4.19952 -1.21124 40.4558 9.64977 -1.31622 56.4085 0.12655 -13 999 1 0 1
-2.13451 -3.1202 40.4558 -0.359002 -5.06222 48.1616 -0.378966 -13 1000 1 0 1
