#BLTrackFile NTuple/Z109
#x y z Px Py Pz t PDGid EventID TrackID ParentID Weight
#mm mm mm MeV/c MeV/c MeV/c ns - - - - -
-3.68347 2.15161 109.345 -16.5518 -1.71908 79.3292 0.536945 -13 2 1 0 1
-7.19678 17.096 109.345 -15.4093 10.8818 61.1734 1.77744 -13 9 1 0 1
-10.4841 -10.16 109.345 -17.5237 -5.63969 64.1355 1.34121 -13 10 1 0 1
-7.43092 14.8556 109.345 -17.1579 10.0387 69.3119 0.104329 -13 11 1 0 1
-5.43387 14.4695 109.345 -11.9394 4.9887 36.6659 0.0896582 -13 13 1 0 1
0.924486 -11.4584 109.345 -10.6006 -6.14787 67.046 -0.889223 -13 14 1 0 1
-9.66557 -12.7449 109.345 -17.2647 -8.03469 64.4358 2.13053 -13 15 1 0 1
-14.5865 -15.6727 109.345 -19.9152 -9.22018 60.477 3.62863 -13 20 1 0 1
-7.44045 -4.43989 109.345 -16.7178 -1.70303 68.6276 0.926701 -13 25 1 0 1
-16.9073 3.58593 109.345 -3.0476 12.0258 24.789 0.530614 -13 26 1 0 1
-12.7075 -1.2816 109.345 -19.1052 1.33135 63.4358 2.12041 -13 27 1 0 1
-13.0301 -18.7934 109.345 -21.2246 -13.0444 69.3852 0.892922 -13 28 1 0 1
-14.0438 -10.1949 109.345 -23.6742 -8.73449 75.5443 -0.848317 -13 37 1 0 1
-6.4562 21.8883 109.345 -14.7425 12.473 59.4065 0.537805 -13 41 1 0 1
-10.3225 4.5008 109.345 -15.6763 1.93056 54.0804 1.3715 -13 44 1 0 1
-15.6702 -10.0119 109.345 -2.22819 10.2746 26.651 1.06049 -13 46 1 0 1
-15.6764 -24.6117 109.345 -32.0354 -17.2946 50.179 0.107841 -13 49 1 0 1
-13.196 5.66874 109.345 -14.7758 2.75613 39.0728 0.241572 -13 50 1 0 1
-11.4997 8.55572 109.345 -20.2622 4.66481 69.6859 0.326912 -13 51 1 0 1
-11.0195 8.30552 109.345 -16.0302 3.98983 54.3562 -1.63231 -13 53 1 0 1
5.06535 13.6672 109.345 -7.70073 8.4196 61.3984 -0.302655 -13 56 1 0 1
-8.9707 -2.2408 109.345 -15.918 -0.565051 61.5179 0.256371 -13 58 1 0 1
-13.8873 -15.0065 109.345 -20.3461 -9.81205 64.0636 2.60719 -13 59 1 0 1
-11.1753 28.1288 109.345 -16.6607 16.1456 52.9194 0.9911 -13 60 1 0 1
-15.4099 0.458039 109.345 -12.0074 -2.42262 60.8774 0.0824462 -13 62 1 0 1
-15.4616 -0.523722 109.345 -2.64437 16.4843 40.3371 0.822543 -13 64 1 0 1
-10.5605 2.10484 109.345 -17.6019 0.704156 63.1232 -0.79702 -13 65 1 0 1
-13.4019 2.58411 109.345 -20.7774 1.40156 68.1989 1.07116 -13 66 1 0 1
-11.5847 -5.71863 109.345 -17.1328 -2.42002 58.3558 0.00175821 -13 67 1 0 1
-15.0664 22.8936 109.345 -17.6432 4.44883 49.1517 -0.204663 -13 68 1 0 1
-13.3011 7.06388 109.345 4.77881 14.5062 26.8022 -0.712636 -13 71 1 0 1
-5.29144 18.791 109.345 -14.4448 10.5213 62.825 1.77071 -13 72 1 0 1
-14.2156 16.2847 109.345 -18.3385 9.28354 54.9457 0.970511 -13 74 1 0 1
-13.6845 8.97406 109.345 -22.2084 5.75369 71.3218 -2.25161 -13 75 1 0 1
-1.99525 2.90093 109.345 -15.7367 2.02905 78.2613 -1.13587 -13 76 1 0 1
-6.92985 -6.23241 109.345 12.1858 -12.3197 41.699 -0.0014648 -13 78 1 0 1
-15.2172 -5.18596 109.345 -14.0496 -5.1798 56.4881 2.11753 -13 79 1 0 1
-15.3173 -12.8837 109.345 -21.994 -0.353188 63.9393 0.682459 -13 80 1 0 1
-12.8744 13.3785 109.345 -20.4771 11.3427 66.1719 0.723195 -13 81 1 0 1
-13.0846 -3.61096 109.345 -18.1852 -1.57981 59.71 1.90002 -13 82 1 0 1
-10.6036 -0.733526 109.345 -19.7592 -1.08665 72.8214 1.7614 -13 85 1 0 1
-11.1683 -9.24677 109.345 -18.5999 -8.43568 65.0619 0.478125 -13 86 1 0 1
-11.7808 -3.1398 109.345 -17.7597 -0.770989 59.1128 0.12725 -13 89 1 0 1
-15.2393 8.99485 109.345 -20.0564 1.9029 56.9295 0.501502 -13 90 1 0 1
-6.89043 1.53714 109.345 -13.4114 0.848485 53.2661 0.739247 -13 92 1 0 1
-9.90712 2.61364 109.345 -15.8174 0.750933 56.8593 1.55759 -13 93 1 0 1
-12.7557 29.8589 109.345 -17.0917 15.1013 50.2245 -0.554952 -13 94 1 0 1
-15.4228 3.61949 109.345 -18.2352 2.22819 60.9923 0.726984 -13 95 1 0 1
-8.2104 -7.76134 109.345 -16.5416 -3.55919 64.9705 -0.189682 -13 100 1 0 1
-0.926668 0.540128 109.345 -11.8639 -0.448484 67.2726 0.00117381 -13 101 1 0 1
-11.8141 4.74134 109.345 -18.9685 2.82861 64.1451 0.601044 -13 102 1 0 1
2.13133 -1.37178 109.345 -9.30488 1.25958 61.2309 -1.73686 -13 103 1 0 1
-10.2562 -5.53447 109.345 -17.797 -4.50662 64.5601 0.380879 -13 104 1 0 1
-3.61483 11.2559 109.345 -12.8825 8.65597 61.6841 -0.102701 -13 108 1 0 1
-15.5847 2.65707 109.345 -22.6646 6.10427 53.7703 1.6844 -13 109 1 0 1
-9.28746 -0.710912 109.345 -15.7151 -1.26242 53.7677 -1.09009 -13 112 1 0 1
-15.5238 13.5105 109.345 -22.6928 7.35289 33.6596 1.56594 -13 113 1 0 1
-7.4529 -10.5447 109.345 -15.1724 -6.83675 60.95 0.646474 -13 114 1 0 1
-3.92222 5.27203 109.345 -11.4801 2.28045 47.9401 0.657223 -13 115 1 0 1
-11.9015 -4.33855 109.345 -14.8661 -3.63157 44.154 0.439402 -13 118 1 0 1
-11.1979 -6.93859 109.345 -19.1679 -4.03476 67.7808 1.16727 -13 119 1 0 1
-9.76007 -13.9335 109.345 -16.4116 -6.61977 58.3148 2.2484 -13 121 1 0 1
5.70997 2.41688 109.345 -6.7934 1.80787 57.8189 1.0264 -13 124 1 0 1
-6.60386 4.6573 109.345 -14.2454 1.80996 58.3755 -0.381009 -13 127 1 0 1
-14.6575 -9.57928 109.345 -19.8566 -7.37147 61.0521 1.02135 -13 128 1 0 1
6.31497 12.8361 109.345 -6.68141 7.74459 58.4243 0.250211 -13 129 1 0 1
-8.26727 -1.79694 109.345 -13.8535 0.373993 48.0157 1.39867 -13 130 1 0 1
-11.2012 3.77684 109.345 -19.0824 2.54759 66.2017 0.194113 -13 131 1 0 1
-3.5956 -0.660782 109.345 -12.843 -0.82819 62.5535 -0.652623 -13 133 1 0 1
-0.407116 2.61056 109.345 -12.6297 1.71151 73.5752 1.01981 -13 134 1 0 1
-10.5537 4.67817 109.345 -18.8669 1.66873 67.1319 1.49472 -13 135 1 0 1
-0.412524 9.73022 109.345 -10.3354 4.33448 54.9215 0.773565 -13 136 1 0 1
-0.905117 7.35782 109.345 -11.3307 6.03548 63.5733 2.57712 -13 142 1 0 1
-4.40606 -3.58946 109.345 -14.7162 -3.43261 70.143 3.52457 -13 144 1 0 1
-6.418 -8.76249 109.345 -15.0729 -4.54066 63.9953 0.863524 -13 146 1 0 1
-6.5954 13.7066 109.345 -14.1636 7.09765 54.1611 0.198779 -13 149 1 0 1
-14.2684 16.5179 109.345 -20.0224 10.8633 61.8431 0.466487 -13 150 1 0 1
-15.652 -14.8179 109.345 -12.8545 10.7182 29.3987 1.8857 -13 151 1 0 1
-9.89318 -1.81816 109.345 -16.8413 -1.40544 61.7986 2.74688 -13 152 1 0 1
-3.53674 -9.58754 109.345 -11.4533 -3.56448 44.5502 0.205389 -13 156 1 0 1
-15.9055 5.67519 109.345 -18.6499 -9.74141 64.7009 1.85299 -13 158 1 0 1
6.25508 -0.349953 109.345 -6.93118 -0.109983 63.6466 0.567841 -13 160 1 0 1
-9.03527 -3.29221 109.345 -17.7976 -3.79822 67.7987 2.1155 -13 161 1 0 1
-6.42773 -14.1757 109.345 -15.2183 -10.2775 63.6771 0.618333 -13 164 1 0 1
-0.119034 16.2499 109.345 -10.7664 10.0386 61.4482 1.1723 -13 167 1 0 1
-1.06404 -9.54182 109.345 -11.0623 -6.17002 56.8191 0.319064 -13 169 1 0 1
9.32075 -12.3944 109.345 -6.25725 -3.82176 41.085 1.49329 -13 171 1 0 1
-10.3842 -14.7854 109.345 -16.059 -8.41845 55.3751 0.746379 -13 173 1 0 1
3.70889 -14.0661 109.345 -8.29431 -7.1543 50.7296 0.261157 -13 177 1 0 1
-3.62786 -18.7162 109.345 -14.06 -13.9542 67.2725 -0.219577 -13 179 1 0 1
-11.1172 -10.7687 109.345 -15.6855 -5.10623 49.5738 2.1794 -13 180 1 0 1
-8.38607 21.6356 109.345 -13.2392 10.0121 39.6482 0.769513 -13 183 1 0 1
-12.0709 3.44642 109.345 -19.7972 4.42044 68.1785 1.66074 -13 188 1 0 1
-17.2204 5.07399 109.345 -23.0438 4.2421 42.5329 1.34934 -13 192 1 0 1
-14.4263 19.9409 109.345 -21.0856 14.225 65.125 0.288546 -13 194 1 0 1
-13.976 0.36313 109.345 -18.4458 0.303921 57.0512 2.83639 -13 195 1 0 1
-5.76033 -2.79391 109.345 -18.8541 -4.4146 78.3628 3.06102 -13 196 1 0 1
-0.822926 1.07577 109.345 -10.4128 0.628827 48.6818 0.0424266 -13 198 1 0 1
3.82496 4.71198 109.345 -7.89762 2.78593 46.6699 0.279931 -13 210 1 0 1
-1.752 16.6805 109.345 -10.7176 5.95212 40.681 1.3226 -13 211 1 0 1
-13.5611 5.86041 109.345 11.3488 -14.0356 67.4107 1.54618 -13 214 1 0 1
-11.7966 -11.5698 109.345 -20.1707 -10.147 68.8944 2.26575 -13 215 1 0 1
-12.7076 1.06408 109.345 -20.1896 0.862663 66.8021 1.67647 -13 216 1 0 1
9.5974 13.1778 109.345 -5.87208 6.95514 44.7489 -0.260329 -13 217 1 0 1
-5.03119 5.37278 109.345 -15.199 2.74019 70.3744 2.92415 -13 220 1 0 1
1.96711 0.424019 109.345 -8.37189 -0.61679 54.7635 1.59528 -13 221 1 0 1
-12.4382 2.48943 109.345 -22.5286 1.6531 74.8801 -1.36343 -13 228 1 0 1
-14.4599 -17.7746 109.345 -16.2377 -7.48792 41.987 0.406399 -13 230 1 0 1
6.20274 25.6831 109.345 -7.49513 18.0468 64.8468 1.83565 -13 231 1 0 1
1.75486 25.4449 109.345 -12.9161 5.87665 17.2987 1.78815 -13 232 1 0 1
-11.4982 -9.11688 109.345 -20.3198 -7.97512 70.3013 0.855173 -13 235 1 0 1
1.9101 -21.9116 109.345 -9.25082 -10.7404 52.6417 1.46292 -13 237 1 0 1
-12.9082 29.8798 109.345 -15.7109 12.7115 41.502 0.432259 -13 240 1 0 1
-1.48188 -15.7619 109.345 -12.2055 -9.50863 67.0912 0.49009 -13 243 1 0 1
-13.1883 5.40002 109.345 -22.0995 3.85906 72.3016 1.24887 -13 244 1 0 1
-5.36476 9.68503 109.345 -15.4922 8.90721 69.5955 -0.102798 -13 245 1 0 1
-12.9035 7.21267 109.345 -20.3783 6.63027 67.4826 0.403462 -13 246 1 0 1
-13.0255 -6.21683 109.345 -18.2328 -2.53109 57.9844 0.332198 -13 247 1 0 1
8.67737 9.92271 109.345 -5.61479 4.18825 61.586 -0.29158 -13 249 1 0 1
-11.2347 -17.01 109.345 -18.9477 -11.3893 65.1634 -0.874672 -13 250 1 0 1
-4.40025 25.3706 109.345 -13.5155 12.9991 60.0029 -0.360979 -13 251 1 0 1
-2.61196 0.941152 109.345 -12.0387 -0.11985 62.5329 0.915013 -13 252 1 0 1
-14.8037 19.2324 109.345 -22.204 14.3031 66.9584 -0.734524 -13 253 1 0 1
-14.4831 9.23619 109.345 -17.5515 5.05994 50.2834 0.234525 -13 254 1 0 1
-9.78075 -0.380394 109.345 -15.2559 -1.1749 54.7104 -0.480182 -13 259 1 0 1
-10.2639 -3.16666 109.345 -16.5491 -1.56385 60.7104 2.76459 -13 262 1 0 1
-2.96792 -9.81917 109.345 -12.503 -5.99343 61.9134 -0.82428 -13 263 1 0 1
-1.55322 10.1035 109.345 -11.7104 7.0025 62.3306 1.35598 -13 265 1 0 1
-6.18206 4.23939 109.345 -15.6133 1.74062 68.7352 1.2065 -13 266 1 0 1
-1.69814 -8.02828 109.345 -13.9571 -7.67763 76.1347 -0.239712 -13 271 1 0 1
-8.45937 4.11729 109.345 -16.5336 3.95796 64.8453 -1.39174 -13 274 1 0 1
-2.08054 -6.71338 109.345 -11.7359 -4.89684 57.9832 0.392354 -13 275 1 0 1
-4.50441 -11.0623 109.345 -12.57 -6.76452 56.2703 1.8809 -13 277 1 0 1
-10.8414 4.89987 109.345 -17.056 2.22909 58.9137 0.918136 -13 280 1 0 1
-8.04179 -20.1028 109.345 -13.9739 -9.5364 47.0756 -0.815253 -13 283 1 0 1
-12.6833 47.9326 109.345 -22.7571 34.5904 67.6311 0.365985 -13 288 1 0 1
11.3822 -3.70383 109.345 -4.96468 -2.10166 45.1236 0.99391 -13 290 1 0 1
-14.6782 -10.5583 109.345 -23.2939 -8.51713 71.6204 1.04983 -13 291 1 0 1
-15.5179 6.9498 109.345 -9.24545 -2.75859 63.2778 0.345569 -13 292 1 0 1
10.1705 10.5144 109.345 -4.81036 9.86654 70.3628 2.21094 -13 294 1 0 1
-2.49444 -7.11266 109.345 -11.3686 -4.49633 52.8422 3.26754 -13 297 1 0 1
-11.6219 -1.08147 109.345 -18.7019 -1.96729 64.3672 -1.22807 -13 298 1 0 1
-12.7862 -26.2209 109.345 10.6121 -34.0999 43.4083 0.724445 -13 308 1 0 1
0.00519687 -3.36577 109.345 -11.9893 -2.27443 71.1847 0.199532 -13 310 1 0 1
-1.96966 -4.88618 109.345 -13.0767 -3.11209 68.237 0.0103826 -13 314 1 0 1
-1.28462 -2.56098 109.345 -11.1876 -0.0904717 61.7669 -0.820927 -13 315 1 0 1
-10.6763 -4.66484 109.345 -18.5707 -2.27805 66.8949 -0.813223 -13 318 1 0 1
-1.45808 1.09021 109.345 -12.6587 0.829122 71.132 1.17276 -13 320 1 0 1
-9.13601 -1.27091 109.345 -15.4338 -1.08151 54.7176 -0.982523 -13 321 1 0 1
-3.57296 -6.67421 109.345 -14.9982 -2.56824 74.2421 0.784796 -13 323 1 0 1
-12.6119 10.7499 109.345 -18.9325 6.93426 62.809 -0.0621518 -13 324 1 0 1
-12.9023 -10.7381 109.345 -20.8321 -7.95975 68.9328 0.568079 -13 325 1 0 1
-4.34954 -4.63484 109.345 -15.7352 -2.1692 74.6782 -0.290261 -13 330 1 0 1
-11.7183 8.01616 109.345 -15.4532 4.27602 45.8784 4.79057 -13 333 1 0 1
-7.15961 -12.9604 109.345 -15.4899 -8.67136 64.2843 0.926614 -13 335 1 0 1
-10.8316 -17.2763 109.345 -16.0718 -10.634 51.0742 1.5571 -13 338 1 0 1
-6.49702 1.19842 109.345 -17.3221 -0.783673 75.6475 0.489042 -13 341 1 0 1
-15.2449 -9.04481 109.345 -12.8355 -9.39199 53.1196 0.245711 -13 343 1 0 1
-5.61628 0.74369 109.345 -12.6294 1.78085 48.0197 0.375675 -13 344 1 0 1
-3.55917 17.6404 109.345 -12.4451 9.04931 54.8296 1.47908 -13 349 1 0 1
-12.2055 -8.68682 109.345 -18.6344 -5.14567 62.3747 1.35704 -13 350 1 0 1
-4.72975 13.403 109.345 -13.1843 9.02768 57.825 0.885025 -13 356 1 0 1
-1.18147 13.6951 109.345 -10.7558 8.07755 50.2066 1.26594 -13 358 1 0 1
-10.1778 4.36444 109.345 -16.5433 4.27752 59.6395 1.04649 -13 359 1 0 1
-9.40023 2.46333 109.345 -19.8286 2.99539 74.5925 0.393258 -13 361 1 0 1
-15.0815 -5.98372 109.345 -20.0505 -0.2653 59.9567 0.82578 -13 364 1 0 1
-8.75066 12.7949 109.345 -14.0949 7.08003 48.2393 -1.2252 -13 365 1 0 1
-3.26914 -2.34962 109.345 -11.0758 -1.24345 44.3246 2.95765 -13 366 1 0 1
-6.59542 -4.59268 109.345 -12.1834 -2.88193 39.4973 2.08846 -13 367 1 0 1
2.57033 -7.86979 109.345 -10.7967 -7.22339 77.6142 1.70139 -13 377 1 0 1
-13.8449 -33.2087 109.345 -20.6025 -22.0383 61.7279 1.23626 -13 379 1 0 1
-6.62445 1.02166 109.345 -14.1963 2.18508 58.107 1.76592 -13 381 1 0 1
-4.02796 -14.9564 109.345 -14.7003 -10.7354 70.6473 0.208249 -13 382 1 0 1
1.88201 4.9276 109.345 -8.92643 1.79136 58.2682 -0.733928 -13 384 1 0 1
-7.09483 5.16398 109.345 -16.0759 3.06068 67.7801 2.48757 -13 386 1 0 1
8.12712 1.20844 109.345 -5.36459 1.45304 62.0554 1.63408 -13 389 1 0 1
6.64594 2.37806 109.345 -6.37807 0.862071 52.3339 0.426183 -13 391 1 0 1
3.47344 6.8031 109.345 -8.62404 3.02068 63.7385 0.432798 -13 396 1 0 1
-9.93696 -11.8007 109.345 -16.3235 -6.18397 57.3231 1.88509 -13 397 1 0 1
-14.4064 -1.87395 109.345 -20.4275 -1.71039 63.3467 1.4442 -13 398 1 0 1
-15.6785 6.02459 109.345 -3.84453 24.8984 40.8452 0.570991 -13 400 1 0 1
-5.3035 0.747407 109.345 -15.4982 0.938033 70.1378 0.323673 -13 401 1 0 1
-8.97414 11.142 109.345 -15.1044 6.02795 56.3037 0.331596 -13 402 1 0 1
-4.90669 -21.1135 109.345 -14.161 -14.8011 63.1822 1.80515 -13 404 1 0 1
2.29813 12.3241 109.345 -8.93196 7.28909 57.0874 2.43497 -13 408 1 0 1
-3.65631 -2.55229 109.345 -12.9541 -1.63864 63.0233 0.909061 -13 409 1 0 1
-9.26599 14.5601 109.345 -15.5872 8.50598 54.4952 0.988471 -13 415 1 0 1
-15.3456 5.66422 109.345 -15.7599 3.75906 61.203 2.04189 -13 418 1 0 1
0.950228 -0.305848 109.345 -10.0919 -0.0186345 63.5498 1.09678 -13 419 1 0 1
-14.3655 -11.3785 109.345 -22.1268 -9.25735 69.6581 0.11341 -13 421 1 0 1
-0.827772 25.2625 109.345 -10.1734 10.1019 45.6912 1.36854 -13 424 1 0 1
-14.386 -6.91675 109.345 -19.5068 -3.74913 60.8991 0.534521 -13 425 1 0 1
-3.03192 -12.0352 109.345 -12.8432 -6.33694 62.186 0.0613042 -13 427 1 0 1
-0.523973 -19.6704 109.345 -10.5442 -11.7378 56.0712 0.525541 -13 429 1 0 1
-13.0705 -7.75178 109.345 -22.0935 -5.97871 72.2351 2.43108 -13 431 1 0 1
-9.01038 0.822294 109.345 -17.1398 1.5398 65.886 2.51003 -13 432 1 0 1
-11.6035 12.8333 109.345 -17.1327 8.97239 56.4878 0.737038 -13 434 1 0 1
11.4435 4.41349 109.345 -4.01583 2.03573 59.8689 1.66756 -13 435 1 0 1
-11.5965 -0.738248 109.345 -18.7875 -0.107603 64.5625 -1.7471 -13 437 1 0 1
-9.64444 6.77414 109.345 -16.3747 4.42891 58.9237 0.813375 -13 440 1 0 1
-15.2906 6.98587 109.345 -12.3301 4.81255 46.5393 1.67573 -13 443 1 0 1
9.10976 -3.79428 109.345 -5.18618 -2.02231 70.3606 1.51626 -13 444 1 0 1
-4.61142 -1.88047 109.345 -14.5188 -3.11139 67.5245 0.613228 -13 445 1 0 1
-4.61111 2.60931 109.345 -12.7718 1.72786 55.5936 0.174886 -13 447 1 0 1
-7.16507 3.9695 109.345 -19.0627 1.69845 78.9297 0.575626 -13 451 1 0 1
-12.9023 -6.49766 109.345 -19.3024 -4.71475 64.641 1.64904 -13 452 1 0 1
-7.81394 -8.64241 109.345 -14.5039 -4.70687 57.525 0.26548 -13 453 1 0 1
-4.64678 -8.33613 109.345 -12.4858 -5.55774 53.652 0.822425 -13 455 1 0 1
-5.66804 13.5906 109.345 -14.5801 9.09209 62.784 -0.0670647 -13 456 1 0 1
-2.05817 10.1757 109.345 -11.0766 6.89139 55.7751 1.41507 -13 457 1 0 1
-10.3494 -32.1007 109.345 -16.2543 -16.1219 50.6904 -0.440907 -13 458 1 0 1
-0.427099 11.0954 109.345 -12.1911 6.73069 73.5252 2.19803 -13 459 1 0 1
-8.50634 -5.06699 109.345 -17.0253 -3.18945 66.6681 2.02338 -13 463 1 0 1
-0.440609 23.5099 109.345 -11.1487 14.5882 60.485 0.43942 -13 464 1 0 1
-11.4249 14.0919 109.345 -16.7459 8.15799 53.899 0.964387 -13 466 1 0 1
-3.7355 -6.478 109.345 -10.5616 -1.6132 32.5958 0.817241 -13 467 1 0 1
-12.9651 -4.98706 109.345 -17.0029 -4.29618 53.3395 -0.200186 -13 468 1 0 1
-8.77949 -11.092 109.345 -16.4765 -6.0804 62.2 0.116266 -13 470 1 0 1
-12.5576 -22.9057 109.345 -15.1119 -9.08683 39.1241 2.00195 -13 472 1 0 1
-3.13021 -11.3877 109.345 -12.2811 -6.94386 60.5043 -0.024515 -13 474 1 0 1
-10.4994 10.4259 109.345 -18.8414 8.02256 68.411 2.12438 -13 475 1 0 1
-12.9675 19.3188 109.345 -19.1699 11.2862 63.3648 -0.705162 -13 477 1 0 1
-15.143 -1.93307 109.345 -12.8283 -4.48285 41.1789 0.113898 -13 479 1 0 1
-8.93742 10.0728 109.345 -15.0021 6.00795 52.4937 0.970401 -13 480 1 0 1
-9.35603 -8.01421 109.345 -12.2965 -2.48932 29.902 1.6102 -13 481 1 0 1
-2.94259 4.46009 109.345 -13.487 2.05604 67.8721 0.709036 -13 487 1 0 1
-12.2878 -5.66954 109.345 -18.1599 -4.64412 60.3544 -1.20167 -13 490 1 0 1
-17.1337 -1.2654 109.345 -18.1252 0.713754 28.1228 1.4493 -13 491 1 0 1
-11.4004 8.36521 109.345 -17.4014 6.32114 58.6351 1.8069 -13 492 1 0 1
-13.2188 14.4342 109.345 -14.9656 4.18377 39.4224 -1.87719 -13 495 1 0 1
-15.5014 9.6189 109.345 -2.01853 9.73728 22.6068 -0.123345 -13 499 1 0 1
6.92288 -4.20507 109.345 -6.5212 -3.26079 51.8546 -0.4448 -13 500 1 0 1
-8.77428 10.4726 109.345 -19.7673 7.07311 75.885 0.252032 -13 501 1 0 1
7.82386 2.54102 109.345 -5.60861 1.43565 57.2438 -0.488946 -13 505 1 0 1
-6.61035 23.0406 109.345 -13.5478 11.122 46.8822 1.18216 -13 507 1 0 1
-3.70561 -14.3277 109.345 -12.8298 -8.10038 61.7913 1.57782 -13 508 1 0 1
-1.91769 -11.4873 109.345 -13.3165 -7.88518 71.2197 0.573277 -13 509 1 0 1
-13.3373 4.50176 109.345 -16.6398 2.98036 48.3295 1.8163 -13 513 1 0 1
-15.3667 -1.95466 109.345 -7.72845 -4.26288 62.3914 -0.569513 -13 517 1 0 1
-14.736 -7.54865 109.345 -18.8153 -5.52697 57.1453 3.136 -13 520 1 0 1
-12.7656 6.85925 109.345 -23.3392 5.06949 77.1195 1.42365 -13 522 1 0 1
-13.8189 -7.24922 109.345 -18.6842 -1.97044 58.7232 1.32303 -13 524 1 0 1
4.47654 -14.6386 109.345 -8.57268 -12.1235 70.4388 1.33561 -13 529 1 0 1
-11.6962 6.0236 109.345 -16.8231 3.90906 56.6885 1.59906 -13 531 1 0 1
-1.69457 -3.27758 109.345 -12.4948 -1.74813 68.975 1.50943 -13 534 1 0 1
-14.456 18.559 109.345 -21.2806 14.4598 64.6655 -2.26756 -13 535 1 0 1
-11.4305 0.225147 109.345 -16.3146 1.18571 52.304 -0.271873 -13 536 1 0 1
-2.97766 19.2188 109.345 -12.2007 11.2992 61.6663 0.687013 -13 538 1 0 1
7.70789 -10.2064 109.345 10.4005 -20.835 61.7424 1.67103 -13 539 1 0 1
3.09733 -4.97619 109.345 -10.2669 -3.29375 76.5018 1.88923 -13 540 1 0 1
-8.40338 1.47578 109.345 -16.7005 1.6952 65.624 0.563533 -13 542 1 0 1
-2.66122 -8.33072 109.345 -12.5995 -6.8167 65.6985 0.0354115 -13 543 1 0 1
-8.26967 -3.95817 109.345 -15.7138 -2.80952 61.2064 1.00245 -13 544 1 0 1
-12.1015 8.81501 109.345 -17.9208 6.65954 58.6638 2.85587 -13 548 1 0 1
-9.90615 -6.48764 109.345 -15.8006 -2.45905 55.4348 3.17971 -13 549 1 0 1
-13.2283 -12.4871 109.345 -14.1102 -2.733 31.0083 2.1838 -13 551 1 0 1
-10.7053 5.17867 109.345 -20.0335 3.75559 70.9111 1.76603 -13 555 1 0 1
-7.13386 -0.235543 109.345 -14.7537 -0.5963 59.4938 3.01675 -13 557 1 0 1
-5.62023 -5.36612 109.345 -15.5581 -4.80703 68.7298 0.195601 -13 564 1 0 1
-15.1213 -8.87961 109.345 -18.3112 -11.8058 54.3166 2.39164 -13 569 1 0 1
-13.7092 -5.07552 109.345 -20.678 -3.43041 66.2043 0.723824 -13 575 1 0 1
-16.2228 3.39403 109.345 -21.0325 6.95556 44.5215 -0.344561 -13 576 1 0 1
-12.5031 -8.81906 109.345 -19.0448 -3.65376 62.631 -1.41345 -13 577 1 0 1
-4.24049 -22.4165 109.345 -13.1461 -13.6451 59.8239 0.337146 -13 579 1 0 1
-0.89115 5.84171 109.345 -11.0485 2.72479 61.4833 0.644353 -13 581 1 0 1
1.56712 3.32153 109.345 -9.16553 2.53833 48.0325 0.678276 -13 582 1 0 1
-7.0857 -1.58218 109.345 -16.4893 -1.72371 69.1969 0.0861092 -13 583 1 0 1
-9.93571 -2.95893 109.345 -17.2578 -3.1152 61.7138 -0.191324 -13 584 1 0 1
-11.7627 -10.8166 109.345 -18.7971 -7.93711 62.7511 -1.4918 -13 585 1 0 1
-11.8566 -10.1088 109.345 -19.9854 -7.75158 68.2653 2.71466 -13 586 1 0 1
-5.28855 -0.0160355 109.345 -14.4366 0.987773 65.0929 -1.57326 -13 588 1 0 1
-10.5918 7.08142 109.345 -17.0953 2.60244 61.604 2.51275 -13 593 1 0 1
-10.3275 -5.92684 109.345 -17.2077 -2.63312 61.1578 1.15953 -13 595 1 0 1
-12.7287 -13.5277 109.345 -23.5557 -11.0806 77.2504 -1.21221 -13 598 1 0 1
-12.02 -5.75392 109.345 -17.5313 -3.49247 56.7833 1.79697 -13 601 1 0 1
-13.5117 -8.22853 109.345 -18.9421 -4.83392 60.6921 1.22339 -13 602 1 0 1
-3.98755 -1.2198 109.345 -11.2554 -1.20171 46.3736 0.877688 -13 604 1 0 1
-3.3585 -3.33953 109.345 -13.5044 -2.1996 65.4944 3.19205 -13 606 1 0 1
-1.23694 16.8944 109.345 -13.7724 14.3316 74.6563 -0.222396 -13 607 1 0 1
0.33584 4.58554 109.345 -10.24 3.66 56.1088 -1.59359 -13 612 1 0 1
-4.73248 -16.8264 109.345 -11.6873 -6.03651 36.3893 2.23967 -13 613 1 0 1
-8.72158 7.57085 109.345 -19.2724 6.63503 75.2318 0.32558 -13 616 1 0 1
-1.26923 21.3172 109.345 -10.888 11.332 49.5797 1.43373 -13 619 1 0 1
-13.1371 -14.4878 109.345 -18.0001 -6.79999 56.5773 1.32789 -13 621 1 0 1
-7.78241 -37.6375 109.345 -15.0529 -18.7241 52.9578 1.04996 -13 622 1 0 1
-13.1658 -8.61627 109.345 -18.813 -6.05242 61.2103 0.321163 -13 624 1 0 1
-4.7997 -0.376924 109.345 -14.9985 -1.23753 69.086 3.02996 -13 626 1 0 1
-14.3916 -23.2941 109.345 -21.5384 -15.2503 67.167 0.735045 -13 628 1 0 1
1.74864 5.59715 109.345 -9.01698 2.6855 55.6078 -0.142245 -13 633 1 0 1
4.07379 -1.58029 109.345 -7.8514 -0.229178 51.9835 0.901149 -13 635 1 0 1
-7.1464 -1.59161 109.345 -16.956 -1.81756 70.1342 0.667054 -13 637 1 0 1
-6.14035 -12.8376 109.345 -15.0703 -8.18804 64.1171 -1.3519 -13 639 1 0 1
-14.61 11.5021 109.345 -15.3772 4.11125 35.3118 -1.24275 -13 640 1 0 1
-5.8667 -19.6224 109.345 -14.4035 -12.2695 59.787 -0.679172 -13 641 1 0 1
-10.0459 -12.8555 109.345 -15.6316 -6.2779 55.1032 0.63277 -13 642 1 0 1
-11.0905 -13.6252 109.345 -16.371 -7.04461 54.2417 1.67733 -13 645 1 0 1
-4.94356 3.82434 109.345 -14.2749 2.99299 66.6866 0.468368 -13 649 1 0 1
-13.1873 4.68112 109.345 -20.0317 2.8125 64.814 1.07566 -13 651 1 0 1
-14.499 -8.05019 109.345 -20.9802 -4.40465 64.8676 1.2029 -13 653 1 0 1
-9.95922 -7.20497 109.345 -13.0457 -2.6569 37.7736 0.441721 -13 654 1 0 1
-3.95421 -1.97393 109.345 -12.8409 0.207192 59.6816 1.21478 -13 657 1 0 1
-15.4782 0.620386 109.345 -19.6638 -0.870374 53.7227 -0.925559 -13 660 1 0 1
-7.23608 5.8842 109.345 -14.2848 3.98341 55.6193 1.06932 -13 663 1 0 1
-13.5661 -21.0947 109.345 -19.8249 -13.4888 63.6868 1.95493 -13 669 1 0 1
-9.12288 -13.4312 109.345 -18.2253 -9.0298 69.8608 0.567734 -13 670 1 0 1
0.665029 -15.9216 109.345 -10.1917 -9.49497 61.1819 1.07388 -13 671 1 0 1
-3.12993 14.9818 109.345 -12.4578 7.9556 54.8588 2.1937 -13 672 1 0 1
2.51026 8.13244 109.345 -9.55452 5.08063 61.6388 1.4417 -13 674 1 0 1
2.44769 9.04386 109.345 -8.86776 5.14149 48.7038 0.52529 -13 676 1 0 1
4.70143 -3.72507 109.345 -8.34438 -2.97413 66.159 1.5682 -13 677 1 0 1
14.0056 15.1943 109.345 -2.41171 11.2978 62.4784 2.63959 -13 683 1 0 1
-7.48233 16.1883 109.345 -16.5027 11.1327 67.1448 0.977462 -13 686 1 0 1
-15.3118 10.5806 109.345 -17.6361 8.32247 37.0694 2.37553 -13 687 1 0 1
-2.39925 -20.3394 109.345 -11.9147 -12.8112 58.6138 1.61898 -13 690 1 0 1
-12.1354 0.067424 109.345 -18.6534 -1.13957 61.7404 -1.36067 -13 691 1 0 1
-15.0873 -13.8077 109.345 -14.6944 -2.43564 61.8417 2.96756 -13 694 1 0 1
1.74769 -16.5725 109.345 -8.76158 -6.48354 43.2706 0.0721763 -13 699 1 0 1
-10.1666 -3.80462 109.345 -18.9901 -2.5961 69.6374 1.9563 -13 700 1 0 1
-10.2156 13.328 109.345 -18.2805 10.248 67.0697 1.91457 -13 701 1 0 1
-14.7649 4.76188 109.345 -16.2261 2.2324 40.8928 2.12204 -13 702 1 0 1
-5.66241 18.7991 109.345 -13.3432 11.4059 54.8206 0.186989 -13 704 1 0 1
-15.032 3.64212 109.345 3.09079 16.6498 51.4107 3.88914 -13 707 1 0 1
-8.55634 2.27334 109.345 -14.2193 0.110874 48.2415 0.392456 -13 711 1 0 1
-8.01368 15.5526 109.345 -13.7579 7.41493 48.1798 1.9424 -13 716 1 0 1
-15.3865 -4.63176 109.345 -16.3841 0.863428 39.6103 2.48869 -13 717 1 0 1
-10.0264 4.52047 109.345 -18.5894 4.21012 69.0504 0.471704 -13 719 1 0 1
-6.00796 -17.6163 109.345 -16.0079 -12.0388 68.8975 0.488102 -13 721 1 0 1
-7.46749 -14.3308 109.345 -14.1904 -8.10277 52.8215 -0.853472 -13 722 1 0 1
-15.9492 -8.42924 109.345 -13.0388 -6.98182 34.4499 -0.566743 -13 723 1 0 1
-15.1527 16.4024 109.345 -22.5887 13.101 64.7473 2.57979 -13 724 1 0 1
4.31506 -21.2842 109.345 -7.90711 -11.4968 53.2237 -0.295471 -13 726 1 0 1
-10.5568 6.08839 109.345 -14.4798 2.76657 41.7232 2.73473 -13 727 1 0 1
-14.8277 39.4823 109.345 -16.4468 15.2002 36.5133 0.559185 -13 728 1 0 1
-9.35337 -8.04768 109.345 -19.5148 -5.51693 73.4572 -1.27213 -13 729 1 0 1
-7.84772 0.267662 109.345 -16.8482 -3.45135 69.2455 2.81841 -13 734 1 0 1
11.5564 12.7027 109.345 -4.9355 5.02175 46.375 -0.417658 -13 735 1 0 1
-14.4045 12.8111 109.345 -16.4275 5.63102 43.2146 0.567312 -13 736 1 0 1
0.713674 2.2043 109.345 -9.97155 2.16958 57.8214 2.17091 -13 738 1 0 1
-8.33699 -3.7418 109.345 -15.2459 -1.15778 57.2325 -0.508548 -13 739 1 0 1
-12.1134 7.91951 109.345 -12.2496 1.53334 16.2777 3.39486 -13 741 1 0 1
0.506868 16.0949 109.345 -11.8608 10.9682 71.1181 2.51633 -13 745 1 0 1
-13.4887 -4.08091 109.345 -20.0335 -2.49855 64.7594 0.765242 -13 747 1 0 1
-9.01935 -11.6369 109.345 -18.4213 -8.36572 70.1463 1.68777 -13 749 1 0 1
-14.9816 9.43715 109.345 -19.9614 3.01312 60.7673 1.31766 -13 750 1 0 1
-8.26633 -4.59168 109.345 -18.3298 -3.91023 72.9555 -0.88263 -13 755 1 0 1
-9.68699 10.5434 109.345 -17.7385 8.42724 65.4209 -0.454972 -13 756 1 0 1
2.29068 -10.3034 109.345 -8.67244 -4.88831 52.6034 -0.439446 -13 757 1 0 1
-9.50322 -12.4564 109.345 -14.9101 -8.29481 53.8112 1.01739 -13 758 1 0 1
-9.05754 -25.6565 109.345 -16.5987 -15.8064 59.0226 1.77508 -13 759 1 0 1
-14.099 10.9391 109.345 -17.4874 5.54947 50.8597 0.88365 -13 760 1 0 1
-11.3396 -10.41 109.345 -17.0604 -5.22231 56.6395 1.32771 -13 761 1 0 1
2.02164 9.76558 109.345 -9.55432 7.22731 59.9808 1.88736 -13 763 1 0 1
-7.54054 5.04728 109.345 -16.6734 3.82608 68.3819 -2.02557 -13 764 1 0 1
-5.84503 -22.7452 109.345 -11.3547 -6.06239 25.231 0.0231742 -13 766 1 0 1
-4.66837 -31.8216 109.345 -14.4697 -20.4148 63.8242 1.22188 -13 768 1 0 1
-8.09919 -9.18263 109.345 -14.3406 -5.57213 53.3444 0.484852 -13 772 1 0 1
-3.85326 0.734455 109.345 -15.5248 0.910532 75.1372 1.04871 -13 773 1 0 1
5.97244 -7.09712 109.345 -6.83468 -5.17448 61.0637 0.535361 -13 775 1 0 1
-5.1713 -2.05017 109.345 -14.0215 -1.14887 66.2234 -0.331057 -13 780 1 0 1
-15.3749 8.63794 109.345 -11.9584 3.85605 57.3005 0.480052 -13 781 1 0 1
-2.21568 -8.33318 109.345 -11.6018 -4.32416 57.8277 1.60985 -13 783 1 0 1
-1.09839 4.98328 109.345 -10.3972 1.69454 46.4856 -0.299108 -13 787 1 0 1
-0.142475 -1.81348 109.345 -11.5799 -2.90632 70.1344 0.992408 -13 789 1 0 1
-13.673 -5.42415 109.345 -18.6933 -4.54438 57.0244 2.63604 -13 790 1 0 1
-7.02383 -19.6503 109.345 -15.8113 -14.0289 65.2156 -0.836317 -13 791 1 0 1
-8.76269 -2.32235 109.345 -14.6382 -2.06919 50.822 2.4623 -13 793 1 0 1
-0.719415 5.16309 109.345 -11.3838 1.56107 68.2572 2.79417 -13 801 1 0 1
-10.8447 3.96832 109.345 -20.4111 5.02561 72.7622 -1.14305 -13 803 1 0 1
4.89163 1.12779 109.345 -7.58698 0.860223 50.0666 0.197898 -13 804 1 0 1
-10.6934 1.05002 109.345 -16.1188 0.226204 54.2147 1.6391 -13 806 1 0 1
-13.6001 6.0642 109.345 -20.4453 4.89648 67.0809 0.354587 -13 811 1 0 1
-9.80219 16.3674 109.345 -15.8159 9.74714 53.9123 1.41363 -13 813 1 0 1
-15.0058 1.09486 109.345 -19.7503 0.817179 59.3217 1.3203 -13 814 1 0 1
-8.70172 14.0616 109.345 -14.9045 7.84469 52.9176 -1.39736 -13 815 1 0 1
-12.3096 -3.59185 109.345 -21.8815 -2.61416 73.5951 2.0269 -13 816 1 0 1
-14.535 -19.6543 109.345 -16.7018 -9.69485 44.7262 0.629286 -13 820 1 0 1
-7.04232 -0.75002 109.345 -13.9125 -1.19193 55.4858 0.544472 -13 823 1 0 1
-13.5676 10.5893 109.345 -19.986 8.00145 63.4606 -0.815121 -13 826 1 0 1
-1.74583 -22.376 109.345 -11.8202 -14.639 61.372 3.25967 -13 827 1 0 1
-12.3238 -2.42712 109.345 -18.2178 -2.5901 61.3623 -1.86907 -13 828 1 0 1
-1.72849 -32.825 109.345 -11.6527 -15.7558 46.8601 1.51471 -13 829 1 0 1
-9.60402 -4.14072 109.345 -17.167 -3.49554 63.3554 2.56086 -13 831 1 0 1
-15.6383 -10.56 109.345 -8.21226 -1.04521 21.7071 1.0117 -13 832 1 0 1
-13.488 -20.4857 109.345 -18.6487 -12.1269 57.0423 0.993339 -13 833 1 0 1
3.64166 26.3598 109.345 -9.13664 17.922 65.9728 0.457024 -13 836 1 0 1
1.44096 -22.7134 109.345 -10.3728 -13.0395 65.2661 1.60848 -13 837 1 0 1
-6.4366 7.8951 109.345 -16.1633 3.97015 69.2421 -0.777923 -13 838 1 0 1
-7.49731 0.205898 109.345 -14.7761 0.90611 58.2238 1.59138 -13 845 1 0 1
-7.96219 -26.8934 109.345 -13.0066 -8.48211 33.25 1.37999 -13 846 1 0 1
-5.46301 -11.6156 109.345 -13.3974 -4.34464 56.4338 -0.544508 -13 847 1 0 1
-1.48044 -15.0744 109.345 -12.4559 -9.92717 67.2046 -0.319686 -13 850 1 0 1
-1.38669 -1.4481 109.345 -13.6583 -0.73987 74.4172 1.03521 -13 852 1 0 1
-7.91957 -7.19838 109.345 -15.743 -2.69254 63.6425 -0.292695 -13 857 1 0 1
-6.84999 14.4488 109.345 -14.1586 9.15141 54.98 0.57994 -13 866 1 0 1
-5.35145 13.7879 109.345 -16.0391 9.11661 71.9962 -0.108374 -13 867 1 0 1
-8.46706 0.147024 109.345 -17.4642 -0.877652 69.37 -0.525265 -13 873 1 0 1
-5.24426 8.7549 109.345 -16.1248 5.86848 73.275 0.534348 -13 876 1 0 1
-11.4354 17.0979 109.345 -18.7138 13.5288 65.3336 -1.43322 -13 877 1 0 1
-14.6378 15.3033 109.345 -22.3506 12.1214 68.9367 -3.15366 -13 878 1 0 1
-6.07555 -11.6053 109.345 -15.1172 -8.06538 66.3167 1.37703 -13 880 1 0 1
-6.95749 -8.17417 109.345 -14.0606 -4.54589 54.8369 2.45367 -13 881 1 0 1
3.13632 27.0984 109.345 -10.2146 19.5557 72.5122 -0.0198463 -13 882 1 0 1
0.0772058 23.5106 109.345 -11.444 15.6007 62.4575 0.23325 -13 883 1 0 1
-2.18003 11.2877 109.345 -10.2503 4.44483 34.8035 0.677288 -13 885 1 0 1
-8.91311 -2.44895 109.345 -19.9967 -4.3467 76.9591 2.84583 -13 886 1 0 1
-12.2704 -1.20985 109.345 -16.5012 -1.79625 53.0407 0.66706 -13 888 1 0 1
-5.82001 -22.6851 109.345 -15.3122 -15.345 65.5287 -0.595402 -13 890 1 0 1
-2.36421 -7.72522 109.345 -14.041 -5.27725 74.8032 0.470388 -13 894 1 0 1
-12.8167 0.305423 109.345 -17.3275 0.677163 53.026 -0.0865941 -13 898 1 0 1
4.56265 5.23009 109.345 -7.65218 4.01648 61.0569 0.27361 -13 899 1 0 1
-10.0041 5.24711 109.345 -17.9269 2.05629 65.9055 1.10356 -13 901 1 0 1
2.74195 -5.67136 109.345 -8.53415 -4.00394 54.3245 1.1639 -13 902 1 0 1
-13.1194 -14.5543 109.345 -21.7821 -7.93978 71.012 1.65471 -13 903 1 0 1
-8.58579 -5.09024 109.345 -15.4146 -4.09585 56.5101 2.51289 -13 904 1 0 1
-15.6739 11.0844 109.345 -9.88205 -2.19364 31.8207 0.839245 -13 907 1 0 1
-15.1771 -13.563 109.345 -29.5025 -7.53813 64.154 1.18482 -13 909 1 0 1
-11.4599 24.4918 109.345 -16.9774 11.5177 51.7111 -0.193317 -13 912 1 0 1
-10.8566 -15.0193 109.345 -17.1017 -8.18199 58.6025 -0.304823 -13 915 1 0 1
-11.5498 -2.92268 109.345 -13.5324 -2.22491 31.1243 1.25653 -13 921 1 0 1
-2.65877 -2.39565 109.345 -12.425 -2.61795 61.8166 2.52674 -13 931 1 0 1
-8.3945 17.6481 109.345 -17.0406 12.8311 65.8353 1.54047 -13 933 1 0 1
3.86695 -2.14352 109.345 -7.8255 0.213553 60.5506 0.575118 -13 936 1 0 1
-16.123 0.317948 109.345 -13.9327 -0.949049 31.2801 0.735223 -13 941 1 0 1
1.59497 -2.44421 109.345 -10.755 -1.79851 71.3528 1.03564 -13 942 1 0 1
-8.39311 -4.70797 109.345 -16.7736 -2.53519 65.5085 1.9271 -13 943 1 0 1
-12.999 21.2161 109.345 -20.8331 15.7048 67.2544 1.39013 -13 945 1 0 1
-4.63327 0.528309 109.345 -13.7528 1.473 63.6681 -0.656797 -13 947 1 0 1
-14.4101 1.33894 109.345 -16.7426 1.39627 45.685 1.95873 -13 948 1 0 1
-5.28632 -4.29569 109.345 -13.4636 -2.55009 58.1575 3.22283 -13 952 1 0 1
-11.3035 -8.02818 109.345 -17.354 -6.42695 57.8873 1.1012 -13 955 1 0 1
2.42689 -9.88553 109.345 -9.26245 -6.44157 61.3832 0.947675 -13 959 1 0 1
-13.3129 -13.3524 109.345 -17.0802 -6.35923 52.118 0.795199 -13 961 1 0 1
-12.6653 -1.35267 109.345 -13.7064 -0.528068 31.2882 1.61588 -13 962 1 0 1
7.37952 0.435211 109.345 -6.34374 -2.42971 68.7025 2.49944 -13 963 1 0 1
-7.73533 -1.50786 109.345 -13.9063 -0.189853 52.1553 1.18698 -13 967 1 0 1
-12.887 -10.5362 109.345 -15.8302 -5.47463 46.7152 1.25044 -13 969 1 0 1
-5.79899 -11.2118 109.345 -14.5761 -7.78501 62.6505 0.476119 -13 970 1 0 1
-4.50087 -3.44521 109.345 -14.0264 -0.656137 67.1741 -0.615703 -13 971 1 0 1
-13.2385 16.7628 109.345 -18.9698 9.46073 60.8362 -0.0857376 -13 982 1 0 1
-14.1636 -27.8636 109.345 -19.1132 -16.3488 56.2613 1.06115 -13 987 1 0 1
-5.66149 -10.5901 109.345 -15.041 -6.61192 67.9613 1.62047 -13 989 1 0 1
-12.6738 -14.1787 109.345 -15.6239 -6.45646 46.7583 2.34949 -13 993 1 0 1
5.69627 -45.4945 109.345 -8.60136 -18.6326 44.1036 0.00812259 -13 994 1 0 1
-8.7538 1.26538 109.345 -16.1904 1.18142 62.0382 -1.2152 -13 995 1 0 1
-4.3924 -2.63128 109.345 -12.6522 -1.17744 55.3274 0.615411 -13 999 1 0 1
