#BLTrackFile NTuple/Z75
#x y z Px Py Pz t PDGid EventID TrackID ParentID Weight
#mm mm mm MeV/c MeV/c MeV/c ns - - - - -
-1.84183 2.87854 74.9003 -17.2514 -1.71329 79.1801 0.347246 -13 2 1 0 1
-11.5108 -3.95051 74.9003 -24.1259 -4.31104 65.8568 1.325 -13 3 1 0 1
-15.0336 -2.62951 74.9003 -29.0793 -1.30936 68.3651 -0.358051 -13 6 1 0 1
-11.7871 -6.70324 74.9003 -20.4337 -5.42486 56.5358 -0.428021 -13 7 1 0 1
-6.91943 11.4422 74.9003 -17.3283 11.2508 60.1382 1.55433 -13 9 1 0 1
-9.18366 -8.61644 74.9003 -19.5686 -7.08239 62.9176 1.12758 -13 10 1 0 1
-3.64447 10.1167 74.9003 -16.3106 10.3511 69.4034 -0.103244 -13 11 1 0 1
-5.01822 10.5191 74.9003 -12.1439 5.41353 35.7275 -0.239226 -13 13 1 0 1
-4.70029 -8.53363 74.9003 -16.1119 -6.33827 65.4439 -1.09964 -13 14 1 0 1
-7.05681 -9.05116 74.9003 -17.8768 -8.6294 63.9128 1.91473 -13 15 1 0 1
8.92495 -19.6237 74.9003 -3.47005 -17.8404 57.6919 2.60765 -13 16 1 0 1
-14.5292 -14.611 74.9003 -24.0898 -12.8376 57.7319 3.41437 -13 20 1 0 1
-4.84514 -3.39467 74.9003 -16.9872 -1.52177 68.3768 0.719082 -13 25 1 0 1
-10.7641 2.03875 74.9003 -21.8742 2.39558 64.4356 0.308715 -13 26 1 0 1
-9.71653 -4.77246 74.9003 -20.3512 -1.60518 62.6604 1.90405 -13 27 1 0 1
-8.64823 -13.1275 74.9003 -21.6643 -13.9113 68.8593 0.687773 -13 28 1 0 1
-13.7854 6.94334 74.9003 -24.4898 8.38242 60.9626 1.46839 -13 30 1 0 1
-13.6353 1.00313 74.9003 -26.4717 2.13625 66.2039 0.162791 -13 31 1 0 1
-16.7041 1.17651 74.9003 -20.5357 1.98395 24.5675 -0.643373 -13 36 1 0 1
-10.7764 -7.17126 74.9003 -26.2328 -9.71626 74.0133 -1.03907 -13 37 1 0 1
-13.5565 -3.69016 74.9003 -21.8821 -4.07433 54.9787 1.92889 -13 38 1 0 1
-4.95322 14.5703 74.9003 -15.0867 12.339 58.6394 0.308938 -13 41 1 0 1
-10.6234 -1.97107 74.9003 -22.2078 -3.98697 64.1253 1.69261 -13 42 1 0 1
-7.22816 2.91301 74.9003 -15.5189 1.62247 53.7708 1.12639 -13 44 1 0 1
-10.3235 -7.46463 74.9003 -21.9247 -7.29985 63.6089 0.839782 -13 46 1 0 1
-12.3851 9.25681 74.9003 -20.9578 5.67798 54.8139 1.40331 -13 47 1 0 1
-16.6865 8.75863 74.9003 -10.6358 9.73026 27.4862 1.15535 -13 48 1 0 1
-10.7374 -14.6713 74.9003 -22.5962 -18.5613 63.9929 -0.109196 -13 49 1 0 1
-12.7972 4.95544 74.9003 -16.3678 3.66575 36.7085 -0.0530445 -13 50 1 0 1
-12.3295 2.0382 74.9003 -25.7896 0.137149 67.6511 0.127047 -13 51 1 0 1
-10.9015 8.75311 74.9003 -18.3339 6.27759 52.1503 -1.8665 -13 53 1 0 1
-15.5273 -3.46962 74.9003 1.10551 8.75936 56.9983 1.33625 -13 55 1 0 1
2.65467 8.8347 74.9003 -8.15894 8.36159 61.1387 -0.53149 -13 56 1 0 1
-11.7145 -5.20526 74.9003 -21.1744 -3.74134 59.412 0.0388253 -13 58 1 0 1
-10.0967 -10.2549 74.9003 -21.334 -10.3053 63.3328 2.3919 -13 59 1 0 1
-9.57497 17.4451 74.9003 -17.9442 15.9181 52.1456 0.741363 -13 60 1 0 1
-10.6376 0.100886 74.9003 -22.4189 2.16961 65.588 -0.128392 -13 62 1 0 1
-9.67933 -0.587087 74.9003 -19.1291 0.147421 57.664 0.586038 -13 64 1 0 1
-7.07634 1.87799 74.9003 -17.6552 0.85023 62.8461 -1.01619 -13 65 1 0 1
-10.5169 0.856106 74.9003 -22.7177 0.327873 66.8811 0.867163 -13 66 1 0 1
-9.39594 -4.08919 74.9003 -18.3871 -2.23061 57.6075 -0.228308 -13 67 1 0 1
-11.9736 15.4402 74.9003 -18.314 10.0898 46.9741 -0.446999 -13 68 1 0 1
-16.0589 -6.79326 74.9003 -24.1463 -7.48094 32.7359 0.44868 -13 69 1 0 1
-12.4613 -4.59207 74.9003 -28.7786 -9.51685 74.5853 0.624909 -13 70 1 0 1
-12.6015 2.49424 74.9003 -20.5806 0.319554 56.3504 -1.00519 -13 71 1 0 1
-4.18376 12.7043 74.9003 -15.0788 10.2438 62.483 1.54867 -13 72 1 0 1
-12.6626 -3.67673 74.9003 -26.3685 -6.25396 68.7375 -0.498983 -13 73 1 0 1
-11.1446 12.4453 74.9003 -19.307 10.8701 53.3371 0.736083 -13 74 1 0 1
-9.10828 6.78488 74.9003 -22.9455 6.39817 70.7635 -2.45223 -13 75 1 0 1
-0.482123 2.01237 74.9003 -16.4323 2.04342 78.1179 -1.32732 -13 76 1 0 1
-10.4401 -2.32919 74.9003 -20.2322 -2.58569 58.7077 1.89002 -13 79 1 0 1
-9.95324 -10.2478 74.9003 -22.8104 -9.19575 67.1671 0.476292 -13 80 1 0 1
-5.24756 6.61801 74.9003 -17.6106 10.6479 67.789 0.504025 -13 81 1 0 1
-11.2936 -3.79069 74.9003 -20.2512 -2.62412 58.5058 1.67603 -13 82 1 0 1
-8.46184 0.291042 74.9003 -21.8307 -0.556044 71.852 1.56418 -13 85 1 0 1
-6.02598 -3.99292 74.9003 -17.2561 -7.5549 64.7271 0.263821 -13 86 1 0 1
-14.6154 -5.92153 74.9003 39.4706 5.48481 43.6357 0.0568477 -13 88 1 0 1
-9.67511 -6.94102 74.9003 -19.6147 -4.97349 58.9342 -0.103359 -13 89 1 0 1
-10.791 6.78446 74.9003 -21.0503 6.18998 61.3954 0.281541 -13 90 1 0 1
-5.42664 0.42843 74.9003 -13.5318 0.399482 52.9657 0.48976 -13 92 1 0 1
-6.959 2.28997 74.9003 -15.8267 0.885724 56.7132 1.32037 -13 93 1 0 1
-14.6188 22.4928 74.9003 -21.0835 16.7205 46.7627 -0.795797 -13 94 1 0 1
-8.12001 4.14519 74.9003 -19.9921 5.13 66.8453 0.515632 -13 95 1 0 1
-13.1291 8.55638 74.9003 -22.0433 9.17886 55.5449 -1.31465 -13 96 1 0 1
-10.9644 -2.78811 74.9003 -18.1242 0.139742 53.1564 -0.529465 -13 97 1 0 1
-10.7653 -2.34367 74.9003 -21.6024 -0.353911 63.3421 0.902986 -13 98 1 0 1
-4.42727 -4.87108 74.9003 -15.6372 -2.60742 65.1998 -0.406761 -13 100 1 0 1
-0.906933 1.32083 74.9003 -12.3059 0.127409 66.6875 -0.209422 -13 101 1 0 1
-9.48226 3.39567 74.9003 -20.7927 2.9965 63.1903 0.386747 -13 102 1 0 1
0.610621 -2.13622 74.9003 -9.88621 1.18399 60.874 -1.96421 -13 103 1 0 1
-9.23225 -4.33879 74.9003 -20.2421 -5.63378 63.2687 0.168418 -13 104 1 0 1
-15.8567 5.95336 74.9003 -21.3451 10.2425 37.0185 -0.949392 -13 105 1 0 1
-12.0321 -5.57372 74.9003 -24.2804 -5.98475 65.3823 -0.583988 -13 107 1 0 1
-4.12251 6.59056 74.9003 -14.3351 8.78023 60.9333 -0.326424 -13 108 1 0 1
-10.637 1.24326 74.9003 -21.5033 1.73251 63.6483 1.46737 -13 109 1 0 1
-13.943 -4.37641 74.9003 -28.953 -2.62854 71.163 0.153574 -13 111 1 0 1
-6.41815 -0.206655 74.9003 -15.8022 -1.50994 53.3879 -1.33593 -13 112 1 0 1
-15.0536 12.3148 74.9003 -20.4669 4.63491 49.2889 1.31617 -13 113 1 0 1
-5.4636 -6.39507 74.9003 -15.4468 -6.56169 60.6245 0.420677 -13 114 1 0 1
-3.46599 4.37977 74.9003 -11.4091 2.87041 47.472 0.386795 -13 115 1 0 1
-14.6671 -0.467819 74.9003 -21.7526 0.41518 50.0427 0.176738 -13 117 1 0 1
-8.96352 -4.77324 74.9003 -14.7063 -5.79242 42.2735 0.168683 -13 118 1 0 1
-5.54553 2.27959 74.9003 -17.5541 3.5105 68.1831 0.956575 -13 119 1 0 1
-6.88514 -10.3992 74.9003 -16.571 -6.9679 57.8349 2.01701 -13 121 1 0 1
-15.1126 -6.52844 74.9003 -33.3083 -8.10417 67.5857 1.06914 -13 122 1 0 1
-10.6954 -10.6735 74.9003 -22.726 -10.3311 66.1392 1.20907 -13 123 1 0 1
2.74449 1.98934 74.9003 -7.21767 2.4027 57.4784 0.787605 -13 124 1 0 1
-12.2053 1.02122 74.9003 -28.142 -1.99727 73.3628 1.37932 -13 126 1 0 1
-10.8042 10.1798 74.9003 -19.7048 7.6123 55.4326 -0.602365 -13 127 1 0 1
-11.0921 -6.37251 74.9003 -21.0191 -8.23559 60.1841 0.799824 -13 128 1 0 1
2.96033 9.24272 74.9003 -7.3507 8.64984 57.9466 0.0133577 -13 129 1 0 1
-6.53526 -0.867546 74.9003 -14.1132 1.25152 47.5209 1.1305 -13 130 1 0 1
-7.5511 2.41739 74.9003 -19.5647 2.50164 65.7422 -0.017193 -13 131 1 0 1
-2.61419 -0.609106 74.9003 -12.9005 -1.22414 62.2232 -0.874595 -13 133 1 0 1
-1.15863 2.69744 74.9003 -14.3489 2.70297 73.0228 0.821009 -13 134 1 0 1
-6.87838 3.41879 74.9003 -19.178 1.26177 66.8344 1.28472 -13 135 1 0 1
-1.52565 7.09728 74.9003 -10.9475 4.41333 54.3953 0.528409 -13 136 1 0 1
-14.991 4.56682 74.9003 -20.6054 4.89848 46.5046 0.401031 -13 141 1 0 1
-1.59034 3.98982 74.9003 -12.176 5.93793 63.1489 2.35657 -13 142 1 0 1
-1.70831 -0.152672 74.9003 -13.7945 -1.55909 70.2505 3.3185 -13 144 1 0 1
-13.182 -21.7907 74.9003 -20.4817 -16.4492 49.0329 2.19179 -13 145 1 0 1
-4.39673 -6.99945 74.9003 -15.2066 -5.25213 63.6818 0.645638 -13 146 1 0 1
-13.0917 -2.88216 74.9003 -23.1311 -2.861 60.2731 -0.776181 -13 147 1 0 1
-4.83242 8.93125 74.9003 -14.2736 6.87889 53.7233 -0.0469167 -13 149 1 0 1
-12.5729 10.5477 74.9003 -22.8959 10.8218 60.3698 0.248251 -13 150 1 0 1
-11.7776 -7.59928 74.9003 -19.8791 -6.89864 52.5394 1.63645 -13 151 1 0 1
-10.0672 -2.77614 74.9003 -19.9457 -2.98404 59.8303 2.53066 -13 152 1 0 1
-16.2908 -10.1498 74.9003 -31.2687 -7.83134 55.3092 -1.72303 -13 154 1 0 1
-4.94942 -6.47894 74.9003 -12.7019 -3.31545 43.5574 -0.0790875 -13 156 1 0 1
-9.89832 4.44818 74.9003 -26.4226 2.97456 74.9383 1.65758 -13 158 1 0 1
3.36162 -0.909124 74.9003 -7.62824 -0.726652 63.3602 0.345199 -13 160 1 0 1
-2.7451 0.986817 74.9003 -14.7791 -1.34271 68.5557 1.90377 -13 161 1 0 1
2.19016 13.0904 74.9003 -8.80668 10.6881 64.2751 0.399776 -13 164 1 0 1
-0.133157 9.23849 74.9003 -10.6038 8.85251 61.6168 0.943034 -13 167 1 0 1
-13.0661 7.12017 74.9003 -30.033 9.33665 72.9768 1.41987 -13 168 1 0 1
-2.43453 -6.0993 74.9003 -12.3057 -6.44671 56.2807 0.0798172 -13 169 1 0 1
-15.1678 -1.55355 74.9003 -27.88 1.41568 58.5797 -0.324806 -13 170 1 0 1
5.87253 -9.85845 74.9003 -5.88987 -4.29061 40.5285 1.18083 -13 171 1 0 1
-14.8864 4.79148 74.9003 -21.8687 2.61639 51.4147 -0.0135816 -13 172 1 0 1
-11.2113 -2.46208 74.9003 -19.2187 -2.37457 54.8084 0.502275 -13 173 1 0 1
-12.0927 -0.667181 74.9003 -22.7387 -3.51569 62.658 0.579472 -13 174 1 0 1
0.980532 -8.58464 74.9003 -8.92551 -6.70232 50.3598 -0.00318171 -13 177 1 0 1
-15.3825 -6.42624 74.9003 -7.0252 11.6399 37.3936 -0.19392 -13 178 1 0 1
-8.33077 -10.0422 74.9003 -20.2844 -12.1626 65.0164 -0.427211 -13 179 1 0 1
-8.69462 -6.48318 74.9003 -16.2358 -4.51368 48.9856 1.91884 -13 180 1 0 1
-7.22518 13.8787 74.9003 -13.42 10.4336 38.371 0.465029 -13 183 1 0 1
-12.7751 6.70462 74.9003 -16.7748 4.56247 36.2983 -0.188928 -13 186 1 0 1
-7.37954 1.55923 74.9003 -19.5015 4.75319 68.1459 1.45221 -13 188 1 0 1
-17.3423 -4.59114 74.9003 -10.4984 -9.51658 40.4402 0.498673 -13 189 1 0 1
-10.6229 2.26825 74.9003 -27.2955 5.7179 75.4296 1.15012 -13 192 1 0 1
-15.3479 8.64571 74.9003 -24.6524 5.25177 59.8825 0.0794708 -13 194 1 0 1
-12.6348 -2.56771 74.9003 -20.8616 -2.06707 55.0783 2.60936 -13 195 1 0 1
-2.91301 -0.881934 74.9003 -19.5499 -4.43404 78.1911 2.87019 -13 196 1 0 1
-15.8304 9.25831 74.9003 -17.1719 10.8466 41.8965 -0.581994 -13 197 1 0 1
-2.55674 0.103497 74.9003 -11.4759 0.215575 48.0839 -0.226642 -13 198 1 0 1
-6.50394 -2.61404 74.9003 -14.145 -1.00903 48.7452 1.03487 -13 200 1 0 1
-13.9795 22.722 74.9003 -22.2341 17.6706 52.4189 -0.488498 -13 202 1 0 1
-11.6338 3.38483 74.9003 -20.9052 1.82086 57.7326 0.606117 -13 203 1 0 1
-15.375 1.09596 74.9003 -19.4101 5.84044 32.7327 1.81224 -13 205 1 0 1
1.9822 2.57066 74.9003 -7.57976 2.71571 46.2421 -0.000202177 -13 210 1 0 1
-2.38294 11.0868 74.9003 -10.871 5.551 39.8952 1.01569 -13 211 1 0 1
-14.5227 16.4246 74.9003 -28.018 17.153 66.3429 2.41341 -13 212 1 0 1
-11.9517 5.69394 74.9003 -25.7843 4.79061 70.606 1.34324 -13 214 1 0 1
-8.08625 -7.36238 74.9003 -20.9006 -11.0034 68.2246 2.06039 -13 215 1 0 1
-7.71585 0.373023 74.9003 -19.8417 0.600109 66.7185 1.46549 -13 216 1 0 1
5.1125 8.45488 74.9003 -6.1567 7.40114 44.0745 -0.552611 -13 217 1 0 1
-14.8883 0.0775756 74.9003 -25.3188 -0.0415682 60.1857 0.520113 -13 218 1 0 1
-12.2445 -4.15936 74.9003 -26.9266 -4.6083 72.3772 0.372398 -13 219 1 0 1
-7.46807 0.984398 74.9003 -20.0498 -0.598134 68.975 2.72203 -13 220 1 0 1
0.483258 -7.09674 74.9003 -8.32023 -7.34155 54.0723 1.35126 -13 221 1 0 1
-13.3252 9.10383 74.9003 -26.0505 10.0758 66.824 -0.436544 -13 222 1 0 1
-13.6805 10.1095 74.9003 -20.4958 8.57441 49.3351 0.132672 -13 226 1 0 1
-13.8031 6.80593 74.9003 -23.0485 5.51672 57.8797 0.420302 -13 227 1 0 1
-10.0995 -0.145513 74.9003 -25.7118 -0.50168 73.552 -1.55585 -13 228 1 0 1
-10.0666 -11.551 74.9003 -15.8724 -7.42383 41.3197 0.113851 -13 230 1 0 1
3.71141 15.8315 74.9003 -7.77563 17.8697 64.6337 1.61353 -13 231 1 0 1
3.98222 19.4065 74.9003 -6.63161 17.395 58.6323 1.26257 -13 232 1 0 1
-11.3682 -2.95652 74.9003 -24.8466 -5.44303 68.7056 0.65456 -13 235 1 0 1
-2.77298 -19.9602 74.9003 -11.9889 -14.4116 50.1123 1.22101 -13 237 1 0 1
-11.1435 1.40182 74.9003 -20.6286 0.908339 58.0022 0.495405 -13 238 1 0 1
-12.9413 19.4915 74.9003 -17.7585 12.564 39.6139 0.142046 -13 240 1 0 1
-1.85117 -11.6008 74.9003 -13.1634 -10.2591 66.5911 0.278146 -13 243 1 0 1
-4.28939 0.293246 74.9003 -18.0003 0.258899 73.8559 1.04397 -13 244 1 0 1
-3.63322 5.25544 74.9003 -15.9458 8.86131 69.2016 -0.308872 -13 245 1 0 1
-9.41987 5.82205 74.9003 -21.5868 8.68401 66.6257 0.196519 -13 246 1 0 1
-10.4433 -7.68862 74.9003 -19.6862 -5.3181 57.0013 0.103078 -13 247 1 0 1
-14.6848 -5.88234 74.9003 -25.7119 -5.49325 62.2326 1.08579 -13 248 1 0 1
4.82831 7.5971 74.9003 -6.37543 4.24118 61.2933 -0.520704 -13 249 1 0 1
-8.85397 -11.5348 74.9003 -20.4429 -11.7804 63.6818 -1.08516 -13 250 1 0 1
-3.97237 19.3015 74.9003 -14.2227 14.3095 59.252 -0.588745 -13 251 1 0 1
-2.02654 0.879252 74.9003 -12.0435 -0.2408 62.2699 0.692348 -13 252 1 0 1
-12.5143 13.7038 74.9003 -25.263 15.8636 65.0001 -0.939034 -13 253 1 0 1
-11.0742 5.74673 74.9003 -18.2634 5.01882 49.5233 -0.0208652 -13 254 1 0 1
-12.2276 1.00401 74.9003 -27.192 3.24889 72.1718 0.34326 -13 255 1 0 1
-15.0215 -14.3912 74.9003 -21.1136 -8.91448 37.9074 0.28245 -13 257 1 0 1
-9.24554 -0.163286 74.9003 -19.2606 -1.17789 59.7873 0.556948 -13 258 1 0 1
-7.41406 1.04173 74.9003 -15.5187 -0.545744 54.3115 -0.723186 -13 259 1 0 1
-13.7309 -3.32833 74.9003 -26.3943 -5.47478 66.8354 0.112137 -13 260 1 0 1
-7.98419 -3.74621 74.9003 -17.343 -2.97801 60.1076 2.54031 -13 262 1 0 1
-1.99922 -8.77381 74.9003 -12.3666 -8.10149 61.2145 -1.04583 -13 263 1 0 1
-14.834 -4.5907 74.9003 -20.5075 -3.48052 45.6128 0.289848 -13 264 1 0 1
0.192326 10.3244 74.9003 -10.3943 10.8824 61.7536 1.13592 -13 265 1 0 1
-4.22771 3.86369 74.9003 -15.9862 2.28875 68.4215 0.999056 -13 266 1 0 1
-13.0859 5.31481 74.9003 -22.8367 2.26232 58.8664 0.144662 -13 267 1 0 1
-16.3986 -2.39633 74.9003 -22.4751 0.585283 26.6089 1.71353 -13 270 1 0 1
-4.64025 -7.5961 74.9003 -18.9338 -11.1662 75.1189 -0.432984 -13 271 1 0 1
-14.2306 -10.1665 74.9003 -23.2417 -9.77339 56.2634 2.0474 -13 272 1 0 1
-6.65347 3.33845 74.9003 -17.5338 5.21903 63.6943 -1.60387 -13 274 1 0 1
-2.39001 -3.19362 74.9003 -12.4108 -4.33211 57.5673 0.156918 -13 275 1 0 1
-6.99524 -11.0211 74.9003 -15.2945 -9.96403 53.2331 1.65538 -13 277 1 0 1
-6.87772 4.10071 74.9003 -16.6224 2.68543 58.6095 0.68854 -13 280 1 0 1
-10.9053 -4.05751 74.9003 -22.201 -2.51223 62.2335 -0.861191 -13 281 1 0 1
-6.26469 -14.2809 74.9003 -14.0451 -10.3724 46.253 -1.08541 -13 283 1 0 1
-11.1773 11.9498 74.9003 -18.6474 7.13582 50.987 0.129859 -13 284 1 0 1
-10.5269 30.6304 74.9003 -25.3725 34.6892 66.5049 0.15209 -13 288 1 0 1
-13.115 10.9215 74.9003 -28.1549 12.4898 71.6352 0.863116 -13 289 1 0 1
6.29714 -2.36255 74.9003 -5.26114 -2.29199 44.781 0.699515 -13 290 1 0 1
-9.90587 -6.43647 74.9003 -24.3181 -8.45206 71.05 0.849508 -13 291 1 0 1
-10.6268 4.33148 74.9003 -23.6246 5.65695 68.3158 0.139813 -13 292 1 0 1
6.58618 4.88192 74.9003 -5.31085 9.05208 70.1851 2.00167 -13 294 1 0 1
-13.3749 -3.12703 74.9003 -23.6415 -3.50629 60.7105 0.514202 -13 295 1 0 1
-3.03654 -4.19483 74.9003 -12.0243 -4.49927 52.3243 3.01568 -13 297 1 0 1
-8.70869 -0.434543 74.9003 -19.8397 -2.3458 63.7584 -1.44307 -13 298 1 0 1
-14.6254 7.37388 74.9003 -23.5767 5.09536 57.6283 -0.327481 -13 301 1 0 1
-12.1177 0.426166 74.9003 -21.3536 2.67196 57.7822 0.448347 -13 303 1 0 1
-13.8983 8.02668 74.9003 -24.3061 9.42411 60.0536 0.964148 -13 304 1 0 1
-8.99741 -0.157295 74.9003 -19.7612 -1.65085 62.9112 -0.623456 -13 306 1 0 1
-12.4865 -14.4106 74.9003 -24.2457 -17.5926 62.5501 -0.875894 -13 307 1 0 1
-12.3362 -13.776 74.9003 -25.5322 -14.4953 67.293 0.489253 -13 308 1 0 1
-1.24298 -5.33064 74.9003 -13.7971 -5.53899 70.4995 -0.0031844 -13 310 1 0 1
-13.5497 -2.9295 74.9003 -16.0657 1.0812 29.5632 -0.956047 -13 311 1 0 1
-4.71531 -7.49648 74.9003 -16.8854 -7.28247 66.1717 -0.192928 -13 314 1 0 1
-5.85392 1.59238 74.9003 -15.5826 3.71595 59.3731 -1.03833 -13 315 1 0 1
-15.2194 -10.3544 74.9003 2.32652 -22.1332 44.1584 1.1832 -13 317 1 0 1
-7.32551 2.38224 74.9003 -19.0779 3.83908 66.6889 -1.02412 -13 318 1 0 1
-11.7761 11.6906 74.9003 -24.077 14.3525 64.1695 2.41559 -13 319 1 0 1
-1.51821 0.611769 74.9003 -13.6334 0.744576 70.7529 0.969152 -13 320 1 0 1
-4.75999 -0.893377 74.9003 -13.9958 -1.34466 54.6214 -1.22569 -13 321 1 0 1
-13.4754 2.66862 74.9003 -31.506 4.06784 73.659 2.22613 -13 322 1 0 1
-1.83021 -4.89143 74.9003 -15.1246 -1.91793 74.058 0.586975 -13 323 1 0 1
-8.97194 7.38668 74.9003 -19.4975 7.36418 62.3238 -0.281285 -13 324 1 0 1
-11.1315 -6.72264 74.9003 -23.9564 -7.82317 67.6135 0.364745 -13 325 1 0 1
-10.3862 9.43938 74.9003 -21.6706 10.7019 64.098 1.47607 -13 329 1 0 1
-2.54647 -3.98627 74.9003 -16.169 -2.59044 74.4162 -0.486977 -13 330 1 0 1
-8.7578 5.57002 74.9003 -15.6292 4.83207 45.121 4.51661 -13 333 1 0 1
-5.37314 -8.42578 74.9003 -16.0204 -8.758 63.8395 0.709445 -13 335 1 0 1
-14.1863 -2.0496 74.9003 -26.4108 -1.54134 63.5219 -0.289846 -13 336 1 0 1
-12.3425 -11.2241 74.9003 -19.7717 -11.295 49.0604 1.30853 -13 338 1 0 1
-14.804 -9.39846 74.9003 -20.2012 -6.12369 44.3899 0.811852 -13 339 1 0 1
-14.0009 4.11267 74.9003 -25.4687 5.09001 63.8294 0.572959 -13 340 1 0 1
-4.84053 2.60102 74.9003 -18.6731 0.450129 74.6476 0.296262 -13 341 1 0 1
-12.4123 5.20361 74.9003 -25.889 6.90112 68.2182 0.971553 -13 342 1 0 1
-11.5821 -4.991 74.9003 -20.8359 -6.99052 57.6878 0.0167363 -13 343 1 0 1
-5.29794 -0.609444 74.9003 -13.3017 1.69549 47.4112 0.106564 -13 344 1 0 1
-9.37637 -3.97189 74.9003 -20.6775 -2.78941 65.2333 -0.491194 -13 345 1 0 1
-15.5038 0.594722 74.9003 -25.6256 1.77522 53.8702 -0.471338 -13 347 1 0 1
-15.1141 6.29041 74.9003 -29.226 -1.08118 37.8426 -0.069865 -13 348 1 0 1
0.491071 1.99743 74.9003 -9.54642 0.663252 55.8088 1.22737 -13 349 1 0 1
-8.35271 -5.94574 74.9003 -18.8602 -5.23658 61.9545 1.13675 -13 350 1 0 1
-14.3967 6.65944 74.9003 -26.3763 5.66717 64.3593 -1.19136 -13 352 1 0 1
-14.0112 8.11039 74.9003 -23.9168 6.90372 60.113 0.13514 -13 353 1 0 1
-15.6794 10.4596 74.9003 -2.33021 5.58683 14.6804 0.822848 -13 354 1 0 1
-13.4877 7.86013 74.9003 -27.3302 8.99411 68.1404 -0.129627 -13 355 1 0 1
-5.21958 8.67018 74.9003 -14.7354 9.57849 57.0293 0.650992 -13 356 1 0 1
-2.88876 10.2193 74.9003 -11.9109 9.7776 49.5366 1.00358 -13 358 1 0 1
-8.94581 1.45782 74.9003 -18.3237 3.84215 58.7773 0.819765 -13 359 1 0 1
-16.3417 -5.50088 74.9003 -20.5113 -12.7916 49.2559 -0.266 -13 360 1 0 1
-6.19339 1.07474 74.9003 -20.7507 2.9722 74.136 0.197541 -13 361 1 0 1
-12.152 3.50588 74.9003 -26.0816 5.36652 69.5059 0.0293254 -13 363 1 0 1
-9.42812 -3.90621 74.9003 -20.2288 -2.79597 60.8203 0.60185 -13 364 1 0 1
-7.60553 8.13455 74.9003 -14.8128 7.31021 47.3317 -1.49027 -13 365 1 0 1
-2.95053 -1.90545 74.9003 -10.9311 -1.60856 43.8966 2.66935 -13 366 1 0 1
-6.60839 -1.43441 74.9003 -12.8475 -2.41967 38.5632 1.77748 -13 367 1 0 1
-15.1569 7.93478 74.9003 -19.5299 2.36151 58.6831 0.917878 -13 368 1 0 1
-11.0974 -1.57304 74.9003 -19.8775 0.27492 56.3517 -0.720462 -13 369 1 0 1
-14.5686 -5.90661 74.9003 -24.5243 -4.78838 60.6642 2.75063 -13 371 1 0 1
-12.3981 -8.23524 74.9003 -18.9854 -8.95674 49.3696 1.21931 -13 372 1 0 1
-16.1135 -0.859556 74.9003 -9.79564 -14.1295 56.4441 0.968649 -13 374 1 0 1
1.36696 -5.39574 74.9003 -12.1112 -8.08588 77.17 1.50844 -13 377 1 0 1
-10.2276 -21.7543 74.9003 -21.5399 -22.6735 60.8154 1.01361 -13 379 1 0 1
-3.4712 -0.0901902 74.9003 -13.0934 2.34065 58.208 1.53121 -13 381 1 0 1
-2.80945 -9.61985 74.9003 -15.236 -10.6409 70.3331 0.00341386 -13 382 1 0 1
0.220831 3.88706 74.9003 -9.35147 1.82279 57.9455 -0.970109 -13 384 1 0 1
-12.6659 -4.36119 74.9003 -23.3115 -6.3429 62.3988 2.13744 -13 385 1 0 1
-6.03122 -1.2709 74.9003 -17.57 -2.09815 66.8269 2.2802 -13 386 1 0 1
-16.6115 -0.0215709 74.9003 -15.7099 6.87572 40.2099 0.482852 -13 387 1 0 1
-11.2217 13.6157 74.9003 -20.2376 12.9977 55.5134 1.43068 -13 389 1 0 1
3.10974 2.17347 74.9003 -6.79506 1.16427 51.8999 0.16821 -13 391 1 0 1
-11.2241 10.5166 74.9003 -20.409 8.08753 56.4448 -0.420749 -13 394 1 0 1
-12.4179 12.5971 74.9003 -26.0847 15.8302 68.8744 -1.30764 -13 395 1 0 1
2.53313 2.26032 74.9003 -8.28252 0.181018 62.5699 0.216113 -13 396 1 0 1
-8.10854 -17.5728 74.9003 -17.3055 -14.4849 55.362 1.66126 -13 397 1 0 1
-3.56449 2.47549 74.9003 -14.4849 1.72222 64.4908 1.22308 -13 398 1 0 1
-12.036 -12.9793 74.9003 -24.6734 -11.9908 65.5095 2.40339 -13 399 1 0 1
-8.53149 -0.370946 74.9003 -18.6445 3.38347 61.0224 0.343802 -13 400 1 0 1
-3.4171 0.36409 74.9003 -15.8597 1.02239 69.8843 0.118737 -13 401 1 0 1
-4.43179 5.99208 74.9003 -13.2234 4.75847 56.7401 0.0900794 -13 402 1 0 1
-11.6663 -23.5521 74.9003 -23.1606 -25.6243 62.3381 0.603932 -13 403 1 0 1
-4.41031 -13.0991 74.9003 -15.1387 -14.8264 62.6872 1.58367 -13 404 1 0 1
-15.6898 -5.37766 74.9003 -31.4309 2.56745 39.868 -0.18126 -13 406 1 0 1
-15.5612 -3.63582 74.9003 -12.1736 -2.59389 55.4416 1.66035 -13 407 1 0 1
1.1773 8.72736 74.9003 -8.7528 7.99933 56.6632 2.19601 -13 408 1 0 1
-2.67478 -1.51994 74.9003 -13.0648 -1.50174 62.7129 0.688143 -13 409 1 0 1
-14.8209 -5.54422 74.9003 -29.187 -6.02799 69.7717 -2.22606 -13 410 1 0 1
-14.2453 6.3339 74.9003 -29.8624 5.9615 72.4215 0.429074 -13 413 1 0 1
-8.9647 10.2929 74.9003 -17.6379 9.34626 53.1359 0.748725 -13 415 1 0 1
-11.051 4.24945 74.9003 -22.8894 2.79499 65.3169 1.83077 -13 418 1 0 1
0.459879 -0.335465 74.9003 -10.1368 -0.0646848 63.347 0.875571 -13 419 1 0 1
-9.80743 -7.20497 74.9003 -22.9154 -9.64852 69.0915 -0.0905798 -13 421 1 0 1
-3.40056 19.6145 74.9003 -11.3403 11.307 43.9382 1.09485 -13 424 1 0 1
-6.68382 -0.106644 74.9003 -16.6019 0.747157 61.7559 0.306479 -13 425 1 0 1
-13.4813 -11.142 74.9003 -27.4802 -9.86039 67.9634 -1.06991 -13 426 1 0 1
-1.96139 -8.17764 74.9003 -12.7876 -6.05477 62.0653 -0.162915 -13 427 1 0 1
-1.75568 -13.3083 74.9003 -11.2139 -12.4526 55.4325 0.284052 -13 429 1 0 1
-8.42386 -4.83724 74.9003 -22.6501 -5.89972 71.8567 2.23134 -13 431 1 0 1
-6.72585 4.12724 74.9003 -17.9797 5.70572 65.002 2.2996 -13 432 1 0 1
-12.7956 -7.65343 74.9003 -24.9107 -10.3933 64.2323 1.73567 -13 433 1 0 1
-8.48572 6.72473 74.9003 -17.4997 8.33546 56.0496 0.499705 -13 434 1 0 1
6.78887 3.14161 74.9003 -4.57634 1.95392 59.3828 1.43375 -13 435 1 0 1
-7.16416 -1.00167 74.9003 -18.4573 -0.433425 64.4844 -1.96327 -13 437 1 0 1
-4.71211 -4.84758 74.9003 -15.1672 -3.29548 61.2554 -0.768626 -13 439 1 0 1
-7.0631 9.16702 74.9003 -16.6697 8.84526 57.4033 0.589956 -13 440 1 0 1
-14.1314 -1.81396 74.9003 -24.1331 0.800766 60.2819 0.220615 -13 442 1 0 1
-11.1638 3.56808 74.9003 -18.7547 5.48285 52.2092 1.43008 -13 443 1 0 1
2.2944 0.412903 74.9003 -9.42067 1.37087 69.5467 1.30797 -13 444 1 0 1
-3.39866 -0.426586 74.9003 -15.1124 -3.22592 66.9882 0.403687 -13 445 1 0 1
-16.2643 -7.13838 74.9003 -25.8125 -6.65198 43.7266 -1.20472 -13 446 1 0 1
-3.17065 2.19662 74.9003 -12.48 2.30779 55.3343 -0.0669711 -13 447 1 0 1
-11.5684 3.013 74.9003 -23.5057 4.53866 66.0539 -1.6657 -13 448 1 0 1
-12.122 3.01112 74.9003 -18.7484 1.46057 48.0241 0.216964 -13 449 1 0 1
-4.24349 3.22943 74.9003 -19.7578 1.72006 78.7581 0.385753 -13 451 1 0 1
-8.07468 -3.97766 74.9003 -18.7731 -4.71933 64.5686 1.43305 -13 452 1 0 1
-6.62522 -7.11949 74.9003 -15.2889 -5.88822 56.8601 0.0318011 -13 453 1 0 1
-5.03025 -5.72332 74.9003 -13.605 -6.35622 52.8438 0.575713 -13 455 1 0 1
-4.14525 8.84147 74.9003 -14.9275 9.33248 62.4482 -0.28858 -13 456 1 0 1
-2.55114 7.42452 74.9003 -11.5174 8.13867 55.1258 1.17425 -13 457 1 0 1
-7.17069 -21.4592 74.9003 -16.0077 -16.382 50.1791 -0.698963 -13 458 1 0 1
-1.68776 8.96115 74.9003 -14.24 7.92087 72.852 1.99915 -13 459 1 0 1
-8.18526 5.83574 74.9003 -18.2441 6.00824 61.0844 0.0640058 -13 462 1 0 1
-5.4549 -3.90977 74.9003 -17.0553 -3.7003 66.437 1.81183 -13 463 1 0 1
-7.1674 20.8994 74.9003 -17.1323 19.024 56.6395 0.226128 -13 464 1 0 1
-8.35656 9.20957 74.9003 -17.0457 8.37258 53.0597 0.721582 -13 466 1 0 1
-2.46918 -3.67453 74.9003 -9.75814 -1.10678 33.0922 0.432965 -13 467 1 0 1
-10.0553 -2.83312 74.9003 -17.7407 -4.79081 52.6236 -0.44529 -13 468 1 0 1
-7.15494 -7.81016 74.9003 -17.7617 -6.17542 61.5527 -0.104787 -13 470 1 0 1
-11.0458 -15.1518 74.9003 -16.103 -9.13615 37.8687 1.69466 -13 472 1 0 1
-3.21029 -7.88264 74.9003 -13.0065 -7.37608 60.0514 -0.252343 -13 474 1 0 1
-7.0264 6.58737 74.9003 -19.2013 8.19665 67.8547 1.91756 -13 475 1 0 1
-8.78643 14.0414 74.9003 -19.1213 12.1616 62.8398 -0.922959 -13 477 1 0 1
-14.7555 -5.56843 74.9003 -23.8674 -4.31971 56.0573 -1.39888 -13 478 1 0 1
-11.2847 -0.221131 74.9003 -17.4489 -1.10019 43.6906 -0.164975 -13 479 1 0 1
-7.24447 6.05955 74.9003 -15.7027 5.94137 51.931 0.719842 -13 480 1 0 1
3.27007 3.06751 74.9003 -6.8183 1.52842 29.6558 1.25049 -13 481 1 0 1
-13.1098 -12.4941 74.9003 -21.238 -12.2484 52.7129 3.16184 -13 486 1 0 1
-2.52391 3.03783 74.9003 -14.3959 1.68107 67.5293 0.499004 -13 487 1 0 1
-10.7924 -10.8897 74.9003 -20.5447 -11.9521 59.0073 -1.42189 -13 490 1 0 1
-9.6459 5.48632 74.9003 -21.5444 3.27028 66.2112 1.23162 -13 491 1 0 1
-9.08747 4.95116 74.9003 -18.6147 6.54662 57.7891 1.57806 -13 492 1 0 1
-15.555 -4.76253 74.9003 -14.3219 4.29742 42.3424 1.43779 -13 493 1 0 1
-9.09607 10.4395 74.9003 -14.5335 4.11149 39.5534 -2.19372 -13 495 1 0 1
-15.2154 -11.4267 74.9003 -13.8501 -0.66991 31.3598 0.804417 -13 496 1 0 1
-14.1113 -1.02661 74.9003 -24.2672 -0.624001 59.1658 0.665496 -13 497 1 0 1
-13.8568 17.342 74.9003 -19.8111 11.2668 45.0613 -0.362861 -13 499 1 0 1
5.15539 -0.966099 74.9003 -5.52372 -2.38043 51.7721 -0.705114 -13 500 1 0 1
-5.96649 7.59617 74.9003 -21.0141 7.45785 75.3253 0.0584524 -13 501 1 0 1
3.91608 1.97731 74.9003 -6.20538 1.70776 56.7559 -0.729793 -13 505 1 0 1
-16.3646 -1.09627 74.9003 -33.3321 4.972 55.9438 1.62952 -13 506 1 0 1
-5.73951 13.6969 74.9003 -14.0019 10.2454 46.3002 0.906889 -13 507 1 0 1
-3.84563 -10.5115 74.9003 -13.8812 -8.77907 61.1646 1.35424 -13 508 1 0 1
-2.69963 -4.59428 74.9003 -15.3607 -4.56635 70.9116 0.368371 -13 509 1 0 1
-10.5898 2.08746 74.9003 -17.5427 2.72871 47.6186 1.55234 -13 513 1 0 1
-13.8634 0.379439 74.9003 -21.3106 2.56309 51.912 -1.53965 -13 516 1 0 1
-9.90233 0.076372 74.9003 -22.5285 -1.71602 68.0427 -0.775836 -13 517 1 0 1
-9.43387 1.29189 74.9003 -19.5148 2.17164 61.567 1.17888 -13 518 1 0 1
-10.2655 -4.14894 74.9003 -18.8669 -5.43988 56.7223 2.90209 -13 520 1 0 1
-15.3034 -11.7753 74.9003 -28.9533 -6.42861 59.1214 -1.11712 -13 521 1 0 1
-7.94505 4.62828 74.9003 -24.0261 5.11973 76.9049 1.23152 -13 522 1 0 1
-15.5945 6.28637 74.9003 -3.28314 23.2162 34.1386 1.2227 -13 523 1 0 1
-10.806 -6.48527 74.9003 -19.9437 -2.3833 57.9108 1.09502 -13 524 1 0 1
-14.946 4.90752 74.9003 -21.5537 3.62179 50.5789 3.08004 -13 528 1 0 1
2.8347 -8.80308 74.9003 -8.96563 -12.2539 70.1662 1.12829 -13 529 1 0 1
-12.6813 1.89137 74.9003 -23.4402 1.73966 62.5358 -0.256725 -13 530 1 0 1
-6.90764 2.9238 74.9003 -15.7079 3.28544 57.0191 1.35983 -13 531 1 0 1
-3.89889 -0.666273 74.9003 -15.7051 0.0798965 68.1597 1.30208 -13 534 1 0 1
-11.5654 11.3771 74.9003 -23.3762 14.7214 63.2848 -2.47972 -13 535 1 0 1
-6.22265 -2.49418 74.9003 -14.8935 -0.377439 52.594 -0.525154 -13 536 1 0 1
-1.85233 10.4581 74.9003 -11.6193 9.11977 62.1492 0.457199 -13 538 1 0 1
0.714258 -4.48977 74.9003 -12.6855 -4.45542 75.7964 1.69495 -13 540 1 0 1
-14.0437 6.69166 74.9003 -26.494 8.29187 65.0664 1.29019 -13 541 1 0 1
-5.59621 1.15697 74.9003 -16.8885 2.29443 65.4291 0.349428 -13 542 1 0 1
-1.85977 -5.30497 74.9003 -12.6188 -7.37006 65.4265 -0.179641 -13 543 1 0 1
-5.73761 -2.66604 74.9003 -15.8031 -3.08401 60.8437 0.778255 -13 544 1 0 1
-7.16518 -16.0684 74.9003 18.5732 -3.25976 20.7832 1.04609 -13 546 1 0 1
-8.17715 5.07611 74.9003 -17.9015 6.81376 58.3153 2.62543 -13 548 1 0 1
-6.75527 -3.29429 74.9003 -15.6188 -1.03981 55.2584 2.93825 -13 549 1 0 1
-11.6028 -10.76 74.9003 -14.7774 -3.34904 28.9194 1.83372 -13 551 1 0 1
-2.55626 5.77311 74.9003 -15.8362 6.49281 71.935 1.56074 -13 555 1 0 1
-4.35036 -1.07603 74.9003 -14.2595 -1.59519 59.5289 2.7862 -13 557 1 0 1
-5.0123 -3.7094 74.9003 -17.3044 -5.5858 68.0195 -0.0109866 -13 564 1 0 1
-10.0196 -8.7769 74.9003 -18.0103 -6.29907 52.6415 0.574619 -13 567 1 0 1
-13.7003 8.33213 74.9003 -25.7987 9.55565 65.5126 0.511646 -13 568 1 0 1
-11.51 -6.04648 74.9003 -20.9438 -5.90997 57.3371 2.15441 -13 569 1 0 1
-12.0744 -8.43418 74.9003 -18.1216 -5.03934 46.6556 -1.99269 -13 570 1 0 1
-9.32884 -5.0487 74.9003 -23.1376 -7.35249 71.4209 0.170789 -13 572 1 0 1
-11.3496 -3.81909 74.9003 -23.2413 -3.94954 65.078 0.514922 -13 575 1 0 1
-10.9197 3.37818 74.9003 -22.2887 0.445572 64.5353 -0.560993 -13 576 1 0 1
-8.49432 -7.14903 74.9003 -19.3615 -4.04837 62.2836 -1.63323 -13 577 1 0 1
-3.35166 -13.6431 74.9003 -13.212 -12.8133 59.6248 0.105411 -13 579 1 0 1
-1.08526 5.57709 74.9003 -11.2814 3.92953 61.0431 0.419326 -13 581 1 0 1
-0.870354 1.32461 74.9003 -10.0522 2.40106 47.4972 0.404678 -13 582 1 0 1
-3.3974 -1.59904 74.9003 -15.4407 -2.65247 69.1105 -0.120415 -13 583 1 0 1
-8.60275 -1.97911 74.9003 -19.2209 -3.7163 60.5945 -0.411068 -13 584 1 0 1
-9.20345 -5.85224 74.9003 -20.3052 -7.29353 62.0311 -1.71084 -13 585 1 0 1
-12.5973 -8.73231 74.9003 -25.186 -10.1526 65.7979 2.51443 -13 586 1 0 1
-3.4119 -0.225758 74.9003 -14.3879 1.29286 64.9018 -1.78915 -13 588 1 0 1
-12.0525 2.15423 74.9003 -24.0303 1.2923 65.2885 -0.91213 -13 589 1 0 1
-17.4379 -1.03038 74.9003 -12.5821 2.01604 36.6389 2.91165 -13 591 1 0 1
-11.4581 0.58182 74.9003 -23.3725 -0.235803 67.0058 -2.28441 -13 592 1 0 1
-7.25359 6.46785 74.9003 -17.0941 3.43519 61.2533 2.29014 -13 593 1 0 1
-7.8818 -5.11753 74.9003 -18.1489 -3.31041 60.5799 0.936329 -13 595 1 0 1
-7.85719 -8.66491 74.9003 -24.211 -11.1793 77.0333 -1.40466 -13 598 1 0 1
-7.57647 -0.991208 74.9003 -17.0576 -1.196 56.4917 1.56122 -13 601 1 0 1
-9.50791 -5.28507 74.9003 -19.2863 -4.61861 60.2909 0.99889 -13 602 1 0 1
-3.77364 2.24725 74.9003 -11.2786 0.670847 45.8866 0.599936 -13 604 1 0 1
-2.82629 -2.09611 74.9003 -14.3078 -2.10914 64.9344 2.9778 -13 606 1 0 1
-1.20641 10.7127 74.9003 -15.0565 14.8051 74.1298 -0.42014 -13 607 1 0 1
-14.4176 7.17516 74.9003 -25.1186 10.6586 61.3751 -1.29707 -13 610 1 0 1
-14.487 0.755021 74.9003 -20.7672 -1.05655 48.9578 1.34399 -13 611 1 0 1
0.697534 0.831964 74.9003 -9.50512 2.31836 56.0692 -1.83647 -13 612 1 0 1
-5.47753 -11.9931 74.9003 -12.407 -6.53465 35.2982 1.90821 -13 613 1 0 1
-13.1764 -5.61272 74.9003 -22.6475 -6.85256 59.1024 0.0858141 -13 614 1 0 1
-5.61504 4.02626 74.9003 -19.9668 6.03695 74.8856 0.130215 -13 616 1 0 1
-15.9491 -7.8526 74.9003 -11.6993 7.93678 41.4141 -0.292649 -13 617 1 0 1
-15.2588 24.5111 74.9003 -24.6818 16.6216 45.8961 -0.585131 -13 618 1 0 1
-2.3518 13.1071 74.9003 -11.469 11.094 49.1229 1.16683 -13 619 1 0 1
-13.7238 3.27778 74.9003 -29.2154 3.38961 72.1665 -1.85505 -13 620 1 0 1
-10.9164 -11.451 74.9003 -19.6319 -7.77046 55.4217 1.09499 -13 621 1 0 1
-6.55178 -27.8577 74.9003 -15.4441 -20.2887 51.4491 0.805652 -13 622 1 0 1
-11.0624 -5.9843 74.9003 -19.7325 -3.47276 56.6636 0.113479 -13 623 1 0 1
-13.3683 -4.65034 74.9003 -22.8476 -5.32998 59.02 0.104465 -13 624 1 0 1
-2.96045 -0.797418 74.9003 -15.1774 -2.34571 68.812 2.82305 -13 626 1 0 1
-11.1938 -15.8691 74.9003 -23.3566 -15.517 65.9519 0.527306 -13 628 1 0 1
-16.0556 15.0838 74.9003 -18.0394 6.11259 40.8243 0.603725 -13 629 1 0 1
-13.7499 3.59301 74.9003 -21.3252 3.61277 54.147 -0.227699 -13 631 1 0 1
-7.4063 -7.25475 74.9003 -18.4796 -6.89862 64.2439 -1.12187 -13 632 1 0 1
-0.349767 4.20468 74.9003 -9.80008 2.90483 54.9236 -0.38509 -13 633 1 0 1
2.88047 -1.07373 74.9003 -7.1417 0.0517521 51.777 0.643173 -13 635 1 0 1
-4.45204 -1.06768 74.9003 -17.1986 -2.21383 69.9125 0.462379 -13 637 1 0 1
-4.0218 -8.03432 74.9003 -15.0436 -7.80261 63.941 -1.57055 -13 639 1 0 1
-11.9243 8.95081 74.9003 -16.0676 4.89953 33.8826 -1.56909 -13 640 1 0 1
-5.15622 -13.4999 74.9003 -15.3517 -13.074 58.8554 -0.906327 -13 641 1 0 1
-7.94223 -8.62427 74.9003 -16.2122 -6.0589 54.5167 0.391545 -13 642 1 0 1
-9.18989 -16.7243 74.9003 -21.3495 -17.3097 65.363 0.00669847 -13 643 1 0 1
-8.31142 -6.87069 74.9003 -16.8111 -5.15221 54.5791 1.42769 -13 645 1 0 1
-4.42773 3.15031 74.9003 -15.5026 3.86647 66.1567 0.256764 -13 649 1 0 1
-12.1056 -5.57366 74.9003 -25.712 -4.58166 68.8191 1.31687 -13 650 1 0 1
-8.97341 1.9864 74.9003 -20.5209 1.61406 64.5102 0.860796 -13 651 1 0 1
-9.3715 -4.88366 74.9003 -21.0001 -3.56429 64.5872 0.988379 -13 653 1 0 1
-7.11556 -5.45163 74.9003 -12.3784 -3.0509 37.0497 0.122708 -13 654 1 0 1
-3.62169 -8.30106 74.9003 -13.5088 -5.6111 59.1069 0.986521 -13 657 1 0 1
-14.3372 -10.1 74.9003 -26.1336 -7.88523 63.0514 2.58535 -13 659 1 0 1
-10.6676 1.7848 74.9003 -21.4705 2.24183 61.8607 -1.14268 -13 660 1 0 1
-15.7103 -4.12338 74.9003 -16.7636 -11.6019 63.0558 1.97389 -13 661 1 0 1
-6.01256 4.05561 74.9003 -14.9561 4.51605 55.0064 0.829474 -13 663 1 0 1
-16.2693 -8.20867 74.9003 -32.9136 8.75345 46.2839 2.08974 -13 664 1 0 1
-13.527 -3.51243 74.9003 -28.208 -4.94207 70.987 0.634849 -13 665 1 0 1
-12.234 -1.49766 74.9003 -21.073 -0.890223 55.6865 -1.77382 -13 667 1 0 1
-9.90259 -14.4939 74.9003 -20.5881 -14.1534 62.988 1.73802 -13 669 1 0 1
-5.60765 -8.74309 74.9003 -18.1735 -8.78509 69.7311 0.361981 -13 670 1 0 1
-10.1242 -22.6099 74.9003 -19.5922 -19.6194 55.6887 0.871482 -13 671 1 0 1
-2.79611 10.3755 74.9003 -12.8633 8.31223 54.364 1.94932 -13 672 1 0 1
-4.00594 12.1591 74.9003 -13.6976 9.92061 58.8866 0.704005 -13 673 1 0 1
1.35719 5.54475 74.9003 -9.88415 5.33093 61.3324 1.21538 -13 674 1 0 1
-15.5361 -14.1932 74.9003 -24.7703 -8.46355 47.8067 3.553 -13 675 1 0 1
-0.41051 5.73765 74.9003 -9.89958 5.39227 47.9828 0.255453 -13 676 1 0 1
0.320918 -5.14202 74.9003 -11.4183 -6.00074 65.681 1.35187 -13 677 1 0 1
-9.39302 7.45949 74.9003 -21.8295 11.7009 67.494 1.89047 -13 678 1 0 1
-11.0591 -5.61706 74.9003 -23.8953 -9.70849 68.1191 -2.89146 -13 681 1 0 1
5.10005 1.78307 74.9003 -6.16643 4.51678 61.4274 2.40924 -13 683 1 0 1
-14.5398 -7.12884 74.9003 -23.3827 -5.93746 56.4221 0.172102 -13 684 1 0 1
11.7656 -7.66595 74.9003 0.224358 -9.9772 69.7311 -1.32557 -13 685 1 0 1
-5.69759 11.0318 74.9003 -17.4225 11.6645 66.4356 0.767578 -13 686 1 0 1
-14.3208 -5.10361 74.9003 -24.5184 -6.31027 59.7075 0.347169 -13 688 1 0 1
-2.6608 -13.4518 74.9003 -12.4541 -13.3553 57.9588 1.38601 -13 690 1 0 1
-8.18466 0.285322 74.9003 -18.8774 -1.53155 61.403 -1.58267 -13 691 1 0 1
-12.5942 5.78828 74.9003 -21.9542 2.94325 57.5887 -0.561787 -13 692 1 0 1
-10.6172 -9.38905 74.9003 -21.1134 -6.83316 60.7164 2.74497 -13 694 1 0 1
-15.1689 5.45815 74.9003 -28.847 3.13106 62.1422 0.901196 -13 697 1 0 1
-0.712811 -12.1264 74.9003 -9.16249 -6.95936 42.4176 -0.222404 -13 699 1 0 1
-6.2636 -2.68727 74.9003 -18.9717 -2.7857 69.4178 1.75115 -13 700 1 0 1
-7.35388 8.4275 74.9003 -19.0696 10.6263 66.6991 1.70375 -13 701 1 0 1
-11.0659 3.52761 74.9003 -16.5563 2.64688 40.0413 1.82509 -13 702 1 0 1
-16.0995 4.43321 74.9003 -33.49 7.78884 59.1054 -1.86852 -13 703 1 0 1
-4.74157 11.1913 74.9003 -13.5966 10.9866 54.3427 -0.0578152 -13 704 1 0 1
-11.3254 6.25352 74.9003 -18.3295 4.19565 49.4182 1.85291 -13 705 1 0 1
-10.4063 0.784897 74.9003 -23.177 4.01279 68.1273 3.68108 -13 707 1 0 1
-12.2172 -3.21059 74.9003 -22.3573 -4.41323 61.1806 0.467117 -13 709 1 0 1
-12.2737 -9.43634 74.9003 -15.8936 -7.04729 36.0011 -0.413293 -13 710 1 0 1
-4.98624 2.97225 74.9003 -13.2004 0.749065 47.9594 0.125734 -13 711 1 0 1
-13.654 -8.9568 74.9003 -25.2239 -8.52722 63.1983 1.76906 -13 712 1 0 1
-12.0674 -7.83445 74.9003 -28.8635 -10.794 75.1 0.354677 -13 713 1 0 1
-13.5502 0.718596 74.9003 -19.0084 -0.940733 44.4902 2.12416 -13 714 1 0 1
-14.644 6.33723 74.9003 -27.0409 7.78881 65.0062 -0.699422 -13 715 1 0 1
-8.30299 10.4077 74.9003 -15.3567 7.43609 46.9686 1.67782 -13 716 1 0 1
-8.73007 1.30208 74.9003 -16.0591 0.650017 50.1265 2.22582 -13 717 1 0 1
-15.8691 0.125753 74.9003 -42.1338 0.680028 45.7318 1.3157 -13 718 1 0 1
-6.42555 2.07215 74.9003 -18.6837 3.83115 68.3549 0.266954 -13 719 1 0 1
-15.093 3.05478 74.9003 -24.3553 7.56752 57.8539 2.47659 -13 720 1 0 1
-4.65476 -11.6456 74.9003 -17.0845 -12.0889 68.4161 0.280408 -13 721 1 0 1
-6.74928 -8.94579 74.9003 -15.2134 -7.9864 52.0718 -1.10279 -13 722 1 0 1
-10.9871 -5.93062 74.9003 -20.3318 -3.67489 57.0007 -0.801762 -13 723 1 0 1
-10.4078 10.9024 74.9003 -23.2742 10.4953 67.7635 2.37243 -13 724 1 0 1
0.537834 -15.453 74.9003 -9.20734 -12.815 52.3427 -0.547728 -13 726 1 0 1
-7.30329 4.77251 74.9003 -14.1409 3.39591 41.0484 2.43986 -13 727 1 0 1
-13.5668 26.7697 74.9003 -17.7051 15.714 34.4649 0.244145 -13 728 1 0 1
-5.92416 -5.39233 74.9003 -20.0617 -5.44478 73.1241 -1.47024 -13 729 1 0 1
-12.6322 -2.57331 74.9003 -24.6904 -1.60032 65.6126 -0.867772 -13 731 1 0 1
-16.087 8.32572 74.9003 -11.1052 2.51038 43.0272 2.39569 -13 732 1 0 1
-5.65343 1.42294 74.9003 -17.5933 -3.98944 68.8178 2.61256 -13 734 1 0 1
6.10826 8.61646 74.9003 -5.50726 4.81125 45.9409 -0.705489 -13 735 1 0 1
-9.94946 9.27544 74.9003 -16.1001 6.27647 42.3822 0.28328 -13 736 1 0 1
0.392079 1.99943 74.9003 -9.75422 3.14569 57.4807 1.93489 -13 738 1 0 1
-5.70005 -3.29917 74.9003 -15.1668 -1.39784 57.0147 -0.744476 -13 739 1 0 1
-14.9576 2.09544 74.9003 -28.2378 1.94613 67.0991 1.14441 -13 740 1 0 1
-7.9096 1.02053 74.9003 -11.3378 0.456433 11.9184 3.04388 -13 741 1 0 1
-11.2892 13.3276 74.9003 -23.3941 14.9809 65.9917 1.7023 -13 743 1 0 1
-0.0067761 10.3575 74.9003 -12.7873 10.5454 70.8442 2.31116 -13 745 1 0 1
-14.1138 -2.04246 74.9003 -25.3465 -2.03984 62.5784 -1.4394 -13 746 1 0 1
-8.65156 -2.35596 74.9003 -19.8807 -2.0813 64.5762 0.55011 -13 747 1 0 1
-5.25178 -2.02907 74.9003 -18.1598 -2.48476 70.2386 1.48117 -13 749 1 0 1
-8.18465 7.26441 74.9003 -18.2098 2.74147 61.1816 1.09098 -13 750 1 0 1
-15.0369 11.1957 74.9003 -23.7005 11.5742 61.0369 -0.0996959 -13 752 1 0 1
-11.2444 3.73883 74.9003 -20.8989 1.78445 60.2882 -0.652025 -13 753 1 0 1
-5.94246 -3.62182 74.9003 -19.5683 -4.87823 72.4237 -1.08111 -13 755 1 0 1
-6.91265 6.42817 74.9003 -18.4041 8.72941 64.959 -0.668818 -13 756 1 0 1
-0.800763 -6.93625 74.9003 -9.96941 -4.77097 52.0681 -0.695176 -13 757 1 0 1
-6.38297 -8.28305 74.9003 -14.2425 -9.25326 53.4174 0.771711 -13 758 1 0 1
-6.67902 -17.1457 74.9003 -17.0461 -16.4374 58.4481 1.54435 -13 759 1 0 1
-10.7193 7.36914 74.9003 -18.1379 5.68448 50.0609 0.630672 -13 760 1 0 1
-7.35072 -7.18258 74.9003 -16.6409 -5.19491 56.3411 1.09128 -13 761 1 0 1
0.787036 5.3133 74.9003 -9.89959 6.95238 59.652 1.65616 -13 763 1 0 1
-5.16845 3.78638 74.9003 -17.1388 4.53076 67.9946 -2.23325 -13 764 1 0 1
-1.07629 -10.3117 74.9003 -9.31736 -4.4708 25.3486 -0.431483 -13 766 1 0 1
-5.73054 -3.7104 74.9003 -15.1844 -3.8803 56.7099 -0.0484094 -13 767 1 0 1
-4.78622 -20.855 74.9003 -15.9593 -20.4416 63.1405 1.00096 -13 768 1 0 1
-16.0524 -3.04483 74.9003 -19.4846 -8.03958 50.1846 -0.676185 -13 770 1 0 1
-8.94162 -8.17556 74.9003 -16.7475 -7.61518 51.4046 0.244752 -13 772 1 0 1
-1.74845 -0.298166 74.9003 -15.4989 0.198806 74.9862 0.852511 -13 773 1 0 1
2.91654 -4.51218 74.9003 -7.48763 -5.50658 60.752 0.305678 -13 775 1 0 1
-14.6739 6.15679 74.9003 -21.2185 5.2052 50.0263 2.95077 -13 776 1 0 1
-15.3159 -5.7116 74.9003 -12.6814 9.136 59.7982 0.349077 -13 777 1 0 1
-15.358 11.4078 74.9003 -13.8469 9.95494 30.6117 3.06875 -13 778 1 0 1
-3.88989 -1.86671 74.9003 -14.3487 -1.58877 65.9776 -0.544508 -13 780 1 0 1
-5.202 1.19979 74.9003 -16.0853 -0.314892 64.9167 0.252527 -13 781 1 0 1
-1.79532 -6.04882 74.9003 -11.561 -4.57533 57.4473 1.37459 -13 783 1 0 1
-1.05492 3.19803 74.9003 -10.067 1.3428 46.1065 -0.577589 -13 787 1 0 1
2.57403 -2.90578 74.9003 -9.0395 -5.57834 70.2981 0.786741 -13 789 1 0 1
-9.73752 -2.67295 74.9003 -19.2232 -4.50737 56.5914 2.40152 -13 790 1 0 1
-5.86489 -11.3154 74.9003 -16.9952 -13.0963 64.8468 -1.05324 -13 791 1 0 1
-12.2056 -2.79 74.9003 -22.5438 -2.50517 62.1415 2.56441 -13 792 1 0 1
-8.40513 -2.47521 74.9003 -16.0969 -3.26096 48.5016 2.21791 -13 793 1 0 1
-10.3126 -0.818078 74.9003 -16.1306 -2.43847 44.0748 -0.366844 -13 797 1 0 1
-11.3332 15.698 74.9003 -25.2327 17.4821 68.7167 2.35624 -13 798 1 0 1
-13.7939 3.89087 74.9003 -22.9903 2.72396 57.575 1.29987 -13 799 1 0 1
-0.690993 4.71122 74.9003 -11.5914 1.92294 68.0362 2.58422 -13 801 1 0 1
-14.0895 -6.73289 74.9003 -24.4707 -7.85775 60.529 -0.902764 -13 802 1 0 1
-8.16885 1.97859 74.9003 -22.2987 5.42429 72.0426 -1.34113 -13 803 1 0 1
1.79012 0.975892 74.9003 -8.20634 1.21017 49.5358 -0.0678508 -13 804 1 0 1
-6.7961 -0.692157 74.9003 -15.5463 -1.11664 54.095 1.39407 -13 806 1 0 1
-12.9792 -2.36278 74.9003 -27.6798 -3.97785 71.5182 -0.327359 -13 810 1 0 1
-9.75678 -4.25841 74.9003 -21.3825 -3.45268 66.7857 0.1443 -13 811 1 0 1
-6.8912 8.33314 74.9003 -15.6597 8.14788 52.3332 1.17517 -13 813 1 0 1
-6.62004 -2.07021 74.9003 -16.3178 -0.274155 58.8281 1.09639 -13 814 1 0 1
-6.52339 9.55938 74.9003 -15.0812 8.34396 52.3899 -1.64623 -13 815 1 0 1
-6.47727 -0.805286 74.9003 -20.9359 -0.834019 73.6308 1.82856 -13 816 1 0 1
-11.7542 0.899638 74.9003 -15.5034 0.701129 36.3244 -1.15876 -13 817 1 0 1
-12.3507 -13.4051 74.9003 -17.8703 -10.3571 43.0949 0.356594 -13 820 1 0 1
-16.9709 4.81878 74.9003 -30.6296 9.75471 57.8645 0.970395 -13 822 1 0 1
-5.37741 -0.693561 74.9003 -14.0651 -1.77702 55.1402 0.303023 -13 823 1 0 1
-9.34709 6.73207 74.9003 -20.439 8.43304 62.8836 -1.03207 -13 826 1 0 1
-10.2128 -13.5026 74.9003 -19.7959 -13.6974 58.1001 3.0412 -13 827 1 0 1
-6.35199 1.78236 74.9003 -16.4247 0.124293 62.0905 -2.0961 -13 828 1 0 1
-1.78148 -21.1633 74.9003 -11.5222 -15.7841 46.473 1.23525 -13 829 1 0 1
-12.8055 -11.161 74.9003 -22.61 -10.7923 58.7055 0.212202 -13 830 1 0 1
-6.72356 -1.43304 74.9003 -17.6113 -2.67557 63.0708 2.34181 -13 831 1 0 1
-12.3425 -8.22406 74.9003 -19.5 -6.98228 50.6052 0.771707 -13 832 1 0 1
-10.3863 -14.2096 74.9003 -19.6645 -12.9925 56.0709 0.760678 -13 833 1 0 1
-13.3829 -13.418 74.9003 -29.0699 -15.9995 70.9147 -0.603258 -13 835 1 0 1
-3.91768 12.1817 74.9003 -15.3045 12.6248 62.8578 0.245716 -13 836 1 0 1
-2.02142 -15.928 74.9003 -13.3174 -13.1035 64.2457 1.39182 -13 837 1 0 1
-4.39951 6.27508 74.9003 -16.7024 4.36949 68.8817 -0.984184 -13 838 1 0 1
-14.1933 -10.5753 74.9003 -20.2432 -6.79697 47.8939 0.0179369 -13 839 1 0 1
-14.0002 -3.38322 74.9003 -27.1805 -2.86068 67.7326 -0.627881 -13 842 1 0 1
-13.1529 -11.5685 74.9003 -26.9878 -15.6205 67.717 0.83489 -13 843 1 0 1
-5.01481 1.69946 74.9003 -14.5672 2.66278 57.9598 1.35862 -13 845 1 0 1
-7.8494 -18.1878 74.9003 -13.6416 -8.32683 31.4634 1.03748 -13 846 1 0 1
-3.82721 -10.068 74.9003 -13.1778 -5.34858 55.976 -0.782323 -13 847 1 0 1
-15.0959 6.69072 74.9003 -23.6321 5.26111 46.8815 -0.393652 -13 848 1 0 1
0.532146 -11.7879 74.9003 -11.0926 -11.794 66.9735 -0.530723 -13 850 1 0 1
-0.514399 -1.79033 74.9003 -14.0887 -1.52314 74.154 0.837661 -13 852 1 0 1
-16.4278 2.40996 74.9003 -19.3172 -2.95559 26.2746 1.47494 -13 853 1 0 1
-12.7313 0.908272 74.9003 -24.981 -1.59881 64.3341 -0.465295 -13 854 1 0 1
-14.5731 3.28199 74.9003 -25.4307 3.45146 62.1886 1.6869 -13 860 1 0 1
-11.2363 -6.25749 74.9003 -25.7011 -7.55211 72.0785 -1.48146 -13 861 1 0 1
-11.7289 2.79247 74.9003 -21.4021 3.53839 59.0136 0.293184 -13 862 1 0 1
-12.6399 -1.78929 74.9003 -21.8847 -1.00947 58.3524 -0.232257 -13 864 1 0 1
-15.143 -5.18856 74.9003 -24.3127 -3.47932 45.7431 2.19442 -13 865 1 0 1
-8.14044 11.3877 74.9003 -16.79 11.2163 52.9415 0.344992 -13 866 1 0 1
-3.12053 9.10563 74.9003 -16.1301 8.78006 71.8854 -0.310732 -13 867 1 0 1
-12.5554 1.72929 74.9003 -28.4262 0.481813 73.1412 -1.29382 -13 868 1 0 1
-11.6165 -4.61643 74.9003 -20.4419 -5.17499 55.4878 1.14379 -13 870 1 0 1
-12.1537 -7.47391 74.9003 -22.9924 -8.14141 62.1766 -0.824449 -13 871 1 0 1
-14.0905 -2.97409 74.9003 -24.997 -1.89927 62.3631 -0.760577 -13 872 1 0 1
-5.39429 0.841657 74.9003 -17.5811 -0.585032 69.1541 -0.73129 -13 873 1 0 1
-13.9921 6.20983 74.9003 -24.6592 6.38105 61.0735 2.95209 -13 874 1 0 1
-14.7771 -6.17152 74.9003 -24.476 -6.28904 58.7465 0.586718 -13 875 1 0 1
-4.57945 7.89024 74.9003 -18.0182 7.99381 72.3614 0.337155 -13 876 1 0 1
-8.84989 10.7964 74.9003 -19.9186 14.23 64.248 -1.64524 -13 877 1 0 1
-8.86133 9.51873 74.9003 -21.9583 12.407 68.7862 -3.36066 -13 878 1 0 1
-3.2101 -10.8921 74.9003 -14.2222 -11.5933 65.515 1.1675 -13 880 1 0 1
-10.9418 -8.38651 74.9003 -18.8723 -6.97984 52.2158 2.21996 -13 881 1 0 1
1.92437 17.8995 74.9003 -10.8255 19.6705 72.0753 -0.223684 -13 882 1 0 1
-0.4715 14.8725 74.9003 -11.9457 15.6058 62.1005 0.00814681 -13 883 1 0 1
-1.35246 5.00198 74.9003 -9.36515 3.45657 34.5561 0.32422 -13 885 1 0 1
-5.04242 -0.928076 74.9003 -20.1229 -4.827 76.8204 2.65307 -13 886 1 0 1
-9.33435 -0.479663 74.9003 -17.0027 -2.13127 52.4804 0.42 -13 888 1 0 1
-14.2107 -4.65632 74.9003 -21.6129 -3.44604 52.1249 -0.246043 -13 889 1 0 1
-4.30219 -14.3974 74.9003 -15.809 -15.1058 65.0729 -0.811102 -13 890 1 0 1
-13.2332 -8.99527 74.9003 -25.6056 -6.90502 66.2138 0.762959 -13 892 1 0 1
-1.98287 -5.65313 74.9003 -15.2035 -5.69772 74.343 0.27381 -13 894 1 0 1
-9.31246 -0.41991 74.9003 -17.7616 0.408265 52.5351 -0.33361 -13 898 1 0 1
1.98695 3.08563 74.9003 -8.31433 4.13115 60.7313 0.044531 -13 899 1 0 1
-8.00134 5.26474 74.9003 -19.4494 3.12809 64.937 0.893078 -13 901 1 0 1
1.02074 -3.81206 74.9003 -8.68892 -4.5886 53.9946 0.914793 -13 902 1 0 1
-10.2334 -10.9082 74.9003 -24.0078 -8.08225 69.3959 1.45663 -13 903 1 0 1
-6.25604 -3.3005 74.9003 -15.7101 -4.72013 56.0947 2.2756 -13 904 1 0 1
-11.8612 8.03431 74.9003 -22.9899 6.31683 62.9484 0.619877 -13 907 1 0 1
-10.8611 -9.36172 74.9003 -24.346 -8.15312 68.2757 0.97996 -13 909 1 0 1
-8.26335 16.633 74.9003 -17.2953 11.41 51.257 -0.446918 -13 912 1 0 1
-11.14 8.87453 74.9003 -28.3274 13.5685 73.8551 1.58313 -13 913 1 0 1
-7.57806 -12.3669 74.9003 -17.266 -10.0787 57.9584 -0.533917 -13 915 1 0 1
-11.8449 2.89662 74.9003 -22.1825 1.46307 62.0029 -0.296922 -13 919 1 0 1
-17.0885 -1.59053 74.9003 -27.6678 -7.20364 47.0786 0.735038 -13 920 1 0 1
-12.1474 -6.44485 74.9003 -15.1224 -4.85289 28.8409 0.905347 -13 921 1 0 1
-16.4293 -11.8509 74.9003 -12.9881 -24.9444 54.0087 2.72388 -13 922 1 0 1
-14.2413 1.74783 74.9003 -25.4249 0.420083 62.7949 -0.7407 -13 924 1 0 1
-17.7416 3.7103 74.9003 -20.3251 2.73123 31.9635 1.66812 -13 926 1 0 1
-12.3649 -5.19395 74.9003 -22.6855 -2.9351 63.3985 0.854008 -13 927 1 0 1
-14.4421 -4.10687 74.9003 -22.0293 -3.87946 52.4307 0.111639 -13 928 1 0 1
-12.8941 -1.80235 74.9003 -24.721 -1.97668 65.353 1.63204 -13 930 1 0 1
-2.50657 -0.652552 74.9003 -13.0677 -2.3347 61.4656 2.30231 -13 931 1 0 1
-6.10929 10.8624 74.9003 -17.7153 12.7379 65.3976 1.32642 -13 933 1 0 1
-14.799 2.42558 74.9003 -28.7169 3.64766 68.371 -0.267432 -13 934 1 0 1
2.15765 -2.4722 74.9003 -7.75283 0.00449043 60.2854 0.345184 -13 936 1 0 1
-12.5377 -5.05265 74.9003 -25.9928 -3.0746 68.1423 0.0739078 -13 938 1 0 1
-15.3979 0.155586 74.9003 -20.3886 0.872006 48.2148 0.29226 -13 940 1 0 1
1.06652 0.72995 74.9003 -11.226 0.709442 70.8938 0.832394 -13 942 1 0 1
-6.85215 -5.66672 74.9003 -18.2597 -4.90299 64.759 1.71464 -13 943 1 0 1
-8.11305 13.2849 74.9003 -20.6207 15.8048 67.0101 1.17909 -13 945 1 0 1
-4.02588 0.417237 74.9003 -14.6557 2.12953 63.2262 -0.875719 -13 947 1 0 1
-11.204 -0.611316 74.9003 -17.3493 0.679759 44.2343 1.69044 -13 948 1 0 1
-15.1977 9.21006 74.9003 -25.2703 13.2065 54.1372 0.383959 -13 950 1 0 1
14.0758 -8.31568 74.9003 1.38569 -5.67579 55.3398 0.966069 -13 951 1 0 1
-3.4982 -2.39921 74.9003 -13.1463 -2.18175 57.9314 2.98891 -13 952 1 0 1
-12.3748 -5.59441 74.9003 -21.4231 -5.32989 54.7813 0.60029 -13 953 1 0 1
-13.6406 -16.6376 74.9003 -20.7542 -13.0796 50.2732 0.126635 -13 954 1 0 1
-7.83467 -4.11309 74.9003 -17.5105 -6.27671 57.4979 0.86849 -13 955 1 0 1
-15.2939 2.88022 74.9003 -13.2444 -1.40632 43.6697 0.278829 -13 956 1 0 1
1.4124 -6.66052 74.9003 -9.28024 -6.83695 61.0623 0.720725 -13 959 1 0 1
-14.4233 4.4835 74.9003 -28.1267 4.02943 68.2546 -1.71575 -13 960 1 0 1
-10.3179 -0.544269 74.9003 -13.8142 -0.449531 29.2042 1.27045 -13 962 1 0 1
4.94216 1.28874 74.9003 -6.4671 -2.8042 68.468 2.28866 -13 963 1 0 1
-12.4904 0.781275 74.9003 -21.1408 0.0342133 57.2273 2.28292 -13 964 1 0 1
-15.2741 -7.39138 74.9003 4.48854 -17.4839 48.4557 1.7454 -13 965 1 0 1
-14.3348 8.02685 74.9003 -21.119 8.21437 50.4891 2.66804 -13 966 1 0 1
-6.78283 -1.31835 74.9003 -14.7361 -0.196791 51.5668 0.935055 -13 967 1 0 1
-11.5116 -7.27833 74.9003 -17.2809 -5.91365 45.1836 0.984858 -13 969 1 0 1
-4.90761 -6.46313 74.9003 -15.5594 -7.31249 62.1987 0.254421 -13 970 1 0 1
-4.69359 -6.64329 74.9003 -15.8518 -4.18765 66.3151 -0.825104 -13 971 1 0 1
-14.3491 3.50265 74.9003 -25.7661 3.84757 64.2311 -0.287841 -13 974 1 0 1
-16.0445 6.07614 74.9003 -16.0139 24.4771 41.4194 1.98609 -13 975 1 0 1
-10.4704 12.406 74.9003 -20.3396 10.3543 59.7691 -0.307498 -13 982 1 0 1
14.1505 -15.9598 74.9003 -2.85394 -7.80068 35.6919 1.80941 -13 984 1 0 1
-5.29058 -1.98641 74.9003 -14.7997 -1.26804 58.1412 1.25217 -13 985 1 0 1
-11.0016 -18.3303 74.9003 -20.1625 -16.6502 55.3461 0.824734 -13 987 1 0 1
-7.11495 -6.61445 74.9003 -18.6584 -5.97018 67.082 1.41165 -13 989 1 0 1
-9.11018 -7.06628 74.9003 -20.7614 -9.95734 66.029 0.628437 -13 990 1 0 1
-11.0469 -11.1414 74.9003 -16.727 -7.63525 45.2211 2.08455 -13 993 1 0 1
3.1167 -30.506 74.9003 -8.19976 -18.3212 43.2559 -0.286142 -13 994 1 0 1
-6.29396 0.0913639 74.9003 -16.5653 0.662321 61.6124 -1.43701 -13 995 1 0 1
-6.00801 -2.3379 74.9003 -14.9169 -1.67739 54.4083 0.373908 -13 999 1 0 1
