#BLTrackFile NTuple/Z40
#x y z Px Py Pz t PDGid EventID TrackID ParentID Weight
#mm mm mm MeV/c MeV/c MeV/c ns - - - - -
-5.62127 -4.13734 40.4558 -21.0107 -6.55913 68.7783 -0.945072 -13 1 1 0 1
3.01996 3.60234 40.4558 -6.16529 -1.69106 80.8033 0.156307 -13 2 1 0 1
-2.26627 -1.75743 40.4558 -13.1052 -4.44097 68.8577 1.1094 -13 3 1 0 1
-5.03874 -3.16583 40.4558 -23.5909 -3.21891 74.1955 0.557662 -13 4 1 0 1
-8.17539 2.1203 40.4558 -18.5715 0.931192 56.6833 0.718727 -13 5 1 0 1
-3.82513 -1.8316 40.4558 -17.9264 -1.62737 72.3925 -0.567863 -13 6 1 0 1
-3.12439 -3.39577 40.4558 -9.17275 -5.43771 59.3411 -0.668264 -13 7 1 0 1
-11.923 -1.30792 40.4558 -18.3081 2.30725 39.539 0.201107 -13 8 1 0 1
-0.581745 5.04995 40.4558 -6.19529 11.363 62.1958 1.32362 -13 9 1 0 1
-1.94582 -4.82467 40.4558 -8.56297 -7.30759 65.2525 0.904944 -13 10 1 0 1
1.38218 5.03467 40.4558 -5.21689 10.5062 71.052 -0.311868 -13 11 1 0 1
-5.92682 -2.43239 40.4558 -14.5541 -6.65053 57.3107 1.91032 -13 12 1 0 1
0.723432 5.39058 40.4558 -1.03621 5.6129 37.5779 -0.587607 -13 13 1 0 1
0.580188 -5.19314 40.4558 -4.94372 -6.39583 67.1731 -1.31643 -13 14 1 0 1
-0.744861 -4.50526 40.4558 -6.70184 -8.88132 65.9509 1.69425 -13 15 1 0 1
7.23107 -9.03635 40.4558 7.74341 -18.1074 57.1471 2.36492 -13 16 1 0 1
-5.96313 4.5002 40.4558 -16.4182 11.2829 60.2107 -0.43311 -13 17 1 0 1
-7.76254 -4.95246 40.4558 -14.2825 -10.6234 47.8265 1.64631 -13 18 1 0 1
-11.0673 1.96274 40.4558 -27.8205 5.90343 58.2873 0.352312 -13 19 1 0 1
-4.14203 -7.03175 40.4558 -12.9722 -12.9939 61.1052 3.17681 -13 20 1 0 1
-5.51845 -0.419474 40.4558 -12.322 3.96596 55.0353 -0.959556 -13 22 1 0 1
-13.1147 5.31773 40.4558 -24.1486 8.58883 46.2345 0.948869 -13 24 1 0 1
0.66378 -2.60769 40.4558 -5.83256 -1.52019 70.1803 0.509033 -13 25 1 0 1
-2.39212 0.760497 40.4558 -10.6878 2.39062 67.1697 0.0899544 -13 26 1 0 1
-1.95353 -3.88797 40.4558 -9.23173 -1.69996 65.1914 1.68105 -13 27 1 0 1
-1.04345 -6.1777 40.4558 -10.6162 -13.9436 71.3682 0.477439 -13 28 1 0 1
-3.60745 2.29017 40.4558 -13.3364 8.49748 64.2702 1.24054 -13 30 1 0 1
-3.21913 -0.0924253 40.4558 -15.3433 2.13484 69.5851 -0.0521454 -13 31 1 0 1
-6.32994 -3.04118 40.4558 -15.5528 -6.61675 58.3127 -0.255169 -13 32 1 0 1
-8.27329 1.06491 40.4558 -22.1271 5.19721 61.6706 -0.382584 -13 34 1 0 1
-8.35709 -7.00928 40.4558 -25.8471 -13.1059 66.5933 2.41687 -13 35 1 0 1
-3.003 0.796382 40.4558 -11.1199 6.99319 64.4271 -0.881413 -13 36 1 0 1
-1.1121 -2.30595 40.4558 -14.0683 -8.84857 77.441 -1.24005 -13 37 1 0 1
-3.81941 -1.17074 40.4558 -10.6848 -4.10195 58.1403 1.68392 -13 38 1 0 1
-6.32014 0.975197 40.4558 -13.5503 1.37905 49.0134 1.00833 -13 40 1 0 1
0.254354 7.37103 40.4558 -3.89677 12.4873 60.2864 0.0735847 -13 41 1 0 1
-2.01338 0.0909819 40.4558 -10.9603 -4.10531 66.9425 1.47302 -13 42 1 0 1
-5.28314 -1.22486 40.4558 -27.3096 -3.62384 75.1297 0.526759 -13 43 1 0 1
-1.15905 1.86518 40.4558 -4.3175 1.63368 55.7492 0.876595 -13 44 1 0 1
-1.85844 -3.56868 40.4558 -10.75 -7.42847 66.3642 0.618748 -13 46 1 0 1
-3.28573 5.75738 40.4558 -9.93161 5.90694 57.7311 1.15775 -13 47 1 0 1
-4.6366 2.65913 40.4558 -15.9528 11.2133 63.6565 0.919162 -13 48 1 0 1
-2.07359 -4.82013 40.4558 -11.3467 -18.7513 66.8075 -0.331357 -13 49 1 0 1
-3.46422 1.75253 40.4558 -5.30692 3.93916 39.5707 -0.38869 -13 50 1 0 1
-2.47143 1.98895 40.4558 -14.6988 0.243708 70.8561 -0.084699 -13 51 1 0 1
-6.23726 5.12612 40.4558 -12.9632 10.2884 52.1489 0.319148 -13 52 1 0 1
-2.95904 4.68448 40.4558 -7.2236 6.4677 54.7108 -2.12182 -13 53 1 0 1
-4.95539 7.43371 40.4558 -7.53924 8.21224 38.3772 0.290872 -13 54 1 0 1
-4.23677 -1.12026 40.4558 -17.1679 -4.73562 67.9988 1.11627 -13 55 1 0 1
3.88142 4.12492 40.4558 3.01883 8.4121 61.5688 -0.760532 -13 56 1 0 1
-3.28575 -2.91925 40.4558 -10.4707 -3.51222 62.1543 -0.192706 -13 58 1 0 1
-1.97869 -4.72863 40.4558 -10.262 -10.4773 65.9685 2.16985 -13 59 1 0 1
-1.98708 7.01616 40.4558 -6.67355 16.038 54.6493 0.483768 -13 60 1 0 1
-5.12323 1.34187 40.4558 -14.4072 4.95994 60.4711 -0.629535 -13 61 1 0 1
-2.15728 -1.03075 40.4558 -11.2926 2.13276 68.3601 -0.344498 -13 62 1 0 1
-5.15974 -3.7922 40.4558 -7.99671 -4.15822 30.4273 0.466938 -13 63 1 0 1
-1.89421 -0.651378 40.4558 -7.91685 0.139654 60.2787 0.349147 -13 64 1 0 1
-0.730597 1.42391 40.4558 -6.47602 0.895603 64.919 -1.23883 -13 65 1 0 1
-2.03253 0.667944 40.4558 -11.5564 0.297682 69.6036 0.654014 -13 66 1 0 1
-2.09424 -2.72609 40.4558 -7.24734 -2.21285 59.9912 -0.465274 -13 67 1 0 1
-3.23903 8.19534 40.4558 -7.05138 10.4176 49.7408 -0.724013 -13 68 1 0 1
-4.93723 -2.70678 40.4558 -13.607 -6.24533 60.6029 0.207471 -13 69 1 0 1
-2.18093 -0.276655 40.4558 -17.6854 -9.5964 77.9307 0.425385 -13 70 1 0 1
-3.8105 2.28637 40.4558 -9.34495 0.359563 59.223 -1.2458 -13 71 1 0 1
0.731524 7.0622 40.4558 -3.93145 10.3284 64.1085 1.32409 -13 72 1 0 1
-3.48459 -0.0114252 40.4558 -17.109 -4.89035 71.6424 -0.708265 -13 73 1 0 1
-2.8594 5.59122 40.4558 -8.23135 11.1774 55.9464 0.484677 -13 74 1 0 1
-1.16203 3.43688 40.4558 -12.242 5.84111 73.5304 -2.65807 -13 75 1 0 1
4.08785 1.1143 40.4558 -5.34522 2.06088 79.6478 -1.51989 -13 76 1 0 1
-6.14154 3.50421 40.4558 -14.7075 1.91579 53.6722 2.61561 -13 77 1 0 1
-6.48779 1.25264 40.4558 -15.3806 0.170254 55.4736 -0.531759 -13 78 1 0 1
-1.34934 -0.926857 40.4558 -7.43005 -2.79267 61.8494 1.65559 -13 79 1 0 1
-1.57109 -5.59075 40.4558 -11.7999 -9.36866 69.8912 0.263171 -13 80 1 0 1
0.554694 1.31281 40.4558 -6.50493 10.813 69.658 0.292108 -13 81 1 0 1
-3.15193 -2.2484 40.4558 -9.32987 -2.66404 61.1445 1.44194 -13 82 1 0 1
-7.91915 7.46517 40.4558 -22.1696 19.2456 62.3143 0.257365 -13 83 1 0 1
-13.0526 3.7498 40.4558 -29.4818 6.63688 53.5912 0.394978 -13 84 1 0 1
-1.00031 0.721504 40.4558 -10.7879 -0.169956 74.2867 1.36095 -13 85 1 0 1
-0.0706142 -0.0632959 40.4558 -6.05127 -7.68376 66.6466 0.0453797 -13 86 1 0 1
-5.66337 -4.76831 40.4558 -9.78537 -9.07702 46.6797 1.10997 -13 87 1 0 1
-4.48815 -2.92669 40.4558 -15.4611 -5.79618 65.4937 -0.170133 -13 88 1 0 1
-1.11257 -1.38537 40.4558 -6.83614 0.81908 61.7367 -0.337048 -13 89 1 0 1
-2.51027 3.39258 40.4558 -9.91084 6.37638 64.0812 0.0550969 -13 90 1 0 1
-8.11416 -0.611459 40.4558 -20.0334 -2.15627 60.0312 1.12231 -13 91 1 0 1
-0.516631 0.102501 40.4558 -2.34706 0.282472 54.5795 0.236624 -13 92 1 0 1
-1.00328 1.73106 40.4558 -4.62777 0.878705 58.677 1.08033 -13 93 1 0 1
-4.16742 10.3555 40.4558 -9.8191 17.006 50.1298 -1.07506 -13 94 1 0 1
-1.03822 1.57271 40.4558 -8.92994 5.27864 69.1483 0.302251 -13 95 1 0 1
-3.47257 2.94326 40.4558 -10.9043 9.257 58.6676 -1.55831 -13 96 1 0 1
-3.11802 -2.8705 40.4558 -6.74064 0.0625532 55.6882 -0.7809 -13 97 1 0 1
-2.4189 -2.11961 40.4558 -10.4669 -0.342645 66.0608 0.681694 -13 98 1 0 1
-5.01291 4.59743 40.4558 -14.4563 9.23885 60.6276 0.756345 -13 99 1 0 1
0.651124 -3.5154 40.4558 -4.46879 -2.716 66.865 -0.623907 -13 100 1 0 1
2.37304 1.2331 40.4558 -1.15217 0.100323 67.7766 -0.423439 -13 101 1 0 1
-1.6298 1.69539 40.4558 -9.83893 2.85541 65.6942 0.165154 -13 102 1 0 1
2.83732 -2.79149 40.4558 1.23651 1.15832 61.6209 -2.19304 -13 103 1 0 1
-1.75175 -1.37967 40.4558 -9.42899 -5.83131 65.6812 -0.0531587 -13 104 1 0 1
-5.00271 0.646701 40.4558 -12.2069 8.52403 57.6402 -1.19901 -13 105 1 0 1
-10.6772 -0.663501 40.4558 -22.2093 -1.21287 51.1421 0.55737 -13 106 1 0 1
-2.60464 -2.43065 40.4558 -13.148 -5.99519 68.4527 -0.800836 -13 107 1 0 1
-0.770298 1.22525 40.4558 -5.82991 7.97002 61.9263 -0.554338 -13 108 1 0 1
-2.37141 0.28866 40.4558 -10.3522 1.67989 66.3425 1.24678 -13 109 1 0 1
-3.48507 0.991158 40.4558 -17.1629 3.41025 69.9427 -0.00987265 -13 110 1 0 1
-3.13074 -3.07669 40.4558 -17.9508 -2.61991 74.6698 -0.0515626 -13 111 1 0 1
-0.139652 0.745134 40.4558 -4.62647 -1.51274 55.4346 -1.587 -13 112 1 0 1
-4.51315 5.76301 40.4558 -10.7315 9.79085 52.4818 1.04929 -13 113 1 0 1
-0.136628 -2.66349 40.4558 -4.27153 -6.55429 62.3794 0.191696 -13 114 1 0 1
0.469252 2.33988 40.4558 -0.253177 2.97366 48.7289 0.110379 -13 115 1 0 1
-5.66107 -1.22081 40.4558 -21.187 -3.13026 68.7778 0.762698 -13 116 1 0 1
-4.10234 -0.892296 40.4558 -10.5705 0.105874 53.4814 -0.0857951 -13 117 1 0 1
-1.96617 -0.376816 40.4558 -3.47167 -6.19808 44.3978 -0.132588 -13 118 1 0 1
0.448341 0.341004 40.4558 -5.97164 3.11834 70.1727 0.745938 -13 119 1 0 1
-7.26752 -0.676406 40.4558 -13.9721 0.332557 46.7383 0.0976681 -13 120 1 0 1
-0.69355 -6.29021 40.4558 -5.42088 -7.12918 59.8469 1.7802 -13 121 1 0 1
-3.72271 -3.61699 40.4558 -18.8643 -6.23147 74.1559 0.862349 -13 122 1 0 1
-2.1571 -5.34489 40.4558 -11.5244 -10.4654 68.9138 0.993512 -13 123 1 0 1
3.51074 0.5975 40.4558 3.90976 2.50358 57.754 0.548019 -13 124 1 0 1
-8.88553 -8.41998 40.4558 -19.7957 -16.2262 53.8006 -1.26128 -13 125 1 0 1
-2.03603 1.90854 40.4558 -17.0778 -2.03677 76.6682 1.17827 -13 126 1 0 1
-2.56418 5.57835 40.4558 -8.69059 7.91718 58.0757 -0.846244 -13 127 1 0 1
-2.7171 -1.77012 40.4558 -9.96033 -8.40269 62.8926 0.569974 -13 128 1 0 1
3.73117 4.1468 40.4558 3.75036 8.78959 58.23 -0.225307 -13 129 1 0 1
-0.608614 -1.67075 40.4558 -2.8057 1.35756 49.4417 0.85538 -13 130 1 0 1
-0.510039 1.10829 40.4558 -8.38835 2.50367 68.0377 -0.232924 -13 131 1 0 1
-7.1362 0.345885 40.4558 -24.5045 -0.782412 69.085 1.52415 -13 132 1 0 1
1.25619 0.0363852 40.4558 -1.66972 -1.28488 63.4974 -1.0993 -13 133 1 0 1
2.78608 1.39539 40.4558 -3.19637 2.65181 74.3291 0.619856 -13 134 1 0 1
-0.146636 2.69281 40.4558 -8.01895 1.1398 69.0439 1.07141 -13 135 1 0 1
1.58747 4.2616 40.4558 0.143645 4.38288 55.3717 0.279676 -13 136 1 0 1
-6.19554 1.45971 40.4558 -16.4521 1.82386 59.9173 1.73662 -13 137 1 0 1
-4.99197 5.82734 40.4558 -11.5462 11.3596 52.5632 0.540228 -13 140 1 0 1
-4.577 1.06222 40.4558 -9.56565 5.02981 49.8217 0.123368 -13 141 1 0 1
2.42084 0.820887 40.4558 0.356442 6.15906 64.0918 2.13452 -13 142 1 0 1
-5.85829 -2.00636 40.4558 -19.9786 -5.64838 67.2906 -0.646376 -13 143 1 0 1
2.11067 0.664199 40.4558 -2.67736 -1.41492 71.5205 3.11209 -13 144 1 0 1
-3.48884 -10.4351 40.4558 -9.10101 -16.8165 52.1312 1.92246 -13 145 1 0 1
0.546187 -4.2061 40.4558 -4.06413 -5.408 65.2991 0.424698 -13 146 1 0 1
-3.54016 -1.27579 40.4558 -12.064 -2.91629 63.3719 -1.00535 -13 147 1 0 1
-5.36347 -5.04532 40.4558 -18.3419 -6.18967 66.6955 0.446873 -13 148 1 0 1
0.407431 4.5396 40.4558 -3.10746 6.95364 55.4271 -0.297529 -13 149 1 0 1
-3.3329 4.32874 40.4558 -12.0371 10.6846 63.4034 0.0184657 -13 150 1 0 1
-2.9218 -3.05925 40.4558 -8.75497 -6.83309 55.4353 1.38259 -13 151 1 0 1
-2.20751 -1.04725 40.4558 -8.90044 -2.94965 62.4021 2.30017 -13 152 1 0 1
-5.20706 -0.851164 40.4558 -16.8169 -6.87765 64.9062 -0.317136 -13 153 1 0 1
-3.89994 -4.61488 40.4558 -21.0059 -11.7932 74.4534 -1.93175 -13 154 1 0 1
-6.17464 1.06619 40.4558 -18.2937 0.551124 63.3247 -1.28926 -13 155 1 0 1
0.25689 -3.84821 40.4558 -1.62808 -3.36569 45.2432 -0.374658 -13 156 1 0 1
-6.68926 0.686487 40.4558 -16.5828 4.04247 57.1285 0.0620205 -13 157 1 0 1
-0.685511 3.08093 40.4558 -15.3333 3.02629 77.9647 1.45935 -13 158 1 0 1
-6.88403 4.16919 40.4558 -14.1846 4.97944 53.044 -0.497022 -13 159 1 0 1
4.26827 -0.537713 40.4558 3.47033 -0.784846 63.6927 0.122474 -13 160 1 0 1
1.66816 1.65832 40.4558 -3.62595 -1.30815 70.0099 1.69398 -13 161 1 0 1
-9.21222 2.7091 40.4558 -13.5922 3.15446 37.8277 -0.397565 -13 162 1 0 1
-4.88829 2.0836 40.4558 -17.6421 9.76808 67.216 -1.57972 -13 163 1 0 1
3.69315 7.36921 40.4558 2.40912 10.7933 64.7887 0.178761 -13 164 1 0 1
-14.4804 0.6689 40.4558 -15.421 -0.720696 25.4923 2.34241 -13 165 1 0 1
-11.2872 -1.13258 40.4558 -30.7955 -2.94813 63.1865 -0.10136 -13 166 1 0 1
2.50284 4.27173 40.4558 0.69636 8.86711 62.5152 0.715695 -13 167 1 0 1
-2.00224 2.77747 40.4558 -18.9176 9.44713 76.6006 1.21735 -13 168 1 0 1
1.36342 -2.19424 40.4558 -1.24419 -6.52954 57.5536 -0.162603 -13 169 1 0 1
-4.20323 -0.259934 40.4558 -14.9953 -2.30276 65.2881 -0.550328 -13 170 1 0 1
5.62032 -7.89154 40.4558 5.06123 -6.58435 40.706 0.86054 -13 171 1 0 1
-4.68654 3.04428 40.4558 -11.0106 2.6831 54.715 -0.270749 -13 172 1 0 1
-3.73715 -1.66074 40.4558 -9.24233 -3.58514 56.6536 0.258632 -13 173 1 0 1
-2.95298 1.12357 40.4558 -11.3875 -3.69953 65.6709 0.356271 -13 174 1 0 1
-7.70793 -2.938 40.4558 -12.6807 -7.41498 44.5161 -0.0477956 -13 176 1 0 1
2.93315 -3.98895 40.4558 2.14812 -6.73521 51.0505 -0.268597 -13 177 1 0 1
-4.68442 -3.56065 40.4558 -10.002 -4.0193 50.2382 -0.47063 -13 178 1 0 1
-0.190332 -4.74282 40.4558 -7.30043 -14.6116 67.3442 -0.644849 -13 179 1 0 1
-1.64871 -3.31743 40.4558 -5.13132 -4.55539 51.2725 1.65069 -13 180 1 0 1
-8.20303 -0.801487 40.4558 -11.7805 -0.906573 35.3867 -1.32575 -13 181 1 0 1
-9.03154 1.98534 40.4558 -11.6366 3.59119 33.7825 -0.747282 -13 182 1 0 1
-0.794659 4.73175 40.4558 -2.14014 10.6792 40.3736 0.136942 -13 183 1 0 1
-9.44417 0.654898 40.4558 -20.2663 -2.40175 52.0525 0.127077 -13 184 1 0 1
-6.81685 -0.57213 40.4558 -16.0401 -3.60866 56.7728 -0.673984 -13 185 1 0 1
-2.93027 2.56814 40.4558 -5.58653 4.76207 39.3036 -0.527289 -13 186 1 0 1
-0.522119 -0.812685 40.4558 -8.13312 4.75724 70.4075 1.24151 -13 188 1 0 1
-4.45199 -2.07925 40.4558 -23.2694 -6.15127 76.1963 0.288992 -13 189 1 0 1
-8.60602 2.86367 40.4558 -18.7949 6.02465 55.0346 2.01701 -13 191 1 0 1
-1.08433 -0.296492 40.4558 -16.2003 5.75786 78.5606 0.952477 -13 192 1 0 1
-2.9888 5.16909 40.4558 -12.9685 14.7283 66.712 -0.144555 -13 194 1 0 1
-3.38119 -1.38742 40.4558 -9.41907 -2.25375 58.1164 2.36458 -13 195 1 0 1
2.99729 1.04576 40.4558 -8.45907 -4.44692 80.1522 2.6776 -13 196 1 0 1
-2.97549 5.05912 40.4558 -10.2663 9.68592 62.9771 -0.822709 -13 197 1 0 1
1.42996 -0.296374 40.4558 -0.246898 -0.226554 49.327 -0.500059 -13 198 1 0 1
-10.2802 10.1175 40.4558 -20.2422 13.01 51.1039 -1.48791 -13 199 1 0 1
-0.698554 -1.82268 40.4558 -2.84062 -0.907253 50.6539 0.765094 -13 200 1 0 1
-7.39127 -2.21501 40.4558 -22.7147 -7.41582 65.3697 0.425354 -13 201 1 0 1
-3.56727 11.3371 40.4558 -10.4425 18.1882 55.8686 -0.745224 -13 202 1 0 1
-2.81065 2.32666 40.4558 -9.55916 1.92908 60.5884 0.369722 -13 203 1 0 1
-4.31588 1.77639 40.4558 -9.42612 -1.34304 48.4638 1.52626 -13 205 1 0 1
-9.11424 1.46038 40.4558 -35.0815 1.71814 69.7662 0.314837 -13 206 1 0 1
-8.83296 -6.63341 40.4558 -18.2101 -11.6928 52.2018 -0.954014 -13 207 1 0 1
-9.15553 0.880198 40.4558 -25.5209 2.51459 63.8087 -0.178243 -13 208 1 0 1
3.27927 0.534875 40.4558 3.67577 2.68947 46.6397 -0.284566 -13 210 1 0 1
1.80078 6.24563 40.4558 0.3502 5.56366 41.1913 0.696795 -13 211 1 0 1
-3.47126 7.62533 40.4558 -16.7906 17.3703 69.9479 2.19666 -13 212 1 0 1
-8.64098 5.70058 40.4558 -19.1764 8.84384 55.2428 -1.21698 -13 213 1 0 1
-2.59836 3.42175 40.4558 -14.9231 4.98513 73.6232 1.13736 -13 214 1 0 1
-0.708636 -1.91851 40.4558 -9.78049 -11.1872 70.6075 1.84934 -13 215 1 0 1
-0.601799 0.0548109 40.4558 -8.59691 0.573407 69.0501 1.25193 -13 216 1 0 1
5.29234 2.7199 40.4558 5.09759 7.51565 44.123 -0.850107 -13 217 1 0 1
-4.42268 -0.123507 40.4558 -15.2129 -0.631919 65.0383 0.287807 -13 218 1 0 1
-2.45345 -1.98557 40.4558 -15.7377 -4.65484 75.5798 0.169569 -13 219 1 0 1
-0.4828 1.24976 40.4558 -8.8152 -0.642906 71.2649 2.51322 -13 220 1 0 1
2.02285 -2.41324 40.4558 2.9275 -7.35301 54.5971 1.10006 -13 221 1 0 1
-3.24705 3.94845 40.4558 -14.9094 10.1342 70.1229 -0.650794 -13 222 1 0 1
-6.76122 1.13499 40.4558 -17.6619 5.68475 58.5397 1.15998 -13 223 1 0 1
-6.53651 -0.437761 40.4558 -16.5477 0.616068 59.2169 -0.30949 -13 224 1 0 1
-3.92968 4.12684 40.4558 -9.3944 8.53199 52.4823 -0.133511 -13 226 1 0 1
-3.74614 3.59234 40.4558 -11.6185 5.67248 61.2285 0.183939 -13 227 1 0 1
-1.06461 0.067869 40.4558 -14.6917 -0.545996 76.4802 -1.75626 -13 228 1 0 1
-4.93195 1.57599 40.4558 -19.8182 -1.04605 68.8837 0.408604 -13 229 1 0 1
-2.0313 -5.45672 40.4558 -4.57518 -7.59857 43.8737 -0.193071 -13 230 1 0 1
4.6243 6.27882 40.4558 3.57774 17.8764 64.9706 1.39166 -13 231 1 0 1
3.7536 10.1052 40.4558 3.68645 19.1878 57.7425 1.0267 -13 232 1 0 1
-8.76671 0.60914 40.4558 -23.0097 -0.17861 60.5111 -1.2988 -13 233 1 0 1
14.3276 21.0815 40.4558 18.7142 35.4744 55.0427 -0.400094 -13 234 1 0 1
-2.38545 0.11038 40.4558 -14.3567 -4.59239 71.6275 0.444965 -13 235 1 0 1
-8.40639 -1.47914 40.4558 -21.617 -7.08122 60.1649 1.44757 -13 236 1 0 1
1.12972 -10.1286 40.4558 -0.764187 -14.6627 51.3902 0.954265 -13 237 1 0 1
-3.01511 0.70676 40.4558 -10.3502 0.569062 60.5734 0.260226 -13 238 1 0 1
-6.40726 -1.32257 40.4558 -21.5268 2.20334 66.7198 1.4472 -13 239 1 0 1
-3.40549 8.81912 40.4558 -6.64886 12.9239 42.6203 -0.175277 -13 240 1 0 1
-3.88169 0.834948 40.4558 -5.81439 0.958393 30.3838 0.970674 -13 241 1 0 1
-5.9597 1.28251 40.4558 -14.1149 -1.4585 55.9984 2.01172 -13 242 1 0 1
1.77239 -6.34384 40.4558 -2.08806 -10.4296 67.7936 0.0632935 -13 243 1 0 1
1.29766 0.224888 40.4558 -6.81193 0.38603 75.616 0.844538 -13 244 1 0 1
1.27593 0.882353 40.4558 -4.80277 8.90371 70.8056 -0.517739 -13 245 1 0 1
-1.53917 1.41906 40.4558 -10.5307 8.81709 69.1825 -0.0176785 -13 246 1 0 1
-2.81654 -5.03849 40.4558 -9.55109 -6.56138 59.3661 -0.135146 -13 247 1 0 1
-4.06822 -2.87445 40.4558 -14.6184 -5.56128 65.6882 0.861421 -13 248 1 0 1
5.03069 5.21459 40.4558 4.69586 4.31447 61.4049 -0.74937 -13 249 1 0 1
-1.28751 -5.23811 40.4558 -9.4253 -11.9342 66.1019 -1.3065 -13 250 1 0 1
0.594184 11.0148 40.4558 -3.12555 14.5026 60.7658 -0.82303 -13 251 1 0 1
1.00821 1.94905 40.4558 -1.58124 1.68206 63.2681 0.467767 -13 252 1 0 1
-2.65522 5.35444 40.4558 -14.1578 15.9115 68.2257 -1.15831 -13 253 1 0 1
-2.77257 2.28839 40.4558 -7.1879 5.05777 52.2162 -0.286296 -13 254 1 0 1
-2.33091 -0.501032 40.4558 -16.1228 3.30033 75.389 0.14015 -13 255 1 0 1
-7.05507 2.54218 40.4558 -14.032 4.35002 49.4598 -0.721514 -13 256 1 0 1
-4.1723 -5.76074 40.4558 -7.55647 -10.3806 42.8297 -0.0354991 -13 257 1 0 1
-1.6458 0.494588 40.4558 -7.97847 -1.19273 62.2722 0.326312 -13 258 1 0 1
-1.4172 1.3001 40.4558 -4.36032 -0.683845 56.2652 -0.971064 -13 259 1 0 1
-3.44054 -0.581908 40.4558 -15.2323 -5.57864 70.1765 -0.101593 -13 260 1 0 1
-5.41937 2.44783 40.4558 -14.3194 4.0878 57.6657 -0.919723 -13 261 1 0 1
-1.58646 -2.12978 40.4558 -6.27442 -3.18923 62.1818 2.31047 -13 262 1 0 1
0.755433 -3.28251 40.4558 -2.86807 -6.33236 62.3752 -1.27438 -13 263 1 0 1
-4.23843 -2.02303 40.4558 -9.3919 -3.57132 49.0659 0.00784756 -13 264 1 0 1
3.29712 3.72503 40.4558 2.1534 9.88397 63.1271 0.907557 -13 265 1 0 1
0.73419 2.75312 40.4558 -4.95093 2.42594 70.0561 0.789048 -13 266 1 0 1
-3.42817 3.99557 40.4558 -11.6576 2.3605 62.0141 -0.0884201 -13 267 1 0 1
-5.67463 0.113403 40.4558 -9.35123 2.29026 38.8501 -0.839288 -13 268 1 0 1
-3.83958 3.81314 40.4558 -20.3446 2.5558 75.2965 0.677302 -13 269 1 0 1
-4.93933 -0.0335869 40.4558 -14.1742 -4.82672 61.4976 1.47361 -13 270 1 0 1
3.22364 -1.09458 40.4558 -2.81988 -7.71031 77.1179 -0.631138 -13 271 1 0 1
-4.00664 -4.27285 40.4558 -12.0934 -9.91131 59.5292 1.80606 -13 272 1 0 1
-10.799 3.06369 40.4558 -19.7214 3.6894 48.113 3.05369 -13 273 1 0 1
-0.543542 0.616163 40.4558 -6.52105 5.38854 65.592 -1.82437 -13 274 1 0 1
1.41741 -0.575829 40.4558 -1.32526 -4.25894 58.8272 -0.0811932 -13 275 1 0 1
-1.64761 -4.79145 40.4558 -5.11884 -10.3383 54.8723 1.40339 -13 277 1 0 1
-9.12309 0.679818 40.4558 -20.683 1.22233 56.8899 1.78337 -13 278 1 0 1
-7.51184 0.00950815 40.4558 -22.1995 -7.55597 64.2169 -2.25759 -13 279 1 0 1
-0.673932 2.47583 40.4558 -5.43266 2.61638 60.6213 0.454361 -13 280 1 0 1
-2.13326 -2.65884 40.4558 -11.1328 -2.5432 65.0842 -1.08525 -13 281 1 0 1
-5.44994 2.52602 40.4558 -10.1896 5.76264 44.9913 -0.588979 -13 282 1 0 1
-0.409923 -6.68195 40.4558 -2.76656 -10.6255 48.1171 -1.36749 -13 283 1 0 1
-1.79553 6.69125 40.4558 -5.64464 6.52991 54.5345 -0.132141 -13 284 1 0 1
-9.88059 2.62737 40.4558 -23.0896 7.45543 56.3339 -0.269611 -13 285 1 0 1
-6.475 -6.43867 40.4558 -19.9308 -3.30607 65.7456 -1.24628 -13 286 1 0 1
-4.73621 1.58503 40.4558 -10.4704 -1.06232 50.0404 -1.37904 -13 287 1 0 1
-1.09716 12.9567 40.4558 -13.8393 35.224 69.5227 -0.0698821 -13 288 1 0 1
-2.73718 4.99179 40.4558 -17.0151 12.6482 75.0142 0.658017 -13 289 1 0 1
5.78213 -0.607678 40.4558 5.88002 -2.31297 44.661 0.405653 -13 290 1 0 1
-1.2129 -2.38043 40.4558 -13.2353 -8.51545 73.8813 0.644195 -13 291 1 0 1
-1.91343 1.52013 40.4558 -12.5256 5.72151 71.157 -0.0706234 -13 292 1 0 1
-12.3665 2.71664 40.4558 -20.1517 8.54096 41.5731 2.31673 -13 293 1 0 1
6.2528 0.453524 40.4558 5.81489 9.09288 70.1161 1.79357 -13 294 1 0 1
-3.48277 -1.21979 40.4558 -12.2959 -3.66206 63.959 0.286004 -13 295 1 0 1
-8.51368 1.86288 40.4558 -18.3918 2.91495 54.8964 -0.0548341 -13 296 1 0 1
0.879877 -1.23582 40.4558 -0.962073 -4.49216 53.6286 2.75954 -13 297 1 0 1
-1.3432 0.818945 40.4558 -8.73454 -2.32219 66.1671 -1.66342 -13 298 1 0 1
-4.3079 4.38426 40.4558 -12.2537 5.26925 60.9733 -0.564294 -13 301 1 0 1
-6.57817 1.51859 40.4558 -17.5108 7.29281 60.0412 0.443821 -13 302 1 0 1
-3.10936 -1.10227 40.4558 -10.1384 2.72827 60.7004 0.212126 -13 303 1 0 1
-3.60133 3.87669 40.4558 -12.9472 11.765 62.5829 0.735883 -13 304 1 0 1
-12.7936 3.32807 40.4558 -17.7171 4.52628 35.9756 1.47702 -13 305 1 0 1
-1.53263 0.734131 40.4558 -8.56558 -1.63399 65.3474 -0.84587 -13 306 1 0 1
-2.80641 -4.85354 40.4558 -13.1073 -17.7493 65.7103 -1.10143 -13 307 1 0 1
-2.66388 -6.48541 40.4558 -14.4499 -14.765 70.3794 0.275524 -13 308 1 0 1
-5.72197 1.31914 40.4558 -17.1526 2.78819 62.8048 -0.659572 -13 309 1 0 1
1.57228 -4.77522 40.4558 -4.96532 -10.4035 70.6419 -0.207158 -13 310 1 0 1
-2.07533 -4.12454 40.4558 -4.5461 0.888539 33.1859 -1.35615 -13 311 1 0 1
-5.53562 0.825264 40.4558 -19.4574 3.94623 67.5009 0.0281797 -13 312 1 0 1
-6.80738 5.05754 40.4558 -22.7393 10.1187 67.569 1.12521 -13 313 1 0 1
0.155875 -4.04045 40.4558 -7.29156 -8.01 67.6072 -0.40743 -13 314 1 0 1
-0.330698 -0.495296 40.4558 -4.43895 3.80616 61.1649 -1.27047 -13 315 1 0 1
-4.58695 -10.2338 40.4558 -9.60681 -16.7114 47.3615 -1.01671 -13 316 1 0 1
-4.57467 -4.15862 40.4558 -13.8678 -9.83006 61.1674 0.944655 -13 317 1 0 1
-0.464197 0.381826 40.4558 -7.54641 3.77446 68.9546 -1.23793 -13 318 1 0 1
-2.37272 4.00726 40.4558 -12.9649 14.3081 67.2662 2.19469 -13 319 1 0 1
2.17837 0.211378 40.4558 -2.5596 0.653479 71.9867 0.763727 -13 320 1 0 1
0.343262 -0.0771852 40.4558 -2.69243 -1.39498 56.2557 -1.47279 -13 321 1 0 1
-1.83871 0.798732 40.4558 -20.4148 4.11347 77.467 2.025 -13 322 1 0 1
2.40987 -3.9597 40.4558 -3.98209 -1.88469 75.4577 0.387724 -13 323 1 0 1
-1.63841 3.3739 40.4558 -8.35599 7.48904 64.7127 -0.505532 -13 324 1 0 1
-2.21212 -2.76953 40.4558 -12.9239 -7.87114 70.5192 0.152648 -13 325 1 0 1
-13.3334 8.49654 40.4558 -28.4387 13.5338 51.1707 0.149552 -13 326 1 0 1
-12.1491 -8.56615 40.4558 -19.9 -14.0465 40.9882 0.410026 -13 327 1 0 1
-6.57238 4.24361 40.4558 -15.6563 -0.32209 56.6844 -1.34548 -13 328 1 0 1
-2.11605 3.82381 40.4558 -10.431 10.967 66.7581 1.25585 -13 329 1 0 1
2.14412 -2.77737 40.4558 -5.03429 -2.60486 75.9561 -0.685588 -13 330 1 0 1
-6.55888 5.82763 40.4558 -22.2305 5.40223 67.7298 -1.40879 -13 331 1 0 1
-1.49095 1.99022 40.4558 -4.37671 4.9961 47.4464 4.23055 -13 333 1 0 1
-6.99075 -3.19711 40.4558 -18.5109 -5.57921 62.0876 0.490099 -13 334 1 0 1
-0.00266024 -3.73817 40.4558 -4.79881 -8.83083 65.4935 0.488796 -13 335 1 0 1
-3.32076 -1.15336 40.4558 -15.1486 -1.42391 67.0801 -0.511003 -13 336 1 0 1
10.9674 -8.98408 40.4558 16.6636 -16.5968 60.5438 -2.27561 -13 337 1 0 1
-3.24676 -3.35311 40.4558 -9.02656 -11.2649 52.0459 1.04053 -13 338 1 0 1
-4.24153 -4.74648 40.4558 -9.13984 -6.31155 47.7989 0.523677 -13 339 1 0 1
-3.76901 1.39487 40.4558 -14.4069 5.11359 67.1583 0.352536 -13 340 1 0 1
1.22371 0.366958 40.4558 -6.9165 -4.56924 77.0178 0.0975477 -13 341 1 0 1
-2.51685 1.78115 40.4558 -14.5941 7.00289 71.4446 0.76061 -13 342 1 0 1
-2.88053 -0.912176 40.4558 -9.61541 -7.11211 60.5089 -0.220129 -13 343 1 0 1
-0.0391777 -1.8108 40.4558 -2.1921 1.67594 49.1338 -0.169393 -13 344 1 0 1
-1.71172 -2.48544 40.4558 -9.49754 -2.79418 67.7414 -0.708117 -13 345 1 0 1
-9.89078 0.423676 40.4558 -24.5067 0.562386 59.5646 0.729721 -13 346 1 0 1
-4.53168 0.255364 40.4558 -15.2666 0.816029 65.4274 -0.696599 -13 347 1 0 1
-4.68708 0.916915 40.4558 -8.97841 7.71381 48.9551 -0.351917 -13 348 1 0 1
2.76477 1.69029 40.4558 1.68741 0.881293 56.5459 0.983141 -13 349 1 0 1
-1.3055 -3.06132 40.4558 -7.7167 -5.31075 64.2447 0.911741 -13 350 1 0 1
-3.71058 3.66131 40.4558 -15.1246 5.77422 67.843 -1.4107 -13 352 1 0 1
-4.03067 4.22483 40.4558 -12.8161 7.06697 63.3171 -0.0946919 -13 353 1 0 1
-4.55028 5.75574 40.4558 -10.3482 6.38316 50.4431 0.543612 -13 354 1 0 1
-3.05225 3.33186 40.4558 -16.3796 9.00106 71.5323 -0.340987 -13 355 1 0 1
-0.0752502 2.96105 40.4558 -3.68415 9.70638 58.7173 0.411077 -13 356 1 0 1
-4.74083 -0.553282 40.4558 -8.13856 1.05148 38.7811 0.175933 -13 357 1 0 1
2.4428 1.85047 40.4558 1.42481 6.82441 51.0184 0.735742 -13 358 1 0 1
-1.86271 -0.724347 40.4558 -7.26655 3.90979 61.0801 0.586203 -13 359 1 0 1
-4.49267 -2.5709 40.4558 -19.1519 -5.52721 71.9879 -0.47917 -13 360 1 0 1
0.562573 -0.294814 40.4558 -9.69043 2.96694 76.3442 -0.00161116 -13 361 1 0 1
-5.17238 1.07962 40.4558 -15.4313 -1.64076 63.1554 -2.65139 -13 362 1 0 1
-2.40235 0.888299 40.4558 -14.9571 5.41818 72.6856 -0.178877 -13 363 1 0 1
-1.45521 -2.31514 40.4558 -8.99525 -2.81466 63.4187 0.374037 -13 364 1 0 1
-6.00007 1.77552 40.4558 -11.4594 5.26747 47.1282 -1.76083 -13 365 1 0 1
0.994967 -0.693194 40.4558 0.310978 -1.6868 45.1666 2.37468 -13 366 1 0 1
-0.584688 0.599479 40.4558 -1.73858 -2.53809 40.5004 1.45138 -13 367 1 0 1
-4.53907 3.07015 40.4558 -13.6198 8.69249 62.1282 0.683921 -13 368 1 0 1
-2.67959 -1.66779 40.4558 -8.56183 0.372804 59.0742 -0.961077 -13 369 1 0 1
-8.33014 0.0956408 40.4558 -26.5361 -0.931437 66.9037 0.994777 -13 370 1 0 1
-4.67787 -2.90804 40.4558 -14.0848 -4.28626 63.4059 2.52351 -13 371 1 0 1
-3.64819 -2.14556 40.4558 -7.89765 -9.10363 52.1439 0.953129 -13 372 1 0 1
-6.78848 -2.97886 40.4558 -18.3643 -7.83762 60.8204 0.833229 -13 373 1 0 1
-4.23019 -0.796875 40.4558 -19.9132 0.4292 73.5029 0.759225 -13 374 1 0 1
-6.9021 1.74001 40.4558 -27.8857 7.31142 73.3104 -1.26685 -13 375 1 0 1
-6.62873 -4.4775 40.4558 -20.7713 -9.66627 65.257 0.607815 -13 376 1 0 1
4.05623 -1.83012 40.4558 -1.07089 -8.19531 78.0719 1.31395 -13 377 1 0 1
-7.32689 -0.81462 40.4558 -9.62306 -4.61351 31.6224 2.4127 -13 378 1 0 1
-1.8549 -9.11448 40.4558 -10.3017 -23.0206 63.4924 0.782185 -13 379 1 0 1
-11.3256 -10.1882 40.4558 -14.4148 -13.786 31.9462 -0.520313 -13 380 1 0 1
-0.102529 -2.19658 40.4558 -3.52928 0.916995 59.7462 1.29444 -13 381 1 0 1
1.56296 -4.34452 40.4558 -4.32145 -10.5125 71.8247 -0.203533 -13 382 1 0 1
-14.1328 1.62029 40.4558 -23.3835 1.40653 41.5028 1.50086 -13 383 1 0 1
2.25121 2.82345 40.4558 1.79777 1.9073 58.6291 -1.20763 -13 384 1 0 1
-3.11777 -0.326276 40.4558 -11.8072 -5.15657 65.6842 1.91294 -13 385 1 0 1
0.0875497 0.0208097 40.4558 -5.97199 -1.60294 68.8313 2.06676 -13 386 1 0 1
-4.66482 0.467458 40.4558 -18.0898 -1.12548 68.8111 0.261659 -13 387 1 0 1
-4.81988 -1.54862 40.4558 -9.96601 -1.63682 49.2418 -0.605577 -13 388 1 0 1
-8.30285 4.58898 40.4558 -19.0404 10.6778 54.2245 1.19575 -13 389 1 0 1
-5.22291 -0.152472 40.4558 -14.288 -1.95557 61.7828 0.890601 -13 390 1 0 1
3.52644 1.38585 40.4558 4.04782 1.15686 52.1372 -0.0915015 -13 391 1 0 1
-8.19995 1.04391 40.4558 -15.91 -3.17471 49.572 0.368292 -13 392 1 0 1
-2.64453 5.53528 40.4558 -9.24824 8.03915 59.2707 -0.661684 -13 394 1 0 1
-2.6531 4.79367 40.4558 -14.9084 16.0161 72.041 -1.51848 -13 395 1 0 1
3.82205 2.15917 40.4558 2.84043 0.213337 63.0149 -0.00848873 -13 396 1 0 1
0.0821608 -7.34156 40.4558 -3.32905 -12.2177 58.6562 1.4126 -13 397 1 0 1
-1.66103 0.197567 40.4558 -9.30205 -1.26483 65.7443 1.00399 -13 398 1 0 1
-2.58627 -6.68472 40.4558 -13.7528 -12.0397 68.5932 2.18611 -13 399 1 0 1
-1.50612 -2.18087 40.4558 -7.5551 3.49455 63.2772 0.116548 -13 400 1 0 1
1.43248 -0.13397 40.4558 -4.71439 1.02753 71.4816 -0.0882792 -13 401 1 0 1
-0.00645103 3.13011 40.4558 -1.95817 4.83921 58.1882 -0.150474 -13 402 1 0 1
-2.55081 -9.62296 40.4558 -11.5951 -26.0332 65.2777 0.375415 -13 403 1 0 1
0.555373 -5.04319 40.4558 -3.80905 -15.0057 64.2924 1.35885 -13 404 1 0 1
-4.42735 -1.13544 40.4558 -12.7253 -6.97413 57.9277 -0.429594 -13 406 1 0 1
-4.56625 -2.37002 40.4558 -14.3153 -2.09055 63.3653 1.42949 -13 407 1 0 1
2.83942 3.8274 40.4558 2.39327 7.95518 57.2234 1.95376 -13 408 1 0 1
1.22706 -0.692698 40.4558 -1.89597 -1.50051 63.9878 0.464736 -13 409 1 0 1
-3.03001 -2.0678 40.4558 -16.7162 -4.89438 73.9404 -2.43512 -13 410 1 0 1
-6.13898 3.61405 40.4558 -8.18714 -0.0441317 37.0607 0.743753 -13 411 1 0 1
-5.06122 -6.68808 40.4558 -15.9204 -14.1286 61.3947 1.41397 -13 412 1 0 1
-3.21003 3.53004 40.4558 -18.8213 6.04835 75.8226 0.226223 -13 413 1 0 1
-10.0226 -1.70791 40.4558 -20.7206 -1.36739 53.4578 1.15032 -13 414 1 0 1
-1.71348 4.34974 40.4558 -6.68681 9.54142 55.4618 0.496513 -13 415 1 0 1
-9.9065 -9.06799 40.4558 -12.0922 -6.57933 26.4679 0.149941 -13 417 1 0 1
-2.33373 2.76829 40.4558 -11.8334 2.82072 68.1614 1.61403 -13 418 1 0 1
2.75916 -0.295326 40.4558 1.03736 -0.061075 64.1165 0.653324 -13 419 1 0 1
-1.55288 -2.47774 40.4558 -11.82 -9.79456 71.7776 -0.299768 -13 421 1 0 1
-4.9397 6.62812 40.4558 -16.1118 14.6565 62.523 0.540248 -13 422 1 0 1
-12.8964 -10.2618 40.4558 -18.6608 -9.38219 36.3058 -0.0221595 -13 423 1 0 1
0.469952 10.9426 40.4558 -0.304313 11.7501 45.103 0.799628 -13 424 1 0 1
-0.756665 -0.615321 40.4558 -5.34709 0.52495 63.7045 0.0809424 -13 425 1 0 1
-3.31271 -0.986464 40.4558 -17.4064 2.24893 71.5432 -1.28253 -13 426 1 0 1
1.82241 -4.80111 40.4558 -1.57787 -6.08485 63.3237 -0.388351 -13 427 1 0 1
-5.06258 3.44245 40.4558 -15.7878 11.5622 62.4188 0.528837 -13 428 1 0 1
1.41506 -5.71945 40.4558 0.00214542 -12.769 56.4345 0.037774 -13 429 1 0 1
-7.55653 5.69776 40.4558 -24.1699 13.6321 65.5329 -1.56131 -13 430 1 0 1
-0.575586 -2.02851 40.4558 -11.5524 -5.93573 74.4211 2.02785 -13 431 1 0 1
-0.459549 1.16092 40.4558 -6.86761 5.80248 67.0438 2.08198 -13 432 1 0 1
-2.91855 -2.13618 40.4558 -13.784 -10.4217 67.4388 1.51565 -13 433 1 0 1
-1.55068 1.62941 40.4558 -6.35552 8.31605 58.3233 0.25726 -13 434 1 0 1
5.98706 2.00052 40.4558 6.53407 1.96613 59.1466 1.19923 -13 435 1 0 1
-0.532977 -0.789576 40.4558 -7.22808 -0.489119 66.6586 -2.18192 -13 437 1 0 1
-5.79017 -0.0645213 40.4558 -11.604 0.516641 52.3686 2.09558 -13 438 1 0 1
0.45218 -3.05841 40.4558 -3.94251 -3.47415 62.9382 -0.995644 -13 439 1 0 1
-0.870001 3.94417 40.4558 -5.71639 9.01397 59.4254 0.351635 -13 440 1 0 1
-6.1339 -2.07455 40.4558 -21.0182 -5.09884 67.0352 1.49551 -13 441 1 0 1
-3.88698 -2.82258 40.4558 -12.738 -0.482251 63.4617 -0.00824474 -13 442 1 0 1
-2.92709 0.0736065 40.4558 -7.61136 5.62461 54.8628 1.17516 -13 443 1 0 1
3.99578 -0.282581 40.4558 1.66049 1.32445 70.1255 1.09974 -13 444 1 0 1
1.30117 1.20987 40.4558 -3.90893 -3.22863 68.5332 0.190511 -13 445 1 0 1
-4.73911 -4.45563 40.4558 -16.306 -4.88601 66.446 -1.42967 -13 446 1 0 1
0.916566 0.828445 40.4558 -1.23694 2.44074 56.6615 -0.312078 -13 447 1 0 1
-2.62457 0.712734 40.4558 -12.4132 4.64783 68.9656 -1.88088 -13 448 1 0 1
-3.20181 1.97837 40.4558 -7.62785 1.51525 50.8919 -0.0543399 -13 449 1 0 1
1.71328 2.47291 40.4558 -8.67096 1.74947 80.7337 0.194116 -13 451 1 0 1
-1.24698 -1.48911 40.4558 -7.4102 -4.77528 66.799 1.21445 -13 452 1 0 1
-1.10292 -3.63299 40.4558 -4.22755 -6.07627 58.6549 -0.208033 -13 453 1 0 1
-5.43055 -2.1734 40.4558 -10.1095 -4.17446 49.7801 1.48564 -13 454 1 0 1
-0.159537 -1.67137 40.4558 -2.53681 -6.50601 54.4259 0.32188 -13 455 1 0 1
0.726549 3.74261 40.4558 -3.75592 9.44419 64.0483 -0.513093 -13 456 1 0 1
0.896062 2.40483 40.4558 -0.310119 8.23806 56.2446 0.92769 -13 457 1 0 1
-0.57307 -10.3509 40.4558 -4.61432 -16.6928 52.303 -0.964685 -13 458 1 0 1
2.13989 5.26182 40.4558 -3.20176 8.08585 74.1195 1.79737 -13 459 1 0 1
-4.85006 -1.34961 40.4558 -15.7477 0.000829965 62.9314 -0.0324939 -13 460 1 0 1
-6.77799 3.50962 40.4558 -18.3627 10.0444 61.1961 0.480248 -13 461 1 0 1
-1.4497 2.50378 40.4558 -7.25184 6.11022 63.1687 -0.163116 -13 462 1 0 1
0.226978 -2.03704 40.4558 -5.9332 -3.81505 68.3031 1.59753 -13 463 1 0 1
-0.73465 9.48101 40.4558 -5.91933 19.3374 58.7033 -0.0167972 -13 464 1 0 1
-6.41803 9.1991 40.4558 -9.26168 10.4411 32.8621 -0.634167 -13 465 1 0 1
-1.28637 3.86506 40.4558 -5.78149 8.53029 55.3238 0.469061 -13 466 1 0 1
1.65564 -2.06974 40.4558 1.62988 -0.621644 34.7763 0.0556927 -13 467 1 0 1
-2.51786 0.211775 40.4558 -6.6348 -4.88319 55.0669 -0.698863 -13 468 1 0 1
-5.52702 9.11437 40.4558 -10.6493 14.1455 46.3639 0.61244 -13 469 1 0 1
-0.747065 -4.36708 40.4558 -6.79605 -6.24871 63.6489 -0.330978 -13 470 1 0 1
-7.04731 7.92064 40.4558 -12.9001 11.0603 44.5079 1.36097 -13 471 1 0 1
-2.33382 -7.0075 40.4558 -4.97971 -9.39793 40.6897 1.36519 -13 472 1 0 1
-5.00577 -1.08927 40.4558 -10.8573 -2.51538 52.8498 -0.468311 -13 473 1 0 1
0.747762 -3.70885 40.4558 -1.9233 -7.51944 61.3542 -0.483292 -13 474 1 0 1
-0.442764 2.49427 40.4558 -8.12241 8.3298 69.9942 1.70607 -13 475 1 0 1
-8.7311 5.27166 40.4558 -20.3384 11.4534 56.0777 0.146774 -13 476 1 0 1
-1.85653 7.42984 40.4558 -8.15769 12.336 65.0999 -1.14658 -13 477 1 0 1
-4.13304 -2.93637 40.4558 -12.8474 -4.37935 59.5057 -1.6403 -13 478 1 0 1
-2.33513 0.46527 40.4558 -6.06756 -1.3604 46.5662 -0.457414 -13 479 1 0 1
-0.892417 2.14436 40.4558 -4.52981 5.97193 54.0153 0.463064 -13 480 1 0 1
4.71719 1.70716 40.4558 4.68165 1.98961 29.731 0.836021 -13 481 1 0 1
-5.13176 -2.24121 40.4558 -8.93623 -6.7306 43.1244 0.569952 -13 482 1 0 1
-7.0823 5.09084 40.4558 -21.3035 9.12613 64.4084 0.94135 -13 483 1 0 1
-6.64222 0.677511 40.4558 -20.2098 -0.716247 63.7428 -1.11339 -13 484 1 0 1
-9.81455 -4.83058 40.4558 -20.2937 -10.9051 51.9227 2.02146 -13 485 1 0 1
-3.42911 -4.66757 40.4558 -9.91694 -12.5096 55.8472 2.9079 -13 486 1 0 1
1.73232 2.15389 40.4558 -3.30922 1.65749 68.9434 0.286998 -13 487 1 0 1
-10.5255 -0.0640871 40.4558 -23.2416 0.0424724 55.4611 -0.72523 -13 488 1 0 1
-5.24664 -1.19555 40.4558 -8.37898 3.86702 37.424 1.54586 -13 489 1 0 1
-2.47351 -4.02371 40.4558 -9.28562 -12.1312 61.7284 -1.65573 -13 490 1 0 1
-1.68033 3.79099 40.4558 -10.4052 3.35034 68.8103 1.01689 -13 491 1 0 1
-1.80681 1.12934 40.4558 -7.70162 6.65247 60.1337 1.34149 -13 492 1 0 1
-5.02886 -1.93959 40.4558 -11.7368 -4.71408 57.1783 1.18839 -13 493 1 0 1
-4.03125 -0.334544 40.4558 -5.51895 -2.62084 30.1509 0.345469 -13 494 1 0 1
-1.76299 6.83712 40.4558 -3.26985 4.24829 41.992 -2.51253 -13 495 1 0 1
-4.16424 -5.32142 40.4558 -7.54471 -6.79899 40.8185 0.473721 -13 496 1 0 1
-3.70609 -0.501766 40.4558 -13.0862 -0.286339 62.5573 0.433279 -13 497 1 0 1
-7.07339 2.37052 40.4558 -21.3775 5.86249 64.2813 -0.259803 -13 498 1 0 1
-3.8689 8.7377 40.4558 -8.71931 11.306 48.256 -0.648754 -13 499 1 0 1
4.94085 0.637369 40.4558 5.7114 -2.33047 51.7145 -0.965722 -13 500 1 0 1
0.768384 4.21892 40.4558 -9.98327 7.5729 77.5239 -0.138944 -13 501 1 0 1
-6.93453 4.91237 40.4558 -20.139 6.64442 62.8316 -1.00414 -13 502 1 0 1
-6.76097 -14.595 40.4558 -19.4225 -23.9384 60.3501 -1.44657 -13 503 1 0 1
-5.0468 -0.392358 40.4558 -16.3039 1.04135 63.1459 0.45591 -13 504 1 0 1
4.07095 0.958881 40.4558 4.90129 1.75534 56.8238 -0.971987 -13 505 1 0 1
-3.82116 -0.0390042 40.4558 -21.4015 -2.55292 75.9761 1.42402 -13 506 1 0 1
0.0332825 6.09986 40.4558 -2.81581 10.319 48.1973 0.624827 -13 507 1 0 1
0.497649 -5.65016 40.4558 -2.8103 -9.00904 62.576 1.12636 -13 508 1 0 1
1.80053 -2.39058 40.4558 -4.2912 -4.61707 72.3996 0.163229 -13 509 1 0 1
-8.64385 1.5202 40.4558 -19.7518 1.49926 56.4257 1.31425 -13 510 1 0 1
-9.15171 -0.767359 40.4558 -26.8741 1.15483 65.5777 2.20989 -13 511 1 0 1
-7.58867 -0.436016 40.4558 -17.1428 -0.258703 53.4409 -0.243536 -13 512 1 0 1
-2.43035 0.130262 40.4558 -6.44152 2.70812 50.2785 1.27875 -13 513 1 0 1
-3.5023 -1.55279 40.4558 -9.28159 -2.61368 53.9115 -3.32721 -13 514 1 0 1
-7.53376 -0.527199 40.4558 -21.5078 -0.194817 62.1016 -1.29806 -13 515 1 0 1
-3.96443 -1.35746 40.4558 -10.1732 2.38857 55.0984 -1.79509 -13 516 1 0 1
-1.63394 0.966784 40.4558 -11.3304 -1.62067 70.7172 -0.986587 -13 517 1 0 1
-1.82545 0.0872289 40.4558 -8.04805 2.17271 64.0595 0.952961 -13 518 1 0 1
-5.42099 1.45388 40.4558 -24.8493 1.59223 74.1906 0.0597369 -13 519 1 0 1
-2.56816 -0.903578 40.4558 -7.68297 -5.50644 59.217 2.66232 -13 520 1 0 1
-4.30534 -5.95559 40.4558 -15.7175 -11.1874 67.057 -1.33911 -13 521 1 0 1
0.00300147 2.35251 40.4558 -12.9319 5.17341 79.5225 1.03663 -13 522 1 0 1
-4.82101 3.3451 40.4558 -16.8525 4.34267 67.3011 0.998383 -13 523 1 0 1
-2.71916 -5.02706 40.4558 -8.93498 -2.41891 60.5458 0.859123 -13 524 1 0 1
-4.07015 5.18015 40.4558 -6.22916 5.19023 36.7522 0.839606 -13 525 1 0 1
-4.93866 -2.4808 40.4558 -19.2828 -0.541338 68.701 0.172099 -13 526 1 0 1
-5.46899 6.86304 40.4558 -13.2841 13.1449 54.893 1.16874 -13 527 1 0 1
-4.65398 2.46688 40.4558 -10.4061 3.67381 53.8747 2.81963 -13 528 1 0 1
4.28174 -2.81272 40.4558 2.2062 -12.3277 70.6596 0.920301 -13 529 1 0 1
-3.33464 0.8337 40.4558 -12.4543 1.51764 65.5776 -0.480022 -13 530 1 0 1
-0.978161 0.890137 40.4558 -4.34906 3.17933 58.9866 1.12058 -13 531 1 0 1
-11.1462 2.17492 40.4558 -20.6663 6.4777 47.976 1.80047 -13 532 1 0 1
0.752629 -0.629661 40.4558 -5.08365 0.238865 69.6975 1.09159 -13 534 1 0 1
-2.78621 3.22202 40.4558 -13.1233 14.3165 66.3022 -2.70293 -13 535 1 0 1
-0.493365 -2.20452 40.4558 -3.85062 -0.351893 54.4489 -0.779208 -13 536 1 0 1
1.23482 5.44114 40.4558 -0.459612 9.25321 63.1568 0.231526 -13 538 1 0 1
3.7912 -2.29163 40.4558 -1.47476 -4.05703 76.8208 1.49846 -13 540 1 0 1
-3.47914 2.3172 40.4558 -15.38 8.26486 68.5107 1.07224 -13 541 1 0 1
0.151298 -0.104605 40.4558 -5.63985 2.16474 67.3201 0.132862 -13 542 1 0 1
1.6565 -1.49404 40.4558 -1.38357 -7.50911 66.5771 -0.396848 -13 543 1 0 1
-0.213164 -0.957244 40.4558 -4.63792 -3.15578 62.6445 0.550214 -13 544 1 0 1
-5.51685 -9.92461 40.4558 -19.1022 -24.0865 64.8242 1.2745 -13 545 1 0 1
-5.74034 -7.76636 40.4558 -10.6867 -9.59083 40.7832 0.643955 -13 546 1 0 1
-10.9461 7.52811 40.4558 -19.8409 13.3382 43.7313 -0.544258 -13 547 1 0 1
-1.27404 0.93496 40.4558 -6.79477 6.51054 60.6112 2.39007 -13 548 1 0 1
-0.769982 -2.49431 40.4558 -4.39585 -0.808192 57.2161 2.69353 -13 549 1 0 1
-7.60067 6.0062 40.4558 -22.1738 15.0053 63.0077 -2.3672 -13 550 1 0 1
-2.25136 -7.11524 40.4558 -4.34359 -3.95419 31.9576 1.42446 -13 551 1 0 1
-8.544 -0.772794 40.4558 -18.797 -3.39986 54.5516 0.363676 -13 553 1 0 1
-7.68984 -0.607077 40.4558 -20.7656 -3.30819 60.7094 -0.880777 -13 554 1 0 1
2.09057 2.68817 40.4558 -4.78028 6.56123 73.4645 1.35744 -13 555 1 0 1
-4.81984 3.96305 40.4558 -12.1699 6.39377 54.573 0.624544 -13 556 1 0 1
0.417388 -0.204284 40.4558 -3.11448 -1.69542 61.0979 2.55436 -13 557 1 0 1
-5.03483 -0.447537 40.4558 -13.858 -3.52128 59.4464 -2.47956 -13 558 1 0 1
-15.1866 1.40678 40.4558 -20.3062 10.3179 23.5866 -1.22741 -13 560 1 0 1
-8.6378 3.46071 40.4558 -25.1095 4.10509 63.7107 1.22725 -13 562 1 0 1
0.547133 -0.89666 40.4558 -6.43449 -5.59157 69.8361 -0.221915 -13 564 1 0 1
-9.11617 4.09747 40.4558 -18.4995 9.72032 50.6648 1.40499 -13 565 1 0 1
-7.55887 -1.09055 40.4558 -25.4717 -3.75478 67.9406 0.86211 -13 566 1 0 1
-1.88523 -4.76193 40.4558 -6.12536 -6.59176 55.459 0.32023 -13 567 1 0 1
-3.58424 3.37797 40.4558 -14.7301 9.67053 68.789 0.294676 -13 568 1 0 1
-2.71426 -2.5216 40.4558 -9.77639 -5.94588 60.2098 1.91657 -13 569 1 0 1
-3.31958 -4.69822 40.4558 -6.88029 -5.0694 49.448 -2.27049 -13 570 1 0 1
-1.21388 -1.55445 40.4558 -12.0422 -7.43639 74.0611 -0.0336367 -13 572 1 0 1
-5.48101 -0.113535 40.4558 -17.2716 -5.56378 65.5286 2.06123 -13 573 1 0 1
-7.09622 8.94673 40.4558 -16.6408 19.2584 53.4683 -0.829242 -13 574 1 0 1
-2.26744 -1.73005 40.4558 -11.8131 -3.94737 68.0488 0.297483 -13 575 1 0 1
-2.37501 3.12493 40.4558 -11.1705 0.496396 67.3289 -0.779478 -13 576 1 0 1
-1.22944 -4.94489 40.4558 -8.25713 -4.20886 64.6535 -1.85731 -13 577 1 0 1
-4.97052 5.37854 40.4558 -19.0287 13.1501 68.8295 2.0582 -13 578 1 0 1
0.761079 -6.22638 40.4558 -1.93389 -12.8215 60.9955 -0.127675 -13 579 1 0 1
-10.075 2.24499 40.4558 -25.7091 8.09424 59.4956 1.60421 -13 580 1 0 1
1.90203 3.46495 40.4558 -0.149224 4.18776 62.0121 0.191181 -13 581 1 0 1
2.00641 -0.409255 40.4558 0.930055 2.38758 48.4941 0.12751 -13 582 1 0 1
1.32108 -0.316924 40.4558 -4.24077 -2.73254 70.6557 -0.329037 -13 583 1 0 1
-1.74867 2.34019 40.4558 -9.20322 0.944593 63.0391 -0.639848 -13 584 1 0 1
-1.44561 -1.81594 40.4558 -9.25186 -7.27792 64.5646 -1.9358 -13 585 1 0 1
-2.87732 -3.41248 40.4558 -14.2163 -10.0914 68.9751 2.29801 -13 586 1 0 1
-5.59947 4.5911 40.4558 -21.5647 14.9467 69.3827 0.480628 -13 587 1 0 1
1.05414 -0.88003 40.4558 -3.20628 1.33431 66.3694 -2.00706 -13 588 1 0 1
-2.77022 1.51117 40.4558 -13.003 1.41284 68.2853 -1.12886 -13 589 1 0 1
-6.07215 -4.50797 40.4558 -22.0954 -14.7256 69.5294 -0.745465 -13 590 1 0 1
-4.54751 -1.18079 40.4558 -21.7514 0.616536 74.5082 2.69841 -13 591 1 0 1
-2.66211 0.707194 40.4558 -12.2052 -0.201092 69.8808 -2.49741 -13 592 1 0 1
-1.15635 4.63721 40.4558 -6.12349 3.73126 63.242 2.06334 -13 593 1 0 1
-7.6106 1.2383 40.4558 -20.4757 -0.210719 59.224 0.370133 -13 594 1 0 1
-1.13474 -3.29175 40.4558 -7.1665 -3.48356 62.7848 0.707794 -13 595 1 0 1
-6.71743 -0.709747 40.4558 -29.2109 -2.48241 74.2664 0.0459659 -13 597 1 0 1
0.139181 -3.71277 40.4558 -13.0857 -11.285 79.6662 -1.59991 -13 598 1 0 1
-7.71669 -2.79312 40.4558 -12.2277 -4.38978 42.0091 -1.40382 -13 599 1 0 1
-5.06186 -4.68138 40.4558 -9.97591 -7.70764 48.3094 0.706916 -13 600 1 0 1
-0.901195 -0.35717 40.4558 -5.90644 -1.37989 58.6727 1.32072 -13 601 1 0 1
-2.05494 -2.68992 40.4558 -8.18521 -4.7219 62.7184 0.769554 -13 602 1 0 1
-9.82716 -1.26971 40.4558 -26.1639 -1.89477 61.7831 -1.122 -13 603 1 0 1
0.218308 1.91648 40.4558 -0.10954 0.985191 47.1613 0.315933 -13 604 1 0 1
-5.09484 -11.6748 40.4558 -12.7557 -19.1236 55.1185 0.211503 -13 605 1 0 1
1.55242 -0.978527 40.4558 -3.21715 -2.11741 66.3623 2.75998 -13 606 1 0 1
2.90652 3.8891 40.4558 -3.96774 14.9324 75.4874 -0.620529 -13 607 1 0 1
-7.86316 -0.648986 40.4558 -25.6554 5.15398 67.8527 0.298686 -13 609 1 0 1
-3.894 1.48507 40.4558 -13.7551 11.1614 64.7326 -1.52406 -13 610 1 0 1
-4.31023 1.47444 40.4558 -9.50541 -1.02554 52.2632 1.07693 -13 611 1 0 1
1.94008 -0.42547 40.4558 -0.249999 2.63189 56.7308 -2.08026 -13 612 1 0 1
0.543061 -5.67333 40.4558 -1.28506 -6.67833 37.2674 1.55621 -13 613 1 0 1
-3.78349 -1.72129 40.4558 -11.6659 -7.00304 62.1246 -0.146775 -13 614 1 0 1
-6.09947 1.02075 40.4558 -21.3063 -3.2011 70.0065 0.968086 -13 615 1 0 1
0.73014 1.24355 40.4558 -8.868 6.0013 76.9645 -0.0678021 -13 616 1 0 1
-4.71149 -4.15913 40.4558 -14.4711 -6.14293 61.0811 -0.531562 -13 617 1 0 1
-4.26692 10.6887 40.4558 -11.3637 20.8624 53.665 -0.851345 -13 618 1 0 1
1.36234 5.36766 40.4558 -0.311716 11.195 50.3664 0.896447 -13 619 1 0 1
-2.87952 1.66188 40.4558 -18.0736 3.3972 75.6751 -2.05842 -13 620 1 0 1
-2.31547 -5.57301 40.4558 -7.78785 -5.65995 58.4978 0.849818 -13 621 1 0 1
-0.768325 -14.3197 40.4558 -4.23503 -20.4679 53.2809 0.543596 -13 622 1 0 1
-2.83493 -3.88113 40.4558 -8.55491 -3.54295 59.3856 -0.126406 -13 623 1 0 1
-3.98789 -1.52489 40.4558 -12.143 -5.2383 61.9157 -0.127882 -13 624 1 0 1
-7.77461 7.35444 40.4558 -16.6551 8.70183 52.2231 -0.658295 -13 625 1 0 1
1.65967 0.360487 40.4558 -3.95953 -2.36148 70.3269 2.61381 -13 626 1 0 1
-5.35887 0.876916 40.4558 -22.5766 9.40145 72.3981 0.738006 -13 627 1 0 1
-2.48222 -7.89115 40.4558 -12.3583 -15.8134 68.7468 0.310534 -13 628 1 0 1
-5.00224 6.49113 40.4558 -14.3155 15.5475 61.9694 0.366145 -13 629 1 0 1
-8.47181 2.34726 40.4558 -21.1282 7.0894 58.3787 0.841323 -13 630 1 0 1
-4.27674 1.33306 40.4558 -10.2869 3.66165 57.2207 -0.475394 -13 631 1 0 1
-2.03266 -3.91401 40.4558 -9.93681 -7.67998 65.7497 -1.34025 -13 632 1 0 1
2.04566 2.43487 40.4558 1.31141 3.03224 55.71 -0.632333 -13 633 1 0 1
-10.5308 11.5557 40.4558 -22.2538 20.7698 51.5246 0.0770829 -13 634 1 0 1
3.74312 -1.08916 40.4558 4.08906 0.0659121 52.0594 0.383389 -13 635 1 0 1
-6.37677 2.12856 40.4558 -22.4176 9.61916 68.5525 -1.93783 -13 636 1 0 1
1.0546 0.05375 40.4558 -6.01558 -2.12084 71.7292 0.255415 -13 637 1 0 1
0.784771 -3.82666 40.4558 -3.93373 -7.81627 65.5378 -1.79116 -13 639 1 0 1
-2.15075 4.14243 40.4558 -4.94846 5.13844 36.9916 -1.9281 -13 640 1 0 1
0.114938 -5.97236 40.4558 -4.31178 -13.3364 60.5513 -1.14117 -13 641 1 0 1
-1.54651 -4.93028 40.4558 -4.9657 -6.3833 56.5542 0.144295 -13 642 1 0 1
-1.32231 -7.69933 40.4558 -10.0814 -17.5288 67.9271 -0.21192 -13 643 1 0 1
-6.36952 -3.32349 40.4558 -12.4499 -6.53865 47.1132 2.44282 -13 644 1 0 1
6.27726 -0.992536 40.4558 8.73338 -0.47396 57.7762 1.18265 -13 645 1 0 1
-5.94857 1.18425 40.4558 -21.9948 1.88548 68.5766 1.51402 -13 646 1 0 1
-8.64171 -0.55109 40.4558 -31.6055 1.25035 71.2866 -1.33439 -13 647 1 0 1
0.497642 1.22234 40.4558 -4.36254 4.04983 67.7669 0.0417679 -13 649 1 0 1
-2.43625 -3.25417 40.4558 -14.5769 -4.55529 71.9697 1.10737 -13 650 1 0 1
-1.30402 1.10135 40.4558 -9.33611 1.57211 67.0169 0.642239 -13 651 1 0 1
-4.88631 -1.39514 40.4558 -15.7804 -4.30299 63.0377 1.15186 -13 652 1 0 1
-1.52109 -2.95849 40.4558 -9.92551 -3.54703 67.1596 0.769941 -13 653 1 0 1
-1.22534 -2.60636 40.4558 -1.17276 -3.05291 38.9135 -0.214697 -13 654 1 0 1
-12.5722 -9.51194 40.4558 -12.7581 -9.33048 21.5037 0.505185 -13 655 1 0 1
-7.80106 3.88344 40.4558 -20.9622 11.2208 59.6266 0.0399584 -13 656 1 0 1
0.718434 -5.11371 40.4558 -2.37401 -5.85234 60.5154 0.753186 -13 657 1 0 1
-3.64344 -5.87094 40.4558 -15.0011 -8.11971 66.5156 2.36278 -13 659 1 0 1
-2.12817 0.603372 40.4558 -10.1788 2.35337 64.638 -1.36773 -13 660 1 0 1
-3.79962 -0.489588 40.4558 -19.5825 -7.252 72.5592 1.76323 -13 661 1 0 1
-7.64055 -1.5652 40.4558 -17.1305 -2.97362 53.9745 -0.119805 -13 662 1 0 1
-0.493668 1.29228 40.4558 -3.88593 4.61825 56.8014 0.583698 -13 663 1 0 1
-1.35107 -3.18435 40.4558 -11.2334 -5.782 69.707 1.86326 -13 664 1 0 1
-2.97409 -1.14983 40.4558 -17.0569 -4.99121 74.4294 0.429302 -13 665 1 0 1
-9.30694 -1.26191 40.4558 -21.3752 -0.264721 56.7813 1.12192 -13 666 1 0 1
-3.06327 -0.943811 40.4558 -9.85022 -0.89784 58.6697 -2.01645 -13 667 1 0 1
-8.91566 -3.09864 40.4558 -11.3905 -4.11122 28.0579 0.975635 -13 668 1 0 1
-2.15432 -6.85171 40.4558 -9.42941 -14.3792 65.4975 1.51444 -13 669 1 0 1
0.337269 -4.38851 40.4558 -7.00876 -8.77876 71.6969 0.154194 -13 670 1 0 1
-2.18063 -10.7857 40.4558 -8.38499 -20.1959 58.0992 0.626039 -13 671 1 0 1
1.56228 5.12982 40.4558 -1.56184 8.40224 55.7856 1.70039 -13 672 1 0 1
0.417538 6.49887 40.4558 -2.54633 10.2779 60.3163 0.469546 -13 673 1 0 1
3.55621 2.57346 40.4558 1.26289 5.39975 62.0715 0.987592 -13 674 1 0 1
-4.63651 -6.14497 40.4558 -13.1725 -13.9737 59.7561 3.31064 -13 675 1 0 1
2.3579 1.90898 40.4558 1.18134 5.4692 48.8963 -0.0196308 -13 676 1 0 1
3.19313 -2.0755 40.4558 -0.224737 -6.18525 66.6108 1.13527 -13 677 1 0 1
-1.44991 1.57868 40.4558 -10.6278 11.8144 70.0825 1.67769 -13 678 1 0 1
-9.1984 6.46693 40.4558 -24.7758 14.0585 61.0295 0.153627 -13 679 1 0 1
-6.32593 1.93783 40.4558 -13.5252 1.16137 53.6728 -0.74098 -13 680 1 0 1
-2.1813 -0.827033 40.4558 -12.7275 -9.88058 70.9978 -3.10269 -13 681 1 0 1
-6.23991 -3.05749 40.4558 -8.11395 -8.01344 28.9503 0.239911 -13 682 1 0 1
5.17247 -0.704074 40.4558 4.85062 4.59292 61.478 2.18093 -13 683 1 0 1
-4.24267 -3.50825 40.4558 -12.2804 -5.95575 59.7321 -0.0682892 -13 684 1 0 1
8.62506 -2.67358 40.4558 11.2882 -9.89403 68.7709 -1.53602 -13 685 1 0 1
0.097097 5.05838 40.4558 -6.32069 11.8389 68.3073 0.552522 -13 686 1 0 1
-6.99715 3.43971 40.4558 -13.3293 8.00203 46.5034 1.85292 -13 687 1 0 1
-3.88617 -1.50635 40.4558 -13.3298 -6.33959 63.0916 0.11617 -13 688 1 0 1
1.07605 -5.607 40.4558 -1.27122 -13.5566 59.1647 1.14789 -13 690 1 0 1
-0.98593 1.09586 40.4558 -7.59643 -1.58882 63.7494 -1.80896 -13 691 1 0 1
-3.14775 4.08398 40.4558 -10.5884 3.13653 60.6817 -0.798697 -13 692 1 0 1
-4.39862 7.96504 40.4558 -10.162 5.54546 47.6071 1.9987 -13 693 1 0 1
-2.23537 -5.51881 40.4558 -9.99228 -6.91196 63.4438 2.51665 -13 694 1 0 1
-6.57457 2.30936 40.4558 -17.9847 5.11952 60.769 0.50731 -13 696 1 0 1
-3.81052 1.92089 40.4558 -16.7802 6.72804 68.1195 0.681843 -13 697 1 0 1
1.82299 -6.54481 40.4558 2.01332 -7.15921 43.1973 -0.527067 -13 699 1 0 1
0.130519 -1.33291 40.4558 -7.79363 -2.85854 71.5063 1.54323 -13 700 1 0 1
-0.71858 2.99066 40.4558 -7.92342 10.7086 68.8576 1.48944 -13 701 1 0 1
-2.12271 1.35436 40.4558 -5.24074 2.79024 42.9249 1.51125 -13 702 1 0 1
-3.79158 2.52961 40.4558 -21.448 3.94691 76.3509 -2.07271 -13 703 1 0 1
-0.0681503 4.4445 40.4558 -2.48941 11.3833 55.7713 -0.306736 -13 704 1 0 1
-2.83697 3.37358 40.4558 -7.02092 4.31935 52.1777 1.58705 -13 705 1 0 1
-6.06189 -1.72367 40.4558 -12.3012 -2.93558 51.6487 -1.42598 -13 706 1 0 1
-1.84691 -1.23351 40.4558 -12.0129 3.95064 70.9316 3.47034 -13 707 1 0 1
-9.92257 -1.64204 40.4558 -21.3485 -2.91193 53.7618 0.684632 -13 708 1 0 1
-4.54547 0.232772 40.4558 -14.1459 -2.46341 63.6338 0.240993 -13 709 1 0 1
-4.05141 -3.5117 40.4558 -6.08358 -8.18944 38.6517 -0.755109 -13 710 1 0 1
0.0308381 2.4976 40.4558 -2.29331 0.923383 49.6356 -0.147797 -13 711 1 0 1
-3.37179 -4.52897 40.4558 -13.997 -9.01258 66.6537 1.54656 -13 712 1 0 1
-1.81899 -2.94997 40.4558 -17.7398 -10.9102 78.4595 0.15582 -13 713 1 0 1
-3.72588 1.20181 40.4558 -7.79925 -1.29506 47.6372 1.83654 -13 714 1 0 1
-3.80209 2.27308 40.4558 -15.949 7.87221 68.5286 -0.917458 -13 715 1 0 1
-6.8811 6.08353 40.4558 -12.4501 8.69556 44.1789 1.41734 -13 716 1 0 1
-1.94124 1.13771 40.4558 -4.98816 1.19998 52.3318 1.96254 -13 717 1 0 1
-4.20665 0.800842 40.4558 -17.353 -1.06888 69.5532 1.0988 -13 718 1 0 1
-0.34988 0.535972 40.4558 -8.09402 4.67014 70.6174 0.0564747 -13 719 1 0 1
-4.28295 1.43263 40.4558 -13.9401 3.01246 63.341 2.24617 -13 720 1 0 1
0.808901 -5.5999 40.4558 -5.97767 -12.2089 70.2116 0.0694971 -13 721 1 0 1
-0.80916 -3.7191 40.4558 -4.14471 -8.08673 53.9966 -1.3593 -13 722 1 0 1
-2.49117 -3.71334 40.4558 -9.18157 -3.73902 59.7693 -1.04046 -13 723 1 0 1
-1.06492 3.74973 40.4558 -10.4155 6.30258 71.4445 2.15847 -13 724 1 0 1
-7.23202 4.56782 40.4558 -15.6936 5.44214 51.9741 -0.0996167 -13 725 1 0 1
2.47909 -7.02594 40.4558 1.86776 -12.904 53.0259 -0.806175 -13 726 1 0 1
-0.569385 2.0092 40.4558 -2.96294 3.52161 43.1807 2.1309 -13 727 1 0 1
-2.86268 11.7031 40.4558 -6.16374 16.4585 37.7317 -0.111154 -13 728 1 0 1
0.574897 -2.89123 40.4558 -9.05448 -5.61895 75.249 -1.67126 -13 729 1 0 1
-9.33668 -7.79871 40.4558 -9.79641 -5.09171 25.5646 0.0961918 -13 730 1 0 1
-2.95654 -1.7329 40.4558 -13.4224 -1.62899 68.7643 -1.08392 -13 731 1 0 1
-4.92703 4.50841 40.4558 -16.3422 6.74788 66.2275 2.16985 -13 732 1 0 1
-7.82286 1.4455 40.4558 -12.9623 -1.63423 43.4325 -0.227604 -13 733 1 0 1
0.0753638 3.34596 40.4558 -6.5438 -4.04535 70.6982 2.40337 -13 734 1 0 1
5.76249 4.98553 40.4558 5.64955 4.86069 45.8632 -0.993124 -13 735 1 0 1
-1.92152 4.30543 40.4558 -4.85106 6.49895 44.9211 -0.017116 -13 736 1 0 1
-5.67328 5.37911 40.4558 -14.6954 9.20004 59.4645 2.23068 -13 737 1 0 1
2.70731 0.210282 40.4558 1.44976 3.32292 58.2291 1.69606 -13 738 1 0 1
-0.171878 -2.47253 40.4558 -3.97479 -1.47659 58.8293 -0.983656 -13 739 1 0 1
-3.83221 1.12475 40.4558 -17.1499 2.01811 70.6911 0.931278 -13 740 1 0 1
5.70137 -0.348246 40.4558 -0.272621 0.325749 15.5868 2.2488 -13 741 1 0 1
-12.1437 0.865571 40.4558 -16.176 2.48892 34.7954 -1.99623 -13 742 1 0 1
-2.59635 5.52015 40.4558 -12.5247 14.9572 68.8247 1.48563 -13 743 1 0 1
-6.08022 4.00234 40.4558 -13.3709 4.09369 52.8953 0.434461 -13 744 1 0 1
3.24018 5.2282 40.4558 -1.68361 10.5872 71.9374 2.10514 -13 745 1 0 1
-3.73078 -0.923542 40.4558 -14.2626 -2.04581 65.9572 -1.66269 -13 746 1 0 1
-1.29852 -1.24476 40.4558 -8.64047 -2.08355 66.9805 0.331686 -13 747 1 0 1
-6.38521 0.0947427 40.4558 -10.754 1.57021 45.6061 -1.62709 -13 748 1 0 1
0.672924 -0.829575 40.4558 -7.00714 -2.52494 72.1748 1.27489 -13 749 1 0 1
-1.35946 5.72589 40.4558 -7.00259 2.87575 63.4256 0.864001 -13 750 1 0 1
-7.11622 3.2935 40.4558 -14.2381 7.1294 49.164 0.192061 -13 751 1 0 1
-4.2986 4.21253 40.4558 -14.4662 12.719 64.3465 -0.328459 -13 752 1 0 1
-2.84758 2.68685 40.4558 -9.6977 1.76583 63.0256 -0.881206 -13 753 1 0 1
-6.31848 -2.38964 40.4558 -19.7024 -3.0029 65.731 0.468636 -13 754 1 0 1
0.321364 -1.37174 40.4558 -8.73768 -5.03307 74.4706 -1.28331 -13 755 1 0 1
-0.296586 1.75443 40.4558 -6.95267 8.58182 67.1478 -0.886984 -13 756 1 0 1
1.79388 -3.78499 40.4558 1.09851 -4.83017 52.9482 -0.953019 -13 757 1 0 1
0.00717582 -0.804708 40.4558 -1.01617 -6.23687 55.2224 0.519685 -13 758 1 0 1
-0.378143 -7.57026 40.4558 -5.79762 -16.673 60.5027 1.30762 -13 759 1 0 1
-2.59117 3.51566 40.4558 -7.05256 5.80074 52.6789 0.36738 -13 760 1 0 1
-0.934115 -4.06784 40.4558 -5.481 -5.36415 58.408 0.850113 -13 761 1 0 1
-12.7147 1.14389 40.4558 -13.9937 3.21583 24.8128 -0.666979 -13 762 1 0 1
3.0495 1.30544 40.4558 1.2498 6.96007 60.4101 1.4235 -13 763 1 0 1
0.906613 1.49302 40.4558 -4.89208 4.53139 69.9169 -2.44425 -13 764 1 0 1
-5.46839 -0.556098 40.4558 -14.9103 -2.19363 61.7308 -0.396022 -13 765 1 0 1
3.56459 -4.17068 40.4558 2.07284 -4.46208 26.7226 -0.902659 -13 766 1 0 1
-0.236442 -1.48641 40.4558 -4.12037 -4.13364 58.4925 -0.288554 -13 767 1 0 1
1.54179 -10.7169 40.4558 -2.1841 -22.5332 64.356 0.777787 -13 768 1 0 1
-9.15999 1.11534 40.4558 -12.1547 -1.31567 31.1674 0.357833 -13 769 1 0 1
-4.70746 0.893871 40.4558 -16.753 -7.54032 68.3514 -0.89626 -13 770 1 0 1
-10.2021 -7.54291 40.4558 -12.36 -7.95607 28.0184 -0.41672 -13 771 1 0 1
-2.02325 -3.16459 40.4558 -5.84792 -7.74069 53.5663 -0.0135753 -13 772 1 0 1
2.599 -0.395147 40.4558 -4.39071 0.17572 76.4178 0.654905 -13 773 1 0 1
-7.4617 -3.29137 40.4558 -16.1742 -3.49138 53.4149 1.11212 -13 774 1 0 1
3.75675 -1.38894 40.4558 3.59305 -5.51434 61.076 0.0756782 -13 775 1 0 1
-4.44353 2.69779 40.4558 -9.9564 5.43527 53.3377 2.68788 -13 776 1 0 1
-4.33193 -2.03963 40.4558 -14.9469 -6.54127 64.649 0.121613 -13 777 1 0 1
-4.35566 3.70562 40.4558 -8.39007 9.39095 44.7275 2.76185 -13 778 1 0 1
-5.0944 -4.86939 40.4558 -16.4799 -10.119 65.3659 1.8392 -13 779 1 0 1
0.476828 -1.05644 40.4558 -3.18477 -1.64454 67.4202 -0.75995 -13 780 1 0 1
-0.060453 0.754495 40.4558 -5.44179 -1.58241 66.6739 0.0347419 -13 781 1 0 1
-6.83815 -3.17587 40.4558 -18.4891 -6.07735 59.5967 0.666053 -13 782 1 0 1
1.49022 -3.3857 40.4558 -0.520076 -4.77045 58.5465 1.13592 -13 783 1 0 1
-9.63442 -8.2828 40.4558 -23.3895 -19.3467 57.7182 -0.707753 -13 784 1 0 1
-6.25781 0.706957 40.4558 -25.7323 -6.17433 72.8797 -0.054116 -13 785 1 0 1
2.06501 2.15216 40.4558 1.15791 1.32053 47.1108 -0.861214 -13 787 1 0 1
-9.52345 -0.542648 40.4558 -21.893 -2.56722 55.5348 -0.767703 -13 788 1 0 1
4.11262 -0.240021 40.4558 2.15356 -5.71812 70.8109 0.579825 -13 789 1 0 1
-1.80854 0.0241124 40.4558 -8.04731 -4.53224 59.1864 2.16138 -13 790 1 0 1
-0.137032 -4.42916 40.4558 -5.81868 -13.2358 66.7157 -1.27226 -13 791 1 0 1
-3.20779 -1.42355 40.4558 -11.4029 -2.56025 65.0621 2.34011 -13 792 1 0 1
-0.640369 0.345859 40.4558 -3.84293 -2.24965 52.0234 1.94387 -13 793 1 0 1
-5.63304 0.473096 40.4558 -17.8998 3.49672 66.4722 0.43503 -13 794 1 0 1
-7.45935 -5.29811 40.4558 -16.6562 -10.4284 52.3064 -2.24175 -13 795 1 0 1
-6.31733 1.316 40.4558 -13.8687 2.00861 56.3138 0.053982 -13 796 1 0 1
-2.46913 1.08666 40.4558 -4.85208 -2.35637 46.603 -0.65789 -13 797 1 0 1
-1.96888 7.06216 40.4558 -14.0082 17.7448 71.7494 2.1448 -13 798 1 0 1
-3.87247 2.31759 40.4558 -11.8441 2.88294 60.7845 1.06312 -13 799 1 0 1
-8.40973 1.20172 40.4558 -18.9822 5.46871 55.4105 1.35505 -13 800 1 0 1
2.16717 3.75971 40.4558 -0.432708 2.02457 68.9865 2.37307 -13 801 1 0 1
-3.68717 -1.37717 40.4558 -12.8321 -5.98356 64.4783 -1.13318 -13 802 1 0 1
-0.543592 -0.560231 40.4558 -11.3151 5.48262 74.5236 -1.54418 -13 803 1 0 1
3.35588 0.157477 40.4558 2.9014 1.24941 50.0629 -0.336529 -13 804 1 0 1
-0.742349 -0.131968 40.4558 -4.35618 -1.38162 56.0657 1.14545 -13 806 1 0 1
-6.17958 -5.57239 40.4558 -17.4246 -9.21645 63.2325 0.543956 -13 807 1 0 1
-7.07073 0.284999 40.4558 -18.9961 0.243268 61.4955 -0.401568 -13 809 1 0 1
-2.91519 -0.544233 40.4558 -16.933 -4.16834 74.582 -0.531356 -13 810 1 0 1
-3.4559 -0.682996 40.4558 -13.5228 0.654768 68.3571 -0.0675753 -13 811 1 0 1
-6.3496 -3.7023 40.4558 -11.5043 -3.9463 44.2489 2.11599 -13 812 1 0 1
-0.680105 3.01225 40.4558 -4.56042 8.18915 54.2877 0.919868 -13 813 1 0 1
-1.83155 -0.88366 40.4558 -7.59734 1.97547 62.0427 0.859533 -13 814 1 0 1
-0.612477 4.19934 40.4558 -3.82415 8.58739 54.281 -1.9016 -13 815 1 0 1
0.455894 -0.410317 40.4558 -9.76277 -0.824886 75.902 1.62855 -13 816 1 0 1
-2.8891 0.261793 40.4558 -4.23094 0.730974 39.2382 -1.49911 -13 817 1 0 1
-2.87373 -6.10234 40.4558 -6.3787 -11.8143 46.135 0.0603064 -13 820 1 0 1
-4.83212 -1.87551 40.4558 -10.3782 0.25132 50.7979 -1.58851 -13 821 1 0 1
-3.26797 3.50578 40.4558 -24.0999 2.70033 77.8016 0.766061 -13 822 1 0 1
-0.346374 0.341266 40.4558 -2.90454 -1.89542 56.7904 0.0576084 -13 823 1 0 1
-4.89745 -1.21572 40.4558 -14.0174 -3.03749 58.6334 0.422529 -13 825 1 0 1
-1.57805 2.16442 40.4558 -9.28058 8.49271 65.414 -1.25502 -13 826 1 0 1
-2.31272 -5.48041 40.4558 -8.69233 -13.8651 60.6778 2.80436 -13 827 1 0 1
-0.57302 1.47865 40.4558 -5.21395 -0.334378 63.9813 -2.32075 -13 828 1 0 1
1.9554 -9.76107 40.4558 -0.383195 -16.3489 47.6261 0.951774 -13 829 1 0 1
-3.48386 -4.99051 40.4558 -11.7476 -11.0917 61.6752 -0.0219387 -13 830 1 0 1
-0.385635 -0.00387532 40.4558 -6.34509 -2.71382 65.1385 2.11967 -13 831 1 0 1
-3.39464 -3.58143 40.4558 -8.33524 -7.16457 53.4887 0.510675 -13 832 1 0 1
-2.30306 -6.37729 40.4558 -8.57665 -13.2787 58.6642 0.51789 -13 833 1 0 1
-6.5759 -1.94368 40.4558 -16.3423 -0.810271 58.1081 -0.0871082 -13 834 1 0 1
-2.55479 -5.71575 40.4558 -18.0116 -16.108 74.4449 -0.810431 -13 835 1 0 1
1.08721 5.30911 40.4558 -4.11771 12.7333 64.492 0.0217673 -13 836 1 0 1
1.77778 -8.93079 40.4558 -2.20485 -13.2665 65.5093 1.17099 -13 837 1 0 1
0.911411 4.11444 40.4558 -5.56895 4.47983 70.6228 -1.1933 -13 838 1 0 1
-3.59202 -4.8382 40.4558 -8.41026 -5.27465 53.7339 -0.262211 -13 839 1 0 1
-6.78734 -0.26632 40.4558 -16.5314 -1.63139 56.9902 2.57337 -13 840 1 0 1
-5.93596 4.8729 40.4558 -13.9269 5.88955 55.596 -1.67943 -13 841 1 0 1
-3.46001 -1.92573 40.4558 -16.0372 -2.87285 71.1588 -0.839655 -13 842 1 0 1
-2.75032 -3.76629 40.4558 -15.7322 -15.8307 71.0941 0.621585 -13 843 1 0 1
-8.69914 2.63535 40.4558 -19.0744 4.75059 54.48 1.04035 -13 844 1 0 1
0.065722 0.118285 40.4558 -3.40301 2.63862 59.6327 1.12218 -13 845 1 0 1
-0.0148075 -9.19441 40.4558 -2.46359 -8.58 33.8992 0.652456 -13 846 1 0 1
0.592102 -6.85808 40.4558 -1.94213 -5.61471 57.3915 -1.0253 -13 847 1 0 1
-4.59261 3.75416 40.4558 -10.4466 4.09372 53.2607 -0.657098 -13 848 1 0 1
-9.01827 -3.17317 40.4558 -17.5898 -3.60084 48.8137 -1.84328 -13 849 1 0 1
3.10797 -5.7445 40.4558 0.056926 -11.895 67.842 -0.745207 -13 850 1 0 1
-5.57897 5.27241 40.4558 -13.7047 7.65315 57.0382 -0.330111 -13 851 1 0 1
3.23151 -1.13567 40.4558 -2.99117 -1.66282 75.3928 0.638562 -13 852 1 0 1
-4.74274 0.95904 40.4558 -13.4456 1.66861 59.5915 1.22827 -13 853 1 0 1
-2.78924 1.72042 40.4558 -13.8701 -1.61741 67.5678 -0.684343 -13 854 1 0 1
-6.34425 5.41595 40.4558 -16.1239 10.7293 58.2417 0.267775 -13 855 1 0 1
-7.74305 1.79876 40.4558 -18.0484 -2.94551 55.2829 0.475489 -13 856 1 0 1
-6.5092 -10.5372 40.4558 -17.1096 -14.5918 58.7099 -0.717519 -13 857 1 0 1
-12.1704 2.00052 40.4558 -29.0481 2.8021 57.3131 -2.24663 -13 858 1 0 1
-6.74113 -0.928714 40.4558 -12.9819 0.129394 49.5901 1.75007 -13 859 1 0 1
-4.06559 1.38759 40.4558 -14.2944 3.47439 65.5944 1.46258 -13 860 1 0 1
-2.02098 -2.66578 40.4558 -14.6132 -7.57617 75.0853 -1.68489 -13 861 1 0 1
-2.85129 0.693017 40.4558 -10.1211 3.43175 61.9117 0.0603949 -13 862 1 0 1
-9.91043 -6.33271 40.4558 -21.6509 -10.1206 53.033 0.357145 -13 863 1 0 1
-3.42414 -1.15287 40.4558 -10.7034 -0.964057 61.3731 -0.466833 -13 864 1 0 1
-4.53155 -3.41126 40.4558 -10.7283 -2.61972 53.8606 1.93316 -13 865 1 0 1
-1.34704 4.12819 40.4558 -5.70308 11.2495 55.1879 0.091317 -13 866 1 0 1
1.64794 4.97697 40.4558 -5.06933 9.00476 73.4385 -0.514289 -13 867 1 0 1
-2.21111 1.4941 40.4558 -17.3181 0.500177 76.5101 -1.4953 -13 868 1 0 1
-12.5825 -7.17892 40.4558 -26.2364 -12.6618 52.4167 -0.52 -13 869 1 0 1
-2.85049 -1.45011 40.4558 -9.31082 -5.23277 58.3371 0.900271 -13 870 1 0 1
-3.01357 -3.01601 40.4558 -11.9741 -8.2114 65.1273 -1.04905 -13 871 1 0 1
-3.84732 -1.89723 40.4558 -13.8857 -1.86673 65.6725 -0.984346 -13 872 1 0 1
0.356454 1.14714 40.4558 -6.39914 -0.522433 71.0413 -0.939724 -13 873 1 0 1
-3.78277 2.66405 40.4558 -13.6283 6.47273 64.3873 2.72477 -13 874 1 0 1
-4.22987 -2.53772 40.4558 -13.3342 -6.36956 62.1801 0.353038 -13 875 1 0 1
1.06831 4.10395 40.4558 -6.90549 8.06735 74.2137 0.134545 -13 876 1 0 1
-1.59306 3.29203 40.4558 -8.81664 14.4171 66.569 -1.86569 -13 877 1 0 1
-1.00882 3.36283 40.4558 -10.7436 12.4821 71.3153 -3.57081 -13 878 1 0 1
-9.60469 4.05466 40.4558 -15.1177 4.79738 43.853 1.31918 -13 879 1 0 1
1.05799 -4.87337 40.4558 -3.04066 -11.7806 66.9039 0.950123 -13 880 1 0 1
-2.65677 -3.84783 40.4558 -7.72288 -7.10374 54.9043 1.96483 -13 881 1 0 1
4.12199 8.5321 40.4558 0.381073 19.8152 72.798 -0.429149 -13 882 1 0 1
2.72943 6.26044 40.4558 -0.734216 15.7364 63.164 -0.218857 -13 883 1 0 1
2.16047 1.43258 40.4558 1.96183 3.31388 35.6722 -0.0373727 -13 885 1 0 1
1.2315 1.19901 40.4558 -9.00364 -4.85719 78.8761 2.45832 -13 886 1 0 1
-7.04653 4.5047 40.4558 -22.6455 8.65419 65.9085 0.636203 -13 887 1 0 1
-2.14127 0.92882 40.4558 -5.73171 -2.05455 54.8419 0.165795 -13 888 1 0 1
-4.13287 -2.38617 40.4558 -10.4121 -3.47315 55.413 -0.500869 -13 889 1 0 1
0.769662 -6.45136 40.4558 -4.61324 -15.2337 66.7227 -1.03006 -13 890 1 0 1
-7.35249 -0.450325 40.4558 -10.0574 0.351391 30.5589 -0.96824 -13 891 1 0 1
-3.32056 -5.44241 40.4558 -14.581 -7.06018 69.4254 0.547861 -13 892 1 0 1
-9.40394 -0.935029 40.4558 -19.5596 0.684103 53.992 -1.54402 -13 893 1 0 1
2.49642 -3.33022 40.4558 -3.50633 -6.48661 75.7559 0.0749829 -13 894 1 0 1
-8.21845 3.79276 40.4558 -27.4161 19.0079 65.8338 1.63029 -13 895 1 0 1
-5.18008 6.5094 40.4558 -17.0584 16.1145 65.1943 -1.56997 -13 896 1 0 1
-5.77368 -2.03264 40.4558 -11.8468 -2.775 46.2318 -1.64612 -13 897 1 0 1
-1.72915 -0.707197 40.4558 -6.63665 0.337024 55.0062 -0.58734 -13 898 1 0 1
3.33886 0.371442 40.4558 2.84358 3.40774 61.2305 -0.185294 -13 899 1 0 1
-0.999005 3.63965 40.4558 -8.38747 3.25002 67.1758 0.675589 -13 901 1 0 1
2.78268 -0.938047 40.4558 2.48229 -4.68672 54.5857 0.663771 -13 902 1 0 1
-1.4839 -6.93927 40.4558 -12.8777 -8.27772 72.2355 1.24817 -13 903 1 0 1
-0.358968 -0.483542 40.4558 -4.58381 -4.84227 58.0209 2.03348 -13 904 1 0 1
-7.16626 -0.15574 40.4558 -28.6857 1.93737 73.2241 0.225378 -13 905 1 0 1
-10.1824 -2.8631 40.4558 -19.0634 -3.69481 49.1304 1.37842 -13 906 1 0 1
-2.79012 4.58051 40.4558 -11.9067 6.37093 65.9042 0.397312 -13 907 1 0 1
-9.74643 -9.57046 40.4558 -11.6383 -10.1913 27.7234 0.38066 -13 908 1 0 1
-2.19624 -2.53386 40.4558 -14.2091 -1.87211 71.5701 0.768206 -13 909 1 0 1
-5.35496 -1.3542 40.4558 -18.6911 -3.66484 66.9041 -0.0774753 -13 910 1 0 1
-7.24921 9.80234 40.4558 -11.88 13.7457 36.7543 -0.49296 -13 911 1 0 1
-0.859448 8.98961 40.4558 -5.9776 11.5533 53.6701 -0.706825 -13 912 1 0 1
-0.975013 2.64108 40.4558 -17.1819 13.7048 77.1886 1.38182 -13 913 1 0 1
-11.3417 1.27083 40.4558 -30.5279 8.89794 62.9849 1.08434 -13 914 1 0 1
-1.0537 -6.42859 40.4558 -6.14598 -10.2273 60.058 -0.77065 -13 915 1 0 1
-6.62412 0.107562 40.4558 -31.4871 2.58804 73.7952 4.38883 -13 916 1 0 1
-8.00003 5.39359 40.4558 -11.0114 8.34589 34.5646 -0.0825569 -13 917 1 0 1
-8.3331 3.30363 40.4558 -26.2548 7.26157 66.2878 2.11513 -13 918 1 0 1
-2.91935 2.00478 40.4558 -10.8196 1.31997 64.9156 -0.521628 -13 919 1 0 1
-4.2552 -1.54588 40.4558 -22.1192 0.353472 76.0452 0.527456 -13 920 1 0 1
-2.76723 -1.22409 40.4558 -5.05061 -5.07212 31.2433 0.501911 -13 921 1 0 1
-3.84209 -5.57099 40.4558 -23.0495 -12.3831 76.8523 2.5178 -13 922 1 0 1
-7.38583 0.357856 40.4558 -17.1959 0.48873 55.1653 -0.0622728 -13 923 1 0 1
-2.91805 3.10808 40.4558 -12.2876 3.94907 66.608 -0.964139 -13 924 1 0 1
-5.33766 3.16177 40.4558 -14.8407 7.38818 58.9975 0.459933 -13 925 1 0 1
-4.54293 2.31453 40.4558 -21.3162 3.05181 73.5238 1.4522 -13 926 1 0 1
-3.38292 -3.58963 40.4558 -11.35 -2.97791 66.3383 0.632697 -13 927 1 0 1
-4.24335 -1.54162 40.4558 -10.9786 -3.81462 55.7468 -0.141992 -13 928 1 0 1
-3.22159 -0.801059 40.4558 -13.5849 -2.06409 68.5065 1.41531 -13 930 1 0 1
-0.370591 2.07243 40.4558 -5.55933 0.650199 62.0618 2.07651 -13 931 1 0 1
-10.9936 -3.18965 40.4558 -18.2666 -5.8689 42.2914 2.00909 -13 932 1 0 1
-0.0567636 4.20808 40.4558 -6.54347 12.8398 67.3762 1.10877 -13 933 1 0 1
-3.65967 0.646886 40.4558 -17.6696 3.7495 71.9847 -0.478045 -13 934 1 0 1
-9.63538 1.47532 40.4558 -21.5777 2.42139 54.2585 1.03209 -13 935 1 0 1
3.2167 -2.47996 40.4558 3.41659 -0.0452273 60.6441 0.114245 -13 936 1 0 1
-2.64381 -3.5094 40.4558 -14.8742 -3.16291 71.3629 -0.136908 -13 938 1 0 1
-10.8404 0.497422 40.4558 -22.8463 1.26289 52.5011 -0.444953 -13 939 1 0 1
-4.56357 -0.716809 40.4558 -12.4502 0.957707 58.5732 0.0473944 -13 940 1 0 1
-5.35797 1.01149 40.4558 -16.3238 5.60942 63.8751 0.297909 -13 941 1 0 1
3.6312 0.367963 40.4558 -0.084177 0.672103 71.7511 0.627069 -13 942 1 0 1
-0.480017 -3.06148 40.4558 -7.28582 -4.93334 66.856 1.49649 -13 943 1 0 1
-5.09259 -1.11226 40.4558 -10.107 2.14198 49.9643 -0.339063 -13 944 1 0 1
-0.729713 5.29869 40.4558 -9.30251 16.0811 69.3945 0.964574 -13 945 1 0 1
-6.32749 3.38386 40.4558 -11.0222 4.94489 41.3732 -0.634299 -13 946 1 0 1
0.661435 -0.72652 40.4558 -3.55327 2.13622 64.7748 -1.0977 -13 947 1 0 1
-2.575 -1.16398 40.4558 -6.21544 0.576922 46.9631 1.40105 -13 948 1 0 1
-8.1558 -1.98481 40.4558 -14.9828 -3.11925 50.4836 0.504782 -13 949 1 0 1
-5.44672 5.05665 40.4558 -15.3766 8.40381 62.1552 0.153266 -13 950 1 0 1
9.45525 -4.87845 40.4558 12.5223 -5.90232 53.6333 0.716208 -13 951 1 0 1
0.220421 -2.07777 40.4558 -3.02945 -4.05355 58.9236 2.75309 -13 952 1 0 1
-2.89372 -2.2767 40.4558 -10.2536 -5.37491 57.8826 0.354478 -13 953 1 0 1
-4.04169 -7.82685 40.4558 -9.72278 -13.344 53.3376 -0.136522 -13 954 1 0 1
-1.01932 -0.417689 40.4558 -6.32199 -6.32905 59.7143 0.630852 -13 955 1 0 1
-4.56086 2.26952 40.4558 -10.038 0.416963 51.5327 0.00813255 -13 956 1 0 1
-10.2438 0.509594 40.4558 -21.1537 -2.7879 52.4358 -0.916787 -13 957 1 0 1
-3.85608 0.318963 40.4558 -26.9511 -1.32465 76.1206 -0.708748 -13 958 1 0 1
3.29069 -2.83463 40.4558 1.90364 -6.92772 61.6837 0.491957 -13 959 1 0 1
-3.54575 2.50097 40.4558 -17.0626 4.1675 71.7836 -1.92655 -13 960 1 0 1
-5.43338 -5.10265 40.4558 -11.8363 -6.6214 52.297 0.29132 -13 961 1 0 1
-1.32171 0.13199 40.4558 -2.56233 -0.267999 31.8772 0.864037 -13 962 1 0 1
5.22659 2.67063 40.4558 4.69363 -2.83306 68.5808 2.07768 -13 963 1 0 1
-3.59711 0.795962 40.4558 -10.0955 0.138742 60.1148 2.04512 -13 964 1 0 1
-4.61247 -2.8833 40.4558 -14.6176 -7.861 62.35 1.51151 -13 965 1 0 1
-2.21574 2.02318 40.4558 -6.23508 7.63507 55.6278 2.40169 -13 966 1 0 1
-0.992355 -1.16561 40.4558 -3.59889 -0.202615 53.4622 0.677032 -13 967 1 0 1
-12.1572 -0.10317 40.4558 -27.1976 -2.6432 55.1808 -0.925162 -13 968 1 0 1
-3.22435 -2.87094 40.4558 -6.27758 -6.03188 47.8081 0.699845 -13 969 1 0 1
0.29593 -2.41263 40.4558 -4.49403 -7.29939 63.9211 0.0295539 -13 970 1 0 1
0.269189 -4.62733 40.4558 -4.97004 -4.56745 67.8908 -1.0396 -13 971 1 0 1
-11.0577 2.4808 40.4558 -11.4879 3.7506 23.0853 -0.689296 -13 972 1 0 1
-9.90142 -2.89088 40.4558 -11.3995 -1.62808 25.1921 -0.556918 -13 973 1 0 1
-5.80164 1.10741 40.4558 -18.4139 3.01114 66.2829 -0.504735 -13 974 1 0 1
-4.6611 0.968305 40.4558 -18.6348 9.44911 70.6759 1.76967 -13 975 1 0 1
-8.19582 -2.34707 40.4558 -18.995 -2.40512 56.2235 0.505378 -13 977 1 0 1
-5.63474 -0.40457 40.4558 -20.431 -3.40641 67.7755 -1.30517 -13 979 1 0 1
-9.44968 -0.638045 40.4558 -20.5949 -2.34552 53.9109 -1.2684 -13 980 1 0 1
-6.74592 -3.01306 40.4558 -18.0632 -9.81564 58.511 -0.546336 -13 981 1 0 1
-2.57542 6.53794 40.4558 -9.52639 10.5948 62.2978 -0.538707 -13 982 1 0 1
-4.72818 -0.363639 40.4558 -18.2982 6.32198 68.7666 -0.194565 -13 983 1 0 1
10.9367 -8.29252 40.4558 8.35648 -7.87503 34.7653 1.44647 -13 984 1 0 1
-0.0512171 -1.2159 40.4558 -3.56074 -1.24479 59.8556 1.01637 -13 985 1 0 1
-7.01392 -3.00049 40.4558 -17.278 -4.31495 57.6282 -0.164479 -13 986 1 0 1
-2.55692 -8.11313 40.4558 -8.95518 -16.9043 58.0753 0.578652 -13 987 1 0 1
-0.694554 -3.56006 40.4558 -7.52064 -6.0253 69.183 1.19866 -13 989 1 0 1
-1.52978 -1.97606 40.4558 -9.57179 -10.1255 68.4876 0.412751 -13 990 1 0 1
-8.98152 3.74965 40.4558 -16.4612 2.80609 47.1771 -2.0508 -13 991 1 0 1
-9.46168 4.99919 40.4558 -12.8675 5.09136 36.3584 1.06128 -13 992 1 0 1
-2.98505 -5.37263 40.4558 -5.31012 -7.72033 47.7536 1.79916 -13 993 1 0 1
4.53933 -15.5471 40.4558 3.45132 -18.1005 43.879 -0.59151 -13 994 1 0 1
-0.398079 -0.336677 40.4558 -5.35138 0.519328 63.5416 -1.6629 -13 995 1 0 1
-5.62513 -0.221594 40.4558 -18.1329 -0.991763 65.4483 0.347097 -13 996 1 0 1
-5.22229 1.3949 40.4558 -9.85593 2.41073 44.8751 2.58848 -13 997 1 0 1
-0.459323 -1.25034 40.4558 -3.88891 -1.63777 56.2417 0.12617 -13 999 1 0 1
-5.42301 -1.84515 40.4558 -9.99123 -2.64448 45.0706 -0.369291 -13 1000 1 0 1
