#BLTrackFile NTuple/Z75
#x y z Px Py Pz t PDGid EventID TrackID ParentID Weight
#mm mm mm MeV/c MeV/c MeV/c ns - - - - -
-1.32193 -7.57875 74.9003 1.9939 -7.08986 73.0872 -0.749305 -13 1 1 0 1
12.58 2.89088 74.9003 16.2545 -1.67517 79.3916 0.348539 -13 2 1 0 1
4.16133 -2.0445 74.9003 8.16792 -2.44979 71.3558 1.30971 -13 3 1 0 1
-5.18433 -3.79681 74.9003 -4.17958 -2.3314 78.5514 0.746252 -13 4 1 0 1
-5.98029 0.996627 74.9003 0.237478 -0.685925 61.6791 0.937563 -13 5 1 0 1
0.591798 -1.82926 74.9003 3.88861 -0.770183 75.4669 -0.374663 -13 6 1 0 1
5.74534 -5.37545 74.9003 11.4277 -4.35151 60.7508 -0.443003 -13 7 1 0 1
-7.38255 5.99388 74.9003 1.21331 6.74863 47.6179 0.453871 -13 8 1 0 1
13.3361 10.2158 74.9003 17.9342 10.2639 61.3576 1.55169 -13 9 1 0 1
9.38634 -4.61534 74.9003 14.9514 -3.27358 65.5591 1.11991 -13 10 1 0 1
10.2979 9.16678 74.9003 14.7802 9.48404 70.5754 -0.105608 -13 11 1 0 1
0.0650225 -9.17811 74.9003 5.9331 -9.73505 60.7383 2.13375 -13 12 1 0 1
10.5942 -8.88465 74.9003 15.8928 -8.69431 65.7035 1.91054 -13 15 1 0 1
7.79616 8.41866 74.9003 13.1124 9.46513 63.8662 -0.22034 -13 17 1 0 1
-0.941281 -9.27192 74.9003 5.88044 -8.61978 52.4584 1.8903 -13 18 1 0 1
-9.31535 5.97256 74.9003 -4.81097 7.04113 65.9771 0.557107 -13 19 1 0 1
7.98852 -9.4409 74.9003 13.0668 -8.67232 63.2917 3.3935 -13 20 1 0 1
0.534099 4.14422 74.9003 6.94241 5.94632 56.9959 -0.722609 -13 22 1 0 1
-0.462681 19.6837 74.9003 6.69693 12.8556 43.2979 1.05625 -13 23 1 0 1
-5.75606 11.199 74.9003 1.45729 9.55999 54.9742 1.17429 -13 24 1 0 1
11.1076 -0.124298 74.9003 15.9157 1.93744 69.398 0.717854 -13 25 1 0 1
5.24891 3.07888 74.9003 10.4118 3.58296 67.9789 0.299861 -13 26 1 0 1
6.30637 -3.33482 74.9003 11.3292 -0.098173 66.012 1.89482 -13 27 1 0 1
12.3152 -9.23693 74.9003 17.1117 -10.0123 71.7487 0.680139 -13 28 1 0 1
1.69909 4.8362 74.9003 6.40445 6.74884 66.8484 1.45027 -13 30 1 0 1
3.47726 1.78592 74.9003 7.41509 3.14854 71.8336 0.148088 -13 31 1 0 1
-0.671333 3.38108 74.9003 5.03367 3.4399 62.7309 -0.0400129 -13 32 1 0 1
-5.83301 -1.58569 74.9003 -1.01472 -0.228306 66.9048 -0.17601 -13 34 1 0 1
-13.728 -12.8301 74.9003 -11.0709 -12.7987 71.9398 2.61955 -13 35 1 0 1
5.77037 4.01515 74.9003 11.0512 6.58733 65.7056 -0.667613 -13 36 1 0 1
5.51631 -6.0555 74.9003 8.79209 -8.84794 79.4985 -1.05186 -13 37 1 0 1
6.91212 -11.664 74.9003 12.1946 -11.7188 59.1408 1.91636 -13 38 1 0 1
0.837116 8.64997 74.9003 6.5656 6.97878 51.9457 1.25992 -13 40 1 0 1
2.53433 0.446246 74.9003 7.02618 -1.6207 68.164 1.6823 -13 42 1 0 1
-4.49966 -2.74891 74.9003 -4.89964 -3.62381 79.7889 0.712948 -13 43 1 0 1
9.93315 2.42561 74.9003 14.9501 1.29223 55.0206 1.12273 -13 44 1 0 1
6.79707 -7.62365 74.9003 11.2907 -7.78477 67.2603 0.83012 -13 46 1 0 1
7.21488 12.0249 74.9003 12.1882 8.62339 59.0314 1.38849 -13 47 1 0 1
-1.38237 6.06375 74.9003 3.08225 8.90002 66.4302 1.13088 -13 48 1 0 1
7.74864 -15.4931 74.9003 12.3914 -20.0065 67.2399 -0.116688 -13 49 1 0 1
14.0486 -5.04134 74.9003 16.3734 -2.66612 40.9863 -0.0920957 -13 50 1 0 1
8.51715 5.90437 74.9003 12.6407 4.44108 71.9084 0.116788 -13 51 1 0 1
2.2392 13.1073 74.9003 8.39073 11.8042 55.1257 0.559242 -13 52 1 0 1
13.4677 5.98969 74.9003 18.1518 4.25151 54.5024 -1.8755 -13 53 1 0 1
13.6241 10.2251 74.9003 16.0374 5.7659 41.3031 0.579016 -13 54 1 0 1
1.17584 -5.38981 74.9003 5.04213 -6.92341 70.8487 1.31823 -13 55 1 0 1
2.66797 1.35344 74.9003 8.23859 2.70883 63.3832 0.0271348 -13 58 1 0 1
6.1556 -8.94822 74.9003 11.0252 -9.35008 67.1033 2.38113 -13 59 1 0 1
13.726 13.8207 74.9003 17.9504 13.3556 54.6282 0.729722 -13 60 1 0 1
2.74948 6.05086 74.9003 8.1937 6.96172 62.7315 -0.409556 -13 61 1 0 1
3.71894 1.12999 74.9003 8.32996 3.33472 69.875 -0.139412 -13 62 1 0 1
4.94895 -0.417768 74.9003 10.3781 0.278548 59.499 0.583092 -13 64 1 0 1
9.6349 2.44821 74.9003 14.7396 1.53565 64.4604 -1.01961 -13 65 1 0 1
3.94498 1.55087 74.9003 8.44318 1.11776 71.1304 0.856514 -13 66 1 0 1
9.1058 -3.12581 74.9003 14.511 -1.40152 60.1979 -0.236518 -13 67 1 0 1
8.46267 15.2641 74.9003 13.5998 11.0779 52.206 -0.476632 -13 68 1 0 1
1.52482 -7.32702 74.9003 7.14787 -7.49837 62.9388 0.427023 -13 69 1 0 1
2.1457 -5.07218 74.9003 4.2836 -10.52 80.3215 0.612807 -13 70 1 0 1
2.45845 3.03115 74.9003 8.76196 0.943869 60.3241 -1.01792 -13 71 1 0 1
13.9025 13.7825 74.9003 18.4907 11.3417 62.2953 1.55198 -13 72 1 0 1
0.927791 0.59093 74.9003 4.21849 -1.68825 74.3239 -0.512608 -13 73 1 0 1
8.75426 4.76065 74.9003 13.8588 4.57017 57.9314 0.714871 -13 74 1 0 1
6.45478 6.10408 74.9003 10.3649 5.85318 74.6331 -2.46124 -13 75 1 0 1
14.1605 2.02589 74.9003 17.062 2.05603 77.9824 -1.32513 -13 76 1 0 1
8.49448 2.12322 74.9003 13.4055 -0.473908 56.4886 2.84871 -13 77 1 0 1
0.0342663 0.517953 74.9003 5.74175 -0.686333 60.1321 -0.310949 -13 78 1 0 1
8.67421 -2.63025 74.9003 13.5767 -2.93355 61.8643 1.88044 -13 79 1 0 1
8.72396 -6.23336 74.9003 13.1744 -5.23067 71.6183 0.463513 -13 80 1 0 1
12.6647 4.7806 74.9003 17.2957 8.84054 68.647 0.503051 -13 81 1 0 1
2.76078 1.95863 74.9003 8.58182 2.92266 62.2913 1.66446 -13 82 1 0 1
-2.98381 16.3749 74.9003 1.62794 18.757 67.7437 0.462917 -13 83 1 0 1
-9.57881 -3.08038 74.9003 -4.395 -3.41213 63.8245 0.596819 -13 84 1 0 1
7.91375 2.25381 74.9003 12.5762 1.69323 75.0193 1.55736 -13 85 1 0 1
8.91048 -3.07048 74.9003 13.8857 -6.79492 67.0052 0.257417 -13 86 1 0 1
5.62482 -10.7975 74.9003 11.372 -9.24644 49.9662 1.3641 -13 87 1 0 1
1.25429 -5.92653 74.9003 5.99292 -5.96228 68.2623 0.036561 -13 88 1 0 1
9.13433 -3.39441 74.9003 13.9911 -1.50873 61.0755 -0.108608 -13 89 1 0 1
5.58855 5.53573 74.9003 10.8844 5.18274 65.1121 0.270561 -13 90 1 0 1
-4.14523 -2.45191 74.9003 1.59021 -2.87579 64.6693 1.33433 -13 91 1 0 1
12.6069 3.13164 74.9003 17.2753 2.70831 53.0379 0.490955 -13 92 1 0 1
8.95587 -0.629139 74.9003 14.329 -1.77859 57.439 1.32008 -13 93 1 0 1
9.08686 22.5774 74.9003 13.6372 18.0394 51.4784 -0.818392 -13 94 1 0 1
9.27704 -0.919806 74.9003 14.2633 -0.185279 69.3927 0.509295 -13 95 1 0 1
4.58078 10.2199 74.9003 9.71294 11.1469 59.2294 -1.32493 -13 96 1 0 1
3.70568 -3.43506 74.9003 9.99369 -0.47469 56.6403 -0.542793 -13 97 1 0 1
5.50266 -3.63955 74.9003 10.665 -1.75405 66.8946 0.893527 -13 98 1 0 1
2.70202 10.6871 74.9003 8.049 10.4403 62.7422 0.9772 -13 99 1 0 1
11.2044 -3.72602 74.9003 16.2589 -1.44727 66.5392 -0.410089 -13 100 1 0 1
6.13951 6.07977 74.9003 11.1334 4.63987 66.189 0.160878 -13 104 1 0 1
0.863978 5.53041 74.9003 6.95232 8.58631 60.1701 -0.972618 -13 105 1 0 1
-3.50023 -1.76394 74.9003 2.33722 -1.66967 60.8348 0.763368 -13 106 1 0 1
5.8534 -5.73333 74.9003 10.3025 -6.42236 69.9092 -0.595867 -13 107 1 0 1
15.3728 5.60325 74.9003 17.4071 11.552 52.6925 -0.322675 -13 108 1 0 1
9.84653 2.1649 74.9003 15.2249 2.69388 66.5104 1.46036 -13 109 1 0 1
1.16867 2.0339 74.9003 4.36388 2.80583 72.7924 0.188165 -13 110 1 0 1
2.72191 -4.38178 74.9003 5.71833 -2.81949 77.3203 0.138996 -13 111 1 0 1
9.6927 6.15738 74.9003 14.5722 4.96152 54.7534 1.28825 -13 113 1 0 1
11.9131 -6.67921 74.9003 16.9289 -6.92409 61.2942 0.420105 -13 114 1 0 1
14.1566 3.55273 74.9003 17.4191 2.265 47.4545 0.385239 -13 115 1 0 1
-1.90659 -2.76063 74.9003 1.28159 -3.27693 73.2404 0.957887 -13 116 1 0 1
8.04874 3.87928 74.9003 12.5916 4.30461 53.92 0.163456 -13 117 1 0 1
8.28011 2.57846 74.9003 13.1033 -0.656314 47.0454 0.131245 -13 118 1 0 1
3.99948 -4.12437 74.9003 8.55852 -3.36028 70.2205 0.95255 -13 119 1 0 1
-3.05491 2.44801 74.9003 3.84027 2.58399 50.3161 0.354587 -13 120 1 0 1
10.8035 -9.64828 74.9003 15.5074 -6.53545 59.4905 2.01197 -13 121 1 0 1
0.530947 -3.45102 74.9003 3.34643 -2.829 77.3636 1.05231 -13 122 1 0 1
5.11511 -11.6893 74.9003 9.77748 -11.8562 69.9725 1.19992 -13 123 1 0 1
-7.67095 -13.9067 74.9003 -1.4784 -13.2252 60.2816 -1.04143 -13 125 1 0 1
2.37878 -0.00275695 74.9003 4.58506 -3.29947 79.1475 1.36665 -13 126 1 0 1
10.5769 8.94776 74.9003 15.4762 6.77262 58.7765 -0.614732 -13 127 1 0 1
6.13436 -2.37104 74.9003 11.4644 -4.50111 64.1291 0.786976 -13 128 1 0 1
15.6347 -4.29537 74.9003 12.598 -2.25761 23.1981 1.13502 -13 130 1 0 1
7.38657 2.29306 74.9003 11.8003 2.44401 68.2601 -0.0230572 -13 131 1 0 1
-5.26252 4.75484 74.9003 -2.44912 4.64706 74.0708 1.71845 -13 132 1 0 1
13.2432 1.53449 74.9003 17.9076 1.43693 73.8282 0.819536 -13 134 1 0 1
8.59716 3.00187 74.9003 13.0308 0.875019 69.3679 1.27865 -13 135 1 0 1
2.89227 -4.28553 74.9003 8.32357 -4.81305 63.1788 1.95286 -13 137 1 0 1
2.74005 12.9033 74.9003 8.42874 11.6278 55.2795 0.779965 -13 140 1 0 1
8.29952 6.9711 74.9003 13.1927 7.28458 51.2903 0.378232 -13 141 1 0 1
16.041 3.27693 74.9003 16.5629 -9.7184 28.2742 2.36658 -13 142 1 0 1
-3.8968 -2.94452 74.9003 -0.0655944 -3.86462 71.7006 -0.447812 -13 143 1 0 1
14.1368 -2.61632 74.9003 19.3454 -4.14828 70.3701 3.31946 -13 144 1 0 1
10.1347 -21.061 74.9003 14.5092 -16.8956 53.2057 2.17298 -13 145 1 0 1
11.3333 -5.31714 74.9003 16.2997 -3.58778 64.4623 0.644294 -13 146 1 0 1
3.81281 -2.0474 74.9003 9.12597 -2.13647 65.0126 -0.790389 -13 147 1 0 1
-0.320789 -9.64864 74.9003 3.9972 -7.89562 69.8966 0.650425 -13 148 1 0 1
10.5213 10.7471 74.9003 15.5638 11.4781 64.0423 0.23769 -13 150 1 0 1
12.2932 -12.121 74.9003 16.4923 -11.0839 54.4406 1.63346 -13 151 1 0 1
7.64616 -2.24813 74.9003 12.8972 -2.57408 63.4613 2.51918 -13 152 1 0 1
2.64608 -5.96538 74.9003 7.55242 -8.68171 67.6374 -0.109016 -13 153 1 0 1
-2.09257 -8.51889 74.9003 -0.570619 -10.451 78.4169 -1.74302 -13 154 1 0 1
-1.11984 1.56309 74.9003 3.74685 0.788804 67.3524 -1.08288 -13 155 1 0 1
2.58494 -0.552387 74.9003 8.12187 0.869481 62.3068 0.274947 -13 157 1 0 1
5.01969 4.3662 74.9003 7.06561 2.99466 79.1446 1.64916 -13 158 1 0 1
1.2816 8.58197 74.9003 7.65288 6.30878 56.3557 -0.262259 -13 159 1 0 1
15.4834 0.324975 74.9003 17.6411 -3.81079 61.5243 1.90745 -13 161 1 0 1
-3.51626 5.44507 74.9003 4.46163 3.26377 41.575 -0.0994908 -13 162 1 0 1
0.719227 5.40151 74.9003 5.001 8.2437 70.295 -1.37729 -13 163 1 0 1
14.1954 -9.20859 74.9003 18.9281 -10.8855 63.1975 0.402115 -13 164 1 0 1
-11.914 -4.70389 74.9003 0.79855 -3.02612 31.8007 2.70421 -13 165 1 0 1
-11.4994 -1.00119 74.9003 -8.29516 -1.3231 71.2056 0.0937888 -13 166 1 0 1
13.6345 11.3134 74.9003 18.3416 10.5863 59.649 0.952104 -13 167 1 0 1
2.24268 6.84483 74.9003 3.50908 9.44225 78.8245 1.40713 -13 168 1 0 1
-0.700353 -3.5542 74.9003 3.82938 -4.56746 67.8471 -0.34163 -13 170 1 0 1
5.79588 5.2066 74.9003 11.3789 3.15287 56.1481 -0.0321088 -13 172 1 0 1
8.67951 5.25899 74.9003 13.8177 2.40445 67.4589 0.564788 -13 174 1 0 1
0.566094 -5.29813 74.9003 7.4527 -5.35373 48.445 0.212142 -13 176 1 0 1
8.90398 -4.68258 74.9003 13.7622 -2.80317 51.4376 -0.216464 -13 178 1 0 1
12.4282 -11.7826 74.9003 17.105 -14.1924 66.7143 -0.429378 -13 179 1 0 1
13.1364 -9.20353 74.9003 16.758 -6.86846 50.2236 1.91564 -13 180 1 0 1
3.67178 -4.03375 74.9003 9.07406 -2.55472 39.5565 -1.02597 -13 181 1 0 1
-2.8783 3.31325 74.9003 5.04191 2.81271 42.0636 -0.481286 -13 182 1 0 1
-6.6097 1.2704 74.9003 -0.322327 -0.613655 58.5133 0.350365 -13 184 1 0 1
1.46327 -5.82945 74.9003 7.39745 -6.8311 60.2644 -0.45041 -13 185 1 0 1
13.2874 6.59709 74.9003 15.2068 5.02271 40.3046 -0.223428 -13 186 1 0 1
9.17996 -2.84311 74.9003 14.1795 0.0244546 70.3961 1.44707 -13 188 1 0 1
-2.67719 -4.18449 74.9003 -1.65555 -5.56696 80.0173 0.475443 -13 189 1 0 1
-1.86222 4.08266 74.9003 4.48871 4.0702 60.7341 2.23433 -13 191 1 0 1
4.22838 2.17202 74.9003 6.23311 5.77889 79.9695 1.14099 -13 192 1 0 1
-2.80108 -2.73708 74.9003 4.96455 -3.2809 40.4231 -0.601007 -13 193 1 0 1
6.78496 12.2317 74.9003 11.5943 14.478 68.0275 0.0652499 -13 194 1 0 1
5.25517 -0.687243 74.9003 10.7567 -0.532551 59.6796 2.59248 -13 195 1 0 1
11.5925 -0.870607 74.9003 13.9698 -4.43776 79.3779 2.86918 -13 196 1 0 1
0.494387 13.7705 74.9003 6.21821 12.8507 62.5179 -0.594365 -13 197 1 0 1
-5.22751 15.8579 74.9003 1.80011 11.7397 58.1486 -1.2658 -13 199 1 0 1
0.0812429 -4.35258 74.9003 6.30519 -2.52074 51.1096 1.02555 -13 200 1 0 1
-4.31879 -5.63078 74.9003 -0.456518 -7.3948 70.5293 0.624844 -13 201 1 0 1
3.14658 19.8015 74.9003 8.70442 16.2461 57.4411 -0.50853 -13 202 1 0 1
5.7734 3.17295 74.9003 11.0606 1.67961 61.5345 0.59414 -13 203 1 0 1
5.887 2.83564 74.9003 10.9736 0.24224 49.3569 1.79082 -13 205 1 0 1
-11.4334 2.16447 74.9003 -12.6755 1.67908 77.0551 0.503357 -13 206 1 0 1
-2.96054 -11.4255 74.9003 3.58369 -10.2537 57.8203 -0.728154 -13 207 1 0 1
-9.12433 1.44703 74.9003 -5.25397 1.84929 70.115 0.0215711 -13 208 1 0 1
1.78185 15.72 74.9003 5.25045 17.4691 72.8294 2.39616 -13 212 1 0 1
-7.37191 7.97174 74.9003 -0.874373 6.38314 60.3054 -0.993948 -13 213 1 0 1
4.35709 9.51656 74.9003 8.33699 9.44179 75.0482 1.33393 -13 214 1 0 1
3.12072 -7.02837 74.9003 6.99712 -10.9582 71.6874 2.05254 -13 215 1 0 1
7.32589 0.0613564 74.9003 11.859 0.240238 69.2919 1.45965 -13 216 1 0 1
0.870152 9.72578 74.9003 5.79232 9.45594 65.147 0.508073 -13 218 1 0 1
2.94724 -3.3581 74.9003 6.33443 -3.88047 77.7192 0.360258 -13 219 1 0 1
7.75901 2.44965 74.9003 12.3975 1.04332 71.3336 2.71719 -13 220 1 0 1
3.48775 8.77307 74.9003 7.81332 10.2335 72.0971 -0.45009 -13 222 1 0 1
-3.29502 -0.0489632 74.9003 2.18108 1.63791 62.4249 1.37857 -13 223 1 0 1
-2.72108 -1.51712 74.9003 2.98683 -0.658847 63.0548 -0.0925138 -13 224 1 0 1
8.59948 11.099 74.9003 13.5143 10.0025 53.8938 0.1127 -13 226 1 0 1
5.51155 -8.70158 74.9003 10.9617 -8.95882 61.8714 0.409216 -13 227 1 0 1
5.75971 0.809835 74.9003 8.59435 0.617088 78.2374 -1.56619 -13 228 1 0 1
1.17828 4.02532 74.9003 4.51538 2.22453 73.1191 0.603402 -13 229 1 0 1
11.501 -13.492 74.9003 14.6774 -9.26072 44.2583 0.0940717 -13 230 1 0 1
12.6982 7.48416 74.9003 17.4821 6.75735 60.4686 1.24363 -13 232 1 0 1
-3.5018 -1.25335 74.9003 1.49563 -2.05358 66.1184 -1.09251 -13 233 1 0 1
14.4946 5.02264 74.9003 19.3834 5.00891 65.6683 -0.234623 -13 234 1 0 1
10.4472 -2.53861 74.9003 14.9873 -5.22378 72.9897 0.643874 -13 235 1 0 1
-2.04348 -5.55445 74.9003 3.26873 -7.68311 65.4889 1.65552 -13 236 1 0 1
5.17668 2.34343 74.9003 10.3818 1.90386 62.3715 0.480683 -13 238 1 0 1
-3.00123 -3.08962 74.9003 0.674349 -0.764284 71.2409 1.64601 -13 239 1 0 1
3.59872 -1.23438 74.9003 9.3997 -3.13241 58.6171 2.24069 -13 242 1 0 1
15.3226 -8.18016 74.9003 22.322 -6.48261 58.5793 0.279979 -13 243 1 0 1
9.43586 4.33022 74.9003 13.6437 4.8862 75.0767 1.04277 -13 244 1 0 1
12.9893 6.36153 74.9003 17.8501 10.0886 69.517 -0.307635 -13 245 1 0 1
5.7325 1.55032 74.9003 10.3147 4.32414 70.3389 0.186406 -13 246 1 0 1
8.8497 -6.95946 74.9003 13.8374 -4.79893 59.8903 0.0939554 -13 247 1 0 1
3.11894 -5.89794 74.9003 7.97887 -5.87803 67.8578 1.06956 -13 248 1 0 1
10.9101 -10.5747 74.9003 15.626 -11.2169 66.7281 -1.09375 -13 250 1 0 1
15.125 0.470558 74.9003 17.6346 2.09948 59.7678 0.698564 -13 252 1 0 1
7.3058 10.2376 74.9003 11.5191 13.1453 70.7635 -0.957028 -13 253 1 0 1
11.5821 8.17305 74.9003 15.808 7.2616 52.2634 -0.0316577 -13 254 1 0 1
5.33477 -0.284538 74.9003 8.83118 1.87209 77.5863 0.330461 -13 255 1 0 1
4.51047 5.9967 74.9003 10.0345 5.21081 54.1264 -0.485196 -13 256 1 0 1
7.40893 -14.4853 74.9003 11.883 -10.5663 42.5538 0.26711 -13 257 1 0 1
5.9863 -1.18624 74.9003 10.9857 -2.17658 62.5555 0.549583 -13 258 1 0 1
13.4484 -1.14401 74.9003 18.2907 -2.51691 54.5728 -0.721659 -13 259 1 0 1
4.0017 1.42925 74.9003 8.41946 -0.439777 72.4549 0.096995 -13 260 1 0 1
3.06696 6.60513 74.9003 8.48721 5.822 59.9558 -0.692827 -13 261 1 0 1
8.24444 2.10038 74.9003 13.9214 2.68123 61.9233 2.53552 -13 262 1 0 1
4.40533 -5.05278 74.9003 9.77925 -4.08444 50.0048 0.270477 -13 264 1 0 1
9.87511 2.55995 74.9003 14.9271 0.929647 69.6326 0.996687 -13 266 1 0 1
2.3651 2.826 74.9003 7.63154 0.0348341 63.4889 0.130821 -13 267 1 0 1
9.4628 6.25647 74.9003 13.0015 5.3836 42.2741 -0.554573 -13 268 1 0 1
0.545725 4.53511 74.9003 2.87531 2.1039 78.406 0.865977 -13 269 1 0 1
1.18248 -3.04879 74.9003 6.69185 -5.28779 64.0833 1.68974 -13 270 1 0 1
13.2577 -3.82455 74.9003 17.9043 -6.82969 75.7842 -0.433351 -13 271 1 0 1
7.32619 -10.3969 74.9003 12.4953 -10.5601 61.2328 2.03021 -13 272 1 0 1
-3.72459 4.16687 74.9003 3.53443 2.83732 55.6063 3.2794 -13 273 1 0 1
8.89593 -2.20006 74.9003 13.8929 -0.261978 66.7587 -1.6138 -13 274 1 0 1
15.3882 -2.83978 74.9003 10.7485 4.477 46.8402 0.162144 -13 275 1 0 1
-8.34024 0.948303 74.9003 -2.20825 0.832811 62.4748 2.00003 -13 278 1 0 1
-2.36872 -3.76988 74.9003 2.04272 -7.76567 69.3277 -2.05648 -13 279 1 0 1
9.45561 2.73713 74.9003 14.3281 1.41156 60.1854 0.684363 -13 280 1 0 1
6.30289 -5.24009 74.9003 10.7821 -3.82333 66.0528 -0.871551 -13 281 1 0 1
4.31805 13.5637 74.9003 9.6035 11.2438 47.3218 -0.31783 -13 282 1 0 1
0.437416 6.84228 74.9003 6.7584 3.14977 53.6528 0.122442 -13 284 1 0 1
-8.56193 5.25769 74.9003 -2.91993 6.26599 63.0555 -0.0567335 -13 285 1 0 1
-1.51223 -7.10663 74.9003 3.0672 -2.28871 69.8966 -1.04494 -13 286 1 0 1
3.56074 0.519966 74.9003 9.12169 -1.30924 51.7291 -1.1253 -13 287 1 0 1
5.73896 29.6404 74.9003 8.56501 35.1846 71.2309 0.139647 -13 288 1 0 1
2.6228 8.7537 74.9003 5.63763 10.6176 77.5904 0.848623 -13 289 1 0 1
9.12023 -7.59201 74.9003 12.9966 -9.9587 73.9938 0.843994 -13 291 1 0 1
1.24499 2.85235 74.9003 5.03397 4.34313 73.5466 0.126792 -13 292 1 0 1
-11.8993 11.9706 74.9003 -2.83273 11.7513 50.2572 2.56207 -13 293 1 0 1
3.32547 5.50992 74.9003 8.55151 5.12064 65.0361 0.502547 -13 295 1 0 1
-4.16319 3.50417 74.9003 2.30138 2.98085 60.2251 0.165776 -13 296 1 0 1
5.12209 4.80169 74.9003 9.90748 3.07366 66.9243 -1.4513 -13 298 1 0 1
-14.4447 7.8237 74.9003 -4.36303 8.14975 47.646 3.26163 -13 299 1 0 1
-0.601744 3.1386 74.9003 5.23552 1.24646 63.1789 -0.345055 -13 301 1 0 1
-1.78905 3.38268 74.9003 3.56981 5.38 64.247 0.656643 -13 302 1 0 1
4.17306 -0.298166 74.9003 9.54514 2.03455 62.2207 0.433756 -13 303 1 0 1
4.40639 5.50394 74.9003 9.25328 7.44716 65.5827 0.94625 -13 304 1 0 1
-7.18875 12.2925 74.9003 1.73177 9.24851 46.0766 1.72404 -13 305 1 0 1
2.22436 -3.83122 74.9003 7.24698 -5.52831 66.7739 -0.633803 -13 306 1 0 1
5.82786 -14.8985 74.9003 10.2162 -18.8698 66.9092 -0.887442 -13 307 1 0 1
1.69945 -11.8907 74.9003 5.4008 -13.159 72.7024 0.475191 -13 308 1 0 1
3.74827 6.629 74.9003 8.70958 6.9106 66.2962 -0.450764 -13 309 1 0 1
14.5921 -1.99611 74.9003 19.1784 -1.97753 70.037 -0.000556926 -13 310 1 0 1
-1.30107 1.27459 74.9003 2.59579 2.39433 72.0259 0.225092 -13 312 1 0 1
-0.35142 10.5479 74.9003 3.41682 11.0704 72.3852 1.32121 -13 313 1 0 1
8.86876 3.94062 74.9003 13.2247 4.35841 68.5873 -0.200196 -13 314 1 0 1
15.2129 -2.3342 74.9003 8.79877 5.6764 57.6267 -1.03723 -13 315 1 0 1
9.30873 -21.2569 74.9003 13.7353 -16.808 49.6978 -0.757684 -13 316 1 0 1
2.51663 -11.7361 74.9003 7.75423 -12.1344 62.9941 1.16587 -13 317 1 0 1
6.71181 -2.72502 74.9003 11.5773 -1.53677 68.3978 -1.02699 -13 318 1 0 1
4.11996 5.74382 74.9003 8.16044 9.08337 70.0333 2.39658 -13 319 1 0 1
15.383 0.867151 74.9003 18.8403 4.99943 63.6411 0.974243 -13 320 1 0 1
11.4766 -1.93877 74.9003 15.8158 -2.15167 55.8242 -1.23059 -13 321 1 0 1
1.72525 2.54586 74.9003 1.99943 4.12103 80.0865 2.21222 -13 322 1 0 1
14.2021 -9.90013 74.9003 19.014 -7.58013 73.3916 0.591465 -13 323 1 0 1
8.00005 6.54918 74.9003 13.2199 6.71029 64.8708 -0.287987 -13 324 1 0 1
9.83455 -3.39472 74.9003 14.614 -4.45583 71.4107 0.354858 -13 325 1 0 1
-9.21021 11.4402 74.9003 -3.28769 9.86942 61.1455 0.357366 -13 326 1 0 1
-2.62068 -23.1357 74.9003 4.46709 -18.8909 49.6896 0.652682 -13 327 1 0 1
-3.18542 -0.76914 74.9003 2.96786 -4.88897 59.7287 -1.1174 -13 328 1 0 1
2.26518 8.46983 74.9003 6.98741 10.0923 68.3629 1.46461 -13 329 1 0 1
11.9389 -3.31964 74.9003 16.4291 -1.84405 74.9858 -0.486983 -13 330 1 0 1
5.15326 10.5853 74.9003 9.47613 7.88172 71.8544 -1.2123 -13 331 1 0 1
3.21679 -0.324895 74.9003 7.92163 0.763852 29.3317 -0.596751 -13 332 1 0 1
13.217 4.97221 74.9003 16.2789 4.48684 46.8602 4.50751 -13 333 1 0 1
-1.73493 -5.50107 74.9003 3.77668 -5.07151 66.2661 0.698731 -13 334 1 0 1
6.87773 -6.88449 74.9003 12.1014 -7.34379 64.7126 0.708353 -13 335 1 0 1
5.64234 -9.77348 74.9003 9.74255 -9.75047 68.739 -0.303028 -13 336 1 0 1
5.86406 -9.5862 74.9003 10.9007 -6.72991 49.7798 0.783298 -13 339 1 0 1
7.41496 5.91297 74.9003 12.4556 7.26927 68.4923 0.560487 -13 340 1 0 1
11.1153 0.909949 74.9003 15.8582 -1.52277 76.377 0.293385 -13 341 1 0 1
2.85775 4.82113 74.9003 6.49428 6.80117 73.5534 0.95837 -13 342 1 0 1
6.41658 -4.84566 74.9003 11.6789 -7.04667 61.4264 0.00487266 -13 343 1 0 1
3.1255 0.515649 74.9003 8.03494 1.93025 68.7786 -0.500003 -13 345 1 0 1
-9.0933 0.520134 74.9003 -4.01294 0.365768 66.0721 0.936663 -13 346 1 0 1
1.49332 1.50032 74.9003 6.42072 1.71675 68.6506 -0.491895 -13 347 1 0 1
6.95613 4.05498 74.9003 12.3861 6.12933 52.0727 -0.105888 -13 348 1 0 1
8.71155 -6.19017 74.9003 13.7627 -5.65692 64.0699 1.13178 -13 350 1 0 1
1.62554 6.76101 74.9003 5.89815 6.15784 70.2864 -1.20741 -13 352 1 0 1
2.4235 6.44974 74.9003 7.7199 5.60221 65.8429 0.116856 -13 353 1 0 1
5.16257 9.89893 74.9003 10.421 6.58896 53.5977 0.785587 -13 354 1 0 1
0.132128 3.6267 74.9003 3.1475 4.69884 74.3136 -0.145322 -13 355 1 0 1
15.2928 9.23397 74.9003 18.1195 14.0591 49.8197 0.655698 -13 356 1 0 1
7.79277 0.407372 74.9003 11.6563 1.17339 41.8201 0.465115 -13 357 1 0 1
12.0176 0.646165 74.9003 17.1703 3.15185 60.4449 0.815873 -13 359 1 0 1
-0.558369 -4.3567 74.9003 2.68708 -4.74692 75.5656 -0.286596 -13 360 1 0 1
9.31836 0.706406 74.9003 13.1709 2.58615 76.4873 0.193183 -13 361 1 0 1
0.140541 1.9799 74.9003 5.3587 0.178749 66.2212 -2.4411 -13 362 1 0 1
2.19646 0.24124 74.9003 5.55001 1.9155 75.3756 0.0147183 -13 363 1 0 1
7.91955 -9.10941 74.9003 12.4183 -8.07393 64.1766 0.592857 -13 364 1 0 1
7.79394 7.16157 74.9003 12.6695 6.68343 48.2986 -1.49265 -13 365 1 0 1
5.15845 6.27234 74.9003 10.532 7.34424 64.4965 0.898359 -13 368 1 0 1
3.72311 -1.34399 74.9003 9.32897 0.399676 59.7794 -0.730997 -13 369 1 0 1
-6.02733 2.18339 74.9003 -3.01759 1.8566 72.8727 1.18909 -13 370 1 0 1
5.59075 -4.5779 74.9003 11.1443 -3.66992 65.6601 2.73534 -13 371 1 0 1
7.09539 -8.91837 74.9003 12.6211 -9.98746 52.6794 1.20581 -13 372 1 0 1
-3.83324 -5.27418 74.9003 1.52698 -6.00242 63.5707 1.05214 -13 373 1 0 1
-1.49915 -0.759471 74.9003 1.01592 0.258612 76.9383 0.950205 -13 374 1 0 1
-7.02798 5.46276 74.9003 -6.37914 8.07393 78.8569 -1.0798 -13 375 1 0 1
-2.45578 -10.7011 74.9003 1.78996 -11.3707 69.3297 0.811842 -13 376 1 0 1
12.8077 -1.11461 74.9003 15.9462 -3.00538 46.7816 2.60574 -13 378 1 0 1
10.0778 -17.6656 74.9003 14.6655 -19.7541 65.0524 0.99768 -13 379 1 0 1
2.22547 -21.6001 74.9003 8.56716 -15.558 42.3548 -0.270376 -13 380 1 0 1
12.939 0.350229 74.9003 17.592 2.74741 57.9307 1.53371 -13 381 1 0 1
13.442 -8.72689 74.9003 18.4109 -9.69405 70.4357 0.00458827 -13 382 1 0 1
-12.5406 4.31697 74.9003 -3.48482 2.76932 50.6581 1.74221 -13 383 1 0 1
2.91962 -0.982132 74.9003 8.04138 -3.16231 67.2847 2.12303 -13 385 1 0 1
2.90049 2.29626 74.9003 7.59099 1.72455 69.7092 2.27302 -13 386 1 0 1
-0.634404 -0.55306 74.9003 3.13924 -1.7751 71.895 0.461323 -13 387 1 0 1
7.49326 0.106932 74.9003 12.5474 0.6308 51.1037 -0.352169 -13 388 1 0 1
1.74851 6.00017 74.9003 7.64473 5.21644 63.3447 1.1106 -13 390 1 0 1
-1.14188 1.18309 74.9003 5.50984 -1.35991 54.6298 0.603718 -13 392 1 0 1
4.09192 13.3939 74.9003 9.19475 11.1658 59.9945 -0.430622 -13 394 1 0 1
2.16521 11.1795 74.9003 5.83092 15.0336 74.2532 -1.32112 -13 395 1 0 1
10.488 -6.392 74.9003 15.1762 -4.76118 58.5036 1.64551 -13 397 1 0 1
6.81753 -2.42624 74.9003 11.6814 -3.2834 66.0441 1.2189 -13 398 1 0 1
5.94719 -11.1252 74.9003 10.155 -10.6193 70.5142 2.38922 -13 399 1 0 1
9.23524 2.10926 74.9003 14.4018 5.99768 63.607 0.336662 -13 400 1 0 1
12.1445 0.494893 74.9003 16.9216 1.16759 70.2414 0.119483 -13 401 1 0 1
2.67207 -7.55366 74.9003 8.65339 -7.6217 57.6726 0.088768 -13 402 1 0 1
4.63331 -20.7174 74.9003 9.44417 -24.1373 67.5467 0.586563 -13 403 1 0 1
9.16566 -5.99679 74.9003 14.2687 -8.1018 65.1053 1.57295 -13 404 1 0 1
7.06326 -3.65708 74.9003 10.1598 -1.79793 28.5156 -1.86828 -13 405 1 0 1
3.30377 -6.6055 74.9003 8.54363 -8.4743 59.9169 -0.201808 -13 406 1 0 1
6.15554 -7.07472 74.9003 11.4453 -5.81207 66.4168 1.63847 -13 407 1 0 1
8.87642 11.1204 74.9003 14.004 10.0755 61.1647 0.698416 -13 409 1 0 1
1.45267 -6.16634 74.9003 4.69234 -7.12355 76.1134 -2.24123 -13 410 1 0 1
3.07316 11.7523 74.9003 9.04389 5.36778 41.8532 1.02741 -13 411 1 0 1
0.568348 -14.5807 74.9003 5.3552 -14.8773 65.1652 1.62675 -13 412 1 0 1
0.516879 4.59359 74.9003 2.84081 4.22936 79.1411 0.413611 -13 413 1 0 1
-5.72123 -6.00374 74.9003 1.19192 -4.78841 58.872 1.37544 -13 414 1 0 1
14.0394 7.17076 74.9003 17.984 6.91982 55.0802 0.74122 -13 415 1 0 1
5.5602 3.71225 74.9003 10.3175 2.34805 69.1296 1.82115 -13 418 1 0 1
5.33844 -7.54879 74.9003 9.55965 -10.4058 73.0107 -0.0997233 -13 421 1 0 1
11.2858 21.1586 74.9003 15.9982 21.1483 62.4411 0.768757 -13 422 1 0 1
-9.62738 -13.9688 74.9003 -0.387975 -7.78458 46.7114 0.22231 -13 423 1 0 1
4.82199 2.80996 74.9003 10.3904 3.69378 63.5303 0.302519 -13 425 1 0 1
3.67752 1.85558 74.9003 7.00003 4.32446 74.1848 -1.08701 -13 426 1 0 1
14.622 -9.10429 74.9003 18.9509 -6.87547 60.9414 -0.156737 -13 427 1 0 1
2.17612 11.0509 74.9003 7.13457 13.3004 65.0401 0.743708 -13 428 1 0 1
-6.05076 11.988 74.9003 -2.79372 13.5482 70.9078 -1.36122 -13 430 1 0 1
7.42832 -4.50452 74.9003 11.2201 -5.69364 75.2316 2.22402 -13 431 1 0 1
9.91367 4.28943 74.9003 14.9408 6.00346 66.5665 2.29654 -13 432 1 0 1
5.5673 -8.53664 74.9003 9.92951 -11.9003 69.4441 1.72138 -13 433 1 0 1
11.4616 8.66554 74.9003 16.1965 10.3476 57.4739 0.496983 -13 434 1 0 1
7.3476 -0.388546 74.9003 12.1492 0.173556 66.5682 -1.96795 -13 437 1 0 1
2.62305 -1.47443 74.9003 9.0169 -1.03809 54.767 2.33668 -13 438 1 0 1
6.96762 -13.5011 74.9003 11.8721 -11.7464 62.0623 -0.76762 -13 439 1 0 1
11.751 6.78074 74.9003 16.412 6.98653 59.4851 0.582503 -13 440 1 0 1
-0.495042 0.197661 74.9003 3.30912 -0.04813 72.0976 1.69068 -13 441 1 0 1
-0.656681 -3.21549 74.9003 4.55378 -0.605306 65.9431 0.204276 -13 442 1 0 1
8.62421 0.220552 74.9003 13.7716 2.69928 56.0049 1.41348 -13 443 1 0 1
13.7787 0.0922041 74.9003 18.6892 -2.68071 67.3639 0.40412 -13 445 1 0 1
1.2314 -9.75824 74.9003 5.89693 -7.97193 69.127 -1.22407 -13 446 1 0 1
14.2882 0.740767 74.9003 18.3156 1.03016 54.8259 -0.0637634 -13 447 1 0 1
3.95594 2.27158 74.9003 8.64715 3.91264 70.3211 -1.6765 -13 448 1 0 1
3.93683 0.486896 74.9003 9.41601 -0.50605 52.4017 0.196919 -13 449 1 0 1
10.1322 3.22531 74.9003 13.7322 1.74228 80.0285 0.384548 -13 451 1 0 1
5.18784 -2.2619 74.9003 10.6047 -3.08299 66.8804 1.42768 -13 452 1 0 1
10.3546 -2.63281 74.9003 15.7972 -1.8311 58.3197 0.0263569 -13 453 1 0 1
-0.352049 3.49321 74.9003 6.86383 2.3415 50.4733 1.74867 -13 454 1 0 1
12.4753 8.96128 74.9003 17.1706 9.53921 62.6157 -0.287305 -13 456 1 0 1
14.0875 -21.0204 74.9003 17.2901 -16.4559 51.5616 -0.704615 -13 458 1 0 1
14.9098 6.82311 74.9003 20.3618 5.52881 72.6128 2.00103 -13 459 1 0 1
2.52839 1.98629 74.9003 7.33989 3.29406 65.4254 0.180395 -13 460 1 0 1
-1.89257 6.54541 74.9003 3.35592 8.03389 66.285 0.687055 -13 461 1 0 1
10.926 -2.40947 74.9003 16.197 -2.09547 63.5445 0.0561935 -13 462 1 0 1
8.8183 0.359678 74.9003 13.6932 0.755288 67.9923 1.8084 -13 463 1 0 1
14.128 17.2041 74.9003 18.3485 16.1303 58.3172 0.219005 -13 464 1 0 1
-1.21625 15.9401 74.9003 5.7869 9.62326 38.8203 -0.339902 -13 465 1 0 1
15.2314 7.90704 74.9003 16.9861 4.11769 50.195 0.714292 -13 466 1 0 1
8.24928 -0.93909 74.9003 13.6008 -3.24457 55.1038 -0.454472 -13 468 1 0 1
6.62659 14.1498 74.9003 11.8892 11.1016 51.6308 0.85246 -13 469 1 0 1
9.73214 -8.11857 74.9003 14.5495 -6.62076 63.4454 -0.109428 -13 470 1 0 1
10.2538 9.01969 74.9003 14.4605 6.34609 48.0947 1.61894 -13 471 1 0 1
7.7451 -3.09042 74.9003 13.231 -3.01525 54.3222 -0.224638 -13 473 1 0 1
16.2306 -6.30183 74.9003 14.8728 -0.00687057 27.0264 -0.242645 -13 474 1 0 1
8.37117 5.99444 74.9003 13.3043 7.86496 71.208 1.90848 -13 475 1 0 1
-4.10144 11.2399 74.9003 1.70256 11.4017 61.8265 0.363338 -13 476 1 0 1
6.4865 11.2505 74.9003 12.0401 9.81572 66.356 -0.934324 -13 477 1 0 1
3.1974 -5.80341 74.9003 8.22467 -4.83486 61.5963 -1.41764 -13 478 1 0 1
10.3435 0.831514 74.9003 13.9143 -0.346695 47.141 -0.184649 -13 479 1 0 1
15.5319 5.5342 74.9003 18.6318 4.82574 31.7403 0.722647 -13 480 1 0 1
3.52725 -7.02322 74.9003 9.25811 -6.43925 43.4391 0.866856 -13 482 1 0 1
-4.85263 10.8836 74.9003 -0.653052 10.635 69.1223 1.1453 -13 483 1 0 1
-0.800549 1.6509 74.9003 3.71051 0.698719 67.9057 -0.908469 -13 484 1 0 1
-4.84315 -12.5118 74.9003 1.77118 -12.4645 58.0776 2.24707 -13 485 1 0 1
7.59575 -12.7046 74.9003 12.5761 -13.0997 56.9377 3.14599 -13 486 1 0 1
15.0076 4.40652 74.9003 19.8874 3.07779 66.6979 0.503359 -13 487 1 0 1
-9.63735 -3.88495 74.9003 -3.34709 -3.81266 61.8559 -0.508276 -13 488 1 0 1
9.15634 5.821 74.9003 12.6564 6.70034 41.4189 1.83151 -13 489 1 0 1
3.43058 -12.0343 74.9003 8.83499 -13.394 62.0562 -1.42923 -13 490 1 0 1
9.1108 0.502251 74.9003 13.9613 -1.98962 69.4335 1.22349 -13 491 1 0 1
8.25548 4.20705 74.9003 13.312 5.9778 60.1694 1.57104 -13 492 1 0 1
3.75169 -3.09453 74.9003 9.88674 -3.1994 59.2799 1.41643 -13 493 1 0 1
12.809 -3.25846 74.9003 14.1798 -3.07374 35.8812 0.640642 -13 494 1 0 1
12.4829 11.5768 74.9003 14.998 4.83478 39.4793 -2.18617 -13 495 1 0 1
15.4798 -13.9785 74.9003 12.9607 0.42857 21.8026 0.757491 -13 496 1 0 1
9.32028 -0.467264 74.9003 14.2284 -0.120473 63.2624 0.65332 -13 497 1 0 1
1.53864 5.88791 74.9003 6.13423 6.67588 69.0225 -0.0587097 -13 498 1 0 1
7.78116 4.72046 74.9003 12.5652 2.27517 51.1733 -0.400638 -13 499 1 0 1
8.57587 4.62512 74.9003 12.1447 4.15746 78.7356 0.0506843 -13 501 1 0 1
-7.329 9.13135 74.9003 -2.72449 7.5694 67.0001 -0.79381 -13 502 1 0 1
0.491731 -10.693 74.9003 5.0983 -8.68373 69.5257 -1.25933 -13 503 1 0 1
6.02162 3.78582 74.9003 10.7521 4.82461 65.8227 0.666899 -13 504 1 0 1
-1.62682 -1.99032 74.9003 -0.243304 -3.60621 79.5577 1.61118 -13 506 1 0 1
15.4193 -8.08033 74.9003 14.9284 -1.89154 53.905 1.36021 -13 508 1 0 1
14.5791 -8.06996 74.9003 19.4927 -8.3712 70.7246 0.371546 -13 509 1 0 1
-2.34298 7.98045 74.9003 3.78529 7.079 61.3143 1.5333 -13 510 1 0 1
-7.87538 -1.06987 74.9003 -4.5445 0.226481 72.2921 2.40433 -13 511 1 0 1
-0.2591 -4.22737 74.9003 5.50964 -3.44792 58.9151 -0.0215495 -13 512 1 0 1
11.8946 3.06454 74.9003 15.6804 3.5871 49.7163 1.54424 -13 513 1 0 1
1.44589 1.79051 74.9003 7.13164 1.72465 55.2524 -3.0839 -13 514 1 0 1
-5.32355 0.618874 74.9003 -0.798974 1.11998 66.9771 -1.09077 -13 515 1 0 1
2.86188 3.05294 74.9003 8.4091 5.03798 56.4449 -1.55563 -13 516 1 0 1
5.29892 -2.89958 74.9003 9.70602 -5.05966 71.8072 -0.784441 -13 517 1 0 1
6.78983 0.781125 74.9003 12.2401 1.6587 64.3324 1.17139 -13 518 1 0 1
-3.10479 2.20097 74.9003 -1.93102 1.68407 79.0277 0.24587 -13 519 1 0 1
6.9311 -5.56759 74.9003 12.5594 -6.98921 59.7378 2.8924 -13 520 1 0 1
1.87288 -10.156 74.9003 6.52252 -9.88293 69.7605 -1.13518 -13 521 1 0 1
6.64431 4.55685 74.9003 9.47393 5.15716 80.0093 1.22593 -13 522 1 0 1
-3.49204 5.7305 74.9003 0.626388 4.67558 70.3596 1.2021 -13 523 1 0 1
2.06456 -5.70539 74.9003 7.8576 -1.84552 60.9221 1.0873 -13 524 1 0 1
9.26513 14.3192 74.9003 12.5953 8.34742 38.8652 1.14981 -13 525 1 0 1
-3.13295 -1.78723 74.9003 0.120955 0.489869 72.1954 0.371438 -13 526 1 0 1
0.900423 11.1567 74.9003 6.56591 10.3685 59.4893 1.39133 -13 527 1 0 1
2.07115 4.0345 74.9003 8.36562 3.14865 54.7768 3.0653 -13 528 1 0 1
15.9379 -11.5224 74.9003 -3.97167 -15.5069 31.5832 1.14197 -13 529 1 0 1
7.19334 4.1079 74.9003 12.4608 4.10664 66.3891 -0.266885 -13 530 1 0 1
6.10957 4.30761 74.9003 11.8517 4.5815 58.0033 1.35877 -13 531 1 0 1
-5.33987 9.47516 74.9003 2.18728 9.29189 53.7514 2.04007 -13 532 1 0 1
2.89658 -19.9692 74.9003 7.66267 -9.63691 31.3021 3.86575 -13 533 1 0 1
12.2088 -1.43994 74.9003 17.2456 -0.748882 68.5764 1.30264 -13 534 1 0 1
9.11633 12.1068 74.9003 13.6215 16.13 67.1544 -2.48982 -13 535 1 0 1
13.2279 0.107466 74.9003 17.1575 1.75109 53.285 -0.526503 -13 536 1 0 1
14.377 9.19703 74.9003 19.5418 7.69666 59.8854 0.467857 -13 538 1 0 1
3.91346 9.57087 74.9003 8.09179 11.794 70.3887 1.27701 -13 541 1 0 1
9.76817 3.86528 74.9003 14.7657 5.08991 66.4512 0.348443 -13 542 1 0 1
14.1432 -4.70549 74.9003 19.402 -6.73795 64.5476 -0.175479 -13 543 1 0 1
10.5864 -1.51756 74.9003 15.7333 -2.01623 62.3593 0.773873 -13 544 1 0 1
1.28097 -22.3925 74.9003 5.47217 -24.8605 68.3385 1.48355 -13 545 1 0 1
12.0515 -21.355 74.9003 14.3118 -13.5706 41.3338 0.950786 -13 546 1 0 1
6.51199 14.534 74.9003 11.4915 12.3858 51.2755 -0.309505 -13 547 1 0 1
8.58498 5.64183 74.9003 13.4328 7.46708 60.4314 2.61974 -13 548 1 0 1
11.0205 -5.55778 74.9003 15.7387 -3.0523 56.2242 2.9363 -13 549 1 0 1
-9.28266 10.4803 74.9003 -5.25109 12.0741 68.5129 -2.16175 -13 550 1 0 1
-3.4142 -4.72047 74.9003 2.90777 -5.23938 60.1057 0.584138 -13 553 1 0 1
-4.20227 -1.65434 74.9003 0.690635 -2.68991 66.0267 -0.673239 -13 554 1 0 1
14.7075 7.81126 74.9003 19.223 8.72597 71.5974 1.56435 -13 555 1 0 1
1.805 9.0796 74.9003 7.45188 7.50214 56.5639 0.862467 -13 556 1 0 1
11.9554 -0.693894 74.9003 16.7865 -1.36554 59.8436 2.78646 -13 557 1 0 1
5.28407 -0.905398 74.9003 10.5713 -2.14393 63.3196 -2.26631 -13 558 1 0 1
-4.27739 6.37805 74.9003 3.50095 4.93752 47.3196 -1.00601 -13 560 1 0 1
-4.47376 4.43611 74.9003 -0.607407 3.16887 69.9697 1.42508 -13 562 1 0 1
11.8618 -2.2153 74.9003 16.5406 -4.01778 69.1074 -0.0125946 -13 564 1 0 1
-2.52868 -4.47328 74.9003 3.83345 -2.97174 58.7426 1.61983 -13 565 1 0 1
-1.78333 -0.94254 74.9003 1.20584 -1.78685 74.1278 1.0521 -13 566 1 0 1
-0.940077 -3.54312 74.9003 5.78789 -2.09955 53.2576 0.580739 -13 567 1 0 1
-0.663434 3.12851 74.9003 3.44826 4.33411 71.9515 0.493729 -13 568 1 0 1
6.34612 -6.11792 74.9003 11.3798 -6.18674 60.9451 2.14324 -13 569 1 0 1
6.06335 -8.96183 74.9003 11.5033 -6.0708 51.5947 -2.01941 -13 570 1 0 1
10.3464 11.5066 74.9003 10.7516 5.68484 25.8839 0.494758 -13 571 1 0 1
7.38635 -5.61663 74.9003 11.6333 -8.18995 74.6429 0.164182 -13 572 1 0 1
-3.22146 0.0294083 74.9003 1.34852 -2.52368 68.8034 2.26699 -13 573 1 0 1
-0.393281 20.312 74.9003 5.35002 19.7718 57.9671 -0.598913 -13 574 1 0 1
5.26697 -2.94791 74.9003 9.85578 -3.18526 69.2055 0.504135 -13 575 1 0 1
4.12123 3.26318 74.9003 9.00518 0.374228 68.4677 -0.571117 -13 576 1 0 1
8.6274 -5.49145 74.9003 13.4686 -2.49197 64.7001 -1.63953 -13 577 1 0 1
0.804136 12.2215 74.9003 4.62845 13.9918 72.3275 2.25712 -13 578 1 0 1
15.306 -13.4953 74.9003 1.76301 -24.9256 46.4074 0.109637 -13 579 1 0 1
-5.50138 7.91828 74.9003 -0.995366 10.043 67.1885 1.80502 -13 580 1 0 1
14.5792 2.3913 74.9003 19.2366 0.946477 59.9998 0.423683 -13 581 1 0 1
9.1711 0.554889 74.9003 13.9678 -0.353747 70.2598 -0.122798 -13 583 1 0 1
12.903 7.18613 74.9003 17.413 4.97507 62.5645 -0.415634 -13 584 1 0 1
4.78885 -13.8259 74.9003 9.46083 -15.0523 63.4473 -1.70855 -13 585 1 0 1
10.1893 -9.01957 74.9003 14.9123 -10.9815 70.2815 2.50258 -13 586 1 0 1
-1.76249 13.1079 74.9003 1.32043 16.8273 73.164 0.679135 -13 587 1 0 1
11.3037 -2.40978 74.9003 16.3433 -0.745693 65.3148 -1.78934 -13 588 1 0 1
6.39474 4.72181 74.9003 11.0429 4.17973 70.0633 -0.924977 -13 589 1 0 1
-4.03629 -10.57 74.9003 -1.03795 -14.1025 74.1042 -0.550171 -13 590 1 0 1
-0.964679 -0.936066 74.9003 1.15764 0.597827 78.516 2.88589 -13 591 1 0 1
3.01193 -0.661606 74.9003 7.8009 -1.64243 71.2986 -2.29482 -13 592 1 0 1
6.3874 6.70152 74.9003 11.9353 3.78573 63.2038 2.28507 -13 593 1 0 1
-3.07279 0.43703 74.9003 1.8437 -0.895489 64.1789 0.582068 -13 594 1 0 1
9.59006 -2.95792 74.9003 14.5161 -1.22431 62.9162 0.929503 -13 595 1 0 1
-6.68962 -1.75816 74.9003 -6.80128 -2.4879 79.5141 0.232148 -13 597 1 0 1
6.70203 -8.51559 74.9003 9.33829 -11.2618 80.1951 -1.41039 -13 598 1 0 1
0.696411 -0.938384 74.9003 7.38093 -0.717434 47.6469 -1.14831 -13 599 1 0 1
7.87201 -11.0902 74.9003 12.6609 -8.64956 48.9018 0.974778 -13 600 1 0 1
11.0473 -0.838471 74.9003 15.4309 -0.971614 57.8701 1.55828 -13 601 1 0 1
7.92047 -6.14365 74.9003 13.3326 -5.74416 63.5191 0.988934 -13 602 1 0 1
-9.899 -3.77239 74.9003 -5.74232 -3.616 68.615 -0.920107 -13 603 1 0 1
3.25559 -16.5561 74.9003 8.79288 -13.9455 58.896 0.43646 -13 605 1 0 1
14.3693 -1.54561 74.9003 18.8953 -1.59479 64.8242 2.97986 -13 606 1 0 1
14.8099 11.7425 74.9003 19.2122 15.8996 73.6223 -0.416442 -13 607 1 0 1
-6.36159 1.61935 74.9003 -3.52142 5.10578 73.5498 0.492627 -13 609 1 0 1
0.710661 2.9407 74.9003 5.49192 6.79994 67.7453 -1.31704 -13 610 1 0 1
2.45783 -0.208593 74.9003 8.43173 -1.793 54.3305 1.32061 -13 611 1 0 1
8.59812 -5.19408 74.9003 14.0077 -6.91745 63.6568 0.0708717 -13 614 1 0 1
-2.56563 -3.77431 74.9003 1.12452 -7.0141 73.8269 1.16401 -13 615 1 0 1
9.82636 5.20548 74.9003 14.0788 7.58042 77.3322 0.12568 -13 616 1 0 1
10.53 -7.72028 74.9003 15.4334 -6.40408 62.5802 -0.311367 -13 617 1 0 1
3.34683 22.9075 74.9003 8.627 20.8483 56.4165 -0.612944 -13 618 1 0 1
3.03914 4.01897 74.9003 5.83201 4.45206 77.9163 -1.86808 -13 620 1 0 1
8.73552 -6.50428 74.9003 13.8612 -3.45211 58.8624 1.08199 -13 621 1 0 1
5.70142 -1.33926 74.9003 11.3652 1.07485 59.7508 0.103877 -13 623 1 0 1
12.3802 2.88072 74.9003 17.7991 1.55779 63.5863 0.0890186 -13 624 1 0 1
0.105572 11.9576 74.9003 6.14246 8.36042 57.0038 -0.429016 -13 625 1 0 1
6.83016 -1.44765 74.9003 11.1262 -3.09093 70.2595 2.81988 -13 626 1 0 1
-4.54365 3.67188 74.9003 -2.58548 7.91805 76.8232 0.928864 -13 627 1 0 1
14.3738 4.35359 74.9003 19.9237 5.58407 70.4395 0.512044 -13 628 1 0 1
2.62422 12.891 74.9003 8.2269 13.95 64.8425 0.580183 -13 629 1 0 1
-1.17922 0.86245 74.9003 4.18308 2.19685 64.5576 1.04822 -13 630 1 0 1
6.69141 -0.349098 74.9003 12.5686 0.0931235 58.4095 -0.243467 -13 631 1 0 1
5.79001 -3.08249 74.9003 10.709 -2.69499 67.2808 -1.13083 -13 632 1 0 1
-8.29001 21.6693 74.9003 -1.76521 19.7405 58.8705 0.300264 -13 634 1 0 1
-2.94883 7.62004 74.9003 0.351897 10.8642 73.0983 -1.74147 -13 636 1 0 1
12.7221 0.772027 74.9003 17.424 -0.212288 70.772 0.46175 -13 637 1 0 1
11.3617 -14.728 74.9003 12.1794 -7.03226 29.9749 0.693588 -13 638 1 0 1
10.64 -10.6992 74.9003 15.3986 -10.5255 64.2897 -1.56921 -13 639 1 0 1
14.0436 -13.1473 74.9003 18.3432 -12.9127 59.3856 -0.906622 -13 641 1 0 1
8.44615 -10.3029 74.9003 13.7554 -7.75714 56.5591 0.38448 -13 642 1 0 1
2.37365 -10.5625 74.9003 6.59092 -11.6541 70.6973 -0.0107709 -13 643 1 0 1
-0.573286 -12.1323 74.9003 5.76766 -10.2435 50.4277 2.69981 -13 644 1 0 1
11.1112 -10.8027 74.9003 15.7129 -8.71066 55.1255 1.43015 -13 645 1 0 1
-1.46574 3.29172 74.9003 1.70354 3.3193 73.2387 1.7087 -13 646 1 0 1
-8.31195 -0.965155 74.9003 -7.92305 0.148657 78.3948 -1.14956 -13 647 1 0 1
11.4368 -0.296657 74.9003 16.7526 0.373856 66.6335 0.256664 -13 649 1 0 1
6.19111 -7.75236 74.9003 10.2389 -7.18554 72.9844 1.30759 -13 650 1 0 1
8.22579 3.02185 74.9003 12.9677 2.73371 67.2621 0.854235 -13 651 1 0 1
2.77048 -7.29837 74.9003 7.58471 -8.06025 65.7406 1.3642 -13 652 1 0 1
6.47422 -6.18462 74.9003 11.1158 -5.08265 67.7768 0.980543 -13 653 1 0 1
14.4374 -3.04778 74.9003 16.4727 -1.68488 38.7872 0.10101 -13 654 1 0 1
4.07647 -11.2039 74.9003 8.85682 -7.11286 35.3382 0.724897 -13 655 1 0 1
-4.67065 11.9286 74.9003 0.243896 13.6045 64.6294 0.253078 -13 656 1 0 1
13.686 -5.29157 74.9003 18.3177 -2.77055 59.1543 0.986944 -13 657 1 0 1
4.26786 -11.062 74.9003 8.63833 -9.40147 69.0562 2.56805 -13 659 1 0 1
5.43856 -5.53623 74.9003 10.1423 -4.98377 65.8797 -1.15388 -13 660 1 0 1
2.59847 -3.09874 74.9003 5.37572 -6.64773 76.6077 1.95273 -13 661 1 0 1
1.83931 5.25053 74.9003 7.61605 4.70803 58.2034 0.107178 -13 662 1 0 1
13.537 2.87549 74.9003 17.8061 3.55738 55.4775 0.829257 -13 663 1 0 1
2.80636 -8.12371 74.9003 6.73272 -8.00242 70.3875 2.06974 -13 664 1 0 1
2.32737 -4.58748 74.9003 5.48601 -6.46672 76.8239 0.621403 -13 665 1 0 1
-5.28946 2.57584 74.9003 0.737171 3.38788 62.2727 1.33803 -13 666 1 0 1
0.296672 -0.50538 74.9003 5.78105 0.111899 60.9898 -1.79228 -13 667 1 0 1
7.63696 -7.18869 74.9003 10.7248 -4.57843 35.3897 1.26975 -13 668 1 0 1
7.77621 -12.7878 74.9003 13.2123 -12.8587 66.2887 1.72825 -13 669 1 0 1
1.47195 1.34017 74.9003 5.3529 2.26717 73.2296 0.352822 -13 670 1 0 1
7.78032 22.7423 74.9003 12.831 18.9649 56.9658 0.721255 -13 673 1 0 1
15.9974 9.90779 74.9003 11.4206 4.44508 32.3772 1.22784 -13 674 1 0 1
3.72621 -14.8849 74.9003 9.1617 -15.0785 61.5446 3.53564 -13 675 1 0 1
7.16407 7.42552 74.9003 11.8196 11.9896 70.7 1.88298 -13 678 1 0 1
-2.75407 12.4905 74.9003 1.75564 13.3241 67.416 0.356169 -13 679 1 0 1
0.142721 5.38869 74.9003 6.6334 3.5733 56.1221 -0.502731 -13 680 1 0 1
4.70508 -2.67851 74.9003 8.97638 -6.87622 72.9274 -2.90438 -13 681 1 0 1
14.1655 -16.857 74.9003 14.5276 -11.8161 33.1711 0.569455 -13 682 1 0 1
3.74292 -9.23436 74.9003 9.07877 -8.10977 60.636 0.160288 -13 684 1 0 1
12.0791 8.33581 74.9003 17.1948 9.0438 68.0346 0.763325 -13 686 1 0 1
-4.69959 8.82321 74.9003 3.08245 7.6316 46.1202 2.14605 -13 687 1 0 1
3.14775 5.59466 74.9003 8.14118 4.06286 66.4386 0.324447 -13 688 1 0 1
-11.636 17.881 74.9003 2.37017 6.19228 20.8018 0.574355 -13 689 1 0 1
12.2579 -11.2667 74.9003 16.992 -11.4603 57.6952 1.38688 -13 690 1 0 1
6.70225 -0.39267 74.9003 11.4914 -2.26268 64.888 -1.59351 -13 691 1 0 1
0.870659 0.99159 74.9003 6.14899 -1.46543 62.2146 -0.575746 -13 692 1 0 1
11.2028 0.145415 74.9003 14.6854 -3.41964 49.0735 2.2603 -13 693 1 0 1
7.25684 -8.6979 74.9003 12.1591 -6.43264 64.1387 2.73507 -13 694 1 0 1
9.46551 7.35261 74.9003 14.7481 7.36377 63.5759 0.722645 -13 696 1 0 1
2.4555 3.9153 74.9003 6.14174 5.458 71.0679 0.882435 -13 697 1 0 1
5.40229 -3.62634 74.9003 9.58426 -3.82998 72.099 1.7453 -13 700 1 0 1
9.73892 10.8482 74.9003 14.8532 13.0848 67.6492 1.70452 -13 701 1 0 1
13.9927 0.900805 74.9003 15.922 0.921931 42.6198 1.80808 -13 702 1 0 1
-1.90406 5.095 74.9003 -0.631506 5.04298 80.0734 -1.88631 -13 703 1 0 1
7.62515 5.40172 74.9003 12.6897 3.65009 52.7689 1.83837 -13 705 1 0 1
5.66245 3.35606 74.9003 11.4699 3.0763 54.1746 -1.18413 -13 706 1 0 1
6.34404 2.2229 74.9003 10.8332 5.72856 71.6689 3.67311 -13 707 1 0 1
-5.18627 -7.26624 74.9003 1.23033 -6.6755 59.705 0.90607 -13 708 1 0 1
7.27826 -5.06391 74.9003 12.587 -6.45625 65.1707 0.455709 -13 709 1 0 1
7.88913 -0.603046 74.9003 12.329 -1.91561 44.0557 -0.49105 -13 710 1 0 1
12.6358 1.28556 74.9003 16.05 -0.585476 49.3578 0.116691 -13 711 1 0 1
5.50255 -9.89555 74.9003 10.1142 -9.92485 68.0895 1.75575 -13 712 1 0 1
2.82894 -7.57093 74.9003 4.6954 -10.9055 80.3035 0.343914 -13 713 1 0 1
8.80629 -0.839761 74.9003 13.2447 -2.28262 48.7183 2.10162 -13 714 1 0 1
3.41964 5.47298 74.9003 7.64486 7.32724 71.2306 -0.716814 -13 715 1 0 1
2.60541 -3.25162 74.9003 8.64113 -3.1002 52.2467 2.21933 -13 717 1 0 1
-0.263679 1.13429 74.9003 3.42473 -0.137517 72.7328 1.2966 -13 718 1 0 1
10.1413 2.21282 74.9003 15.0214 4.09436 70.6041 0.261818 -13 719 1 0 1
6.69814 11.3399 74.9003 11.8757 11.5081 64.8312 2.46283 -13 720 1 0 1
13.0808 -10.7083 74.9003 17.8976 -11.2417 69.371 0.27908 -13 721 1 0 1
11.0649 -10.7787 74.9003 15.2225 -9.62749 52.6314 -1.10201 -13 722 1 0 1
6.22211 -6.28611 74.9003 11.2639 -4.19345 61.0696 -0.815729 -13 723 1 0 1
7.2391 11.5033 74.9003 11.6963 11.5465 71.5419 2.36354 -13 724 1 0 1
-0.134536 11.1044 74.9003 5.95688 8.46449 56.2849 0.133727 -13 725 1 0 1
9.39649 -5.1831 74.9003 13.4683 -5.368 75.8313 -1.47602 -13 729 1 0 1
3.30263 -14.91 74.9003 9.10915 -7.58072 37.1777 0.342082 -13 730 1 0 1
2.08341 -5.01471 74.9003 6.46154 -4.41303 70.5585 -0.880195 -13 731 1 0 1
0.998714 3.20114 74.9003 5.8866 2.04517 69.3279 2.37313 -13 732 1 0 1
-0.0269149 -0.70963 74.9003 6.89925 -2.16362 46.7481 0.0424678 -13 733 1 0 1
9.12891 -1.35768 74.9003 14.1674 -7.07305 69.9822 2.61144 -13 734 1 0 1
12.3582 7.97148 74.9003 15.3838 5.65967 45.5083 0.262083 -13 736 1 0 1
2.57147 9.36337 74.9003 8.27775 8.33242 62.8222 2.44771 -13 737 1 0 1
16.1808 -0.5342 74.9003 15.7167 -5.13178 13.2442 1.94583 -13 738 1 0 1
12.3734 -3.01425 74.9003 16.8714 -1.2069 57.3826 -0.743769 -13 739 1 0 1
0.720524 2.55268 74.9003 4.32745 2.53046 73.4132 1.12856 -13 740 1 0 1
-9.36867 1.76334 74.9003 0.219891 2.06141 45.6982 -1.75275 -13 742 1 0 1
3.70689 5.2757 74.9003 8.29726 7.0618 71.7958 1.68363 -13 743 1 0 1
5.64609 6.90592 74.9003 11.1047 4.47893 54.8345 0.676448 -13 744 1 0 1
14.3582 11.5347 74.9003 18.6727 11.6872 69.4713 2.31724 -13 745 1 0 1
2.13549 -3.73164 74.9003 6.75 -3.93043 68.1836 -1.45502 -13 746 1 0 1
6.68614 -2.51825 74.9003 11.6629 -2.37466 67.3392 0.543271 -13 747 1 0 1
-1.04252 1.00742 74.9003 6.0151 1.5008 49.7729 -1.37263 -13 748 1 0 1
10.8746 -6.45596 74.9003 15.4257 -7.37889 71.6965 1.47938 -13 749 1 0 1
4.39205 8.1539 74.9003 9.91177 3.58849 63.123 1.0872 -13 750 1 0 1
4.76761 12.0843 74.9003 10.2769 10.804 52.237 0.441001 -13 751 1 0 1
4.03281 11.303 74.9003 9.11529 13.4934 66.707 -0.117454 -13 752 1 0 1
4.60733 1.45681 74.9003 10.1412 -0.48687 64.1502 -0.663455 -13 753 1 0 1
-2.00985 -2.0524 74.9003 2.37077 -1.15666 70.7221 0.666986 -13 754 1 0 1
9.92729 -0.421099 74.9003 14.3715 -1.29794 74.5389 -1.08546 -13 755 1 0 1
10.9475 6.85763 74.9003 15.7829 9.29096 66.3629 -0.670947 -13 756 1 0 1
8.17551 -1.07908 74.9003 13.6979 -3.07856 55.3611 0.761537 -13 758 1 0 1
13.2396 -18.0491 74.9003 17.3969 -17.4067 59.0738 1.54539 -13 759 1 0 1
9.67873 -2.57744 74.9003 14.4371 -2.53603 53.6981 0.613173 -13 760 1 0 1
4.43705 -9.55364 74.9003 9.65528 -7.43653 58.1299 1.08761 -13 761 1 0 1
-3.43988 4.43981 74.9003 4.4063 3.86529 38.0965 -0.430106 -13 762 1 0 1
9.04306 3.73289 74.9003 13.8035 4.49273 69.1258 -2.23469 -13 764 1 0 1
3.89123 -5.78903 74.9003 9.73692 -6.45394 64.7008 -0.182809 -13 765 1 0 1
-1.68025 23.9045 74.9003 5.57769 9.64189 24.9976 -0.399278 -13 766 1 0 1
13.0699 -0.762521 74.9003 17.5689 -1.29967 56.9085 -0.0472335 -13 767 1 0 1
15.2684 -20.4571 74.9003 15.0136 -19.4457 58.1324 1.00392 -13 768 1 0 1
12.1481 2.08301 74.9003 14.2923 -0.0896689 38.0734 0.63871 -13 769 1 0 1
-2.09085 -3.90383 74.9003 2.17799 -8.86482 71.0521 -0.693314 -13 770 1 0 1
15.2841 -17.55 74.9003 11.3906 -9.28443 26.175 -0.152399 -13 771 1 0 1
5.55315 8.76387 74.9003 10.9816 6.87056 54.7963 0.229347 -13 772 1 0 1
14.2285 0.0739485 74.9003 18.8887 0.634445 74.9822 0.854253 -13 773 1 0 1
-0.804528 -2.60419 74.9003 5.47101 -1.11815 58.8388 1.33421 -13 774 1 0 1
3.36997 7.8808 74.9003 9.23776 7.04068 55.1115 2.93018 -13 776 1 0 1
-0.892823 -7.06559 74.9003 3.68036 -8.42535 67.7441 0.329924 -13 777 1 0 1
6.08473 10.6792 74.9003 10.9069 9.40459 45.4494 3.04595 -13 778 1 0 1
0.108425 -8.88564 74.9003 4.92674 -9.27312 68.6959 2.04421 -13 779 1 0 1
11.4387 0.482442 74.9003 17.1976 0.882608 65.9769 -0.542909 -13 780 1 0 1
3.17654 3.86534 74.9003 8.37499 2.64102 66.0102 0.25172 -13 781 1 0 1
-3.50597 -6.9336 74.9003 1.81088 -6.7378 63.6158 0.882001 -13 782 1 0 1
-5.89436 -18.4553 74.9003 -0.49006 -19.8412 64.3669 -0.496593 -13 784 1 0 1
-5.51757 -2.93577 74.9003 -4.34925 -7.43009 78.6808 0.132271 -13 785 1 0 1
-6.66037 0.990323 74.9003 -0.78017 0.119591 62.455 -0.555399 -13 788 1 0 1
8.7687 -3.38068 74.9003 13.4002 -5.31685 59.2172 2.39394 -13 790 1 0 1
11.2492 -12.2368 74.9003 16.3529 -14.2052 65.8176 -1.05404 -13 791 1 0 1
0.138302 -1.18274 74.9003 5.27218 -0.927846 67.0876 2.55065 -13 792 1 0 1
13.6784 -0.407867 74.9003 17.1592 -1.59632 51.0808 2.20392 -13 793 1 0 1
7.44357 -11.1108 74.9003 12.5798 -10.3278 68.0177 0.644418 -13 794 1 0 1
-2.00867 -11.8868 74.9003 4.03507 -10.9279 56.5347 -2.00767 -13 795 1 0 1
-2.0513 2.18839 74.9003 4.57698 1.73453 59.1662 0.282894 -13 796 1 0 1
7.35911 -0.681234 74.9003 12.2375 -2.33692 47.3872 -0.3865 -13 797 1 0 1
5.99446 15.037 74.9003 9.79592 17.5333 73.3808 2.34455 -13 798 1 0 1
6.6889 5.71267 74.9003 11.8123 4.84301 63.1072 1.28058 -13 799 1 0 1
-5.35665 4.3395 74.9003 0.824263 5.66415 60.6578 1.57563 -13 800 1 0 1
13.8747 2.12276 74.9003 19.3976 -0.754872 66.737 2.58942 -13 801 1 0 1
6.62575 -3.97127 74.9003 11.6656 -5.59422 66.9493 -0.924659 -13 802 1 0 1
8.80214 0.781243 74.9003 12.8874 4.17715 75.191 -1.34801 -13 803 1 0 1
11.2615 3.76372 74.9003 11.1402 1.81272 25.9713 0.30594 -13 805 1 0 1
5.16562 -4.77633 74.9003 10.5192 -4.58558 54.6365 1.39651 -13 806 1 0 1
0.278732 -10.9589 74.9003 5.6225 -9.94813 66.5247 0.753946 -13 807 1 0 1
-2.86327 8.8239 74.9003 5.44299 5.00927 34.472 1.96482 -13 808 1 0 1
-3.70828 2.80923 74.9003 1.59094 2.64819 65.5181 -0.190056 -13 809 1 0 1
0.813533 -2.12885 74.9003 3.69749 -3.87522 77.2563 -0.340174 -13 810 1 0 1
7.132 1.32284 74.9003 12.3655 2.63577 69.8431 0.137053 -13 811 1 0 1
-4.55323 -9.11085 74.9003 3.73047 -4.86556 41.2774 2.44901 -13 812 1 0 1
3.01279 -3.31552 74.9003 8.46791 -1.28082 62.5439 1.0828 -13 814 1 0 1
13.9734 6.11319 74.9003 17.9206 5.51878 53.3575 -1.6502 -13 815 1 0 1
3.68097 -3.95189 74.9003 6.65843 -4.57557 77.3663 1.8209 -13 816 1 0 1
9.74916 -2.74332 74.9003 12.9897 -1.54563 36.9355 -1.15309 -13 817 1 0 1
12.2393 -8.99816 74.9003 15.9455 -7.88103 47.8329 0.324018 -13 820 1 0 1
1.2219 -0.566268 74.9003 7.39064 1.3432 52.853 -1.33909 -13 821 1 0 1
-1.25231 4.57321 74.9003 -1.70242 2.62858 81.4333 0.950615 -13 822 1 0 1
11.8429 -0.197986 74.9003 16.6546 -1.3684 55.2574 0.304352 -13 823 1 0 1
13.5604 -1.36696 74.9003 11.8293 -0.878647 21.9511 0.842714 -13 824 1 0 1
1.65638 -6.78171 74.9003 6.76418 -6.70775 61.3852 0.645276 -13 825 1 0 1
8.23107 6.18723 74.9003 13.0591 8.14291 65.855 -1.04008 -13 826 1 0 1
8.68744 -10.8754 74.9003 13.8692 -11.6547 61.3731 3.02984 -13 827 1 0 1
1.32031 3.06953 74.9003 6.78933 1.33858 65.031 -2.1046 -13 828 1 0 1
10.3554 -7.97379 74.9003 15.3554 -8.39966 63.4656 0.195201 -13 830 1 0 1
9.45292 -2.1162 74.9003 14.3257 -3.43483 64.6036 2.33874 -13 831 1 0 1
6.11194 -8.87559 74.9003 11.5702 -8.12481 55.0997 0.751889 -13 832 1 0 1
8.32704 -12.2002 74.9003 13.2436 -11.7701 59.9897 0.745468 -13 833 1 0 1
4.83785 -10.1129 74.9003 10.4459 -8.06997 60.0873 0.140263 -13 834 1 0 1
2.65561 -11.9304 74.9003 4.9494 -15.1905 77.3756 -0.619173 -13 835 1 0 1
13.6663 12.5424 74.9003 18.0104 13.1823 63.3613 0.245634 -13 836 1 0 1
11.0252 5.08908 74.9003 15.8399 3.17677 70.3544 -0.987348 -13 838 1 0 1
6.47219 -8.68562 74.9003 12.0033 -5.86641 54.9255 -0.0192289 -13 839 1 0 1
-3.28521 4.5102 74.9003 2.57175 3.63899 60.8527 2.79636 -13 840 1 0 1
3.07971 9.0977 74.9003 8.89814 6.66158 58.5667 -1.45074 -13 841 1 0 1
3.47023 -6.94411 74.9003 7.54176 -6.86205 72.5921 -0.638916 -13 842 1 0 1
1.67214 -9.79137 74.9003 4.89108 -14.494 73.7267 0.819236 -13 843 1 0 1
0.087396 13.4489 74.9003 6.09789 12.1373 58.7609 1.26812 -13 844 1 0 1
9.01888 -1.57756 74.9003 14.0693 -0.271788 58.8196 1.35649 -13 845 1 0 1
13.4101 -8.99894 74.9003 17.7513 -4.54536 56.3027 -0.783481 -13 847 1 0 1
-0.396849 -0.373282 74.9003 5.77911 -1.90039 56.1912 -0.420828 -13 848 1 0 1
-3.68514 -4.53316 74.9003 3.15774 -2.9535 54.5715 -1.60832 -13 849 1 0 1
10.8234 -4.81554 74.9003 15.5776 -4.66955 67.643 -0.535327 -13 850 1 0 1
2.01123 7.07899 74.9003 7.83814 5.39043 59.7401 -0.103933 -13 851 1 0 1
13.1026 -2.05205 74.9003 17.3653 -1.82855 74.1389 0.838892 -13 852 1 0 1
2.96126 5.99948 74.9003 8.45159 5.61159 60.9137 1.45491 -13 853 1 0 1
3.47721 0.452365 74.9003 7.50652 -2.13361 69.6862 -0.479867 -13 854 1 0 1
3.95636 9.24415 74.9003 9.49743 8.9041 62.3299 0.483541 -13 855 1 0 1
-4.93918 -1.60216 74.9003 1.16805 -4.48269 59.556 0.701635 -13 856 1 0 1
7.17023 -3.3043 74.9003 12.5022 -0.327927 65.2123 -0.516563 -13 857 1 0 1
-12.5924 3.90859 74.9003 -7.85654 3.39175 66.2819 -2.04407 -13 858 1 0 1
1.07726 -0.612833 74.9003 7.54466 0.335616 53.4209 1.99201 -13 859 1 0 1
1.8112 4.01795 74.9003 6.7205 4.4566 68.0081 1.67024 -13 860 1 0 1
4.55586 -5.10054 74.9003 8.23199 -6.56328 76.866 -1.49251 -13 861 1 0 1
6.11643 5.28034 74.9003 11.3137 6.19452 63.2367 0.280122 -13 862 1 0 1
-6.81214 -8.44695 74.9003 -0.752189 -6.99107 60.725 0.571521 -13 863 1 0 1
7.96207 -0.583699 74.9003 13.335 0.234056 62.1497 -0.244105 -13 864 1 0 1
1.76313 -6.18373 74.9003 7.76408 -3.71792 55.1319 2.17707 -13 865 1 0 1
10.4792 13.934 74.9003 14.9001 13.563 54.4972 0.34148 -13 866 1 0 1
13.5185 7.22571 74.9003 18.4093 6.82326 72.6716 -0.311815 -13 867 1 0 1
2.84235 1.50553 74.9003 5.22276 0.251413 78.851 -1.30652 -13 868 1 0 1
-11.203 -13.4639 74.9003 -4.67577 -12.2912 61.017 -0.305389 -13 869 1 0 1
7.78795 -6.26594 74.9003 12.8001 -6.92055 59.1723 1.13144 -13 870 1 0 1
10.711 -15.992 74.9003 15.551 -16.6111 63.7034 -0.822163 -13 871 1 0 1
1.72623 -3.84244 74.9003 6.5784 -2.95328 67.7174 -0.775373 -13 872 1 0 1
10.695 -1.45665 74.9003 15.8036 -3.15351 71.0111 -0.735236 -13 873 1 0 1
2.15401 8.10166 74.9003 6.94083 8.78438 67.3777 2.93308 -13 874 1 0 1
-2.76369 -6.27529 74.9003 2.82565 -6.64661 62.4835 0.580076 -13 875 1 0 1
12.0654 6.06305 74.9003 16.6809 5.99951 73.3326 0.336097 -13 876 1 0 1
9.42539 8.01748 74.9003 14.7958 11.7892 67.3538 -1.65478 -13 877 1 0 1
6.17905 9.2059 74.9003 10.3488 12.4525 72.2287 -3.36869 -13 878 1 0 1
-4.03549 10.6847 74.9003 3.78949 7.76627 50.7014 1.56355 -13 879 1 0 1
8.91171 -9.78843 74.9003 14.2725 -10.701 66.647 1.16397 -13 880 1 0 1
9.71653 -7.48098 74.9003 14.4871 -6.51084 55.5003 2.20679 -13 881 1 0 1
6.56048 11.457 74.9003 10.5836 13.0535 74.1817 -0.23371 -13 882 1 0 1
-6.3385 20.8863 74.9003 4.13088 7.54923 22.0185 0.396149 -13 884 1 0 1
9.67994 -0.753067 74.9003 13.441 -4.67788 78.8247 2.64978 -13 886 1 0 1
-4.49111 9.56286 74.9003 -0.926694 9.82474 71.158 0.834924 -13 887 1 0 1
6.35685 6.44902 74.9003 11.9754 3.91637 54.6138 0.413187 -13 888 1 0 1
3.96541 -5.41278 74.9003 9.61542 -4.34959 56.988 -0.264429 -13 889 1 0 1
12.0153 -13.0502 74.9003 16.9087 -13.961 66.2157 -0.814151 -13 890 1 0 1
13.0297 -0.781973 74.9003 13.7939 -0.0298945 34.0322 -0.637312 -13 891 1 0 1
3.08648 -6.93294 74.9003 7.54035 -5.04801 71.498 0.748985 -13 892 1 0 1
-5.66081 1.86215 74.9003 1.09998 3.06144 59.7657 -1.32253 -13 893 1 0 1
13.0555 -3.45772 74.9003 18.005 -3.19544 74.6086 0.274265 -13 894 1 0 1
-5.72404 13.3431 74.9003 -3.34116 20.0188 72.0668 1.82787 -13 895 1 0 1
0.080898 11.9218 74.9003 4.73364 13.5842 68.9998 -1.366 -13 896 1 0 1
5.54608 -5.36051 74.9003 10.3875 -3.93792 49.2628 -1.38813 -13 897 1 0 1
8.34517 0.294266 74.9003 12.8933 1.05152 55.289 -0.343927 -13 898 1 0 1
10.0015 -0.384761 74.9003 14.9489 -2.48409 67.1393 0.887958 -13 901 1 0 1
7.19676 -10.8262 74.9003 11.2011 -8.40488 74.124 1.4447 -13 903 1 0 1
9.90506 -0.883908 74.9003 14.4423 -2.54975 57.5207 2.27109 -13 904 1 0 1
-6.5927 2.14887 74.9003 -5.99923 3.72286 79.0912 0.410997 -13 905 1 0 1
-0.880323 -6.44452 74.9003 5.91427 -4.95417 56.7456 1.59983 -13 906 1 0 1
6.51115 9.0186 74.9003 11.4138 7.6046 66.8049 0.609849 -13 907 1 0 1
1.07273 -9.97693 74.9003 7.27571 -5.98941 38.5124 0.634607 -13 908 1 0 1
6.73931 -8.81759 74.9003 10.7183 -7.92188 72.572 0.969271 -13 909 1 0 1
-1.21781 -4.52719 74.9003 2.83648 -5.21138 70.5663 0.123954 -13 910 1 0 1
9.14361 24.288 74.9003 12.2515 16.2704 40.617 -0.197083 -13 911 1 0 1
12.3634 14.9568 74.9003 15.6972 10.3328 53.1783 -0.454083 -13 912 1 0 1
4.01552 8.56124 74.9003 5.29621 13.7142 78.8986 1.57248 -13 913 1 0 1
-8.68155 4.83069 74.9003 -5.13857 8.45539 71.2188 1.27768 -13 914 1 0 1
11.9721 -9.27848 74.9003 16.7475 -7.51283 59.7091 -0.539798 -13 915 1 0 1
-7.49911 1.21496 74.9003 -9.07463 2.62103 79.716 4.57437 -13 916 1 0 1
5.4814 10.5226 74.9003 10.531 7.68743 41.3866 0.189503 -13 917 1 0 1
-5.90341 8.73873 74.9003 -2.84869 9.64664 72.3456 2.31082 -13 918 1 0 1
2.26569 3.69984 74.9003 7.4656 2.39051 66.4864 -0.309507 -13 919 1 0 1
-1.44818 -2.51615 74.9003 0.128478 -0.998475 79.9161 0.713399 -13 920 1 0 1
-1.38592 -10.7524 74.9003 -0.650967 -12.3382 80.2387 2.70494 -13 922 1 0 1
-0.971598 -0.509429 74.9003 4.94078 -0.608999 59.4805 0.16153 -13 923 1 0 1
4.15347 3.0768 74.9003 8.99019 1.80235 68.2597 -0.75637 -13 924 1 0 1
7.0943 7.78231 74.9003 12.0767 7.9329 62.4194 0.676768 -13 925 1 0 1
-0.117946 3.61977 74.9003 2.27903 3.04358 77.7177 1.64033 -13 926 1 0 1
1.6406 -4.54583 74.9003 7.28466 -2.36813 67.8293 0.842197 -13 927 1 0 1
10.5658 -4.75806 74.9003 15.4092 -4.86478 56.4229 0.0970064 -13 928 1 0 1
3.6449 2.52736 74.9003 8.34032 2.60062 70.2914 1.61911 -13 930 1 0 1
15.3003 -0.830529 74.9003 13.6704 -4.33666 56.7217 2.30695 -13 931 1 0 1
-2.60775 -7.49059 74.9003 4.28787 -6.40159 52.1907 2.23471 -13 932 1 0 1
11.7851 9.71558 74.9003 16.6606 11.7488 66.7737 1.32357 -13 933 1 0 1
0.404977 2.98659 74.9003 3.58298 4.50074 74.8999 -0.283403 -13 934 1 0 1
-5.41465 17.1656 74.9003 0.883739 15.3031 57.788 1.26864 -13 935 1 0 1
4.07129 -4.96141 74.9003 7.89532 -3.15648 73.1809 0.0614829 -13 938 1 0 1
3.86078 -3.06964 74.9003 9.66954 -2.79934 61.0088 -0.238343 -13 939 1 0 1
4.68119 3.8679 74.9003 10.1763 4.66862 60.0128 0.27542 -13 940 1 0 1
0.749488 5.26577 74.9003 5.79921 7.1124 66.8254 0.507515 -13 941 1 0 1
16.1184 -1.15909 74.9003 6.09565 -10.0834 37.9434 0.840662 -13 942 1 0 1
12.5922 -4.82103 74.9003 17.4772 -4.09439 65.8694 1.71343 -13 943 1 0 1
6.69651 0.599213 74.9003 12.2101 2.62815 52.7038 -0.0937796 -13 944 1 0 1
7.51821 12.8023 74.9003 11.9663 15.8048 70.0516 1.17143 -13 945 1 0 1
7.13275 8.5739 74.9003 11.5518 6.03759 44.5249 -0.357102 -13 946 1 0 1
13.5839 -0.542733 74.9003 18.514 1.15356 63.0449 -0.873002 -13 947 1 0 1
-2.78904 -3.54005 74.9003 4.50647 -2.87734 55.2125 0.739956 -13 949 1 0 1
2.12021 6.00669 74.9003 7.5517 5.01069 65.9757 0.36178 -13 950 1 0 1
12.6782 -6.39028 74.9003 17.1547 -5.86542 57.3619 2.99357 -13 952 1 0 1
12.2713 -2.66288 74.9003 16.4763 -3.00595 57.9756 0.589494 -13 953 1 0 1
7.23433 -21.1452 74.9003 12.3706 -17.4352 53.2835 0.119151 -13 954 1 0 1
11.3959 -3.09949 74.9003 16.0378 -5.61758 59.804 0.860531 -13 955 1 0 1
3.41177 6.13808 74.9003 8.98975 3.53248 54.7603 0.246678 -13 956 1 0 1
-7.00299 -1.81644 74.9003 -0.238102 -3.50182 58.6913 -0.69307 -13 957 1 0 1
-2.94334 -0.251143 74.9003 -4.54106 -1.34886 80.6227 -0.523675 -13 958 1 0 1
0.369409 3.71964 74.9003 3.67384 3.40217 74.5984 -1.73136 -13 960 1 0 1
11.3747 -2.34714 74.9003 16.2813 -0.74628 53.976 0.534415 -13 961 1 0 1
3.60533 -0.0259702 74.9003 9.44265 -0.744131 62.0669 2.26623 -13 964 1 0 1
3.66057 -9.41811 74.9003 8.70907 -10.2037 64.0716 1.72978 -13 965 1 0 1
-2.85806 1.62693 74.9003 4.10926 3.3219 54.0564 2.65845 -13 966 1 0 1
10.9763 -4.39239 74.9003 15.6748 -2.69746 53.0037 0.928792 -13 967 1 0 1
-14.5091 0.430773 74.9003 -8.84584 -0.800601 63.8603 -0.715717 -13 968 1 0 1
11.6988 -6.47672 74.9003 15.9068 -5.66741 48.5601 0.965391 -13 969 1 0 1
12.7447 -7.47995 74.9003 17.4596 -8.36567 62.2951 0.256701 -13 970 1 0 1
4.43064 3.32936 74.9003 9.6656 5.79068 66.9878 -0.824535 -13 971 1 0 1
6.96965 12.3723 74.9003 10.4077 7.33931 31.7883 -0.390579 -13 972 1 0 1
8.91541 5.19997 74.9003 11.4082 3.76566 33.7184 -0.268678 -13 973 1 0 1
1.03181 4.65017 74.9003 5.84698 5.19254 69.3836 -0.300842 -13 974 1 0 1
0.247715 3.26066 74.9003 3.98952 7.25801 74.5263 1.9632 -13 975 1 0 1
-8.58679 -0.965424 74.9003 -1.9165 0.0156183 59.6775 0.735231 -13 977 1 0 1
-2.85231 -2.0615 74.9003 0.487668 -3.57618 72.6867 -1.10941 -13 979 1 0 1
-3.8073 -1.9759 74.9003 2.3992 -2.42664 60.3488 -1.05132 -13 980 1 0 1
2.46589 -2.93052 74.9003 7.5306 -4.67221 62.7693 -0.332068 -13 981 1 0 1
9.4631 8.00578 74.9003 14.6278 6.49329 63.1552 -0.319028 -13 982 1 0 1
4.71703 0.597415 74.9003 8.97933 4.18071 72.883 -0.000163561 -13 983 1 0 1
12.6624 5.65369 74.9003 17.442 5.5687 58.4569 1.25325 -13 985 1 0 1
-0.582245 -6.821 74.9003 5.05025 -5.89525 61.6357 0.0550158 -13 986 1 0 1
10.4003 -18.3098 74.9003 15.0793 -17.2767 58.1634 0.81583 -13 987 1 0 1
3.28807 26.3986 74.9003 7.97126 11.2599 27.9526 0.574195 -13 988 1 0 1
7.73615 -6.98712 74.9003 12.8606 -6.47646 68.9366 1.40816 -13 989 1 0 1
8.53458 -5.23692 74.9003 13.6993 -8.39218 69.6374 0.618208 -13 990 1 0 1
1.27648 11.0532 74.9003 7.7681 7.27361 51.7371 -1.80416 -13 991 1 0 1
-2.43008 8.84119 74.9003 5.38666 5.42037 43.5481 1.3282 -13 992 1 0 1
11.7799 -8.2435 74.9003 16.1791 -5.9174 48.6043 2.06348 -13 993 1 0 1
14.3162 4.06604 74.9003 19.1487 4.5449 61.8735 -1.43465 -13 995 1 0 1
-0.293697 -5.27399 74.9003 4.24921 -5.89273 69.0037 0.551476 -13 996 1 0 1
4.21208 3.70342 74.9003 9.67543 3.04617 48.6704 2.84557 -13 997 1 0 1
15.1896 -2.00124 74.9003 2.54543 -2.5068 50.9209 0.37756 -13 999 1 0 1
3.54256 5.45078 74.9003 9.30735 4.16848 47.2529 -0.0993912 -13 1000 1 0 1
