#BLTrackFile NTuple/Z38
#x y z Px Py Pz t PDGid EventID TrackID ParentID Weight
#mm mm mm MeV/c MeV/c MeV/c ns - - - - -
2.99055 -3.77135 38.2182 10.508 -6.48232 73.2308 -0.966559 -13 1 1 0 1
9.83401 3.66578 38.2182 24.2266 -1.52272 77.3356 0.147551 -13 2 1 0 1
5.78701 -0.810423 38.2182 17.7178 -2.5686 70.4472 1.09189 -13 3 1 0 1
1.35101 -3.01115 38.2182 3.1603 -3.24302 80.1502 0.536591 -13 4 1 0 1
-0.256901 -0.648091 38.2182 7.85315 -5.4906 62.7946 0.690067 -13 5 1 0 1
0.816726 -1.21856 38.2182 4.63672 -0.130927 75.7078 -0.585442 -13 6 1 0 1
2.92899 -2.252 38.2182 15.2868 -3.26284 60.9628 -0.688629 -13 7 1 0 1
0.420663 1.33229 38.2182 11.6422 8.00531 49.1237 0.14546 -13 8 1 0 1
8.43319 3.72805 38.2182 25.124 9.3407 59.7517 1.31113 -13 9 1 0 1
4.8785 -0.0654979 38.2182 18.6093 3.00114 65.6644 0.888102 -13 10 1 0 1
7.7591 4.05597 38.2182 22.3683 9.04623 69.2195 -0.32426 -13 11 1 0 1
1.9651 -3.22188 38.2182 12.6468 -9.79454 60.9417 1.8861 -13 12 1 0 1
11.0334 4.57 38.2182 24.8358 5.18346 34.3245 -0.610012 -13 13 1 0 1
10.756 -4.22806 38.2182 30.0373 -4.57089 62.4118 -1.32366 -13 14 1 0 1
7.47706 -4.75208 38.2182 23.785 -10.1231 63.941 1.68216 -13 15 1 0 1
18.9769 -9.59639 38.2182 39.3173 -18.7591 44.5219 2.37681 -13 16 1 0 1
3.29542 4.40387 38.2182 14.7129 12.7031 63.2942 -0.455158 -13 17 1 0 1
1.17335 -5.43292 38.2182 12.1273 -12.7911 53.8174 1.61032 -13 18 1 0 1
1.97775 0.320461 38.2182 9.80774 3.24942 68.692 0.314906 -13 19 1 0 1
5.73367 -4.01929 38.2182 19.866 -7.93728 62.7678 3.15595 -13 20 1 0 1
2.66911 0.461763 38.2182 15.4179 6.1024 57.3282 -0.982294 -13 22 1 0 1
5.86002 6.26408 38.2182 21.4022 9.47302 45.0313 0.720579 -13 23 1 0 1
-0.465956 4.49219 38.2182 8.5017 9.35252 56.6487 0.900997 -13 24 1 0 1
7.21372 -1.6486 38.2182 21.7785 0.610939 68.4127 0.496896 -13 25 1 0 1
4.49175 2.38741 38.2182 17.0968 6.52823 67.101 0.0753282 -13 26 1 0 1
5.45587 -4.24492 38.2182 18.9569 -2.69625 65.363 1.66516 -13 27 1 0 1
8.69615 -4.22601 38.2182 24.7101 -10.2548 70.1021 0.464451 -13 28 1 0 1
3.60159 2.92402 38.2182 14.0244 11.0024 66.4079 1.22152 -13 30 1 0 1
5.78649 0.234741 38.2182 17.8635 3.35063 70.7366 -0.0686367 -13 31 1 0 1
2.41485 1.54889 38.2182 13.5331 3.95926 62.6973 -0.28109 -13 32 1 0 1
6.9709 -3.11999 38.2182 18.2225 -1.85008 27.0527 1.19957 -13 33 1 0 1
-0.574859 -1.62205 38.2182 4.87992 -0.690864 67.8923 -0.408697 -13 34 1 0 1
0.397513 -5.90347 38.2182 4.68511 -12.5088 73.8731 2.39048 -13 35 1 0 1
5.08384 -1.57475 38.2182 18.8204 1.89023 65.1282 -0.898929 -13 36 1 0 1
5.88219 -1.73455 38.2182 16.1086 -8.20625 78.9705 -1.25543 -13 37 1 0 1
3.93525 -1.75632 38.2182 16.7178 -5.95005 59.418 1.66416 -13 38 1 0 1
14.7695 1.2804 38.2182 21.2753 -1.1429 15.8351 -1.2944 -13 39 1 0 1
2.19818 4.31494 38.2182 12.5194 8.30502 52.636 0.979465 -13 40 1 0 1
9.54177 7.52273 38.2182 26.9873 14.0247 56.5682 0.0634764 -13 41 1 0 1
3.34672 3.92989 38.2182 13.0575 4.78386 68.0082 1.45658 -13 42 1 0 1
2.46356 -1.0648 38.2182 3.05353 -3.62609 79.8808 0.507057 -13 43 1 0 1
6.80017 1.75565 38.2182 23.2916 1.74837 53.6515 0.86229 -13 44 1 0 1
7.12411 -2.77406 38.2182 21.6151 -6.34541 65.5944 0.60443 -13 46 1 0 1
6.34338 7.053 38.2182 20.8614 9.78042 58.6571 1.13806 -13 47 1 0 1
2.07857 1.12467 38.2182 10.1191 8.84862 66.8065 0.898363 -13 48 1 0 1
6.45045 -4.12018 38.2182 20.1033 -18.9052 66.6602 -0.346659 -13 49 1 0 1
5.01228 -3.5424 38.2182 19.1246 -3.86962 41.6085 -0.426947 -13 50 1 0 1
4.11845 0.954121 38.2182 12.8382 -2.26219 72.6187 -0.101357 -13 51 1 0 1
3.36049 5.40599 38.2182 16.4507 12.1355 55.086 0.292946 -13 52 1 0 1
8.20262 3.09866 38.2182 26.1537 4.16521 52.2485 -2.13535 -13 53 1 0 1
6.85153 6.32142 38.2182 21.6885 7.67829 40.9024 0.24904 -13 54 1 0 1
3.3279 -2.28092 38.2182 11.9607 -8.1646 70.6547 1.09784 -13 55 1 0 1
13.026 2.41564 38.2182 33.6345 5.1264 54.3255 -0.763935 -13 56 1 0 1
5.13888 -4.72404 38.2182 19.5565 -7.66611 61.6579 -0.207967 -13 58 1 0 1
5.26518 -3.87066 38.2182 18.077 -9.42993 66.2477 2.15378 -13 59 1 0 1
8.82373 4.49673 38.2182 26.2863 12.4399 52.5233 0.467985 -13 60 1 0 1
2.63063 2.82893 38.2182 13.5938 8.9894 63.0376 -0.650142 -13 61 1 0 1
6.6439 -1.81768 38.2182 21.1641 0.371625 68.5322 -0.359876 -13 62 1 0 1
13.7331 2.24555 38.2182 26.5721 2.58597 29.5293 0.423536 -13 63 1 0 1
2.53572 -1.06642 38.2182 13.5974 -0.378742 59.9978 0.333358 -13 64 1 0 1
7.08993 1.05458 38.2182 22.9536 0.370184 62.9474 -1.25136 -13 65 1 0 1
3.50791 0.271194 38.2182 13.2502 -0.700138 71.1719 0.637258 -13 66 1 0 1
5.37262 -1.9485 38.2182 20.1706 -0.691969 59.6374 -0.481649 -13 67 1 0 1
6.18353 6.6858 38.2182 22.0808 9.74233 50.9992 -0.750281 -13 68 1 0 1
3.33455 -2.99027 38.2182 15.5415 -7.58612 62.4156 0.187762 -13 69 1 0 1
4.80711 -0.284108 38.2182 12.237 -10.5521 79.5439 0.410189 -13 70 1 0 1
0.815781 1.36051 38.2182 11.4131 -1.50293 61.0691 -1.26568 -13 71 1 0 1
9.60346 7.14215 38.2182 27.2754 11.3045 59.6397 1.31609 -13 72 1 0 1
5.31615 -0.484085 38.2182 16.0494 -6.57562 73.5483 -0.725276 -13 73 1 0 1
5.81048 4.81382 38.2182 20.6825 10.684 56.494 0.464831 -13 74 1 0 1
5.81743 2.7243 38.2182 17.0409 4.58118 74.093 -2.67292 -13 75 1 0 1
11.0016 1.07965 38.2182 25.0161 2.0939 75.805 -1.52821 -13 76 1 0 1
4.44594 5.10275 38.2182 17.6681 4.86871 56.7976 2.5896 -13 77 1 0 1
2.14592 -1.04791 38.2182 12.8478 -5.28446 60.132 -0.559197 -13 78 1 0 1
6.35126 0.229156 38.2182 20.9359 -0.370504 60.9583 1.64037 -13 79 1 0 1
5.864 -0.276095 38.2182 18.0432 2.98876 71.232 0.245937 -13 80 1 0 1
7.38443 0.759599 38.2182 21.6055 10.4969 67.6585 0.28006 -13 81 1 0 1
3.25631 -0.161379 38.2182 15.9862 2.01467 62.1537 1.42326 -13 82 1 0 1
4.3448 -2.62772 38.2182 16.4198 -2.54046 69.9646 0.225293 -13 83 1 0 1
-0.532474 -2.0313 38.2182 5.18387 -5.90557 64.8576 0.353582 -13 84 1 0 1
6.23162 1.20515 38.2182 19.316 1.09226 74.1836 1.34723 -13 85 1 0 1
6.0593 0.656554 38.2182 20.1384 -6.72207 66.3178 0.0300779 -13 86 1 0 1
4.79591 -3.01024 38.2182 19.9044 -7.41674 49.8585 1.07736 -13 87 1 0 1
3.14382 -2.60076 38.2182 13.288 -5.77296 68.1625 -0.189801 -13 88 1 0 1
6.53838 -3.54726 38.2182 21.3381 -4.00619 59.6105 -0.349472 -13 89 1 0 1
4.84743 1.70155 38.2182 18.3666 3.03263 64.458 0.0381165 -13 90 1 0 1
1.72561 -2.03868 38.2182 11.7857 -5.81624 65.6176 1.09581 -13 91 1 0 1
6.54375 1.29661 38.2182 23.0272 2.75811 52.0233 0.222695 -13 92 1 0 1
0.243115 0.465883 38.2182 9.57568 -2.20996 58.3864 1.0646 -13 93 1 0 1
4.82258 9.70698 38.2182 17.9756 18.4668 52.4026 -1.10198 -13 94 1 0 1
3.87124 -2.52746 38.2182 14.3903 -4.37707 69.6168 0.28683 -13 95 1 0 1
5.88226 2.25044 38.2182 20.0289 9.09392 58.7035 -1.57592 -13 96 1 0 1
2.17546 -3.78009 38.2182 14.5944 -1.81507 57.311 -0.802923 -13 97 1 0 1
3.03656 -2.45301 38.2182 13.5047 -1.21266 67.1635 0.664605 -13 98 1 0 1
7.44794 1.9864 38.2182 24.4554 4.21611 59.8475 0.740744 -13 99 1 0 1
7.38938 -3.1655 38.2182 23.1122 -2.06213 65.1205 -0.636752 -13 100 1 0 1
9.49386 0.464098 38.2182 27.2523 -1.72855 64.0322 -0.432856 -13 101 1 0 1
7.3521 2.09076 38.2182 22.499 4.01361 64.7035 0.151328 -13 102 1 0 1
10.5915 -3.04989 38.2182 29.3549 0.550062 56.0381 -2.19986 -13 103 1 0 1
4.57636 3.64006 38.2182 17.0578 4.92479 65.4314 -0.0682834 -13 104 1 0 1
5.01109 0.0961064 38.2182 19.8502 7.7479 59.1879 -1.21973 -13 105 1 0 1
0.517687 -0.15779 38.2182 8.95864 -0.261798 61.7747 0.514154 -13 106 1 0 1
5.95753 -2.05791 38.2182 18.8966 -5.64195 69.3251 -0.817203 -13 107 1 0 1
9.42132 1.08775 38.2182 27.784 7.97309 57.9671 -0.563333 -13 108 1 0 1
4.14029 0.49139 38.2182 16.393 2.32498 66.4902 1.2314 -13 109 1 0 1
3.45884 0.554124 38.2182 10.8603 2.6701 72.8927 -0.0285875 -13 110 1 0 1
4.46607 -4.30571 38.2182 12.8043 -6.29184 76.8784 -0.0680805 -13 111 1 0 1
10.4592 -0.109214 38.2182 27.4119 -3.28662 50.6078 -1.59455 -13 112 1 0 1
6.44051 2.59173 38.2182 22.3669 4.0775 53.5972 1.02546 -13 113 1 0 1
7.97888 -3.14934 38.2182 24.9402 -8.33217 59.2086 0.18101 -13 114 1 0 1
7.10769 3.52627 38.2182 22.7682 5.44731 46.2808 0.0937779 -13 115 1 0 1
2.71929 -1.43142 38.2182 9.84348 -4.13965 73.2033 0.741409 -13 116 1 0 1
6.8094 0.729511 38.2182 21.6692 3.74891 52.3363 -0.101354 -13 117 1 0 1
2.69385 4.37709 38.2182 15.4324 1.90789 48.1912 -0.170315 -13 118 1 0 1
5.05766 0.55922 38.2182 17.1455 3.82403 69.2373 0.732654 -13 119 1 0 1
3.44276 1.83592 38.2182 16.0492 4.95499 50.3711 0.0658555 -13 120 1 0 1
6.80528 -5.61572 38.2182 21.91 -6.74787 58.2334 1.76573 -13 121 1 0 1
3.3991 -2.64577 38.2182 10.439 -4.32857 77.5342 0.844059 -13 122 1 0 1
5.65266 -5.44083 38.2182 18.6479 -12.0102 68.9768 0.978611 -13 123 1 0 1
9.65457 0.00132387 38.2182 27.7976 1.38912 52.9689 0.538265 -13 124 1 0 1
-1.08448 -5.43666 38.2182 4.96678 -13.2847 62.5884 -1.29833 -13 125 1 0 1
4.96318 1.64091 38.2182 12.64 -2.96378 78.4067 1.16267 -13 126 1 0 1
6.98448 4.19111 38.2182 22.8866 5.62978 57.6692 -0.863795 -13 127 1 0 1
4.66284 0.44828 38.2182 17.8855 -3.87289 63.7271 0.551877 -13 128 1 0 1
11.2437 2.82894 38.2182 30.2983 6.70077 52.09 -0.231795 -13 129 1 0 1
7.58185 -3.79428 38.2182 23.4307 -2.39734 46.5751 0.840609 -13 130 1 0 1
6.46615 0.872898 38.2182 19.8819 2.17907 67.3061 -0.246997 -13 131 1 0 1
3.71029 2.98474 38.2182 12.7369 6.11 73.7059 1.50239 -13 132 1 0 1
5.58373 2.69492 38.2182 20.1582 4.07918 61.179 -1.11207 -13 133 1 0 1
9.01885 1.52438 38.2182 24.7943 3.25671 72.4572 0.608132 -13 134 1 0 1
6.70557 2.5538 38.2182 20.2516 0.976235 68.6829 1.05699 -13 135 1 0 1
11.5532 3.69153 38.2182 30.6578 3.70644 48.8252 0.275259 -13 136 1 0 1
2.06457 -1.24045 38.2182 12.3803 -4.58184 62.7592 1.71519 -13 137 1 0 1
3.23645 4.54855 38.2182 15.3124 10.5059 55.6975 0.513044 -13 140 1 0 1
5.45226 2.78018 38.2182 20.0595 9.37145 50.2262 0.101949 -13 141 1 0 1
10.9751 1.42681 38.2182 30.6288 7.62565 58.6894 2.12826 -13 142 1 0 1
1.49204 -1.32594 38.2182 8.37991 -4.8896 72.0498 -0.668475 -13 143 1 0 1
9.55431 -0.582423 38.2182 27.4945 -4.38866 68.1301 3.1025 -13 144 1 0 1
7.91447 -11.1278 38.2182 23.2043 -20.0528 50.3884 1.90746 -13 145 1 0 1
7.78179 -3.53528 38.2182 24.1067 -4.24124 63.087 0.412446 -13 146 1 0 1
3.11752 0.480592 38.2182 14.4317 1.08009 64.7789 -1.02351 -13 147 1 0 1
2.77316 -7.17963 38.2182 11.6356 -11.9922 69.9732 0.427438 -13 148 1 0 1
10.2176 3.57215 38.2182 27.4818 5.57238 51.0225 -0.306768 -13 149 1 0 1
8.89019 3.87801 38.2182 26.6173 10.6435 61.6733 0.00533367 -13 150 1 0 1
7.3875 -4.308 38.2182 23.102 -10.1519 53.1247 1.36983 -13 151 1 0 1
6.19517 -0.844811 38.2182 21.3596 -2.74053 62.1222 2.28437 -13 152 1 0 1
4.75271 0.00758519 38.2182 17.6255 -5.55463 66.3137 -0.335213 -13 153 1 0 1
3.00883 -3.56127 38.2182 7.55027 -10.4572 78.8164 -1.95128 -13 154 1 0 1
3.64865 0.707267 38.2182 14.4501 -0.684609 67.9185 -1.3133 -13 155 1 0 1
12.6355 -3.37311 38.2182 29.418 -2.82651 38.895 -0.379253 -13 156 1 0 1
2.63412 -1.07958 38.2182 13.689 0.735524 62.4345 0.033572 -13 157 1 0 1
6.42624 2.98752 38.2182 15.0056 3.04971 78.0275 1.44601 -13 158 1 0 1
3.20022 4.24623 38.2182 16.5333 5.89497 56.3012 -0.523488 -13 159 1 0 1
12.8723 -0.0428452 38.2182 33.3762 0.274313 55.9801 0.120189 -13 160 1 0 1
10.2779 2.476 38.2182 28.6178 0.657783 65.9294 1.6855 -13 161 1 0 1
0.701555 4.97916 38.2182 11.9502 7.54464 43.5095 -0.444608 -13 162 1 0 1
3.23651 1.7667 38.2182 12.6982 10.0598 70.1613 -1.59921 -13 163 1 0 1
7.77849 -0.00487664 38.2182 23.9643 -4.04962 63.4409 0.162508 -13 164 1 0 1
-4.4943 -1.06651 38.2182 4.56535 -4.08889 40.2205 2.22084 -13 165 1 0 1
-2.36644 -0.88233 38.2182 -1.66655 -2.80857 72.5693 -0.131683 -13 166 1 0 1
6.71203 5.11429 38.2182 22.4308 11.1948 58.8072 0.705101 -13 167 1 0 1
5.31897 2.45399 38.2182 11.4417 9.47315 78.0648 1.20203 -13 168 1 0 1
11.112 -1.87399 38.2182 29.5835 -6.1825 51.754 -0.168275 -13 169 1 0 1
2.05289 -2.89828 38.2182 10.2046 -8.75266 67.8242 -0.56885 -13 170 1 0 1
18.3668 -7.68347 38.2182 32.7094 -6.69342 30.3532 0.869931 -13 171 1 0 1
4.75241 3.20128 38.2182 19.1922 3.40126 55.3984 -0.290921 -13 172 1 0 1
5.80941 1.81791 38.2182 21.5238 2.72003 56.4125 0.240797 -13 173 1 0 1
7.54079 4.02335 38.2182 23.9286 2.82113 65.7755 0.340454 -13 174 1 0 1
1.43022 -1.7779 38.2182 13.7319 -6.62051 49.5208 -0.0854737 -13 176 1 0 1
13.143 -3.91504 38.2182 30.9844 -6.83362 43.2931 -0.269227 -13 177 1 0 1
4.94927 -2.26276 38.2182 19.4202 -1.86898 50.5403 -0.492183 -13 178 1 0 1
9.34527 -3.46263 38.2182 26.6535 -12.8586 65.0868 -0.657092 -13 179 1 0 1
8.89703 -4.33832 38.2182 25.6411 -7.06078 47.7614 1.6392 -13 180 1 0 1
5.21461 -2.26095 38.2182 19.0913 -4.0428 39.9571 -1.37801 -13 181 1 0 1
0.229288 -2.33415 38.2182 11.7338 -2.77047 43.6522 -0.82104 -13 182 1 0 1
10.1975 3.87345 38.2182 25.8157 10.6421 37.4339 0.116221 -13 183 1 0 1
-0.577876 -0.200793 38.2182 6.86714 -4.76952 59.2539 0.0929878 -13 184 1 0 1
4.70717 -1.88207 38.2182 19.089 -7.59578 59.0844 -0.696553 -13 185 1 0 1
9.65005 0.69913 38.2182 24.8553 3.13642 37.7276 -0.553558 -13 186 1 0 1
5.43262 -3.88057 38.2182 18.0992 -2.34204 70.9333 1.22596 -13 188 1 0 1
2.74187 -1.61628 38.2182 6.29145 -5.57678 79.7861 0.271023 -13 189 1 0 1
0.569795 2.30844 38.2182 10.4919 5.81984 61.0502 1.98694 -13 191 1 0 1
6.0079 -0.468136 38.2182 14.207 5.76824 78.9446 0.938813 -13 192 1 0 1
0.682513 -0.250897 38.2182 11.8643 -4.11488 43.2047 -0.958296 -13 193 1 0 1
5.74167 1.96016 38.2182 19.0121 8.61847 68.0322 -0.163007 -13 194 1 0 1
2.6285 0.110029 38.2182 14.0106 0.516219 60.0239 2.34371 -13 195 1 0 1
9.87016 1.15661 38.2182 21.9452 -4.38485 77.5557 2.66774 -13 196 1 0 1
-0.0915015 3.39781 38.2182 8.16011 7.00248 63.3797 -0.83835 -13 197 1 0 1
12.7375 0.45581 38.2182 30.2223 1.16432 42.0689 -0.501665 -13 198 1 0 1
-0.300144 10.3808 38.2182 8.83305 16.1179 58.1263 -1.52239 -13 199 1 0 1
0.126346 -1.76506 38.2182 9.60183 -0.972538 52.2177 0.741383 -13 200 1 0 1
1.10446 -2.68205 38.2182 7.24256 -9.79425 70.9783 0.40133 -13 201 1 0 1
2.2438 8.76711 38.2182 13.0278 15.3175 57.8558 -0.768143 -13 202 1 0 1
5.0013 1.70273 38.2182 18.7906 0.559881 60.6482 0.352865 -13 203 1 0 1
8.7045 -0.516041 38.2182 19.4279 -3.74374 24.1386 -1.57877 -13 204 1 0 1
5.05105 3.16335 38.2182 18.9988 0.975372 50.2925 1.49948 -13 205 1 0 1
-0.339622 1.34158 38.2182 -4.72203 1.65329 77.9484 0.28892 -13 206 1 0 1
0.157986 -3.84062 38.2182 9.43941 -8.28427 59.75 -0.990145 -13 207 1 0 1
-0.799831 3.14483 38.2182 3.12253 8.80668 71.0789 -0.204748 -13 208 1 0 1
4.5717 2.26388 38.2182 16.5099 4.01121 30.0682 0.124552 -13 209 1 0 1
13.4744 -1.622 38.2182 31.191 -0.873155 39.0002 -0.286792 -13 210 1 0 1
13.2468 4.90826 38.2182 28.7262 5.03211 36.2087 0.682978 -13 211 1 0 1
3.40656 6.4922 38.2182 10.9198 16.5671 72.9999 2.17752 -13 212 1 0 1
0.472859 4.64165 38.2182 9.87947 8.03255 61.1951 -1.24695 -13 213 1 0 1
5.15056 4.65049 38.2182 16.1064 8.92109 74.6453 1.12224 -13 214 1 0 1
5.35417 -1.56669 38.2182 16.645 -11.4067 70.9861 1.8342 -13 215 1 0 1
5.51601 0.647483 38.2182 17.6721 2.01515 68.953 1.2373 -13 216 1 0 1
18.5079 0.679118 38.2182 34.6695 4.25138 32.8526 -0.837451 -13 217 1 0 1
5.35147 -2.94186 38.2182 18.5387 -7.30638 66.5002 0.270065 -13 218 1 0 1
4.91836 -1.01799 38.2182 14.8936 -2.5242 77.1872 0.153722 -13 219 1 0 1
5.93465 1.99684 38.2182 18.7912 1.29626 70.6019 2.49979 -13 220 1 0 1
8.01232 1.49524 38.2182 26.1938 0.332251 50.6612 1.08744 -13 221 1 0 1
3.13509 4.03182 38.2182 11.8897 11.2605 71.9302 -0.667538 -13 222 1 0 1
0.960553 -4.603 38.2182 9.3618 -6.33101 63.5362 1.13421 -13 223 1 0 1
2.00674 -4.16983 38.2182 12.2879 -7.86459 63.7626 -0.334246 -13 224 1 0 1
6.64261 5.06146 38.2182 22.1904 11.63 52.5627 -0.153073 -13 226 1 0 1
4.72314 -2.51275 38.2182 18.6164 -6.94287 62.3744 0.165355 -13 227 1 0 1
6.37019 0.568561 38.2182 16.2809 0.750651 77.0488 -1.77052 -13 228 1 0 1
4.74442 2.49618 38.2182 14.4735 1.20562 72.4489 0.38812 -13 229 1 0 1
5.42957 -7.84529 38.2182 18.2921 -13.082 44.4169 -0.219376 -13 230 1 0 1
12.9576 4.53798 38.2182 33.2863 14.7224 57.7083 1.3876 -13 231 1 0 1
8.51967 3.53289 38.2182 25.718 6.75568 58.3774 1.00217 -13 232 1 0 1
0.719676 0.336008 38.2182 8.1738 -0.924681 66.7946 -1.32627 -13 233 1 0 1
39.8048 -1.87905 38.2182 49.0291 14.94 19.0842 -0.352935 -13 234 1 0 1
9.69119 -0.0745365 38.2182 27.0507 -5.49393 70.5889 0.432221 -13 235 1 0 1
1.53638 -1.18086 38.2182 10.8201 -7.6835 65.8532 1.42053 -13 236 1 0 1
11.3337 -6.10629 38.2182 29.4734 -8.57681 47.2511 0.941347 -13 237 1 0 1
2.7382 0.141088 38.2182 13.4552 -0.337756 62.4444 0.240272 -13 238 1 0 1
1.82953 -1.64848 38.2182 8.6255 1.93944 71.8922 1.42427 -13 239 1 0 1
8.82855 6.43682 38.2182 25.2787 11.1382 44.241 -0.210431 -13 240 1 0 1
11.4498 1.85831 38.2182 24.8191 2.96906 29.7296 0.924564 -13 241 1 0 1
3.36977 1.8721 38.2182 16.2597 -0.525559 58.3893 1.98865 -13 242 1 0 1
8.93271 -3.28577 38.2182 26.6236 -4.11635 64.8694 0.0516329 -13 243 1 0 1
8.21138 0.95732 38.2182 22.8528 2.27183 73.5004 0.833569 -13 244 1 0 1
8.64075 1.55387 38.2182 24.9383 11.2417 68.158 -0.528283 -13 245 1 0 1
4.31433 0.371537 38.2182 15.052 7.03105 69.8195 -0.0334006 -13 246 1 0 1
6.0659 -3.04913 38.2182 20.8017 -2.57835 59.0059 -0.152058 -13 247 1 0 1
4.21977 -2.3694 38.2182 16.0322 -5.08008 67.296 0.84322 -13 248 1 0 1
13.5517 4.71677 38.2182 33.7047 3.70091 53.5502 -0.751517 -13 249 1 0 1
8.04801 -3.68244 38.2182 23.8168 -9.4362 65.4126 -1.3214 -13 250 1 0 1
10.5857 9.59954 38.2182 29.34 12.5786 56.1788 -0.831493 -13 251 1 0 1
8.70667 1.4263 38.2182 27.0765 0.653282 59.2449 0.458388 -13 252 1 0 1
6.60708 2.87586 38.2182 19.5069 11.7849 70.0653 -1.17729 -13 253 1 0 1
7.53113 3.31797 38.2182 23.6619 7.67459 50.6207 -0.302112 -13 254 1 0 1
5.36281 -1.25822 38.2182 15.2877 1.60371 77.1989 0.124027 -13 255 1 0 1
4.67572 -0.62832 38.2182 19.202 -0.404677 51.6631 -0.748038 -13 256 1 0 1
1.48244 -8.632 38.2182 12.6329 -14.2373 38.9073 -0.0395516 -13 257 1 0 1
6.00749 -0.0557692 38.2182 20.3464 -2.51729 61.1582 0.31216 -13 258 1 0 1
4.38171 -0.431973 38.2182 19.3724 -5.03447 54.3147 -0.985491 -13 259 1 0 1
5.94634 2.11 38.2182 19.3542 0.680181 71.3015 -0.118241 -13 260 1 0 1
3.57201 3.12255 38.2182 15.5742 6.01058 59.5731 -0.940453 -13 261 1 0 1
3.66514 1.36925 38.2182 16.7445 4.65013 61.9153 2.29442 -13 262 1 0 1
9.03988 -5.16903 38.2182 26.4862 -11.0189 58.1712 -1.28262 -13 263 1 0 1
2.23828 1.95012 38.2182 14.4032 3.50895 47.5031 -0.00742908 -13 264 1 0 1
10.2707 2.89529 38.2182 29.0275 8.67074 57.5587 0.90044 -13 265 1 0 1
6.89498 1.64603 38.2182 21.7474 -0.102067 68.4534 0.77653 -13 266 1 0 1
2.32076 2.02477 38.2182 12.5706 -1.09973 63.3628 -0.106666 -13 267 1 0 1
6.29815 0.0894768 38.2182 19.8621 3.04409 40.5597 -0.874692 -13 268 1 0 1
3.94863 3.13853 38.2182 10.9207 1.0361 78.3438 0.659609 -13 269 1 0 1
2.75718 -0.398718 38.2182 14.0718 -6.09609 63.7429 1.45359 -13 270 1 0 1
7.70155 -0.517948 38.2182 21.2992 -6.84304 76.293 -0.644163 -13 271 1 0 1
5.54736 -3.85838 38.2182 19.645 -10.0203 60.5542 1.78692 -13 272 1 0 1
-1.14101 2.99582 38.2182 7.84519 4.76842 57.9261 3.00969 -13 273 1 0 1
7.49525 -0.839522 38.2182 23.6209 2.92207 65.1995 -1.83997 -13 274 1 0 1
11.1854 0.131177 38.2182 29.8195 -2.69141 53.7137 -0.0880326 -13 275 1 0 1
10.7502 1.88756 38.2182 30.7575 2.13463 51.8835 1.38987 -13 277 1 0 1
-1.57492 1.84114 38.2182 4.7948 4.02989 63.4005 1.75447 -13 278 1 0 1
1.24561 0.837824 38.2182 8.41955 -6.56069 70.0276 -2.28258 -13 279 1 0 1
8.139 3.12916 38.2182 24.8976 4.26416 58.8456 0.440544 -13 280 1 0 1
5.52109 -3.40825 38.2182 17.9415 -4.56863 65.505 -1.10148 -13 281 1 0 1
5.02927 5.97452 38.2182 18.4062 13.5807 46.4987 -0.615865 -13 282 1 0 1
10.3095 -5.57327 38.2182 27.2512 -9.5244 44.4742 -1.38092 -13 283 1 0 1
4.39579 6.5818 38.2182 18.3986 7.09985 53.2451 -0.148373 -13 284 1 0 1
-0.908297 2.63222 38.2182 5.16125 9.07244 64.8579 -0.30315 -13 285 1 0 1
1.82359 -7.0396 38.2182 10.2306 -5.37324 70.1219 -1.26827 -13 286 1 0 1
4.71751 1.95689 38.2182 18.8831 -0.712149 52.3308 -1.40615 -13 287 1 0 1
6.72461 11.6875 38.2182 15.9581 35.421 69.8273 -0.0855458 -13 288 1 0 1
5.02236 4.00321 38.2182 14.3732 11.4703 77.3364 0.640899 -13 289 1 0 1
16.5847 1.62643 38.2182 32.4797 1.06122 34.1587 0.414859 -13 290 1 0 1
6.44015 -2.79961 38.2182 17.8042 -10.4269 74.1448 0.63002 -13 291 1 0 1
4.40133 2.24663 38.2182 14.5645 8.27715 72.5579 -0.0867447 -13 292 1 0 1
-2.21007 3.30128 38.2182 5.16467 12.8924 54.6478 2.25635 -13 293 1 0 1
12.6875 3.2238 38.2182 33.0205 15.9064 63.809 1.7885 -13 294 1 0 1
5.87292 -0.222024 38.2182 20.3592 -1.61242 64.8753 0.268515 -13 295 1 0 1
-0.565882 2.22714 38.2182 7.80439 4.40168 61.2876 -0.0852904 -13 296 1 0 1
9.67795 -0.0158385 38.2182 27.1912 -2.34218 49.2583 2.74949 -13 297 1 0 1
3.82675 3.06853 38.2182 14.6984 2.81948 66.7595 -1.67964 -13 298 1 0 1
-1.09469 3.02734 38.2182 7.83781 11.9218 50.2509 2.94431 -13 299 1 0 1
-2.33028 23.2948 38.2182 6.55561 14.9096 20.5672 1.52749 -13 300 1 0 1
1.18904 -0.127759 38.2182 10.9037 -4.77801 64.1739 -0.585988 -13 301 1 0 1
0.52251 -1.14698 38.2182 8.22554 1.88817 65.4701 0.417417 -13 302 1 0 1
2.79927 -1.58043 38.2182 13.7869 1.70989 62.6378 0.192009 -13 303 1 0 1
5.00119 4.05454 38.2182 17.3743 13.7135 63.6903 0.717806 -13 304 1 0 1
-1.06512 4.83978 38.2182 8.94257 10.0771 49.1531 1.40204 -13 305 1 0 1
5.19516 -0.822295 38.2182 18.8457 -5.68365 65.5014 -0.8618 -13 306 1 0 1
5.65487 -4.65391 38.2182 17.743 -19.1326 66.1074 -1.11747 -13 307 1 0 1
4.96195 -4.32888 38.2182 15.5836 -10.9503 72.5137 0.257104 -13 308 1 0 1
3.47199 3.02858 38.2182 14.2186 7.69735 66.226 -0.681309 -13 309 1 0 1
9.50936 -1.27044 38.2182 26.0802 -2.75374 68.4466 -0.219204 -13 310 1 0 1
9.88726 -4.98455 38.2182 22.664 -0.460929 32.8076 -1.3968 -13 311 1 0 1
2.10195 1.05006 38.2182 9.56352 5.02366 72.3225 0.00627745 -13 312 1 0 1
4.1234 4.79898 38.2182 14.1254 10.9046 71.8613 1.10313 -13 313 1 0 1
9.16613 0.723943 38.2182 25.5496 2.33347 65.6937 -0.420193 -13 314 1 0 1
6.61369 -3.17676 38.2182 22.3523 -1.85279 58.5475 -1.28271 -13 315 1 0 1
7.32234 -8.76011 38.2182 22.7171 -16.6519 48.145 -1.04283 -13 316 1 0 1
3.67298 -5.21835 38.2182 15.3021 -13.444 62.2508 0.926858 -13 317 1 0 1
4.44627 -1.21379 38.2182 16.2042 0.278925 68.1113 -1.25146 -13 318 1 0 1
5.11189 1.29267 38.2182 16.1624 9.86587 69.2181 2.17545 -13 319 1 0 1
9.53288 1.14991 38.2182 27.3547 2.91984 67.7167 0.755646 -13 320 1 0 1
8.03233 -0.135799 38.2182 24.0296 -1.70371 53.4661 -1.48519 -13 321 1 0 1
5.44026 0.656213 38.2182 9.95631 4.12946 79.4899 2.00917 -13 322 1 0 1
9.13214 -5.73084 38.2182 25.1622 -6.67569 72.3144 0.378259 -13 323 1 0 1
6.212 2.94824 38.2182 21.177 7.1295 63.4157 -0.519253 -13 324 1 0 1
6.94453 1.06377 38.2182 21.2116 1.01153 70.5268 0.137617 -13 325 1 0 1
-1.5974 4.42482 38.2182 3.67666 8.14895 62.6888 0.104776 -13 326 1 0 1
-0.629015 -8.66082 38.2182 8.29403 -18.7847 51.4299 0.354639 -13 327 1 0 1
0.511652 1.82391 38.2182 9.80071 -5.75264 60.1941 -1.36882 -13 328 1 0 1
5.82581 3.08422 38.2182 19.4655 10.3942 67.3357 1.23931 -13 329 1 0 1
8.84041 -2.91638 38.2182 24.3044 -3.23019 73.8317 -0.6966 -13 330 1 0 1
5.44483 5.66382 38.2182 17.3724 5.72885 71.2335 -1.42981 -13 331 1 0 1
2.69483 -2.07214 38.2182 13.8573 -0.158417 34.3676 -1.0873 -13 332 1 0 1
8.35357 2.45013 38.2182 24.0856 6.20658 44.7065 4.21517 -13 333 1 0 1
1.14431 -2.59805 38.2182 10.3593 -4.85952 66.6092 0.466456 -13 334 1 0 1
7.51915 -2.43382 38.2182 24.2715 -6.73781 63.3182 0.476034 -13 335 1 0 1
9.53481 -4.80605 38.2182 26.2582 -10.1946 66.5373 -0.524851 -13 336 1 0 1
20.4171 -1.16987 38.2182 45.8936 -1.87922 47.9736 -2.27154 -13 337 1 0 1
9.04037 0.808251 38.2182 26.0419 -4.07187 50.5294 1.02277 -13 338 1 0 1
5.48593 -4.59866 38.2182 19.5767 -7.08587 49.5955 0.496599 -13 339 1 0 1
5.2823 1.47253 38.2182 18.4131 6.06957 67.9146 0.336203 -13 340 1 0 1
8.32918 2.35436 38.2182 23.6682 0.45163 74.9584 0.0865539 -13 341 1 0 1
3.51619 1.40233 38.2182 11.5563 6.78276 73.5918 0.743533 -13 342 1 0 1
6.09408 -1.11977 38.2182 21.0153 -8.13746 60.2641 -0.236463 -13 343 1 0 1
9.44816 -1.87451 38.2182 25.8899 1.57993 44.9936 -0.180413 -13 344 1 0 1
4.50092 -0.343915 38.2182 16.9042 2.3348 67.806 -0.723176 -13 345 1 0 1
-2.12517 0.24233 38.2182 1.53641 0.238126 67.7486 0.699599 -13 346 1 0 1
3.74287 0.624887 38.2182 15.3145 1.80129 68.0782 -0.716428 -13 347 1 0 1
4.67219 -1.68081 38.2182 19.3967 3.27106 53.2786 -0.385634 -13 348 1 0 1
9.8055 -0.813072 38.2182 27.1971 -3.84098 51.8001 0.973476 -13 349 1 0 1
6.83233 -2.89691 38.2182 22.2449 -5.56135 62.425 0.898946 -13 350 1 0 1
4.15194 2.69715 38.2182 14.8491 4.11749 70.2446 -1.42958 -13 352 1 0 1
3.39309 2.66343 38.2182 14.9534 4.09505 65.8061 -0.115338 -13 353 1 0 1
4.28776 6.48597 38.2182 17.1184 9.1349 53.8956 0.514465 -13 354 1 0 1
3.67455 1.28932 38.2182 11.4651 4.71068 74.1588 -0.359157 -13 355 1 0 1
8.78351 -1.75096 38.2182 26.3187 0.5334 55.4188 0.399266 -13 356 1 0 1
6.12188 -1.54478 38.2182 19.8728 -0.499666 41.526 0.135092 -13 357 1 0 1
10.9979 1.69274 38.2182 28.42 6.96851 45.926 0.726061 -13 358 1 0 1
7.88419 -1.92534 38.2182 25.3368 1.55066 58.6411 0.573885 -13 359 1 0 1
3.5233 -2.31938 38.2182 11.9452 -5.56727 75.3307 -0.498074 -13 360 1 0 1
7.92796 -0.777591 38.2182 21.2993 1.88674 75.2052 -0.0137478 -13 361 1 0 1
1.46938 0.849472 38.2182 10.303 -2.4429 66.4998 -2.67262 -13 362 1 0 1
5.18647 0.542247 38.2182 15.6015 5.1548 74.7182 -0.195821 -13 363 1 0 1
5.36086 -5.01655 38.2182 17.5278 -9.08227 62.3155 0.360912 -13 364 1 0 1
4.99801 1.87469 38.2182 19.5559 6.2473 47.8619 -1.78478 -13 365 1 0 1
11.4746 -0.294777 38.2182 28.377 -1.19626 38.9503 2.36856 -13 366 1 0 1
11.8317 0.997764 38.2182 27.8111 -2.01207 35.0485 1.44197 -13 367 1 0 1
4.54894 0.93183 38.2182 17.9593 4.64025 64.5505 0.662701 -13 368 1 0 1
3.01522 -0.752419 38.2182 15.188 1.78336 59.7412 -0.979273 -13 369 1 0 1
0.326552 0.700487 38.2182 4.15083 0.455602 73.7185 0.969693 -13 370 1 0 1
5.28117 -0.305935 38.2182 19.9064 1.7005 64.5839 2.50512 -13 371 1 0 1
6.23506 0.590143 38.2182 22.5372 -5.34493 53.5465 0.928064 -13 372 1 0 1
1.54699 -2.77934 38.2182 10.4843 -8.76012 65.4009 0.80859 -13 373 1 0 1
3.4481 -1.66823 38.2182 10.6315 -1.83153 76.8076 0.740859 -13 374 1 0 1
0.293557 2.12365 38.2182 0.311853 9.39871 79.7349 -1.28873 -13 375 1 0 1
1.87024 -5.17638 38.2182 9.38597 -12.7028 69.4732 0.586179 -13 376 1 0 1
11.6401 -1.35293 38.2182 30.8103 -7.3657 73.2842 1.30675 -13 377 1 0 1
8.16244 3.08975 38.2182 23.9765 -0.11342 45.6803 2.3092 -13 378 1 0 1
0.855522 -6.4415 38.2182 7.66083 -19.9881 66.749 0.760156 -13 379 1 0 1
4.42846 -8.4864 38.2182 18.1083 -17.7733 44.8764 -0.613039 -13 380 1 0 1
7.45951 -1.47301 38.2182 23.8471 2.41601 56.579 1.28342 -13 381 1 0 1
8.77371 -4.127 38.2182 25.1654 -10.7526 68.8101 -0.213683 -13 382 1 0 1
-1.37383 6.03289 38.2182 6.98256 10.1031 52.6589 1.44594 -13 383 1 0 1
10.0565 2.74246 38.2182 29.0836 1.99107 53.0691 -1.21462 -13 384 1 0 1
3.47424 0.841157 38.2182 14.7778 -2.99236 67.1263 1.89502 -13 385 1 0 1
5.02288 2.17971 38.2182 17.7133 3.7255 68.5209 2.05218 -13 386 1 0 1
2.03518 -0.0360745 38.2182 8.99928 -2.77347 72.3867 0.242143 -13 387 1 0 1
1.09059 -0.947973 38.2182 11.9288 -0.474653 51.4862 -0.631554 -13 388 1 0 1
11.6204 -1.10892 38.2182 32.1903 0.137856 56.1595 1.17115 -13 389 1 0 1
4.73552 0.537414 38.2182 19.7192 -0.509428 62.2981 0.873257 -13 390 1 0 1
11.7571 0.598279 38.2182 30.119 -0.188302 45.2851 -0.0960825 -13 391 1 0 1
0.169293 2.05098 38.2182 9.99221 -1.41352 55.9854 0.333267 -13 392 1 0 1
5.68474 6.51832 38.2182 19.3518 11.6228 59.4835 -0.679111 -13 394 1 0 1
3.81995 3.34877 38.2182 12.5435 14.1305 74.2357 -1.53613 -13 395 1 0 1
11.1029 2.79873 38.2182 30.228 1.69755 57.3262 -0.0152654 -13 396 1 0 1
6.77518 -3.52361 38.2182 22.0184 -5.07852 57.3939 1.396 -13 397 1 0 1
7.40593 -0.0332216 38.2182 23.112 -1.76582 63.7052 0.992125 -13 398 1 0 1
6.23542 -4.55178 38.2182 19.047 -8.16135 70.6404 2.16725 -13 399 1 0 1
6.9763 -2.13659 38.2182 22.8937 3.98506 62.0208 0.102431 -13 400 1 0 1
8.63214 0.0596256 38.2182 24.8813 1.60715 68.5698 -0.0985911 -13 401 1 0 1
4.502 -2.3919 38.2182 18.9921 -6.85266 56.5334 -0.165347 -13 402 1 0 1
4.64664 -8.51995 38.2182 16.1238 -26.4427 66.6661 0.357018 -13 403 1 0 1
6.22556 -1.46501 38.2182 20.8302 -8.20748 64.1875 1.34125 -13 404 1 0 1
6.17456 -0.391303 38.2182 20.754 -1.90975 38.7019 -2.39347 -13 405 1 0 1
5.40987 -1.13289 38.2182 19.2375 -7.74159 59.3203 -0.450051 -13 406 1 0 1
7.0128 -2.99708 38.2182 23.2495 -4.05135 64.7405 1.41101 -13 407 1 0 1
11.9817 3.71126 38.2182 31.5504 8.42041 50.4562 1.94966 -13 408 1 0 1
7.31992 4.92739 38.2182 23.4932 9.79071 59.6398 0.456846 -13 409 1 0 1
4.29412 -1.79375 38.2182 13.3132 -4.74848 76.3758 -2.45228 -13 410 1 0 1
2.18604 7.79948 38.2182 14.4934 7.53533 46.4511 0.678808 -13 411 1 0 1
3.048 -6.28541 38.2182 12.8664 -15.475 65.5076 1.39034 -13 412 1 0 1
3.70116 3.33347 38.2182 10.2964 6.19602 78.9236 0.208812 -13 413 1 0 1
-0.418826 -2.04167 38.2182 8.8785 -2.57281 60.6151 1.11737 -13 414 1 0 1
9.53093 1.96832 38.2182 27.2616 5.62208 53.0712 0.482101 -13 415 1 0 1
16.4429 1.40004 38.2182 21.8402 2.44352 15.2821 5.20103 -13 416 1 0 1
8.23944 -8.89352 38.2182 22.2468 -11.0378 40.2641 0.0187217 -13 417 1 0 1
3.36989 0.211238 38.2182 13.4039 -2.85713 69.5556 1.59726 -13 418 1 0 1
8.91063 -0.858515 38.2182 26.5863 -1.36726 59.7426 0.644057 -13 419 1 0 1
2.30896 3.51228 38.2182 11.7508 5.91084 26.1534 1.56764 -13 420 1 0 1
5.52575 -2.20083 38.2182 17.3238 -10.1418 72.3181 -0.31492 -13 421 1 0 1
8.24723 9.22822 38.2182 24.2065 22.093 60.4986 0.529317 -13 422 1 0 1
-2.85311 -7.14405 38.2182 5.44449 -7.54357 48.1415 -0.0914312 -13 423 1 0 1
14.0369 6.53824 38.2182 32.9652 5.77223 39.4635 0.788881 -13 424 1 0 1
1.46277 -0.0320022 38.2182 11.2264 1.90923 63.8761 0.0651303 -13 425 1 0 1
5.27906 -0.902405 38.2182 15.2129 2.7073 73.8596 -1.30024 -13 426 1 0 1
8.70215 -4.99889 38.2182 25.3688 -6.89124 59.1637 -0.397504 -13 427 1 0 1
5.66657 2.79096 38.2182 19.3596 11.8407 64.1447 0.509107 -13 428 1 0 1
10.7311 -2.728 38.2182 30.044 -7.74997 51.5517 0.0278877 -13 429 1 0 1
0.436986 4.41301 38.2182 4.4025 12.519 72.166 -1.58701 -13 430 1 0 1
6.89219 -1.95747 38.2182 19.1965 -6.29587 74.2125 2.01425 -13 431 1 0 1
6.90842 1.63046 38.2182 22.0352 7.62451 65.238 2.06949 -13 432 1 0 1
5.91217 -2.53 38.2182 18.4842 -12.5844 68.4285 1.49909 -13 433 1 0 1
8.08004 1.98865 38.2182 25.0975 9.99053 55.2923 0.245803 -13 434 1 0 1
15.2662 2.43871 38.2182 36.0245 2.96236 50.049 1.20037 -13 435 1 0 1
5.30536 -0.931294 38.2182 18.3829 -0.783836 66.4125 -2.19713 -13 437 1 0 1
2.12341 0.532308 38.2182 14.9655 1.76502 54.6293 2.07107 -13 438 1 0 1
4.75735 -5.18093 38.2182 17.2283 -8.6402 61.6561 -1.00949 -13 439 1 0 1
8.09643 2.17676 38.2182 24.7228 6.23937 57.4867 0.337789 -13 440 1 0 1
2.98193 0.622729 38.2182 11.435 1.02766 72.1232 1.47228 -13 441 1 0 1
1.99399 -3.63638 38.2182 11.8172 -2.25244 65.7375 -0.0274141 -13 442 1 0 1
5.59339 -1.0508 38.2182 20.589 3.90381 57.0334 1.15072 -13 443 1 0 1
11.4112 -0.151022 38.2182 31.0606 1.72432 64.4383 1.09352 -13 444 1 0 1
8.59931 1.48074 38.2182 25.1991 -2.73259 65.983 0.179336 -13 445 1 0 1
3.74442 -5.89334 38.2182 14.469 -9.0319 69.2197 -1.44894 -13 446 1 0 1
8.88244 2.22742 38.2182 26.3815 5.44635 53.3173 -0.3241 -13 447 1 0 1
3.89018 2.22643 38.2182 14.7677 8.9717 69.4941 -1.89605 -13 448 1 0 1
2.99119 1.16473 38.2182 15.1266 0.386173 52.1002 -0.0773845 -13 449 1 0 1
9.33376 3.87392 38.2182 17.6371 5.396 20.6115 0.173882 -13 450 1 0 1
8.52231 2.44348 38.2182 21.6812 1.82043 78.2482 0.184157 -13 451 1 0 1
3.48097 -1.1159 38.2182 15.1932 -4.3033 67.1162 1.19881 -13 452 1 0 1
5.96512 -1.2564 38.2182 22.002 -1.4785 57.2802 -0.223599 -13 453 1 0 1
3.33545 2.49704 38.2182 17.744 3.35913 51.4402 1.46049 -13 454 1 0 1
8.23845 0.0994699 38.2182 25.2718 -3.21782 51.832 0.307372 -13 455 1 0 1
9.61305 4.70778 38.2182 27.5722 12.2169 59.4037 -0.520702 -13 456 1 0 1
8.02655 -2.86028 38.2182 25.7471 -1.45631 52.9072 0.91445 -13 457 1 0 1
10.2427 -9.7753 38.2182 26.8458 -16.9683 48.7176 -0.976742 -13 458 1 0 1
9.11343 4.66194 38.2182 26.2784 7.1272 70.8285 1.78771 -13 459 1 0 1
4.43968 1.47714 38.2182 16.0006 6.29271 65.0027 -0.0518807 -13 460 1 0 1
1.79838 2.08807 38.2182 11.3956 8.19863 66.4284 0.454547 -13 461 1 0 1
6.13461 1.36794 38.2182 21.438 4.20955 62.4124 -0.178471 -13 462 1 0 1
6.04424 -0.761198 38.2182 19.7816 -1.1585 67.434 1.58351 -13 463 1 0 1
9.22486 6.72844 38.2182 26.3521 15.3396 56.5935 -0.0318634 -13 464 1 0 1
-2.60585 3.58304 38.2182 5.55696 5.07595 42.6465 -0.711825 -13 465 1 0 1
6.78506 2.96012 38.2182 21.7686 7.72076 54.3714 0.451893 -13 466 1 0 1
9.137 -0.989283 38.2182 22.841 0.700563 30.0898 0.0373286 -13 467 1 0 1
4.86695 1.42963 38.2182 19.7047 -2.52298 54.5933 -0.716866 -13 468 1 0 1
3.21903 6.80546 38.2182 15.6001 12.2531 51.0803 0.575743 -13 469 1 0 1
7.42476 -4.39201 38.2182 22.9887 -7.07163 62.4036 -0.34492 -13 470 1 0 1
5.56158 3.69231 38.2182 20.1365 5.53724 48.0426 1.32547 -13 471 1 0 1
3.79671 -9.5871 38.2182 15.1907 -13.1878 36.02 1.36196 -13 472 1 0 1
4.33097 0.810574 38.2182 19.0024 0.981513 53.3951 -0.48911 -13 473 1 0 1
8.48966 -2.55638 38.2182 26.3729 -5.49806 57.3588 -0.493078 -13 474 1 0 1
6.14858 1.40201 38.2182 19.86 6.44417 70.357 1.69047 -13 475 1 0 1
2.20711 4.31748 38.2182 12.7448 11.4955 62.5442 0.11559 -13 476 1 0 1
6.21889 7.21565 38.2182 21.5536 13.0148 64.4435 -1.16114 -13 477 1 0 1
3.71028 -3.49528 38.2182 14.9954 -6.20172 61.3585 -1.66062 -13 478 1 0 1
7.47559 0.105333 38.2182 22.2448 -2.21772 45.379 -0.47757 -13 479 1 0 1
8.51416 2.11068 38.2182 25.0299 6.24959 50.6835 0.4517 -13 480 1 0 1
7.53867 -0.922214 38.2182 21.356 -1.04807 33.3483 0.751378 -13 481 1 0 1
3.86762 6.21058 38.2182 17.2958 6.44851 45.2984 0.537636 -13 482 1 0 1
0.665187 5.17954 38.2182 6.66704 10.8106 69.8674 0.917436 -13 483 1 0 1
2.30839 1.41322 38.2182 10.9722 1.10231 68.2271 -1.13661 -13 484 1 0 1
0.135634 -3.26578 38.2182 9.19401 -9.80563 59.5696 1.98533 -13 485 1 0 1
5.89477 -6.24474 38.2182 20.0802 -17.0575 55.656 2.89095 -13 486 1 0 1
9.34004 2.60887 38.2182 26.621 2.91204 65.4517 0.277342 -13 487 1 0 1
-1.3462 -2.39089 38.2182 5.06996 -5.75459 63.6957 -0.758526 -13 488 1 0 1
5.59363 -0.449662 38.2182 19.234 6.20392 42.0476 1.49573 -13 489 1 0 1
3.63118 -4.30279 38.2182 15.6228 -14.0301 62.0824 -1.67258 -13 490 1 0 1
6.34013 1.80363 38.2182 20.1591 -1.26649 68.5231 1.00237 -13 491 1 0 1
4.73219 1.22211 38.2182 18.1677 7.48107 59.2409 1.32617 -13 492 1 0 1
2.1562 0.105787 38.2182 14.2503 -0.315396 59.7638 1.16549 -13 493 1 0 1
6.47496 -0.627339 38.2182 19.8485 -3.84741 37.2008 0.259901 -13 494 1 0 1
5.31045 6.72406 38.2182 18.7632 3.96164 33.5264 -2.50163 -13 495 1 0 1
5.81715 -6.71296 38.2182 19.0524 -10.7205 42.2506 0.441678 -13 496 1 0 1
5.51341 -0.425231 38.2182 19.1251 -0.212106 62.5835 0.416956 -13 497 1 0 1
4.01161 4.23154 38.2182 15.1954 10.9814 67.6653 -0.28092 -13 498 1 0 1
4.77926 2.37597 38.2182 18.6082 0.837641 50.9658 -0.679732 -13 499 1 0 1
14.8889 0.537775 38.2182 33.8837 -2.57406 42.1759 -0.962274 -13 500 1 0 1
7.01052 2.67703 38.2182 18.445 4.16453 78.1259 -0.153391 -13 501 1 0 1
0.154812 5.31602 38.2182 6.16759 8.71917 68.4005 -1.02855 -13 502 1 0 1
6.00006 -7.29245 38.2182 19.9582 -11.6298 67.2627 -1.47997 -13 503 1 0 1
5.35747 2.062 38.2182 18.1699 6.98598 64.2473 0.438412 -13 504 1 0 1
12.8569 0.531312 38.2182 33.105 0.960417 48.8121 -0.973602 -13 505 1 0 1
3.24738 -0.271403 38.2182 7.9544 -3.47969 79.2295 1.40648 -13 506 1 0 1
10.5988 6.84504 38.2182 26.5455 12.6856 43.781 0.614528 -13 507 1 0 1
7.58076 -4.03592 38.2182 24.3453 -6.13606 60.1923 1.11328 -13 508 1 0 1
9.7795 -3.95399 38.2182 27.3068 -8.87803 68.8877 0.154285 -13 509 1 0 1
0.694832 3.66382 38.2182 10.4771 7.24444 61.4588 1.28745 -13 510 1 0 1
-0.512663 -1.44338 38.2182 3.05122 -0.460734 73.1876 2.18311 -13 511 1 0 1
2.6769 2.71936 38.2182 14.0984 6.22969 58.1871 -0.272574 -13 512 1 0 1
7.44575 -0.0260286 38.2182 23.1546 2.54856 48.3765 1.2625 -13 513 1 0 1
3.40392 0.0549877 38.2182 15.7054 0.60185 55.231 -3.34904 -13 514 1 0 1
0.815423 -1.35134 38.2182 7.53448 -2.1272 67.5445 -1.32294 -13 515 1 0 1
4.78015 0.130148 38.2182 18.5307 5.75457 55.6952 -1.81447 -13 516 1 0 1
5.72412 -1.65649 38.2182 18.2205 -8.45339 70.4362 -1.00014 -13 517 1 0 1
3.94583 -0.29811 38.2182 16.6029 1.19209 64.4495 0.936318 -13 518 1 0 1
2.59505 1.20204 38.2182 6.24917 1.12069 79.0073 0.0395622 -13 519 1 0 1
4.95819 -1.39159 38.2182 19.5582 -7.1344 58.7954 2.6459 -13 520 1 0 1
2.79955 -5.23897 38.2182 12.163 -10.6117 69.5349 -1.35791 -13 521 1 0 1
6.9462 2.21404 38.2182 17.414 5.20357 78.6607 1.0246 -13 522 1 0 1
2.17474 4.80359 38.2182 10.4627 8.78021 70.0661 0.979758 -13 523 1 0 1
2.4343 -4.91096 38.2182 13.9788 -2.80376 60.6095 0.842651 -13 524 1 0 1
8.17561 8.77006 38.2182 22.6841 12.0905 38.2833 0.799653 -13 525 1 0 1
1.55797 -2.09096 38.2182 7.03746 0.380877 73.2287 0.151156 -13 526 1 0 1
6.2466 3.37766 38.2182 21.5328 7.80342 58.4701 1.14093 -13 527 1 0 1
7.34388 0.582257 38.2182 23.7562 1.46351 57.7462 2.79117 -13 528 1 0 1
10.2422 -3.45069 38.2182 28.3847 -14.674 65.9454 0.912264 -13 529 1 0 1
5.89521 2.30851 38.2182 20.4597 5.31513 65.1864 -0.49466 -13 530 1 0 1
3.06173 0.614608 38.2182 15.9357 2.72179 57.9276 1.10523 -13 531 1 0 1
0.927676 1.87513 38.2182 12.2249 6.65851 56.0727 1.75979 -13 532 1 0 1
4.2682 -8.24348 38.2182 14.8562 -10.3244 34.1294 3.41254 -13 533 1 0 1
8.69371 -0.98776 38.2182 25.7247 -0.624489 66.5436 1.08169 -13 534 1 0 1
7.17164 1.41007 38.2182 21.6466 11.6069 67.3134 -2.72051 -13 535 1 0 1
8.79182 -2.2822 38.2182 25.6891 -0.49681 51.1127 -0.791009 -13 536 1 0 1
8.35006 4.63143 38.2182 26.6193 7.96231 57.9066 0.224391 -13 538 1 0 1
3.1069 -0.986278 38.2182 11.9799 -8.22536 70.33 1.12512 -13 539 1 0 1
9.53046 -3.11189 38.2182 25.7038 -6.51625 73.8367 1.48855 -13 540 1 0 1
7.02776 3.00939 38.2182 21.2637 10.7581 69.2214 1.05635 -13 541 1 0 1
6.84565 1.32612 38.2182 21.8818 5.63789 65.1736 0.121081 -13 542 1 0 1
8.11338 -0.137471 38.2182 25.4582 -4.80621 63.3228 -0.407847 -13 543 1 0 1
6.23444 0.625206 38.2182 21.3102 0.28354 61.5716 0.535412 -13 544 1 0 1
3.58091 -8.66663 38.2182 12.5498 -24.3164 68.4708 1.25249 -13 545 1 0 1
9.01041 -8.69379 38.2182 23.2632 -12.5438 39.8481 0.620873 -13 546 1 0 1
2.8663 5.52388 38.2182 14.5353 12.0739 50.9633 -0.588877 -13 547 1 0 1
6.28699 1.53125 38.2182 20.7668 8.28919 59.2761 2.37588 -13 548 1 0 1
6.57413 -2.18933 38.2182 22.173 -0.0435227 54.923 2.67989 -13 549 1 0 1
-0.556256 4.40613 38.2182 3.86526 13.316 69.0035 -2.39253 -13 550 1 0 1
7.36581 -8.67218 38.2182 19.7662 -7.58486 34.0916 1.36892 -13 551 1 0 1
3.87388 -2.36844 38.2182 17.383 -6.61629 59.976 0.333775 -13 553 1 0 1
-0.234895 -0.290858 38.2182 5.65825 -3.1838 66.7589 -0.90721 -13 554 1 0 1
9.80705 2.78414 38.2182 26.3204 7.26234 70.1157 1.34809 -13 555 1 0 1
3.54442 5.47983 38.2182 15.7105 10.397 56.1874 0.602932 -13 556 1 0 1
7.5244 0.705255 38.2182 23.9464 -0.00858915 58.2874 2.54238 -13 557 1 0 1
2.38161 -0.883974 38.2182 12.7626 -4.72965 62.6426 -2.50219 -13 558 1 0 1
3.22827 0.651118 38.2182 16.7133 1.63988 49.5075 -1.318 -13 560 1 0 1
1.27743 2.88185 38.2182 7.6611 3.50259 70.5419 1.20005 -13 562 1 0 1
3.51604 8.46764 38.2182 13.7423 8.14824 24.3489 -1.52645 -13 563 1 0 1
8.50813 0.468365 38.2182 24.5026 -2.54974 67.485 -0.233327 -13 564 1 0 1
4.65655 -5.22782 38.2182 19.1373 -9.0065 56.1157 1.37138 -13 565 1 0 1
2.78983 0.180982 38.2182 9.63513 -1.2484 74.6437 0.836636 -13 566 1 0 1
6.88999 -0.172247 38.2182 22.783 0.674413 55.0066 0.301327 -13 567 1 0 1
2.90008 2.07353 38.2182 11.9968 7.33887 71.2619 0.276205 -13 568 1 0 1
5.15653 -2.49841 38.2182 18.6843 -6.42087 60.9335 1.89833 -13 569 1 0 1
3.71646 -5.87467 38.2182 17.0036 -8.76529 52.0495 -2.29847 -13 570 1 0 1
5.61764 3.41904 38.2182 16.391 6.26546 28.2864 -0.0311935 -13 571 1 0 1
6.70127 -1.58065 38.2182 19.7691 -8.13337 73.6546 -0.0469247 -13 572 1 0 1
1.04953 1.39195 38.2182 8.32392 -2.45683 69.3302 2.0401 -13 573 1 0 1
3.01215 8.00726 38.2182 13.9671 21.1763 58.8288 -0.860407 -13 574 1 0 1
5.05894 -0.603265 38.2182 17.0626 -1.39127 68.8791 0.281056 -13 575 1 0 1
4.87382 3.67108 38.2182 17.5499 1.96642 68.4174 -0.796429 -13 576 1 0 1
6.41642 -3.21686 38.2182 21.0153 -0.48979 64.1391 -1.87267 -13 577 1 0 1
2.76193 5.21856 38.2182 10.3747 14.3876 72.4226 2.03842 -13 578 1 0 1
9.08981 -5.29677 38.2182 27.5254 -11.9653 57.4206 -0.138729 -13 579 1 0 1
0.928668 2.0531 38.2182 7.82717 9.38651 67.898 1.57207 -13 580 1 0 1
8.97545 1.82872 38.2182 26.8767 1.10946 57.7884 0.181441 -13 581 1 0 1
10.5281 -4.04694 38.2182 27.3746 -3.94887 43.8688 0.116004 -13 582 1 0 1
7.19022 0.448502 38.2182 22.0438 -1.03897 68.7246 -0.341179 -13 583 1 0 1
6.83831 1.36874 38.2182 21.4926 -1.67988 62.2836 -0.654857 -13 584 1 0 1
5.99605 -2.22813 38.2182 19.3846 -8.70112 63.7043 -1.94998 -13 585 1 0 1
8.46538 -1.97396 38.2182 24.5952 -7.55955 68.2505 2.28393 -13 586 1 0 1
2.18063 5.47844 38.2182 7.83771 19.0775 72.9911 0.461601 -13 587 1 0 1
7.4395 -2.19265 38.2182 23.4231 -1.28807 63.8851 -2.01893 -13 588 1 0 1
3.89762 1.48713 38.2182 14.288 1.72621 69.1764 -1.14477 -13 589 1 0 1
1.94121 -2.99846 38.2182 8.00491 -12.9131 74.9585 -0.768244 -13 590 1 0 1
2.7372 -1.12997 38.2182 7.81363 0.841682 78.6979 2.6793 -13 591 1 0 1
3.97082 -0.139802 38.2182 15.3233 -2.54765 70.8256 -2.51321 -13 592 1 0 1
4.62138 2.38526 38.2182 18.4345 -0.811902 62.5921 2.04792 -13 593 1 0 1
1.26377 -0.489219 38.2182 9.03121 -4.31055 64.6037 0.343663 -13 594 1 0 1
6.91881 -3.08526 38.2182 22.1761 -3.33565 62.6195 0.69152 -13 595 1 0 1
1.20552 -0.595298 38.2182 1.15507 -2.48947 79.796 0.0250547 -13 597 1 0 1
7.0756 -3.40814 38.2182 17.2479 -11.3279 78.8636 -1.61203 -13 598 1 0 1
1.51004 3.5479 38.2182 13.1384 7.34772 49.9868 -1.45313 -13 599 1 0 1
5.546 -4.85912 38.2182 20.4139 -9.47665 49.3285 0.682161 -13 600 1 0 1
9.46671 0.148656 38.2182 27.0892 -0.148066 55.3432 1.30982 -13 601 1 0 1
3.29356 -2.56001 38.2182 15.2396 -5.14263 63.4107 0.752189 -13 602 1 0 1
-0.889918 -1.12988 38.2182 3.33065 -1.88491 69.9011 -1.15149 -13 603 1 0 1
7.97651 -1.78811 38.2182 24.642 -4.95044 42.4982 0.305288 -13 604 1 0 1
2.93557 -8.67813 38.2182 14.0976 -15.9429 58.8397 0.183968 -13 605 1 0 1
9.77541 0.23339 38.2182 27.4699 0.440153 63.1053 2.7496 -13 606 1 0 1
10.3356 3.64801 38.2182 26.9462 15.2649 72.0423 -0.629695 -13 607 1 0 1
0.0112749 -1.20257 38.2182 3.14336 4.5013 74.6248 0.274022 -13 609 1 0 1
3.46903 -0.853758 38.2182 14.2375 6.4978 67.5209 -1.54476 -13 610 1 0 1
4.31051 0.048811 38.2182 18.0972 -4.18977 55.0732 1.05049 -13 611 1 0 1
13.0824 0.357488 38.2182 32.3586 4.23281 48.521 -2.07946 -13 612 1 0 1
11.1829 -2.93584 38.2182 25.1543 -3.33157 34.3072 1.53175 -13 613 1 0 1
6.80383 1.68593 38.2182 23.0486 -0.541747 62.6264 -0.164667 -13 614 1 0 1
1.6179 -0.887852 38.2182 8.33102 -8.56882 74.1005 0.948357 -13 615 1 0 1
8.5106 1.03944 38.2182 23.4715 6.03226 75.8782 -0.0799058 -13 616 1 0 1
6.04619 -2.35705 38.2182 20.4158 -2.86435 61.8581 -0.549944 -13 617 1 0 1
4.56337 9.96998 38.2182 16.7218 22.2771 55.3129 -0.874382 -13 618 1 0 1
12.234 5.74552 38.2182 29.7964 12.481 43.3609 0.893996 -13 619 1 0 1
5.40543 1.38028 38.2182 14.8143 3.02328 77.464 -2.07452 -13 620 1 0 1
5.45038 -4.87092 38.2182 19.8081 -4.80593 58.2213 0.832732 -13 621 1 0 1
11.6736 -12.2469 38.2182 29.7785 -19.7934 51.4683 0.526224 -13 622 1 0 1
2.63644 -1.7182 38.2182 14.623 1.44437 59.7627 -0.143938 -13 623 1 0 1
7.70835 2.07035 38.2182 25.1039 1.83949 61.8984 -0.144474 -13 624 1 0 1
1.03558 8.95371 38.2182 10.8834 12.8933 55.1346 -0.682292 -13 625 1 0 1
6.80383 0.654094 38.2182 20.5879 -1.85082 69.7772 2.59945 -13 626 1 0 1
3.27184 0.322364 38.2182 9.88801 9.23773 76.8171 0.717582 -13 627 1 0 1
5.80869 3.3498 38.2182 19.1618 10.4114 70.6299 0.291616 -13 628 1 0 1
5.17487 4.58443 38.2182 19.6317 13.1909 64.4582 0.34453 -13 629 1 0 1
0.758546 2.66026 38.2182 8.91643 9.09347 64.7062 0.812894 -13 630 1 0 1
3.03348 -2.32355 38.2182 15.9762 -4.11753 58.5247 -0.495509 -13 631 1 0 1
5.28288 -4.41277 38.2182 18.0386 -9.24751 65.8809 -1.35575 -13 632 1 0 1
16.9175 3.31691 38.2182 39.106 4.77695 44.7063 -0.623095 -13 633 1 0 1
0.0271872 8.91926 38.2182 7.60474 19.7551 60.4671 0.0371788 -13 634 1 0 1
13.3372 0.0936526 38.2182 32.4861 2.04708 43.9608 0.382267 -13 635 1 0 1
2.51958 2.50215 38.2182 9.75926 11.9234 73.2162 -1.95941 -13 636 1 0 1
9.46801 0.900594 38.2182 26.4258 -0.133721 68.7283 0.245392 -13 637 1 0 1
6.80658 -5.02766 38.2182 19.2923 -6.16026 32.6358 0.233482 -13 638 1 0 1
8.3881 -4.06593 38.2182 24.9392 -9.04713 62.5453 -1.80193 -13 639 1 0 1
10.3154 2.83063 38.2182 24.0243 3.64622 34.6642 -1.9528 -13 640 1 0 1
10.2741 -4.5805 38.2182 28.5791 -11.4887 56.6529 -1.1512 -13 641 1 0 1
4.67542 -5.50853 38.2182 18.6305 -8.35184 56.2495 0.126517 -13 642 1 0 1
3.47861 -5.59757 38.2182 12.7458 -14.4044 70.6394 -0.231767 -13 643 1 0 1
5.29263 -4.41342 38.2182 19.2444 -10.5772 51.606 2.40774 -13 644 1 0 1
7.25964 -5.09385 38.2182 23.2866 -8.90356 53.4937 1.17009 -13 645 1 0 1
1.77709 0.794943 38.2182 7.36681 1.16266 74.1265 1.49129 -13 646 1 0 1
0.296935 -1.37691 38.2182 0.140944 -0.765686 79.1205 -1.35957 -13 647 1 0 1
6.19395 -20.204 38.2182 13.4648 -17.6638 17.7652 2.36778 -13 648 1 0 1
6.34183 -1.92109 38.2182 21.35 -3.08606 65.7246 0.0293357 -13 649 1 0 1
5.22336 -3.5481 38.2182 16.0039 -5.76331 72.9124 1.09193 -13 650 1 0 1
6.31049 1.83328 38.2182 20.1412 3.46732 66.2399 0.628359 -13 651 1 0 1
3.73306 -4.04079 38.2182 14.6864 -10.8283 65.0369 1.1333 -13 652 1 0 1
5.48382 -3.41741 38.2182 18.1376 -5.09069 66.9521 0.755152 -13 653 1 0 1
4.44449 -12.1848 38.2182 15.9484 -14.1106 28.2414 -0.178515 -13 654 1 0 1
4.8974 -2.97002 38.2182 17.4885 -6.19409 36.5138 0.330606 -13 655 1 0 1
0.410965 4.40032 38.2182 6.85133 14.5432 65.6512 0.0129749 -13 656 1 0 1
0.747238 -3.77367 38.2182 8.59691 -3.69814 61.262 0.735412 -13 657 1 0 1
4.72213 2.00976 38.2182 12.2334 2.23038 17.3456 0.781552 -13 658 1 0 1
1.77835 -6.70627 38.2182 8.66407 -11.012 68.8819 2.34485 -13 659 1 0 1
6.34363 -2.85735 38.2182 20.3023 -5.20108 64.4788 -1.3831 -13 660 1 0 1
4.87186 0.212012 38.2182 13.4098 -6.32897 76.2148 1.74379 -13 661 1 0 1
3.98521 3.32648 38.2182 16.9715 7.09985 57.8499 -0.146386 -13 662 1 0 1
8.28807 0.208496 38.2182 25.3376 2.83689 53.6408 0.571688 -13 663 1 0 1
5.03896 -3.4986 38.2182 15.7944 -6.87196 69.9357 1.84845 -13 664 1 0 1
5.28926 -1.84405 38.2182 15.5138 -7.43394 75.9251 0.4135 -13 665 1 0 1
3.33355 4.53126 38.2182 15.5352 12.3192 61.5114 1.09563 -13 666 1 0 1
2.86236 -0.609477 38.2182 13.9422 -0.0356106 61.3505 -2.03894 -13 667 1 0 1
4.03117 -2.79951 38.2182 15.6024 -5.50078 38.2635 0.873479 -13 668 1 0 1
5.6135 -5.42127 38.2182 19.9448 -12.236 65.5272 1.49832 -13 669 1 0 1
3.90361 -5.28702 38.2182 13.4336 -11.925 71.7582 0.140086 -13 670 1 0 1
10.9559 -1.52569 38.2182 30.8997 -2.81955 57.2025 0.60678 -13 671 1 0 1
9.98963 6.79 38.2182 26.1994 12.3704 51.4262 1.69161 -13 672 1 0 1
7.88845 4.86858 38.2182 24.9751 7.72764 57.4301 0.456898 -13 673 1 0 1
11.5037 2.01998 38.2182 29.9305 4.61941 56.7249 0.980033 -13 674 1 0 1
4.05452 -4.43859 38.2182 16.5864 -12.2691 61.8374 3.28915 -13 675 1 0 1
9.77652 3.17846 38.2182 25.5142 8.05013 44.3634 -0.0302669 -13 676 1 0 1
11.7682 -0.262137 38.2182 31.0519 -2.4125 61.2393 1.12831 -13 677 1 0 1
5.88648 1.60288 38.2182 18.7926 12.9386 69.829 1.66353 -13 678 1 0 1
1.99753 4.89155 38.2182 10.1996 12.7358 67.7584 0.124742 -13 679 1 0 1
5.0503 2.48486 38.2182 20.6756 2.05486 54.5141 -0.76197 -13 680 1 0 1
5.08608 1.20218 38.2182 16.5546 -5.81452 72.5107 -3.11987 -13 681 1 0 1
8.99295 -1.44152 38.2182 23.4282 -9.19549 35.3639 0.152301 -13 682 1 0 1
13.9524 -0.198116 38.2182 34.4857 5.89451 53.3341 2.17938 -13 683 1 0 1
5.49215 -4.48663 38.2182 19.4824 -8.72669 59.6551 -0.0846456 -13 684 1 0 1
15.9351 -2.45257 38.2182 39.1388 -9.53965 58.9636 -1.53587 -13 685 1 0 1
7.74468 1.63381 38.2182 23.9685 4.54207 67.4275 0.537715 -13 686 1 0 1
5.0691 2.32079 38.2182 19.1808 6.68783 47.6879 1.82746 -13 687 1 0 1
2.96894 3.51629 38.2182 13.2597 4.45932 66.3887 0.0944344 -13 688 1 0 1
4.3346 -1.0255 38.2182 18.1656 -0.884001 39.7092 -0.262185 -13 689 1 0 1
9.47269 -3.94532 38.2182 27.777 -11.2689 55.5477 1.13614 -13 690 1 0 1
6.66459 1.017 38.2182 21.1333 -1.92862 62.8341 -1.82352 -13 691 1 0 1
2.56802 -0.00772252 38.2182 12.8129 -5.67028 62.1236 -0.817154 -13 692 1 0 1
5.36561 2.70652 38.2182 18.535 -3.08213 48.9349 1.9724 -13 693 1 0 1
6.06655 -4.28618 38.2182 20.1933 -4.68713 63.1493 2.50079 -13 694 1 0 1
6.8662 2.33954 38.2182 22.7416 5.45631 62.1342 0.487956 -13 696 1 0 1
3.85288 -0.514377 38.2182 12.6213 1.56058 71.3768 0.661759 -13 697 1 0 1
11.3078 -4.70116 38.2182 28.0982 -4.94732 38.1316 -0.539884 -13 699 1 0 1
5.80166 -2.22032 38.2182 17.8842 -5.2592 71.5252 1.52882 -13 700 1 0 1
7.50845 4.01069 38.2182 23.3599 13.5502 65.9124 1.47971 -13 701 1 0 1
8.28876 -0.168296 38.2182 22.8681 0.405741 41.1001 1.49055 -13 702 1 0 1
3.0305 2.77123 38.2182 7.30263 5.05574 79.7415 -2.09026 -13 703 1 0 1
11.2836 2.42941 38.2182 31.0234 8.17562 50.2774 -0.313918 -13 704 1 0 1
4.94992 0.649728 38.2182 19.2836 -1.01624 52.5046 1.566 -13 705 1 0 1
3.86935 -3.66345 38.2182 18.3996 -6.70553 53.1153 -1.44903 -13 706 1 0 1
5.28667 -0.53868 38.2182 17.1814 6.10746 71.1301 3.45577 -13 707 1 0 1
0.33147 -1.72008 38.2182 9.5002 -3.6175 60.6663 0.651899 -13 708 1 0 1
6.87994 2.66129 38.2182 22.7542 2.97615 63.8193 0.224616 -13 709 1 0 1
5.97441 0.638998 38.2182 20.8722 -2.63955 43.575 -0.805985 -13 710 1 0 1
7.02219 1.98605 38.2182 21.9401 0.0275727 48.7256 -0.168154 -13 711 1 0 1
3.6166 -2.85907 38.2182 13.7453 -5.83466 68.7827 1.52788 -13 712 1 0 1
5.30889 -2.60071 38.2182 12.6253 -10.9409 79.4388 0.141385 -13 713 1 0 1
5.43726 -0.136457 38.2182 19.6922 -4.33765 48.2538 1.81244 -13 714 1 0 1
5.30737 0.936759 38.2182 17.2174 5.46467 70.3583 -0.935484 -13 715 1 0 1
6.46333 6.94392 38.2182 21.2842 12.1832 46.012 1.38756 -13 716 1 0 1
2.94651 -0.89999 38.2182 15.8582 -3.03362 52.0056 1.94347 -13 717 1 0 1
2.93024 1.45905 38.2182 11.0342 0.563608 72.7144 1.07965 -13 718 1 0 1
7.37914 0.816629 38.2182 22.4404 5.90906 69.5035 0.0435143 -13 719 1 0 1
2.59388 0.913318 38.2182 12.6172 2.34538 65.7392 2.22624 -13 720 1 0 1
9.00018 -4.00059 38.2182 25.7154 -9.27371 67.8681 0.0577752 -13 721 1 0 1
6.75951 -5.79709 38.2182 21.6892 -12.5263 51.4735 -1.37225 -13 722 1 0 1
4.0989 -3.92089 38.2182 16.2006 -4.60539 60.755 -1.05934 -13 723 1 0 1
6.38352 5.12062 38.2182 19.4146 10.4883 70.4474 2.14602 -13 724 1 0 1
4.92025 6.15232 38.2182 18.7892 9.81805 54.9246 -0.125897 -13 725 1 0 1
12.4012 -5.61879 38.2182 31.3688 -11.1929 46.8492 -0.812853 -13 726 1 0 1
10.1744 1.42825 38.2182 25.59 3.11042 40.0366 2.11329 -13 727 1 0 1
11.3956 11.7428 38.2182 25.2938 19.1934 35.6644 -0.136397 -13 728 1 0 1
7.08243 -2.08756 38.2182 19.6485 -4.08 75.4037 -1.68543 -13 729 1 0 1
3.00083 -4.87575 38.2182 16.5301 -4.04578 40.2768 -0.0419406 -13 730 1 0 1
3.5339 -2.18345 38.2182 13.4992 -3.11795 70.8664 -1.10183 -13 731 1 0 1
2.92346 4.25669 38.2182 13.1161 7.21078 69.4498 2.14944 -13 732 1 0 1
1.25167 0.169059 38.2182 13.3968 -2.64484 47.3622 -0.263008 -13 733 1 0 1
6.69127 0.56298 38.2182 21.4057 -10.6833 68.3055 2.3929 -13 734 1 0 1
18.8917 6.31461 38.2182 35.2428 7.09484 33.666 -0.97634 -13 735 1 0 1
7.85804 3.92788 38.2182 22.9377 6.51394 43.8078 -0.0390195 -13 736 1 0 1
4.20867 4.21019 38.2182 17.561 7.92487 62.2278 2.20819 -13 737 1 0 1
9.06533 -1.45693 38.2182 26.2593 -0.0597496 53.9648 1.68539 -13 738 1 0 1
7.08758 -2.20256 38.2182 22.9051 -1.22912 56.4896 -0.997001 -13 739 1 0 1
3.17644 1.44007 38.2182 11.2305 2.98612 73.4343 0.913203 -13 740 1 0 1
20.6766 -4.4279 38.2182 25.7842 -3.44831 15.9086 2.00633 -13 741 1 0 1
-4.62194 -0.64373 38.2182 1.96811 1.02889 50.4501 -2.08013 -13 742 1 0 1
8.3994 -4.03293 38.2182 25.5164 -7.08723 68.9395 1.46932 -13 743 1 0 1
4.36368 4.10931 38.2182 18.2442 4.92622 53.9151 0.413174 -13 744 1 0 1
10.2485 4.76602 38.2182 27.4731 10.2247 68.1805 2.09577 -13 745 1 0 1
6.07559 1.51465 38.2182 20.0148 3.88364 66.9159 -1.67982 -13 746 1 0 1
4.87261 -0.537518 38.2182 17.3773 -0.665227 66.9192 0.316446 -13 747 1 0 1
1.78205 -0.0195336 38.2182 14.4975 1.8077 50.6476 -1.66412 -13 748 1 0 1
8.82811 -2.70149 38.2182 24.7907 -7.42022 69.5701 1.26457 -13 749 1 0 1
1.12576 4.85191 38.2182 11.3172 1.84823 61.9348 0.851438 -13 750 1 0 1
5.02468 4.49912 38.2182 19.2985 11.0061 51.8257 0.164783 -13 751 1 0 1
4.24012 3.03934 38.2182 16.3092 11.5119 66.7402 -0.348599 -13 752 1 0 1
2.68713 2.15518 38.2182 13.9097 0.535084 64.0911 -0.898703 -13 753 1 0 1
0.774065 -0.713846 38.2182 7.3579 0.658353 71.01 0.44554 -13 754 1 0 1
6.2572 1.65738 38.2182 18.3299 2.42479 74.5121 -1.29747 -13 755 1 0 1
7.83809 2.39254 38.2182 23.592 10.8001 64.6322 -0.89802 -13 756 1 0 1
11.7145 -3.63274 38.2182 30.4107 -4.87246 45.8241 -0.9557 -13 757 1 0 1
3.36071 0.6171 38.2182 16.7243 -3.88955 55.8844 0.498056 -13 758 1 0 1
10.1302 -4.29512 38.2182 27.907 -11.0643 56.8996 1.29647 -13 759 1 0 1
5.07339 -0.996606 38.2182 19.2531 -2.82913 53.2587 0.345701 -13 760 1 0 1
6.07662 -6.48131 38.2182 20.3782 -11.0971 56.6245 0.836535 -13 761 1 0 1
1.16933 1.20766 38.2182 12.0044 4.86037 41.0542 -0.809172 -13 762 1 0 1
11.9917 0.931928 38.2182 31.092 6.37188 53.5687 1.41989 -13 763 1 0 1
5.06241 -0.147797 38.2182 17.3072 1.01658 69.1075 -2.45801 -13 764 1 0 1
3.83386 -0.871035 38.2182 17.2395 -3.45021 64.3331 -0.417142 -13 765 1 0 1
12.7395 3.27173 38.2182 25.8759 4.45441 27.9992 -0.991261 -13 766 1 0 1
7.6464 0.419147 38.2182 24.1351 -0.601656 55.4984 -0.300808 -13 767 1 0 1
9.90227 -9.11927 38.2182 27.9491 -20.5565 60.6281 0.767205 -13 768 1 0 1
4.37912 2.2173 38.2182 17.27 -0.000670765 37.6721 0.286075 -13 769 1 0 1
0.435308 2.06904 38.2182 6.45425 -5.67041 71.6487 -0.91522 -13 770 1 0 1
8.29378 -6.19494 38.2182 23.0383 -10.917 38.5607 -0.523173 -13 771 1 0 1
0.0347664 -0.996629 38.2182 9.08596 -4.30667 55.672 -0.0368978 -13 772 1 0 1
9.1377 -1.12049 38.2182 24.7035 -1.69557 74.0488 0.644224 -13 773 1 0 1
1.17602 -2.21274 38.2182 11.8817 -1.97235 59.6227 1.08002 -13 774 1 0 1
12.5231 -0.664457 38.2182 32.8531 -4.22438 53.0039 0.0743893 -13 775 1 0 1
3.21704 3.77353 38.2182 16.0031 8.33118 54.6825 2.66631 -13 776 1 0 1
2.65354 -2.9728 38.2182 11.8422 -9.72682 67.8932 0.101249 -13 777 1 0 1
5.13671 4.33292 38.2182 18.6296 11.6257 44.5986 2.73945 -13 778 1 0 1
2.56461 -3.40353 38.2182 12.1537 -8.0879 68.9702 1.81751 -13 779 1 0 1
6.55848 1.44549 38.2182 23.0529 4.15298 64.5739 -0.770869 -13 780 1 0 1
4.68951 -0.236203 38.2182 17.47 -3.83226 65.5316 0.0211223 -13 781 1 0 1
2.10985 -2.05251 38.2182 11.9958 -4.4754 63.9457 0.641074 -13 782 1 0 1
9.75034 -2.05312 38.2182 28.0601 -2.41499 54.1578 1.1263 -13 783 1 0 1
0.831836 -7.74076 38.2182 8.6201 -21.8883 64.8103 -0.738522 -13 784 1 0 1
3.41836 0.134723 38.2182 9.35596 -8.66589 78.7592 -0.0763511 -13 785 1 0 1
-2.98585 4.78572 38.2182 6.47075 4.12758 32.9675 0.470953 -13 786 1 0 1
9.1656 0.55115 38.2182 24.7805 -1.4715 42.6756 -0.873488 -13 787 1 0 1
-1.03616 0.205694 38.2182 5.39613 -1.59539 63.63 -0.800945 -13 788 1 0 1
12.2471 0.116396 38.2182 33.4396 -5.19792 64.5119 0.574559 -13 789 1 0 1
6.37094 -0.487655 38.2182 20.6544 -6.16111 57.8746 2.14712 -13 790 1 0 1
8.0869 -1.65771 38.2182 24.8617 -8.45101 65.45 -1.28684 -13 791 1 0 1
2.09344 0.947593 38.2182 11.8099 3.13098 66.9499 2.32187 -13 792 1 0 1
8.45892 -0.0222972 38.2182 24.752 -2.98147 49.3136 1.92975 -13 793 1 0 1
4.29927 -4.99246 38.2182 16.4281 -9.18685 67.6291 0.418473 -13 794 1 0 1
3.17031 -4.0325 38.2182 15.095 -9.64984 56.7697 -2.27159 -13 795 1 0 1
3.93586 2.44751 38.2182 18.2723 4.17471 58.9453 0.03071 -13 796 1 0 1
2.6752 -0.646696 38.2182 15.2864 -5.54992 47.5519 -0.683732 -13 797 1 0 1
6.49076 6.15918 38.2182 18.4921 17.3642 72.5993 2.12883 -13 798 1 0 1
6.45607 3.47516 38.2182 21.53 6.39817 61.5533 1.04486 -13 799 1 0 1
-0.836923 3.2641 38.2182 6.49342 10.9709 61.117 1.32708 -13 800 1 0 1
8.17498 2.35467 38.2182 25.8324 -0.944284 65.0594 2.3636 -13 801 1 0 1
5.98899 -0.584332 38.2182 19.9852 -4.93579 65.307 -1.15067 -13 802 1 0 1
7.30958 -1.2022 38.2182 20.4737 4.29718 74.2215 -1.55776 -13 803 1 0 1
14.2227 -0.282453 38.2182 32.3797 0.443818 41.41 -0.334518 -13 804 1 0 1
5.19645 3.42591 38.2182 16.1075 5.06999 30.2838 -0.228763 -13 805 1 0 1
1.61496 2.83763 38.2182 12.4235 4.17678 54.3785 1.1319 -13 806 1 0 1
3.43035 -5.83402 38.2182 15.2133 -11.018 66.2213 0.52308 -13 807 1 0 1
1.79427 4.06984 38.2182 14.7754 6.86563 37.5506 1.54801 -13 808 1 0 1
0.641495 -1.11739 38.2182 8.88203 -2.8832 65.7215 -0.424459 -13 809 1 0 1
5.64615 -1.07669 38.2182 16.4109 -5.96936 76.2335 -0.547431 -13 810 1 0 1
6.45551 0.554219 38.2182 21.5978 4.06897 68.0603 -0.0819097 -13 811 1 0 1
0.290161 -6.2123 38.2182 10.9795 -7.77112 43.7949 2.09853 -13 812 1 0 1
12.5166 2.64799 38.2182 32.4411 7.98272 49.7863 0.910574 -13 813 1 0 1
3.77382 -1.98189 38.2182 16.1929 -0.0885667 61.9496 0.84335 -13 814 1 0 1
7.73432 2.04148 38.2182 24.1331 4.87826 52.3869 -1.91769 -13 815 1 0 1
6.03394 -1.2393 38.2182 16.5781 -3.13127 76.5398 1.61408 -13 816 1 0 1
-0.329157 0.0747354 38.2182 10.7863 -0.11956 34.8153 -1.502 -13 817 1 0 1
9.62753 -0.0658345 38.2182 26.8874 -2.40123 45.0701 0.0364665 -13 820 1 0 1
3.32417 -1.1928 38.2182 16.4298 2.00515 52.1376 -1.61177 -13 821 1 0 1
4.08804 3.3768 38.2182 6.23788 2.63093 81.2118 0.748624 -13 822 1 0 1
6.5707 1.08343 38.2182 22.9059 -0.492165 54.3124 0.043939 -13 823 1 0 1
2.04279 1.49121 38.2182 13.8655 1.0268 30.0182 0.200636 -13 824 1 0 1
4.62313 -3.32922 38.2182 17.0302 -7.99003 60.6224 0.401887 -13 825 1 0 1
5.9934 0.975553 38.2182 19.7604 6.5603 65.6968 -1.27149 -13 826 1 0 1
6.05522 -4.1494 38.2182 20.8826 -12.134 60.2957 2.78799 -13 827 1 0 1
3.65815 1.16888 38.2182 16.1226 -1.36607 63.8076 -2.33657 -13 828 1 0 1
13.5722 -10.934 38.2182 29.3009 -18.939 40.2935 0.951455 -13 829 1 0 1
5.83722 3.63583 38.2182 20.2895 5.86229 63.3001 -0.0424597 -13 830 1 0 1
6.34332 -0.22489 38.2182 20.6899 -3.56817 63.7071 2.10617 -13 831 1 0 1
2.79382 -3.89086 38.2182 14.4386 -9.32541 56.6349 0.484239 -13 832 1 0 1
4.28459 -2.97585 38.2182 17.2002 -7.64725 60.0872 0.496363 -13 833 1 0 1
2.54104 -3.87618 38.2182 14.0338 -5.21859 60.8114 -0.108987 -13 834 1 0 1
5.10494 -4.68386 38.2182 12.778 -15.0989 76.5248 -0.827296 -13 835 1 0 1
8.41913 4.21283 38.2182 24.4851 11.8732 63.4429 0.00648872 -13 836 1 0 1
11.185 -8.2969 38.2182 30.3036 -12.7018 60.3972 1.16399 -13 837 1 0 1
7.75172 3.60355 38.2182 22.9972 3.67671 69.0159 -1.20579 -13 838 1 0 1
4.83251 -5.08123 38.2182 19.4735 -6.62237 53.8523 -0.281567 -13 839 1 0 1
1.30074 5.17186 38.2182 10.6637 10.0463 60.8279 2.54971 -13 840 1 0 1
4.41917 4.38298 38.2182 17.9761 5.50771 59.018 -1.70512 -13 841 1 0 1
5.63613 -4.09308 38.2182 17.6364 -8.4562 71.4834 -0.854154 -13 842 1 0 1
4.07718 -4.26893 38.2182 12.3226 -18.8934 73.5068 0.604258 -13 843 1 0 1
2.087 6.17039 38.2182 12.8085 12.8964 59.4331 1.01295 -13 844 1 0 1
6.69745 -0.665693 38.2182 22.2748 1.38421 57.4328 1.10874 -13 845 1 0 1
12.4482 -8.58256 38.2182 25.1597 -9.64783 31.6724 0.61938 -13 846 1 0 1
8.69087 -6.28895 38.2182 25.7784 -5.47869 54.2251 -1.03763 -13 847 1 0 1
1.37491 0.522668 38.2182 11.99 -2.74622 57.2095 -0.684856 -13 848 1 0 1
1.09944 -2.83085 38.2182 11.8812 -3.6679 54.9038 -1.87861 -13 849 1 0 1
11.3346 -5.18643 38.2182 30.9458 -11.3437 62.4907 -0.752238 -13 850 1 0 1
2.08527 2.96538 38.2182 13.1685 3.63936 60.0427 -0.353771 -13 851 1 0 1
9.36218 -1.22663 38.2182 24.7905 -2.04508 72.8101 0.627921 -13 852 1 0 1
3.91167 3.55487 38.2182 16.5272 7.70871 60.0412 1.21121 -13 853 1 0 1
6.50439 0.939287 38.2182 19.8266 -3.68071 70.4729 -0.704352 -13 854 1 0 1
3.20639 3.2142 38.2182 15.185 7.22564 62.3759 0.241699 -13 855 1 0 1
1.23547 0.108128 38.2182 10.7615 -6.96075 60.1605 0.448028 -13 856 1 0 1
3.81216 -3.1785 38.2182 15.7288 -0.635366 65.4132 -0.74931 -13 857 1 0 1
-3.0494 1.85317 38.2182 -1.42314 3.10035 68.0949 -2.28272 -13 858 1 0 1
1.0682 -0.511074 38.2182 12.3105 0.960271 54.7776 1.71727 -13 859 1 0 1
2.46719 1.20028 38.2182 11.9888 3.40425 68.2918 1.44314 -13 860 1 0 1
5.82591 -2.16535 38.2182 17.2628 -7.10687 75.854 -1.69977 -13 861 1 0 1
6.12411 1.74133 38.2182 20.9085 6.27857 62.265 0.0434567 -13 862 1 0 1
-0.274004 -5.21633 38.2182 7.08903 -9.55824 61.6262 0.320559 -13 863 1 0 1
4.70181 -0.681379 38.2182 18.5586 0.0939898 61.6249 -0.483855 -13 864 1 0 1
4.3133 1.32327 38.2182 17.6098 6.05125 56.6072 1.90822 -13 865 1 0 1
7.16304 4.77823 38.2182 22.4612 13.342 53.3009 0.0769318 -13 866 1 0 1
7.09374 2.62016 38.2182 20.7408 3.9662 72.7179 -0.528091 -13 867 1 0 1
4.80205 1.47985 38.2182 12.3743 0.52058 78.3814 -1.51111 -13 868 1 0 1
-2.23225 -5.95521 38.2182 3.18995 -12.6403 62.604 -0.559589 -13 869 1 0 1
6.1322 -3.05361 38.2182 20.6846 -8.96791 57.3665 0.885428 -13 870 1 0 1
9.57371 -5.2269 38.2182 27.8151 -13.9243 61.7611 -1.05771 -13 871 1 0 1
2.8174 -2.99035 38.2182 12.6279 -4.84129 67.6745 -1.00251 -13 872 1 0 1
7.69728 0.475548 38.2182 23.5245 -2.29752 69.411 -0.951945 -13 873 1 0 1
3.41953 3.51546 38.2182 13.7188 9.32037 67.2445 2.70466 -13 874 1 0 1
3.81767 -2.57337 38.2182 16.2334 -7.49163 62.1604 0.337199 -13 875 1 0 1
7.43443 3.43312 38.2182 21.148 6.95693 72.8555 0.122219 -13 876 1 0 1
5.9027 0.0727581 38.2182 20.4252 8.02434 67.7309 -1.88403 -13 877 1 0 1
5.94368 2.62783 38.2182 18.0302 11.8115 71.5687 -3.58575 -13 878 1 0 1
0.520638 3.21703 38.2182 12.1205 4.87504 52.6628 1.27137 -13 879 1 0 1
5.86883 -2.62323 38.2182 20.4361 -7.65303 66.3426 0.934261 -13 880 1 0 1
6.94113 -3.29629 38.2182 22.6715 -7.40028 54.4378 1.94674 -13 881 1 0 1
8.02282 5.67501 38.2182 22.6454 14.6506 71.9004 -0.444406 -13 882 1 0 1
12.0911 6.70469 38.2182 30.8242 17.4309 56.9162 -0.223485 -13 883 1 0 1
-1.0097 5.08075 38.2182 9.48925 7.64227 35.8422 -0.341749 -13 884 1 0 1
10.5953 4.71338 38.2182 24.6761 8.01595 31.0967 -0.0569098 -13 885 1 0 1
8.22369 1.27264 38.2182 21.5611 -4.97863 77.2646 2.4471 -13 886 1 0 1
0.970193 4.33675 38.2182 6.31199 9.67303 71.8334 0.611844 -13 887 1 0 1
1.907 -0.995192 38.2182 13.3612 -6.81542 56.3555 0.144295 -13 888 1 0 1
3.38957 -2.74683 38.2182 16.0755 -4.64923 56.4186 -0.520901 -13 889 1 0 1
7.77401 -4.37155 38.2182 23.6945 -11.7341 65.5343 -1.04474 -13 890 1 0 1
6.90422 -0.719804 38.2182 19.7695 -0.00699695 34.6899 -1.03293 -13 891 1 0 1
2.98106 -0.939049 38.2182 11.9554 3.35859 71.6452 0.530103 -13 892 1 0 1
-0.401107 -0.185084 38.2182 8.66989 2.67501 60.9273 -1.57614 -13 893 1 0 1
9.36923 -3.41126 38.2182 26.0023 -7.16254 72.0376 0.0661403 -13 894 1 0 1
1.64378 2.90427 38.2182 5.53263 19.9587 72.855 1.60352 -13 895 1 0 1
2.79203 5.03219 38.2182 12.32 14.6683 68.9187 -1.59192 -13 896 1 0 1
4.22782 -2.87808 38.2182 16.7893 -4.76197 49.6498 -1.67838 -13 897 1 0 1
5.38274 -0.428726 38.2182 18.783 1.01654 55.074 -0.606389 -13 898 1 0 1
10.1187 -0.0347386 38.2182 29.0867 2.84087 56.6286 -0.194753 -13 899 1 0 1
6.74223 0.618531 38.2182 21.5187 -3.2055 65.9483 0.662169 -13 901 1 0 1
10.4008 -0.411115 38.2182 28.4438 -3.99439 48.7972 0.656569 -13 902 1 0 1
7.10662 -6.85927 38.2182 20.203 -9.04178 73.1953 1.23243 -13 903 1 0 1
6.5843 0.617559 38.2182 21.4397 -2.69761 56.6535 2.01792 -13 904 1 0 1
0.99028 0.63644 38.2182 2.012 4.38352 79.618 0.203034 -13 905 1 0 1
-0.211024 -1.93774 38.2182 9.92277 -2.49334 57.4272 1.33881 -13 906 1 0 1
5.46107 5.03385 38.2182 18.6131 8.09831 66.3927 0.381368 -13 907 1 0 1
2.19635 -6.4998 38.2182 13.5569 -10.2395 40.4003 0.267908 -13 908 1 0 1
6.26784 -4.79039 38.2182 18.4398 -7.97742 72.6347 0.752475 -13 909 1 0 1
2.51565 -3.11538 38.2182 10.6943 -8.55942 70.3211 -0.0972478 -13 910 1 0 1
9.24662 9.78218 38.2182 22.9786 16.8065 38.0976 -0.530718 -13 911 1 0 1
9.39217 7.90337 38.2182 24.9323 10.525 50.8582 -0.719744 -13 912 1 0 1
6.27499 2.20515 38.2182 13.2439 13.7453 77.9537 1.36743 -13 913 1 0 1
-1.19393 1.7172 38.2182 1.58358 11.9073 72.5321 1.05329 -13 914 1 0 1
7.54182 -4.46925 38.2182 23.7583 -7.10138 58.1982 -0.784938 -13 915 1 0 1
1.46566 -0.00797186 38.2182 -1.11464 2.63245 80.2228 4.36665 -13 916 1 0 1
3.96475 4.32201 38.2182 17.3312 9.10455 42.5488 -0.149803 -13 917 1 0 1
3.44013 3.89922 38.2182 11.7568 10.0711 72.7322 2.08917 -13 918 1 0 1
3.48794 2.54328 38.2182 15.0954 2.84125 66.3464 -0.539597 -13 919 1 0 1
3.27389 -2.04034 38.2182 8.4453 -0.976049 80.0863 0.508803 -13 920 1 0 1
9.00412 -1.09795 38.2182 21.0064 -5.74163 29.6675 0.465981 -13 921 1 0 1
3.55748 -5.08134 38.2182 7.21248 -12.3663 79.9122 2.50052 -13 922 1 0 1
1.47716 -0.151079 38.2182 11.6546 -0.540864 60.1365 -0.0906269 -13 923 1 0 1
3.98045 2.06908 38.2182 15.2593 1.70207 67.846 -0.981376 -13 924 1 0 1
2.24943 2.64293 38.2182 12.2283 6.96556 62.5835 0.436342 -13 925 1 0 1
3.64735 1.75271 38.2182 10.4584 1.9241 77.7346 1.4325 -13 926 1 0 1
2.09833 -2.30392 38.2182 12.894 -0.276557 67.5258 0.61588 -13 927 1 0 1
7.02131 -3.79734 38.2182 22.9888 -9.34041 54.5455 -0.157003 -13 928 1 0 1
3.01264 -0.687411 38.2182 12.8559 -1.76869 69.9712 1.3986 -13 930 1 0 1
8.87755 1.50413 38.2182 26.0101 -0.48364 59.4249 2.06479 -13 931 1 0 1
2.1304 -5.37332 38.2182 13.3382 -11.415 53.8572 1.95163 -13 932 1 0 1
7.80631 1.44045 38.2182 23.6093 7.33244 65.7701 1.09522 -13 933 1 0 1
3.54465 2.27998 38.2182 11.4239 8.39567 74.5559 -0.495435 -13 934 1 0 1
-2.52399 1.08006 38.2182 2.30223 2.05828 62.4532 0.998417 -13 935 1 0 1
10.5589 -3.34224 38.2182 30.3861 -2.04857 54.7038 0.107803 -13 936 1 0 1
4.10627 -2.91148 38.2182 13.2897 -2.03738 72.9838 -0.153447 -13 938 1 0 1
3.15489 -0.524007 38.2182 15.8056 -0.643447 60.7855 -0.482717 -13 939 1 0 1
4.10968 1.11898 38.2182 17.2493 4.85926 59.2974 0.0290248 -13 940 1 0 1
5.92982 1.86154 38.2182 20.5092 8.36616 65.6284 0.278864 -13 941 1 0 1
9.41972 3.35357 38.2182 25.9202 7.84959 67.3842 0.619007 -13 942 1 0 1
8.16024 -2.52748 38.2182 24.4792 -4.06945 64.3494 1.48525 -13 943 1 0 1
4.45293 -2.86921 38.2182 18.8248 -0.562894 52.6086 -0.367006 -13 944 1 0 1
6.34201 4.4814 38.2182 19.3198 15.7984 69.4319 0.949171 -13 945 1 0 1
3.6928 3.77763 38.2182 16.0529 6.48947 45.318 -0.672963 -13 946 1 0 1
7.61876 -2.16995 38.2182 23.9467 -0.847806 60.391 -1.10574 -13 947 1 0 1
10.2444 -3.23249 38.2182 26.988 -3.20362 45.5175 1.3819 -13 948 1 0 1
-1.07413 -1.55966 38.2182 8.31192 -2.84529 56.9579 0.470516 -13 949 1 0 1
4.00917 5.23584 38.2182 16.4128 9.54853 65.0745 0.132015 -13 950 1 0 1
20.3572 -5.93652 38.2182 40.5967 -7.83946 39.5004 0.732554 -13 951 1 0 1
7.83389 -2.15264 38.2182 24.2647 -4.77467 55.7558 2.74156 -13 952 1 0 1
1.34022 1.85021 38.2182 10.7482 2.65948 57.8148 0.338301 -13 953 1 0 1
5.94953 -8.9316 38.2182 20.6791 -17.3103 52.8105 -0.15405 -13 954 1 0 1
7.85572 0.35648 38.2182 24.1951 -5.68671 58.2023 0.615885 -13 955 1 0 1
6.13172 2.90275 38.2182 21.3602 3.28289 56.0082 -0.0239382 -13 956 1 0 1
0.74695 -1.23003 38.2182 10.7148 -7.02082 59.1617 -0.950019 -13 957 1 0 1
3.77719 0.366662 38.2182 3.41844 -1.35528 80.678 -0.727955 -13 958 1 0 1
10.5759 -2.23293 38.2182 29.0382 -5.81311 56.4378 0.484295 -13 959 1 0 1
2.53058 1.18721 38.2182 9.14699 1.22953 74.8394 -1.94471 -13 960 1 0 1
6.02372 -1.55192 38.2182 22.1002 -0.168371 52.7826 0.269963 -13 961 1 0 1
6.03638 6.87872 38.2182 18.1617 8.78982 31.4301 0.823593 -13 962 1 0 1
12.5753 2.91618 38.2182 33.5031 -2.29401 61.6182 2.07317 -13 963 1 0 1
2.83576 0.427489 38.2182 15.0601 -0.751203 61.8658 2.02505 -13 964 1 0 1
4.36534 -4.0349 38.2182 16.4519 -11.2215 63.4126 1.49405 -13 965 1 0 1
8.12891 -0.713739 38.2182 25.8463 2.77602 53.1362 2.38782 -13 966 1 0 1
5.75052 -2.49065 38.2182 21.1006 -2.32376 52.226 0.659416 -13 967 1 0 1
-3.44811 -0.392483 38.2182 -1.09287 -4.08766 66.1375 -0.962903 -13 968 1 0 1
6.21754 -0.314652 38.2182 22.0024 -2.49674 47.4742 0.677443 -13 969 1 0 1
9.15729 -2.09002 38.2182 26.786 -7.13423 60.2213 0.0199152 -13 970 1 0 1
5.30495 0.561475 38.2182 19.2247 6.76578 66.0062 -1.05185 -13 971 1 0 1
6.33056 2.8241 38.2182 20.0252 6.21955 36.293 -0.839429 -13 972 1 0 1
8.0067 1.27569 38.2182 20.9814 4.11575 32.4072 -0.662157 -13 973 1 0 1
3.66075 2.60903 38.2182 14.7442 7.05258 68.8998 -0.523968 -13 974 1 0 1
4.00559 0.24668 38.2182 13.9975 8.81137 73.9214 1.75035 -13 975 1 0 1
9.82396 -0.489376 38.2182 28.8345 0.709891 57.9726 0.483237 -13 977 1 0 1
2.49365 -0.127468 38.2182 9.77815 -3.18627 72.8376 -1.32761 -13 979 1 0 1
-0.597495 0.450351 38.2182 7.0928 -0.179039 62.0898 -1.30332 -13 980 1 0 1
2.59969 -3.8482 38.2182 12.602 -13.1615 62.7964 -0.57128 -13 981 1 0 1
5.91599 3.5191 38.2182 20.4051 5.18336 62.3807 -0.555904 -13 982 1 0 1
5.1598 -2.55276 38.2182 16.7417 1.44921 72.2627 -0.215257 -13 983 1 0 1
34.3944 -15.2781 38.2182 34.4053 -12.8763 11.7444 1.57277 -13 984 1 0 1
8.21816 0.765407 38.2182 25.7555 2.56461 57.4875 1.00311 -13 985 1 0 1
1.60542 -2.61068 38.2182 11.3775 -4.37827 61.306 -0.188443 -13 986 1 0 1
8.22144 -7.08751 38.2182 24.653 -16.645 56.2878 0.564019 -13 987 1 0 1
2.77334 10.5048 38.2182 13.4589 12.6147 34.7189 0.0458835 -13 988 1 0 1
7.31937 -3.18979 38.2182 23.2474 -5.57748 66.881 1.18738 -13 989 1 0 1
7.28905 -0.437327 38.2182 23.2776 -7.48861 68.1595 0.397735 -13 990 1 0 1
2.41391 6.39539 38.2182 14.9812 8.25739 52.086 -2.08419 -13 991 1 0 1
1.01118 5.02983 38.2182 13.1022 7.16671 46.1593 0.994861 -13 992 1 0 1
7.1778 -1.57426 38.2182 24.3304 -1.78772 47.6566 1.77486 -13 993 1 0 1
16.0401 -16.155 38.2182 31.2062 -20.4131 36.1269 -0.593518 -13 994 1 0 1
7.27172 0.717443 38.2182 23.4264 3.10496 61.534 -1.6755 -13 995 1 0 1
6.213 -2.07363 38.2182 20.5941 -5.93653 67.5342 0.328002 -13 996 1 0 1
0.713931 -1.77161 38.2182 10.6174 -2.93168 51.1744 2.5476 -13 997 1 0 1
9.40744 -3.51538 38.2182 21.9814 -6.02768 26.3417 0.644327 -13 998 1 0 1
9.41009 -1.4097 38.2182 27.0656 -1.85461 52.1524 0.11682 -13 999 1 0 1
3.30593 -1.38004 38.2182 16.1607 -2.57994 50.2688 -0.408332 -13 1000 1 0 1
