#BLTrackFile NTuple/Z152
#x y z Px Py Pz t PDGid EventID TrackID ParentID Weight
#mm mm mm MeV/c MeV/c MeV/c ns - - - - -
110.311 -48.8644 151.611 28.0402 -17.256 19.9965 0.368841 -13 1 1 0 1
115.26 -0.0406332 151.611 30.1578 -1.0204 29.6303 1.35913 -13 2 1 0 1
126.726 -45.8722 151.611 20.731 -9.99122 12.5103 1.30511 -13 6 1 0 1
86.2435 -45.1068 151.611 21.3545 -12.8186 26.0041 3.03692 -13 12 1 0 1
66.4952 -81.747 151.611 6.86394 -17.53 26.5713 3.81872 -13 16 1 0 1
103.127 -7.54084 151.611 22.5949 -7.17525 22.6906 0.880617 -13 17 1 0 1
104.717 -31.7367 151.611 25.3655 -8.10836 21.7927 2.88713 -13 18 1 0 1
139.482 4.81791 151.611 34.9399 5.73349 19.5044 4.58507 -13 20 1 0 1
133.267 -48.6454 151.611 24.8711 -11.1335 17.7334 1.48342 -13 21 1 0 1
131.142 18.3333 151.611 34.5384 9.44383 28.6003 1.7664 -13 25 1 0 1
64.7519 24.7652 151.611 11.5288 5.69329 33.6088 1.12406 -13 26 1 0 1
101.887 -32.0976 151.611 22.7845 -9.69745 25.5438 2.95459 -13 27 1 0 1
102.586 -34.7188 151.611 22.8442 -9.12001 26.9797 1.74368 -13 28 1 0 1
122.989 24.472 151.611 25.4929 5.78345 19.3239 2.73652 -13 30 1 0 1
135.357 -60.6511 151.611 25.3605 -16.8502 16.6755 1.64894 -13 31 1 0 1
99.6957 1.30932 151.611 30.6341 3.73666 37.1258 2.07806 -13 33 1 0 1
112.461 -69.9497 151.611 23.2413 -22.3538 16.3301 1.1229 -13 34 1 0 1
119.979 -2.07854 151.611 36.2331 5.32781 18.8594 3.66683 -13 35 1 0 1
56.778 -38.6079 151.611 2.52978 -4.90565 10.5759 1.12815 -13 37 1 0 1
125.565 13.772 151.611 29.4074 8.42037 24.7655 -0.189131 -13 39 1 0 1
119.327 -0.801017 151.611 34.6128 -1.04727 26.3403 0.720694 -13 50 1 0 1
121.098 49.7118 151.611 27.1204 13.3391 21.0424 1.69861 -13 52 1 0 1
104.121 -20.9852 151.611 23.9522 -11.425 24.3332 1.48207 -13 54 1 0 1
124.483 -2.60295 151.611 25.6281 -1.20002 21.4068 1.98683 -13 57 1 0 1
118.925 -26.5795 151.611 32.3525 -5.53251 27.664 3.38273 -13 59 1 0 1
106.323 75.0507 151.611 20.4755 18.826 20.6581 1.94336 -13 60 1 0 1
129.862 53.2522 151.611 28.3354 14.1237 21.8772 0.820286 -13 61 1 0 1
136.649 27.7708 151.611 30.7661 7.51353 22.0923 0.204145 -13 65 1 0 1
141.548 -86.1935 151.611 23.5358 -19.3714 16.5697 1.372 -13 67 1 0 1
133.455 39.966 151.611 22.2545 10.7385 14.7695 1.1329 -13 73 1 0 1
90.086 -26.0548 151.611 20.6563 -9.18097 24.9619 0.656888 -13 78 1 0 1
118.371 13.0361 151.611 37.0804 1.84532 28.2866 1.38014 -13 83 1 0 1
129.912 35.8311 151.611 18.5743 7.15442 12.1091 2.4189 -13 84 1 0 1
80.8198 4.2433 151.611 19.6332 1.4566 33.0156 2.41037 -13 85 1 0 1
84.0282 -24.3296 151.611 25.3486 -9.89536 33.903 2.04917 -13 87 1 0 1
103.248 0.668654 151.611 22.265 1.51012 26.4929 0.938834 -13 89 1 0 1
132.229 30.7579 151.611 36.7602 15.5337 22.8682 2.40326 -13 91 1 0 1
116.781 -16.2662 151.611 29.3774 -6.91247 27.5773 1.45283 -13 92 1 0 1
91.7179 19.0593 151.611 21.7143 -1.31694 29.8397 0.040583 -13 94 1 0 1
112.786 5.70796 151.611 28.3849 -0.354514 25.6645 -0.3257 -13 96 1 0 1
73.5487 -12.6427 151.611 10.2222 -4.47571 15.4886 0.696025 -13 97 1 0 1
92.7649 24.1704 151.611 23.9467 9.37349 22.1926 1.87158 -13 98 1 0 1
122.339 7.65219 151.611 28.3906 -0.35681 23.8845 2.09887 -13 99 1 0 1
141.384 11.9393 151.611 34.3586 7.77399 25.4695 0.742981 -13 100 1 0 1
117.566 -50.5065 151.611 19.8294 -13.0014 20.7453 1.21489 -13 101 1 0 1
139.978 -63.4027 151.611 22.953 -14.9511 14.7491 1.83471 -13 104 1 0 1
90.5493 39.9381 151.611 21.7164 16.7165 19.6435 1.76911 -13 106 1 0 1
142.389 7.76727 151.611 41.5459 0.734696 27.059 2.49208 -13 109 1 0 1
105.043 8.10852 151.611 23.5665 -0.753872 25.8728 1.34378 -13 115 1 0 1
138.954 -21.405 151.611 31.9854 -9.66461 20.5627 1.51448 -13 120 1 0 1
119.98 -4.41164 151.611 34.2965 -1.32977 23.8673 2.09554 -13 122 1 0 1
102.463 1.35139 151.611 23.8738 0.329419 29.5574 1.73094 -13 124 1 0 1
134.066 27.0556 151.611 27.8685 6.43117 23.1778 2.11112 -13 134 1 0 1
125.888 12.5599 151.611 33.1634 8.62765 28.0918 1.50506 -13 138 1 0 1
103.864 4.16691 151.611 25.2925 1.28787 28.4289 1.2813 -13 141 1 0 1
136.849 52.9513 151.611 31.968 16.6801 28.5446 3.47705 -13 142 1 0 1
101.886 49.8907 151.611 20.7699 17.3556 25.5816 4.45237 -13 144 1 0 1
69.0206 1.55047 151.611 12.6745 -1.16675 28.4167 0.105203 -13 147 1 0 1
121.691 -65.8345 151.611 13.8811 -9.35815 10.9375 2.82275 -13 148 1 0 1
103.998 -9.86756 151.611 27.6877 -3.21521 34.0177 0.668732 -13 156 1 0 1
110.556 33.1353 151.611 18.185 7.2278 16.1212 3.16889 -13 158 1 0 1
94.434 -4.82628 151.611 28.1744 -3.26799 27.8268 0.552196 -13 159 1 0 1
106.234 20.3199 151.611 27.0407 7.63548 31.8561 2.85301 -13 161 1 0 1
82.4928 13.4673 151.611 25.1836 4.73633 31.2019 3.15452 -13 165 1 0 1
106.731 -17.9677 151.611 26.2273 -3.56331 26.5133 0.721731 -13 178 1 0 1
106.581 -32.6473 151.611 24.3462 -8.10505 25.1268 0.647595 -13 179 1 0 1
97.3097 7.41873 151.611 11.0879 0.788215 12.7544 0.662493 -13 181 1 0 1
137.557 6.64805 151.611 38.0392 -3.31103 27.9696 1.31284 -13 183 1 0 1
98.7648 -8.22612 151.611 29.8142 -1.73824 34.6911 2.27617 -13 188 1 0 1
76.6005 26.6481 151.611 21.9778 11.9524 30.8536 2.98056 -13 191 1 0 1
105.382 -27.2329 151.611 23.0596 -8.76187 21.0173 0.365586 -13 193 1 0 1
134.621 34.5114 151.611 22.1006 7.05733 16.3474 4.17082 -13 195 1 0 1
83.7505 -66.6997 151.611 14.9727 -23.9832 23.7417 1.69584 -13 203 1 0 1
101.285 -99.3853 151.611 15.5848 -24.4744 17.2459 -0.0175169 -13 204 1 0 1
137.318 60.2737 151.611 32.8014 18.9166 15.8368 1.32427 -13 208 1 0 1
117.517 33.0527 151.611 27.6388 11.4647 28.4513 0.936124 -13 210 1 0 1
111.683 126.664 151.611 15.2001 22.3273 12.2687 4.24891 -13 212 1 0 1
108.685 33.8819 151.611 33.3006 11.3396 22.5645 -0.0695977 -13 213 1 0 1
107.795 -15.7957 151.611 34.3146 -3.14448 32.3927 2.91974 -13 215 1 0 1
143.26 15.0654 151.611 28.418 4.48071 19.8025 2.8611 -13 216 1 0 1
97.6742 -10.6138 151.611 29.6617 -2.96128 29.3989 1.24641 -13 219 1 0 1
102.726 17.199 151.611 25.8619 9.57304 26.0903 2.35087 -13 223 1 0 1
93.1097 14.9402 151.611 18.788 4.03629 27.7649 1.09545 -13 226 1 0 1
95.248 33.7198 151.611 16.4227 9.25338 16.2919 1.96248 -13 229 1 0 1
80.4668 -15.3035 151.611 7.2556 0.372418 14.2052 1.89031 -13 230 1 0 1
105.229 10.6995 151.611 29.5147 3.54729 20.1627 -0.0870905 -13 233 1 0 1
100.377 26.8947 151.611 27.8914 9.27814 32.1306 0.639985 -13 234 1 0 1
114.862 -58.5911 151.611 10.227 -9.07111 10.2239 2.28854 -13 245 1 0 1
137.794 11.3578 151.611 27.2436 1.07153 24.1304 0.76238 -13 249 1 0 1
111.471 -9.48674 151.611 25.7221 -3.20065 28.2549 1.72105 -13 252 1 0 1
119.737 -4.04775 151.611 30.7862 -5.12692 29.8264 0.89129 -13 254 1 0 1
103.986 15.0845 151.611 23.3748 4.8809 22.0551 1.46793 -13 255 1 0 1
106.533 52.1364 151.611 26.0506 16.0486 22.176 0.297897 -13 259 1 0 1
126.121 -1.84213 151.611 33.3508 2.95336 22.3798 3.6043 -13 262 1 0 1
112.57 82.8102 151.611 18.1139 17.5335 20.2043 2.57715 -13 265 1 0 1
120.243 6.48006 151.611 22.3879 0.870852 19.5249 2.35956 -13 266 1 0 1
105.499 13.9945 151.611 16.6951 3.93768 16.4231 1.60376 -13 267 1 0 1
138.109 3.77372 151.611 33.2608 0.0146264 25.6675 0.43147 -13 268 1 0 1
115.864 8.77079 151.611 40.9832 6.97226 20.9861 4.16952 -13 273 1 0 1
106.269 14.8691 151.611 28.4705 6.59162 27.2579 -0.651415 -13 274 1 0 1
110.299 67.3288 151.611 25.9719 28.1729 26.1805 1.08184 -13 276 1 0 1
82.3962 -4.90919 151.611 9.84721 -1.1318 11.9331 1.56063 -13 285 1 0 1
110.549 -31.7167 151.611 21.4967 -9.7954 19.8555 0.074331 -13 287 1 0 1
141.887 39.9536 151.611 20.0519 0.432563 13.3855 2.07487 -13 288 1 0 1
111.927 5.13009 151.611 33.4628 -0.652333 29.335 1.06411 -13 292 1 0 1
110.65 -15.8738 151.611 26.8435 -12.5859 22.1593 4.23978 -13 299 1 0 1
93.0254 15.1232 151.611 20.3342 6.21827 22.5221 0.693385 -13 301 1 0 1
102.14 95.0156 151.611 13.0787 19.1138 13.1728 1.34477 -13 309 1 0 1
105.565 -8.32342 151.611 17.6841 0.199876 20.9972 1.36529 -13 310 1 0 1
96.0222 -2.4206 151.611 27.5363 -0.0171884 33.0486 -0.178043 -13 318 1 0 1
143.213 26.8293 151.611 32.3486 8.76946 24.3696 2.20198 -13 320 1 0 1
120.271 41.6027 151.611 19.6311 6.53106 16.5039 1.24915 -13 324 1 0 1
129.582 -10.2622 151.611 26.4819 1.93106 16.4536 1.93056 -13 327 1 0 1
108.444 -23.1326 151.611 22.7157 -5.06148 21.6539 0.0307582 -13 328 1 0 1
131.697 -16.3628 151.611 34.6139 -4.37997 27.8257 0.58413 -13 330 1 0 1
86.9587 1.85764 151.611 23.6597 -0.334958 32.2378 -0.130382 -13 332 1 0 1
126.382 -9.47942 151.611 37.4638 2.0918 27.3275 1.68264 -13 335 1 0 1
123.029 -12.9589 151.611 24.3795 -4.87965 17.9682 1.9073 -13 340 1 0 1
102.739 -11.3586 151.611 24.1063 -4.04678 27.2137 1.33348 -13 341 1 0 1
88.3147 -19.8276 151.611 25.8343 -7.87254 24.1109 1.81286 -13 346 1 0 1
125.12 -23.1894 151.611 15.5273 -5.2323 9.57731 0.88762 -13 352 1 0 1
69.6493 34.4009 151.611 10.9205 13.1158 19.4915 1.20692 -13 353 1 0 1
92.4185 40.937 151.611 15.2084 10.2037 22.2926 1.8677 -13 356 1 0 1
139.415 -5.24432 151.611 28.0224 -0.0130528 22.2814 1.62391 -13 357 1 0 1
105.081 -7.59781 151.611 33.0427 -0.949721 25.9617 0.63715 -13 360 1 0 1
69.9711 29.9744 151.611 8.45681 8.20917 18.6051 1.33924 -13 363 1 0 1
95.9283 2.2261 151.611 26.8243 -1.17918 34.8991 -0.759681 -13 365 1 0 1
132.47 9.58826 151.611 31.3323 4.65492 24.2829 3.6835 -13 366 1 0 1
94.7074 -2.20638 151.611 16.8751 -2.76745 21.3913 0.464172 -13 369 1 0 1
132.615 -24.9855 151.611 34.4283 -4.07906 14.6212 2.26791 -13 373 1 0 1
107.007 32.814 151.611 18.7281 10.8496 22.665 2.83641 -13 377 1 0 1
115.528 -7.86804 151.611 29.8841 -4.07307 24.8224 3.52811 -13 378 1 0 1
91.3294 -77.1918 151.611 16.9405 -22.7434 20.6596 0.767266 -13 380 1 0 1
69.9882 -0.331168 151.611 11.3581 -0.548721 28.694 -0.0484808 -13 384 1 0 1
99.0006 -21.1294 151.611 27.8234 -8.51224 24.8395 3.06197 -13 385 1 0 1
84.7673 37.4007 151.611 16.5602 13.0316 26.4247 3.31486 -13 386 1 0 1
90.411 -13.9009 151.611 26.5908 -5.66147 30.5759 1.92186 -13 390 1 0 1
112.68 2.52465 151.611 28.5854 1.38904 22.0115 1.61334 -13 392 1 0 1
113.952 22.7918 151.611 26.0974 6.09664 30.0158 1.23783 -13 396 1 0 1
104.139 -41.6308 151.611 26.298 -13.4389 23.4768 3.43143 -13 399 1 0 1
111.122 14.5705 151.611 23.1568 4.55518 22.2273 1.51342 -13 400 1 0 1
82.5213 -45.6509 151.611 12.6861 -12.255 20.9342 1.29001 -13 402 1 0 1
70.4638 -37.3273 151.611 19.2398 -8.16684 37.6278 1.29965 -13 403 1 0 1
104.556 -30.4752 151.611 30.9878 -15.6285 27.4155 -1.31995 -13 405 1 0 1
137.801 -29.3057 151.611 22.0197 -7.43493 16.4584 3.79124 -13 408 1 0 1
61.6896 -5.99925 151.611 12.1251 -1.00951 32.9174 -1.45996 -13 410 1 0 1
142.601 49.7216 151.611 35.5884 14.6358 22.1526 2.04844 -13 411 1 0 1
122.288 64.8088 151.611 24.4521 16.8436 16.7649 1.8111 -13 413 1 0 1
112.338 -15.3757 151.611 28.0943 -7.93421 21.1247 2.42279 -13 414 1 0 1
139.582 76.1097 151.611 12.7738 9.27788 8.86705 3.49851 -13 415 1 0 1
130.781 -83.1005 151.611 20.1593 -16.7105 15.9863 1.87049 -13 417 1 0 1
111.352 14.1639 151.611 29.5652 -0.620713 30.9886 1.70049 -13 422 1 0 1
132.226 -23.4812 151.611 32.7965 -12.2791 23.7544 2.09127 -13 424 1 0 1
140.767 -51.4633 151.611 31.9868 -16.7049 19.4751 1.57547 -13 425 1 0 1
113.917 9.48553 151.611 19.0019 4.61997 17.0269 3.20448 -13 433 1 0 1
118.398 -10.0155 151.611 25.2651 0.541641 23.0971 0.402005 -13 439 1 0 1
109.516 47.9801 151.611 24.5119 14.5041 26.3402 1.63599 -13 440 1 0 1
112.468 -65.3732 151.611 28.1603 -20.6141 25.9262 1.25041 -13 442 1 0 1
103.998 29.1041 151.611 21.1209 10.5402 27.8404 2.41908 -13 444 1 0 1
120.71 -18.299 151.611 25.0831 -5.89084 23.3878 1.09637 -13 447 1 0 1
111.354 -32.4587 151.611 26.73 -9.48836 24.9772 1.05268 -13 453 1 0 1
86.395 -5.57205 151.611 16.8501 -5.47789 23.2288 2.73483 -13 454 1 0 1
122.712 -55.7578 151.611 26.4086 -16.778 23.3635 1.71958 -13 455 1 0 1
109.145 -6.79465 151.611 25.0783 -8.63688 25.1917 0.782692 -13 456 1 0 1
110.181 12.1334 151.611 16.3273 0.812076 13.9258 2.75171 -13 457 1 0 1
134.494 2.91783 151.611 29.4686 0.329181 20.264 1.44745 -13 460 1 0 1
102.646 -22.8443 151.611 26.6268 -6.09623 28.3727 2.76557 -13 463 1 0 1
129.243 10.6519 151.611 35.3148 0.0387755 27.96 1.68279 -13 466 1 0 1
94.7876 -24.215 151.611 26.6465 -14.732 29.1356 1.02954 -13 467 1 0 1
94.7268 -44.6613 151.611 23.0533 -15.3631 29.7404 0.437803 -13 468 1 0 1
141.906 -6.22291 151.611 37.3673 -5.18774 24.4898 2.63043 -13 471 1 0 1
80.8324 -17.4942 151.611 23.3372 -7.70897 32.7595 0.490816 -13 473 1 0 1
116.7 -16.0016 151.611 34.9616 -12.5671 31.9967 -0.0338379 -13 477 1 0 1
133.811 8.67492 151.611 32.482 -1.01581 30.0397 1.72396 -13 480 1 0 1
93.6643 23.3528 151.611 25.1904 4.22009 22.1963 2.11626 -13 483 1 0 1
142.736 -37.1493 151.611 24.9093 -9.4282 12.2215 0.753906 -13 484 1 0 1
86.7131 -33.7851 151.611 17.0629 -5.37187 15.4857 0.645937 -13 488 1 0 1
126.346 -24.6445 151.611 33.6763 -10.523 26.226 2.2779 -13 491 1 0 1
143.454 2.02353 151.611 31.5521 2.91805 18.3508 2.87059 -13 492 1 0 1
93.1565 -10.4022 151.611 30.6198 -2.52565 30.0309 2.18911 -13 493 1 0 1
124.66 -1.28149 151.611 31.436 -2.53314 24.6897 1.171 -13 501 1 0 1
118.77 -3.36912 151.611 29.7506 -4.63688 18.4086 0.353019 -13 502 1 0 1
92.5057 -22.1725 151.611 12.3396 -5.89812 18.0224 0.737348 -13 505 1 0 1
103.52 -51.6101 151.611 18.2259 -13.1363 20.0652 2.65188 -13 508 1 0 1
91.8278 17.2826 151.611 23.9444 9.5992 27.8106 2.4157 -13 510 1 0 1
77.6679 18.593 151.611 19.7242 11.4832 23.4338 3.30005 -13 511 1 0 1
81.2196 5.03948 151.611 14.6273 -0.0149543 28.6444 2.47079 -13 513 1 0 1
104.689 -23.3176 151.611 27.5995 -12.1035 26.5704 -2.1699 -13 514 1 0 1
137.625 21.4536 151.611 37.6858 6.85331 28.9116 -0.572218 -13 516 1 0 1
83.1805 -39.6208 151.611 11.1235 -8.89312 19.1658 0.631896 -13 517 1 0 1
111.818 -18.5555 151.611 33.9581 -2.27462 27.0488 -0.200945 -13 521 1 0 1
138.025 -1.23886 151.611 14.6829 -1.46694 8.06776 3.70329 -13 523 1 0 1
140.391 -36.6777 151.611 18.5507 -7.18422 10.6812 3.1091 -13 524 1 0 1
141.966 -32.4991 151.611 29.187 -10.3264 14.8609 1.83304 -13 526 1 0 1
133.413 -23.4314 151.611 37.5969 -10.3249 27.958 0.752068 -13 530 1 0 1
86.9167 16.9436 151.611 29.2571 8.1331 31.3562 2.73367 -13 532 1 0 1
107.28 -0.751187 151.611 24.3776 0.642428 29.2374 2.33617 -13 534 1 0 1
137.32 9.16176 151.611 31.1076 -1.67567 24.6404 -1.28788 -13 535 1 0 1
104.57 -42.1961 151.611 24.3716 -13.0033 23.0345 2.43921 -13 539 1 0 1
104.681 59.0276 151.611 23.9085 19.7543 27.2649 1.80663 -13 544 1 0 1
71.8778 -2.1373 151.611 18.6157 -3.19619 35.715 3.98204 -13 552 1 0 1
130.604 -10.0581 151.611 21.0774 -3.60856 17.7198 3.15897 -13 555 1 0 1
106.844 -2.1609 151.611 23.4878 0.873174 27.4354 3.82659 -13 557 1 0 1
92.3751 0.469127 151.611 19.5352 2.6752 22.8996 -1.20962 -13 558 1 0 1
64.8111 -12.8591 151.611 6.23572 -4.24307 21.42 0.858906 -13 559 1 0 1
125.11 39.0488 151.611 27.2321 9.19322 17.8026 2.35066 -13 561 1 0 1
117.208 -6.78992 151.611 29.8264 -5.18277 17.6783 2.58111 -13 562 1 0 1
87.5209 -5.68515 151.611 20.2513 -3.9526 22.6996 2.57658 -13 565 1 0 1
140.222 -21.9111 151.611 31.7938 -6.56913 16.9078 2.39334 -13 566 1 0 1
86.2882 -6.84768 151.611 14.9318 -0.267621 22.6273 1.34812 -13 572 1 0 1
60.412 64.4792 151.611 4.58522 8.88304 12.5669 0.964901 -13 574 1 0 1
109.63 36.8202 151.611 19.2035 12.8164 17.9927 -0.252383 -13 577 1 0 1
121.763 38.0715 151.611 30.2119 9.60504 21.7429 3.39749 -13 578 1 0 1
114.673 -24.8929 151.611 25.2349 -8.23475 26.4717 1.40371 -13 582 1 0 1
119.38 -47.0251 151.611 22.7855 -11.5079 19.3851 1.23446 -13 583 1 0 1
98.4337 9.85176 151.611 18.164 4.07842 22.4293 -0.519246 -13 585 1 0 1
140.507 -22.6762 151.611 37.9897 -1.23461 18.0668 0.654101 -13 590 1 0 1
138.197 5.25384 151.611 26.8115 2.18505 19.4076 2.3123 -13 595 1 0 1
90.2572 9.57953 151.611 21.3509 1.08565 34.3861 2.99196 -13 596 1 0 1
89.5744 -35.2556 151.611 22.7814 -15.2001 18.2703 1.27818 -13 597 1 0 1
110.731 31.1936 151.611 26.413 10.6433 20.1999 -0.129675 -13 599 1 0 1
80.6556 -27.389 151.611 22.5223 -11.8325 36.2583 1.74093 -13 602 1 0 1
96.2305 -2.59099 151.611 29.8813 -6.94454 36.0595 1.27038 -13 604 1 0 1
128.467 -26.4097 151.611 28.0524 -6.87468 26.0448 4.14658 -13 606 1 0 1
103.662 27.1872 151.611 10.8554 2.49199 13.4314 1.66958 -13 607 1 0 1
117.282 -19.0674 151.611 2.68998 -0.51079 1.97358 11.1516 -13 615 1 0 1
100.843 0.0708202 151.611 27.6096 -1.76621 26.9421 -0.900627 -13 620 1 0 1
118.848 -35.7955 151.611 29.0209 -10.8806 24.5597 1.8089 -13 622 1 0 1
110.296 -30.0719 151.611 30.5754 -12.7702 27.8709 1.02889 -13 623 1 0 1
128.058 24.1076 151.611 32.143 8.7095 24.0771 1.18559 -13 624 1 0 1
116.505 -8.5117 151.611 31.2274 -6.48106 21.9827 0.582602 -13 625 1 0 1
130.847 2.86438 151.611 34.1221 0.771949 22.7574 0.822979 -13 631 1 0 1
121.881 -12.5768 151.611 26.0712 -3.15501 23.1103 1.6779 -13 637 1 0 1
134.463 56.8759 151.611 28.3794 19.7844 21.4382 0.364142 -13 641 1 0 1
94.7989 -10.4034 151.611 25.8556 0.0697444 33.4713 2.22352 -13 645 1 0 1
120.721 5.0681 151.611 33.3068 1.24089 21.233 2.79524 -13 646 1 0 1
100.697 -9.75813 151.611 23.1672 -0.53998 26.5562 2.01406 -13 653 1 0 1
96.6655 -9.58135 151.611 24.836 -2.39546 30.9646 0.808104 -13 654 1 0 1
137.868 -15.7586 151.611 28.7857 -1.64353 18.4757 1.83326 -13 655 1 0 1
109.791 64.3264 151.611 13.9591 8.78037 9.29656 2.19728 -13 656 1 0 1
77.9302 -25.7226 151.611 12.5299 -3.47489 19.0978 3.76765 -13 659 1 0 1
109.831 -16.6391 151.611 34.5716 -5.77053 29.4246 1.53835 -13 665 1 0 1
140.985 -2.62181 151.611 35.6572 -1.77029 22.025 2.48191 -13 666 1 0 1
103.66 20.6215 151.611 24.6092 6.33756 22.7431 1.43581 -13 670 1 0 1
129.284 21.2649 151.611 27.8089 4.70633 27.1034 3.06445 -13 672 1 0 1
91.8596 50.2804 151.611 13.1732 8.7735 17.0406 2.13673 -13 673 1 0 1
102.243 -11.802 151.611 24.6907 3.77717 23.591 4.56102 -13 675 1 0 1
100.704 29.3663 151.611 31.3797 7.60705 28.3429 1.23091 -13 679 1 0 1
104.486 50.771 151.611 22.8464 16.5994 22.0946 0.579006 -13 680 1 0 1
99.6321 -7.92009 151.611 28.5248 -2.02189 26.8101 -1.97018 -13 681 1 0 1
107.209 30.1098 151.611 24.2099 6.87787 23.5398 1.86914 -13 686 1 0 1
119.054 12.7876 151.611 30.1228 1.68919 21.1405 1.00685 -13 689 1 0 1
88.1136 -6.5625 151.611 17.9227 -3.10923 27.7065 -0.587562 -13 691 1 0 1
89.9978 -42.5496 151.611 12.1344 -11.3797 17.2359 3.67021 -13 693 1 0 1
119.017 9.91063 151.611 29.4529 5.69567 26.4556 0.669495 -13 699 1 0 1
105.111 5.79901 151.611 24.4848 2.78305 26.3466 2.8067 -13 705 1 0 1
90.835 35.4768 151.611 22.0631 12.5451 28.9733 4.62231 -13 707 1 0 1
94.522 5.41964 151.611 23.5204 5.31808 21.9948 1.87641 -13 708 1 0 1
103.023 62.2828 151.611 16.597 15.796 18.0065 1.70563 -13 719 1 0 1
105.465 -11.8173 151.611 19.8442 -0.0617099 21.5857 1.53529 -13 721 1 0 1
113.095 -43.2542 151.611 29.5083 -14.1798 29.1314 0.357228 -13 726 1 0 1
64.066 64.9882 151.611 5.97468 11.7469 19.2297 1.40674 -13 728 1 0 1
93.6924 -16.5019 151.611 11.5248 -2.66243 9.35453 1.93426 -13 730 1 0 1
118.743 15.2643 151.611 21.9322 0.185114 13.0629 3.84785 -13 732 1 0 1
101.725 -32.9147 151.611 17.2259 -8.86954 17.1005 1.30971 -13 733 1 0 1
103.566 17.8942 151.611 23.3051 7.30975 22.3464 3.72408 -13 734 1 0 1
96.8489 22.7863 151.611 11.1011 2.44673 13.6807 3.74299 -13 738 1 0 1
123.707 10.4758 151.611 34.8486 6.68524 20.2498 -0.81439 -13 742 1 0 1
111.444 37.2922 151.611 9.58071 5.17058 8.33489 1.23578 -13 746 1 0 1
124.209 -30.2012 151.611 33.7274 -10.1799 25.8023 1.57902 -13 747 1 0 1
97.6568 6.45539 151.611 31.0502 -4.68886 26.602 -0.591098 -13 748 1 0 1
126.012 -3.00065 151.611 25.9143 0.283552 20.9401 2.77456 -13 749 1 0 1
111.396 33.5008 151.611 33.0202 10.6067 27.0385 0.820978 -13 752 1 0 1
133.46 -6.04362 151.611 30.3417 0.876086 24.3681 0.41089 -13 757 1 0 1
132.494 48.21 151.611 22.3953 10.1134 20.2676 3.11955 -13 763 1 0 1
104.926 -12.7705 151.611 31.7815 -5.45261 26.2006 0.717616 -13 765 1 0 1
124.401 8.56377 151.611 27.6586 5.3771 23.5205 0.286717 -13 766 1 0 1
94.0905 11.3342 151.611 17.241 5.36526 19.363 0.857784 -13 771 1 0 1
90.1377 28.725 151.611 17.0252 11.8057 18.7168 1.3628 -13 772 1 0 1
74.8458 66.7813 151.611 7.1368 13.7907 11.0575 3.10247 -13 774 1 0 1
84.3886 -5.66161 151.611 15.9251 -6.28764 26.1045 3.92371 -13 776 1 0 1
111.143 19.6251 151.611 30.377 8.32751 26.6874 1.22441 -13 781 1 0 1
106.321 -35.8733 151.611 26.087 -4.63379 16.9313 0.62348 -13 784 1 0 1
102.285 26.9127 151.611 11.3979 6.01353 9.90012 2.20765 -13 785 1 0 1
114.297 -1.21859 151.611 11.4622 1.70633 10.7987 1.26531 -13 791 1 0 1
102.423 -29.1845 151.611 28.6492 -12.1786 26.0843 3.48986 -13 792 1 0 1
135.929 9.20715 151.611 27.6904 1.87948 21.0031 3.44424 -13 793 1 0 1
118.512 39.0963 151.611 32.9381 10.0266 24.4708 0.523608 -13 797 1 0 1
91.1117 -27.1773 151.611 16.6547 -6.14583 19.1223 1.95666 -13 807 1 0 1
142.418 -25.1291 151.611 28.8932 -9.46299 12.6011 3.19253 -13 808 1 0 1
101.592 18.2886 151.611 24.4095 8.87283 23.61 0.729715 -13 810 1 0 1
66.5745 -2.4832 151.611 12.7035 -1.18624 33.5086 0.955636 -13 811 1 0 1
85.0347 4.05925 151.611 11.9682 3.82521 19.2067 3.63831 -13 812 1 0 1
104.765 19.5917 151.611 21.2659 6.43288 26.4528 2.22477 -13 813 1 0 1
123.127 80.6515 151.611 22.5186 20.9426 20.774 -0.320995 -13 815 1 0 1
137.089 26.1641 151.611 12.2411 4.10147 7.86225 4.73157 -13 816 1 0 1
104.983 29.0846 151.611 27.455 9.93091 28.6065 -0.450952 -13 821 1 0 1
65.4028 16.1875 151.611 10.8564 4.55989 21.4558 1.95335 -13 822 1 0 1
85.6929 -35.074 151.611 11.0817 -6.80623 16.3354 1.76218 -13 823 1 0 1
88.4317 1.26755 151.611 27.3251 6.94056 32.2782 1.10086 -13 824 1 0 1
97.2935 -146.716 151.611 11.7828 -27.9084 19.0968 2.83557 -13 829 1 0 1
141.987 5.59788 151.611 38.1036 4.66537 26.1748 3.42169 -13 831 1 0 1
76.2562 -3.10432 151.611 13.2008 -4.4194 26.4351 0.0474908 -13 838 1 0 1
126.728 17.7853 151.611 27.4227 4.02479 21.5479 4.00074 -13 840 1 0 1
142.181 -57.5312 151.611 35.9836 -18.0322 22.2275 0.562328 -13 842 1 0 1
110.104 -39.2574 151.611 21.9195 -8.40995 21.9163 1.96404 -13 846 1 0 1
140.194 -6.09631 151.611 26.04 2.2256 19.51 0.91755 -13 850 1 0 1
125.24 7.89638 151.611 25.588 2.57587 16.8605 2.00698 -13 856 1 0 1
96.3654 4.35696 151.611 27.3862 6.47904 30.8816 0.343744 -13 857 1 0 1
117.415 4.60014 151.611 28.9663 0.890378 18.9163 3.06478 -13 859 1 0 1
109.716 -9.4285 151.611 25.6867 0.390223 22.7893 -0.366395 -13 861 1 0 1
97.4646 2.82514 151.611 22.9252 -0.9019 26.5617 3.12029 -13 865 1 0 1
80.8852 27.5712 151.611 13.2626 8.08413 23.3296 0.420812 -13 873 1 0 1
81.4325 23.7144 151.611 14.8962 13.7492 22.1221 1.66124 -13 875 1 0 1
139.379 -1.87081 151.611 27.0821 -3.6264 18.6075 1.77228 -13 876 1 0 1
116.095 43.9721 151.611 21.4055 10.4966 17.5047 -0.273775 -13 877 1 0 1
73.1914 34.0647 151.611 18.0984 11.1371 24.8633 2.32247 -13 879 1 0 1
102.301 -30.0263 151.611 26.9439 -11.0095 20.1945 2.19335 -13 880 1 0 1
115.316 -3.68775 151.611 32.3131 -1.7953 22.4811 0.819522 -13 884 1 0 1
106.076 -11.2394 151.611 26.1109 -0.972999 25.5667 1.0852 -13 885 1 0 1
117.848 -44.4929 151.611 25.5428 -8.73378 23.0567 0.36974 -13 890 1 0 1
103.711 0.641593 151.611 26.569 0.343251 26.4192 1.74454 -13 892 1 0 1
90.9984 21.3749 151.611 20.4369 7.87815 19.9737 -0.298428 -13 893 1 0 1
110.369 -27.4529 151.611 19.0171 -5.85031 18.7007 1.6873 -13 894 1 0 1
96.6561 -2.65828 151.611 20.8903 1.64922 26.4911 -0.443428 -13 897 1 0 1
134.496 12.6189 151.611 37.5788 1.60465 29.2075 0.608604 -13 898 1 0 1
101.574 -1.75436 151.611 20.2563 -2.17177 24.5284 1.15587 -13 899 1 0 1
109.915 3.56773 151.611 18.1354 4.68967 17.8217 1.88019 -13 908 1 0 1
113.313 -40.2692 151.611 9.02918 -3.92025 7.53982 3.90965 -13 909 1 0 1
92.8092 14.3207 151.611 26.8331 3.08589 29.4362 0.548133 -13 919 1 0 1
100.995 -4.20384 151.611 34.15 -1.04677 29.0132 1.58435 -13 920 1 0 1
87.3133 -21.9661 151.611 23.5728 -2.69126 25.3821 3.63698 -13 922 1 0 1
94.568 -21.6202 151.611 21.6234 -10.3772 23.7976 0.282486 -13 924 1 0 1
97.2095 12.9171 151.611 26.5684 5.24747 27.233 1.75408 -13 927 1 0 1
119.093 25.092 151.611 26.3826 7.65399 27.1795 3.40116 -13 931 1 0 1
112.307 4.05635 151.611 39.2694 -3.125 30.4998 0.593906 -13 934 1 0 1
122.807 29.938 151.611 30.8974 13.275 30.0748 1.33715 -13 936 1 0 1
116.062 -10.3413 151.611 28.5039 -0.0689206 19.8991 0.0230313 -13 937 1 0 1
132.778 -7.87431 151.611 22.5479 -0.781181 13.5883 1.35257 -13 939 1 0 1
113.288 -37.269 151.611 25.6344 -13.3012 20.4528 1.67479 -13 941 1 0 1
103.43 14.5583 151.611 23.7728 4.62724 21.1872 0.939359 -13 944 1 0 1
101.707 -94.959 151.611 14.0957 -17.0584 14.7597 1.70841 -13 954 1 0 1
94.1307 9.80014 151.611 24.5376 8.02965 29.143 1.74166 -13 955 1 0 1
83.889 6.92303 151.611 20.5329 2.44982 30.2363 1.05865 -13 956 1 0 1
115.757 -3.01042 151.611 23.9642 1.00637 16.7736 0.56122 -13 957 1 0 1
137.489 -93.4431 151.611 24.6413 -21.0554 21.2764 2.15806 -13 959 1 0 1
101.985 -23.1635 151.611 26.2271 -9.77779 23.4278 -0.696316 -13 960 1 0 1
139.438 27.4622 151.611 35.3421 12.4377 24.4144 1.60962 -13 961 1 0 1
110.573 -66.7609 151.611 22.081 -18.0518 21.8635 2.95434 -13 965 1 0 1
138.886 31.733 151.611 36.4611 8.19235 21.9827 2.01117 -13 967 1 0 1
82.1539 -23.7828 151.611 31.0751 -19.7219 25.4755 0.0244544 -13 968 1 0 1
82.3095 -12.1607 151.611 21.0739 -3.11887 30.9074 1.70801 -13 969 1 0 1
106.018 2.58875 151.611 27.6231 -2.89142 30.3126 0.403721 -13 973 1 0 1
83.4685 -4.60093 151.611 22.3767 -4.64935 28.5334 2.83223 -13 975 1 0 1
125.538 -13.676 151.611 29.7521 -4.33469 31.0252 -1.12641 -13 976 1 0 1
122.971 -6.79407 151.611 31.4929 -1.92221 23.9145 1.77808 -13 977 1 0 1
118.754 -33.07 151.611 22.1392 -9.84018 21.3506 -1.40807 -13 978 1 0 1
127.987 20.1333 151.611 32.9053 7.25926 20.7644 0.0462571 -13 979 1 0 1
125.827 4.98935 151.611 33.2149 -0.246828 24.3167 0.730308 -13 982 1 0 1
96.739 -22.9403 151.611 28.8019 -9.36487 32.3289 0.871957 -13 986 1 0 1
124.702 -26.1304 151.611 38.3521 -7.56989 32.9747 2.32049 -13 989 1 0 1
142.972 -9.61058 151.611 39.8828 -1.79092 23.5806 1.7248 -13 990 1 0 1
126.95 37.5185 151.611 21.8801 6.9574 17.2813 -0.38537 -13 991 1 0 1
138.678 -33.6326 151.611 40.7378 -10.3736 23.7108 3.02338 -13 993 1 0 1
117.461 -67.8684 151.611 16.3513 -12.3003 17.4901 1.24642 -13 994 1 0 1
130.336 -20.2537 151.611 38.4932 -6.75214 30.4742 1.68622 -13 998 1 0 1
105.869 -7.00364 151.611 24.7041 -2.81717 29.2498 1.32821 -13 999 1 0 1
