#BLTrackFile NTuple/Z163
#x y z Px Py Pz t PDGid EventID TrackID ParentID Weight
#mm mm mm MeV/c MeV/c MeV/c ns - - - - -
-4.3407 -17.4319 162.663 7.08096 -7.66941 72.4621 -0.229145 -13 1 1 0 1
26.7639 1.0643 162.663 21.9809 -1.64869 78.001 0.837211 -13 2 1 0 1
9.55662 -4.89167 162.663 13.6635 -2.37618 70.3562 1.83469 -13 3 1 0 1
-12.5052 -6.52604 162.663 2.20336 -2.36447 78.4443 1.24093 -13 4 1 0 1
-9.40768 -2.55083 162.663 6.48526 -1.70494 60.6548 1.52978 -13 5 1 0 1
1.84969 -2.52136 162.663 9.96639 -0.668821 74.7762 0.131164 -13 6 1 0 1
17.9312 -13.3214 162.663 17.3095 -5.05938 59.0549 0.148957 -13 7 1 0 1
-8.13062 15.5582 162.663 7.9908 5.7293 46.3182 1.1854 -13 8 1 0 1
34.2887 25.864 162.663 23.5772 10.7877 59.0796 2.14147 -13 9 1 0 1
24.0965 -11.5605 162.663 20.296 -4.42338 63.7907 1.67862 -13 10 1 0 1
24.6187 21.5968 162.663 20.4706 9.83849 68.801 0.426803 -13 11 1 0 1
13.4002 -30.8221 162.663 15.3363 -12.751 58.9825 2.73128 -13 12 1 0 1
27.2707 -20.7842 162.663 21.5194 -8.90623 63.8552 2.46917 -13 15 1 0 1
6.61018 27.8142 162.663 12.5919 12.0559 62.5448 0.356378 -13 17 1 0 1
5.02433 -24.2271 162.663 12.1194 -8.75408 50.9076 2.5604 -13 18 1 0 1
-20.1812 14.4173 162.663 1.04438 6.54004 65.8498 1.11908 -13 19 1 0 1
21.7218 -21.63 162.663 18.8141 -8.78808 61.5291 3.96836 -13 20 1 0 1
5.25133 11.8067 162.663 12.3417 5.36798 55.7276 -0.099871 -13 22 1 0 1
-4.6753 47.2396 162.663 9.00896 12.3935 39.7195 1.91713 -13 23 1 0 1
-9.11642 26.7979 162.663 7.03588 9.52998 54.0092 1.82299 -13 24 1 0 1
27.1883 -5.64679 162.663 21.7266 -1.70916 67.5754 1.25439 -13 25 1 0 1
14.5395 7.37845 162.663 16.2083 3.44992 66.6626 0.843333 -13 26 1 0 1
17.6596 -2.81699 162.663 17.3783 0.171482 64.4753 2.4504 -13 27 1 0 1
16.1099 -24.357 162.663 16.7356 -11.4909 71.2245 1.19962 -13 28 1 0 1
5.42927 15.9831 162.663 12.0046 7.74349 65.9898 2.00073 -13 30 1 0 1
8.4678 4.35583 162.663 13.1728 2.54407 70.8738 0.67068 -13 31 1 0 1
3.65711 7.39368 162.663 11.593 3.09226 61.5793 0.538463 -13 32 1 0 1
-12.8176 -1.8955 162.663 4.26554 -0.227991 66.4593 0.378375 -13 34 1 0 1
-34.2141 -29.9489 162.663 -6.43511 -13.1257 72.0513 3.15845 -13 35 1 0 1
15.786 13.8521 162.663 16.6232 7.04325 64.1844 -0.108606 -13 36 1 0 1
11.8289 -15.8855 162.663 14.6629 -8.89315 78.5054 -0.562348 -13 37 1 0 1
20.4044 -27.6527 162.663 17.9347 -11.2214 57.3547 2.52208 -13 38 1 0 1
8.63624 17.603 162.663 13.0492 5.98395 50.3775 1.93197 -13 40 1 0 1
35.9473 35.5633 162.663 23.7549 13.6764 56.829 0.915886 -13 41 1 0 1
8.23761 -0.783902 162.663 13.1973 -1.23154 67.1263 2.22451 -13 42 1 0 1
-13.7927 -6.72677 162.663 0.810271 -3.59001 79.9366 1.20242 -13 43 1 0 1
28.4293 4.62945 162.663 20.637 1.36976 52.9002 1.75982 -13 44 1 0 1
15.7516 -17.7575 162.663 16.3613 -7.81365 66.0373 1.37754 -13 46 1 0 1
20.8546 23.7073 162.663 18.0073 8.23121 57.1499 1.99508 -13 47 1 0 1
0.70997 13.4368 162.663 9.85241 7.09206 67.0206 1.67033 -13 48 1 0 1
18.2984 -42.4374 162.663 17.3016 -20.4406 65.7458 0.438896 -13 49 1 0 1
7.85704 8.34732 162.663 12.7532 3.0808 71.811 0.633002 -13 51 1 0 1
10.2758 33.0392 162.663 13.9427 12.2026 53.4874 1.2033 -13 52 1 0 1
36.6995 12.651 162.663 23.618 4.27028 52.088 -1.23373 -13 53 1 0 1
37.3519 25.4732 162.663 20.6146 6.72428 38.2347 1.39541 -13 54 1 0 1
3.9964 -12.0729 162.663 11.121 -6.02205 69.8931 1.84775 -13 55 1 0 1
16.957 6.47878 162.663 17.0733 3.27742 61.4254 0.603354 -13 58 1 0 1
16.555 -21.0805 162.663 16.8396 -9.34085 65.6442 2.93163 -13 59 1 0 1
37.3594 36.2275 162.663 23.5129 13.8947 52.079 1.37648 -13 60 1 0 1
9.20451 15.81 162.663 13.7535 6.97655 61.5041 0.168077 -13 61 1 0 1
17.8798 4.73205 162.663 17.6464 3.05725 67.9868 0.397351 -13 62 1 0 1
18.0098 -0.666332 162.663 17.1335 -0.0249134 57.8159 1.18333 -13 64 1 0 1
24.5427 3.97873 162.663 20.2126 1.31058 62.7984 -0.455828 -13 65 1 0 1
11.6675 2.58409 162.663 14.8527 0.960799 69.9448 1.38306 -13 66 1 0 1
25.6679 -6.38799 162.663 20.322 -1.92177 58.2376 0.358554 -13 67 1 0 1
26.3715 34.1022 162.663 19.333 11.2557 49.9562 0.19319 -13 68 1 0 1
7.35985 -16.9318 162.663 13.0642 -7.13931 61.7362 1.00371 -13 69 1 0 1
3.06703 -16.539 162.663 9.96201 -10.4839 79.6964 1.09976 -13 70 1 0 1
13.8322 5.25438 162.663 15.8648 1.29254 58.671 -0.422517 -13 71 1 0 1
35.3359 30.2279 162.663 24.1223 11.7197 60.0801 2.13465 -13 72 1 0 1
10.1161 -0.974227 162.663 13.9413 -1.46885 73.4461 -0.00389214 -13 73 1 0 1
25.7877 22.7289 162.663 19.8477 8.75251 55.2898 1.33867 -13 74 1 0 1
18.8699 13.625 162.663 18.084 6.18299 73.0055 -1.94926 -13 75 1 0 1
29.4985 4.35901 162.663 22.7802 2.08981 76.5068 -0.830639 -13 76 1 0 1
19.9546 -6.88674 162.663 17.5404 -3.57812 54.8264 3.47277 -13 77 1 0 1
4.8128 1.75766 162.663 11.9871 0.209287 58.9363 0.285879 -13 78 1 0 1
22.805 -7.77377 162.663 19.1291 -3.36426 60.1193 2.46298 -13 79 1 0 1
18.1964 -13.4484 162.663 17.6878 -5.64939 70.4115 0.986662 -13 80 1 0 1
19.8185 21.7346 162.663 18.1699 11.4555 67.5191 1.04267 -13 81 1 0 1
19.7095 5.88542 162.663 18.1957 2.84828 60.1599 2.24848 -13 82 1 0 1
5.45281 2.13124 162.663 12.132 1.77979 69.6956 0.974525 -13 83 1 0 1
-20.0828 -5.56591 162.663 1.54179 -2.44337 63.6761 1.17174 -13 84 1 0 1
20.1761 3.10106 162.663 19.0233 1.1467 73.5136 2.06575 -13 85 1 0 1
21.8398 -14.045 162.663 19.1942 -7.74818 65.42 0.80758 -13 86 1 0 1
18.4596 -29.7262 162.663 16.4548 -10.1171 47.6348 2.06525 -13 87 1 0 1
4.66147 -13.6378 162.663 11.7189 -5.96828 67.2546 0.580099 -13 88 1 0 1
24.6986 -4.98005 162.663 19.8036 -1.2965 59.1975 0.47985 -13 89 1 0 1
18.9916 10.0547 162.663 17.9708 4.13634 63.4062 0.832726 -13 90 1 0 1
-5.28852 -7.93836 162.663 7.88415 -3.52412 63.9949 1.89986 -13 91 1 0 1
36.9759 6.86425 162.663 23.3984 2.47856 50.3706 1.14948 -13 92 1 0 1
28.7838 -0.985813 162.663 21.1709 -0.872917 55.2723 1.93704 -13 93 1 0 1
23.395 3.85594 162.663 20.1269 2.10936 67.7076 1.04569 -13 95 1 0 1
21.5482 22.4727 162.663 18.3806 9.64581 58.1851 -0.731658 -13 96 1 0 1
15.095 -2.73799 162.663 16.101 0.0565323 54.9437 0.0816967 -13 97 1 0 1
14.5991 -5.91573 162.663 16.1648 -1.75924 65.5608 1.44325 -13 98 1 0 1
8.2883 24.9119 162.663 13.2829 10.2918 61.6539 1.55484 -13 99 1 0 1
30.0578 -3.98822 162.663 22.6579 -0.741822 63.9053 0.14924 -13 100 1 0 1
37.7382 -0.0568196 162.663 16.4411 1.38366 60.9359 0.351625 -13 101 1 0 1
23.333 4.90656 162.663 19.6784 1.9812 64.5189 0.932943 -13 102 1 0 1
27.117 8.19332 162.663 21.4069 2.94077 64.1081 0.717104 -13 104 1 0 1
6.45482 17.0445 162.663 12.7757 8.17947 59.0176 -0.376442 -13 105 1 0 1
-5.37178 -6.46965 162.663 7.94784 -2.57459 60.0056 1.35734 -13 106 1 0 1
14.4954 -15.8509 162.663 15.9511 -7.37102 68.4913 -0.0606989 -13 107 1 0 1
26.4684 6.55705 162.663 21.3511 3.08393 64.6304 2.01352 -13 109 1 0 1
1.37242 2.07754 162.663 9.63699 1.21961 72.1694 0.706235 -13 110 1 0 1
1.47464 -6.61985 162.663 9.50345 -2.3326 76.8211 0.636363 -13 111 1 0 1
36.3344 -2.0679 162.663 22.8977 -1.30613 51.7664 -0.691769 -13 112 1 0 1
32.7622 12.494 162.663 21.7809 4.31487 50.8862 1.95236 -13 113 1 0 1
31.7405 -15.9729 162.663 22.7676 -6.7496 59.1863 1.00756 -13 114 1 0 1
-4.3384 -6.55773 162.663 7.08925 -3.19334 72.7059 1.47544 -13 116 1 0 1
15.585 6.58819 162.663 15.7479 2.76973 53.3446 0.795657 -13 117 1 0 1
35.1154 -17.8968 162.663 21.0232 -6.49925 42.3704 0.899901 -13 118 1 0 1
12.6769 6.74066 162.663 15.2684 3.56241 69.0065 1.48378 -13 119 1 0 1
-0.702594 3.30681 162.663 10.0802 1.35613 49.138 1.04431 -13 120 1 0 1
29.7603 -20.1558 162.663 21.535 -6.95799 57.2614 2.61498 -13 121 1 0 1
0.446718 -6.84412 162.663 9.07289 -2.91164 76.7635 1.55017 -13 122 1 0 1
12.0571 -25.2157 162.663 14.9306 -11.3101 69.1403 1.73123 -13 123 1 0 1
-14.2058 -32.3031 162.663 4.40475 -12.6942 59.8341 -0.439241 -13 125 1 0 1
4.74575 -3.39293 162.663 10.8611 -3.15374 78.3922 1.857 -13 126 1 0 1
27.3535 20.9651 162.663 20.5811 7.59384 56.6682 -0.00637825 -13 127 1 0 1
18.4935 -9.90406 162.663 17.6883 -5.09194 62.4105 1.35615 -13 128 1 0 1
19.6127 5.18144 162.663 18.1237 2.33949 66.6712 0.519766 -13 131 1 0 1
-13.0815 7.21213 162.663 2.91436 3.1358 73.9212 2.23306 -13 132 1 0 1
37.5662 -0.0531043 162.663 28.5988 2.2888 54.6612 -0.285241 -13 133 1 0 1
30.5782 3.68901 162.663 23.6667 1.67417 72.0595 1.33335 -13 134 1 0 1
21.4385 4.54242 162.663 18.9947 1.08853 67.5796 1.81672 -13 135 1 0 1
5.07147 -7.78434 162.663 12.0929 -3.47932 62.0758 2.528 -13 137 1 0 1
10.6238 31.4844 162.663 13.9261 11.6535 53.7208 1.42112 -13 140 1 0 1
25.3612 19.0834 162.663 18.8912 7.21715 49.1555 1.05437 -13 141 1 0 1
-7.10998 -7.9192 162.663 6.17833 -3.954 71.252 0.0774637 -13 143 1 0 1
33.1893 -0.522672 162.663 24.5642 -0.832708 67.9142 3.85491 -13 144 1 0 1
36.3137 -42.8295 162.663 22.8208 -15.2247 51.3691 2.821 -13 145 1 0 1
35.3829 -9.68072 162.663 24.6411 -3.4155 61.7886 1.21533 -13 146 1 0 1
13.1201 -5.08849 162.663 15.4885 -2.21078 63.648 -0.228774 -13 147 1 0 1
-0.558063 -19.071 162.663 9.23191 -7.64312 69.2028 1.18508 -13 148 1 0 1
25.9582 26.9252 162.663 20.6246 11.7575 62.1961 0.808215 -13 150 1 0 1
30.9217 -30.6088 162.663 21.1649 -11.4975 52.475 2.27554 -13 151 1 0 1
20.9085 -5.0158 162.663 18.6378 -2.25496 61.8449 3.09012 -13 152 1 0 1
6.35607 -16.5373 162.663 12.4825 -8.36784 66.6754 0.437543 -13 153 1 0 1
-2.97593 -18.3931 162.663 6.94434 -9.49293 78.0849 -1.24952 -13 154 1 0 1
-0.663385 1.47741 162.663 9.48689 0.289734 66.4986 -0.533844 -13 155 1 0 1
9.02536 1.5799 162.663 13.7312 1.2428 61.0551 0.854917 -13 157 1 0 1
9.0564 7.70359 162.663 12.7745 3.01216 78.4251 2.13826 -13 158 1 0 1
5.17613 18.8918 162.663 12.2695 6.4814 55.1072 0.366527 -13 159 1 0 1
37.4047 -1.70929 162.663 25.9051 -2.83324 65.6148 2.45076 -13 161 1 0 1
0.901276 9.81696 162.663 10.7267 2.52622 39.5801 0.72817 -13 162 1 0 1
2.53591 14.3626 162.663 10.6177 7.61676 69.528 -0.845611 -13 163 1 0 1
34.5977 -24.4412 162.663 24.0814 -11.0905 61.1873 0.976493 -13 164 1 0 1
-16.4911 -21.1585 162.663 7.37868 -4.12738 27.1476 3.95327 -13 165 1 0 1
-27.8112 -3.60284 162.663 -3.24152 -1.74141 71.3657 0.628359 -13 166 1 0 1
37.7595 26.7096 162.663 23.168 7.09458 52.6908 1.55467 -13 167 1 0 1
2.23498 17.3679 162.663 9.14171 9.43625 78.3719 1.89904 -13 168 1 0 1
0.454665 -8.22507 162.663 9.81961 -4.00519 67.1129 0.203106 -13 170 1 0 1
18.1198 10.5392 162.663 16.975 3.33384 54.4088 0.596063 -13 172 1 0 1
25.4734 10.9331 162.663 20.9681 3.58773 65.773 1.11104 -13 174 1 0 1
6.40448 -16.8489 162.663 12.581 -5.90524 46.6077 0.930767 -13 176 1 0 1
26.8265 -11.9562 162.663 19.4487 -3.70559 49.161 0.458722 -13 178 1 0 1
33.6896 -30.6278 162.663 24.1003 -14.4325 64.67 0.125828 -13 179 1 0 1
37.0468 -20.688 162.663 22.5074 -6.80324 47.5153 2.6048 -13 180 1 0 1
13.1201 -8.1569 162.663 13.7917 -2.10972 37.0401 -0.162037 -13 181 1 0 1
2.97166 7.67289 162.663 11.353 2.30805 39.5348 0.349657 -13 182 1 0 1
-14.2014 -8.5141 162.663 4.81365 -3.92063 57.0923 0.977857 -13 184 1 0 1
7.05564 -16.6696 162.663 12.9668 -7.17221 58.9729 0.146523 -13 185 1 0 1
37.1157 18.9022 162.663 20.1215 5.41542 36.9881 0.617086 -13 186 1 0 1
23.1772 1.17792 162.663 20.1396 1.86087 68.7213 1.97817 -13 188 1 0 1
-8.34891 -10.2852 162.663 4.03623 -5.53426 79.9349 0.963063 -13 189 1 0 1
-0.269394 9.75143 162.663 10.2014 3.92385 59.145 2.83493 -13 191 1 0 1
7.29118 8.51958 162.663 11.933 5.785 79.319 1.62724 -13 192 1 0 1
4.88304 -9.61522 162.663 11.7278 -3.11228 37.5776 0.266695 -13 193 1 0 1
18.5117 30.1655 162.663 17.6945 14.2465 66.7332 0.61008 -13 194 1 0 1
19.0705 -0.466287 162.663 17.6051 -0.130577 57.8613 3.19245 -13 195 1 0 1
23.2494 -5.78316 162.663 19.6822 -4.4592 78.1564 3.35775 -13 196 1 0 1
2.30458 21.5681 162.663 10.9768 8.74882 62.2971 -0.0238022 -13 197 1 0 1
-6.51819 34.7175 162.663 7.83139 11.9912 56.9948 -0.643568 -13 199 1 0 1
8.55265 -10.4785 162.663 13.132 -3.1235 49.3793 1.70838 -13 200 1 0 1
-13.4941 -10.8537 162.663 3.35673 -5.47375 70.0464 1.16088 -13 201 1 0 1
11.3729 44.4078 162.663 14.1533 16.2289 56.2082 0.111658 -13 202 1 0 1
12.3073 1.05788 162.663 14.9995 -0.17127 60.4165 1.1765 -13 203 1 0 1
22.0254 4.93764 162.663 17.4421 0.82344 47.0167 2.49293 -13 205 1 0 1
-30.1202 4.06147 162.663 -6.95638 1.6362 77.7812 1.00851 -13 206 1 0 1
-2.58876 -26.5429 162.663 9.25074 -9.99403 56.8127 -0.108831 -13 207 1 0 1
-20.031 4.14011 162.663 0.577852 1.99115 69.951 0.559355 -13 208 1 0 1
2.08431 36.2025 162.663 9.87737 17.1199 72.0127 2.92005 -13 212 1 0 1
-14.5277 17.9758 162.663 4.52405 6.55958 59.7275 -0.39225 -13 213 1 0 1
9.03555 20.3804 162.663 13.4636 9.37048 74.1432 1.84222 -13 214 1 0 1
8.36687 -19.7923 162.663 13.0586 -10.6501 70.7125 2.57763 -13 215 1 0 1
19.5142 1.06239 162.663 18.2214 0.564818 67.7055 1.99676 -13 216 1 0 1
-8.51655 11.319 162.663 6.15309 4.69799 64.8588 1.07054 -13 218 1 0 1
14.3038 -7.29729 162.663 16.0835 -3.63263 75.9138 0.860392 -13 219 1 0 1
18.911 3.17977 162.663 18.1382 0.795851 69.9668 3.24212 -13 220 1 0 1
8.43984 21.7498 162.663 13.2624 10.485 71.1157 0.0730964 -13 222 1 0 1
-4.09759 4.04781 162.663 8.29854 2.34611 61.6413 1.95968 -13 223 1 0 1
0.0426708 -1.1126 162.663 10.1205 -0.115603 62.0388 0.483766 -13 224 1 0 1
26.9774 30.6641 162.663 19.5033 11.0235 50.5587 0.783834 -13 226 1 0 1
8.21754 -17.8174 162.663 13.3582 -7.52146 60.9833 0.98999 -13 227 1 0 1
13.8915 2.0355 162.663 15.4738 0.890108 76.9511 -1.07128 -13 228 1 0 1
1.58839 7.20079 162.663 9.80138 2.46086 72.4528 1.12028 -13 229 1 0 1
-5.05818 -3.82562 162.663 7.67283 -1.9734 65.4571 -0.536013 -13 233 1 0 1
31.497 4.58647 162.663 23.2758 1.96951 64.1759 0.317782 -13 234 1 0 1
26.3794 -13.5361 162.663 21.5856 -7.49684 71.0644 1.16479 -13 235 1 0 1
-2.57976 -15.5816 162.663 8.82349 -7.50543 64.6 2.218 -13 236 1 0 1
15.6155 4.13799 162.663 16.3206 1.5447 60.8914 1.0596 -13 238 1 0 1
-6.1339 -3.97867 162.663 6.54503 -0.729902 70.7255 2.17373 -13 239 1 0 1
10.5578 -6.8331 162.663 14.2851 -3.48176 57.2654 2.8483 -13 242 1 0 1
38.8379 -19.6638 162.663 18.2598 -1.10258 44.1327 0.843787 -13 243 1 0 1
23.0431 10.5311 162.663 20.1909 5.1764 73.9076 1.54825 -13 244 1 0 1
28.6744 16.7417 162.663 22.4021 9.1216 68.061 0.225708 -13 245 1 0 1
15.493 14.004 162.663 16.4971 7.57104 68.8092 0.72021 -13 246 1 0 1
12.5513 -23.9435 162.663 14.8987 -8.77246 58.7613 0.691258 -13 247 1 0 1
9.16235 -13.8305 162.663 13.712 -6.02452 66.6991 1.61491 -13 248 1 0 1
25.6856 -24.786 162.663 20.6854 -11.0974 65.1645 -0.542515 -13 250 1 0 1
19.3904 29.3754 162.663 17.9594 14.393 68.6918 -0.4193 -13 253 1 0 1
33.9325 20.4629 162.663 21.9086 7.38689 49.7237 0.635712 -13 254 1 0 1
11.5016 8.65317 162.663 14.5336 5.30792 76.2134 0.829984 -13 255 1 0 1
11.3093 10.407 162.663 14.2507 3.68066 52.057 0.171605 -13 256 1 0 1
26.4023 -37.3021 162.663 17.6034 -10.812 39.4402 1.07914 -13 257 1 0 1
16.6959 -3.56889 162.663 16.7067 -1.90272 61.1207 1.12635 -13 258 1 0 1
30.5924 -2.69339 162.663 21.5032 -1.60941 52.6067 -0.0837563 -13 259 1 0 1
10.5685 0.955789 162.663 14.3628 -0.403943 71.3472 0.61683 -13 260 1 0 1
10.2883 15.4389 162.663 14.0555 5.95734 58.6271 -0.0951304 -13 261 1 0 1
26.6358 2.11996 162.663 21.0055 1.13629 59.7589 3.12006 -13 262 1 0 1
18.707 -11.9026 162.663 16.4366 -4.01504 48.1555 0.959187 -13 264 1 0 1
25.0208 5.08942 162.663 20.8826 1.57465 67.7796 1.53277 -13 266 1 0 1
9.916 3.61692 162.663 14.0317 0.337453 62.2289 0.702379 -13 267 1 0 1
32.5039 13.8309 162.663 19.3353 4.35371 39.0199 0.25446 -13 268 1 0 1
-8.28539 6.03759 162.663 4.45994 1.64261 78.0698 1.36243 -13 269 1 0 1
9.15469 -17.8343 162.663 13.795 -8.40047 62.4653 2.26331 -13 270 1 0 1
30.047 -12.7087 162.663 23.5976 -7.37329 74.0776 0.0723341 -13 271 1 0 1
17.3053 -24.3869 162.663 16.8589 -10.1627 59.8033 2.61778 -13 272 1 0 1
-4.39254 7.89606 162.663 8.93583 2.52423 54.485 3.91861 -13 273 1 0 1
25.4003 15.1942 162.663 20.7001 7.50696 64.3077 -1.05453 -13 274 1 0 1
-17.5 3.55312 162.663 3.09979 1.40575 62.0602 2.58532 -13 278 1 0 1
-9.7545 -15.7019 162.663 5.20166 -8.65293 69.0402 -1.51661 -13 279 1 0 1
26.227 5.05233 162.663 20.3274 1.53951 58.217 1.27955 -13 280 1 0 1
15.2291 -8.90322 162.663 16.0931 -3.23048 64.8199 -0.317828 -13 281 1 0 1
17.5524 32.1773 162.663 15.6456 10.5626 45.346 0.40843 -13 282 1 0 1
7.97353 12.8512 162.663 13.1467 3.39119 51.589 0.785343 -13 284 1 0 1
-16.9662 14.6913 162.663 3.05075 6.46264 62.684 0.524336 -13 285 1 0 1
-4.4816 -13.7585 162.663 7.63457 -3.98282 69.2576 -0.509342 -13 286 1 0 1
15.1902 -0.203393 162.663 15.4319 -0.785877 49.8148 -0.451155 -13 287 1 0 1
7.34153 22.0473 162.663 12.3983 11.2484 76.6122 1.34762 -13 289 1 0 1
20.3618 -19.8443 162.663 18.5796 -10.2225 72.6087 1.35794 -13 291 1 0 1
4.43578 9.26304 162.663 11.3487 4.92697 72.7203 0.641721 -13 292 1 0 1
-19.7815 27.2734 162.663 3.89572 9.82773 49.8806 3.25739 -13 293 1 0 1
4.61848 6.96458 162.663 11.8255 2.79242 64.4649 1.06036 -13 295 1 0 1
-4.01194 8.4632 162.663 8.74417 3.19042 59.1187 0.766102 -13 296 1 0 1
21.3063 5.1722 162.663 18.9286 1.47186 64.8149 -0.897173 -13 298 1 0 1
-25.8504 19.2052 162.663 2.29435 6.94372 47.8839 3.98114 -13 299 1 0 1
-0.577903 12.0164 162.663 9.88214 4.22373 62.2454 0.231348 -13 301 1 0 1
-17.0052 0.181277 162.663 3.0645 1.01291 62.6199 1.24676 -13 302 1 0 1
14.6222 4.17264 162.663 15.9514 2.69345 60.5748 1.01604 -13 303 1 0 1
12.3458 15.8058 162.663 14.9561 7.58958 64.1879 1.50637 -13 304 1 0 1
-9.6566 27.6306 162.663 7.63681 8.2827 44.4294 2.48803 -13 305 1 0 1
7.90582 -9.41243 162.663 13.2141 -4.77482 65.5684 -0.0817332 -13 306 1 0 1
14.5185 -40.0412 162.663 15.5779 -19.0858 65.6049 -0.331349 -13 307 1 0 1
5.90805 -28.7649 162.663 11.8504 -13.6348 71.924 0.995847 -13 308 1 0 1
9.96565 8.2277 162.663 14.0854 3.68403 65.4808 0.0988729 -13 309 1 0 1
38.1541 -10.1387 162.663 32.4271 10.0655 53.7119 0.543247 -13 310 1 0 1
-1.5666 3.71748 162.663 8.677 2.1609 71.3847 0.747788 -13 312 1 0 1
-0.842692 24.7438 162.663 8.83326 11.375 71.6521 1.84501 -13 313 1 0 1
2.38469 11.4829 162.663 10.4248 5.18395 67.4922 0.3456 -13 314 1 0 1
5.87272 -21.2703 162.663 12.3339 -9.20707 62.9214 1.73058 -13 317 1 0 1
17.2989 -5.64293 162.663 17.309 -1.98448 67.0857 -0.486805 -13 318 1 0 1
8.76854 16.5068 162.663 13.2304 8.79136 69.0061 2.9301 -13 319 1 0 1
37.0101 2.15539 162.663 26.3049 1.03501 67.6145 1.50936 -13 320 1 0 1
35.1667 -2.01827 162.663 22.8351 -0.978957 52.6249 -0.588077 -13 321 1 0 1
0.123736 7.06349 162.663 7.7075 4.11264 79.7402 2.69842 -13 322 1 0 1
31.3836 -19.7371 162.663 23.981 -8.07729 71.7211 1.10732 -13 323 1 0 1
19.2609 14.4394 162.663 18.0419 6.25777 63.4044 0.273846 -13 324 1 0 1
21.2764 -10.7859 162.663 19.2219 -5.39032 70.0903 0.879003 -13 325 1 0 1
-17.2982 28.0791 162.663 3.05798 10.6491 60.6163 0.955686 -13 326 1 0 1
-2.78928 -6.052 162.663 9.10299 -4.11896 58.9017 -0.517377 -13 328 1 0 1
12.0698 21.4609 162.663 14.9546 10.1417 67.1446 2.00709 -13 329 1 0 1
28.2948 -5.84351 162.663 22.7227 -2.06305 73.5245 0.0197686 -13 330 1 0 1
-7.20748 13.1037 162.663 5.90786 4.51094 71.9974 -0.690202 -13 331 1 0 1
21.3186 -9.39811 162.663 14.0118 -1.42689 24.4343 0.643935 -13 332 1 0 1
0.0601447 -12.8713 162.663 10.0566 -5.32379 65.2285 1.25571 -13 334 1 0 1
18.9584 -16.1264 162.663 17.8748 -7.07442 63.2044 1.27186 -13 335 1 0 1
13.7582 -23.0225 162.663 15.3399 -10.0756 67.0187 0.242452 -13 336 1 0 1
21.0084 -21.8575 162.663 17.0573 -6.86168 47.3336 1.48491 -13 339 1 0 1
22.2867 17.587 162.663 19.5466 8.35069 66.636 1.10473 -13 340 1 0 1
21.5818 -2.67125 162.663 19.6892 -2.45466 75.382 0.792127 -13 341 1 0 1
6.71417 13.3161 162.663 12.273 6.97516 72.6136 1.47396 -13 342 1 0 1
19.5099 -14.6823 162.663 17.8427 -6.97684 59.675 0.592391 -13 343 1 0 1
9.9096 2.14568 162.663 14.1347 1.55085 67.6754 0.0386509 -13 345 1 0 1
-15.75 0.732165 162.663 3.19449 0.242611 65.827 1.49456 -13 346 1 0 1
6.04493 3.50858 162.663 12.4401 1.62895 67.4716 0.0497783 -13 347 1 0 1
20.3456 14.2044 162.663 17.3559 6.05231 49.7941 0.568149 -13 348 1 0 1
21.9268 -13.8854 162.663 19.0195 -5.68593 62.5279 1.69834 -13 350 1 0 1
4.91255 14.3937 162.663 11.6704 6.12295 69.376 -0.675634 -13 352 1 0 1
9.36975 14.2229 162.663 13.9085 5.72964 64.5016 0.675377 -13 353 1 0 1
18.3981 19.1419 162.663 16.6216 6.04576 51.5002 1.44267 -13 354 1 0 1
-2.37075 17.7876 162.663 7.80526 8.8151 73.6607 0.369476 -13 355 1 0 1
26.7835 3.8856 162.663 17.6716 1.45644 39.0822 1.27507 -13 357 1 0 1
32.1765 4.66515 162.663 22.9223 2.93401 58.2996 1.4088 -13 359 1 0 1
-0.890585 -9.66207 162.663 8.66697 -4.62312 74.9334 0.219681 -13 360 1 0 1
20.6404 4.19695 162.663 18.9306 2.85451 75.0831 0.694742 -13 361 1 0 1
2.73602 1.93859 162.663 11.0801 0.0584549 65.2849 -1.88638 -13 362 1 0 1
9.95991 11.8007 162.663 13.8226 6.48399 74.098 0.523337 -13 363 1 0 1
16.274 -11.736 162.663 16.4387 -4.56663 62.9589 1.15719 -13 364 1 0 1
12.0223 16.0312 162.663 14.9856 7.25585 63.1865 1.46444 -13 368 1 0 1
17.1306 -4.23961 162.663 16.8548 -0.997147 58.191 -0.133865 -13 369 1 0 1
-9.21258 2.72588 162.663 4.88246 1.03654 72.7568 1.70596 -13 370 1 0 1
14.3829 -10.8332 162.663 16.1517 -4.28002 64.3317 3.29263 -13 371 1 0 1
23.8813 -24.2445 162.663 18.6695 -9.54917 50.4342 1.87127 -13 372 1 0 1
0.0499477 -16.569 162.663 9.90673 -7.38542 64.0797 1.60886 -13 373 1 0 1
-4.03361 -0.353912 162.663 6.86755 0.314057 76.5119 1.45013 -13 374 1 0 1
-17.5414 13.3729 162.663 -0.389875 7.44782 78.9963 -0.584958 -13 375 1 0 1
-0.832868 -32.5878 162.663 9.043 -14.6018 68.1229 1.35754 -13 376 1 0 1
36.3071 -14.6359 162.663 20.6931 -4.98395 40.1654 3.42454 -13 378 1 0 1
23.9265 -47.4405 162.663 19.4199 -21.153 63.0823 1.57045 -13 379 1 0 1
35.6328 5.15032 162.663 23.697 3.00685 55.4363 2.14849 -13 381 1 0 1
31.9812 -21.1962 162.663 23.989 -9.993 68.5639 0.536705 -13 382 1 0 1
-23.294 6.66653 162.663 2.81534 1.90289 50.0716 2.43958 -13 383 1 0 1
12.623 -8.58442 162.663 15.332 -4.66851 65.7799 2.67304 -13 385 1 0 1
11.7879 -4.8068 162.663 14.941 -2.53277 68.3421 2.8083 -13 386 1 0 1
-0.691011 -1.95683 162.663 9.00252 -1.40896 71.1191 0.985554 -13 387 1 0 1
25.6208 -0.914895 162.663 18.9655 -0.0933736 48.6354 0.33004 -13 388 1 0 1
1.80809 3.75013 162.663 10.8951 1.25567 63.0137 1.67738 -13 390 1 0 1
4.00543 -1.82271 162.663 11.8475 -1.64701 53.1785 1.25006 -13 392 1 0 1
12.727 28.1656 162.663 14.8464 10.5997 58.7439 0.165899 -13 394 1 0 1
5.40574 27.9926 162.663 11.6261 14.5683 73.5086 -0.807596 -13 395 1 0 1
29.5194 -14.4988 162.663 21.3348 -5.19947 56.3055 2.25524 -13 397 1 0 1
18.0958 -6.34276 162.663 17.4883 -3.10295 64.5748 1.7737 -13 398 1 0 1
14.4555 -25.3688 162.663 15.8134 -11.1255 69.2145 2.92138 -13 399 1 0 1
23.3835 11.0522 162.663 19.6376 6.29789 61.8586 0.907955 -13 400 1 0 1
26.4704 -0.478998 162.663 21.4908 0.0420934 68.8661 0.647888 -13 401 1 0 1
-5.36735 -0.90864 162.663 8.21833 -0.620577 57.5574 0.699083 -13 402 1 0 1
23.9503 -17.578 162.663 19.9563 -8.42464 63.2711 2.13614 -13 404 1 0 1
11.0031 -17.7033 162.663 14.2579 -7.95542 58.5513 0.396732 -13 406 1 0 1
11.78 -15.1296 162.663 14.8957 -5.9356 64.5568 2.19843 -13 407 1 0 1
37.7197 -3.39828 162.663 15.2941 2.49364 56.3115 1.27612 -13 409 1 0 1
2.80815 -13.5022 162.663 10.3358 -6.67514 75.4663 -1.73815 -13 410 1 0 1
18.6465 17.8903 162.663 15.8468 4.13934 40.9316 1.79696 -13 411 1 0 1
11.7059 -22.2653 162.663 14.6797 -9.82328 65.2933 2.17165 -13 412 1 0 1
-5.02272 10.6484 162.663 6.06125 4.89421 78.7021 0.906268 -13 413 1 0 1
-8.2808 -12.7236 162.663 7.21548 -4.56756 58.0908 1.98513 -13 414 1 0 1
37.453 19.3366 162.663 21.3369 7.91276 51.8434 1.38099 -13 415 1 0 1
12.0552 0.866131 162.663 14.9664 -0.308049 68.1184 2.35659 -13 418 1 0 1
12.9078 -19.8081 162.663 15.2962 -10.308 71.8893 0.418565 -13 421 1 0 1
27.5432 51.2554 162.663 23.6724 22.8019 33.6214 1.35824 -13 422 1 0 1
-12.0041 -39.9054 162.663 6.68082 -10.9497 45.4978 0.972571 -13 423 1 0 1
14.1599 7.52509 162.663 15.9354 3.54469 62.2548 0.872287 -13 425 1 0 1
7.98684 7.34345 162.663 12.7369 4.49642 73.1765 -0.574569 -13 426 1 0 1
5.39831 21.9271 162.663 12.0267 10.3309 64.4711 1.30175 -13 428 1 0 1
-13.5604 31.1451 162.663 2.96417 14.4512 70.5112 -0.825015 -13 430 1 0 1
15.8108 -11.1699 162.663 16.5559 -5.72934 74.1141 2.7304 -13 431 1 0 1
26.0659 11.8304 162.663 21.0169 5.87474 64.7067 2.84981 -13 432 1 0 1
13.2534 -23.5042 162.663 15.2912 -11.8674 68.1039 2.26011 -13 433 1 0 1
28.7979 24.3121 162.663 20.9695 10.4137 55.6101 1.1125 -13 434 1 0 1
19.9932 -0.346073 162.663 18.3255 0.0918891 65.0035 -1.41613 -13 437 1 0 1
13.2686 0.147561 162.663 15.2803 0.172106 53.0641 2.97874 -13 438 1 0 1
16.5469 -29.7229 162.663 16.4656 -11.6871 60.8202 -0.186801 -13 439 1 0 1
31.0376 17.0187 162.663 22.0928 7.04318 57.4124 1.18298 -13 440 1 0 1
-1.0014 0.318796 162.663 8.8684 0.0378133 71.3841 2.21358 -13 441 1 0 1
2.51555 -2.92768 162.663 10.981 -0.137808 64.9392 0.76118 -13 442 1 0 1
26.8839 6.30794 162.663 20.1226 3.38541 53.5076 2.0486 -13 443 1 0 1
33.7819 -4.01876 162.663 24.4249 -2.96758 65.283 0.952484 -13 445 1 0 1
15.7837 -13.4099 162.663 16.7158 -5.09805 67.7743 -0.688283 -13 446 1 0 1
11.5188 6.57315 162.663 14.8222 3.65154 69.1699 -1.14592 -13 448 1 0 1
17.4829 -0.434857 162.663 16.2676 -0.531924 50.3846 0.86391 -13 449 1 0 1
21.4437 5.15928 162.663 19.4498 1.77703 78.8335 0.870336 -13 451 1 0 1
14.1337 -5.93004 162.663 16.0698 -2.92999 65.5918 1.97718 -13 452 1 0 1
31.3573 -6.94664 162.663 22.3265 -2.46227 55.8339 0.639538 -13 453 1 0 1
7.7138 7.62879 162.663 13.2051 2.36582 49.0356 2.43299 -13 454 1 0 1
32.1996 22.8302 162.663 22.9568 9.8576 60.5135 0.292258 -13 456 1 0 1
6.41954 5.18936 162.663 12.4515 2.78527 64.432 0.739217 -13 460 1 0 1
-0.1698 17.3881 162.663 9.82952 8.07702 65.356 1.24362 -13 461 1 0 1
30.875 3.77024 162.663 22.8058 1.7271 61.1746 0.631013 -13 462 1 0 1
22.1514 -4.5052 162.663 19.4027 -1.88473 66.4028 2.35183 -13 463 1 0 1
37.2553 44.551 162.663 23.9241 17.494 55.608 0.839951 -13 464 1 0 1
10.2415 40.5824 162.663 12.7247 10.2086 36.3363 0.543485 -13 465 1 0 1
31.9642 20.9917 162.663 21.6677 8.03885 52.966 1.35038 -13 466 1 0 1
26.3858 -6.37189 162.663 19.8967 -3.34165 52.7297 0.186896 -13 468 1 0 1
16.7892 35.3348 162.663 15.6845 11.4962 47.8437 1.56541 -13 469 1 0 1
23.8834 -14.8502 162.663 19.7107 -5.68551 61.9326 0.459863 -13 470 1 0 1
32.4126 23.5814 162.663 20.5825 7.37859 45.2537 2.33857 -13 471 1 0 1
15.9619 -11.0332 162.663 16.1077 -4.11334 52.8041 0.418888 -13 473 1 0 1
21.0378 15.2781 162.663 19.1879 7.71535 69.7188 2.43532 -13 475 1 0 1
-8.08678 27.7289 162.663 6.72666 11.3889 61.058 0.953887 -13 476 1 0 1
21.9171 28.9318 162.663 19.2796 11.8317 63.9993 -0.371254 -13 477 1 0 1
12.1443 -14.1103 162.663 14.728 -5.4161 60.0765 -0.830625 -13 478 1 0 1
33.3885 -1.05709 162.663 20.5397 -0.732343 44.1264 0.548034 -13 479 1 0 1
26.3367 -22.4894 162.663 18.0411 -7.27934 41.3609 1.63426 -13 482 1 0 1
-9.96628 23.733 162.663 5.04463 10.2643 68.8672 1.6853 -13 483 1 0 1
-4.85745 -7.58359 162.663 7.47399 -3.78591 67.0862 -0.359419 -13 484 1 0 1
-6.90856 -30.7023 162.663 7.56394 -12.0061 57.0347 2.86889 -13 485 1 0 1
20.7757 -32.7004 162.663 17.741 -13.1267 55.2706 3.76883 -13 486 1 0 1
-17.1952 -10.401 162.663 3.29225 -4.20515 61.5043 0.0798621 -13 488 1 0 1
30.5449 20.9231 162.663 18.5411 6.89944 38.0812 2.66132 -13 489 1 0 1
11.7955 -31.008 162.663 14.6682 -13.4193 60.6916 -0.844194 -13 490 1 0 1
28.7119 9.73399 162.663 22.3682 3.37915 66.8004 1.76695 -13 491 1 0 1
25.3511 12.8281 162.663 19.9984 5.97801 58.2061 2.16717 -13 492 1 0 1
14.2984 -8.54331 162.663 15.9194 -3.51534 57.632 2.02 -13 493 1 0 1
37.4091 -31.8637 162.663 20.4431 -8.8684 37.3085 1.58821 -13 496 1 0 1
25.2583 4.03286 162.663 20.2827 1.84619 61.3781 1.22694 -13 497 1 0 1
4.69679 14.758 162.663 11.6773 6.83481 68.0804 0.480324 -13 498 1 0 1
26.1658 9.17694 162.663 19.0691 2.49784 48.7955 0.279138 -13 499 1 0 1
19.6223 9.1898 162.663 18.5097 4.14597 77.3882 0.542966 -13 501 1 0 1
-16.26 12.5148 162.663 2.66468 4.66138 66.8671 -0.241136 -13 502 1 0 1
12.5388 -34.6118 162.663 15.0498 -14.3367 66.835 -0.706561 -13 503 1 0 1
12.7615 10.0677 162.663 15.12 4.76749 64.6887 1.22238 -13 504 1 0 1
-4.37184 -6.21496 162.663 6.17484 -3.71499 79.1674 2.10061 -13 506 1 0 1
34.7266 -17.8668 162.663 25.1717 -8.16251 68.3786 0.905171 -13 509 1 0 1
-2.67111 18.0319 162.663 9.11277 6.9948 60.3843 2.12391 -13 510 1 0 1
-17.1108 0.342506 162.663 1.49213 0.764589 72.1052 2.9294 -13 511 1 0 1
1.86448 -8.74842 162.663 10.8159 -3.19986 57.8586 0.585229 -13 512 1 0 1
34.1411 8.41788 162.663 21.4802 3.29361 47.1424 2.23767 -13 513 1 0 1
7.73589 1.58488 162.663 12.9489 0.640128 53.8561 -2.44614 -13 514 1 0 1
-11.9593 0.904007 162.663 4.47516 0.587932 66.6461 -0.538316 -13 515 1 0 1
11.369 9.37729 162.663 14.3505 4.46623 54.9514 -0.929083 -13 516 1 0 1
12.9261 -7.87847 162.663 15.3729 -4.50213 70.6946 -0.261883 -13 517 1 0 1
21.0953 2.01628 162.663 18.8661 1.22494 62.5393 1.73837 -13 518 1 0 1
-9.32501 4.55864 162.663 3.70428 1.91535 78.7811 0.738542 -13 519 1 0 1
20.8846 -15.5348 162.663 18.3823 -6.89504 57.861 3.49289 -13 520 1 0 1
4.97636 -23.0687 162.663 11.7881 -10.0943 68.8684 -0.599693 -13 521 1 0 1
13.2691 10.2357 162.663 15.1676 5.1894 79.1255 1.71182 -13 522 1 0 1
-0.939613 13.077 162.663 9.13532 5.34686 69.4784 1.73458 -13 523 1 0 1
22.7134 -6.65938 162.663 19.187 -1.1677 59.1042 1.67526 -13 524 1 0 1
35.998 33.1085 162.663 19.3554 8.30987 34.9434 2.03609 -13 525 1 0 1
-5.58821 -1.31489 162.663 6.58738 0.447522 72.0751 0.890618 -13 526 1 0 1
6.17538 28.8224 162.663 12.3943 11.2214 57.9392 1.99988 -13 527 1 0 1
9.49947 9.29963 162.663 13.8224 3.23201 53.1177 3.71008 -13 528 1 0 1
18.7754 10.626 162.663 17.9623 4.611 64.8265 0.286756 -13 530 1 0 1
21.7476 11.5044 162.663 18.5844 4.7145 56.1268 1.97136 -13 531 1 0 1
-8.02808 22.9692 162.663 7.6137 8.57046 52.8172 2.69823 -13 532 1 0 1
20.3292 -44.9691 162.663 13.8916 -8.86612 27.2739 4.99095 -13 533 1 0 1
30.0685 -1.76541 162.663 23.0111 -0.473706 66.6835 1.84333 -13 534 1 0 1
20.1545 23.567 162.663 18.355 12.1517 66.9279 -1.95299 -13 535 1 0 1
36.8972 2.61881 162.663 23.1607 1.62227 50.6976 0.128865 -13 536 1 0 1
38.7202 20.2197 162.663 15.9143 -1.49218 23.3006 1.0714 -13 538 1 0 1
8.95755 23.5489 162.663 13.3579 11.4691 69.3912 1.80907 -13 541 1 0 1
25.5232 10.2032 162.663 20.7629 4.95764 64.6442 0.901859 -13 542 1 0 1
36.0354 -14.8963 162.663 25.1253 -7.26153 62.3214 0.390948 -13 543 1 0 1
28.5226 -5.74097 162.663 21.654 -2.61568 60.4005 1.35293 -13 544 1 0 1
20.8032 37.4236 162.663 17.0606 12.9875 49.0632 0.375156 -13 547 1 0 1
24.1836 16.7251 162.663 19.4767 7.60764 58.5138 3.21459 -13 548 1 0 1
30.5202 -10.0103 162.663 21.4787 -2.99403 54.0453 3.56311 -13 549 1 0 1
-19.746 31.5372 162.663 0.800708 14.2532 67.9284 -1.60689 -13 550 1 0 1
-6.38016 -10.0249 162.663 7.75082 -4.27749 59.2169 1.18511 -13 553 1 0 1
-6.16824 -5.43402 162.663 7.16597 -2.75665 65.3331 -0.11524 -13 554 1 0 1
35.2879 21.1106 162.663 25.3989 10.0475 69.4221 2.09302 -13 555 1 0 1
9.69561 22.2744 162.663 13.6656 8.07087 54.9747 1.49166 -13 556 1 0 1
31.5138 -2.35431 162.663 22.4424 -1.23913 57.7506 3.38333 -13 557 1 0 1
8.85034 -9.0459 162.663 13.5969 -4.18885 60.6701 -1.67548 -13 558 1 0 1
-4.15746 14.0924 162.663 9.19128 4.38384 45.6219 -0.26529 -13 560 1 0 1
-12.4782 10.0631 162.663 3.83038 3.86982 69.5876 1.96243 -13 562 1 0 1
28.8419 -7.71097 162.663 22.3625 -4.22771 67.2481 0.525694 -13 564 1 0 1
1.37969 24.7908 162.663 10.7528 9.55341 54.6444 2.27353 -13 565 1 0 1
-2.34159 0.954424 162.663 7.94136 0.148958 73.6236 1.56391 -13 566 1 0 1
4.46769 -8.71432 162.663 11.977 -2.67268 52.0848 1.23551 -13 567 1 0 1
6.68311 18.0165 162.663 12.5608 8.774 70.0636 1.02516 -13 568 1 0 1
19.5831 -14.1703 162.663 17.7307 -5.86956 59.2167 2.73361 -13 569 1 0 1
23.3897 -18.2457 162.663 18.2983 -5.75151 49.272 -1.34288 -13 570 1 0 1
15.9526 -14.7011 162.663 16.7773 -7.9598 73.5393 0.673329 -13 572 1 0 1
-0.305151 -6.50078 162.663 9.59298 -4.01762 68.3622 2.8032 -13 573 1 0 1
0.837633 46.9442 162.663 10.0877 18.6164 57.6671 0.0125593 -13 574 1 0 1
18.4703 4.30667 162.663 17.8199 1.96999 67.8067 1.03999 -13 575 1 0 1
11.7171 2.90983 162.663 14.8831 0.00838869 67.1892 -0.0297391 -13 576 1 0 1
22.9184 -9.37118 162.663 19.4086 -2.74183 62.9664 -1.07567 -13 577 1 0 1
1.61517 29.3254 162.663 9.91955 14.0027 71.5593 2.78149 -13 578 1 0 1
-11.5008 16.0084 162.663 4.63211 7.76308 66.9237 2.35566 -13 580 1 0 1
23.7755 -0.684996 162.663 20.3053 -0.7201 68.5608 0.408995 -13 583 1 0 1
33.2027 13.5027 162.663 23.3456 4.78813 60.4624 0.162466 -13 584 1 0 1
14.9347 -16.2174 162.663 15.9517 -7.56122 63.2694 -1.15213 -13 585 1 0 1
23.0191 -24.491 162.663 19.7956 -11.8496 68.5931 3.03704 -13 586 1 0 1
-4.98388 32.6744 162.663 6.5754 16.4543 72.8124 1.20003 -13 587 1 0 1
32.0268 1.33807 162.663 23.4009 1.22253 62.9317 -1.22566 -13 588 1 0 1
15.3549 8.83367 162.663 16.461 3.66973 68.7191 -0.3925 -13 589 1 0 1
-9.79354 -27.1227 162.663 4.39192 -13.929 73.8673 -0.0337105 -13 590 1 0 1
-3.54933 -0.623272 162.663 6.87944 0.416024 78.0567 3.37949 -13 591 1 0 1
9.32495 -2.08825 162.663 13.9332 -1.35986 70.2049 -1.76916 -13 592 1 0 1
23.3718 6.26641 162.663 19.73 1.45974 61.3789 2.85836 -13 593 1 0 1
-5.22106 -0.00242308 162.663 7.59265 -0.561226 63.4745 1.15154 -13 594 1 0 1
26.022 -5.11426 162.663 20.5304 -1.43205 60.7223 1.50847 -13 595 1 0 1
-18.146 -4.49696 162.663 -1.08401 -2.46051 79.7979 0.723472 -13 597 1 0 1
13.0652 -20.8791 162.663 14.9329 -11.3218 79.3354 -0.923872 -13 598 1 0 1
9.48653 -2.63301 162.663 13.4748 -0.818405 45.4782 -0.417585 -13 599 1 0 1
23.5033 -27.5551 162.663 18.0149 -9.15626 47.6126 1.66333 -13 600 1 0 1
29.8562 0.939476 162.663 21.3682 0.244519 55.8466 2.16971 -13 601 1 0 1
21.5511 -15.6245 162.663 18.9405 -6.43486 61.7853 1.56133 -13 602 1 0 1
-20.8757 -7.95402 162.663 0.436563 -3.36062 68.54 -0.374536 -13 603 1 0 1
34.6805 -1.99606 162.663 24.3272 -0.877847 62.7969 3.54206 -13 606 1 0 1
33.561 29.9094 162.663 24.7634 15.6861 71.7839 0.101966 -13 607 1 0 1
-14.7746 8.86451 162.663 2.20767 5.61329 73.4288 1.01069 -13 609 1 0 1
-1.23966 10.213 162.663 9.14256 6.05325 66.7646 -0.767401 -13 610 1 0 1
12.4543 -0.613897 162.663 14.7646 -0.89151 52.478 1.96988 -13 611 1 0 1
22.1949 -13.8544 162.663 19.2413 -6.56304 61.8808 0.642484 -13 614 1 0 1
-5.723 -11.0444 162.663 6.6472 -6.46794 73.4053 1.67873 -13 615 1 0 1
21.4806 13.4045 162.663 19.5272 7.41119 75.9261 0.624121 -13 616 1 0 1
24.8194 -19.6642 162.663 19.9997 -7.70248 60.8054 0.267112 -13 617 1 0 1
2.76562 6.90425 162.663 10.0321 3.36663 77.4041 -1.37354 -13 620 1 0 1
24.3993 -11.3878 162.663 19.5429 -3.39722 56.9721 1.68699 -13 621 1 0 1
18.3137 0.569733 162.663 17.399 1.19347 58.2748 0.699601 -13 623 1 0 1
33.31 6.42145 162.663 23.9172 2.19122 61.383 0.661016 -13 624 1 0 1
23.0603 20.4583 162.663 18.9982 6.98133 56.5626 0.169085 -13 625 1 0 1
13.6927 12.5019 162.663 15.5353 5.14352 69.1973 3.3502 -13 626 1 0 1
-11.1759 12.646 162.663 3.28957 7.82608 76.6473 1.4314 -13 627 1 0 1
38.8595 6.91486 162.663 19.9251 2.94043 48.3764 1.0497 -13 628 1 0 1
12.673 34.5716 162.663 15.2415 15.0985 63.0761 1.15158 -13 629 1 0 1
-9.45108 20.5325 162.663 5.99501 9.00073 63.0765 1.6307 -13 630 1 0 1
23.6191 3.9224 162.663 19.4252 1.70722 56.1596 0.369388 -13 631 1 0 1
12.5018 -19.9016 162.663 15.0838 -8.48998 65.2033 -0.572659 -13 632 1 0 1
-6.36272 19.9646 162.663 6.1801 10.4621 72.6524 -1.22168 -13 636 1 0 1
30.7847 -0.569644 162.663 23.417 -0.712774 68.7685 0.99199 -13 637 1 0 1
36.4801 -41.0568 162.663 16.8481 -7.90271 24.7835 1.88582 -13 638 1 0 1
29.1053 -22.5935 162.663 21.8959 -9.5925 62.3408 -1.00153 -13 639 1 0 1
26.1232 -21.7791 162.663 19.9444 -7.61877 54.3916 1.01144 -13 642 1 0 1
12.8973 -37.1329 162.663 15.0582 -17.0104 68.2032 0.535605 -13 643 1 0 1
3.83782 -31.0773 162.663 11.4191 -10.5348 48.9156 3.39392 -13 644 1 0 1
30.2086 -24.6737 162.663 21.1135 -8.83613 52.9932 2.0675 -13 645 1 0 1
-6.69316 6.80837 162.663 5.96453 3.05572 72.369 2.23072 -13 646 1 0 1
-21.3877 -1.13437 162.663 -2.25863 -0.0140887 78.5895 -0.651761 -13 647 1 0 1
30.5233 1.61164 162.663 23.0909 0.994011 64.5809 0.809503 -13 649 1 0 1
10.3834 -13.1394 162.663 14.0241 -5.68502 72.403 1.82145 -13 650 1 0 1
20.314 6.48246 162.663 18.4837 2.70868 65.7642 1.40155 -13 651 1 0 1
8.92087 -13.274 162.663 13.5076 -6.01201 64.6545 1.9208 -13 652 1 0 1
17.5191 -12.7387 162.663 17.2584 -5.09966 66.3139 1.52586 -13 653 1 0 1
15.696 -26.337 162.663 13.8063 -6.39503 32.4441 1.69112 -13 655 1 0 1
-12.5075 30.9128 162.663 4.46032 13.5423 63.72 0.830775 -13 656 1 0 1
38.1201 -10.7296 162.663 20.8275 4.87688 43.7562 1.59492 -13 657 1 0 1
7.67413 -18.3141 162.663 12.831 -7.27433 67.928 3.1075 -13 659 1 0 1
14.3737 -10.9915 162.663 15.8075 -4.48594 64.5122 -0.597423 -13 660 1 0 1
4.16314 -10.7864 162.663 10.7452 -6.67275 75.9076 2.45392 -13 661 1 0 1
5.77265 10.3014 162.663 12.3714 3.91715 57.0058 0.719034 -13 662 1 0 1
38.0419 9.78767 162.663 23.4471 -1.8751 38.0421 1.46698 -13 663 1 0 1
4.44181 -17.4173 162.663 11.2551 -7.69087 69.6494 2.60044 -13 664 1 0 1
5.19173 -10.0688 162.663 11.4461 -5.51003 76.1723 1.12036 -13 665 1 0 1
-7.7578 3.23297 162.663 7.03665 1.70026 61.6088 1.92041 -13 666 1 0 1
22.0884 -0.912798 162.663 18.6932 -0.158935 57.9207 -1.18968 -13 667 1 0 1
26.3967 -21.061 162.663 16.2355 -5.13651 32.0123 2.23145 -13 668 1 0 1
19.6197 -31.0299 162.663 18.2414 -13.4708 64.6839 2.28561 -13 669 1 0 1
23.7813 -22.9682 162.663 20.3078 -10.5126 69.7218 0.886779 -13 670 1 0 1
11.841 -35.2028 162.663 14.6436 -14.6354 60.2925 4.12344 -13 675 1 0 1
17.2185 22.0547 162.663 17.2758 11.9173 69.3995 2.41331 -13 678 1 0 1
-3.40822 16.7566 162.663 8.10106 7.53524 67.2216 0.899022 -13 679 1 0 1
5.44119 8.01831 162.663 12.4054 2.48368 54.8558 0.126597 -13 680 1 0 1
11.889 -10.7719 162.663 14.9004 -6.78832 71.8024 -2.38633 -13 681 1 0 1
11.2006 -20.0642 162.663 14.4162 -7.76959 59.3281 0.752716 -13 684 1 0 1
20.5771 23.2938 162.663 18.7183 10.6807 67.2024 1.30239 -13 686 1 0 1
35.4338 -18.9988 162.663 22.1395 -5.9562 48.1739 2.78042 -13 687 1 0 1
10.7255 10.8222 162.663 14.3955 4.0103 65.1768 0.877764 -13 688 1 0 1
23.0906 -1.73914 162.663 19.3959 -1.50953 62.3251 -1.02245 -13 691 1 0 1
10.1093 -6.91107 162.663 14.0249 -3.87572 61.0407 0.00314158 -13 692 1 0 1
36.7343 -1.66917 162.663 22.0152 -2.00718 46.1711 2.96458 -13 693 1 0 1
18.921 -18.8169 162.663 17.6631 -7.04668 62.614 3.3027 -13 694 1 0 1
23.1599 19.0434 162.663 19.5544 8.0708 61.8286 1.2948 -13 696 1 0 1
2.8728 8.78903 162.663 10.4911 4.58606 70.393 1.40923 -13 697 1 0 1
13.8456 -8.01127 162.663 15.7159 -3.70757 70.8114 2.26756 -13 700 1 0 1
24.4681 28.0331 162.663 20.3751 13.2678 65.8975 2.25357 -13 701 1 0 1
-6.37034 10.752 162.663 5.10014 5.07619 79.7921 -1.39846 -13 703 1 0 1
26.157 10.7224 162.663 19.3776 3.41543 50.4099 2.50148 -13 705 1 0 1
16.5997 9.95868 162.663 16.3407 3.66776 52.4747 -0.537834 -13 706 1 0 1
14.671 5.6785 162.663 16.1754 4.03037 70.2284 4.19845 -13 707 1 0 1
-9.23785 -8.92496 162.663 6.62182 -3.45245 59.2789 1.50536 -13 708 1 0 1
16.7946 -15.4098 162.663 17.0379 -7.18394 63.6296 1.01801 -13 709 1 0 1
29.8427 -6.3082 162.663 19.0453 -2.45396 40.857 0.291058 -13 710 1 0 1
37.3743 1.52892 162.663 22.3316 -0.283521 46.1535 0.821201 -13 711 1 0 1
15.1928 -18.7348 162.663 16.2552 -8.24298 67.1529 2.29545 -13 712 1 0 1
4.10242 -19.5046 162.663 10.304 -10.911 79.7772 0.830197 -13 713 1 0 1
27.8648 -3.09009 162.663 19.2931 -1.66661 46.3181 2.8075 -13 714 1 0 1
7.2885 14.9039 162.663 12.6946 7.50403 70.2162 -0.189336 -13 715 1 0 1
14.6386 -8.65274 162.663 15.4049 -3.17638 50.5553 2.88455 -13 717 1 0 1
-0.9566 0.204575 162.663 8.83387 -0.497706 71.92 1.81732 -13 718 1 0 1
21.9027 7.72539 162.663 19.5137 4.30711 69.3419 0.788974 -13 719 1 0 1
17.0891 28.6388 162.663 16.9792 12.2838 63.2921 3.02902 -13 720 1 0 1
30.7083 -25.4389 162.663 23.1934 -11.6106 67.5544 0.817109 -13 721 1 0 1
31.6533 -26.2328 162.663 21.088 -9.53829 50.322 -0.439527 -13 722 1 0 1
18.4248 -12.6172 162.663 17.2867 -4.35061 59.4236 -0.226809 -13 723 1 0 1
15.94 24.7791 162.663 16.635 11.2029 70.4426 2.8881 -13 724 1 0 1
6.84716 19.0231 162.663 12.6934 6.44526 54.3829 0.770392 -13 725 1 0 1
21.6059 -12.0903 162.663 19.3876 -5.72252 74.0385 -0.968609 -13 729 1 0 1
21.4197 -32.6033 162.663 15.5239 -7.36619 33.5064 1.27907 -13 730 1 0 1
6.66798 -9.6172 162.663 12.526 -3.99867 69.5741 -0.35037 -13 731 1 0 1
4.80125 20.3128 162.663 11.83 8.51717 67.7841 2.91724 -13 732 1 0 1
8.78432 -3.54567 162.663 13.2402 -1.78997 44.9697 0.776948 -13 733 1 0 1
22.9473 -0.0605501 162.663 20.0721 -2.39661 68.7965 3.13986 -13 734 1 0 1
36.2654 17.609 162.663 21.1844 5.35925 42.7358 1.00905 -13 736 1 0 1
9.43744 20.7664 162.663 13.9407 8.23034 61.5018 3.02587 -13 737 1 0 1
33.2318 -4.77986 162.663 22.6402 -1.20589 55.1591 -0.127202 -13 739 1 0 1
2.1381 5.5253 162.663 10.2061 2.49767 72.6902 1.64398 -13 740 1 0 1
-12.4965 3.99619 162.663 6.97999 1.46722 43.7518 -0.975328 -13 742 1 0 1
8.39565 11.9959 162.663 13.3957 6.17173 70.8896 2.2063 -13 743 1 0 1
15.5638 19.9197 162.663 15.8343 6.64202 53.1373 1.31876 -13 744 1 0 1
12.4274 -14.948 162.663 15.0864 -6.69854 66.811 -0.910875 -13 746 1 0 1
18.7404 -6.05981 162.663 17.9185 -2.58559 65.7693 1.09121 -13 747 1 0 1
5.94447 5.55493 162.663 12.4655 2.11693 47.9718 -0.671831 -13 748 1 0 1
25.0905 -15.5026 162.663 20.8675 -7.4461 70.129 2.00354 -13 749 1 0 1
15.9496 12.9423 162.663 16.6054 3.55463 61.8265 1.6588 -13 750 1 0 1
28.7511 25.0941 162.663 20.066 9.07192 49.3939 1.11558 -13 751 1 0 1
11.5809 30.2919 162.663 14.683 14.0004 65.1904 0.440022 -13 752 1 0 1
11.5573 3.28698 162.663 14.8853 0.598638 62.7923 -0.09563 -13 753 1 0 1
-3.72564 -3.10059 162.663 7.91721 -0.968568 70.1143 1.19691 -13 754 1 0 1
16.7436 -5.8582 162.663 17.1504 -3.24253 73.9288 -0.580316 -13 755 1 0 1
27.8951 18.3007 162.663 21.6872 8.9961 64.5456 -0.116669 -13 756 1 0 1
23.1171 0.0386442 162.663 18.6834 -0.820516 52.6777 1.40758 -13 758 1 0 1
33.6141 -43.3508 162.663 22.6814 -17.4586 57.0405 2.15264 -13 759 1 0 1
30.2714 -7.83543 162.663 20.9524 -2.96023 51.1917 1.26722 -13 760 1 0 1
9.42508 -14.8714 162.663 13.6176 -5.345 56.9341 1.69808 -13 761 1 0 1
0.390426 13.0317 162.663 10.4325 3.63275 35.2655 0.495637 -13 762 1 0 1
22.2352 9.73329 162.663 19.4719 4.6537 67.4901 -1.69668 -13 764 1 0 1
11.8303 -14.5818 162.663 15.1162 -6.46941 63.2827 0.382589 -13 765 1 0 1
36.0486 -3.78854 162.663 23.6302 -1.6962 54.341 0.576471 -13 767 1 0 1
37.5454 -49.4461 162.663 21.6223 -20.3664 59.8382 1.58743 -13 768 1 0 1
-1.46731 -10.5102 162.663 8.90379 -6.82793 70.5735 -0.167283 -13 770 1 0 1
33.5595 11.9156 162.663 22.2592 4.02937 51.5614 0.88058 -13 772 1 0 1
31.5186 0.923447 162.663 24.2005 0.689635 73.2258 1.36265 -13 773 1 0 1
2.96402 -5.0542 162.663 11.4413 -1.41726 57.6866 1.94136 -13 774 1 0 1
12.3769 16.4041 162.663 14.7589 6.05492 53.5027 3.56961 -13 776 1 0 1
5.69031 -16.103 162.663 12.1272 -7.61744 66.9242 0.873391 -13 777 1 0 1
22.2539 29.064 162.663 16.8926 9.49289 43.0438 3.80101 -13 778 1 0 1
2.54345 -22.0858 162.663 10.8054 -9.84111 67.6908 2.58736 -13 779 1 0 1
30.2546 0.36171 162.663 23.0901 0.314474 63.9794 0.013085 -13 780 1 0 1
7.68306 4.99468 162.663 13.1536 1.6239 65.1039 0.805349 -13 781 1 0 1
4.11041 -15.5897 162.663 11.5575 -6.42355 62.4021 1.45448 -13 782 1 0 1
-12.3685 -44.3763 162.663 4.51255 -19.1727 64.1027 0.0778751 -13 784 1 0 1
-14.8703 -10.3703 162.663 1.12229 -6.91296 78.3928 0.629627 -13 785 1 0 1
-13.4892 0.221659 162.663 4.63021 -0.272596 61.9421 0.0284394 -13 788 1 0 1
38.8188 -3.9291 162.663 10.992 5.43156 34.304 1.34022 -13 789 1 0 1
24.4522 -11.2219 162.663 19.3893 -5.3264 57.2974 2.99713 -13 790 1 0 1
29.2024 -30.9752 162.663 22.2001 -14.2384 63.8221 -0.49303 -13 791 1 0 1
4.93924 -5.98866 162.663 12.0249 -2.48998 65.7894 3.10271 -13 792 1 0 1
37.7865 -3.12516 162.663 25.903 -1.50897 38.4713 2.8812 -13 793 1 0 1
23.0857 -23.5034 162.663 19.876 -9.99703 66.2774 1.19008 -13 794 1 0 1
-1.35244 -26.3502 162.663 9.53583 -9.93912 55.7123 -1.38089 -13 795 1 0 1
-0.516817 3.33332 162.663 10.1991 1.17507 58.2804 0.886175 -13 796 1 0 1
24.8132 -3.32501 162.663 18.1917 -1.80305 45.0699 0.336152 -13 797 1 0 1
12.5943 36.1445 162.663 14.818 17.6457 72.3412 2.86401 -13 798 1 0 1
17.4402 12.1928 162.663 17.0814 4.74008 61.454 1.85626 -13 799 1 0 1
-8.6406 14.7988 162.663 6.76096 6.46432 59.6775 2.17557 -13 800 1 0 1
18.5874 -14.4529 162.663 17.7422 -6.94903 64.8146 -0.36776 -13 802 1 0 1
19.2319 5.57807 162.663 18.265 4.13989 73.7566 -0.840207 -13 803 1 0 1
24.4696 -10.5416 162.663 19.0684 -4.07756 53.1146 2.02973 -13 806 1 0 1
2.12376 -23.3903 162.663 10.7952 -9.62625 65.6717 1.30798 -13 807 1 0 1
-3.70026 13.8078 162.663 9.68631 2.95781 31.0351 3.01968 -13 808 1 0 1
-3.67599 1.20427 162.663 8.38089 0.441184 64.959 0.367655 -13 809 1 0 1
0.716491 -6.6821 162.663 9.21848 -3.93867 76.612 0.158497 -13 810 1 0 1
19.3765 5.4405 162.663 18.5067 3.01724 68.2982 0.670903 -13 811 1 0 1
4.19913 -20.3172 162.663 11.5387 -4.96759 38.56 3.29677 -13 812 1 0 1
14.1753 1.8228 162.663 15.8335 1.55222 60.7157 1.66471 -13 814 1 0 1
7.60118 -8.5642 162.663 12.4859 -4.28326 76.4943 2.31848 -13 816 1 0 1
36.4434 -3.51301 162.663 19.6536 -0.849468 34.4813 -0.28042 -13 817 1 0 1
37.2131 -26.5771 162.663 21.9216 -8.88713 44.3496 1.05671 -13 820 1 0 1
11.6327 -3.28604 162.663 14.3781 -0.416504 51.0306 -0.675813 -13 821 1 0 1
-6.85405 7.40272 162.663 4.00869 2.60473 81.3532 1.43247 -13 822 1 0 1
34.7244 -3.20042 162.663 22.9659 -1.68268 52.7452 0.941631 -13 823 1 0 1
5.66654 -13.7203 162.663 12.125 -5.62958 60.3198 1.23199 -13 825 1 0 1
21.0977 16.4231 162.663 18.713 7.91605 64.2762 -0.483187 -13 826 1 0 1
23.8946 -29.6679 162.663 19.4914 -12.5823 59.3525 3.62153 -13 827 1 0 1
7.68086 1.06503 162.663 13.2656 -0.30154 63.7482 -1.54178 -13 828 1 0 1
23.6883 -21.6856 162.663 19.6395 -9.31167 61.6423 0.769352 -13 830 1 0 1
25.5468 -6.98654 162.663 20.5339 -3.53968 62.7405 2.90363 -13 831 1 0 1
19.4492 -21.2852 162.663 17.2824 -7.96385 53.2179 1.39164 -13 832 1 0 1
12.7139 -9.1868 162.663 15.0483 -3.83966 60.3472 1.31985 -13 833 1 0 1
14.517 -21.2716 162.663 15.825 -7.86063 58.6389 0.736521 -13 834 1 0 1
2.79083 -28.6643 162.663 9.75185 -14.922 76.8406 -0.11918 -13 835 1 0 1
33.4301 30.2815 162.663 23.3893 13.1371 61.3377 0.820461 -13 836 1 0 1
27.0788 8.78147 162.663 21.7781 3.09239 68.5988 -0.456215 -13 838 1 0 1
21.5616 -19.5211 162.663 18.0665 -6.44081 52.7841 0.624039 -13 839 1 0 1
-0.731449 16.8573 162.663 9.75329 6.4284 59.7872 3.39042 -13 840 1 0 1
10.5642 19.4367 162.663 14.2379 6.81652 57.1406 -0.8412 -13 841 1 0 1
14.5312 -10.1739 162.663 16.1334 -4.51574 71.598 -0.122438 -13 842 1 0 1
3.5438 -30.9444 162.663 10.5348 -16.2637 72.6601 1.34036 -13 843 1 0 1
2.51735 29.7624 162.663 11.0734 11.4152 57.7435 1.87738 -13 844 1 0 1
34.197 2.55898 162.663 23.2124 1.46318 55.9335 1.96964 -13 845 1 0 1
4.09369 -3.76429 162.663 11.7607 -2.04144 54.7015 0.212443 -13 848 1 0 1
-3.3276 -8.4 162.663 9.15107 -2.60188 53.5178 -0.961503 -13 849 1 0 1
8.53514 14.8651 162.663 13.4996 5.34485 58.4806 0.495134 -13 851 1 0 1
29.922 -3.90318 162.663 23.213 -1.69628 72.3683 1.3515 -13 852 1 0 1
10.5576 12.9474 162.663 14.251 5.17176 59.6819 2.04389 -13 853 1 0 1
9.41518 -1.80395 162.663 13.5631 -1.92947 68.4643 0.0555867 -13 854 1 0 1
5.75632 23.7623 162.663 12.3333 9.68017 60.9353 1.0697 -13 855 1 0 1
-9.2201 -8.26709 162.663 6.55401 -4.45838 58.7328 1.30815 -13 856 1 0 1
20.431 -3.10924 162.663 18.6234 -0.064697 63.5629 0.0438321 -13 857 1 0 1
-28.1892 8.99465 162.663 -2.23203 3.57096 66.3859 -1.48141 -13 858 1 0 1
10.7503 -0.605468 162.663 14.2178 0.137246 51.5448 2.65124 -13 859 1 0 1
7.07858 8.8989 162.663 12.8604 4.06028 66.8978 2.21458 -13 860 1 0 1
9.70875 -12.8735 162.663 13.7449 -6.71111 75.9385 -0.992734 -13 861 1 0 1
17.2245 13.7863 162.663 17.0311 6.18214 61.6991 0.8539 -13 862 1 0 1
-14.6152 -19.8057 162.663 4.30956 -7.34926 59.985 1.17298 -13 863 1 0 1
7.34016 1.55816 162.663 13.0562 0.900392 61.0057 0.338171 -13 864 1 0 1
10.5191 -12.0472 162.663 14.0788 -3.70755 53.726 2.81391 -13 865 1 0 1
29.8498 34.9202 162.663 20.696 13.3922 52.2642 0.988322 -13 866 1 0 1
31.2413 16.2219 162.663 23.8959 7.26974 70.8536 0.208397 -13 867 1 0 1
2.2426 2.34685 162.663 9.61486 0.538543 78.2584 -0.815005 -13 868 1 0 1
-23.9581 -27.1346 162.663 0.649251 -10.478 60.948 0.292516 -13 869 1 0 1
20.6447 -15.1186 162.663 18.0161 -6.40369 57.4655 1.73435 -13 870 1 0 1
23.8481 -39.9456 162.663 19.5226 -17.2278 62.1692 -0.248773 -13 871 1 0 1
6.50563 -7.3425 162.663 12.5821 -2.80941 66.6874 -0.229986 -13 872 1 0 1
24.403 -5.22349 162.663 20.6999 -3.09603 69.1359 -0.205725 -13 873 1 0 1
7.1203 18.9648 162.663 12.7524 8.48969 66.015 3.48459 -13 874 1 0 1
6.74407 -15.9906 162.663 12.7328 -6.88498 61.7308 1.15333 -13 875 1 0 1
24.57 17.9719 162.663 20.7448 8.35869 71.9914 0.851414 -13 876 1 0 1
11.1693 12.4528 162.663 14.7118 7.00147 67.0519 -1.11583 -13 877 1 0 1
14.8311 24.4752 162.663 16.0709 12.5525 71.0058 -2.84552 -13 878 1 0 1
3.93823 10.8572 162.663 11.9362 3.41238 50.5957 2.22265 -13 879 1 0 1
24.3406 -22.9568 162.663 20.2274 -10.2208 64.0858 1.72555 -13 880 1 0 1
27.7386 -16.9803 162.663 20.2827 -6.27735 53.3513 2.84148 -13 881 1 0 1
27.667 30.1578 162.663 22.1542 14.61 71.5766 0.288991 -13 882 1 0 1
20.6104 -7.27685 162.663 19.0208 -5.36742 77.504 3.1416 -13 886 1 0 1
-9.93497 21.4404 162.663 4.74634 9.61732 70.7749 1.36538 -13 887 1 0 1
18.3939 12.1718 162.663 16.9726 3.73505 52.834 1.05543 -13 888 1 0 1
14.6648 -10.9983 162.663 15.6996 -3.94383 55.4124 0.356392 -13 889 1 0 1
33.4948 -33.8725 162.663 23.8747 -15.0161 63.4448 -0.248075 -13 890 1 0 1
9.1932 -14.0485 162.663 13.7028 -5.48111 70.4002 1.27436 -13 892 1 0 1
-7.65195 5.89379 162.663 7.40814 2.8517 59.0215 -0.721093 -13 893 1 0 1
26.0432 -16.0763 162.663 21.5824 -7.57096 72.7504 0.787407 -13 894 1 0 1
-16.5023 33.9179 162.663 1.06902 18.1184 72.3976 2.35504 -13 895 1 0 1
0.964649 32.8023 162.663 9.94595 15.079 67.8358 -0.81935 -13 896 1 0 1
18.8974 -13.209 162.663 16.2921 -4.23201 47.2304 -0.687003 -13 897 1 0 1
25.3823 -3.15718 162.663 19.2222 -0.838287 52.5048 0.30261 -13 898 1 0 1
23.9235 -2.12078 162.663 20.1463 -1.8312 65.7075 1.43402 -13 901 1 0 1
14.6283 -24.2174 162.663 15.9494 -10.1075 72.9501 1.95826 -13 903 1 0 1
29.526 -5.09027 162.663 21.1349 -2.68318 55.189 2.88985 -13 904 1 0 1
-17.2052 7.50195 162.663 -0.271507 4.30703 79.2 0.904732 -13 905 1 0 1
-7.62121 -12.7302 162.663 7.68826 -4.38223 55.0825 2.24186 -13 906 1 0 1
19.325 22.9094 162.663 18.0295 9.38143 65.389 1.1609 -13 907 1 0 1
14.925 -21.4611 162.663 14.0392 -5.33383 35.5542 1.52864 -13 908 1 0 1
9.49139 -13.144 162.663 13.5269 -5.45927 71.9722 1.48557 -13 909 1 0 1
8.32982 -11.5999 162.663 13.2526 -5.48328 69.3886 0.653813 -13 910 1 0 1
33.3567 33.7149 162.663 21.4245 11.1007 50.7558 0.205476 -13 912 1 0 1
5.91888 23.8353 162.663 10.8448 13.7267 78.3268 2.06519 -13 913 1 0 1
-27.1714 17.3638 162.663 -2.91694 9.23617 71.2608 1.81594 -13 914 1 0 1
30.9713 -21.5976 162.663 22.115 -8.12844 57.5913 0.0600922 -13 915 1 0 1
-21.4806 4.09349 162.663 -3.3566 2.59238 80.1616 5.06604 -13 916 1 0 1
23.6123 28.7794 162.663 16.7182 8.14367 38.1301 1.02657 -13 917 1 0 1
-13.3491 19.9106 162.663 2.95887 9.30201 72.1943 2.83493 -13 918 1 0 1
8.11284 7.42527 162.663 13.374 2.64488 65.3146 0.243622 -13 919 1 0 1
-4.61198 -2.55265 162.663 6.11615 -0.441392 79.5503 1.20122 -13 920 1 0 1
-6.05767 -24.2399 162.663 4.90286 -12.2742 80.1012 3.19303 -13 922 1 0 1
2.65044 -1.6661 162.663 11.1837 -0.706702 58.2779 0.764673 -13 923 1 0 1
11.7629 6.35698 162.663 14.878 2.24643 67.0035 -0.21395 -13 924 1 0 1
19.476 18.7258 162.663 17.7906 7.88903 60.7551 1.25697 -13 925 1 0 1
0.2694 10.6696 162.663 8.85209 4.85534 77.0212 2.13769 -13 926 1 0 1
9.60267 -5.60568 162.663 14.2698 -1.48572 66.5203 1.38767 -13 927 1 0 1
29.2717 -12.0941 162.663 21.0739 -4.83381 54.3513 0.721582 -13 928 1 0 1
9.98487 4.15416 162.663 14.1345 1.85678 69.1394 2.15029 -13 930 1 0 1
13.333 -17.8664 162.663 14.9012 -6.33081 50.9816 2.89167 -13 932 1 0 1
31.0571 28.1268 162.663 22.9874 13.1226 64.4131 1.88201 -13 933 1 0 1
1.49277 8.17374 162.663 9.7413 4.44526 74.192 0.22553 -13 934 1 0 1
-15.1929 7.04932 162.663 4.23412 2.62726 59.2255 1.86069 -13 935 1 0 1
8.86095 -8.47473 162.663 13.316 -3.03229 72.2505 0.577405 -13 938 1 0 1
19.5174 -7.67839 162.663 17.9838 -3.03799 58.8571 0.355453 -13 939 1 0 1
15.131 8.93334 162.663 16.0676 3.98484 58.5231 0.871361 -13 940 1 0 1
5.02667 14.177 162.663 11.9914 6.90622 65.742 1.05977 -13 941 1 0 1
30.5552 -10.7257 162.663 22.8283 -4.35263 64.0126 2.26919 -13 943 1 0 1
22.7368 11.5407 162.663 18.2162 4.86318 49.8047 0.582087 -13 944 1 0 1
17.6161 33.2402 162.663 17.2187 16.1591 68.6825 1.70781 -13 945 1 0 1
23.109 19.2909 162.663 17.0553 5.713 42.1005 0.409148 -13 946 1 0 1
35.0655 1.54629 162.663 24.3945 1.36124 60.8485 -0.298125 -13 947 1 0 1
0.498151 -8.12312 162.663 10.7707 -2.84996 53.761 1.38337 -13 949 1 0 1
8.82742 12.774 162.663 13.7525 5.06314 64.7367 0.918435 -13 950 1 0 1
34.4493 -14.146 162.663 23.081 -5.47481 55.0631 3.61122 -13 952 1 0 1
28.9255 -11.9127 162.663 20.9498 -4.85845 56.1553 1.19921 -13 953 1 0 1
22.258 -47.1715 162.663 17.822 -16.6453 51.4879 0.777153 -13 954 1 0 1
29.8873 -12.5391 162.663 21.6128 -6.0994 57.4284 1.4629 -13 955 1 0 1
13.7675 11.7189 162.663 15.146 3.51973 53.2053 0.887117 -13 956 1 0 1
-11.6243 -8.16983 162.663 5.84647 -3.8711 58.0363 -0.0809875 -13 957 1 0 1
-11.7293 -1.71815 162.663 1.18144 -1.34144 80.742 -0.0377913 -13 958 1 0 1
2.04723 8.18566 162.663 10.0652 3.61672 73.815 -1.22086 -13 960 1 0 1
34.0296 -6.3641 162.663 22.5237 -1.79082 51.4755 1.18331 -13 961 1 0 1
14.3301 0.552409 162.663 16.0225 -0.0835896 60.4618 2.84876 -13 964 1 0 1
9.92752 -22.3798 162.663 13.9234 -9.80138 62.9892 2.29772 -13 965 1 0 1
-1.74959 -7.37245 162.663 9.77593 -1.75021 53.3877 3.30257 -13 966 1 0 1
35.1371 -3.01232 162.663 22.5076 -0.663861 49.8734 1.59628 -13 967 1 0 1
-32.8565 -1.49223 162.663 -3.48437 -1.12766 64.0082 -0.134748 -13 968 1 0 1
33.8187 -17.7829 162.663 21.3186 -6.077 45.9398 1.67347 -13 969 1 0 1
34.9982 -19.5976 162.663 24.0933 -8.60203 60.0296 0.838726 -13 970 1 0 1
18.9277 11.0204 162.663 18.0746 5.86286 65.4126 -0.274622 -13 971 1 0 1
31.0757 36.5369 162.663 16.4436 7.95042 27.2323 0.712988 -13 972 1 0 1
26.0728 8.96613 162.663 16.0127 2.36354 30.6097 0.724696 -13 973 1 0 1
4.79269 11.6036 162.663 11.8527 5.36001 68.4123 0.235908 -13 974 1 0 1
0.635399 12.197 162.663 9.5603 7.42608 73.8585 2.47438 -13 975 1 0 1
9.46397 -30.9181 162.663 13.6963 -11.895 59.8375 1.31572 -13 977 1 0 1
-1.5978 -5.53726 162.663 8.52372 -3.10563 71.158 -0.582874 -13 979 1 0 1
-4.48964 -4.30248 162.663 8.45696 -1.92574 59.4357 -0.453869 -13 980 1 0 1
13.2528 -8.35562 162.663 15.2664 -4.21863 61.2298 0.245779 -13 981 1 0 1
27.1285 21.399 162.663 21.1516 8.40708 61.2771 0.255838 -13 982 1 0 1
15.5458 5.0307 162.663 16.6475 3.89428 71.5813 0.517634 -13 983 1 0 1
33.7261 15.8797 162.663 23.0469 6.3462 55.9819 1.86533 -13 985 1 0 1
0.793029 -12.9643 162.663 10.3554 -4.95937 60.7553 0.64025 -13 986 1 0 1
27.6901 -41.5001 162.663 20.4471 -16.4546 56.5921 1.42545 -13 987 1 0 1
20.1655 -15.1387 162.663 18.7018 -6.48141 67.4288 1.94682 -13 989 1 0 1
14.4139 -14.0088 162.663 16.1297 -7.57076 68.3298 1.15378 -13 990 1 0 1
8.28485 22.3224 162.663 13.2331 6.91407 50.216 -1.13029 -13 991 1 0 1
4.27257 18.0141 162.663 11.7726 4.80316 41.187 2.12815 -13 992 1 0 1
36.6135 -17.6829 162.663 22.2753 -5.56613 45.6119 2.77521 -13 993 1 0 1
36.5947 9.40348 162.663 24.8214 4.14733 59.6561 -0.852115 -13 995 1 0 1
3.38506 -9.15633 162.663 11.1406 -4.24951 68.2898 1.08784 -13 996 1 0 1
18.3788 8.00003 162.663 16.1364 2.61705 45.9307 3.56704 -13 997 1 0 1
15.2653 -16.4451 162.663 15.1213 -5.19388 45.7984 0.617564 -13 1000 1 0 1
