#BLTrackFile NTuple/Z160
#x y z Px Py Pz t PDGid EventID TrackID ParentID Weight
#mm mm mm MeV/c MeV/c MeV/c ns - - - - -
-90.6567 -60.5685 160.001 -15.9539 -18.0957 31.27 0.0496922 -13 14 1 0 1
-135.267 -5.76957 160.001 -32.8113 -2.71067 33.376 2.15029 -13 44 1 0 1
-127.277 -15.7628 160.001 -25.5493 -3.29552 30.944 2.56372 -13 55 1 0 1
-139.873 -68.6732 160.001 -26.7494 -18.9061 28.3631 1.51526 -13 104 1 0 1
-121.251 61.1536 160.001 -22.951 15.0709 28.3451 1.55136 -13 115 1 0 1
-137.302 10.4647 160.001 -31.6665 4.0969 34.3686 1.89482 -13 128 1 0 1
-140.965 5.44817 160.001 -28.9402 -0.323214 29.196 0.983439 -13 162 1 0 1
-115.729 -4.87721 160.001 -23.9375 -1.57148 34.619 0.446801 -13 182 1 0 1
-92.4592 -3.65094 160.001 -19.8171 -3.41781 40.8133 1.0056 -13 194 1 0 1
-125.098 41.9819 160.001 -26.161 13.1022 33.7132 1.61897 -13 238 1 0 1
-139.727 -24.0403 160.001 -36.2072 -12.6382 34.9124 1.02245 -13 240 1 0 1
-133.298 28.525 160.001 -29.4028 7.75672 32.1524 2.17917 -13 241 1 0 1
-140.948 76.209 160.001 -29.6823 24.7936 30.6471 1.32687 -13 247 1 0 1
-138.727 -25.2494 160.001 -34.3143 -7.28827 36.0973 -0.0173966 -13 250 1 0 1
-117.768 61.2518 160.001 -29.387 20.2672 36.3513 0.897052 -13 254 1 0 1
-86.1773 -19.8485 160.001 -8.22122 -3.94704 19.0695 0.442229 -13 298 1 0 1
-121.471 -17.9985 160.001 -27.0244 -7.31107 35.8059 2.71707 -13 383 1 0 1
-115.759 57.8367 160.001 -30.0493 22.5748 39.5837 -0.0613153 -13 384 1 0 1
-117.264 20.4849 160.001 -26.7683 9.83686 37.6241 1.51913 -13 387 1 0 1
-77.1899 15.026 160.001 -10.4681 5.1123 30.768 2.28393 -13 390 1 0 1
-98.9481 -29.1725 160.001 -15.985 -6.74588 26.3762 6.45292 -13 416 1 0 1
-129.735 47.8697 160.001 -23.4325 11.7953 26.4765 2.24254 -13 419 1 0 1
-127.865 8.88483 160.001 -32.0366 2.52796 35.7095 0.24379 -13 505 1 0 1
-132.004 5.13103 160.001 -30.0623 0.499888 32.3233 -0.47527 -13 516 1 0 1
-114.884 39.1524 160.001 -19.7877 7.55955 26.7997 2.2881 -13 525 1 0 1
-113.077 11.6858 160.001 -24.0713 3.51008 36.7213 2.63764 -13 565 1 0 1
-114.853 -128.901 160.001 -15.9577 -25.6824 23.4388 1.66857 -13 643 1 0 1
-122.929 -34.479 160.001 -28.1936 -9.73464 36.5842 1.39034 -13 688 1 0 1
-119.59 24.2129 160.001 -18.403 5.53264 22.4499 1.35381 -13 698 1 0 1
-140.09 74.1673 160.001 -31.441 24.192 31.8144 3.19031 -13 714 1 0 1
-116.707 -50.4604 160.001 -22.631 -13.3345 29.4962 0.315604 -13 766 1 0 1
-133.125 25.2544 160.001 -36.5945 6.43459 39.6738 3.55248 -13 801 1 0 1
-114.274 21.7874 160.001 -23.1224 1.58545 31.006 1.17413 -13 883 1 0 1
-137.805 38.2801 160.001 -34.7001 11.2516 35.7115 1.6747 -13 907 1 0 1
-105.071 24.7244 160.001 -17.9953 9.32319 30.6302 1.34737 -13 938 1 0 1
-119.006 22.6228 160.001 -28.0521 7.43089 33.5451 2.61865 -13 948 1 0 1
-80.5768 67.0281 160.001 -12.4586 20.5392 33.1309 1.68482 -13 953 1 0 1
-128.407 54.1667 160.001 -29.0971 18.8019 32.4511 1.84283 -13 998 1 0 1
