#BLTrackFile NTuple/Z40
#x y z Px Py Pz t PDGid EventID TrackID ParentID Weight
#mm mm mm MeV/c MeV/c MeV/c ns - - - - -
-4.63267 -4.28068 40.4558 -17.4804 -6.97338 70.0412 -0.946826 -13 1 1 0 1
3.88594 3.60232 40.4558 -2.44395 -1.69273 81.0012 0.156243 -13 2 1 0 1
-2.13932 0.422581 40.4558 -11.5569 0.559043 70.6555 1.10642 -13 3 1 0 1
-4.277 -3.21549 40.4558 -20.4345 -3.36554 75.358 0.556278 -13 4 1 0 1
-7.67993 1.15662 40.4558 -16.4853 -1.08433 57.8812 0.71662 -13 5 1 0 1
-2.71226 -1.82311 40.4558 -13.9189 -1.61871 73.4459 -0.569239 -13 6 1 0 1
-2.2692 -3.54669 40.4558 -6.07734 -5.77633 59.999 -0.669327 -13 7 1 0 1
-10.2392 -0.878775 40.4558 -15.0738 3.08103 42.2901 0.190836 -13 8 1 0 1
0.525055 5.07773 40.4558 -2.45816 11.4713 62.7148 1.32291 -13 9 1 0 1
-0.681875 -4.45465 40.4558 -4.41331 -6.56015 66.077 0.903632 -13 10 1 0 1
2.39514 4.80287 40.4558 -1.41082 10.0147 71.4599 -0.312365 -13 11 1 0 1
-5.17382 -2.76154 40.4558 -11.8153 -7.43407 58.2398 1.90875 -13 12 1 0 1
2.32842 5.14157 40.4558 2.51046 5.34725 38.2084 -0.59054 -13 13 1 0 1
1.78145 -4.98333 40.4558 -0.869357 -5.97938 67.6679 -1.31703 -13 14 1 0 1
0.238439 -4.20658 40.4558 -3.15164 -8.27044 66.5317 1.69339 -13 15 1 0 1
8.57192 -9.02995 40.4558 11.6048 -18.0023 56.7476 2.36625 -13 16 1 0 1
-5.0483 4.77373 40.4558 -13.2823 11.9696 61.1918 -0.434571 -13 17 1 0 1
-6.75257 -4.05384 40.4558 -11.4836 -9.14824 49.5391 1.64136 -13 18 1 0 1
-10.1651 2.08736 40.4558 -24.9845 6.26218 59.925 0.349533 -13 19 1 0 1
-3.03731 -6.93887 40.4558 -9.38172 -12.947 62.1035 3.17508 -13 20 1 0 1
-6.21992 -0.0676983 40.4558 -12.1081 4.85993 55.3909 -0.960026 -13 22 1 0 1
-9.5809 4.60905 40.4558 -17.5501 7.85538 50.4277 0.935935 -13 24 1 0 1
1.47664 -2.73022 40.4558 -2.52077 -1.81118 70.5339 0.508679 -13 25 1 0 1
-1.6123 0.842801 40.4558 -7.54031 2.59039 67.7827 0.0891833 -13 26 1 0 1
-0.455181 -2.60672 40.4558 -4.62302 1.44719 65.9991 1.67992 -13 27 1 0 1
-0.165178 -5.77525 40.4558 -7.17108 -13.0461 72.1494 0.476317 -13 28 1 0 1
-3.3772 1.52397 40.4558 -11.5083 6.97544 65.3726 1.23855 -13 30 1 0 1
-2.2427 -0.0777839 40.4558 -11.7321 2.18645 70.5145 -0.0533839 -13 31 1 0 1
-5.34543 -1.14964 40.4558 -12.4023 -2.54627 59.8507 -0.258399 -13 32 1 0 1
-7.91433 -1.13283 40.4558 -20.1837 0.48158 62.35 -0.38329 -13 34 1 0 1
-10.1906 -7.08365 40.4558 -28.2388 -13.1411 65.8932 2.41992 -13 35 1 0 1
-2.72519 0.984043 40.4558 -9.18431 7.32912 64.8891 -0.881938 -13 36 1 0 1
0.0938623 -2.30193 40.4558 -9.63275 -8.92236 78.4635 -1.24127 -13 37 1 0 1
-2.94016 -1.25207 40.4558 -7.62587 -4.30305 58.9436 1.68252 -13 38 1 0 1
-5.47332 1.1484 40.4558 -10.9301 1.66271 50.3302 1.00494 -13 40 1 0 1
1.25495 7.43311 40.4558 -0.502557 12.7579 61.0431 0.0721828 -13 41 1 0 1
-1.49932 0.396758 40.4558 -8.37899 -3.45033 67.4685 1.47236 -13 42 1 0 1
-4.29305 -1.21223 40.4558 -23.5908 -3.62357 76.379 0.525232 -13 43 1 0 1
-0.349366 1.96584 40.4558 -1.43904 1.86056 56.1643 0.87589 -13 44 1 0 1
-1.07878 -3.44529 40.4558 -7.67232 -7.20116 67.034 0.617814 -13 46 1 0 1
-2.14905 5.9614 40.4558 -6.42729 6.36648 58.6475 1.15605 -13 47 1 0 1
-3.36877 2.80204 40.4558 -11.8902 11.6269 64.7119 0.917559 -13 48 1 0 1
-1.02698 -4.84507 40.4558 -7.63629 -18.9452 67.5937 -0.332443 -13 49 1 0 1
-1.44416 1.04149 40.4558 -1.06209 3.07128 41.3368 -0.396342 -13 50 1 0 1
0.558289 3.91825 40.4558 -6.28304 4.74663 72.2298 -0.0865148 -13 51 1 0 1
-5.33329 5.53572 40.4558 -10.1294 11.22 53.2772 0.316763 -13 52 1 0 1
-1.74105 4.43152 40.4558 -3.56827 6.02126 55.5051 -2.12341 -13 53 1 0 1
-3.78169 6.87221 40.4558 -4.79163 7.64996 40.3252 0.281712 -13 54 1 0 1
-3.21085 -1.18128 40.4558 -13.5023 -4.88998 68.9979 1.1149 -13 55 1 0 1
4.88856 4.1769 40.4558 6.46781 8.51075 61.4689 -0.760068 -13 56 1 0 1
-0.280026 -2.68915 40.4558 -2.54123 -3.0548 63.3354 -0.194497 -13 58 1 0 1
-0.785743 -4.56906 40.4558 -6.23163 -10.1842 66.7824 2.16865 -13 59 1 0 1
-0.524112 7.15918 40.4558 -2.52395 16.4599 55.2207 0.482888 -13 60 1 0 1
-4.07854 1.48937 40.4558 -10.9385 5.29536 61.4372 -0.631074 -13 61 1 0 1
-1.12644 -1.28114 40.4558 -7.55369 1.55292 69.1267 -0.345546 -13 62 1 0 1
-2.34206 -4.47121 40.4558 -3.5251 -5.18825 32.4524 0.453946 -13 63 1 0 1
-1.5575 -0.653478 40.4558 -5.50479 0.269989 60.2276 0.349634 -13 64 1 0 1
0.0945617 1.33515 40.4558 -3.30344 0.745414 65.3737 -1.23943 -13 65 1 0 1
-0.425662 1.17847 40.4558 -6.50519 1.47262 70.9456 0.652045 -13 66 1 0 1
-0.795809 -2.86475 40.4558 -3.17729 -2.5453 60.6018 -0.466165 -13 67 1 0 1
-1.19108 8.97414 40.4558 -1.9645 12.3348 51.765 -0.729774 -13 68 1 0 1
-4.02993 -2.69076 40.4558 -10.4333 -6.24354 61.5425 0.205927 -13 69 1 0 1
-1.2966 -0.24024 40.4558 -14.0534 -9.5681 78.825 0.424384 -13 70 1 0 1
-3.11659 2.26461 40.4558 -6.58712 0.340174 59.821 -1.24677 -13 71 1 0 1
1.78455 7.18463 40.4558 -0.250111 10.6309 64.38 1.32391 -13 72 1 0 1
-2.37904 1.65592 40.4558 -13.1879 -1.02217 72.7698 -0.709911 -13 73 1 0 1
-1.45769 4.81768 40.4558 -4.19637 9.77991 57.563 0.480883 -13 74 1 0 1
-0.0713711 3.43706 40.4558 -8.1774 5.9091 74.1856 -2.65882 -13 75 1 0 1
4.96586 1.11413 40.4558 -1.62681 2.06071 79.8104 -1.5199 -13 76 1 0 1
-5.07385 2.96401 40.4558 -11.4316 0.837726 54.8261 2.61322 -13 77 1 0 1
-5.41331 0.690187 40.4558 -12.0781 -0.999858 56.7669 -0.53435 -13 78 1 0 1
-1.25733 -1.09617 40.4558 -5.73064 -3.18205 62.1154 1.65525 -13 79 1 0 1
0.275277 -3.01669 40.4558 -6.25751 -3.49308 71.9813 0.259503 -13 80 1 0 1
-0.0539863 1.68775 40.4558 -6.3651 11.5542 68.8594 0.293784 -13 81 1 0 1
-1.3627 -1.93725 40.4558 -4.21829 -1.9669 62.1403 1.44025 -13 82 1 0 1
-6.46645 7.22598 40.4558 -17.9693 19.0136 64.0919 0.254172 -13 83 1 0 1
-9.78789 0.954512 40.4558 -22.7598 1.23664 57.682 0.384674 -13 84 1 0 1
0.569093 0.251736 40.4558 -5.64551 -1.16443 75.1712 1.35991 -13 85 1 0 1
0.125465 -0.449527 40.4558 -4.28097 -8.67032 67.4279 0.0441755 -13 86 1 0 1
-3.82338 -4.96967 40.4558 -5.43637 -9.68207 48.2041 1.10561 -13 87 1 0 1
-3.67982 -2.90269 40.4558 -12.3757 -5.80037 66.4159 -0.171463 -13 88 1 0 1
-0.251439 -2.25846 40.4558 -3.45378 -0.925698 61.5088 -0.336038 -13 89 1 0 1
-1.4955 3.08144 40.4558 -6.34087 5.73202 64.8539 0.0538593 -13 90 1 0 1
-7.12739 -0.978318 40.4558 -16.8049 -2.97334 61.3274 1.12016 -13 91 1 0 1
0.417289 0.403117 40.4558 0.825604 0.810414 54.8451 0.236231 -13 92 1 0 1
-0.18736 1.73374 40.4558 -1.52758 0.890242 58.9599 1.07997 -13 93 1 0 1
-1.05079 9.40499 40.4558 -2.97923 15.7464 52.1917 -1.08079 -13 94 1 0 1
-0.00881288 1.35814 40.4558 -5.1781 4.80175 69.7723 0.301427 -13 95 1 0 1
-2.14255 3.21168 40.4558 -6.91981 9.93896 59.6043 -1.5599 -13 96 1 0 1
-2.89916 -2.63977 40.4558 -5.10691 0.544663 56.2036 -0.781986 -13 97 1 0 1
-3.0353 -0.0827076 40.4558 -10.1839 4.04384 64.9196 0.684426 -13 98 1 0 1
-3.85621 5.04765 40.4558 -10.7167 10.3338 61.4887 0.755168 -13 99 1 0 1
0.947835 -3.95179 40.4558 -2.44798 -3.6345 66.9269 -0.623813 -13 100 1 0 1
3.29919 1.00994 40.4558 2.33211 -0.389566 68.1989 -0.423974 -13 101 1 0 1
-0.113719 1.80546 40.4558 -5.10595 3.11785 66.5934 0.163871 -13 102 1 0 1
3.8737 -2.78174 40.4558 4.79156 1.18757 61.6764 -2.19293 -13 103 1 0 1
0.0631276 -0.97964 40.4558 -4.09437 -5.03393 66.6698 -0.0546641 -13 104 1 0 1
-4.34554 0.3307 40.4558 -9.68001 7.93926 58.8179 -1.20136 -13 105 1 0 1
-7.60202 -1.92282 40.4558 -16.906 -3.85505 56.6747 0.542419 -13 106 1 0 1
-1.65578 -2.61874 40.4558 -9.61558 -6.4613 69.2352 -0.801834 -13 107 1 0 1
1.8089 1.64646 40.4558 0.915578 8.82485 62.8726 -0.555415 -13 108 1 0 1
0.129589 0.50624 40.4558 -3.1856 2.22313 67.6958 1.24478 -13 109 1 0 1
-2.71768 0.962723 40.4558 -14.0188 3.35973 70.9087 -0.0111375 -13 110 1 0 1
-2.06358 -3.19387 40.4558 -13.9757 -2.93198 75.6729 -0.0527876 -13 111 1 0 1
0.826901 0.789396 40.4558 -1.42608 -1.43279 55.8997 -1.58782 -13 112 1 0 1
-2.66471 4.28002 40.4558 -5.83297 7.07236 53.7173 1.04624 -13 113 1 0 1
0.780362 -2.90632 40.4558 -0.969301 -7.11608 62.6808 0.191414 -13 114 1 0 1
1.61246 2.10605 40.4558 3.05744 2.57324 49.0658 0.109537 -13 115 1 0 1
-4.68947 -1.14596 40.4558 -17.6738 -2.97704 69.9866 0.761013 -13 116 1 0 1
-2.96019 -0.184107 40.4558 -7.09867 1.49096 54.3488 -0.0874895 -13 117 1 0 1
-1.03045 0.865362 40.4558 -0.692293 -4.22824 45.7159 -0.13775 -13 118 1 0 1
0.525171 -2.76167 40.4558 -4.29151 -3.96008 70.2996 0.745885 -13 119 1 0 1
-6.57474 -0.910238 40.4558 -11.5763 -0.129113 47.7268 0.0953166 -13 120 1 0 1
0.286615 -6.14086 40.4558 -2.07571 -6.90462 60.3861 1.77928 -13 121 1 0 1
-2.68965 -3.39501 40.4558 -15.0086 -5.73468 75.2363 0.860962 -13 122 1 0 1
-1.34962 -5.32751 40.4558 -8.31973 -10.4852 69.633 0.992568 -13 123 1 0 1
4.59558 0.309536 40.4558 7.39346 1.92347 57.658 0.548423 -13 124 1 0 1
-7.65687 -8.15773 40.4558 -16.4268 -16.0461 55.548 -1.2652 -13 125 1 0 1
-1.03648 1.94971 40.4558 -13.1944 -1.95133 77.589 1.1772 -13 126 1 0 1
1.02027 2.73515 40.4558 -0.0108424 2.35619 59.9621 -0.850182 -13 127 1 0 1
-1.4465 -1.4474 40.4558 -5.88333 -7.74832 63.7718 0.568501 -13 128 1 0 1
5.02537 3.82448 40.4558 7.65932 8.15093 58.1631 -0.224895 -13 129 1 0 1
0.381416 -2.12401 40.4558 0.290542 0.603496 49.8625 0.85438 -13 130 1 0 1
0.389912 1.13049 40.4558 -4.93921 2.58287 68.6281 -0.233705 -13 131 1 0 1
-6.18108 0.729999 40.4558 -21.0833 0.114329 70.4494 1.52229 -13 132 1 0 1
2.02051 0.198975 40.4558 1.37343 -0.931498 63.7512 -1.09965 -13 133 1 0 1
4.1052 0.881285 40.4558 1.42172 1.43612 74.5819 0.619758 -13 134 1 0 1
0.701578 2.92808 40.4558 -4.65288 1.70475 69.5144 1.07088 -13 135 1 0 1
2.51668 3.19468 40.4558 3.38829 2.48282 56.415 0.276717 -13 136 1 0 1
-5.09934 1.14475 40.4558 -12.9419 1.14737 61.106 1.73454 -13 137 1 0 1
-4.02532 5.71912 40.4558 -8.5271 11.3142 53.619 0.537806 -13 140 1 0 1
-3.04226 0.80459 40.4558 -5.57434 4.61202 51.1673 0.119928 -13 141 1 0 1
2.8961 0.806567 40.4558 2.7722 6.0454 64.4398 2.13387 -13 142 1 0 1
-4.6113 -2.0227 40.4558 -15.9282 -5.78478 68.8641 -0.648818 -13 143 1 0 1
2.34078 -0.30997 40.4558 -0.64256 -3.65089 71.5986 3.11208 -13 144 1 0 1
-2.29043 -10.3759 40.4558 -5.67099 -16.929 53.1332 1.92018 -13 145 1 0 1
1.43107 -3.95032 40.4558 -0.732837 -4.85261 65.6595 0.424237 -13 146 1 0 1
-2.38353 -1.19523 40.4558 -8.18356 -2.75228 64.2737 -1.00675 -13 147 1 0 1
-4.18775 -5.1572 40.4558 -14.3969 -6.47577 67.8898 0.445138 -13 148 1 0 1
1.45534 4.622 40.4558 0.248637 7.16713 55.8581 -0.298271 -13 149 1 0 1
-1.20553 4.44899 40.4558 -6.10403 11.0404 64.5824 0.0166264 -13 150 1 0 1
-1.62992 -3.66037 40.4558 -4.93879 -8.10202 56.0725 1.38169 -13 151 1 0 1
-1.09249 -1.08907 40.4558 -5.14244 -3.07998 63.0344 2.29928 -13 152 1 0 1
-4.03469 -1.20305 40.4558 -12.9112 -7.72812 65.9361 -0.318586 -13 153 1 0 1
-3.02889 -4.65559 40.4558 -17.5395 -11.9837 75.4915 -1.93298 -13 154 1 0 1
-4.92674 0.886383 40.4558 -14.3494 0.139463 64.6657 -1.2915 -13 155 1 0 1
1.89354 -3.97692 40.4558 2.37252 -3.60861 45.7601 -0.375931 -13 156 1 0 1
-4.43343 -0.601803 40.4558 -11.3249 1.73457 60.5466 0.05406 -13 157 1 0 1
0.218556 3.07383 40.4558 -11.617 3.01775 78.6047 1.4587 -13 158 1 0 1
-5.95485 4.36416 40.4558 -11.2906 5.46927 54.2977 -0.49974 -13 159 1 0 1
5.35638 -0.340674 40.4558 7.16882 -0.355046 63.5605 0.122995 -13 160 1 0 1
2.48626 1.59953 40.4558 -0.300674 -1.44622 70.2617 1.69377 -13 161 1 0 1
-7.66427 2.92065 40.4558 -10.4027 3.51688 39.973 -0.406438 -13 162 1 0 1
-3.82331 1.72781 40.4558 -13.9107 8.92751 68.2711 -1.58126 -13 163 1 0 1
1.27401 -3.1082 40.4558 -1.35872 -10.471 65.3542 0.176239 -13 164 1 0 1
-10.1003 -1.40782 40.4558 -27.3164 -3.63832 65.2782 -0.104831 -13 166 1 0 1
3.05918 4.46508 40.4558 3.37355 9.21545 62.3884 0.716075 -13 167 1 0 1
-1.0705 2.75812 40.4558 -15.1978 9.44811 77.4244 1.21643 -13 168 1 0 1
2.83078 -2.05296 40.4558 3.02329 -6.24207 57.7067 -0.162482 -13 169 1 0 1
-3.25828 -0.418586 40.4558 -11.5699 -2.6615 66.1946 -0.551628 -13 170 1 0 1
6.95102 -5.9948 40.4558 8.2398 -4.12802 40.546 0.860981 -13 171 1 0 1
-3.51273 3.07653 40.4558 -7.45011 2.75651 55.6711 -0.272641 -13 172 1 0 1
-0.865991 -4.54696 40.4558 -2.76075 -8.93021 57.1605 0.25915 -13 173 1 0 1
-2.81896 2.26528 40.4558 -9.67009 -1.46659 66.1318 0.355681 -13 174 1 0 1
-6.37174 -2.55952 40.4558 -9.36573 -6.94163 46.1552 -0.0529558 -13 176 1 0 1
4.3613 -4.22685 40.4558 5.99082 -7.15259 50.9644 -0.267779 -13 177 1 0 1
-3.19095 -3.77714 40.4558 -6.03918 -4.51294 51.4118 -0.473446 -13 178 1 0 1
2.61468 -4.47272 40.4558 0.307408 -14.1868 68.6123 -0.646652 -13 179 1 0 1
-0.35686 -3.55093 40.4558 -1.46851 -5.03249 51.8686 1.64952 -13 180 1 0 1
-7.31711 -0.858976 40.4558 -9.14217 -0.953676 35.699 -1.32504 -13 181 1 0 1
-7.86897 1.82274 40.4558 -9.28055 3.56936 36.2262 -0.760465 -13 182 1 0 1
0.521956 4.37161 40.4558 1.13455 10.374 41.4092 0.132311 -13 183 1 0 1
-8.87349 -0.298605 40.4558 -18.0436 -4.1604 53.0769 0.125397 -13 184 1 0 1
-5.43456 -0.744782 40.4558 -12.0952 -4.05208 58.3196 -0.677067 -13 185 1 0 1
-1.56167 2.61084 40.4558 -2.42086 5.12905 41.1135 -0.535662 -13 186 1 0 1
0.00634266 -0.96664 40.4558 -5.3918 4.45108 70.7611 1.24113 -13 188 1 0 1
-3.58655 -1.97797 40.4558 -19.7947 -5.94957 77.3407 0.287637 -13 189 1 0 1
-7.44895 2.72938 40.4558 -15.4345 5.82177 56.641 2.01369 -13 191 1 0 1
-0.182962 -0.302884 40.4558 -12.4769 5.7666 79.2366 0.951786 -13 192 1 0 1
-8.20585 1.34584 40.4558 -8.8172 -1.47596 30.5955 -0.856714 -13 193 1 0 1
-0.82568 5.03477 40.4558 -6.72964 14.626 67.954 -0.1465 -13 194 1 0 1
-1.20213 0.147249 40.4558 -3.98885 0.608278 59.643 2.36155 -13 195 1 0 1
3.87059 1.04712 40.4558 -4.73626 -4.44981 80.4579 2.6774 -13 196 1 0 1
-4.28061 4.54864 40.4558 -11.2378 8.51594 62.0445 -0.820413 -13 197 1 0 1
2.83167 0.102193 40.4558 3.53103 0.488797 49.5633 -0.500328 -13 198 1 0 1
-10.4372 12.7505 40.4558 -17.8456 16.2942 47.9458 -1.47421 -13 199 1 0 1
-0.450033 -2.99002 40.4558 -1.00828 -3.00327 50.4984 0.76591 -13 200 1 0 1
-6.18905 -1.58805 40.4558 -18.9072 -6.08135 67.0191 0.422582 -13 201 1 0 1
-3.59925 11.0525 40.4558 -9.00065 17.6362 56.0811 -0.745384 -13 202 1 0 1
-2.32187 2.17876 40.4558 -7.20702 1.59654 61.3106 0.3685 -13 203 1 0 1
-3.57099 2.36125 40.4558 -6.80613 -0.257468 49.1557 1.52469 -13 205 1 0 1
-7.972 1.44705 40.4558 -31.3633 1.70769 71.5151 0.312366 -13 206 1 0 1
-6.96477 -5.37653 40.4558 -13.8735 -9.92016 54.7269 -0.96071 -13 207 1 0 1
-8.27937 0.75361 40.4558 -22.5554 2.25082 65.3426 -0.180615 -13 208 1 0 1
4.15839 0.631857 40.4558 6.43984 2.88527 46.7522 -0.285076 -13 210 1 0 1
3.13298 6.49352 40.4558 3.63906 6.11304 41.6678 0.69485 -13 211 1 0 1
-2.54535 7.58253 40.4558 -13.2968 17.3944 70.8634 2.19545 -13 212 1 0 1
-8.93445 3.9489 40.4558 -18.3643 5.28657 55.7364 -1.21749 -13 213 1 0 1
-1.5891 3.40333 40.4558 -11.1082 4.9654 74.4894 1.1363 -13 214 1 0 1
0.309293 -1.62833 40.4558 -5.99669 -10.5868 71.3841 1.84824 -13 215 1 0 1
-0.0126327 0.164426 40.4558 -5.82672 0.839627 69.4858 1.25143 -13 216 1 0 1
6.49543 2.47225 40.4558 8.29222 7.16118 44.1488 -0.850322 -13 217 1 0 1
-6.37617 0.839947 40.4558 -16.9996 1.5763 62.0458 0.295154 -13 218 1 0 1
-1.72824 -1.76316 40.4558 -12.5526 -4.12985 76.4128 0.168602 -13 219 1 0 1
0.137568 1.4061 40.4558 -5.92252 -0.252609 71.6935 2.51277 -13 220 1 0 1
3.02742 1.24707 40.4558 6.26583 -0.497961 54.9711 1.09868 -13 221 1 0 1
-2.14811 3.90619 40.4558 -10.9701 10.1168 71.0435 -0.652028 -13 222 1 0 1
-5.66074 0.719967 40.4558 -14.1784 4.90051 59.8421 1.15757 -13 223 1 0 1
-4.77409 0.144991 40.4558 -11.8511 1.84671 61.1862 -0.313395 -13 224 1 0 1
-2.18328 4.39636 40.4558 -4.88075 9.1524 53.5612 -0.135735 -13 226 1 0 1
-3.6399 4.57745 40.4558 -9.74721 7.69211 61.1084 0.184887 -13 227 1 0 1
0.724748 0.569811 40.4558 -8.8654 0.690932 77.6558 -1.75774 -13 228 1 0 1
-3.98349 1.67868 40.4558 -16.3542 -0.822626 70.0305 0.407013 -13 229 1 0 1
-1.25828 -5.55218 40.4558 -2.10027 -7.84278 44.6908 -0.195947 -13 230 1 0 1
5.57444 6.41814 40.4558 6.99851 18.1488 64.8101 1.39224 -13 231 1 0 1
7.64683 7.86845 40.4558 12.9149 14.888 58.9531 1.02428 -13 232 1 0 1
-7.03162 0.986642 40.4558 -18.289 0.611565 62.4966 -1.30255 -13 233 1 0 1
16.7976 18.7567 40.4558 21.7955 5.00434 33.1328 -0.398501 -13 234 1 0 1
0.128106 -1.26131 40.4558 -7.14891 -7.85861 72.7536 0.443688 -13 235 1 0 1
-6.85526 -1.53267 40.4558 -17.2067 -7.334 61.8727 1.44443 -13 236 1 0 1
2.44075 -9.98027 40.4558 2.90956 -14.4468 51.7 0.953708 -13 237 1 0 1
-1.81443 0.852334 40.4558 -6.5084 0.911477 61.7432 0.258083 -13 238 1 0 1
-5.22503 -1.31037 40.4558 -17.6289 2.26129 68.1093 1.4451 -13 239 1 0 1
-1.08214 8.73716 40.4558 -1.69513 13.0532 43.9789 -0.179797 -13 240 1 0 1
-1.66956 1.45938 40.4558 -1.9746 1.83565 32.25 0.957705 -13 241 1 0 1
-4.37661 1.13172 40.4558 -9.7424 -1.8274 57.3546 2.00896 -13 242 1 0 1
2.9175 -6.08831 40.4558 1.91643 -9.90502 68.0508 0.0630352 -13 243 1 0 1
0.0506616 1.59316 40.4558 -8.34956 3.57811 75.0683 0.845521 -13 244 1 0 1
2.18296 0.901798 40.4558 -1.25673 8.97985 71.196 -0.518146 -13 245 1 0 1
-0.221703 0.650601 40.4558 -6.06834 7.06844 70.1369 -0.0191615 -13 246 1 0 1
-1.16135 -4.45627 40.4558 -4.78705 -5.35897 60.3383 -0.13693 -13 247 1 0 1
-2.94567 -2.92515 40.4558 -10.7822 -5.74092 66.6244 0.86005 -13 248 1 0 1
6.26924 5.19133 40.4558 8.60006 4.25864 61.1759 -0.748552 -13 249 1 0 1
0.0921998 -5.09587 40.4558 -5.02895 -11.7868 67.4239 -1.30867 -13 250 1 0 1
1.88068 10.7517 40.4558 0.894495 14.0233 61.2018 -0.823682 -13 251 1 0 1
2.17007 1.05473 40.4558 2.26641 -0.121407 63.5737 0.467466 -13 252 1 0 1
-1.68254 3.81422 40.4558 -10.6856 12.8311 70.0508 -1.16187 -13 253 1 0 1
-1.49704 2.36139 40.4558 -3.49782 5.23454 52.9926 -0.287899 -13 254 1 0 1
-1.32969 -0.597455 40.4558 -12.2632 3.08678 76.2903 0.139077 -13 255 1 0 1
-5.61209 0.619745 40.4558 -10.4121 1.04621 50.5022 -0.723764 -13 256 1 0 1
-2.52122 -5.76135 40.4558 -3.72687 -10.6079 44.1243 -0.0399319 -13 257 1 0 1
-1.5343 0.837134 40.4558 -6.43355 -0.4374 62.6464 0.325808 -13 258 1 0 1
-0.419809 1.16914 40.4558 -1.0355 -0.959297 56.7071 -0.971841 -13 259 1 0 1
-2.64833 -0.405865 40.4558 -12.0266 -5.21903 71.0558 -0.102755 -13 260 1 0 1
-4.16092 2.70558 40.4558 -10.4994 4.64677 58.734 -0.921597 -13 261 1 0 1
-0.417986 -1.52685 40.4558 -2.39355 -1.9016 62.7927 2.30949 -13 262 1 0 1
2.20861 -3.16896 40.4558 1.61167 -6.13966 63.0551 -1.27541 -13 263 1 0 1
-2.99989 -1.80604 40.4558 -5.87564 -3.23189 49.9311 0.00580834 -13 264 1 0 1
2.70714 2.35952 40.4558 2.38876 7.08103 63.3128 0.906351 -13 265 1 0 1
1.72159 2.50578 40.4558 -1.22269 1.85489 70.4119 0.78869 -13 266 1 0 1
-2.62441 3.75326 40.4558 -8.57006 1.87635 62.7419 -0.0895442 -13 267 1 0 1
-3.72693 0.546754 40.4558 -5.35204 3.01118 40.61 -0.846469 -13 268 1 0 1
-2.66917 3.92787 40.4558 -16.0765 2.86057 76.1412 0.676316 -13 269 1 0 1
-4.07576 0.046408 40.4558 -11.0427 -4.679 62.3889 1.47221 -13 270 1 0 1
2.73557 -2.1673 40.4558 -2.54722 -10.3028 76.7394 -0.630407 -13 271 1 0 1
-2.87623 -4.25346 40.4558 -8.51852 -9.98484 60.8672 1.80354 -13 272 1 0 1
-9.22627 3.45705 40.4558 -16.0535 4.59413 50.3612 3.04767 -13 273 1 0 1
0.783189 0.17211 40.4558 -2.25336 4.49578 66.7424 -1.82631 -13 274 1 0 1
2.67529 -0.982384 40.4558 2.57993 -5.11091 59.0179 -0.0811578 -13 275 1 0 1
0.709438 -3.35977 40.4558 0.512478 -7.94033 57.13 1.3978 -13 277 1 0 1
-8.30236 0.294462 40.4558 -17.9736 0.409737 58.2926 1.78078 -13 278 1 0 1
-6.37507 0.157336 40.4558 -18.5338 -7.34159 65.7379 -2.26005 -13 279 1 0 1
-0.0957998 2.39664 40.4558 -2.8065 2.54395 61.0677 0.453578 -13 280 1 0 1
-1.03553 -2.71269 40.4558 -7.33963 -2.64451 65.8759 -1.08639 -13 281 1 0 1
-4.09003 3.20848 40.4558 -6.75944 7.03884 46.1399 -0.592147 -13 282 1 0 1
0.661619 -6.30688 40.4558 0.372309 -10.0776 48.8258 -1.36964 -13 283 1 0 1
-4.29814 6.00584 40.4558 -8.19742 4.96502 52.4697 -0.126328 -13 284 1 0 1
-9.29351 2.39786 40.4558 -20.9102 7.06568 57.7048 -0.272031 -13 285 1 0 1
-5.452 -6.28123 40.4558 -16.4113 -2.97634 67.0293 -1.24823 -13 286 1 0 1
-3.54785 1.80563 40.4558 -6.97964 -0.632228 50.9091 -1.38096 -13 287 1 0 1
1.11967 12.9994 40.4558 -7.43058 35.532 70.4392 -0.071021 -13 288 1 0 1
-1.7902 4.91646 40.4558 -13.3075 12.5581 75.9284 0.656907 -13 289 1 0 1
7.12962 -0.517796 40.4558 9.26954 -2.18875 44.3506 0.407089 -13 290 1 0 1
-0.142922 -2.41449 40.4558 -9.23416 -8.65016 74.6617 0.643274 -13 291 1 0 1
-0.909266 1.48917 40.4558 -8.76845 5.69249 71.8901 -0.0715373 -13 292 1 0 1
-10.4377 1.57249 40.4558 -17.5188 7.55345 46.8493 2.29668 -13 293 1 0 1
7.25011 0.782707 40.4558 9.49618 9.80439 69.8204 1.79436 -13 294 1 0 1
-2.96526 -1.49378 40.4558 -9.74688 -4.31221 64.4568 0.285468 -13 295 1 0 1
-7.44935 2.19669 40.4558 -15.2287 3.65897 56.4253 -0.057963 -13 296 1 0 1
2.14437 -1.25517 40.4558 2.75304 -4.55535 53.8754 2.75927 -13 297 1 0 1
-0.193355 0.848904 40.4558 -4.7798 -2.2886 66.7836 -1.66424 -13 298 1 0 1
-14.6971 -1.49455 40.4558 -22.0107 2.12244 39.8342 3.00337 -13 299 1 0 1
-3.79914 5.13909 40.4558 -9.40886 6.91043 61.1029 -0.563948 -13 301 1 0 1
-5.43901 1.60329 40.4558 -13.922 7.59146 61.3107 0.441578 -13 302 1 0 1
-2.35176 -1.11079 40.4558 -7.23797 2.72032 61.425 0.210929 -13 303 1 0 1
-2.04777 1.6539 40.4558 -8.42883 7.42418 64.6211 0.731351 -13 304 1 0 1
-11.2741 4.11561 40.4558 -15.0916 6.06316 38.8548 1.4643 -13 305 1 0 1
-3.0735 0.130141 40.4558 -10.3921 -2.90692 65.3747 -0.845714 -13 306 1 0 1
-1.58149 -4.96917 40.4558 -9.03415 -18.1399 66.5278 -1.10252 -13 307 1 0 1
-2.46612 -5.54868 40.4558 -12.6323 -12.7161 71.3803 0.273876 -13 308 1 0 1
-4.62242 1.56097 40.4558 -13.53 3.35722 63.9288 -0.661344 -13 309 1 0 1
4.1732 -1.13117 40.4558 2.34447 -2.23163 72.0899 -0.209549 -13 310 1 0 1
10.654 20.0572 40.4558 6.1735 17.2831 21.436 -1.16275 -13 311 1 0 1
-5.3264 0.084609 40.4558 -17.7253 2.21118 68.3549 0.0271708 -13 312 1 0 1
-4.15809 4.66477 40.4558 -15.7288 9.51257 70.1767 1.12059 -13 313 1 0 1
3.26315 -2.04283 40.4558 0.833885 -3.81358 69.3618 -0.410254 -13 314 1 0 1
0.645221 -0.655333 40.4558 -1.00343 3.49578 61.6341 -1.2712 -13 315 1 0 1
-4.06689 -13.9921 40.4558 -7.32123 -22.1965 45.928 -1.00775 -13 316 1 0 1
-3.86288 -4.48136 40.4558 -11.0741 -10.5958 61.8661 0.943754 -13 317 1 0 1
-1.63542 -0.0544292 40.4558 -8.66899 2.78942 68.7301 -1.23744 -13 318 1 0 1
-1.69024 0.571088 40.4558 -10.1594 7.24422 68.7745 2.19112 -13 319 1 0 1
3.22287 0.276936 40.4558 1.35227 0.813162 72.1818 0.763676 -13 320 1 0 1
0.923958 0.202601 40.4558 -0.222223 -0.838372 56.722 -1.47379 -13 321 1 0 1
-0.912815 0.790485 40.4558 -16.6952 4.11638 78.3527 2.02402 -13 322 1 0 1
3.43458 -4.18919 40.4558 -0.0119118 -2.45126 75.5285 0.387879 -13 323 1 0 1
-0.648628 3.24159 40.4558 -4.79178 7.23754 65.3274 -0.506418 -13 324 1 0 1
0.848831 -0.319491 40.4558 -4.44639 -2.23665 72.4091 0.149591 -13 325 1 0 1
-11.1203 8.10689 40.4558 -23.7267 13.3186 54.1663 0.141991 -13 326 1 0 1
-10.2875 -7.36708 40.4558 -16.5685 -12.8015 44.3506 0.397331 -13 327 1 0 1
-5.93565 3.77658 40.4558 -13.1303 -1.27615 57.581 -1.34695 -13 328 1 0 1
-1.44639 2.94944 40.4558 -7.61733 9.13636 67.711 1.25413 -13 329 1 0 1
3.03295 -2.59963 40.4558 -1.37516 -2.17551 76.4385 -0.686107 -13 330 1 0 1
-2.55254 6.59473 40.4558 -12.0226 7.24814 70.6478 -1.41381 -13 331 1 0 1
-0.525144 1.66254 40.4558 -1.42246 4.44107 48.1949 4.22835 -13 333 1 0 1
-5.51164 -3.13804 40.4558 -14.1114 -5.53915 63.6975 0.487264 -13 334 1 0 1
0.941512 -3.69954 40.4558 -1.30973 -8.83745 66.007 0.488053 -13 335 1 0 1
-1.81334 -4.7307 40.4558 -10.3153 -9.30594 67.4657 -0.510757 -13 336 1 0 1
12.2549 -8.66724 40.4558 20.4603 -15.9184 59.7771 -2.27397 -13 337 1 0 1
-0.505942 -3.28996 40.4558 -2.62435 -11.326 53.1878 1.0382 -13 338 1 0 1
-2.63716 -4.47217 40.4558 -5.09157 -5.91469 48.9205 0.520721 -13 339 1 0 1
-2.58825 1.46218 40.4558 -10.382 5.31388 68.0876 0.351242 -13 340 1 0 1
2.11959 1.88133 40.4558 -3.21431 -0.780522 77.4941 0.0969775 -13 341 1 0 1
-1.89206 1.72885 40.4558 -11.7595 6.91725 72.2045 0.759687 -13 342 1 0 1
-1.72846 -0.891551 40.4558 -5.90685 -7.07282 61.3046 -0.221424 -13 343 1 0 1
1.30262 -1.77279 40.4558 1.48714 1.74933 49.5137 -0.170085 -13 344 1 0 1
-1.78387 -0.762887 40.4558 -8.35897 1.16563 68.17 -0.708664 -13 345 1 0 1
-8.66509 0.154355 40.4558 -20.9227 -0.0115195 61.3465 0.726479 -13 346 1 0 1
-3.46005 0.115674 40.4558 -11.5911 0.489795 66.5991 -0.698418 -13 347 1 0 1
-2.9982 0.154903 40.4558 -5.09069 6.63293 51.9832 -0.361293 -13 348 1 0 1
1.93366 6.31991 40.4558 1.454 9.37986 56.0064 0.984798 -13 349 1 0 1
-0.370122 -3.03038 40.4558 -4.31722 -5.29594 64.8539 0.910861 -13 350 1 0 1
-3.18427 3.64467 40.4558 -12.6133 5.76251 68.5706 -1.41161 -13 352 1 0 1
-3.73695 3.93379 40.4558 -10.7648 6.45219 63.9503 -0.095601 -13 353 1 0 1
-3.10388 5.88122 40.4558 -6.50732 6.71483 51.6051 0.540793 -13 354 1 0 1
-3.16479 1.68118 40.4558 -15.3167 5.16312 72.1305 -0.341816 -13 355 1 0 1
1.39567 2.77642 40.4558 0.680814 9.37653 59.1556 0.410505 -13 356 1 0 1
-3.22723 -0.0726245 40.4558 -4.7637 1.83013 40.5835 0.168075 -13 357 1 0 1
2.83539 2.66349 40.4558 3.56388 8.28736 51.0293 0.735703 -13 358 1 0 1
-0.35676 -0.532911 40.4558 -2.73625 4.28044 61.7219 0.585333 -13 359 1 0 1
-3.48858 -2.5093 40.4558 -15.4434 -5.43876 73.1591 -0.480725 -13 360 1 0 1
1.5546 -0.271193 40.4558 -5.78252 3.03773 76.9083 -0.00218897 -13 361 1 0 1
-4.2458 1.093 40.4558 -12.1701 -1.62899 64.2509 -2.65316 -13 362 1 0 1
-1.51802 0.205853 40.4558 -11.4771 3.8302 73.6224 -0.180135 -13 363 1 0 1
-0.817073 -2.40923 40.4558 -6.27585 -3.00175 63.9805 0.37325 -13 364 1 0 1
0.0807652 2.85922 40.4558 0.174865 7.47897 50.0839 -1.76824 -13 365 1 0 1
1.86954 -0.439468 40.4558 3.0492 -1.2951 45.4592 2.37367 -13 366 1 0 1
0.976144 0.516964 40.4558 1.90825 -2.70601 41.1082 1.44924 -13 367 1 0 1
-3.2642 2.74031 40.4558 -9.61372 8.05319 63.2913 0.68187 -13 368 1 0 1
-1.91851 -2.09009 40.4558 -5.69509 -0.584224 59.7943 -0.962342 -13 369 1 0 1
-8.33673 2.02286 40.4558 -25.0657 3.42291 67.5955 0.99454 -13 370 1 0 1
-3.0189 -3.27516 40.4558 -9.22921 -5.05114 64.998 2.52078 -13 371 1 0 1
-3.24629 -0.920929 40.4558 -5.75591 -7.20232 52.9637 0.950641 -13 372 1 0 1
-5.85166 -3.13202 40.4558 -15.1871 -8.29281 61.9562 0.831366 -13 373 1 0 1
-3.31078 -0.865675 40.4558 -16.355 0.26732 74.5738 0.757893 -13 374 1 0 1
-5.79803 1.81382 40.4558 -24.0174 7.57966 74.8233 -1.26885 -13 375 1 0 1
-5.33849 -4.57654 40.4558 -16.6445 -10.0711 66.5757 0.605782 -13 376 1 0 1
5.12336 -1.61499 40.4558 3.07794 -7.66424 78.2138 1.31396 -13 377 1 0 1
-4.44028 -1.02408 40.4558 -5.05116 -5.16368 34.8842 2.39232 -13 378 1 0 1
-0.519496 -8.84217 40.4558 -6.09257 -22.7029 64.4801 0.780412 -13 379 1 0 1
-7.65037 -9.07403 40.4558 -9.19199 -13.6513 36.537 -0.546981 -13 380 1 0 1
0.988587 -1.55826 40.4558 0.0504812 2.12299 59.742 1.29497 -13 381 1 0 1
2.59625 -4.4823 40.4558 -0.44602 -10.8581 72.0854 -0.203658 -13 382 1 0 1
-12.7217 1.50746 40.4558 -20.6883 1.1824 44.3202 1.49151 -13 383 1 0 1
3.29118 2.77689 40.4558 5.24512 1.82219 58.6414 -1.20742 -13 384 1 0 1
-2.39428 -0.783482 40.4558 -8.80979 -6.15084 66.2661 1.91227 -13 385 1 0 1
-1.10916 -0.362385 40.4558 -7.33562 -2.45771 68.7396 2.06696 -13 386 1 0 1
-3.82663 0.224559 40.4558 -14.8305 -1.70468 69.7859 0.260386 -13 387 1 0 1
-3.88959 -1.00864 40.4558 -7.04316 -0.64681 50.2182 -0.608054 -13 388 1 0 1
5.48831 0.324325 40.4558 8.81334 2.96189 61.5348 1.17998 -13 389 1 0 1
-4.53141 0.160049 40.4558 -11.4544 -1.30916 62.5333 0.889531 -13 390 1 0 1
4.86536 1.2848 40.4558 7.80315 0.983328 52.036 -0.0908829 -13 391 1 0 1
-10.5065 -4.02894 40.4558 -17.022 -10.9945 45.196 0.386867 -13 392 1 0 1
-1.80116 6.08429 40.4558 -6.21611 9.22376 59.7922 -0.662284 -13 394 1 0 1
-1.65739 4.74858 40.4558 -11.1604 16.0194 72.8943 -1.51957 -13 395 1 0 1
4.80578 2.11553 40.4558 6.3092 0.109164 62.9861 -0.00823797 -13 396 1 0 1
0.115305 -4.44409 40.4558 -2.16732 -6.50686 59.4436 1.41005 -13 397 1 0 1
-0.856303 0.00533056 40.4558 -6.18305 -1.64906 66.2132 1.00349 -13 398 1 0 1
-1.27186 -6.69805 40.4558 -9.38472 -12.1661 69.5236 2.18481 -13 399 1 0 1
-1.54299 -1.03499 40.4558 -6.42507 6.00653 63.7971 0.115828 -13 400 1 0 1
2.25969 -0.149484 40.4558 -1.31351 0.98703 71.7702 -0.0885355 -13 401 1 0 1
0.273147 3.51646 40.4558 -0.0375201 5.66374 58.3081 -0.150655 -13 402 1 0 1
-1.67425 -9.2307 40.4558 -8.35262 -25.4188 66.2596 0.373623 -13 403 1 0 1
1.68431 -4.98581 40.4558 0.0308933 -14.9694 64.643 1.35842 -13 404 1 0 1
-3.52387 -1.30774 40.4558 -9.64879 -7.38 58.8379 -0.431178 -13 406 1 0 1
-3.7763 -2.76407 40.4558 -11.3259 -2.92252 64.2728 1.42817 -13 407 1 0 1
3.82852 3.63746 40.4558 5.65266 7.64212 57.3632 1.95354 -13 408 1 0 1
2.04432 -0.753741 40.4558 1.28683 -1.64592 64.2636 0.464384 -13 409 1 0 1
-2.79589 -2.58246 40.4558 -14.6408 -6.09836 74.3513 -2.43526 -13 410 1 0 1
-5.59136 4.27665 40.4558 -6.52289 0.872311 39.2294 0.732982 -13 411 1 0 1
-3.92678 -6.77567 40.4558 -12.2593 -14.4734 62.485 1.4122 -13 412 1 0 1
-2.90309 3.70436 40.4558 -16.6912 6.51178 76.6918 0.225379 -13 413 1 0 1
-8.88754 -2.56297 40.4558 -17.4959 -3.22236 55.017 1.14717 -13 414 1 0 1
0.267788 3.94521 40.4558 -1.49998 8.88222 56.453 0.494497 -13 415 1 0 1
2.47401 1.00255 40.4558 1.09298 2.09153 23.6605 5.19197 -13 416 1 0 1
-3.39345 -12.5855 40.4558 -4.93287 -13.1908 36.0509 0.0758846 -13 417 1 0 1
-1.19948 2.80022 40.4558 -7.83312 2.91333 68.9012 1.61307 -13 418 1 0 1
3.57647 -0.294188 40.4558 4.21778 -0.0484136 64.1539 0.653385 -13 419 1 0 1
-0.50321 -2.32041 40.4558 -7.92952 -9.48574 72.546 -0.30077 -13 421 1 0 1
-3.67141 6.79278 40.4558 -12.1289 15.1564 63.6028 0.538639 -13 422 1 0 1
-10.6364 -9.42734 40.4558 -15.0357 -8.73736 39.8832 -0.0383559 -13 423 1 0 1
2.38977 10.0844 40.4558 4.1416 10.6165 46.1706 0.795718 -13 424 1 0 1
0.116098 -1.60627 40.4558 -2.12975 -1.54185 64.0584 0.0805334 -13 425 1 0 1
-0.933539 0.0829756 40.4558 -10.4556 4.79943 72.8181 -1.28428 -13 426 1 0 1
2.59544 -4.94484 40.4558 1.51008 -6.37898 63.4318 -0.388354 -13 427 1 0 1
-4.12448 3.47365 40.4558 -12.5147 11.7417 63.3993 0.527331 -13 428 1 0 1
2.60984 -5.30743 40.4558 3.68251 -12.0609 56.7729 0.037033 -13 429 1 0 1
-6.85262 5.75672 40.4558 -21.4039 13.89 66.7613 -1.56297 -13 430 1 0 1
0.341366 -2.07199 40.4558 -7.899 -6.06893 75.056 2.02716 -13 431 1 0 1
0.613519 -0.898492 40.4558 -3.1192 1.24503 67.9206 2.08042 -13 432 1 0 1
-1.82939 -2.37588 40.4558 -9.98114 -11.0527 68.366 1.51442 -13 433 1 0 1
-0.426819 1.95964 40.4558 -2.77003 9.10298 58.8303 0.256558 -13 434 1 0 1
7.10962 2.03951 40.4558 10.1322 2.04254 59.0052 1.19977 -13 435 1 0 1
0.105624 -0.661397 40.4558 -4.38181 -0.218312 67.0508 -2.18239 -13 437 1 0 1
-4.57269 0.0678438 40.4558 -8.04194 0.770734 53.4362 2.09325 -13 438 1 0 1
-1.75402 -5.15466 40.4558 -6.94756 -7.75886 61.2723 -0.991793 -13 439 1 0 1
-0.440758 2.57484 40.4558 -3.7243 6.55714 60.7504 0.348657 -13 440 1 0 1
-4.54954 0.524049 40.4558 -16.4812 0.675736 69.58 1.49106 -13 441 1 0 1
-3.2815 -2.47732 40.4558 -10.0857 0.271205 64.3448 -0.00962808 -13 442 1 0 1
-1.82403 -0.049396 40.4558 -4.23393 5.42869 55.7148 1.17334 -13 443 1 0 1
6.56198 -1.83796 40.4558 8.90156 -2.12953 69.9275 1.10105 -13 444 1 0 1
2.2146 1.24052 40.4558 -0.418902 -3.16996 68.9284 0.190062 -13 445 1 0 1
-3.33148 -4.53888 40.4558 -11.827 -5.08785 67.6425 -1.43147 -13 446 1 0 1
1.61818 0.534542 40.4558 1.47985 1.87242 56.9314 -0.312622 -13 447 1 0 1
-1.57725 0.491246 40.4558 -8.6071 4.1645 69.7514 -1.88195 -13 448 1 0 1
-1.98755 1.56646 40.4558 -4.13148 0.808038 51.8089 -0.0565253 -13 449 1 0 1
2.57869 2.47129 40.4558 -4.95343 1.74681 81.0468 0.193906 -13 451 1 0 1
-0.751001 -1.49859 40.4558 -4.95315 -4.80215 67.2098 1.21393 -13 452 1 0 1
0.181781 -3.21708 40.4558 -0.251389 -5.25868 59.1834 -0.208932 -13 453 1 0 1
-7.15492 1.06318 40.4558 -11.1824 1.00102 48.2801 1.49083 -13 454 1 0 1
1.27333 -1.38145 40.4558 1.56159 -5.95774 54.8888 0.321042 -13 455 1 0 1
1.67597 3.66458 40.4558 -0.300474 9.31376 64.366 -0.513481 -13 456 1 0 1
2.02676 1.85175 40.4558 3.24242 7.29218 56.621 0.926847 -13 457 1 0 1
0.244233 -10.1988 40.4558 -1.8109 -16.5532 52.9162 -0.96621 -13 458 1 0 1
3.67496 4.82776 40.4558 1.98801 6.97215 74.4321 1.79719 -13 459 1 0 1
-3.71457 -1.24283 40.4558 -11.9907 0.206582 63.9841 -0.0341557 -13 460 1 0 1
-5.42609 3.50001 40.4558 -14.2681 10.167 62.5815 0.477834 -13 461 1 0 1
-3.13401 -0.283069 40.4558 -9.38007 0.278165 62.7697 -0.162434 -13 462 1 0 1
1.02689 -1.83372 40.4558 -2.68939 -3.3822 68.6918 1.59705 -13 463 1 0 1
0.728845 9.27113 40.4558 -1.62185 19.0836 59.4519 -0.0182006 -13 464 1 0 1
-5.82277 8.96192 40.4558 -7.33989 10.4466 34.0978 -0.640947 -13 465 1 0 1
-0.288666 3.74367 40.4558 -2.53929 8.40085 56.1264 0.467333 -13 466 1 0 1
2.1629 -3.4063 40.4558 3.57305 -2.23018 33.7001 0.0634311 -13 467 1 0 1
-1.29786 0.411238 40.4558 -2.90213 -4.5098 55.7673 -0.70024 -13 468 1 0 1
-4.19158 8.2637 40.4558 -7.25028 12.9612 48.0378 0.607017 -13 469 1 0 1
0.678604 -4.35466 40.4558 -2.32696 -6.23702 64.2124 -0.331682 -13 470 1 0 1
-5.07503 8.3819 40.4558 -8.53834 12.165 46.2188 1.35594 -13 471 1 0 1
-0.354627 -6.92331 40.4558 -0.694574 -9.43596 41.5952 1.36211 -13 472 1 0 1
-3.70446 -1.18381 40.4558 -7.15673 -2.75374 54.1432 -0.471259 -13 473 1 0 1
1.93103 -3.49553 40.4558 1.92071 -7.09655 61.6202 -0.483549 -13 474 1 0 1
0.466323 2.40773 40.4558 -4.5908 8.18961 70.6413 1.70522 -13 475 1 0 1
-7.31399 5.05911 40.4558 -16.493 11.2266 57.8885 0.142992 -13 476 1 0 1
-0.83629 7.19863 40.4558 -4.58686 11.8679 65.8261 -1.1477 -13 477 1 0 1
-2.91745 -3.03675 40.4558 -9.02243 -4.6344 60.447 -1.6419 -13 478 1 0 1
-1.23363 0.457337 40.4558 -2.92841 -1.3977 47.378 -0.459702 -13 479 1 0 1
0.213207 2.30138 40.4558 -1.11278 6.29888 54.4367 0.46245 -13 480 1 0 1
2.1484 -1.74248 40.4558 3.45463 -1.97677 31.6854 0.811458 -13 481 1 0 1
-1.9561 -2.68588 40.4558 -2.68242 -7.79907 45.4303 0.562146 -13 482 1 0 1
-5.91566 4.92211 40.4558 -17.6602 8.86695 66.1227 0.938464 -13 483 1 0 1
-5.56371 0.568835 40.4558 -16.6426 -0.967371 65.0444 -1.11545 -13 484 1 0 1
-8.32714 -4.40613 40.4558 -16.5148 -10.3423 53.9418 2.01662 -13 485 1 0 1
-2.31437 -4.47622 40.4558 -6.44682 -12.2531 56.8388 2.90585 -13 486 1 0 1
2.76648 2.29857 40.4558 0.487386 1.97301 69.1553 0.286909 -13 487 1 0 1
-9.24097 -1.11032 40.4558 -19.7094 -2.19724 57.2822 -0.728889 -13 488 1 0 1
-4.11502 -1.10764 40.4558 -5.77189 4.12348 39.6744 1.5349 -13 489 1 0 1
-0.530167 -0.443318 40.4558 -3.78573 -4.78525 62.8665 -1.65849 -13 490 1 0 1
-1.39758 3.23319 40.4558 -8.38594 2.20785 69.3132 1.01626 -13 491 1 0 1
-0.102575 1.00556 40.4558 -2.78115 6.43811 60.9542 1.34015 -13 492 1 0 1
-4.30917 -1.9172 40.4558 -9.07378 -4.72278 58.1239 1.18658 -13 493 1 0 1
-2.59989 -0.219016 40.4558 -2.74278 -2.65988 33.1214 0.322581 -13 494 1 0 1
-0.867313 6.97787 40.4558 -0.495035 4.42907 42.13 -2.51247 -13 495 1 0 1
-1.75447 -5.69297 40.4558 -2.63205 -7.57449 42.3388 0.468331 -13 496 1 0 1
-2.76342 -1.36074 40.4558 -9.71641 -2.15726 63.3542 0.432112 -13 497 1 0 1
-3.69978 3.0268 40.4558 -12.9308 7.56419 66.9902 -0.264733 -13 498 1 0 1
-1.63126 4.40226 40.4558 -3.68805 4.5444 51.3269 -0.659331 -13 499 1 0 1
5.7178 0.417377 40.4558 8.41456 -2.75278 51.5461 -0.965318 -13 500 1 0 1
1.8621 4.10348 40.4558 -5.7951 7.32177 78.1296 -0.139591 -13 501 1 0 1
-6.15281 4.97413 40.4558 -17.342 6.87522 64.2509 -1.00643 -13 502 1 0 1
-4.24852 -12.5052 40.4558 -13.3586 -20.6571 63.7682 -1.45487 -13 503 1 0 1
-3.35742 0.30693 40.4558 -11.4842 2.53051 64.5843 0.453506 -13 504 1 0 1
5.23412 0.849058 40.4558 8.52049 1.54268 56.7578 -0.971619 -13 505 1 0 1
-3.03633 -0.290007 40.4558 -18.0918 -3.1903 76.9427 1.42295 -13 506 1 0 1
1.43228 6.59733 40.4558 0.87849 11.237 48.544 0.624423 -13 507 1 0 1
1.72757 -5.34116 40.4558 1.18194 -8.38462 62.9807 1.12577 -13 508 1 0 1
3.33085 -3.8382 40.4558 0.764051 -7.95418 72.3895 0.163902 -13 509 1 0 1
-7.83751 3.51337 40.4558 -17.057 5.81776 57.7215 1.31209 -13 510 1 0 1
-7.8725 -1.15875 40.4558 -22.9852 0.253432 67.5276 2.20673 -13 511 1 0 1
-4.19626 -3.57646 40.4558 -9.76173 -6.05573 56.2095 -0.250036 -13 512 1 0 1
-1.02449 0.301888 40.4558 -2.58676 3.043 50.9327 1.27742 -13 513 1 0 1
-3.83551 -0.204954 40.4558 -8.5078 -0.317901 54.2118 -3.32769 -13 514 1 0 1
-6.37047 0.306866 40.4558 -17.9053 1.5919 63.6471 -1.30068 -13 515 1 0 1
-1.72627 -2.01437 40.4558 -4.7749 1.75464 57.6093 -1.80112 -13 516 1 0 1
-0.909002 0.697066 40.4558 -8.2563 -2.25283 71.4907 -0.987552 -13 517 1 0 1
-1.71088 0.0242101 40.4558 -6.44961 2.01849 64.3875 0.952546 -13 518 1 0 1
-4.2838 1.41565 40.4558 -20.84 1.51704 75.6528 0.0578038 -13 519 1 0 1
-1.62862 -0.908242 40.4558 -4.43412 -5.54416 59.8794 2.66118 -13 520 1 0 1
-3.12255 -5.68726 40.4558 -11.7365 -10.6855 68.2335 -1.34094 -13 521 1 0 1
0.885203 2.34615 40.4558 -9.21458 5.17092 80.0387 1.03616 -13 522 1 0 1
-4.29014 3.33369 40.4558 -14.354 4.34691 68.0809 0.997427 -13 523 1 0 1
-1.29903 -4.97437 40.4558 -4.60711 -2.29949 61.3222 0.857878 -13 524 1 0 1
-2.27701 5.97388 40.4558 -2.49048 6.50015 38.1216 0.8334 -13 525 1 0 1
-4.60373 -2.54954 40.4558 -17.1904 -0.696551 69.7482 0.170779 -13 526 1 0 1
-4.30302 5.112 40.4558 -9.91526 9.86697 57.1453 1.16297 -13 527 1 0 1
-3.35379 2.47372 40.4558 -6.66577 3.75293 55.065 2.817 -13 528 1 0 1
5.18466 -2.77706 40.4558 5.72656 -12.2387 70.6521 0.920463 -13 529 1 0 1
-2.15558 1.79948 40.4558 -8.50686 3.75027 66.3775 -0.481058 -13 530 1 0 1
-0.639531 1.22933 40.4558 -2.20325 3.85629 59.0849 1.12057 -13 531 1 0 1
-9.23659 2.38215 40.4558 -16.3138 7.09619 50.1928 1.79464 -13 532 1 0 1
-12.5295 -8.79173 40.4558 -10.6954 -5.82111 19.3952 3.62348 -13 533 1 0 1
1.69905 -0.769655 40.4558 -1.51633 -0.0827288 70.047 1.09126 -13 534 1 0 1
0.0865605 1.93595 40.4558 -5.38257 11.7569 68.3931 -2.70678 -13 535 1 0 1
-0.332841 -1.33997 40.4558 -2.11763 1.0866 54.649 -0.779581 -13 536 1 0 1
2.18995 5.33044 40.4558 2.97475 9.04733 63.4003 0.231216 -13 538 1 0 1
5.38313 -2.06836 40.4558 3.94339 -3.49711 77.0322 1.49853 -13 540 1 0 1
-1.79861 2.57193 40.4558 -10.2415 8.93929 69.6576 1.07063 -13 541 1 0 1
0.964353 -0.411925 40.4558 -2.37019 1.44628 67.6317 0.132545 -13 542 1 0 1
2.39477 -1.27159 40.4558 1.66341 -7.04419 66.7906 -0.397144 -13 543 1 0 1
0.652791 -0.838878 40.4558 -1.39834 -2.91664 63.073 0.549598 -13 544 1 0 1
-3.35953 -9.46965 40.4558 -13.1573 -23.5806 66.8947 1.27063 -13 545 1 0 1
-3.49767 -8.8355 40.4558 -6.07917 -11.4001 41.9412 0.640856 -13 546 1 0 1
-6.98032 4.51981 40.4558 -12.6282 8.77604 48.0811 -0.559851 -13 547 1 0 1
-0.323795 1.08161 40.4558 -3.48794 6.83086 61.1381 2.38931 -13 548 1 0 1
0.0469775 -3.26777 40.4558 -1.41841 -2.30233 57.5502 2.69305 -13 549 1 0 1
-9.79379 6.20523 40.4558 -25.1074 15.1516 61.947 -2.3632 -13 550 1 0 1
0.217319 -6.52225 40.4558 -0.0212492 -3.34887 33.58 1.41412 -13 551 1 0 1
-7.56269 -0.68169 40.4558 -15.8485 -3.20476 56.2782 0.360053 -13 553 1 0 1
-6.90539 -1.05268 40.4558 -17.8282 -4.23882 61.7571 -0.882277 -13 554 1 0 1
3.23354 3.15456 40.4558 -0.581574 7.72104 73.8915 1.35712 -13 555 1 0 1
-4.36377 4.61985 40.4558 -9.6848 7.55553 54.7211 0.625038 -13 556 1 0 1
0.940771 0.380255 40.4558 -0.502596 -0.734728 61.2262 2.55417 -13 557 1 0 1
-3.69069 -0.620266 40.4558 -9.79248 -3.89216 60.5526 -2.48152 -13 558 1 0 1
-13.1012 1.74931 40.4558 -18.1878 2.689 37.7353 -1.24602 -13 560 1 0 1
-5.2305 3.28674 40.4558 -16.7993 3.844 66.9549 1.2209 -13 562 1 0 1
1.99547 -0.669175 40.4558 -1.67083 -5.08868 70.3677 -0.222501 -13 564 1 0 1
-7.80055 3.70579 40.4558 -15.0393 9.13312 52.4034 1.40078 -13 565 1 0 1
-6.49518 -1.19688 40.4558 -21.87 -4.04057 69.4382 0.859953 -13 566 1 0 1
-3.61642 -3.98177 40.4558 -7.51079 -4.69458 54.3225 0.323444 -13 567 1 0 1
-2.35631 3.36695 40.4558 -10.5457 9.72087 69.8162 0.293225 -13 568 1 0 1
-1.73686 -2.70215 40.4558 -6.40509 -6.36338 60.8498 1.91563 -13 569 1 0 1
-2.64215 -3.95889 40.4558 -4.32486 -3.98506 50.4557 -2.27357 -13 570 1 0 1
-10.5966 10.0062 40.4558 -5.57788 4.2989 8.77289 0.618268 -13 571 1 0 1
-0.331449 -1.68922 40.4558 -8.46795 -7.74754 74.6385 -0.0342102 -13 572 1 0 1
-4.45043 0.328088 40.4558 -13.797 -4.5955 66.8916 2.05899 -13 573 1 0 1
-6.13732 8.71697 40.4558 -13.7573 19.21 55.039 -0.832861 -13 574 1 0 1
-0.569674 -1.55238 40.4558 -6.62471 -3.57094 68.9656 0.296192 -13 575 1 0 1
-1.43012 3.06699 40.4558 -7.62709 0.359322 67.9726 -0.780309 -13 576 1 0 1
-0.215673 -4.69297 40.4558 -4.65085 -3.6772 65.2476 -1.85817 -13 577 1 0 1
-3.76286 5.18765 40.4558 -14.9838 12.8513 70.1861 2.05616 -13 578 1 0 1
1.55195 -6.74413 40.4558 1.02615 -13.9661 61.0478 -0.127385 -13 579 1 0 1
-7.1806 2.53775 40.4558 -19.414 9.14039 63.1807 1.59639 -13 580 1 0 1
2.84951 2.93999 40.4558 3.23222 3.13234 62.2735 0.190762 -13 581 1 0 1
3.66739 -0.328503 40.4558 5.09528 2.52452 48.5274 0.12806 -13 582 1 0 1
1.72082 0.743644 40.4558 -1.88328 -0.311801 70.8199 -0.329231 -13 583 1 0 1
0.140071 0.199625 40.4558 -3.87962 -3.67346 63.7393 -0.640681 -13 584 1 0 1
-0.13232 -2.08702 40.4558 -5.04807 -7.92176 65.2252 -1.93663 -13 585 1 0 1
-0.2276 -1.82901 40.4558 -6.83604 -6.61349 70.7931 2.29488 -13 586 1 0 1
-3.56984 4.02541 40.4558 -15.6916 13.8833 71.1559 0.477597 -13 587 1 0 1
1.8002 -1.04214 40.4558 -0.138311 0.979648 66.6223 -2.00733 -13 588 1 0 1
-4.16154 0.354038 40.4558 -14.7225 -1.1166 68.1336 -1.12806 -13 589 1 0 1
-5.0066 -4.05521 40.4558 -18.5222 -13.9338 71.2314 -0.748167 -13 590 1 0 1
-3.49743 -1.20992 40.4558 -17.8661 0.550844 75.6872 2.69692 -13 591 1 0 1
-1.86947 0.622146 40.4558 -8.98136 -0.412302 70.5368 -2.49821 -13 592 1 0 1
-0.198566 4.21516 40.4558 -2.68705 2.86097 63.7824 2.06248 -13 593 1 0 1
-6.50781 1.43973 40.4558 -17.0327 0.216585 60.6433 0.367594 -13 594 1 0 1
0.133532 -3.00395 40.4558 -3.08404 -2.85325 63.373 0.706954 -13 595 1 0 1
-5.70227 -0.700507 40.4558 -25.492 -2.48327 75.6236 0.044262 -13 597 1 0 1
1.02048 -3.69999 40.4558 -9.36764 -11.2839 80.1886 -1.60039 -13 598 1 0 1
-6.26026 -2.45724 40.4558 -8.86828 -3.99145 43.8139 -1.41017 -13 599 1 0 1
-3.63199 -4.35992 40.4558 -6.25816 -7.22714 49.5752 0.703494 -13 600 1 0 1
-0.411419 -1.6428 40.4558 -3.42016 -3.788 59.2239 1.31972 -13 601 1 0 1
-1.06476 -2.66069 40.4558 -4.72085 -4.72602 63.3413 0.76861 -13 602 1 0 1
-8.40537 -1.458 40.4558 -22.1175 -2.37051 63.8047 -1.1256 -13 603 1 0 1
1.28519 0.869946 40.4558 3.02704 -0.689488 47.5194 0.314875 -13 604 1 0 1
-3.95157 -11.4042 40.4558 -9.34714 -18.8176 56.3088 0.208931 -13 605 1 0 1
2.60367 -1.00994 40.4558 0.534832 -2.1962 66.7558 2.75952 -13 606 1 0 1
4.03065 3.76444 40.4558 0.240936 14.6607 75.8035 -0.620783 -13 607 1 0 1
-6.90386 -0.642259 40.4558 -22.2747 5.22825 69.2338 0.296731 -13 609 1 0 1
-3.95386 -0.401432 40.4558 -12.7383 6.9087 65.852 -1.52626 -13 610 1 0 1
-3.82776 1.46222 40.4558 -7.21635 -0.983836 53.0119 1.07525 -13 611 1 0 1
3.33471 0.0164738 40.4558 3.83405 3.52359 56.8502 -2.08004 -13 612 1 0 1
2.37986 -5.54772 40.4558 2.55919 -6.56926 37.8426 1.55383 -13 613 1 0 1
-2.28007 -1.45237 40.4558 -7.20524 -6.50268 63.2712 -0.148766 -13 614 1 0 1
-5.21748 0.724847 40.4558 -17.9652 -3.9376 71.141 0.966641 -13 615 1 0 1
1.64737 1.44134 40.4558 -5.13632 6.51692 77.4434 -0.0682223 -13 616 1 0 1
-3.0651 -4.93028 40.4558 -9.73102 -7.84892 62.2028 -0.533316 -13 617 1 0 1
-4.0914 9.19865 40.4558 -9.83027 18.8537 55.6486 -0.857461 -13 618 1 0 1
2.7685 5.52304 40.4558 3.50431 11.5119 50.4966 0.896606 -13 619 1 0 1
-0.840709 2.25806 40.4558 -11.6962 4.92952 77.1794 -2.06041 -13 620 1 0 1
-1.08086 -6.29166 40.4558 -3.94484 -7.23245 59.0595 0.849112 -13 621 1 0 1
1.04156 -14.6767 40.4558 0.185276 -21.48 54.1185 0.54204 -13 622 1 0 1
-2.70344 -3.6489 40.4558 -6.83232 -3.17681 59.6116 -0.126593 -13 623 1 0 1
-1.49878 -1.89964 40.4558 -5.68299 -6.2254 63.5571 -0.130684 -13 624 1 0 1
-6.121 7.38774 40.4558 -12.3715 8.93939 53.8594 -0.662076 -13 625 1 0 1
2.4102 0.629077 40.4558 -0.765055 -1.73329 70.6238 2.61347 -13 626 1 0 1
-6.01058 0.167473 40.4558 -22.7225 7.80239 72.8653 0.737949 -13 627 1 0 1
-0.959371 -7.66385 40.4558 -7.54003 -15.4635 69.9104 0.30875 -13 628 1 0 1
-3.78527 6.49898 40.4558 -10.4323 15.7452 63.0545 0.364372 -13 629 1 0 1
-7.90183 3.23962 40.4558 -18.7773 9.11982 59.3969 0.84 -13 630 1 0 1
-2.78286 1.19155 40.4558 -5.90809 3.40155 58.1794 -0.477146 -13 631 1 0 1
-3.16445 -3.39383 40.4558 -10.8442 -6.45926 65.3593 -1.33921 -13 632 1 0 1
3.27475 2.26034 40.4558 5.04217 2.74092 55.9282 -0.632615 -13 633 1 0 1
-8.76834 12.0104 40.4558 -18.0386 22.0593 53.3573 0.073169 -13 634 1 0 1
4.51156 -1.19841 40.4558 6.80577 -0.131384 52.0464 0.383373 -13 635 1 0 1
-4.71783 1.80887 40.4558 -17.4716 9.07635 70.4299 -1.94089 -13 636 1 0 1
1.84654 0.134367 40.4558 -2.69126 -1.93959 72.0603 0.255096 -13 637 1 0 1
1.64845 -3.98281 40.4558 -0.657452 -8.19015 65.7966 -1.79137 -13 639 1 0 1
-0.295894 3.55511 40.4558 -1.07696 4.40881 38.255 -1.93413 -13 640 1 0 1
1.50293 -5.58465 40.4558 -0.0696635 -12.6431 61.2696 -1.1425 -13 641 1 0 1
-0.297585 -5.42348 40.4558 -1.22253 -7.39615 57.0535 0.143596 -13 642 1 0 1
-2.43679 -5.0946 40.4558 -11.2686 -11.904 69.0437 -0.214723 -13 643 1 0 1
-5.67767 -3.94233 40.4558 -10.1561 -7.69797 48.238 2.43997 -13 644 1 0 1
-0.381279 -4.62262 40.4558 -2.03196 -7.10564 56.5032 1.18231 -13 645 1 0 1
-4.90351 1.79373 40.4558 -18.3124 3.34775 69.7404 1.51246 -13 646 1 0 1
-6.72293 -0.900967 40.4558 -26.15 0.450227 73.6912 -1.33823 -13 647 1 0 1
1.70272 0.949735 40.4558 -0.214901 3.49557 68.1214 0.0413947 -13 649 1 0 1
-1.19217 -3.79272 40.4558 -10.189 -5.86945 72.6018 1.10675 -13 650 1 0 1
0.0467567 2.89913 40.4558 -4.94136 5.4728 67.4336 0.642081 -13 651 1 0 1
-2.38867 -0.549295 40.4558 -9.19587 -2.55086 65.0316 1.14816 -13 652 1 0 1
-0.764232 -3.32126 40.4558 -6.82658 -4.41254 67.7676 0.769179 -13 653 1 0 1
-0.239913 -2.41576 40.4558 1.53467 -2.85684 39.6784 -0.218391 -13 654 1 0 1
-9.61519 -6.31548 40.4558 -10.1673 -7.6915 27.026 0.441621 -13 655 1 0 1
-7.00207 3.90945 40.4558 -18.1673 11.4032 60.8952 0.0378485 -13 656 1 0 1
2.01344 -2.37077 40.4558 1.56479 -0.213068 60.9612 0.752312 -13 657 1 0 1
-2.6989 -5.346 40.4558 -11.5827 -6.98735 67.6437 2.36096 -13 659 1 0 1
-0.986799 0.0103795 40.4558 -6.45003 1.16846 65.6814 -1.36946 -13 660 1 0 1
-2.9884 -2.40013 40.4558 -16.3462 -11.9065 73.6618 1.76229 -13 661 1 0 1
-6.95506 -0.150008 40.4558 -14.6921 -0.350129 55.228 -0.122312 -13 662 1 0 1
0.75381 1.07031 40.4558 -0.0924798 4.23513 57.3021 0.582847 -13 663 1 0 1
-3.73811 -3.75222 40.4558 -14.884 -6.90381 68.6022 1.8659 -13 664 1 0 1
-1.69424 -1.21559 40.4558 -12.5664 -5.19537 75.4954 0.427952 -13 665 1 0 1
-8.4421 -0.977197 40.4558 -18.6135 0.194473 58.2618 1.1192 -13 666 1 0 1
-2.2111 -0.773963 40.4558 -6.80582 -0.547052 59.4686 -2.0179 -13 667 1 0 1
-7.0572 -3.44466 40.4558 -8.55624 -4.8216 30.9518 0.953736 -13 668 1 0 1
-1.02558 -6.66081 40.4558 -5.57205 -14.031 66.2773 1.51324 -13 669 1 0 1
1.02791 -4.50287 40.4558 -3.91284 -9.11231 72.0352 0.153868 -13 670 1 0 1
-2.32829 -9.95005 40.4558 -7.37721 -18.7568 58.8932 0.623966 -13 671 1 0 1
2.58027 5.0528 40.4558 1.72548 8.27969 56.088 1.69991 -13 672 1 0 1
-2.64633 11.8488 40.4558 -6.99507 19.6569 56.5731 0.480858 -13 673 1 0 1
4.52206 2.5018 40.4558 4.66387 5.27179 62.1146 0.987674 -13 674 1 0 1
-3.5095 -5.66754 40.4558 -9.57737 -13.1382 60.9947 3.30819 -13 675 1 0 1
3.91645 1.78063 40.4558 5.20617 5.26391 49.0987 -0.0197886 -13 676 1 0 1
5.32375 -0.678003 40.4558 5.80619 -3.11055 66.3758 1.13628 -13 677 1 0 1
-0.625957 1.52354 40.4558 -7.31341 11.7425 70.7167 1.67689 -13 678 1 0 1
-6.014 5.91368 40.4558 -17.3309 13.3885 64.107 0.147183 -13 679 1 0 1
-5.54854 1.87419 40.4558 -10.7306 1.04654 54.5194 -0.742532 -13 680 1 0 1
-0.835377 0.252685 40.4558 -8.38439 -7.51428 72.4175 -3.10506 -13 681 1 0 1
-10.8326 -4.52943 40.4558 -8.71023 -6.40336 18.9892 0.385233 -13 682 1 0 1
7.87685 2.70627 40.4558 11.812 11.4366 61.2779 2.1833 -13 683 1 0 1
-3.00741 -3.16955 40.4558 -8.46029 -5.2633 60.3094 -0.0690097 -13 684 1 0 1
9.74374 -2.7996 40.4558 15.1532 -10.1387 68.3153 -1.53497 -13 685 1 0 1
1.2105 4.86385 40.4558 -2.36486 11.4795 68.9392 0.551627 -13 686 1 0 1
-2.35307 3.5854 40.4558 -4.54845 8.68619 50.3706 1.84115 -13 687 1 0 1
-2.31738 2.84485 40.4558 -8.92102 2.58976 65.7326 0.110857 -13 688 1 0 1
2.21942 -5.36078 40.4558 2.42253 -13.1587 59.5835 1.14709 -13 690 1 0 1
-0.148795 1.24364 40.4558 -4.42448 -1.26772 64.2735 -1.80969 -13 691 1 0 1
-2.74799 3.66829 40.4558 -8.38959 2.31972 61.2087 -0.799451 -13 692 1 0 1
-2.29354 8.04913 40.4558 -5.35222 5.85106 49.0656 1.99469 -13 693 1 0 1
-1.15817 -5.63576 40.4558 -6.31809 -7.21495 64.1648 2.51559 -13 694 1 0 1
-3.53763 3.48231 40.4558 -10.3799 7.60504 62.8291 0.503578 -13 696 1 0 1
-2.69826 1.94281 40.4558 -12.9251 6.85441 69.1509 0.680383 -13 697 1 0 1
3.17735 -6.30686 40.4558 5.45038 -6.89289 43.5751 -0.528549 -13 699 1 0 1
0.862256 -1.24736 40.4558 -4.65195 -2.65887 71.9697 1.54269 -13 700 1 0 1
0.336481 2.84998 40.4558 -4.05551 10.4046 69.2862 1.48897 -13 701 1 0 1
-0.919426 1.12657 40.4558 -2.05854 2.46022 43.7498 1.50848 -13 702 1 0 1
-3.27519 2.66689 40.4558 -18.7986 4.30506 77.2974 -2.07368 -13 703 1 0 1
4.85802 0.578013 40.4558 8.10197 4.31746 58.0784 -0.311547 -13 704 1 0 1
-2.05316 3.23896 40.4558 -4.27083 4.0611 52.8453 1.58557 -13 705 1 0 1
-5.4143 -0.342137 40.4558 -9.87181 -0.408814 52.5881 -1.42805 -13 706 1 0 1
-1.04714 -1.08015 40.4558 -8.71899 4.34032 71.534 3.46966 -13 707 1 0 1
-8.32455 -1.88367 40.4558 -17.3112 -3.50449 55.9818 0.679668 -13 708 1 0 1
-3.21415 -1.40978 40.4558 -9.80369 -5.82186 64.2371 0.240495 -13 709 1 0 1
-1.73589 -2.93785 40.4558 -1.4714 -7.55755 40.7016 -0.764279 -13 710 1 0 1
0.889018 2.1937 40.4558 0.543923 0.373472 50.1271 -0.149114 -13 711 1 0 1
-3.26864 -5.72341 40.4558 -12.2929 -11.6021 66.7777 1.54715 -13 712 1 0 1
-0.913137 -2.93109 40.4558 -14.0189 -10.9123 79.2087 0.155031 -13 713 1 0 1
-2.75322 1.88386 40.4558 -4.92497 -0.0910714 48.6541 1.83368 -13 714 1 0 1
-2.81801 2.23381 40.4558 -12.3628 7.85188 69.4919 -0.918785 -13 715 1 0 1
0.0617092 4.91277 40.4558 0.0562531 7.53823 49.9332 1.39815 -13 716 1 0 1
-1.37421 -0.590365 40.4558 -2.60547 -2.05826 52.7385 1.96169 -13 717 1 0 1
-3.23337 0.69128 40.4558 -13.7622 -1.33825 70.5414 1.09747 -13 718 1 0 1
0.601523 0.367069 40.4558 -4.46788 4.29504 71.2396 0.0556821 -13 719 1 0 1
-3.41878 1.30934 40.4558 -10.7887 2.79121 64.3116 2.2446 -13 720 1 0 1
1.91811 -5.58746 40.4558 -1.96833 -12.226 70.6143 0.0690974 -13 721 1 0 1
0.623392 -3.76689 40.4558 -0.0817635 -8.24403 54.5522 -1.3603 -13 722 1 0 1
-1.48364 -3.7703 40.4558 -5.76229 -3.87755 60.4433 -1.04156 -13 723 1 0 1
-0.801159 5.69832 40.4558 -8.35495 10.8725 71.255 2.15953 -13 724 1 0 1
-5.492 4.93463 40.4558 -11.2853 6.23156 53.5669 -0.103228 -13 725 1 0 1
4.08726 -6.66091 40.4558 6.14831 -12.2777 53.1916 -0.806324 -13 726 1 0 1
0.495193 1.67454 40.4558 0.0137888 3.06546 43.9696 2.1279 -13 727 1 0 1
-0.889304 10.9563 40.4558 -2.15407 15.9651 39.4118 -0.119362 -13 728 1 0 1
1.50288 -2.86601 40.4558 -5.33801 -5.58033 75.7607 -1.67179 -13 729 1 0 1
-7.2227 -8.76156 40.4558 -7.06406 -7.12627 30.3279 0.0531768 -13 730 1 0 1
-2.51433 -1.75941 40.4558 -11.0728 -1.70403 69.4258 -1.08474 -13 731 1 0 1
-3.6743 4.7303 40.4558 -12.2009 7.35696 67.293 2.16829 -13 732 1 0 1
-6.2606 1.71059 40.4558 -9.19112 -1.10136 44.907 -0.232169 -13 733 1 0 1
1.17971 3.53937 40.4558 -2.51409 -3.64363 71.1472 2.40287 -13 734 1 0 1
7.16189 5.15077 40.4558 9.15632 5.13082 45.5935 -0.991785 -13 735 1 0 1
-1.08226 3.88736 40.4558 -2.22217 5.88063 45.9247 -0.0206296 -13 736 1 0 1
-4.46309 5.03122 40.4558 -10.9868 8.55703 60.7741 2.22821 -13 737 1 0 1
3.49696 -0.244432 40.4558 4.42612 2.43064 58.3885 1.69569 -13 738 1 0 1
0.664684 -2.35272 40.4558 -0.903186 -1.26455 59.157 -0.984139 -13 739 1 0 1
-2.43477 0.44169 40.4558 -12.3915 0.311556 71.7602 0.929816 -13 740 1 0 1
5.25825 1.864 40.4558 1.79569 1.94907 19.3237 2.11907 -13 741 1 0 1
-8.78268 0.055125 40.4558 -14.406 1.96141 47.471 -2.05509 -13 742 1 0 1
-3.06119 2.14665 40.4558 -12.2882 7.56044 70.1354 1.48266 -13 743 1 0 1
-4.86058 4.07572 40.4558 -9.85701 4.30916 54.2142 0.431538 -13 744 1 0 1
4.29327 5.37625 40.4558 2.2285 10.9334 72.0224 2.10529 -13 745 1 0 1
0.326947 -2.21043 40.4558 -3.9114 -4.96809 67.9157 -1.66567 -13 746 1 0 1
-0.675523 -1.44316 40.4558 -5.88533 -2.58138 67.4522 0.331103 -13 747 1 0 1
-5.8443 -0.341561 40.4558 -8.79002 0.816784 47.0555 -1.63161 -13 748 1 0 1
1.60318 -3.6932 40.4558 -3.42038 -9.06385 72.2277 1.27553 -13 749 1 0 1
-1.33841 5.93362 40.4558 -5.57775 3.13082 63.6732 0.863742 -13 750 1 0 1
-5.47502 2.87589 40.4558 -10.1959 6.46238 50.8559 0.187642 -13 751 1 0 1
-3.04122 4.30954 40.4558 -10.3904 13.0661 65.3767 -0.330018 -13 752 1 0 1
-2.14678 2.75268 40.4558 -6.82865 1.93475 63.6203 -0.882047 -13 753 1 0 1
-6.10909 -1.78276 40.4558 -17.8925 -1.68231 66.7308 0.467394 -13 754 1 0 1
1.4394 -1.05239 40.4558 -4.54388 -4.2917 75.009 -1.28392 -13 755 1 0 1
0.588574 1.76942 40.4558 -3.57925 8.66054 67.596 -0.887515 -13 756 1 0 1
3.2568 -3.82414 40.4558 5.14109 -4.91861 52.983 -0.952618 -13 757 1 0 1
-0.333218 -2.10049 40.4558 -0.179566 -8.8438 55.6462 0.518428 -13 758 1 0 1
0.686461 -7.37977 40.4558 -2.23725 -16.3824 61.039 1.30672 -13 759 1 0 1
-1.28464 3.52233 40.4558 -3.28733 5.8693 53.5296 0.365529 -13 760 1 0 1
-0.11422 -3.98641 40.4558 -2.54107 -5.23252 58.9909 0.849023 -13 761 1 0 1
-12.251 -0.536023 40.4558 -13.6486 1.56148 28.9296 -0.704701 -13 762 1 0 1
4.07354 1.4093 40.4558 4.72123 7.18632 60.4737 1.42364 -13 763 1 0 1
1.36401 1.2865 40.4558 -2.44544 4.07147 70.2715 -2.44473 -13 764 1 0 1
-3.36698 -2.67633 40.4558 -8.89866 -7.01874 63.6273 -0.39925 -13 765 1 0 1
4.0016 -5.26841 40.4558 3.98603 -5.71124 27.3431 -0.912122 -13 766 1 0 1
0.818671 -1.1347 40.4558 -0.647304 -3.50144 58.9412 -0.289303 -13 767 1 0 1
1.91616 -9.8176 40.4558 -0.0344915 -20.8135 65.2312 0.775579 -13 768 1 0 1
-4.77359 -0.701648 40.4558 -5.9298 -3.82347 35.6141 0.330511 -13 769 1 0 1
-3.94729 0.858385 40.4558 -13.6873 -7.67258 69.2221 -0.897367 -13 770 1 0 1
-6.52301 -9.35019 40.4558 -7.76252 -11.4604 32.953 -0.452987 -13 771 1 0 1
0.0331164 -2.5553 40.4558 -0.57767 -6.72699 54.9076 -0.0167602 -13 772 1 0 1
3.23113 -0.11546 40.4558 -1.35538 0.86492 76.6614 0.654709 -13 773 1 0 1
-6.19989 -2.89817 40.4558 -12.8211 -2.98425 56.1516 1.10527 -13 774 1 0 1
4.89279 -1.29535 40.4558 7.29503 -5.32374 60.9412 0.0762328 -13 775 1 0 1
-3.69925 2.54405 40.4558 -7.32547 5.12824 54.1898 2.68609 -13 776 1 0 1
-4.11029 -2.52461 40.4558 -13.1924 -7.66194 65.1999 0.121115 -13 777 1 0 1
-3.15913 3.78696 40.4558 -5.23226 9.68213 45.9482 2.75809 -13 778 1 0 1
-4.06111 -4.08673 40.4558 -12.9704 -8.68579 66.8286 1.83655 -13 779 1 0 1
1.32384 -0.912041 40.4558 0.157423 -1.31113 67.6425 -0.760129 -13 780 1 0 1
-0.770358 3.63723 40.4558 -5.05674 4.84151 66.0228 0.0361612 -13 781 1 0 1
-3.08069 -4.95446 40.4558 -9.59197 -9.87274 61.7249 0.662211 -13 782 1 0 1
2.31326 -3.18198 40.4558 2.54638 -4.43816 58.8079 1.13542 -13 783 1 0 1
-8.88692 -8.18869 40.4558 -20.8442 -19.4344 59.1652 -0.710297 -13 784 1 0 1
-2.5814 -0.621552 40.4558 -15.9064 -9.56795 75.7089 -0.0585547 -13 785 1 0 1
2.98173 2.37789 40.4558 4.02917 1.66613 47.3411 -0.861963 -13 787 1 0 1
-8.02159 -0.54493 40.4558 -18.1244 -2.66605 58.2971 -0.773779 -13 788 1 0 1
4.80689 0.0889809 40.4558 5.22282 -4.99747 70.8376 0.579805 -13 789 1 0 1
-0.7198 0.0457828 40.4558 -4.45607 -4.51727 59.7725 2.16051 -13 790 1 0 1
1.13679 -4.97528 40.4558 -1.57249 -14.4812 66.9076 -1.27205 -13 791 1 0 1
-2.54911 -1.27481 40.4558 -8.65431 -2.22797 65.8369 2.33895 -13 792 1 0 1
0.538745 0.438483 40.4558 -0.286961 -2.12327 52.7644 1.94209 -13 793 1 0 1
-2.01807 0.91621 40.4558 -8.48698 4.5299 68.0599 0.432522 -13 794 1 0 1
-5.9477 -4.79942 40.4558 -12.7031 -9.67313 54.0354 -2.24591 -13 795 1 0 1
-5.91838 1.04554 40.4558 -11.8941 1.46232 57.1328 0.0525811 -13 796 1 0 1
-1.80353 0.791529 40.4558 -2.47504 -2.84708 47.2543 -0.659864 -13 797 1 0 1
-1.03395 6.87561 40.4558 -10.4196 17.4415 72.6366 2.14358 -13 798 1 0 1
-3.3222 2.60332 40.4558 -9.44781 3.4675 61.5289 1.06196 -13 799 1 0 1
-7.50458 1.4377 40.4558 -16.1149 6.04447 56.818 1.35231 -13 800 1 0 1
2.98361 3.60406 40.4558 2.86353 1.70487 69.0887 2.37304 -13 801 1 0 1
-2.62228 -2.45352 40.4558 -9.34178 -8.29875 64.8459 -1.13324 -13 802 1 0 1
0.458747 -0.154444 40.4558 -7.42436 6.46079 75.0894 -1.5447 -13 803 1 0 1
4.66468 0.0240499 40.4558 6.52015 1.00998 50.0963 -0.336302 -13 804 1 0 1
-0.000504436 0.608994 40.4558 -1.52299 -0.0224637 56.4692 1.14468 -13 806 1 0 1
-5.08251 -5.56434 40.4558 -13.8041 -9.26816 64.4104 0.542097 -13 807 1 0 1
-6.02378 0.469576 40.4558 -15.5727 0.657865 62.8489 -0.40383 -13 809 1 0 1
-2.63721 -0.559324 40.4558 -14.8575 -4.21758 75.2053 -0.531914 -13 810 1 0 1
-1.13682 1.0286 40.4558 -7.02534 4.86425 69.7092 -0.0694213 -13 811 1 0 1
-4.25984 -3.36065 40.4558 -7.06046 -3.58765 46.5147 2.10835 -13 812 1 0 1
0.0216604 3.89507 40.4558 -1.80212 9.82768 55.9986 0.915151 -13 813 1 0 1
-1.40193 -0.953295 40.4558 -5.24452 1.86605 62.3422 0.859194 -13 814 1 0 1
0.457214 3.95112 40.4558 -0.45839 8.17494 54.8233 -1.90275 -13 815 1 0 1
0.692216 -1.10949 40.4558 -7.72122 -2.55467 76.3447 1.62812 -13 816 1 0 1
-2.01153 -1.23349 40.4558 -1.47328 -1.30473 39.3694 -1.49899 -13 817 1 0 1
-1.5185 -5.17297 40.4558 -2.51656 -10.5809 47.2171 0.0563792 -13 820 1 0 1
-3.96098 -1.17388 40.4558 -7.54189 1.64083 51.6818 -1.59046 -13 821 1 0 1
-2.33239 3.49252 40.4558 -20.3838 2.68095 78.8575 0.764863 -13 822 1 0 1
0.625065 0.691188 40.4558 0.406435 -1.2172 57.1009 0.0571252 -13 823 1 0 1
-4.1365 -1.55725 40.4558 -11.3558 -3.70556 59.762 0.420509 -13 825 1 0 1
-0.603173 2.06587 40.4558 -5.75745 8.35689 66.1353 -1.25609 -13 826 1 0 1
2.41067 -5.93421 40.4558 2.33675 -14.8361 62.2929 2.80247 -13 827 1 0 1
-0.676944 0.441122 40.4558 -3.87013 -2.61517 63.834 -2.32029 -13 828 1 0 1
3.28216 -9.60545 40.4558 3.15401 -16.1617 47.9537 0.950998 -13 829 1 0 1
-1.95253 -5.22878 40.4558 -7.26784 -11.8609 62.9687 -0.0241914 -13 830 1 0 1
0.553725 0.10499 40.4558 -2.93514 -2.52096 65.6576 2.11895 -13 831 1 0 1
-2.322 -3.36978 40.4558 -5.02566 -6.87473 54.416 0.508531 -13 832 1 0 1
-0.823826 -5.94776 40.4558 -4.24113 -12.5202 59.6739 0.515858 -13 833 1 0 1
-5.90368 -2.32506 40.4558 -13.6999 -1.60823 59.0671 -0.0886535 -13 834 1 0 1
-1.43126 -5.43507 40.4558 -13.9263 -15.5692 75.5459 -0.811936 -13 835 1 0 1
2.14669 5.23795 40.4558 -0.422547 12.6717 64.9889 0.0210452 -13 836 1 0 1
3.91111 -8.96317 40.4558 3.80744 -13.3768 65.8006 1.17111 -13 837 1 0 1
1.82385 3.97407 40.4558 -2.01229 4.17449 71.0058 -1.19372 -13 838 1 0 1
-2.62207 -5.2847 40.4558 -5.36489 -6.31299 54.5998 -0.264004 -13 839 1 0 1
-4.91035 1.02923 40.4558 -11.9846 0.814435 59.4374 2.56806 -13 840 1 0 1
-5.23106 4.83141 40.4558 -11.4223 5.86012 56.7695 -1.68179 -13 841 1 0 1
-2.37513 -1.74744 40.4558 -12.1474 -2.4623 72.2969 -0.841209 -13 842 1 0 1
-1.98403 -3.6406 40.4558 -12.5728 -15.6517 71.9821 0.620409 -13 843 1 0 1
-4.40661 5.36547 40.4558 -10.0899 10.3429 57.495 1.03391 -13 844 1 0 1
0.809143 -0.784379 40.4558 -0.458314 1.02964 59.9875 1.12152 -13 845 1 0 1
2.08156 -9.37041 40.4558 1.51737 -9.10657 35.1526 0.644955 -13 846 1 0 1
1.3619 -6.33483 40.4558 0.87597 -4.63517 57.8466 -1.02633 -13 847 1 0 1
-3.30721 4.03192 40.4558 -6.72677 4.70676 54.2252 -0.659136 -13 848 1 0 1
-7.60801 -2.72014 40.4558 -13.996 -2.84989 50.7037 -1.84821 -13 849 1 0 1
4.11226 -5.73638 40.4558 3.74351 -11.892 67.893 -0.745078 -13 850 1 0 1
-4.52433 3.91684 40.4558 -10.4369 5.15472 58.1037 -0.332298 -13 851 1 0 1
4.09385 -0.853618 40.4558 0.579629 -0.982792 75.6073 0.638419 -13 852 1 0 1
-3.92504 1.11192 40.4558 -10.3547 1.99187 60.341 1.22715 -13 853 1 0 1
-1.87181 1.72033 40.4558 -10.4263 -1.62537 68.4258 -0.685526 -13 854 1 0 1
-5.05711 5.6139 40.4558 -12.2849 11.3135 59.4481 0.265588 -13 855 1 0 1
-6.59502 1.96005 40.4558 -14.663 -2.6493 56.7105 0.472604 -13 856 1 0 1
0.337313 -4.60259 40.4558 -2.23859 -3.59655 65.3983 -0.733165 -13 857 1 0 1
-11.0291 1.96694 40.4558 -25.9849 2.79882 59.6046 -2.25105 -13 858 1 0 1
-5.03078 -0.863718 40.4558 -8.68994 0.261705 51.1859 1.746 -13 859 1 0 1
-3.59051 1.71876 40.4558 -11.8652 4.19425 66.3163 1.46168 -13 860 1 0 1
-1.38158 -2.28406 40.4558 -11.6621 -6.78289 75.9207 -1.68594 -13 861 1 0 1
-2.12473 0.865139 40.4558 -7.30695 3.8087 62.575 0.0594115 -13 862 1 0 1
-8.14951 -5.53698 40.4558 -17.8201 -8.68925 56.432 0.348628 -13 863 1 0 1
-2.57038 -1.33575 40.4558 -7.50714 -1.23641 62.011 -0.467761 -13 864 1 0 1
-0.593966 -3.18147 40.4558 -1.95531 -2.03712 55.9475 1.92864 -13 865 1 0 1
-1.41248 4.92836 40.4558 -4.38993 12.7407 55.3484 0.091338 -13 866 1 0 1
2.27268 5.15302 40.4558 -2.18747 9.46281 73.5544 -0.514253 -13 867 1 0 1
-1.20956 1.53514 40.4558 -13.4369 0.603917 77.4325 -1.49637 -13 868 1 0 1
-10.7982 -7.96309 40.4558 -21.968 -14.5913 54.5517 -0.524519 -13 869 1 0 1
-1.77525 -1.44163 40.4558 -5.82837 -5.2085 59.1188 0.898928 -13 870 1 0 1
-2.56734 -1.85274 40.4558 -9.53205 -5.75166 65.7402 -1.05004 -13 871 1 0 1
-3.77237 -1.82092 40.4558 -12.1881 -1.73746 65.9001 -0.984291 -13 872 1 0 1
1.10842 1.02236 40.4558 -3.21021 -0.818093 71.4057 -0.940098 -13 873 1 0 1
-2.77503 2.67925 40.4558 -10.1617 6.57218 65.5122 2.72297 -13 874 1 0 1
-3.1967 -2.55006 40.4558 -9.78039 -6.4486 63.0615 0.351675 -13 875 1 0 1
2.54531 3.30253 40.4558 -1.90803 6.12074 74.9264 0.133622 -13 876 1 0 1
-0.348365 3.06442 40.4558 -4.64615 14.0421 67.5364 -1.86722 -13 877 1 0 1
1.38297 3.32225 40.4558 -3.72721 12.4687 72.3295 -3.57206 -13 878 1 0 1
-9.15675 4.36918 40.4558 -13.5124 5.49421 45.3485 1.31475 -13 879 1 0 1
1.95075 -4.66515 40.4558 0.363692 -11.3841 67.3014 0.949508 -13 880 1 0 1
0.878609 -2.56522 40.4558 0.182958 -4.82962 56.4885 1.96177 -13 881 1 0 1
5.10812 8.49367 40.4558 4.16525 19.7721 72.9627 -0.429245 -13 882 1 0 1
3.7865 6.25603 40.4558 2.8879 15.7485 63.3213 -0.218909 -13 883 1 0 1
2.89702 2.26221 40.4558 4.29826 4.34695 35.8977 -0.0392263 -13 885 1 0 1
2.03611 1.24291 40.4558 -5.49422 -4.76121 79.3326 2.45789 -13 886 1 0 1
-5.81848 4.469 40.4558 -18.7105 8.70046 67.3954 0.633849 -13 887 1 0 1
-1.17671 0.869786 40.4558 -2.4931 -2.1945 55.3289 0.164932 -13 888 1 0 1
-3.23699 -2.50378 40.4558 -7.35532 -3.73025 56.1535 -0.502187 -13 889 1 0 1
1.77006 -6.50357 40.4558 -0.965822 -15.4318 67.1634 -1.0306 -13 890 1 0 1
-4.27538 -0.572111 40.4558 -5.26209 0.202933 32.8472 -0.982229 -13 891 1 0 1
-2.65846 -2.86206 40.4558 -11.6931 -1.03671 70.5436 0.546029 -13 892 1 0 1
-9.17265 -1.06386 40.4558 -17.6236 0.41573 54.4162 -1.54401 -13 893 1 0 1
3.38019 -2.95834 40.4558 0.139329 -5.58876 76.0448 0.074686 -13 894 1 0 1
-6.22256 3.88193 40.4558 -21.9774 19.6087 68.0089 1.62654 -13 895 1 0 1
-4.20669 6.55422 40.4558 -13.6347 16.3912 66.2996 -1.57162 -13 896 1 0 1
-4.18604 -2.72068 40.4558 -7.97415 -4.01276 47.618 -1.64997 -13 897 1 0 1
-0.543788 -0.524185 40.4558 -3.01176 0.726987 55.6076 -0.588422 -13 898 1 0 1
4.42647 0.704468 40.4558 6.46609 4.06984 61.1247 -0.184781 -13 899 1 0 1
0.280764 3.32062 40.4558 -4.19477 2.64736 68.0492 0.674301 -13 901 1 0 1
3.79707 -0.694615 40.4558 5.75497 -4.23868 54.6008 0.663867 -13 902 1 0 1
0.129178 -6.84895 40.4558 -7.66901 -8.18523 73.7866 1.24595 -13 903 1 0 1
0.671552 -0.230913 40.4558 -1.13323 -4.34368 58.4697 2.03273 -13 904 1 0 1
-6.19595 -0.0518526 40.4558 -25.132 2.20643 74.6619 0.223545 -13 905 1 0 1
-9.51225 -2.63529 40.4558 -17.0294 -3.33662 51.0028 1.37377 -13 906 1 0 1
-1.5879 4.68267 40.4558 -7.86374 6.62695 66.6937 0.396249 -13 907 1 0 1
-8.69955 -6.78317 40.4558 -10.1487 -7.84779 31.8221 0.347351 -13 908 1 0 1
-0.527501 -5.36941 40.4558 -8.80588 -8.54632 72.0289 0.76817 -13 909 1 0 1
-2.23973 -2.09389 40.4558 -10.5325 -5.42953 69.3432 -0.0815752 -13 910 1 0 1
-4.60635 10.1262 40.4558 -7.20967 14.8646 39.0194 -0.502929 -13 911 1 0 1
0.153604 9.15047 40.4558 -2.75083 11.9244 54.1809 -0.707666 -13 912 1 0 1
-0.0529049 2.61886 40.4558 -13.4537 13.7124 77.9236 1.38103 -13 913 1 0 1
-10.2674 1.6621 40.4558 -27.1676 9.92939 64.7111 1.08174 -13 914 1 0 1
-0.346003 -5.55392 40.4558 -3.25447 -8.69753 60.7892 -0.772318 -13 915 1 0 1
-5.58524 0.0990852 40.4558 -27.7676 2.59586 75.2734 4.38694 -13 916 1 0 1
-5.20359 4.74963 40.4558 -6.25708 7.91635 37.6806 -0.0988314 -13 917 1 0 1
-7.18369 3.25042 40.4558 -22.5389 7.22622 67.8739 2.11271 -13 918 1 0 1
-2.76744 3.56726 40.4558 -9.20261 4.9638 65.252 -0.521833 -13 919 1 0 1
-3.24589 -1.49732 40.4558 -18.2907 0.480421 77.2247 0.526019 -13 920 1 0 1
0.966362 1.50973 40.4558 0.777694 -2.58774 33.8158 0.484462 -13 921 1 0 1
-2.89996 -5.53466 40.4558 -19.3379 -12.3721 77.8709 2.51662 -13 922 1 0 1
-6.30647 -0.0379562 40.4558 -13.9407 -0.332527 56.6103 -0.0652557 -13 923 1 0 1
-1.83922 2.82947 40.4558 -8.48611 3.35387 67.4585 -0.965387 -13 924 1 0 1
-3.95604 3.45464 40.4558 -10.829 8.00545 60.2891 0.457578 -13 925 1 0 1
-1.93699 2.97177 40.4558 -13.7699 4.72199 75.4445 1.44935 -13 926 1 0 1
-2.61083 -3.40946 40.4558 -8.25929 -2.56801 67.0209 0.631764 -13 927 1 0 1
-2.79553 -1.90216 40.4558 -6.852 -4.60341 56.7477 -0.143837 -13 928 1 0 1
-2.3268 -0.558837 40.4558 -10.1574 -1.51121 69.277 1.4143 -13 930 1 0 1
2.51604 0.521944 40.4558 1.71075 -2.59609 62.9654 2.07551 -13 931 1 0 1
-8.95519 -3.57197 40.4558 -14.1817 -6.67958 44.781 2.00075 -13 932 1 0 1
0.930334 4.26931 40.4558 -2.95277 13.0387 67.8291 1.10826 -13 933 1 0 1
-2.5337 0.522156 40.4558 -13.6421 3.4717 73.073 -0.479503 -13 934 1 0 1
-7.92793 8.28599 40.4558 -16.7351 15.0165 53.8226 1.03603 -13 935 1 0 1
4.07422 -2.3985 40.4558 6.5419 0.121146 60.6381 0.114381 -13 936 1 0 1
-1.72086 -3.42236 40.4558 -11.3222 -2.98436 72.2089 -0.137989 -13 938 1 0 1
-3.96831 0.0408656 40.4558 -9.57397 0.500667 59.7571 -0.463465 -13 939 1 0 1
-3.55643 -0.093465 40.4558 -9.04066 2.16706 59.3818 0.0460933 -13 940 1 0 1
-4.42531 0.917018 40.4558 -13.0251 5.43692 64.9023 0.296334 -13 941 1 0 1
4.50133 -0.689212 40.4558 3.40656 -1.77769 72.0228 0.626793 -13 942 1 0 1
0.869634 -2.92197 40.4558 -2.84852 -4.64083 67.3919 1.49587 -13 943 1 0 1
-4.16478 -1.20527 40.4558 -7.28228 2.05365 51.0607 -0.341832 -13 944 1 0 1
-0.0421937 5.17237 40.4558 -6.34426 15.8893 69.9994 0.963717 -13 945 1 0 1
-4.41289 3.29828 40.4558 -6.91024 4.89484 43.1112 -0.640502 -13 946 1 0 1
1.79682 -1.02273 40.4558 0.349467 1.52735 65.0785 -1.09796 -13 947 1 0 1
-1.1694 -0.753422 40.4558 -2.53842 1.33862 48.4378 1.39648 -13 948 1 0 1
-7.77416 -1.72671 40.4558 -13.1783 -2.66015 51.478 0.502628 -13 949 1 0 1
-3.24665 3.57386 40.4558 -9.65599 5.45032 64.615 0.148289 -13 950 1 0 1
10.763 -4.75398 40.4558 16.1776 -5.67968 53.1806 0.717485 -13 951 1 0 1
1.50249 -1.21019 40.4558 0.87073 -2.45024 59.6057 2.75175 -13 952 1 0 1
-1.70764 -2.40257 40.4558 -6.50675 -5.68948 58.6598 0.353159 -13 953 1 0 1
-2.52997 -8.88752 40.4558 -5.45797 -15.2054 53.4267 -0.135368 -13 954 1 0 1
-0.112068 -0.440745 40.4558 -3.13377 -6.48041 60.244 0.629977 -13 955 1 0 1
-3.5216 2.60075 40.4558 -6.96579 0.993062 52.6585 0.00542417 -13 956 1 0 1
-9.33639 0.441649 40.4558 -18.458 -2.9685 54.0161 -0.920109 -13 957 1 0 1
-2.88216 0.321303 40.4558 -23.232 -1.33089 77.3367 -0.710201 -13 958 1 0 1
4.15293 -2.69096 40.4558 5.08131 -6.62599 61.7747 0.491879 -13 959 1 0 1
-2.58148 2.06665 40.4558 -13.4261 3.13874 72.7683 -1.92787 -13 960 1 0 1
-1.93744 -5.46853 40.4558 -3.99917 -7.53517 54.2918 0.28684 -13 961 1 0 1
0.00690278 -0.325898 40.4558 0.391827 -0.747969 33.6892 0.850599 -13 962 1 0 1
6.04211 2.80909 40.4558 7.951 -2.52124 68.4731 2.07796 -13 963 1 0 1
-2.46599 0.780847 40.4558 -6.39851 0.0953178 60.9815 2.04363 -13 964 1 0 1
-3.6229 -3.02381 40.4558 -11.0953 -8.11578 63.1155 1.51051 -13 965 1 0 1
-5.93922 0.776239 40.4558 -11.0134 5.41019 52.4328 2.4105 -13 966 1 0 1
0.254174 -1.19183 40.4558 0.126746 -0.15543 53.8712 0.676321 -13 967 1 0 1
-10.8557 -1.35042 40.4558 -23.939 -5.0332 57.5157 -0.929896 -13 968 1 0 1
-1.24192 -2.68326 40.4558 -1.49714 -5.90349 49.0095 0.696574 -13 969 1 0 1
1.54046 -2.65699 40.4558 -0.415782 -7.87124 64.2343 0.0293552 -13 970 1 0 1
1.82919 -3.37072 40.4558 -0.0432886 -2.01878 68.5545 -1.04052 -13 971 1 0 1
-9.64158 4.42751 40.4558 -9.55843 6.13298 26.1649 -0.720771 -13 972 1 0 1
-6.10537 -2.10101 40.4558 -6.82554 -0.898826 29.5644 -0.596064 -13 973 1 0 1
-3.71155 2.2221 40.4558 -12.4684 5.44104 67.6976 -0.506851 -13 974 1 0 1
-3.97003 0.627603 40.4558 -15.6882 8.77951 71.6947 1.7683 -13 975 1 0 1
-7.8192 -4.81333 40.4558 -16.7883 -6.90645 56.6512 0.505712 -13 977 1 0 1
-4.41819 -0.396159 40.4558 -16.4119 -3.44376 69.238 -1.30738 -13 979 1 0 1
-7.87 -0.619714 40.4558 -16.5219 -2.36608 55.9196 -1.27289 -13 980 1 0 1
-5.91124 -2.74268 40.4558 -15.2147 -9.35071 59.7542 -0.548616 -13 981 1 0 1
-1.03632 6.15185 40.4558 -4.95033 9.87354 63.3337 -0.540531 -13 982 1 0 1
-2.97542 -0.36481 40.4558 -12.942 6.39922 70.1602 -0.196692 -13 983 1 0 1
13.0339 -9.44489 40.4558 11.8495 -8.77385 33.8696 1.45398 -13 984 1 0 1
0.502578 -1.69312 40.4558 -1.002 -2.19588 60.0875 1.01605 -13 985 1 0 1
-5.90724 -3.59785 40.4558 -13.865 -5.60027 58.8635 -0.16663 -13 986 1 0 1
-1.20269 -8.03212 40.4558 -4.94092 -16.9359 58.9272 0.577084 -13 987 1 0 1
-10.1604 7.87782 40.4558 -7.89651 3.90305 17.4966 0.306269 -13 988 1 0 1
0.717761 -5.36968 40.4558 -2.98328 -10.0639 69.485 1.19894 -13 989 1 0 1
-2.30614 -1.16328 40.4558 -9.83695 -8.31204 68.4503 0.41287 -13 990 1 0 1
-6.95453 4.89294 40.4558 -11.7611 4.895 49.0324 -2.05564 -13 991 1 0 1
-7.59522 4.0257 40.4558 -9.04492 4.12558 38.0948 1.05387 -13 992 1 0 1
-1.5841 -4.87612 40.4558 -1.63295 -7.0124 48.9838 1.79541 -13 993 1 0 1
5.69715 -16.0386 40.4558 6.52416 -18.9563 43.9821 -0.591709 -13 994 1 0 1
0.487437 -0.0670811 40.4558 -2.06957 1.12483 63.9815 -1.66347 -13 995 1 0 1
-4.37556 -0.222171 40.4558 -14.0719 -0.986597 66.7144 0.345138 -13 996 1 0 1
-4.32905 1.2498 40.4558 -7.2369 2.24015 46.1954 2.58423 -13 997 1 0 1
1.67999 -1.12532 40.4558 1.51763 -1.14616 56.652 0.126024 -13 999 1 0 1
-4.03849 -1.80424 40.4558 -6.4884 -2.60463 46.2929 -0.372908 -13 1000 1 0 1
