#BLTrackFile NTuple/Z109
#x y z Px Py Pz t PDGid EventID TrackID ParentID Weight
#mm mm mm MeV/c MeV/c MeV/c ns - - - - -
-14.4069 -11.5156 109.345 -13.0815 -7.37485 71.4112 -0.537221 -13 1 1 0 1
7.81955 2.16716 109.345 1.84801 -1.68808 81.0171 0.534319 -13 2 1 0 1
-5.13032 -3.12034 109.345 -6.31208 -2.37124 71.2522 1.51654 -13 3 1 0 1
-8.22595 -2.98916 109.345 -9.05848 -1.37465 74.5704 -0.172246 -13 6 1 0 1
-2.1502 -9.82993 109.345 -2.3951 -5.62696 60.981 -0.211318 -13 7 1 0 1
8.0271 16.7951 109.345 3.4135 11.0104 63.3029 1.77175 -13 9 1 0 1
1.98865 -8.8141 109.345 -0.147005 -4.96736 66.6544 1.33374 -13 10 1 0 1
6.50015 6.45647 109.345 1.93353 4.25786 71.2083 0.0994998 -13 11 1 0 1
-2.94351 -17.427 109.345 -2.99984 -11.4835 61.1131 2.36352 -13 12 1 0 1
14.566 14.6284 109.345 4.95564 5.40008 39.0465 0.0721986 -13 13 1 0 1
14.7784 -10.9791 109.345 7.95592 -5.90832 67.7076 -0.887807 -13 14 1 0 1
12.452 -7.04778 109.345 6.73094 -4.53318 67.3134 2.12199 -13 15 1 0 1
-10.0023 16.4013 109.345 -7.89178 11.1094 63.0659 0.0114823 -13 17 1 0 1
-13.8564 -15.5473 109.345 -7.88254 -8.79179 51.3392 2.16257 -13 18 1 0 1
0.778499 -14.3218 109.345 -1.10479 -8.81949 64.1254 3.61449 -13 20 1 0 1
-12.3627 5.73659 109.345 -7.77646 4.70135 55.9637 -0.469927 -13 22 1 0 1
5.81622 -3.9316 109.345 1.72129 -1.40554 70.8292 0.921424 -13 25 1 0 1
-3.03318 4.15885 109.345 -3.89208 3.08549 68.3796 0.511206 -13 26 1 0 1
-0.364449 -2.69761 109.345 -2.00819 0.3675 66.5619 2.10998 -13 27 1 0 1
1.03514 -19.5691 109.345 -1.95894 -14.0828 72.5712 0.884254 -13 28 1 0 1
-8.82525 9.43569 109.345 -7.84107 7.44862 66.4399 1.66907 -13 30 1 0 1
-5.82874 1.84666 109.345 -6.85121 2.08343 71.6338 0.354306 -13 31 1 0 1
-10.2694 3.62102 109.345 -7.64247 2.337 61.8913 0.191609 -13 32 1 0 1
-4.58195 -3.19489 109.345 -1.79112 -0.329843 20.3772 2.57331 -13 33 1 0 1
-4.2513 8.83305 109.345 -4.44882 7.48807 65.8555 -0.448667 -13 36 1 0 1
-1.73807 -9.98097 109.345 -5.05196 -8.89481 79.3607 -0.858997 -13 37 1 0 1
-1.17244 -18.2012 109.345 -1.90494 -11.58 59.69 2.15112 -13 38 1 0 1
-11.1912 9.39396 109.345 -6.92938 4.83994 51.2532 1.52908 -13 40 1 0 1
8.81182 22.2031 109.345 3.86808 13.058 61.3815 0.532855 -13 41 1 0 1
0.79147 4.20392 109.345 -1.59411 1.55445 68.5352 1.89284 -13 42 1 0 1
4.37685 7.62684 109.345 1.65558 3.77793 56.571 1.36285 -13 44 1 0 1
-2.17866 -9.94673 109.345 -3.72924 -6.664 67.7883 1.04252 -13 46 1 0 1
-0.541551 15.9166 109.345 -1.65268 7.97573 59.6142 1.62272 -13 47 1 0 1
-9.52285 15.4067 109.345 -8.4085 11.9886 65.9689 1.35116 -13 48 1 0 1
-6.73996 -17.4726 109.345 -6.95552 -14.7073 69.0758 0.0867293 -13 49 1 0 1
7.68064 0.0925924 109.345 3.04981 0.51657 42.9802 0.208125 -13 50 1 0 1
2.59598 8.402 109.345 -1.04664 4.74979 72.8115 0.317956 -13 51 1 0 1
-9.32721 21.082 109.345 -5.96054 12.0382 54.5893 0.816221 -13 52 1 0 1
6.75337 8.38405 109.345 3.15241 4.21433 56.9027 -1.64062 -13 53 1 0 1
1.08288 15.5214 109.345 0.014293 6.10197 42.7929 0.883861 -13 54 1 0 1
-7.12241 -7.07888 109.345 -7.54805 -5.68492 70.1936 1.52858 -13 55 1 0 1
-12.7837 -12.4007 109.345 -9.33722 -6.97836 62.1013 0.262632 -13 58 1 0 1
-1.48269 -13.0902 109.345 -2.99946 -8.92872 67.5558 2.59472 -13 59 1 0 1
8.24841 24.107 109.345 3.61262 14.6713 56.2327 0.974238 -13 60 1 0 1
-10.3064 11.1035 109.345 -7.84786 7.65589 62.0731 -0.17758 -13 61 1 0 1
-1.77353 1.8739 109.345 -3.3924 2.69718 69.8679 0.0699056 -13 62 1 0 1
2.85804 -12.7518 109.345 0.139329 -4.55787 34.823 1.17259 -13 63 1 0 1
-1.84867 -0.877931 109.345 -2.35767 -0.21757 60.3087 0.813065 -13 64 1 0 1
2.72341 2.70378 109.345 0.117723 1.16456 65.8244 -0.805383 -13 65 1 0 1
-1.43169 2.44814 109.345 -3.31241 1.36226 71.397 1.06172 -13 66 1 0 1
2.13198 -4.90514 109.345 0.222894 -2.04297 61.4451 -0.0104895 -13 67 1 0 1
0.709865 21.8513 109.345 -0.298759 10.8079 53.3869 -0.223269 -13 68 1 0 1
-8.34321 -9.94964 109.345 -6.55465 -6.51036 62.6263 0.65491 -13 69 1 0 1
-8.01952 -10.5607 109.345 -10.3237 -11.1919 79.4356 0.807932 -13 70 1 0 1
-8.50197 6.62859 109.345 -5.82634 2.64377 59.6116 -0.778516 -13 71 1 0 1
9.22471 19.4378 109.345 4.13998 11.2286 64.5182 1.76774 -13 72 1 0 1
-4.15475 -0.26239 109.345 -6.03371 -1.725 74.3326 -0.313035 -13 73 1 0 1
1.88012 14.3048 109.345 0.0592285 8.57659 58.5171 0.954379 -13 74 1 0 1
0.469182 9.4882 109.345 -2.73085 6.37378 74.9042 -2.26203 -13 75 1 0 1
9.66254 2.89634 109.345 2.65998 2.06176 79.7826 -1.13793 -13 76 1 0 1
-9.58634 -0.342346 109.345 -6.65949 -1.69422 56.3431 3.09746 -13 77 1 0 1
-9.29923 -2.54934 109.345 -6.87035 -2.3033 59.7015 -0.074528 -13 78 1 0 1
0.728526 -5.65917 109.345 -1.11081 -3.87048 62.8411 2.10373 -13 79 1 0 1
-0.64117 -9.27704 109.345 -3.18355 -5.63604 72.3481 0.666123 -13 80 1 0 1
0.446722 12.7814 109.345 -2.23719 11.3523 69.5862 0.71198 -13 81 1 0 1
1.04087 1.48267 109.345 -0.375352 1.60907 62.7079 1.88953 -13 82 1 0 1
1.60203 -0.493927 109.345 -1.5655 -0.939769 75.6872 1.75386 -13 85 1 0 1
1.23918 -8.48419 109.345 -1.16369 -8.1738 67.9764 0.468827 -13 86 1 0 1
-4.77648 -18.7498 109.345 -2.86175 -9.96651 49.7685 1.64133 -13 87 1 0 1
-9.54044 -9.18824 109.345 -8.42264 -6.06883 67.4425 0.254365 -13 88 1 0 1
2.26744 -3.22427 109.345 -0.100361 -0.882444 62.1833 0.115867 -13 89 1 0 1
-0.620886 7.49899 109.345 -1.96512 4.68216 65.6626 0.487931 -13 90 1 0 1
8.27182 2.85869 109.345 4.02383 1.62253 55.1797 0.733336 -13 92 1 0 1
4.44632 1.09087 109.345 1.74118 -0.122563 59.1225 1.55087 -13 93 1 0 1
-0.0041973 32.862 109.345 -1.04154 17.3494 52.706 -0.561599 -13 94 1 0 1
3.10187 4.2221 109.345 0.00273687 3.52054 70.4185 0.715055 -13 95 1 0 1
-0.532785 14.095 109.345 -1.75958 9.74343 60.7028 -1.09952 -13 96 1 0 1
-4.32362 -4.02874 109.345 -3.0377 -0.666378 56.9248 -0.299531 -13 97 1 0 1
-3.20624 -3.94155 109.345 -3.9206 -1.35256 67.2372 1.10778 -13 98 1 0 1
-7.92828 15.9198 109.345 -6.48682 10.063 62.5634 1.20538 -13 99 1 0 1
6.08424 -8.0683 109.345 2.12911 -3.88809 67.224 -0.195325 -13 100 1 0 1
11.9275 0.209764 109.345 6.03576 -0.671889 68.3313 0.00050863 -13 101 1 0 1
2.59864 3.43673 109.345 -0.335851 2.05849 67.2365 0.591049 -13 102 1 0 1
6.45347 0.135632 109.345 2.44758 -0.873593 67.5848 0.370816 -13 104 1 0 1
-9.52235 9.0862 109.345 -6.72968 7.70211 59.7751 -0.736023 -13 105 1 0 1
-3.98378 -9.66952 109.345 -5.2186 -6.96685 70.0716 -0.386854 -13 107 1 0 1
10.7989 10.2919 109.345 5.39319 8.19195 63.1437 -0.105402 -13 108 1 0 1
4.85079 4.50245 109.345 1.61197 3.37432 67.8993 1.67031 -13 109 1 0 1
-8.58356 3.26396 109.345 -9.20567 2.71441 72.0546 0.39508 -13 110 1 0 1
-9.36832 -8.40048 109.345 -10.5466 -4.90794 76.4373 0.33899 -13 111 1 0 1
6.4857 1.08834 109.345 2.17143 -0.246432 56.3899 -1.10005 -13 112 1 0 1
4.32024 9.14985 109.345 1.51106 4.84393 54.8881 1.54302 -13 113 1 0 1
7.01235 -9.47169 109.345 3.05879 -6.35025 63.1719 0.639705 -13 114 1 0 1
10.866 4.03654 109.345 4.89952 1.73121 49.5582 0.651047 -13 115 1 0 1
-13.8995 -4.19729 109.345 -12.7804 -3.14125 71.7266 1.16805 -13 116 1 0 1
-5.32555 3.02139 109.345 -4.11476 2.25905 55.2233 0.40625 -13 117 1 0 1
3.17088 -13.0235 109.345 1.09668 -7.66645 45.5823 0.445524 -13 118 1 0 1
-6.53182 -3.01894 109.345 -6.85765 -1.41759 70.13 1.16162 -13 119 1 0 1
4.55041 -13.5741 109.345 1.35619 -6.71826 60.9978 2.23876 -13 121 1 0 1
-10.008 -8.30848 109.345 -10.8709 -5.54357 76.2081 1.25318 -13 122 1 0 1
-3.79746 -15.8407 109.345 -4.93697 -10.6956 70.4249 1.407 -13 123 1 0 1
-6.61487 -1.34389 109.345 -9.09241 -3.19978 78.4817 1.56174 -13 126 1 0 1
1.1839 16.2041 109.345 -0.555422 8.84895 59.7508 -0.381288 -13 127 1 0 1
-0.875259 -6.46495 109.345 -2.03683 -5.62466 64.6187 1.00757 -13 128 1 0 1
10.2862 -4.09153 109.345 4.53538 -0.827732 50.2132 1.39099 -13 130 1 0 1
-1.36931 7.26228 109.345 -3.32262 5.01077 68.7519 0.187801 -13 131 1 0 1
-7.65688 3.70543 109.345 -8.32418 2.26654 73.4187 1.91963 -13 132 1 0 1
10.4282 0.177228 109.345 5.24496 -0.289423 63.9991 -0.65509 -13 133 1 0 1
9.15421 1.40132 109.345 3.70789 0.861217 75.6502 1.01336 -13 134 1 0 1
6.52801 3.52122 109.345 2.08219 0.96069 70.4361 1.48431 -13 135 1 0 1
-10.194 -0.348003 109.345 -7.89325 -0.606108 63.1879 2.17771 -13 137 1 0 1
-6.97379 26.1098 109.345 -4.87485 14.5537 54.0001 1.04621 -13 140 1 0 1
-7.3692 3.82367 109.345 -4.47459 2.99525 50.6336 0.653024 -13 141 1 0 1
13.309 7.28536 109.345 6.98546 6.0513 64.4857 2.57761 -13 142 1 0 1
9.97709 -0.276689 109.345 4.6964 -1.12527 71.8629 3.52142 -13 144 1 0 1
0.526391 -31.693 109.345 -0.867404 -16.9251 54.2979 2.42508 -13 145 1 0 1
6.80433 -8.28868 109.345 2.73035 -4.3694 65.9691 0.858561 -13 146 1 0 1
-3.97799 -3.41366 109.345 -4.14589 -2.29497 65.1409 -0.570568 -13 147 1 0 1
-11.1354 -12.3993 109.345 -9.89611 -7.02418 69.0078 0.864399 -13 148 1 0 1
10.6438 13.4088 109.345 4.67325 7.18306 56.2296 0.192729 -13 149 1 0 1
2.08594 16.3006 109.345 -0.350363 11.2055 65.3796 0.453919 -13 150 1 0 1
2.72799 -18.3132 109.345 0.373722 -10.8942 56.459 1.87147 -13 151 1 0 1
0.884154 -3.12929 109.345 -0.909403 -2.26031 64.432 2.73808 -13 152 1 0 1
-8.84242 -9.63633 109.345 -7.86541 -8.11246 67.2063 0.108178 -13 153 1 0 1
-11.7674 -12.0169 109.345 -12.8855 -9.48449 77.1711 -1.54436 -13 154 1 0 1
-12.4195 0.53464 109.345 -10.0464 -0.200935 66.0367 -0.860347 -13 155 1 0 1
-6.22825 13.3051 109.345 -5.21535 9.10307 61.4283 0.511254 -13 157 1 0 1
-3.73491 5.68269 109.345 -7.33419 3.00524 79.1198 1.84159 -13 158 1 0 1
-12.3807 13.2351 109.345 -7.72946 6.68939 55.5489 -0.00849082 -13 159 1 0 1
8.52957 0.0293643 109.345 3.60114 -1.55706 70.6559 2.10736 -13 161 1 0 1
-9.6274 9.35973 109.345 -8.97783 8.11495 69.556 -1.16467 -13 163 1 0 1
9.0623 -13.9761 109.345 4.12197 -10.3893 65.6004 0.614252 -13 164 1 0 1
11.2438 16.3871 109.345 5.57716 10.2502 62.097 1.17339 -13 167 1 0 1
-8.19721 11.0509 109.345 -10.916 9.44026 78.144 1.60336 -13 168 1 0 1
-11.6809 -4.44646 109.345 -9.89344 -3.55196 66.9683 -0.123235 -13 170 1 0 1
-4.34252 6.84939 109.345 -3.35941 3.00221 56.6227 0.211542 -13 172 1 0 1
13.7819 -10.4171 109.345 7.15792 -6.35284 58.5763 0.733347 -13 173 1 0 1
1.92555 9.45617 109.345 -0.549796 4.47181 68.7425 0.772945 -13 174 1 0 1
-11.6175 -11.324 109.345 -6.07977 -6.41421 48.0266 0.495879 -13 176 1 0 1
-0.122184 -8.91066 109.345 -0.782503 -4.11447 52.5139 0.0403317 -13 178 1 0 1
9.62895 -18.685 109.345 4.31514 -14.1984 68.7957 -0.22212 -13 179 1 0 1
6.52279 -12.421 109.345 2.56937 -6.25229 52.2737 2.16881 -13 180 1 0 1
12.8278 19.6507 109.345 5.00314 9.75126 42.4774 0.749107 -13 183 1 0 1
-10.8184 -8.72418 109.345 -7.5925 -6.13365 59.7217 -0.212687 -13 185 1 0 1
7.62896 9.55562 109.345 2.70744 4.73539 43.4677 0.0600171 -13 186 1 0 1
3.27284 1.80638 109.345 0.101991 3.34591 71.3261 1.65132 -13 188 1 0 1
-15.4297 -6.71547 109.345 -15.2841 -8.65828 71.0904 0.673972 -13 189 1 0 1
-4.82788 4.6708 109.345 -8.18397 5.77348 79.7938 1.33289 -13 192 1 0 1
-0.805287 18.7495 109.345 -2.7034 14.0252 68.8332 0.275391 -13 194 1 0 1
-0.844808 -0.212083 109.345 -1.63509 -0.0402234 60.3107 2.8236 -13 195 1 0 1
5.86602 -2.75635 109.345 -0.44319 -4.44998 80.5959 3.0565 -13 196 1 0 1
-11.1679 14.1436 109.345 -8.3797 8.67838 62.6374 -0.369751 -13 197 1 0 1
-9.97367 -8.61075 109.345 -5.99518 -3.83803 50.5061 1.29769 -13 200 1 0 1
-7.11546 28.3012 109.345 -5.43599 15.5315 57.7436 -0.267222 -13 202 1 0 1
-4.03936 3.69456 109.345 -3.87828 1.40637 62.033 0.820783 -13 203 1 0 1
-3.57308 4.77817 109.345 -2.61155 1.18973 49.861 2.06098 -13 205 1 0 1
7.33249 18.6963 109.345 1.1372 4.62458 23.0467 1.34549 -13 209 1 0 1
-9.75835 23.8776 109.345 -9.98188 17.1713 71.8247 2.60658 -13 212 1 0 1
-4.31214 14.4099 109.345 -6.08728 9.84365 74.9152 1.53449 -13 214 1 0 1
1.06399 -10.4151 109.345 -1.90991 -9.64751 72.0734 2.25599 -13 215 1 0 1
0.367096 -2.52832 109.345 -2.11558 -1.63213 70.2479 1.66524 -13 216 1 0 1
-6.52363 -5.4695 109.345 -8.21763 -4.16622 77.2974 0.556886 -13 219 1 0 1
0.965257 2.34224 109.345 -1.8029 0.607664 72.141 2.91967 -13 220 1 0 1
-5.32686 13.4262 109.345 -6.30054 10.0343 71.986 -0.244217 -13 222 1 0 1
-13.9653 -0.260394 109.345 -9.97583 0.354605 61.7434 0.141228 -13 224 1 0 1
1.3507 18.813 109.345 -0.197364 10.6093 53.8858 0.372385 -13 226 1 0 1
-13.3067 -6.90299 109.345 -9.57377 -4.66832 61.4111 0.641938 -13 227 1 0 1
-3.37509 -0.327301 109.345 -6.53806 -0.482044 78.052 -1.37145 -13 228 1 0 1
-13.5932 1.53471 109.345 -12.5809 -0.356529 71.2523 0.816733 -13 229 1 0 1
6.69404 -17.6553 109.345 2.44057 -8.01524 45.7965 0.380767 -13 230 1 0 1
-15.7308 -2.52242 109.345 -2.44048 -3.24185 14.2158 -0.859454 -13 233 1 0 1
8.33228 2.98708 109.345 3.62452 1.95403 67.9887 -0.0284643 -13 234 1 0 1
4.42567 -9.16063 109.345 0.345581 -8.3145 73.84 0.844377 -13 235 1 0 1
-15.5653 -9.18167 109.345 -15.3521 -4.00159 44.7469 1.88738 -13 236 1 0 1
14.218 -21.8478 109.345 -5.62205 -24.1911 40.8525 1.47482 -13 237 1 0 1
-3.13615 2.36711 109.345 -3.45199 1.24684 62.7457 0.705918 -13 238 1 0 1
-15.1724 0.573374 109.345 -5.39619 -1.58367 66.0549 1.86045 -13 239 1 0 1
10.2282 29.863 109.345 3.99349 13.5712 44.7984 0.412935 -13 240 1 0 1
13.1399 3.32141 109.345 3.98152 1.21676 34.0383 1.70006 -13 241 1 0 1
-8.36763 -3.25087 109.345 -5.96109 -3.20561 58.4377 2.48118 -13 242 1 0 1
12.242 -14.1908 109.345 6.37432 -8.61308 68.2406 0.488785 -13 243 1 0 1
1.17044 6.181 109.345 -2.3498 4.61546 75.8609 1.23872 -13 244 1 0 1
7.68072 10.0388 109.345 2.95672 9.33309 71.4735 -0.106609 -13 245 1 0 1
-0.87966 7.94664 109.345 -2.94297 7.3519 70.5829 0.394487 -13 246 1 0 1
1.14585 -9.50819 109.345 -0.661969 -4.74937 61.0468 0.32139 -13 247 1 0 1
-4.59521 -13.446 109.345 -5.04357 -8.87225 67.1494 1.28887 -13 248 1 0 1
4.67544 -15.3928 109.345 0.979481 -10.7232 68.3389 -0.885298 -13 250 1 0 1
12.23 24.8026 109.345 6.05064 13.0058 61.558 -0.363408 -13 251 1 0 1
11.6215 0.434372 109.345 6.13835 -0.43863 63.6362 0.914612 -13 252 1 0 1
0.466968 18.6284 109.345 -2.4024 14.5016 70.7843 -0.747243 -13 253 1 0 1
3.87565 7.67499 109.345 1.2804 4.59209 54.5611 0.209574 -13 254 1 0 1
-2.7367 5.85392 109.345 -5.49439 5.96415 77.2238 0.527644 -13 255 1 0 1
-8.0332 6.1406 109.345 -5.12323 3.27905 52.628 -0.214745 -13 256 1 0 1
-0.241604 -26.5025 109.345 -0.782693 -12.9269 45.5277 0.539433 -13 257 1 0 1
-1.44609 -0.309644 109.345 -2.51544 -0.876508 63.3713 0.771188 -13 258 1 0 1
6.3524 -1.33471 109.345 3.00139 -1.75743 57.0668 -0.487959 -13 259 1 0 1
-6.902 -6.49658 109.345 -7.43306 -6.0489 72.15 0.303511 -13 260 1 0 1
-8.05362 9.76186 109.345 -6.17887 5.6907 59.7518 -0.45661 -13 261 1 0 1
4.20952 -0.574764 109.345 1.62602 0.0393711 63.2009 2.75687 -13 262 1 0 1
12.044 -9.67763 109.345 6.12738 -6.02822 63.1534 -0.82519 -13 263 1 0 1
-4.08462 -7.13233 109.345 -2.94765 -3.74961 50.6709 0.535065 -13 264 1 0 1
13.2343 10.4888 109.345 6.82046 7.34407 63.2444 1.35698 -13 265 1 0 1
6.7441 7.56842 109.345 2.56119 4.18202 70.703 1.20233 -13 266 1 0 1
-6.18861 3.66778 109.345 -5.49123 0.523968 63.4105 0.355536 -13 267 1 0 1
-0.547598 7.52607 109.345 -0.86619 3.99908 42.836 -0.244165 -13 268 1 0 1
-9.86716 6.27067 109.345 -11.1976 2.70745 77.291 1.06442 -13 269 1 0 1
-8.97604 -4.80852 109.345 -7.14085 -4.54807 63.4918 1.91637 -13 270 1 0 1
9.14905 -7.76302 109.345 3.59348 -7.58244 77.5398 -0.241956 -13 271 1 0 1
6.73691 -16.6335 109.345 2.82775 -10.9095 62.67 2.25334 -13 272 1 0 1
3.76628 1.07932 109.345 0.670317 2.01958 67.4644 -1.40044 -13 274 1 0 1
11.6378 -5.17436 109.345 5.5081 -4.04797 59.2466 0.39016 -13 275 1 0 1
12.9128 -11.3277 109.345 6.63456 -7.07847 57.6921 1.87954 -13 277 1 0 1
-11.5308 5.80028 109.345 -8.5202 3.65427 62.9577 2.21885 -13 278 1 0 1
-10.7886 -4.34548 109.345 14.9272 3.71682 37.3964 -1.79126 -13 279 1 0 1
3.57092 3.8508 109.345 0.78788 1.63249 61.4891 0.910097 -13 280 1 0 1
-2.81333 -5.40117 109.345 -4.04964 -2.60866 66.5382 -0.656369 -13 281 1 0 1
-4.81072 17.6243 109.345 -3.11681 9.22777 47.7216 -0.0376937 -13 282 1 0 1
9.68577 -18.4246 109.345 4.03126 -9.20237 49.9251 -0.83195 -13 283 1 0 1
-10.2796 10.6325 109.345 -6.23711 3.98286 52.6498 0.388361 -13 284 1 0 1
-14.93 -8.52723 109.345 -12.2419 -2.46332 68.4358 -0.827327 -13 286 1 0 1
-6.07591 0.965635 109.345 -4.04867 -0.613647 51.7285 -0.861084 -13 287 1 0 1
-2.056 45.9416 109.345 -5.3226 34.7396 71.4535 0.351898 -13 288 1 0 1
-7.31607 16.0526 109.345 -9.02098 12.5038 76.8813 1.04809 -13 289 1 0 1
-2.62241 -10.6883 109.345 -5.33734 -8.93975 75.295 1.03926 -13 291 1 0 1
-7.93069 1.74839 109.345 -8.39146 1.98059 72.4232 0.334153 -13 292 1 0 1
-10.563 0.358742 109.345 -8.5651 -0.083196 64.9009 0.723758 -13 295 1 0 1
14.2161 -6.89059 109.345 6.79403 -4.45872 53.9941 3.2673 -13 297 1 0 1
2.27116 2.23279 109.345 -0.387974 0.252432 67.3417 -1.23751 -13 298 1 0 1
-12.7602 10.4021 109.345 -9.18147 5.42722 61.9554 -0.110967 -13 301 1 0 1
-13.1429 9.32438 109.345 -9.80727 7.24693 62.7566 0.88935 -13 302 1 0 1
-7.60768 0.429998 109.345 -6.10866 1.85801 61.9263 0.664164 -13 303 1 0 1
-4.78588 9.72137 109.345 -5.02157 7.61332 65.4023 1.16719 -13 304 1 0 1
-7.35592 -4.86919 109.345 -6.66535 -4.26171 66.3273 -0.415 -13 306 1 0 1
-3.49117 -24.0199 109.345 -4.72242 -18.5087 67.2525 -0.671243 -13 307 1 0 1
-6.83515 -19.4642 109.345 -7.72562 -14.0469 72.2249 0.682378 -13 308 1 0 1
-11.3227 8.50356 109.345 -9.19655 5.63782 65.1122 -0.224947 -13 309 1 0 1
11.1614 -4.12146 109.345 5.1929 -2.85796 72.2258 0.198581 -13 310 1 0 1
2.0602 -16.1491 109.345 -0.128765 -3.85714 31.8154 -0.544213 -13 311 1 0 1
-12.1937 2.94931 109.345 -11.0241 2.74016 70.6945 0.436741 -13 312 1 0 1
-15.4973 14.0258 109.345 -11.5818 9.82771 58.768 1.5354 -13 313 1 0 1
-11.3962 -4.71687 109.345 -10.0617 -3.00113 67.2622 0.0215495 -13 314 1 0 1
12.5041 -1.94674 109.345 6.56044 0.252262 62.2541 -0.817391 -13 315 1 0 1
0.110273 -32.4227 109.345 -0.860887 -16.7287 50.683 -0.490276 -13 316 1 0 1
-11.4183 -13.5131 109.345 -8.84672 -9.07209 63.2875 1.389 -13 317 1 0 1
-2.33142 -3.89137 109.345 -3.7501 -1.82277 69.1114 -0.818231 -13 318 1 0 1
-6.36168 9.54668 109.345 -7.0396 8.55344 69.6869 2.60799 -13 319 1 0 1
0.480959 -3.00018 109.345 -1.0174 -2.13471 57.1541 -0.992001 -13 321 1 0 1
-9.24326 4.35946 109.345 -12.4075 4.11589 79.145 2.40715 -13 322 1 0 1
8.48182 -6.20216 109.345 3.24554 -2.29248 75.8699 0.782009 -13 323 1 0 1
2.69126 11.8609 109.345 0.160686 7.94675 65.7402 -0.0708901 -13 324 1 0 1
1.21283 -7.17627 109.345 -1.68458 -5.67385 72.4873 0.556267 -13 325 1 0 1
-3.94145 13.2893 109.345 -4.71893 9.92487 68.4664 1.67673 -13 329 1 0 1
7.80593 -4.44716 109.345 2.65243 -2.09562 76.6691 -0.294564 -13 330 1 0 1
0.712281 3.32449 109.345 -0.294642 1.63006 29.5209 -0.157477 -13 332 1 0 1
7.83711 7.41888 109.345 3.12181 4.19086 48.9461 4.77472 -13 333 1 0 1
-12.5581 -8.98804 109.345 -9.58453 -5.5578 65.0273 0.923698 -13 334 1 0 1
6.98343 -12.4984 109.345 3.03541 -8.60955 66.3426 0.921404 -13 335 1 0 1
-3.97868 -14.782 109.345 -5.29671 -9.78241 68.4065 -0.0883268 -13 336 1 0 1
10.1262 -13.0977 109.345 4.44882 -8.81907 54.1756 1.54236 -13 338 1 0 1
-2.22002 -11.2219 109.345 -1.98433 -5.25673 50.3727 1.05041 -13 339 1 0 1
1.47467 11.36 109.345 -0.989737 8.5397 69.2163 0.770072 -13 340 1 0 1
5.79139 1.25853 109.345 1.28402 -0.729463 77.7758 0.4846 -13 341 1 0 1
-6.79726 8.38482 109.345 -7.84976 7.03391 73.05 1.16315 -13 342 1 0 1
-3.00452 -9.42314 109.345 -3.23167 -7.52227 61.9424 0.232421 -13 343 1 0 1
12.6812 0.862282 109.345 5.56781 1.85739 49.7893 0.371141 -13 344 1 0 1
-5.12478 -0.578733 109.345 -5.45518 0.481142 68.7609 -0.288418 -13 345 1 0 1
-7.86967 1.90888 109.345 -7.20466 1.39183 67.996 -0.276314 -13 347 1 0 1
-3.49427 7.33281 109.345 -2.43031 5.69472 52.1713 0.157915 -13 348 1 0 1
13.718 13.851 109.345 6.67226 7.29559 57.1911 1.4674 -13 349 1 0 1
1.88566 -7.91285 109.345 -0.42541 -4.84934 65.3982 1.34698 -13 350 1 0 1
-6.59127 10.3567 109.345 -5.88768 6.21909 65.4511 0.338149 -13 353 1 0 1
-3.76437 12.852 109.345 -3.01478 5.85159 53.6014 1.04313 -13 354 1 0 1
-10.5737 6.53924 109.345 -10.8263 5.18812 73.3002 0.0602192 -13 355 1 0 1
10.6624 14.8686 109.345 5.13289 10.1238 59.352 0.882888 -13 356 1 0 1
-2.9051 2.55858 109.345 -1.95728 1.69468 42.2947 0.778338 -13 357 1 0 1
6.58917 3.19447 109.345 2.93397 3.67054 62.3149 1.03772 -13 359 1 0 1
-11.653 -6.72702 109.345 -11.5085 -4.84525 74.3158 -0.0822574 -13 360 1 0 1
3.13472 2.33927 109.345 -1.15844 2.96228 77.2734 0.386802 -13 361 1 0 1
-4.24643 7.21665 109.345 -6.23574 6.47622 74.9684 0.215544 -13 363 1 0 1
-1.65891 -7.27658 109.345 -3.0936 -4.09424 64.6478 0.812507 -13 364 1 0 1
-12.0117 10.2969 109.345 -6.57283 5.74774 48.224 -1.20986 -13 365 1 0 1
-7.1984 10.0025 109.345 -6.16947 7.20448 64.5075 1.12098 -13 368 1 0 1
-2.08248 -3.08281 109.345 -2.42182 -0.813142 60.3733 -0.500429 -13 369 1 0 1
-4.1898 -7.95218 109.345 -4.21583 -4.65888 65.9735 2.953 -13 371 1 0 1
-2.37498 -15.5339 109.345 -1.87325 -10.0317 53.143 1.46415 -13 372 1 0 1
-13.3652 -9.98274 109.345 -10.1612 -6.96788 63.7735 1.27299 -13 373 1 0 1
-12.964 -0.256066 109.345 -13.0233 0.549725 75.5762 1.1523 -13 374 1 0 1
-15.0255 -15.9916 109.345 -14.2612 -11.4966 66.7405 1.03107 -13 376 1 0 1
-3.73776 -11.096 109.345 -2.07123 -5.46407 39.309 3.02571 -13 378 1 0 1
-5.26947 -23.3316 109.345 -5.74177 -16.8046 66.4265 1.21051 -13 379 1 0 1
-14.2814 -29.6884 109.345 -6.47637 -13.0155 40.9059 0.0687286 -13 380 1 0 1
8.14019 1.69424 109.345 3.73332 2.62751 60.0072 1.76109 -13 381 1 0 1
8.93542 -13.5133 109.345 3.85832 -9.9215 72.4346 0.204181 -13 382 1 0 1
-4.02832 -5.48339 109.345 -4.42609 -5.07439 67.2036 2.3389 -13 385 1 0 1
2.89401 -1.27332 109.345 0.0246868 -1.40727 69.9409 2.48148 -13 386 1 0 1
-13.7296 -2.32767 109.345 -12.3604 -2.37582 71.3019 0.669548 -13 387 1 0 1
0.596089 -1.42797 109.345 -0.361505 -0.411715 51.8755 -0.0911884 -13 388 1 0 1
-11.555 2.03891 109.345 -8.58988 0.820237 63.265 1.33552 -13 390 1 0 1
-13.9887 -1.5986 109.345 -8.31401 -2.41085 53.4184 0.866859 -13 392 1 0 1
-5.04232 18.0329 109.345 -4.55754 10.1087 60.3108 -0.198309 -13 394 1 0 1
-10.5848 18.1045 109.345 -10.641 14.8248 73.3846 -1.11447 -13 395 1 0 1
5.03923 -10.3653 109.345 1.70436 -5.56294 59.9679 1.87553 -13 397 1 0 1
-0.952391 -3.07155 109.345 -2.56346 -2.58245 66.7328 1.43304 -13 398 1 0 1
-9.54939 -10.9422 109.345 -9.4045 -6.80126 70.5359 2.59728 -13 399 1 0 1
0.918679 5.82858 109.345 -0.970939 6.34156 64.6044 0.555595 -13 400 1 0 1
7.21278 0.493167 109.345 2.59287 0.766354 71.9914 0.31984 -13 401 1 0 1
-3.78218 14.1897 109.345 -3.07815 7.998 57.8026 0.329994 -13 402 1 0 1
-3.16533 -33.3612 109.345 -4.28439 -24.2864 67.4627 0.805827 -13 403 1 0 1
6.46049 -14.6589 109.345 2.5553 -11.0486 65.7272 1.79286 -13 404 1 0 1
-8.14503 -10.2201 109.345 -6.33785 -7.66864 59.6784 0.0349444 -13 406 1 0 1
-7.00144 -8.77148 109.345 -6.24089 -4.85588 65.526 1.86212 -13 407 1 0 1
10.4244 -2.2736 109.345 5.23002 -1.49108 64.3632 0.907436 -13 409 1 0 1
-8.82623 -8.65225 109.345 -9.72977 -6.50346 75.4392 -2.04066 -13 410 1 0 1
-9.56096 12.477 109.345 -4.5056 3.91377 42.7165 1.329 -13 411 1 0 1
-9.97191 -21.7282 109.345 -8.32077 -14.0886 63.7135 1.85749 -13 412 1 0 1
-11.3685 8.08167 109.345 -12.421 5.45113 77.799 0.612367 -13 413 1 0 1
7.92794 12.8472 109.345 3.34586 7.87094 57.2054 0.977515 -13 415 1 0 1
12.2518 -33.6385 109.345 4.22712 -12.9724 40.4807 0.701719 -13 417 1 0 1
-1.58691 5.12202 109.345 -3.26266 2.52189 69.5289 2.03009 -13 418 1 0 1
14.8073 -2.80478 109.345 7.86486 -1.62495 63.6434 1.10234 -13 419 1 0 1
-2.67839 -12.2171 109.345 -4.66483 -10.2322 73.2261 0.10289 -13 421 1 0 1
4.01908 31.7084 109.345 0.697797 20.7323 63.8488 0.990692 -13 422 1 0 1
-5.66314 3.4736 109.345 -5.00324 2.82295 63.891 0.524685 -13 425 1 0 1
-4.17716 4.28166 109.345 -6.24448 4.59912 73.6751 -0.883623 -13 426 1 0 1
13.3043 -10.3931 109.345 6.70277 -5.3916 63.2946 0.0617398 -13 427 1 0 1
-9.25686 17.1866 109.345 -7.83968 12.6024 64.6728 0.967339 -13 428 1 0 1
-0.579032 -6.99819 109.345 -3.74504 -5.62992 75.7454 2.42088 -13 431 1 0 1
4.63669 6.53016 109.345 1.22674 5.48212 67.9193 2.50648 -13 432 1 0 1
-3.46276 -14.2139 109.345 -4.84185 -11.6978 69.3514 1.93327 -13 433 1 0 1
3.40974 13.6043 109.345 0.820685 9.78741 59.3119 0.727016 -13 434 1 0 1
0.56695 -0.126603 109.345 -1.62527 0.291952 67.4063 -1.75573 -13 437 1 0 1
-3.46947 -3.9486 109.345 -2.51131 -2.09345 55.6049 2.58085 -13 438 1 0 1
-3.70933 -19.7192 109.345 -4.04295 -11.6369 62.7027 -0.542305 -13 439 1 0 1
5.70584 9.5848 109.345 2.08785 6.35221 61.3644 0.806473 -13 440 1 0 1
-12.7704 0.397482 109.345 -11.5803 0.113914 70.8689 1.90191 -13 441 1 0 1
-10.3176 -1.67928 109.345 -8.34298 0.615692 65.0577 0.427397 -13 442 1 0 1
2.89637 4.44521 109.345 0.803436 4.21535 56.7757 1.65693 -13 443 1 0 1
9.14446 -1.54055 109.345 4.1154 -2.92142 69.4992 0.608395 -13 445 1 0 1
-8.53277 -10.6455 109.345 -7.87839 -5.78127 68.6339 -1.01082 -13 446 1 0 1
10.4211 1.95012 109.345 4.9154 1.38535 57.1835 0.171309 -13 447 1 0 1
-4.04023 3.90706 109.345 -5.00075 3.71217 70.4277 -1.46866 -13 448 1 0 1
-3.25432 0.0374834 109.345 -2.599 -0.583857 52.6158 0.456375 -13 449 1 0 1
4.3654 3.95229 109.345 -0.668042 1.74569 81.1953 0.571028 -13 451 1 0 1
-1.28333 -3.82891 109.345 -2.42731 -3.09662 67.3552 1.6412 -13 452 1 0 1
6.24576 -5.70125 109.345 2.95113 -3.07438 59.7786 0.25732 -13 453 1 0 1
-11.7315 5.65698 109.345 -6.32494 2.62485 50.2556 2.01923 -13 454 1 0 1
8.29374 -14.2767 109.345 3.7585 -8.99595 54.9682 0.821754 -13 455 1 0 1
12.8828 17.9248 109.345 6.56909 12.044 64.2867 -0.066332 -13 456 1 0 1
14.6801 6.49009 109.345 7.6457 4.8988 56.9104 1.41388 -13 457 1 0 1
7.66786 -32.5638 109.345 2.78976 -17.1531 53.4637 -0.451928 -13 458 1 0 1
11.7091 10.676 109.345 6.01541 6.52809 74.5241 2.19751 -13 459 1 0 1
-8.95278 0.0953848 109.345 -7.72833 0.92394 65.0109 0.402374 -13 460 1 0 1
-12.7628 13.9505 109.345 -9.87532 10.0221 64.8068 0.914422 -13 461 1 0 1
5.52551 5.58635 109.345 2.17371 3.8867 64.8617 0.273921 -13 462 1 0 1
1.48182 -2.6828 109.345 -1.10846 -1.62379 69.1944 2.01558 -13 463 1 0 1
9.68937 29.1614 109.345 4.28497 17.909 60.0598 0.45175 -13 464 1 0 1
-12.8413 27.053 109.345 -5.6815 10.3126 37.579 0.0225271 -13 465 1 0 1
5.36889 13.1751 109.345 1.86596 8.01242 56.9744 0.951277 -13 466 1 0 1
13.3646 4.43756 109.345 4.76727 2.29138 37.8285 0.719898 -13 467 1 0 1
3.23554 -4.62444 109.345 1.11834 -4.24976 56.5291 -0.214135 -13 468 1 0 1
-6.08777 24.6087 109.345 -3.85349 12.1946 49.616 1.14475 -13 469 1 0 1
3.91924 -10.1985 109.345 0.784904 -5.76573 65.1489 0.105026 -13 470 1 0 1
2.63341 15.987 109.345 0.67863 7.68052 49.3239 1.8899 -13 471 1 0 1
9.35388 -22.3011 109.345 3.3737 -9.58858 42.7751 1.97381 -13 472 1 0 1
-2.01237 -6.3243 109.345 -1.82028 -3.77176 55.3725 0.0209706 -13 473 1 0 1
11.5985 -11.0565 109.345 5.97771 -6.88299 61.7734 -0.0259158 -13 474 1 0 1
2.37554 9.29079 109.345 -0.631557 7.55756 72.1796 2.11083 -13 475 1 0 1
0.719698 18.8855 109.345 -1.02092 11.512 66.7238 -0.717089 -13 477 1 0 1
-4.75565 -7.14795 109.345 -4.55404 -4.04016 61.9934 -1.19127 -13 478 1 0 1
4.22064 -0.898597 109.345 1.17422 -1.08338 48.1998 0.0922138 -13 479 1 0 1
12.0218 7.67006 109.345 5.65249 4.85494 54.887 0.962933 -13 480 1 0 1
11.7659 -9.41636 109.345 3.69349 -3.28085 33.788 1.55194 -13 481 1 0 1
0.996927 -14.3712 109.345 -0.0270938 -7.76347 45.6359 1.14282 -13 482 1 0 1
-14.968 0.435412 109.345 -12.0751 -0.376127 66.4913 -0.686203 -13 484 1 0 1
-1.87369 -20.1133 109.345 -2.34969 -12.914 57.8031 3.38519 -13 486 1 0 1
11.619 2.03 109.345 5.69945 0.429279 69.054 0.708718 -13 487 1 0 1
-0.786041 11.3156 109.345 -0.976151 6.61134 41.6436 2.154 -13 489 1 0 1
-5.84416 -19.2683 109.345 -5.07795 -13.2305 62.0503 -1.19949 -13 490 1 0 1
3.74612 6.14232 109.345 0.352297 2.68555 70.0236 1.43163 -13 491 1 0 1
3.18158 7.4455 109.345 0.591753 5.95458 61.4502 1.79702 -13 492 1 0 1
-5.55745 -6.17765 109.345 -4.10882 -3.99021 59.3233 1.65327 -13 493 1 0 1
1.64553 -6.27479 109.345 0.0612701 -3.09256 36.3502 1.00773 -13 494 1 0 1
5.8967 14.9143 109.345 2.14987 4.71147 42.1037 -1.88916 -13 495 1 0 1
2.39829 -19.3626 109.345 0.36696 -8.41932 43.6728 1.06663 -13 496 1 0 1
1.32077 7.14985 109.345 -0.859131 4.88267 64.2708 0.873248 -13 497 1 0 1
-9.22811 9.63824 109.345 -8.41734 6.89926 68.3453 0.156573 -13 498 1 0 1
1.11368 7.75525 109.345 -0.258261 3.12688 52.197 -0.142656 -13 499 1 0 1
3.23202 9.40981 109.345 -1.30895 6.518 79.2769 0.242197 -13 501 1 0 1
-2.30676 -23.436 109.345 -3.62186 -14.3241 68.2824 -1.0395 -13 503 1 0 1
-6.94413 4.00133 109.345 -6.62789 3.3273 66.2049 0.883235 -13 504 1 0 1
-12.6656 -3.86706 109.345 -13.791 -3.79833 78.0622 1.80925 -13 506 1 0 1
11.575 21.925 109.345 4.54478 10.8859 48.2912 1.18341 -13 507 1 0 1
11.9134 -13.416 109.345 6.23127 -7.70123 63.1621 1.57609 -13 508 1 0 1
11.0031 -11.5509 109.345 5.21422 -8.07108 72.523 0.571793 -13 509 1 0 1
-13.6258 -5.50936 109.345 -9.20947 -2.97457 57.821 0.224482 -13 512 1 0 1
4.35416 3.79159 109.345 1.41927 2.73578 51.5607 1.80064 -13 513 1 0 1
-9.84663 -1.67241 109.345 -6.58197 -0.847761 54.763 -2.82991 -13 514 1 0 1
-8.49817 3.63006 109.345 -5.95879 3.56585 56.2974 -1.30878 -13 516 1 0 1
1.14101 -4.12527 109.345 -1.67931 -4.22095 72.4673 -0.582416 -13 517 1 0 1
-5.3913 -2.02997 109.345 -4.9917 -0.807706 64.6873 1.39196 -13 518 1 0 1
-15.523 3.72864 109.345 -13.3287 7.02486 61.6718 0.448058 -13 519 1 0 1
-0.569259 -8.64853 109.345 -1.34307 -6.44823 60.5124 3.12295 -13 520 1 0 1
-8.98757 -15.7672 109.345 -8.33775 -10.3179 69.1781 -0.921592 -13 521 1 0 1
-0.954422 6.76471 109.345 -4.93146 5.16592 80.4166 1.41539 -13 522 1 0 1
-12.4397 8.9368 109.345 -10.736 5.25409 69.0644 1.41655 -13 523 1 0 1
0.912137 -6.0764 109.345 -0.639027 -1.39925 61.9949 1.31075 -13 524 1 0 1
2.12906 19.0863 109.345 0.357892 7.29381 39.5212 1.48419 -13 525 1 0 1
-14.5643 -2.0353 109.345 -13.0693 0.158232 71.0212 0.581397 -13 526 1 0 1
-9.92081 17.3433 109.345 -7.08198 10.307 58.5486 1.63524 -13 527 1 0 1
-9.45925 6.38722 109.345 -5.84905 3.32025 53.959 3.32528 -13 528 1 0 1
14.0153 -17.9369 109.345 7.35107 -14.5011 70.4227 1.3397 -13 529 1 0 1
-1.28873 7.23966 109.345 -2.55761 4.81589 66.9878 -0.0525601 -13 530 1 0 1
-2.88935 -5.3373 109.345 -2.7185 -2.8315 59.8403 1.58472 -13 531 1 0 1
7.17802 -1.07733 109.345 2.81871 -0.239383 70.3337 1.50624 -13 534 1 0 1
1.38101 13.3499 109.345 -1.41473 11.6447 69.3461 -2.28785 -13 535 1 0 1
5.85212 0.919992 109.345 2.20593 1.60557 55.2417 -0.284001 -13 536 1 0 1
10.9774 13.654 109.345 5.78543 7.93455 62.3027 0.688698 -13 538 1 0 1
14.7331 -4.68048 109.345 7.83498 -3.09776 76.9781 1.89062 -13 540 1 0 1
-6.48481 14.2086 109.345 -7.07995 10.9481 70.1417 1.48719 -13 541 1 0 1
4.06336 5.56618 109.345 0.814252 4.521 67.7745 0.558635 -13 542 1 0 1
9.96125 -9.07061 109.345 5.00663 -7.42298 66.8587 0.034473 -13 543 1 0 1
4.91935 -3.9135 109.345 1.7183 -2.89043 64.0061 0.99185 -13 544 1 0 1
-8.7004 -36.8734 109.345 -8.44836 -25.973 67.6933 1.70486 -13 545 1 0 1
-0.249296 -30.0755 109.345 -1.07783 -12.7867 43.02 1.25054 -13 546 1 0 1
-3.45209 24.2567 109.345 -2.75882 13.0819 51.3002 -0.0401657 -13 547 1 0 1
4.9481 8.47535 109.345 1.58624 6.71261 61.8672 2.84394 -13 548 1 0 1
4.60772 -6.86375 109.345 1.62485 -2.79429 57.943 3.17081 -13 549 1 0 1
6.58133 -10.3409 109.345 1.6539 -2.40715 35.5953 2.12117 -13 551 1 0 1
0.685475 -5.7374 109.345 -0.571251 -4.14267 61.3992 0.805706 -13 553 1 0 1
10.3792 11.1819 109.345 4.49902 8.31592 73.9037 1.76003 -13 555 1 0 1
-7.40129 15.1748 109.345 -5.31277 8.31399 55.9721 1.11367 -13 556 1 0 1
6.67966 -0.564955 109.345 2.80201 -0.813105 61.6548 3.0101 -13 557 1 0 1
-7.02184 -5.25412 109.345 -5.70121 -4.06328 61.6407 -2.02774 -13 558 1 0 1
2.22048 -2.14457 109.345 -0.937672 -2.60256 70.2012 0.192984 -13 564 1 0 1
-11.6234 -7.48016 109.345 -6.98189 -3.39389 53.0226 0.839332 -13 567 1 0 1
-10.3287 12.8776 109.345 -9.52219 9.73274 70.322 0.708716 -13 568 1 0 1
-0.526918 -8.60529 109.345 -1.79771 -5.59577 61.6333 2.37056 -13 569 1 0 1
-1.76781 -10.1269 109.345 -1.56502 -4.56562 52.3434 -1.76135 -13 570 1 0 1
-0.529115 25.0497 109.345 -0.992054 6.56599 23.6129 1.13889 -13 571 1 0 1
-0.582696 -8.41176 109.345 -3.41083 -7.49049 75.2878 0.36147 -13 572 1 0 1
-12.1862 -4.24583 109.345 -10.1962 -4.57132 68.0309 2.48197 -13 573 1 0 1
-14.3522 31.6904 109.345 -9.71876 19.2822 57.0854 -0.348738 -13 574 1 0 1
0.851745 -4.25361 109.345 -1.63453 -2.9975 69.6242 0.712871 -13 575 1 0 1
-3.5036 3.08541 109.345 -4.37179 0.120931 68.5433 -0.35913 -13 576 1 0 1
2.25697 -7.23734 109.345 -0.373688 -2.79594 65.7447 -1.42384 -13 577 1 0 1
-5.43788 16.0548 109.345 -6.54631 11.9161 72.1673 2.46168 -13 578 1 0 1
11.4368 -21.5794 109.345 5.79932 -13.4632 61.4216 0.333681 -13 579 1 0 1
12.4864 4.13352 109.345 6.43144 1.71902 62.4538 0.64384 -13 581 1 0 1
4.48881 -0.590065 109.345 0.816577 -1.0494 71.3753 0.0806094 -13 583 1 0 1
8.71005 7.90991 109.345 3.76096 3.79089 64.549 -0.199876 -13 584 1 0 1
-4.78404 -8.48155 109.345 -5.05328 -6.55681 64.9257 -1.49673 -13 585 1 0 1
1.90353 -15.9517 109.345 -1.18893 -12.1449 71.0631 2.70883 -13 586 1 0 1
-14.3382 20.5801 109.345 -13.2628 16.2488 71.792 0.890184 -13 587 1 0 1
7.93506 0.338391 109.345 3.48127 1.24041 66.9173 -1.57747 -13 588 1 0 1
-1.93406 5.28161 109.345 -3.63046 3.10755 70.3375 -0.717247 -13 589 1 0 1
-12.6952 -0.787311 109.345 -13.2949 0.501368 77.0239 3.08593 -13 591 1 0 1
-5.18255 -0.904626 109.345 -5.75696 -1.23524 71.2042 -2.08809 -13 592 1 0 1
2.38133 5.84607 109.345 0.231183 1.9543 64.2869 2.50382 -13 593 1 0 1
2.52934 2.30708 109.345 -0.0362898 2.55266 63.9816 1.14968 -13 595 1 0 1
-0.94264 -13.3274 109.345 -5.09164 -11.2775 80.5741 -1.22056 -13 598 1 0 1
-11.0406 -1.59792 109.345 -5.65062 -0.738503 46.3626 -0.84905 -13 599 1 0 1
-2.81601 -17.4077 109.345 -2.12172 -8.94299 50.5397 1.23485 -13 600 1 0 1
4.19141 0.130312 109.345 1.10763 -0.113707 59.619 1.78703 -13 601 1 0 1
0.135766 -10.5009 109.345 -1.3113 -6.59364 64.3706 1.20903 -13 602 1 0 1
12.4001 -4.85865 109.345 5.65494 -2.96988 47.7265 0.875401 -13 604 1 0 1
-6.37139 -37.0749 109.345 -4.95949 -20.5996 57.0513 0.698135 -13 605 1 0 1
10.1865 -2.91547 109.345 4.67565 -1.95752 67.0222 3.18934 -13 606 1 0 1
11.4856 17.8968 109.345 5.11235 15.2431 75.7299 -0.222253 -13 607 1 0 1
-10.8141 7.2958 109.345 -9.1923 7.34087 66.954 -1.09805 -13 610 1 0 1
-7.19409 1.24907 109.345 -4.71171 -0.365701 53.8617 1.57867 -13 611 1 0 1
-0.0975059 -7.81626 109.345 -1.43497 -6.17359 64.4803 0.290608 -13 614 1 0 1
-15.1041 -3.59579 109.345 -7.10881 -1.59053 71.2192 1.37102 -13 615 1 0 1
6.83633 7.44359 109.345 1.8734 6.74624 78.3637 0.317312 -13 616 1 0 1
-0.319048 -13.7617 109.345 -1.84699 -8.09697 63.6585 -0.0899218 -13 617 1 0 1
-7.36992 35.5607 109.345 -5.63994 20.8245 56.5522 -0.364926 -13 618 1 0 1
-8.58018 4.63309 109.345 -10.21 3.36949 77.2751 -1.67066 -13 620 1 0 1
1.64345 -7.59913 109.345 -0.174968 -2.92676 60.0502 1.31207 -13 621 1 0 1
12.7077 -40.7587 109.345 5.77131 -21.2165 55.2323 1.04515 -13 622 1 0 1
-2.6357 -0.183667 109.345 -2.72015 1.34809 60.7639 0.331756 -13 623 1 0 1
6.95011 6.15487 109.345 3.16331 3.18921 65.4443 0.303208 -13 624 1 0 1
-14.0884 19.6895 109.345 -9.01459 9.72951 55.9081 -0.174742 -13 625 1 0 1
5.31317 4.06335 109.345 1.22308 1.93015 70.9181 3.0256 -13 626 1 0 1
11.836 -9.94739 109.345 6.26422 -6.7025 72.3108 0.712935 -13 628 1 0 1
-4.69743 21.5953 109.345 -4.41153 14.7302 64.618 0.804447 -13 629 1 0 1
-0.542152 3.72128 109.345 -1.04934 2.53825 59.1173 -0.00838666 -13 631 1 0 1
-4.9167 -12.0828 109.345 -5.15432 -7.78625 66.5437 -0.909362 -13 632 1 0 1
-15.3268 12.2766 109.345 -4.93112 8.47444 65.9277 -1.52945 -13 636 1 0 1
8.68198 -0.478271 109.345 3.52809 -1.04748 72.3496 0.662347 -13 637 1 0 1
-12.8163 -24.119 109.345 -4.37321 -6.5503 26.7053 1.26882 -13 638 1 0 1
1.62883 -13.7816 109.345 -0.807029 -8.97759 65.6344 -1.35444 -13 639 1 0 1
7.95229 10.291 109.345 2.34784 4.01295 39.2553 -1.27701 -13 640 1 0 1
3.06892 -13.4984 109.345 0.933157 -6.94392 57.6754 0.622798 -13 642 1 0 1
-7.03069 -16.7783 109.345 -7.33885 -11.9046 69.9037 0.202132 -13 643 1 0 1
-12.1851 -18.5301 109.345 -7.02357 -9.72869 49.322 2.98134 -13 644 1 0 1
4.19482 -15.0035 109.345 1.37192 -8.17073 56.904 1.66788 -13 645 1 0 1
7.75429 1.63535 109.345 3.50765 1.55736 68.3741 0.464714 -13 649 1 0 1
-4.74897 -8.38381 109.345 -6.37559 -5.19659 73.3777 1.50871 -13 650 1 0 1
0.805826 3.98475 109.345 -1.58223 2.45975 68.1397 1.06478 -13 651 1 0 1
-6.80286 -7.73991 109.345 -6.37233 -5.54577 65.5737 1.5835 -13 652 1 0 1
-0.625838 -8.63117 109.345 -2.59905 -5.01727 68.34 1.19169 -13 653 1 0 1
9.35499 -6.02993 109.345 3.77727 -2.35996 40.6316 0.419778 -13 654 1 0 1
9.47678 1.20114 109.345 4.47123 2.1674 61.2183 1.21144 -13 657 1 0 1
-7.07908 -12.4918 109.345 -7.21245 -7.09662 68.6 2.78191 -13 659 1 0 1
-2.82542 -3.14265 109.345 -3.88192 -1.68791 66.8193 -0.94172 -13 660 1 0 1
-7.90536 -6.14482 109.345 -9.50755 -6.63913 75.959 2.15251 -13 661 1 0 1
-13.9609 6.2855 109.345 -9.21609 3.63657 57.2234 0.355463 -13 662 1 0 1
8.65753 5.51119 109.345 3.95537 3.89113 57.6847 1.06318 -13 663 1 0 1
-8.7974 -12.654 109.345 -8.78678 -8.37732 69.8099 2.28177 -13 664 1 0 1
-6.79619 -5.9791 109.345 -8.42179 -5.27536 76.4349 0.819137 -13 665 1 0 1
-3.36019 1.46771 109.345 -3.39917 1.22903 60.2837 -1.55613 -13 667 1 0 1
-10.3412 -15.116 109.345 -4.49918 -5.69804 34.5652 1.66551 -13 668 1 0 1
0.25783 -20.1404 109.345 -1.48633 -13.4111 67.0195 1.94336 -13 669 1 0 1
3.18903 -13.6712 109.345 -0.236976 -9.46882 72.323 0.561552 -13 670 1 0 1
13.1452 15.1845 109.345 5.88775 8.28404 56.3221 2.1914 -13 672 1 0 1
-2.56847 36.15 109.345 -2.7979 20.1514 57.4158 0.966881 -13 673 1 0 1
-6.63095 -21.0915 109.345 -5.52896 -13.6737 61.7978 3.76448 -13 675 1 0 1
-0.932727 12.5948 109.345 -3.09051 11.5692 71.3608 2.08808 -13 678 1 0 1
-15.5538 20.8117 109.345 -12.5755 10.0259 43.1704 0.585554 -13 679 1 0 1
-11.2558 4.88674 109.345 -7.07559 2.03833 55.6121 -0.252108 -13 680 1 0 1
-4.34651 -6.53961 109.345 -5.76411 -7.31871 72.9849 -2.70102 -13 681 1 0 1
-6.45933 -29.5616 109.345 -2.8102 -11.145 31.5974 1.02643 -13 682 1 0 1
-4.3461 -9.88152 109.345 -4.04756 -5.75485 61.2448 0.387672 -13 684 1 0 1
6.4729 15.2978 109.345 2.34629 10.845 69.5103 0.970841 -13 686 1 0 1
9.07954 0.863332 109.345 4.06417 1.27524 53.5552 2.34136 -13 687 1 0 1
-5.26052 7.36025 109.345 -5.30594 3.82629 66.3679 0.54189 -13 688 1 0 1
12.2707 -19.1271 109.345 6.16629 -12.3506 59.9112 1.61647 -13 690 1 0 1
1.67845 0.365012 109.345 -0.768575 -0.96071 64.8354 -1.37123 -13 691 1 0 1
-8.24178 3.83548 109.345 -6.62912 0.82792 61.871 -0.346166 -13 692 1 0 1
8.01045 5.2512 109.345 3.0878 0.358248 50.8644 2.5204 -13 693 1 0 1
-0.894765 -13.3859 109.345 -2.3739 -7.29208 64.817 2.95456 -13 694 1 0 1
-0.479097 12.8202 109.345 -1.81491 8.4006 64.4325 0.94295 -13 696 1 0 1
-7.98822 9.90878 109.345 -8.35524 7.76019 70.1918 1.09481 -13 697 1 0 1
-0.704185 -7.14862 109.345 -3.14395 -5.06536 72.1584 1.95023 -13 700 1 0 1
4.19786 12.9157 109.345 0.84743 10.2919 69.9156 1.90611 -13 701 1 0 1
6.97449 2.46751 109.345 2.35931 1.32788 44.6063 2.09777 -13 702 1 0 1
-14.0711 7.48284 109.345 -14.9688 5.13024 78.4198 -1.68805 -13 703 1 0 1
11.9989 18.5221 109.345 5.90122 11.5936 56.6372 0.18249 -13 704 1 0 1
0.404428 7.45003 109.345 -0.570595 3.50922 53.7279 2.09058 -13 705 1 0 1
-7.64993 6.96985 109.345 -4.87144 3.97349 54.2391 -0.92928 -13 706 1 0 1
-3.50411 4.14901 109.345 -5.06025 5.13752 72.0701 3.87696 -13 707 1 0 1
-4.03498 -9.74142 109.345 -4.19104 -7.29916 65.3828 0.675764 -13 709 1 0 1
0.594039 -5.91465 109.345 -0.176142 -3.66304 44.3837 -0.188012 -13 710 1 0 1
6.66766 1.63815 109.345 2.49982 -0.185577 50.9317 0.378471 -13 711 1 0 1
-0.768683 -10.8665 109.345 -2.7447 -7.24354 69.0817 1.96296 -13 712 1 0 1
-6.87839 -12.3117 109.345 -9.73747 -10.9056 79.8491 0.53693 -13 713 1 0 1
-0.177907 0.377465 109.345 -0.815124 -0.823309 49.7911 2.36941 -13 714 1 0 1
-9.79568 7.42626 109.345 -9.38153 6.13262 70.4984 -0.505843 -13 715 1 0 1
14.0959 15.3262 109.345 6.57551 7.6167 50.2545 1.93712 -13 716 1 0 1
-4.45151 -5.80657 109.345 -3.09398 -3.40575 52.757 2.47583 -13 717 1 0 1
-10.1187 0.526545 109.345 -9.83776 -0.524469 71.6448 1.50539 -13 718 1 0 1
2.95054 4.36176 109.345 -0.289428 4.22224 71.9245 0.463361 -13 719 1 0 1
-2.5912 18.9039 109.345 -3.3861 12.4711 65.1931 2.68359 -13 720 1 0 1
5.47091 -16.4621 109.345 1.32684 -11.5485 71.0273 0.482254 -13 721 1 0 1
7.54861 -13.6263 109.345 3.19307 -8.01574 55.1332 -0.862838 -13 722 1 0 1
-1.53001 -8.59582 109.345 -2.42684 -4.18824 61.6478 -0.587993 -13 723 1 0 1
-1.23844 16.1417 109.345 -3.51298 10.9259 72.0452 2.56766 -13 724 1 0 1
-10.2746 17.5568 109.345 -6.74971 8.97847 54.8191 0.393832 -13 725 1 0 1
8.96915 5.0697 109.345 3.23393 2.48196 44.8534 2.71435 -13 727 1 0 1
8.71946 41.451 109.345 2.55914 17.4069 40.3552 0.530692 -13 728 1 0 1
-0.572733 -7.22437 109.345 -3.81979 -5.06384 76.1438 -1.27909 -13 729 1 0 1
-10.0274 -21.6824 109.345 -3.96857 -7.05059 35.2862 0.741769 -13 730 1 0 1
-11.0975 -8.03332 109.345 -9.93926 -4.88349 69.3425 -0.664781 -13 731 1 0 1
-8.5759 12.9375 109.345 -7.74399 7.93664 68.2703 2.59086 -13 732 1 0 1
-12.7121 -0.542645 109.345 -6.43699 -1.34773 46.1441 0.336636 -13 733 1 0 1
3.70092 0.976101 109.345 0.437411 -2.98753 71.5271 2.81245 -13 734 1 0 1
5.12392 11.7765 109.345 1.67867 5.56775 47.2094 0.539768 -13 736 1 0 1
-7.41281 14.0171 109.345 -5.88096 8.33309 62.5361 2.67648 -13 737 1 0 1
-3.18757 -1.88163 109.345 -3.18528 -0.285242 57.6016 2.17615 -13 738 1 0 1
6.38573 -3.59344 109.345 2.55526 -1.14286 59.4304 -0.515106 -13 739 1 0 1
-8.89045 0.809679 109.345 -9.15915 0.368511 72.6126 1.33444 -13 740 1 0 1
-6.61829 6.46792 109.345 -7.00006 5.46394 71.6587 1.88974 -13 743 1 0 1
-9.35705 10.9998 109.345 -6.16401 5.22299 55.3598 0.923928 -13 744 1 0 1
13.651 15.4818 109.345 6.84344 10.6959 72.0853 2.51599 -13 745 1 0 1
-6.35319 -9.05198 109.345 -6.41655 -6.20674 67.9842 -1.24067 -13 746 1 0 1
-2.96319 -4.81944 109.345 -3.92444 -3.11881 67.79 0.756076 -13 747 1 0 1
-14.144 2.13278 109.345 -7.4918 1.50408 48.5248 -1.08669 -13 748 1 0 1
4.68244 -9.86308 109.345 0.600529 -7.36138 73.0263 1.67919 -13 749 1 0 1
-2.08132 9.66467 109.345 -2.74792 3.35221 63.9836 1.30691 -13 750 1 0 1
-8.29613 15.7958 109.345 -5.23249 8.89261 52.2153 0.703819 -13 751 1 0 1
-5.64065 18.9158 109.345 -5.56964 13.8405 66.4005 0.102551 -13 752 1 0 1
-4.86309 3.47308 109.345 -4.47263 1.04153 64.1996 -0.440743 -13 753 1 0 1
-14.8083 -2.24621 109.345 -12.3593 -0.873311 69.2706 0.882406 -13 754 1 0 1
5.08585 -1.5663 109.345 0.770318 -1.72321 75.5278 -0.889241 -13 755 1 0 1
7.99012 12.2064 109.345 3.35878 9.81121 68.0946 -0.461667 -13 756 1 0 1
1.80241 -8.42308 109.345 0.46937 -6.26497 56.5654 1.00334 -13 758 1 0 1
13.7976 -23.245 109.345 6.60709 -14.5469 60.2666 1.7787 -13 759 1 0 1
4.0438 -5.50157 109.345 1.37873 -3.31574 55.0146 0.859698 -13 760 1 0 1
2.30463 -11.4202 109.345 0.026822 -6.0819 59.4741 1.31729 -13 761 1 0 1
5.03685 4.09257 109.345 1.25685 3.24536 70.6537 -2.03147 -13 764 1 0 1
-5.21372 -8.97687 109.345 -4.56379 -6.26418 64.7009 0.0390516 -13 765 1 0 1
2.76843 -4.26908 109.345 0.466904 -2.97687 59.0312 0.181667 -13 767 1 0 1
10.7936 -31.6096 109.345 5.1651 -20.6986 65.3268 1.22001 -13 768 1 0 1
5.21244 -0.84031 109.345 1.64957 -1.26083 40.1166 0.954615 -13 769 1 0 1
-12.6122 -7.23925 109.345 -10.9655 -8.08631 70.0012 -0.481187 -13 770 1 0 1
1.63362 -33.0976 109.345 0.0134288 -12.9159 37.4968 0.211271 -13 771 1 0 1
9.11627 0.638917 109.345 4.36739 -0.15708 55.9702 0.472691 -13 772 1 0 1
9.87341 0.442338 109.345 4.10768 0.701454 76.9033 1.04578 -13 773 1 0 1
-12.9156 -4.76861 109.345 -8.49426 -1.99961 57.8822 1.57923 -13 774 1 0 1
-7.68914 10.6715 109.345 -5.13015 6.1022 54.996 3.18215 -13 776 1 0 1
-11.7423 -10.0654 109.345 -9.8834 -7.46287 66.8509 0.548802 -13 777 1 0 1
-4.46694 17.0586 109.345 -2.79319 9.06459 45.7777 3.33872 -13 778 1 0 1
7.48402 -0.799183 109.345 3.65384 -0.310318 67.8087 -0.334063 -13 780 1 0 1
-7.32463 4.72469 109.345 -6.52099 2.29192 65.8763 0.470662 -13 781 1 0 1
-11.4688 -10.0682 109.345 -8.85719 -6.29255 62.6552 1.11103 -13 782 1 0 1
13.5392 -8.07277 109.345 6.83704 -4.27464 58.9848 1.60922 -13 783 1 0 1
12.0868 -1.52483 109.345 6.23747 -2.71985 71.0045 0.992479 -13 789 1 0 1
1.71689 -6.23389 109.345 -0.482864 -5.21914 60.2695 2.62404 -13 790 1 0 1
6.76234 -18.368 109.345 2.70186 -13.55 67.4818 -0.843096 -13 791 1 0 1
-8.09306 -2.03547 109.345 -7.048 -1.17593 66.6266 2.76829 -13 792 1 0 1
7.21439 -1.65695 109.345 2.88426 -1.74813 53.2963 2.45211 -13 793 1 0 1
4.52709 -14.7344 109.345 1.19111 -9.37123 69.2303 0.852057 -13 794 1 0 1
-15.2246 -17.1037 109.345 -7.949 -5.3624 45.4926 -1.75249 -13 795 1 0 1
-14.6219 2.63109 109.345 -9.41277 1.38657 58.1886 0.526565 -13 796 1 0 1
-1.77216 -1.46715 109.345 -1.42424 -1.9178 48.2346 -0.110229 -13 797 1 0 1
-2.79939 23.3257 109.345 -5.17029 17.5748 73.5277 2.54816 -13 798 1 0 1
-1.96561 8.13075 109.345 -2.767 4.66711 63.4196 1.50483 -13 799 1 0 1
-11.4843 10.73 109.345 8.68919 9.82802 55.1343 1.83202 -13 800 1 0 1
11.8099 4.71201 109.345 6.40905 1.30881 69.1073 2.79439 -13 801 1 0 1
-4.55893 -11.2057 109.345 -4.79772 -8.40426 66.075 -0.701322 -13 802 1 0 1
1.94734 2.97394 109.345 -1.77169 4.40121 75.8242 -1.15147 -13 803 1 0 1
-4.84613 -3.06276 109.345 -2.00113 -0.653825 22.8056 0.997527 -13 805 1 0 1
3.66743 -1.87401 109.345 1.06187 -1.40545 56.7942 1.62974 -13 806 1 0 1
-11.8888 -15.6065 109.345 -9.40696 -9.51169 65.6921 0.976317 -13 807 1 0 1
-15.4855 1.38645 109.345 -14.7701 3.74802 50.4541 0.0369753 -13 809 1 0 1
-9.55289 -3.92198 109.345 -10.5229 -3.88815 76.3148 -0.140497 -13 810 1 0 1
1.44865 5.17042 109.345 -0.915301 4.43393 70.4097 0.344257 -13 811 1 0 1
9.13487 16.1832 109.345 4.04346 10.0058 56.4465 1.40538 -13 813 1 0 1
-2.16931 0.882624 109.345 -2.64664 1.76176 62.622 1.30933 -13 814 1 0 1
9.91094 11.616 109.345 4.55419 6.75767 55.3602 -1.40642 -13 815 1 0 1
-0.4713 -3.47184 109.345 -3.87657 -2.6149 76.8632 2.01807 -13 816 1 0 1
1.55576 -0.988622 109.345 0.380913 -0.309528 39.8828 -0.850085 -13 817 1 0 1
5.53212 -17.6445 109.345 2.08251 -9.41589 48.7573 0.602203 -13 820 1 0 1
0.330962 -3.51313 109.345 -0.449339 -0.710283 52.9675 -1.08096 -13 821 1 0 1
-13.7426 5.7619 109.345 -16.1012 2.64958 79.8431 1.14629 -13 822 1 0 1
7.1953 -1.6688 109.345 3.32155 -1.75464 57.2301 0.540546 -13 823 1 0 1
-9.31572 -8.06773 109.345 -7.30394 -5.13089 60.8709 0.878833 -13 825 1 0 1
0.996534 10.3344 109.345 -1.30294 8.12547 66.7352 -0.82586 -13 826 1 0 1
1.34362 -18.3856 109.345 -0.563134 -12.3705 62.2535 3.25646 -13 827 1 0 1
2.90476 0.852374 109.345 0.558916 -0.534174 64.4414 -1.87979 -13 828 1 0 1
1.18838 -14.8012 109.345 -0.851276 -9.86164 64.2469 0.416927 -13 830 1 0 1
4.00324 -4.12153 109.345 0.814477 -3.58694 65.8763 2.55349 -13 831 1 0 1
-3.08026 -12.3491 109.345 -2.59466 -7.22624 55.6151 0.999276 -13 832 1 0 1
-4.43707 -5.6087 109.345 -4.25934 -3.66047 61.8473 0.964568 -13 833 1 0 1
-6.91215 -14.5663 109.345 -5.37276 -7.97338 60.2506 0.373968 -13 834 1 0 1
-8.49419 -18.3994 109.345 -10.3954 -14.8415 76.6509 -0.419402 -13 835 1 0 1
8.49527 18.5978 109.345 3.44717 12.7362 65.4134 0.45989 -13 836 1 0 1
6.13452 6.37241 109.345 1.89709 3.02187 71.8078 -0.785679 -13 838 1 0 1
-1.53359 -13.5912 109.345 -1.63966 -6.60007 55.4343 0.229351 -13 839 1 0 1
-15.2547 9.53733 109.345 -12.2012 13.4049 46.877 3.03851 -13 840 1 0 1
-7.8166 -3.60518 109.345 -8.36083 -2.12211 73.1222 -0.438473 -13 842 1 0 1
-8.5667 -18.2005 109.345 -9.34924 -15.5305 72.8659 1.02695 -13 843 1 0 1
-13.0949 19.0606 109.345 -8.72978 11.1228 57.8111 1.51417 -13 844 1 0 1
6.30224 -0.910237 109.345 2.59617 0.226149 60.3504 1.58486 -13 845 1 0 1
10.8525 -13.9971 109.345 5.20625 -5.92017 58.0574 -0.547025 -13 847 1 0 1
-12.6241 -1.69519 109.345 -8.00159 -1.95333 54.9967 -0.163966 -13 848 1 0 1
-8.91177 9.89354 109.345 -6.45412 5.18306 59.4533 0.133415 -13 851 1 0 1
9.35878 -2.29068 109.345 3.59255 -1.39512 75.7902 1.03306 -13 852 1 0 1
-2.74337 9.5873 109.345 -3.02887 5.95462 61.7183 1.6805 -13 853 1 0 1
-1.77862 2.642 109.345 -3.79345 0.140678 69.7385 -0.270758 -13 854 1 0 1
-9.62118 15.871 109.345 -7.25318 9.85084 61.3167 0.720306 -13 855 1 0 1
1.67796 -3.88883 109.345 -0.426828 -0.600436 66.0026 -0.300619 -13 857 1 0 1
-1.20656 -2.80392 109.345 -1.28687 -0.948472 55.3655 2.2292 -13 859 1 0 1
-7.42638 5.39857 109.345 -6.88384 3.82084 67.553 1.88613 -13 860 1 0 1
-11.9346 -5.69864 109.345 -12.2324 -4.72587 76.0854 -1.29177 -13 861 1 0 1
-3.02693 7.83031 109.345 -3.46236 5.68783 63.76 0.502299 -13 862 1 0 1
-4.55334 1.89862 109.345 -4.12937 1.621 62.5713 -0.0179751 -13 864 1 0 1
-7.8973 -8.25331 109.345 -5.31756 -3.56026 55.1382 2.42707 -13 865 1 0 1
3.56595 21.2247 109.345 0.855433 13.0736 55.9924 0.584375 -13 866 1 0 1
7.55482 10.137 109.345 2.68822 6.71658 74.7304 -0.117235 -13 867 1 0 1
-8.40806 1.86189 109.345 -10.4002 0.442297 78.0567 -1.11002 -13 868 1 0 1
-1.38118 -8.30069 109.345 -2.17199 -5.74672 59.9331 1.36346 -13 870 1 0 1
1.43435 -26.0185 109.345 -0.932752 -17.4174 64.7178 -0.601271 -13 871 1 0 1
-8.04494 -4.32917 109.345 -7.31311 -2.24384 67.3237 -0.55926 -13 872 1 0 1
5.0699 -1.22876 109.345 1.28192 -1.88527 71.8187 -0.531487 -13 873 1 0 1
-7.66918 11.8124 109.345 -7.04047 8.14828 66.4409 3.15395 -13 874 1 0 1
-10.4633 -8.49799 109.345 -8.04764 -5.78737 62.4654 0.80517 -13 875 1 0 1
4.76941 11.2916 109.345 0.500713 7.91153 74.945 0.531834 -13 876 1 0 1
3.83731 16.0939 109.345 0.844697 13.3 68.3615 -1.44298 -13 877 1 0 1
-1.46997 15.0583 109.345 -3.8384 12.4161 72.574 -3.16484 -13 878 1 0 1
-14.7967 6.85097 109.345 -8.09186 3.09195 50.9341 1.8243 -13 879 1 0 1
7.01152 -10.4506 109.345 2.95474 -7.50118 68.432 1.37104 -13 880 1 0 1
2.6748 -10.7232 109.345 0.492028 -6.13884 56.8471 2.44649 -13 881 1 0 1
14.6616 26.8943 109.345 -11.0716 20.9953 64.5794 -0.0175653 -13 882 1 0 1
15.0809 24.7422 109.345 10.2834 15.9047 56.5048 0.23649 -13 883 1 0 1
3.32892 -3.6521 109.345 -1.25939 -5.38572 79.6937 2.83948 -13 886 1 0 1
-0.346381 7.71831 109.345 -0.895488 3.25898 55.5071 0.658864 -13 888 1 0 1
-5.20014 -6.60154 109.345 -4.00187 -3.50851 57.2724 -0.0226903 -13 889 1 0 1
8.69145 -21.8944 109.345 3.78059 -15.199 67.4877 -0.600177 -13 890 1 0 1
2.82691 -3.0234 109.345 0.373168 -0.845751 34.988 -0.263631 -13 891 1 0 1
-5.51742 -4.79411 109.345 -6.25626 -1.71495 71.3747 0.955221 -13 892 1 0 1
9.3744 -6.3852 109.345 4.03453 -4.35512 76.2282 0.468111 -13 894 1 0 1
-11.2802 21.1798 109.345 -9.70261 15.0574 67.7143 -1.14534 -13 896 1 0 1
-5.62389 -9.97276 109.345 -3.76287 -4.83971 48.948 -1.10752 -13 897 1 0 1
2.0179 -2.51428 109.345 -0.00351178 -0.931605 55.6757 -0.0953131 -13 898 1 0 1
4.09662 1.08854 109.345 0.744011 -0.658079 68.6363 1.09547 -13 901 1 0 1
-2.01404 -15.762 109.345 -4.57344 -9.17625 74.4037 1.6452 -13 903 1 0 1
5.56134 -3.55347 109.345 1.95169 -3.28414 58.8883 2.5046 -13 904 1 0 1
0.612041 15.6708 109.345 -1.57118 9.51183 67.6286 0.822542 -13 907 1 0 1
-11.5486 -14.156 109.345 -4.96586 -5.28535 36.9034 1.00932 -13 908 1 0 1
-4.1123 -6.45809 109.345 -5.97941 -3.48725 73.4556 1.16823 -13 909 1 0 1
-6.13285 -7.43967 109.345 -6.61493 -5.45526 70.193 0.332649 -13 910 1 0 1
-4.28196 38.2075 109.345 -2.70773 15.8152 39.7514 0.153243 -13 911 1 0 1
6.04498 23.3204 109.345 1.79068 11.4819 54.7761 -0.206661 -13 912 1 0 1
-5.60956 14.6109 109.345 -9.16605 13.7111 78.5437 1.7677 -13 913 1 0 1
5.36651 -14.3642 109.345 1.93138 -8.12718 61.4262 -0.314689 -13 915 1 0 1
-7.78817 16.7023 109.345 -3.71354 7.42792 40.6989 0.525177 -13 917 1 0 1
-7.34588 5.55853 109.345 -6.52097 2.80107 66.1284 -0.0903902 -13 919 1 0 1
-13.6059 -1.35957 109.345 -14.4474 0.26106 78.3063 0.911617 -13 920 1 0 1
11.6529 -3.03493 109.345 3.35582 -2.34907 34.3262 1.22859 -13 921 1 0 1
-13.5603 -16.2645 109.345 -15.0759 -12.3393 78.8122 2.9026 -13 922 1 0 1
-12.7326 -0.622765 109.345 -8.68446 -0.452038 58.4243 0.405052 -13 923 1 0 1
-3.96804 5.10455 109.345 -4.68809 2.58535 68.2854 -0.543518 -13 924 1 0 1
-3.89701 11.5391 109.345 -4.00573 7.53106 62.5473 0.904417 -13 925 1 0 1
-9.76814 7.68654 109.345 -10.926 5.10366 76.6352 1.83984 -13 926 1 0 1
-5.54017 -4.76449 109.345 -5.14397 -1.6989 67.6995 1.05646 -13 927 1 0 1
3.5807 -7.01058 109.345 1.05912 -4.53203 58.1291 0.330788 -13 928 1 0 1
-5.51855 2.08969 109.345 -5.99431 1.38986 70.142 1.82833 -13 930 1 0 1
12.1573 -2.58291 109.345 6.03777 -2.76342 63.032 2.52595 -13 931 1 0 1
-8.28621 -11.9192 109.345 -5.17422 -6.48655 51.9879 2.49645 -13 932 1 0 1
6.58043 17.5225 109.345 2.34423 13.1109 68.2014 1.5344 -13 933 1 0 1
-8.82283 5.26585 109.345 -9.51741 4.61272 74.0505 -0.0800536 -13 934 1 0 1
-5.95586 -5.64664 109.345 -7.21656 -2.56259 73.063 0.264799 -13 938 1 0 1
-3.26477 -5.96361 109.345 -3.04917 -3.63923 61.1767 -0.00770889 -13 939 1 0 1
-4.26007 4.77803 109.345 -3.77305 3.61022 60.3977 0.507076 -13 940 1 0 1
-9.6187 8.45971 109.345 -8.09807 6.73355 66.1375 0.727802 -13 941 1 0 1
14.0909 -2.87177 109.345 7.37423 -2.12646 71.9961 1.03676 -13 942 1 0 1
6.4562 -6.03882 109.345 2.34425 -3.54308 67.7939 1.92158 -13 943 1 0 1
-2.44945 4.58236 109.345 -1.90524 3.82186 52.7806 0.167743 -13 944 1 0 1
-0.309568 21.4601 109.345 -2.7838 16.4612 70.4745 1.38056 -13 945 1 0 1
-4.14219 12.1127 109.345 -2.60636 5.53694 44.9487 -0.0603203 -13 946 1 0 1
9.34593 0.366047 109.345 4.46664 1.36934 65.2535 -0.659648 -13 947 1 0 1
13.5509 -9.42119 109.345 5.96991 -4.07769 50.695 1.92487 -13 948 1 0 1
-6.88994 8.37736 109.345 -5.99961 4.82846 65.5683 0.582503 -13 950 1 0 1
7.63975 -8.27555 109.345 3.32405 -5.00211 59.4312 3.22247 -13 952 1 0 1
1.79489 -8.78888 109.345 -0.482682 -5.63155 59.5993 0.819595 -13 953 1 0 1
-1.01071 -28.8339 109.345 -1.50055 -15.6688 54.4282 0.368234 -13 954 1 0 1
4.67889 -7.6752 109.345 1.37568 -6.46434 60.8641 1.09024 -13 955 1 0 1
-7.08855 5.54497 109.345 -4.85077 1.90373 54.2548 0.503663 -13 956 1 0 1
-12.5283 -3.39543 109.345 -12.0674 -3.05016 73.1354 -1.5237 -13 960 1 0 1
8.15099 -4.29382 109.345 3.92782 -1.61336 56.0683 0.773957 -13 961 1 0 1
11.9104 -5.21997 109.345 3.81776 -1.97682 35.4762 1.56417 -13 962 1 0 1
-3.64299 2.64752 109.345 -3.4257 1.0967 62.3897 2.4924 -13 964 1 0 1
-6.7304 -13.4454 109.345 -6.03758 -9.24858 64.1182 1.95273 -13 965 1 0 1
-13.194 -6.87456 109.345 6.60184 -6.8342 33.4087 2.95382 -13 966 1 0 1
11.1014 3.16035 109.345 5.39115 2.32144 54.1267 1.18238 -13 967 1 0 1
4.50845 -11.2282 109.345 1.82633 -6.11806 50.2305 1.2296 -13 969 1 0 1
8.81746 -11.6993 109.345 3.97938 -8.29058 64.4438 0.472504 -13 970 1 0 1
4.30284 4.12917 109.345 1.16313 4.40865 68.2675 -0.616018 -13 971 1 0 1
-9.69489 22.2416 109.345 -3.64221 7.60104 30.4559 0.0692346 -13 972 1 0 1
-9.65831 -0.75162 109.345 -4.01405 0.214396 33.2559 0.137456 -13 973 1 0 1
-8.96055 7.54375 109.345 -8.09398 5.37173 68.7734 -0.0870614 -13 974 1 0 1
-11.7099 -0.332239 109.345 -11.2404 2.04677 73.571 2.16758 -13 975 1 0 1
-11.1593 -19.4154 109.345 -8.16609 -11.0338 60.3906 0.961953 -13 977 1 0 1
-12.6507 -3.68241 109.345 -11.55 -3.40602 70.5623 -0.895233 -13 979 1 0 1
-10.1796 -16.7016 109.345 -8.05346 -11.6318 61.7726 -0.095697 -13 981 1 0 1
3.4036 15.1705 109.345 0.724293 8.90381 64.3046 -0.098954 -13 982 1 0 1
-1.0264 2.52028 109.345 -3.34593 4.14639 73.2651 0.201233 -13 983 1 0 1
5.21496 11.0583 109.345 1.99089 6.93243 60.0603 1.48297 -13 985 1 0 1
-13.9323 -7.57583 109.345 -9.86684 -4.22745 60.5946 0.291621 -13 986 1 0 1
2.90586 -25.9446 109.345 0.319852 -16.0754 59.978 1.04446 -13 987 1 0 1
1.89258 -10.1551 109.345 -0.665421 -6.48881 69.8366 1.61535 -13 989 1 0 1
-4.95627 -8.11411 109.345 -5.51586 -7.4435 69.5382 0.829562 -13 990 1 0 1
-12.7532 14.0035 109.345 -7.19736 6.17516 50.7227 -1.52944 -13 991 1 0 1
-14.543 11.8453 109.345 -6.44042 4.59921 41.2413 1.66935 -13 992 1 0 1
7.54686 -11.7218 109.345 3.54215 -5.61656 50.1603 2.32977 -13 993 1 0 1
9.78503 4.9431 109.345 4.75826 3.58255 64.317 -1.22007 -13 995 1 0 1
-13.0703 0.501693 109.345 -10.9702 0.183202 68.0531 0.767558 -13 996 1 0 1
-5.38627 6.43681 109.345 -3.35257 3.25963 48.0076 3.1331 -13 997 1 0 1
-12.7445 -31.2231 109.345 -2.83632 -4.66454 13.5668 2.79413 -13 998 1 0 1
11.425 -3.05156 109.345 5.43362 -1.45961 56.8097 0.613056 -13 999 1 0 1
-8.86447 -9.57871 109.345 -5.00146 -4.60368 47.4396 0.183872 -13 1000 1 0 1
