#BLTrackFile NTuple/Z178
#x y z Px Py Pz t PDGid EventID TrackID ParentID Weight
#mm mm mm MeV/c MeV/c MeV/c ns - - - - -
0.435034 -5.25865 178.234 2.68462 -2.31185 71.5622 1.92471 -13 3 1 0 1
-7.20578 -2.59132 178.234 -0.86754 -0.63921 75.3826 0.220759 -13 6 1 0 1
8.64081 -15.1911 178.234 6.58636 -5.25956 61.0704 0.245269 -13 7 1 0 1
15.2409 -13.0524 178.234 17.1045 -4.7274 56.8028 1.76758 -13 10 1 0 1
11.3296 19.1603 178.234 -10.5151 -5.69397 39.1366 0.565424 -13 11 1 0 1
7.5666 -30.2327 178.234 6.20028 -11.404 60.997 2.82405 -13 12 1 0 1
-4.19387 29.7534 178.234 1.66093 11.6631 63.6973 0.455041 -13 17 1 0 1
-7.62645 -26.9674 178.234 1.37149 -8.7811 52.1495 2.67638 -13 18 1 0 1
12.9265 -23.5718 178.234 8.07479 -8.6836 63.7618 4.06033 -13 20 1 0 1
-6.58663 12.346 178.234 1.38865 5.03873 56.8192 0.00936228 -13 22 1 0 1
5.52447 7.72261 178.234 5.24279 3.26794 68.3581 0.933566 -13 26 1 0 1
9.25947 -2.57593 178.234 6.66326 0.26763 66.3619 2.54161 -13 27 1 0 1
12.4903 -19.3858 178.234 7.8985 -8.24173 72.6978 1.28609 -13 28 1 0 1
-4.19469 17.3916 178.234 1.27557 7.58712 66.9923 2.0963 -13 30 1 0 1
-0.47577 4.48133 178.234 2.28761 2.36239 71.9975 0.760669 -13 31 1 0 1
-6.58333 7.95969 178.234 0.880758 3.01265 62.5431 0.639473 -13 32 1 0 1
6.48954 15.7529 178.234 5.67826 7.13294 65.9391 -0.0158468 -13 36 1 0 1
3.30803 -21.1054 178.234 3.49699 -10.4044 78.7769 -0.470394 -13 37 1 0 1
11.1944 -31.0154 178.234 7.41683 -11.3384 59.4849 2.62028 -13 38 1 0 1
-3.16237 18.0482 178.234 2.44589 5.55339 51.859 2.04542 -13 40 1 0 1
-1.23324 1.32138 178.234 2.28429 -0.266412 68.3436 2.31725 -13 42 1 0 1
4.75361 -19.1807 178.234 4.6817 -7.63058 67.6737 1.46958 -13 46 1 0 1
11.5917 25.1512 178.234 7.42298 7.9388 59.3713 2.09185 -13 47 1 0 1
-9.62479 15.0681 178.234 -1.02572 7.0927 67.6651 1.76734 -13 48 1 0 1
9.68294 -46.3925 178.234 6.84671 -20.1259 67.6347 0.529712 -13 49 1 0 1
-1.03073 8.17223 178.234 1.88982 2.71716 72.8693 0.722489 -13 51 1 0 1
-1.4273 36.5595 178.234 3.24045 12.1962 55.0091 1.31233 -13 52 1 0 1
-2.53152 -12.8561 178.234 1.52392 -5.79553 70.6771 1.94012 -13 55 1 0 1
10.484 6.55897 178.234 7.28285 3.00007 63.2971 0.697688 -13 58 1 0 1
7.96214 -22.6064 178.234 6.12716 -9.07338 67.4415 3.02235 -13 59 1 0 1
-1.30851 17.5862 178.234 2.77395 6.99286 62.8744 0.26631 -13 61 1 0 1
8.34693 5.36235 178.234 6.26011 3.04122 69.8391 0.485735 -13 62 1 0 1
8.81295 -0.954683 178.234 6.4879 -0.136879 59.9567 1.27917 -13 64 1 0 1
3.33036 2.68603 178.234 4.11384 0.913266 71.3331 1.47227 -13 66 1 0 1
-2.411 -17.8193 178.234 2.42195 -6.80569 63.0084 1.10188 -13 69 1 0 1
-5.98168 -19.9622 178.234 -1.05465 -11.1294 80.1703 1.18723 -13 70 1 0 1
-0.727634 8.61091 178.234 3.36916 2.2853 60.0002 -0.316582 -13 71 1 0 1
1.66751 -1.56174 178.234 3.06315 -1.59713 74.6168 0.0837944 -13 73 1 0 1
9.63226 15.2424 178.234 6.54013 6.31152 74.7789 -1.86418 -13 75 1 0 1
-14.3563 34.9655 178.234 -8.68403 10.2567 16.5892 0.0861202 -13 76 1 0 1
2.48285 -8.18169 178.234 4.20499 -3.68557 57.0106 3.57474 -13 77 1 0 1
-5.2496 -2.99502 178.234 1.44681 -1.52412 60.0226 0.389288 -13 78 1 0 1
13.5147 -9.17983 178.234 8.16959 -3.57376 62.4585 2.5555 -13 79 1 0 1
9.2498 -14.6334 178.234 6.44507 -5.61956 72.2376 1.07314 -13 80 1 0 1
11.1586 24.0283 178.234 7.22899 11.3309 69.4211 1.13156 -13 81 1 0 1
12.5207 5.06626 178.234 8.09141 2.27686 62.2834 2.34238 -13 82 1 0 1
11.8715 -0.698685 178.234 7.73989 -0.647663 75.3896 2.14973 -13 85 1 0 1
13.1774 -16.1631 178.234 8.21401 -7.88963 67.6045 0.896234 -13 86 1 0 1
7.01131 -32.1755 178.234 5.96166 -9.85997 49.8493 2.17702 -13 87 1 0 1
-5.25982 -15.1489 178.234 0.807152 -6.0212 68.13 0.675576 -13 88 1 0 1
10.2193 11.6341 178.234 7.13303 4.35865 65.4293 0.924213 -13 90 1 0 1
14.9262 5.91007 178.234 8.98614 2.76895 69.9618 1.13189 -13 95 1 0 1
11.9189 24.8934 178.234 7.57036 9.60721 60.44 -0.636052 -13 96 1 0 1
5.48607 -4.37686 178.234 5.57333 -0.501881 56.8734 0.183581 -13 97 1 0 1
5.50402 -6.03653 178.234 5.22488 -1.63437 67.2415 1.53476 -13 98 1 0 1
-1.49955 27.2038 178.234 2.69154 10.1851 62.9413 1.65342 -13 99 1 0 1
12.0412 -7.45146 178.234 -2.79428 -4.69703 48.5943 0.31064 -13 100 1 0 1
14.8013 5.2257 178.234 8.71661 1.91709 66.8087 1.02145 -13 102 1 0 1
-3.64822 18.4465 178.234 2.20584 7.92311 60.2619 -0.274461 -13 105 1 0 1
3.74339 -16.5964 178.234 4.22257 -7.00635 70.2352 0.0274115 -13 107 1 0 1
-5.2892 5.15787 178.234 0.0157269 2.43197 72.7212 0.797892 -13 110 1 0 1
-7.21068 -12.8205 178.234 -1.20683 -4.9492 77.2457 0.726035 -13 111 1 0 1
-14.2827 -7.19633 178.234 -3.71303 -3.17538 72.8736 1.56954 -13 116 1 0 1
4.66925 6.67251 178.234 4.91649 2.53778 55.3051 0.899398 -13 117 1 0 1
4.71285 7.54155 178.234 4.70103 3.56838 70.4727 1.57334 -13 119 1 0 1
-14.0607 2.21783 178.234 -0.663638 0.901439 50.0123 1.1673 -13 120 1 0 1
-8.48992 -13.0411 178.234 -1.69192 -5.46578 77.0382 1.64105 -13 122 1 0 1
3.46096 -26.9309 178.234 4.24924 -10.9686 70.5603 1.82113 -13 123 1 0 1
-3.83149 -4.06194 178.234 -0.0277911 -3.17632 79.0833 1.94341 -13 126 1 0 1
9.83852 -11.6576 178.234 6.97674 -5.2951 64.403 1.44889 -13 128 1 0 1
5.90031 9.31422 178.234 5.08452 3.811 68.9503 0.606093 -13 131 1 0 1
-9.13285 -9.63791 178.234 6.46321 -2.40992 61.3836 2.38242 -13 132 1 0 1
13.4665 4.81097 178.234 8.15753 1.08324 69.6121 1.90439 -13 135 1 0 1
-6.84534 -6.82235 178.234 0.667437 -2.7913 63.1404 2.62794 -13 137 1 0 1
-0.763259 34.3599 178.234 3.2894 11.4932 55.2681 1.529 -13 140 1 0 1
14.4881 20.5676 178.234 8.15912 6.99771 51.9325 1.15647 -13 141 1 0 1
4.19932 -5.70949 178.234 4.7804 -2.24408 65.2293 -0.134609 -13 147 1 0 1
-4.06709 -25.2271 178.234 1.17283 -9.39024 69.0193 1.28702 -13 148 1 0 1
12.006 -5.18071 178.234 7.76114 -2.10586 64.0584 3.18154 -13 152 1 0 1
-3.66323 -18.2394 178.234 1.51158 -8.27783 67.744 0.532167 -13 153 1 0 1
-12.3366 -20.3492 178.234 -3.82658 -9.52911 78.2314 -1.15982 -13 154 1 0 1
-1.36026 2.22253 178.234 2.77369 1.37031 62.4275 0.95349 -13 157 1 0 1
0.792013 8.27229 178.234 1.85381 3.00021 79.4375 2.22288 -13 158 1 0 1
-6.44846 21.054 178.234 1.4829 6.59508 56.2794 0.47562 -13 159 1 0 1
0.867561 -7.87489 178.234 -12.5852 -6.42697 46.8207 2.64137 -13 161 1 0 1
-6.64216 16.6729 178.234 0.00147581 7.87496 70.2447 -0.751609 -13 163 1 0 1
-6.71962 19.249 178.234 -1.69023 9.45228 78.8832 1.98645 -13 168 1 0 1
-9.56085 -8.78211 178.234 -0.961113 -3.8601 67.7631 0.299688 -13 170 1 0 1
6.96385 10.9263 178.234 5.89294 3.13859 56.584 0.696469 -13 172 1 0 1
-2.5538 -19.6426 178.234 3.10683 -6.21434 48.5994 1.03921 -13 176 1 0 1
14.1078 -14.0127 178.234 -12.623 -7.52647 37.2866 0.567473 -13 178 1 0 1
-5.15264 -7.18069 178.234 2.47974 -1.66137 39.0522 -0.01738 -13 181 1 0 1
-11.9958 8.84899 178.234 0.872587 2.36337 40.6896 0.499627 -13 182 1 0 1
-3.90488 -18.5172 178.234 2.06917 -7.16132 60.2127 0.249207 -13 185 1 0 1
14.3232 2.665 178.234 -9.65 2.49404 33.6261 2.0814 -13 188 1 0 1
-11.8593 10.6476 178.234 -0.696059 3.87531 59.8716 2.94154 -13 191 1 0 1
-1.05239 9.61759 178.234 1.01768 5.77735 80.2057 1.71193 -13 192 1 0 1
-13.5305 -7.16974 178.234 0.57022 -2.2156 38.8926 0.423745 -13 193 1 0 1
9.67115 32.898 178.234 6.85755 14.0299 68.6585 0.699333 -13 194 1 0 1
10.1361 -0.0605974 178.234 7.01578 0.0305897 60.0179 3.28851 -13 195 1 0 1
-7.60666 23.6216 178.234 0.483541 8.71488 63.2305 0.076196 -13 197 1 0 1
-3.03732 -12.5661 178.234 2.61131 -3.46512 50.9223 1.82295 -13 200 1 0 1
0.748179 47.2286 178.234 3.77611 15.691 57.9138 0.213094 -13 202 1 0 1
2.93001 2.9391 178.234 4.33351 0.539988 62.0526 1.27349 -13 203 1 0 1
10.2223 5.84151 178.234 6.61125 1.00136 49.6059 2.60019 -13 205 1 0 1
-14.467 -29.1117 178.234 -1.35089 -9.93878 57.4077 0.00263045 -13 207 1 0 1
-6.88449 40.8212 178.234 -0.461901 17.5055 72.5208 3.01413 -13 212 1 0 1
6.4512 47.2047 178.234 11.1065 15.895 38.792 -0.0158227 -13 213 1 0 1
0.900742 22.6326 178.234 2.82623 9.49984 75.2258 1.9301 -13 214 1 0 1
6.44158 -17.3054 178.234 5.27543 -8.64763 72.0304 2.66383 -13 215 1 0 1
11.671 1.52275 178.234 7.49844 0.70528 69.6428 2.08475 -13 216 1 0 1
-2.79396 -8.70822 178.234 0.914255 -3.96822 77.792 0.942838 -13 219 1 0 1
10.9419 3.1357 178.234 7.26113 0.694336 71.8646 3.32839 -13 220 1 0 1
-0.327528 24.0388 178.234 2.53233 10.4912 72.2366 0.16325 -13 222 1 0 1
-11.1591 -0.513834 178.234 -0.841825 0.11783 62.722 0.586637 -13 224 1 0 1
-5.49145 -17.1444 178.234 1.2755 -6.57032 62.282 1.08985 -13 227 1 0 1
1.96893 -0.40796 178.234 2.67032 -0.323862 78.3746 -0.987219 -13 228 1 0 1
-13.9769 1.56317 178.234 -3.60305 -0.198635 72.4401 1.21945 -13 229 1 0 1
-13.7186 -17.2684 178.234 -2.08846 -7.44949 64.9861 2.32024 -13 236 1 0 1
6.27162 4.16833 178.234 5.52749 1.40758 62.7222 1.1548 -13 238 1 0 1
-0.820779 -7.67405 178.234 3.16809 -3.45219 58.8012 2.95073 -13 242 1 0 1
11.3414 10.4805 178.234 7.25632 4.65187 75.6574 1.63358 -13 244 1 0 1
7.42209 15.4845 178.234 5.8228 7.48993 70.464 0.809007 -13 246 1 0 1
15.0106 -13.7796 178.234 8.40161 -3.1781 60.3346 0.783885 -13 247 1 0 1
-0.454066 -15.2448 178.234 2.76124 -6.03122 67.9567 1.70822 -13 248 1 0 1
10.8862 32.4406 178.234 7.129 14.332 70.5893 -0.331336 -13 253 1 0 1
3.49159 10.3769 178.234 3.68188 5.60891 77.4278 0.915474 -13 255 1 0 1
0.00421296 10.2384 178.234 3.54032 3.25431 53.4382 0.285462 -13 256 1 0 1
12.5618 -39.3079 178.234 7.06662 -10.2173 42.2646 1.20222 -13 257 1 0 1
6.9053 -3.39726 178.234 5.70324 -1.6556 63.1043 1.21979 -13 258 1 0 1
1.86654 0.681267 178.234 3.43949 -0.488892 72.6458 0.705414 -13 260 1 0 1
-0.494108 16.6846 178.234 3.1245 5.84334 60.1135 0.00565181 -13 261 1 0 1
7.33297 -12.7707 178.234 5.76884 -3.89836 50.5072 1.06669 -13 264 1 0 1
0.529715 3.92903 178.234 3.35007 0.411979 63.6431 0.798995 -13 267 1 0 1
-8.22266 8.55743 178.234 -1.83 2.67481 78.1447 1.44838 -13 269 1 0 1
-4.70446 -8.27431 178.234 1.44117 -4.03116 64.0966 2.3562 -13 270 1 0 1
-8.48652 4.2121 178.234 6.83915 -1.96753 44.4882 4.10041 -13 273 1 0 1
-4.84248 -10.0402 178.234 8.28566 -0.962692 38.0744 -1.22288 -13 279 1 0 1
5.95762 -8.95536 178.234 5.14024 -2.94241 66.5377 -0.226008 -13 281 1 0 1
5.65204 34.2065 178.234 5.28696 10.1286 47.5838 0.523036 -13 282 1 0 1
-3.5449 13.5602 178.234 2.49983 3.29077 53.0884 0.896231 -13 284 1 0 1
-14.3746 -10.7114 178.234 -2.99612 -2.37906 69.5562 -0.413169 -13 286 1 0 1
3.92876 0.132632 178.234 4.74457 -0.617252 51.8199 -0.342231 -13 287 1 0 1
-4.20182 27.0956 178.234 0.212619 12.5053 77.473 1.43645 -13 289 1 0 1
12.719 -21.8881 178.234 7.77036 -10.1715 74.496 1.4426 -13 291 1 0 1
-3.71098 6.74964 178.234 0.913007 3.34641 72.9591 0.736644 -13 292 1 0 1
-6.38817 4.42395 178.234 0.602529 1.53981 65.5131 1.15707 -13 295 1 0 1
-11.6752 9.10646 178.234 9.10748 0.631633 45.981 0.903835 -13 296 1 0 1
13.6685 4.2464 178.234 8.36951 0.949476 66.9222 -0.807641 -13 298 1 0 1
-10.9407 14.9806 178.234 -0.71895 4.94446 62.859 0.334602 -13 301 1 0 1
-9.64222 16.2587 178.234 -0.426023 6.94586 63.7016 1.33027 -13 302 1 0 1
5.31361 5.28681 178.234 5.22318 2.8647 62.3038 1.11264 -13 303 1 0 1
2.96474 17.5849 178.234 4.14116 7.57176 65.6405 1.60123 -13 304 1 0 1
-1.61036 -9.91858 178.234 2.39399 -4.53035 66.7444 0.013157 -13 306 1 0 1
-2.98761 -31.9171 178.234 1.23723 -13.7255 72.7937 1.08712 -13 308 1 0 1
1.3525 20.8685 178.234 3.5672 8.24999 66.0901 0.20273 -13 309 1 0 1
-11.1499 4.9993 178.234 -2.05982 2.50686 71.7292 0.842295 -13 312 1 0 1
-10.7329 27.3999 178.234 -1.93844 11.458 72.0632 1.93918 -13 313 1 0 1
-10.5489 3.24279 178.234 -1.5887 1.38939 68.1657 0.44212 -13 314 1 0 1
-5.44736 -25.2964 178.234 1.14834 -9.87331 63.9091 1.8313 -13 317 1 0 1
7.26958 -6.2119 178.234 5.79471 -2.02664 69.0095 -0.398452 -13 318 1 0 1
-0.678009 18.1783 178.234 2.28829 8.66999 70.1327 3.02214 -13 319 1 0 1
-9.05225 7.88242 178.234 -3.21463 4.12477 80.0467 2.78571 -13 322 1 0 1
14.8258 18.913 178.234 8.90654 7.39058 65.2732 0.367376 -13 324 1 0 1
12.5579 -12.2024 178.234 7.95193 -5.49358 72.1709 0.964251 -13 325 1 0 1
-14.3105 -6.37419 178.234 -1.65616 -3.84708 59.4991 -0.409938 -13 328 1 0 1
3.3505 23.5369 178.234 4.29266 10.0376 68.5711 2.09901 -13 329 1 0 1
12.9103 11.371 178.234 5.69766 2.16064 26.4847 0.88135 -13 332 1 0 1
-10.008 -14.3793 178.234 -0.629885 -5.42031 65.8799 1.35471 -13 334 1 0 1
4.18895 -24.9448 178.234 4.31208 -9.91705 68.562 0.333645 -13 336 1 0 1
11.0376 -18.1253 178.234 6.88688 -5.15184 50.2618 1.58233 -13 339 1 0 1
13.6597 19.5218 178.234 8.51014 8.35707 68.8359 1.19224 -13 340 1 0 1
-2.31825 14.8464 178.234 1.38044 6.99646 73.5577 1.56374 -13 342 1 0 1
10.458 -16.0894 178.234 7.14276 -6.84885 61.7995 0.686915 -13 343 1 0 1
1.14485 1.47668 178.234 3.39713 1.13227 68.9963 0.13027 -13 345 1 0 1
-3.37644 3.77574 178.234 1.60947 1.5858 68.4727 0.143945 -13 347 1 0 1
8.76476 15.1433 178.234 6.44249 5.77158 52.073 0.675654 -13 348 1 0 1
13.4971 -14.6882 178.234 8.30056 -5.44463 64.716 1.78961 -13 350 1 0 1
-4.68189 15.5079 178.234 0.775384 6.01943 70.2933 -0.58292 -13 352 1 0 1
0.00380458 15.6806 178.234 3.16686 5.75821 65.7877 0.770871 -13 353 1 0 1
7.71977 20.4355 178.234 5.97499 5.86363 53.6206 1.54836 -13 354 1 0 1
-12.4428 19.7319 178.234 -3.12302 8.85679 73.9392 0.462341 -13 355 1 0 1
12.9188 4.82619 178.234 6.88228 1.56245 42.1096 1.39346 -13 357 1 0 1
-10.2369 -10.5813 178.234 -2.15369 -4.60812 75.3311 0.310431 -13 360 1 0 1
13.2697 4.84304 178.234 8.01653 2.88917 76.9522 0.777555 -13 361 1 0 1
1.55458 13.1175 178.234 2.9747 6.47135 75.2554 0.61063 -13 363 1 0 1
7.5779 -12.2263 178.234 5.79132 -4.31494 64.6544 1.25156 -13 364 1 0 1
13.5535 23.8776 178.234 7.69589 7.39485 48.7194 -0.67078 -13 365 1 0 1
-0.50453 17.1355 178.234 3.00943 7.01575 64.8692 1.55828 -13 368 1 0 1
8.23168 -4.22714 178.234 6.32483 -0.887618 60.1851 -0.0368666 -13 369 1 0 1
4.68416 -12.0813 178.234 5.06157 -4.3655 66.0445 3.38526 -13 371 1 0 1
12.1141 -27.585 178.234 7.62573 -9.69823 52.9931 1.97531 -13 372 1 0 1
-10.4637 -17.7071 178.234 -0.844921 -7.13286 64.7341 1.70915 -13 373 1 0 1
-13.7036 -0.259955 178.234 -4.02534 0.325592 76.6658 1.54083 -13 374 1 0 1
-11.3144 -35.7827 178.234 -1.68644 -14.5566 68.6241 1.45483 -13 376 1 0 1
3.81284 -9.87288 178.234 4.58529 -4.75225 67.3089 2.7654 -13 385 1 0 1
8.4057 -6.77551 178.234 6.3423 -3.11178 69.6278 2.89956 -13 386 1 0 1
-14.334 -5.77367 178.234 -3.54933 -2.89816 72.3462 1.07362 -13 387 1 0 1
-8.1707 3.81764 178.234 0.246294 1.16497 63.9052 1.77671 -13 390 1 0 1
-7.75302 -2.67114 178.234 1.1197 -1.77142 54.2941 1.36274 -13 392 1 0 1
2.8498 29.9353 178.234 4.27683 10.2386 60.4184 0.264635 -13 394 1 0 1
-11.3355 32.8274 178.234 -2.43612 15.2088 73.7335 -0.70933 -13 395 1 0 1
9.3209 -6.75205 178.234 6.61615 -2.97677 66.51 1.86439 -13 398 1 0 1
5.40749 -28.3769 178.234 4.86156 -11.3394 70.7394 3.01119 -13 399 1 0 1
14.2904 12.425 178.234 8.6254 6.24734 64.2046 0.998809 -13 400 1 0 1
-8.72289 18.7516 178.234 0.512295 6.27258 57.8655 0.810117 -13 402 1 0 1
0.513333 -19.163 178.234 3.43971 -7.73613 60.0664 0.497405 -13 406 1 0 1
0.979776 -15.5154 178.234 3.49983 -5.51743 65.9273 2.29379 -13 407 1 0 1
-6.25432 -14.6953 178.234 -0.535585 -6.59803 76.1242 -1.64929 -13 410 1 0 1
3.67153 19.3915 178.234 4.81164 4.09103 43.1702 1.92601 -13 411 1 0 1
2.21733 -24.35 178.234 3.83596 -9.7241 66.7068 2.2656 -13 412 1 0 1
-14.7877 11.7731 178.234 9.39697 2.76763 53.603 1.00125 -13 413 1 0 1
3.67185 1.35397 178.234 4.28556 -0.0826634 69.5634 2.44704 -13 418 1 0 1
15.1598 30.0527 178.234 0.549188 10.0797 47.4911 1.56043 -13 419 1 0 1
4.62224 -21.8212 178.234 4.53068 -10.227 73.3131 0.506246 -13 421 1 0 1
2.86176 6.8583 178.234 4.35129 2.95788 64.0778 0.965887 -13 425 1 0 1
1.5872 8.41951 178.234 2.89828 4.54108 73.9682 -0.484265 -13 426 1 0 1
-4.15138 28.9043 178.234 1.47799 12.0534 65.3395 1.40223 -13 428 1 0 1
7.65851 -12.2029 178.234 5.56534 -5.66059 75.6949 2.81533 -13 431 1 0 1
4.33487 -25.8904 178.234 4.48775 -11.7419 69.5381 2.35134 -13 433 1 0 1
11.9423 0.440917 178.234 7.6377 0.393889 67.0806 -1.32686 -13 437 1 0 1
2.7285 1.00955 178.234 4.62556 0.444906 54.9241 3.08387 -13 438 1 0 1
6.59991 -31.8632 178.234 5.61863 -11.3839 62.7232 -0.0919182 -13 439 1 0 1
-11.4201 0.416357 178.234 -2.25479 0.0762214 71.8469 2.30729 -13 441 1 0 1
-6.95624 -1.9304 178.234 0.412453 0.267294 65.7374 0.85926 -13 442 1 0 1
12.6848 -2.00208 178.234 7.85598 -1.87747 68.045 1.03851 -13 445 1 0 1
-3.73411 -16.7761 178.234 1.37504 -5.94846 69.1786 -0.593431 -13 446 1 0 1
2.84315 7.41853 178.234 3.99069 3.66777 70.5689 -1.05601 -13 448 1 0 1
7.10618 -0.718726 178.234 5.74916 -0.578522 52.5246 0.970501 -13 449 1 0 1
14.4688 5.44509 178.234 8.51779 1.73871 80.7502 0.950377 -13 451 1 0 1
4.77298 -6.11133 178.234 5.03055 -2.73176 67.2996 2.06831 -13 452 1 0 1
-4.42317 8.66604 178.234 2.51818 2.4585 50.6631 2.54683 -13 454 1 0 1
-3.75172 4.91925 178.234 1.499 2.42657 65.5464 0.8356 -13 460 1 0 1
-6.40362 11.2066 178.234 0.614727 4.91511 66.4164 1.33517 -13 461 1 0 1
14.1714 -5.2975 178.234 8.58879 -2.02713 68.5784 2.43948 -13 463 1 0 1
-3.75245 44.7498 178.234 2.93487 10.1573 38.192 0.68932 -13 465 1 0 1
5.42145 40.0463 178.234 5.3519 11.7707 49.8262 1.68057 -13 469 1 0 1
12.0426 -11.0576 178.234 7.61844 -3.768 55.0709 0.517331 -13 473 1 0 1
13.4276 16.6291 178.234 8.43767 7.57007 71.7695 2.52108 -13 475 1 0 1
13.0654 31.0114 178.234 8.42307 11.5271 66.2935 -0.282287 -13 477 1 0 1
2.59979 -15.7501 178.234 4.09187 -5.5054 61.6193 -0.732069 -13 478 1 0 1
-13.668 0.781475 178.234 -2.61384 -0.0814672 67.6309 -0.264325 -13 484 1 0 1
10.524 -35.6329 178.234 7.06383 -12.8984 57.5648 3.86743 -13 486 1 0 1
2.15519 -33.9324 178.234 4.13629 -13.2466 62.2466 -0.746277 -13 490 1 0 1
4.14297 -9.7357 178.234 5.0686 -3.60805 59.4597 2.11937 -13 493 1 0 1
-4.42808 1.67771 178.234 1.3066 0.789397 64.3653 1.31452 -13 497 1 0 1
-5.04001 16.3748 178.234 0.802867 6.86097 68.9803 0.574626 -13 498 1 0 1
13.5145 12.0664 178.234 -7.36462 6.9718 26.4757 0.415968 -13 499 1 0 1
12.5944 14.405 178.234 7.70328 6.17939 78.9928 0.626566 -13 501 1 0 1
3.7463 -37.661 178.234 4.51 -14.2133 68.2688 -0.614014 -13 503 1 0 1
2.24469 10.8756 178.234 3.7807 4.63906 66.2296 1.31586 -13 504 1 0 1
-13.8192 -7.05473 178.234 -4.6836 -3.76655 79.2107 2.1898 -13 506 1 0 1
-14.5113 19.5557 178.234 -1.79788 6.89514 60.9006 2.23061 -13 510 1 0 1
-9.62614 -9.5605 178.234 -0.0253802 -3.18738 58.7251 0.692433 -13 512 1 0 1
-3.65279 -0.107662 178.234 2.18053 0.018796 55.2465 -2.33784 -13 514 1 0 1
-0.41994 9.39837 178.234 3.25521 4.06027 56.6326 -0.825241 -13 516 1 0 1
4.40007 -8.26671 178.234 4.48077 -4.2545 72.1653 -0.173801 -13 517 1 0 1
13.1181 1.7466 178.234 8.28545 1.00991 64.7345 1.82936 -13 518 1 0 1
11.6391 -16.416 178.234 7.67035 -6.5662 60.1653 3.58786 -13 520 1 0 1
-4.64692 -25.3735 178.234 0.969908 -10.1113 69.7944 -0.506242 -13 521 1 0 1
5.55519 11.1768 178.234 4.26446 5.15749 80.4553 1.79446 -13 522 1 0 1
-10.6446 14.2942 178.234 -1.56363 5.36017 69.9738 1.82983 -13 523 1 0 1
13.7802 -7.36341 178.234 8.40246 -1.28683 61.5119 1.76808 -13 524 1 0 1
-13.6969 -0.745486 178.234 15.1115 5.94088 55.174 0.992946 -13 526 1 0 1
-3.8579 30.3932 178.234 2.06581 10.7162 59.1277 2.10371 -13 527 1 0 1
-1.70988 10.3464 178.234 3.09841 3.25734 54.5289 3.82073 -13 528 1 0 1
9.63891 11.9782 178.234 6.90748 4.71409 66.8168 0.377086 -13 530 1 0 1
6.9413 13.731 178.234 5.98652 5.11937 58.9408 2.06262 -13 531 1 0 1
8.92681 23.5678 178.234 14.3641 5.87555 41.9045 2.9431 -13 532 1 0 1
12.063 25.5291 178.234 7.68391 11.8351 68.9734 -1.86503 -13 535 1 0 1
11.3417 -29.3327 178.234 -1.11303 -17.8032 66.5156 2.34221 -13 540 1 0 1
-0.263196 25.5438 178.234 2.53669 11.2413 70.5663 1.90034 -13 541 1 0 1
9.66364 41.2505 178.234 6.61925 12.8882 51.3027 0.484992 -13 547 1 0 1
0.0330313 24.794 178.234 3.44941 8.14617 56.37 1.59885 -13 556 1 0 1
-0.360273 -9.82888 178.234 3.13549 -4.08803 61.9808 -1.57603 -13 558 1 0 1
-11.7309 26.8365 178.234 -0.289397 9.34001 55.6003 2.38531 -13 565 1 0 1
-6.479 -10.4234 178.234 1.57275 -2.9583 53.4096 1.34647 -13 567 1 0 1
0.810931 21.2533 178.234 3.14672 9.31378 71.0267 1.11701 -13 568 1 0 1
10.6444 -15.1774 178.234 7.09941 -5.6834 61.3463 2.82846 -13 569 1 0 1
12.327 -17.7682 178.234 7.5313 -5.03802 51.9603 -1.24069 -13 570 1 0 1
7.8135 -15.8093 178.234 5.82184 -7.71898 75.179 0.758312 -13 572 1 0 1
-10.2799 -8.00379 178.234 -1.22127 -4.26013 68.9208 2.89937 -13 573 1 0 1
11.7449 -5.73202 178.234 7.59215 -2.36898 69.3361 1.13173 -13 575 1 0 1
3.58979 3.08144 178.234 4.36315 0.0679307 68.6204 0.0616656 -13 576 1 0 1
14.6095 -9.85799 178.234 8.64707 -2.64999 65.2637 -0.985826 -13 577 1 0 1
-7.97675 32.3118 178.234 -0.774534 13.9843 72.1532 2.87468 -13 578 1 0 1
4.24739 -16.7101 178.234 4.59076 -7.05355 65.0468 -1.05921 -13 585 1 0 1
14.3477 -27.2295 178.234 8.67872 -11.8822 70.7405 3.12366 -13 586 1 0 1
-15.0255 36.1586 178.234 -4.26929 20.0646 69.6833 1.29488 -13 587 1 0 1
6.75103 8.94395 178.234 5.54347 3.3647 70.3502 -0.303507 -13 589 1 0 1
-13.2045 -0.439355 178.234 -4.09235 0.459564 78.1721 3.46928 -13 591 1 0 1
0.792826 -2.25919 178.234 3.18359 -1.30693 71.4454 -1.6793 -13 592 1 0 1
15.1649 7.16271 178.234 0.101127 0.101176 50.5657 2.95012 -13 593 1 0 1
5.41735 -22.9394 178.234 4.14771 -11.2617 80.6304 -0.840978 -13 598 1 0 1
-2.65048 -2.01752 178.234 3.02385 -0.556264 46.9978 -0.292296 -13 599 1 0 1
11.6193 -29.6842 178.234 7.22966 -8.9152 50.2825 1.76919 -13 600 1 0 1
12.4451 -17.2291 178.234 8.0098 -6.43231 64.0314 1.6529 -13 602 1 0 1
-11.8597 11.247 178.234 -1.77478 5.90032 67.2517 -0.668912 -13 610 1 0 1
1.65304 -0.0984311 178.234 4.10892 -0.649353 54.1777 2.07801 -13 611 1 0 1
13.0298 -15.3886 178.234 8.25107 -6.52645 64.131 0.734153 -13 614 1 0 1
14.271 14.2485 178.234 8.62949 7.10472 77.7928 0.706589 -13 616 1 0 1
-11.6305 -9.24868 178.234 -1.31943 -3.07393 63.8425 0.355112 -13 617 1 0 1
-6.32241 7.58945 178.234 -0.954263 3.3731 77.9982 -1.28586 -13 620 1 0 1
14.9124 -12.0283 178.234 8.66906 -3.28 59.5189 1.78113 -13 621 1 0 1
8.85402 1.04359 178.234 6.60792 1.25905 60.4623 0.794554 -13 623 1 0 1
14.2081 21.9214 178.234 8.47695 6.80735 58.9799 0.265029 -13 625 1 0 1
3.75653 37.7038 178.234 4.84885 14.8871 64.6764 1.24653 -13 629 1 0 1
13.6472 5.66887 178.234 8.41567 2.16406 58.6976 0.464752 -13 631 1 0 1
3.30377 -20.8892 178.234 4.30409 -8.08718 66.7205 -0.479769 -13 632 1 0 1
-14.1476 23.3688 178.234 2.74153 11.7971 59.5237 -1.10664 -13 636 1 0 1
11.9922 -40.7054 178.234 5.77481 -6.84149 28.277 2.07484 -13 638 1 0 1
4.31292 -40.9906 178.234 4.58684 -17.0029 69.6091 0.62739 -13 643 1 0 1
-7.05707 -33.1121 178.234 1.50003 -10.1466 50.0798 3.51331 -13 644 1 0 1
1.36068 -13.8056 178.234 2.97216 -5.44583 73.6502 1.90947 -13 650 1 0 1
11.7272 6.89063 178.234 7.53807 2.61605 67.8263 1.49038 -13 651 1 0 1
-0.639628 -14.1307 178.234 2.71345 -5.78802 65.9261 2.01589 -13 652 1 0 1
9.0921 -13.724 178.234 6.48052 -5.01328 68.1625 1.61556 -13 653 1 0 1
-2.5393 -28.7658 178.234 3.14257 -6.24012 34.6615 1.85162 -13 655 1 0 1
-0.859722 9.50562 178.234 2.87419 4.29131 60.9966 1.67132 -13 657 1 0 1
-1.78075 -19.7152 178.234 1.98757 -7.16908 69.0405 3.20043 -13 659 1 0 1
5.32664 -11.5462 178.234 4.99923 -4.28046 66.1548 -0.504659 -13 660 1 0 1
-4.946 -12.1191 178.234 -0.222599 -6.66263 76.6158 2.54224 -13 661 1 0 1
-7.07949 11.4419 178.234 0.962978 3.94942 58.1647 0.825613 -13 662 1 0 1
-3.82411 -21.269 178.234 0.964084 -8.5795 70.4303 2.69421 -13 664 1 0 1
-3.34908 -10.93 178.234 0.649461 -5.39376 76.9701 1.20785 -13 665 1 0 1
10.3163 9.41218 178.234 16.7574 5.18521 35.4601 2.25114 -13 666 1 0 1
10.3069 3.62419 178.234 6.96904 1.50193 60.2347 -1.09413 -13 667 1 0 1
6.55862 -25.1809 178.234 4.99046 -5.48992 35.1041 2.37409 -13 668 1 0 1
11.4172 -33.8529 178.234 7.72761 -13.3145 66.7151 2.37616 -13 669 1 0 1
13.984 -23.3208 178.234 8.58724 -9.67309 71.844 0.972347 -13 670 1 0 1
1.66085 -37.4219 178.234 3.98829 -14.0934 61.9448 4.22041 -13 675 1 0 1
8.90892 24.3078 178.234 6.47019 11.7689 71.1828 2.50101 -13 678 1 0 1
-14.5178 34.0612 178.234 -2.76119 13.6659 66.8934 1.00991 -13 679 1 0 1
-5.6537 7.95347 178.234 1.73055 2.23024 56.135 0.234115 -13 680 1 0 1
2.34473 -10.5939 178.234 3.56566 -6.11587 73.3989 -2.30056 -13 681 1 0 1
0.759266 -21.4721 178.234 3.56769 -7.54871 60.8601 0.852232 -13 684 1 0 1
1.68133 11.5463 178.234 3.67494 3.91684 66.5765 0.971441 -13 688 1 0 1
13.8668 -0.941479 178.234 8.28186 -1.06861 64.4251 -0.929522 -13 691 1 0 1
-2.49226 -2.38009 178.234 2.23138 -1.82398 62.415 0.102152 -13 692 1 0 1
9.77079 -20.6091 178.234 6.79829 -7.05992 64.6361 3.39493 -13 694 1 0 1
12.969 21.2737 178.234 8.17866 8.15874 64.1783 1.38585 -13 696 1 0 1
-6.948 9.82455 178.234 -0.463798 4.59867 71.1026 1.50234 -13 697 1 0 1
5.65073 -8.68398 178.234 4.92984 -3.64876 72.291 2.35565 -13 700 1 0 1
10.2009 17.971 178.234 -13.0826 -7.76134 39.3049 2.38201 -13 701 1 0 1
6.9597 -18.7608 178.234 -2.52282 -8.9759 29.3793 2.95483 -13 702 1 0 1
-12.1167 11.0856 178.234 15.3104 -0.108358 47.9642 -1.28175 -13 703 1 0 1
4.18139 11.2431 178.234 5.02984 3.73289 54.5235 -0.432662 -13 706 1 0 1
3.33097 9.21183 178.234 4.00859 5.20814 72.197 4.28352 -13 707 1 0 1
10.0943 9.33117 178.234 12.2928 6.68656 30.9226 1.97079 -13 708 1 0 1
6.18704 -17.5949 178.234 5.58753 -7.36265 65.4568 1.11113 -13 709 1 0 1
7.59414 -19.3126 178.234 5.90135 -7.7135 68.8736 2.38474 -13 712 1 0 1
-4.43419 -21.6082 178.234 -0.49981 -10.9137 80.438 0.915881 -13 713 1 0 1
-2.28378 16.526 178.234 1.67118 7.49024 71.2325 -0.0976887 -13 715 1 0 1
4.77229 -9.83655 178.234 5.12611 -3.25512 52.5995 2.99093 -13 717 1 0 1
-9.16449 -0.254352 178.234 -1.37986 -0.647367 72.4314 1.90937 -13 718 1 0 1
14.3443 8.44832 178.234 8.74037 4.2165 71.4612 0.874526 -13 719 1 0 1
7.55185 31.5886 178.234 6.09252 12.2653 65.162 3.1221 -13 720 1 0 1
10.7523 -28.9326 178.234 -4.70053 -11.9529 62.6267 0.926153 -13 721 1 0 1
9.19238 -13.3874 178.234 6.56127 -4.2103 61.4621 -0.131459 -13 723 1 0 1
7.57115 26.808 178.234 5.82317 11.0075 72.0289 2.97629 -13 724 1 0 1
-5.72001 21.1675 178.234 1.59739 6.55003 55.6687 0.879808 -13 725 1 0 1
14.3761 -13.3833 178.234 8.56562 -5.75682 75.9105 -0.884737 -13 729 1 0 1
5.62114 -34.4561 178.234 5.16256 -6.95983 36.0598 1.42827 -13 730 1 0 1
-2.36872 -10.2723 178.234 1.74643 -3.8995 70.6046 -0.258608 -13 731 1 0 1
-4.33613 21.4768 178.234 1.23793 8.19977 68.7621 3.01089 -13 732 1 0 1
-4.6126 -3.34968 178.234 2.48397 -1.57657 46.6936 0.898658 -13 733 1 0 1
14.8235 -1.39696 178.234 -7.75233 -7.77791 48.3361 3.22995 -13 734 1 0 1
-0.269688 22.891 178.234 3.28763 8.24889 62.8759 3.12413 -13 737 1 0 1
-10.4978 2.73737 178.234 -2.08005 1.06077 73.2864 1.73648 -13 740 1 0 1
-1.0495 12.4893 178.234 2.30329 5.81275 72.0546 2.2961 -13 743 1 0 1
3.5684 20.1663 178.234 4.71792 6.08428 55.1575 1.42222 -13 744 1 0 1
1.23765 -16.0046 178.234 3.36402 -6.50195 68.3376 -0.819334 -13 746 1 0 1
10.4626 -6.81617 178.234 7.14632 -2.64512 67.7225 1.18078 -13 747 1 0 1
-6.73612 6.73747 178.234 1.77361 2.266 49.3006 -0.550751 -13 748 1 0 1
7.36083 13.4976 178.234 6.03915 3.41433 63.7538 1.75185 -13 750 1 0 1
1.9851 33.1789 178.234 3.8994 13.8382 66.6541 0.533784 -13 752 1 0 1
2.59813 3.93796 178.234 4.26157 0.787706 64.316 -0.000331268 -13 753 1 0 1
-14.3367 -3.21012 178.234 -3.10515 -0.926503 70.4094 1.29298 -13 754 1 0 1
8.00999 -6.53806 178.234 5.83536 -3.24637 75.5973 -0.495686 -13 755 1 0 1
14.0061 12.8406 178.234 -1.68633 -6.51759 58.4676 -0.0114479 -13 756 1 0 1
6.16076 -15.9252 178.234 5.47923 -5.07681 58.3566 1.7998 -13 761 1 0 1
13.9337 10.6372 178.234 8.48036 4.58916 69.6193 -1.60952 -13 764 1 0 1
2.78337 -15.6889 178.234 4.45973 -6.28722 64.8287 0.47734 -13 765 1 0 1
-11.2453 -14.8068 178.234 -1.85838 -8.00377 70.9222 -0.0712172 -13 770 1 0 1
-8.40012 -6.13547 178.234 0.578152 -1.66411 58.687 2.04757 -13 774 1 0 1
1.24765 18.2992 178.234 3.98781 6.11009 55.242 3.67553 -13 776 1 0 1
-9.10675 -18.2397 178.234 -0.725736 -7.73185 67.6744 0.972399 -13 777 1 0 1
9.96745 30.9859 178.234 6.4481 9.10964 45.6626 3.91584 -13 778 1 0 1
-12.7196 -18.8376 178.234 -2.13794 -7.56804 68.0257 2.6881 -13 779 1 0 1
-2.05294 5.52117 178.234 2.26246 1.67711 66.305 0.900493 -13 781 1 0 1
-6.71311 -17.4824 178.234 0.617354 -6.53851 63.3636 1.55479 -13 782 1 0 1
15.163 -12.3308 178.234 1.35792 -0.879375 51.6851 3.09181 -13 790 1 0 1
-9.4574 -37.9667 178.234 -10.7463 -6.1107 17.5037 0.142174 -13 791 1 0 1
-4.59954 -6.44067 178.234 1.28838 -2.43764 66.794 3.19837 -13 792 1 0 1
-13.5118 -28.4445 178.234 -1.12028 -9.71797 56.4201 -1.26901 -13 795 1 0 1
-11.7918 3.75103 178.234 -0.552061 1.21595 59.0837 0.9928 -13 796 1 0 1
13.1031 -3.39137 178.234 7.47024 -1.6665 47.8807 0.444619 -13 797 1 0 1
4.28265 39.6602 178.234 4.26125 17.5366 73.6824 2.95234 -13 798 1 0 1
7.66602 13.0988 178.234 6.05722 4.62455 63.3792 1.95043 -13 799 1 0 1
-3.59075 8.85211 178.234 10.1143 -0.521364 52.3628 2.33384 -13 800 1 0 1
9.86714 -16.2384 178.234 6.8967 -7.00518 66.7397 -0.276813 -13 802 1 0 1
11.6747 6.61545 178.234 7.38872 4.22976 75.5667 -0.756161 -13 803 1 0 1
-8.27564 -25.5118 178.234 -0.046473 -9.57233 66.4736 1.40558 -13 807 1 0 1
-14.4746 1.60174 178.234 -2.44013 0.556865 65.367 0.468536 -13 809 1 0 1
-4.91068 -9.70971 178.234 -0.0687962 -4.95524 77.0837 0.246792 -13 810 1 0 1
11.1572 6.30615 178.234 7.58006 3.10169 70.2878 0.758067 -13 811 1 0 1
-10.345 -18.7297 178.234 1.28638 -4.07631 39.8189 3.44751 -13 812 1 0 1
6.59838 2.6691 178.234 5.75377 1.71501 62.4383 1.76073 -13 814 1 0 1
6.99778 -6.85402 178.234 5.18355 -3.08148 76.9292 2.40768 -13 816 1 0 1
1.2098 -5.7143 178.234 3.97582 -1.14449 52.7794 -0.566607 -13 821 1 0 1
-12.749 12.4448 178.234 9.61812 18.3868 61.2863 1.5412 -13 822 1 0 1
2.07351 -4.82716 178.234 3.9919 -0.778638 25.5585 2.22838 -13 824 1 0 1
-4.22998 -14.5805 178.234 1.59224 -5.42053 61.4145 1.33339 -13 825 1 0 1
12.5505 18.3454 178.234 7.89524 7.93631 66.402 -0.393129 -13 826 1 0 1
15.0747 -32.7146 178.234 6.25462 -3.6931 60.4535 3.7151 -13 827 1 0 1
-0.714792 -1.36851 178.234 2.96402 -1.22157 64.9408 -1.44519 -13 828 1 0 1
14.2104 -23.9117 178.234 8.56832 -9.25992 63.9424 0.861239 -13 830 1 0 1
13.3234 -9.47865 178.234 -5.10285 -6.07814 45.2159 3.02515 -13 831 1 0 1
8.94049 -22.3431 178.234 6.54735 -7.55284 55.4749 1.49297 -13 832 1 0 1
2.88485 -9.55698 178.234 4.23515 -3.61458 61.971 1.41722 -13 833 1 0 1
4.29658 -22.7334 178.234 4.97503 -7.63893 60.4534 0.834609 -13 834 1 0 1
-6.27812 -31.6184 178.234 -0.993542 -14.9027 77.4034 -0.0304134 -13 835 1 0 1
11.4719 -21.3825 178.234 7.4108 -6.42275 55.1666 0.725257 -13 839 1 0 1
-12.0309 16.8779 178.234 -1.00224 5.8421 60.4997 3.49549 -13 840 1 0 1
-0.303104 21.1302 178.234 3.38412 6.75963 58.6578 -0.738388 -13 841 1 0 1
6.0399 -11.4073 178.234 5.14945 -4.62701 73.1565 -0.0354202 -13 842 1 0 1
-5.52489 -34.3155 178.234 -0.0279626 -16.2291 73.3683 1.43186 -13 843 1 0 1
-8.65179 32.4906 178.234 0.507132 11.3033 58.6553 1.98464 -13 844 1 0 1
-7.27404 -4.23493 178.234 1.0672 -2.00704 55.7855 0.322622 -13 848 1 0 1
-2.07547 15.9548 178.234 2.68653 5.22922 59.88 0.596656 -13 851 1 0 1
7.32794 5.18772 178.234 -8.15937 8.9668 56.5876 1.49919 -13 852 1 0 1
0.452615 13.6994 178.234 3.46548 4.96305 61.2116 2.14263 -13 853 1 0 1
-0.0699538 -2.25024 178.234 2.53971 -1.93987 69.6703 0.147413 -13 854 1 0 1
-4.84185 26.3909 178.234 1.56854 9.73061 61.9631 1.17196 -13 855 1 0 1
12.1885 -3.00595 178.234 7.90866 0.0019323 65.6951 0.134249 -13 857 1 0 1
12.4538 -4.30568 178.234 7.76737 -1.02943 55.1409 2.72392 -13 859 1 0 1
-2.17264 9.53268 178.234 2.10447 3.93656 67.9981 2.30857 -13 860 1 0 1
1.31072 -14.2871 178.234 2.81955 -6.73452 77.067 -0.906669 -13 861 1 0 1
7.24851 14.6487 178.234 5.92826 5.933 63.6745 0.947125 -13 862 1 0 1
2.84297 2.82778 178.234 4.37552 1.31249 62.5209 0.432788 -13 864 1 0 1
-0.0488947 -12.8427 178.234 3.50789 -3.61491 55.3697 2.91971 -13 865 1 0 1
-6.60044 2.35345 178.234 -1.27187 0.493173 78.7943 -0.727775 -13 868 1 0 1
10.5242 -15.9366 178.234 7.03643 -6.09136 59.699 1.83054 -13 870 1 0 1
15.0069 -44.0891 178.234 9.39731 -16.1951 64.3607 -0.156204 -13 871 1 0 1
-3.03715 -7.23694 178.234 1.73912 -2.50271 67.7854 -0.135935 -13 872 1 0 1
-2.34488 20.7524 178.234 2.03624 8.39546 66.9854 3.58109 -13 874 1 0 1
-2.29895 -17.1722 178.234 2.38965 -6.68791 62.9452 1.25178 -13 875 1 0 1
7.0568 18.3921 178.234 5.86577 8.74774 68.42 -1.02323 -13 877 1 0 1
6.68815 26.8913 178.234 5.38671 12.4263 72.5605 -2.75775 -13 878 1 0 1
-9.23259 11.6285 178.234 0.95809 3.32418 51.8077 2.33938 -13 879 1 0 1
13.2849 -8.29493 178.234 8.02297 -5.36066 79.358 3.22289 -13 886 1 0 1
9.511 12.7765 178.234 6.76028 3.5642 55.0421 1.15734 -13 888 1 0 1
4.36096 -11.4407 178.234 4.96241 -3.71871 57.3058 0.4577 -13 889 1 0 1
0.485958 -15.4368 178.234 2.92698 -5.55426 71.5981 1.36446 -13 892 1 0 1
3.98686 -18.648 178.234 -3.04263 -3.8579 17.3836 1.62569 -13 894 1 0 1
-8.68275 36.2792 178.234 -0.511825 15.0937 68.4642 -0.722617 -13 896 1 0 1
5.81734 -16.0509 178.234 5.19812 -4.62755 49.1191 -0.567144 -13 897 1 0 1
6.29018 -26.2896 178.234 5.07792 -10.0641 74.437 2.04486 -13 903 1 0 1
11.3933 25.162 178.234 7.5098 9.38588 67.347 1.25114 -13 907 1 0 1
-0.212453 -22.8962 178.234 3.66908 -5.11265 37.6731 1.67542 -13 908 1 0 1
2.03811 -9.38695 178.234 3.21676 -3.34449 73.6943 1.56864 -13 909 1 0 1
-0.965139 -12.6281 178.234 2.31664 -5.40405 70.5392 0.745112 -13 910 1 0 1
-2.61646 26.5072 178.234 0.107513 13.7202 79.0751 2.15163 -13 913 1 0 1
9.65364 32.3557 178.234 6.23857 8.19973 40.814 1.15553 -13 917 1 0 1
-1.4027 8.21258 178.234 2.54461 2.70705 66.5281 0.338539 -13 919 1 0 1
-14.0459 -2.39967 178.234 -4.75992 -0.33403 79.5828 1.29014 -13 920 1 0 1
-8.3545 -1.87345 178.234 0.430658 -0.71375 59.2152 0.870458 -13 923 1 0 1
2.6879 7.10901 178.234 3.98871 2.33909 68.4398 -0.122217 -13 924 1 0 1
8.63233 21.0822 178.234 6.39441 8.0075 62.6897 1.35298 -13 925 1 0 1
-8.53207 12.1324 178.234 -1.85024 5.08213 77.4461 2.22653 -13 926 1 0 1
1.05663 -6.17136 178.234 3.67441 -1.56927 67.8764 1.48019 -13 927 1 0 1
0.853421 4.04713 178.234 3.17207 1.6397 70.424 2.24094 -13 930 1 0 1
2.51871 -19.6891 178.234 4.40222 -6.29364 52.697 3.00282 -13 932 1 0 1
-7.61245 9.07277 178.234 -1.04562 4.43391 74.761 0.315889 -13 934 1 0 1
-1.39826 -10.0743 178.234 1.77658 -3.44438 73.4262 0.666171 -13 938 1 0 1
11.0282 -8.71733 178.234 7.48232 -3.12679 60.9771 0.451116 -13 939 1 0 1
5.1405 9.33275 178.234 5.21139 3.75986 60.3916 0.96896 -13 940 1 0 1
-4.93862 15.5626 178.234 1.1293 6.81539 66.7377 1.15576 -13 941 1 0 1
5.22781 9.98237 178.234 5.31752 3.91104 52.394 0.686644 -13 944 1 0 1
9.51639 36.5734 178.234 6.67607 16.0385 70.445 1.79671 -13 945 1 0 1
10.2569 20.7576 178.234 6.41086 5.55243 44.817 0.524695 -13 946 1 0 1
-12.0189 -10.4393 178.234 -0.116803 -3.3424 54.5904 1.49867 -13 949 1 0 1
-0.459953 13.6483 178.234 3.034 4.9258 65.9649 1.01408 -13 950 1 0 1
12.6113 -50.0129 178.234 6.7161 -17.0037 53.5703 0.878391 -13 954 1 0 1
2.06604 10.7019 178.234 4.14131 2.8224 54.7941 0.996588 -13 956 1 0 1
-12.147 -14.2446 178.234 5.48175 -0.673136 39.4274 0.0896804 -13 957 1 0 1
-11.7626 -6.19068 178.234 -2.77984 -3.0494 74.1445 -1.12663 -13 960 1 0 1
6.87145 3.95343 178.234 5.93922 1.1278 62.2978 2.94382 -13 964 1 0 1
-0.0334141 -24.0988 178.234 3.10187 -9.54825 64.3905 2.39378 -13 965 1 0 1
-13.7116 -8.85367 178.234 -0.825274 -2.06751 54.2338 3.41631 -13 966 1 0 1
13.682 11.0062 178.234 8.53552 5.32456 67.4529 -0.185858 -13 971 1 0 1
12.1914 39.2706 178.234 6.11541 7.62136 30.78 0.864824 -13 972 1 0 1
7.33633 6.95938 178.234 5.09126 1.7119 33.6871 0.872969 -13 973 1 0 1
-4.71177 12.8104 178.234 1.01913 5.35924 69.3477 0.329495 -13 974 1 0 1
-12.1438 9.35354 178.234 -2.80883 5.49025 74.4851 2.56488 -13 975 1 0 1
0.336054 -33.9086 178.234 3.47494 -11.8742 61.2811 1.41508 -13 977 1 0 1
-11.5173 -6.45733 178.234 -2.32871 -3.20962 71.5589 -0.488683 -13 979 1 0 1
-14.685 7.93584 178.234 0.636528 13.2717 24.4617 -0.171359 -13 980 1 0 1
1.30382 -9.2184 178.234 3.57779 -4.15504 63.007 0.340811 -13 981 1 0 1
7.45181 6.06977 178.234 5.77536 3.99269 73.1992 0.60434 -13 983 1 0 1
-10.6305 -13.3417 178.234 -0.596447 -4.63549 61.5452 0.743723 -13 986 1 0 1
12.1105 -16.2954 178.234 7.91133 -6.34351 69.4791 2.03434 -13 989 1 0 1
2.23516 -15.0317 178.234 3.79793 -7.27371 69.7758 1.24542 -13 990 1 0 1
-4.79313 23.4703 178.234 2.26078 6.58132 51.5129 -1.012 -13 991 1 0 1
-9.20875 19.4208 178.234 1.53626 4.67311 42.3605 2.27182 -13 992 1 0 1
-12.4069 0.382543 178.234 -2.19946 0.0611163 69.0177 1.18452 -13 996 1 0 1
6.53528 9.06217 178.234 5.49427 2.66548 48.121 3.68243 -13 997 1 0 1
2.04937 -17.1467 178.234 4.22553 -4.88706 47.8301 0.734807 -13 1000 1 0 1
