#BLTrackFile NTuple/Z163
#x y z Px Py Pz t PDGid EventID TrackID ParentID Weight
#mm mm mm MeV/c MeV/c MeV/c ns - - - - -
-120.683 36.1272 162.663 -25.1961 12.2467 28.7989 1.87927 -13 70 1 0 1
-137.221 56.4612 162.663 -32.6274 17.8346 29.6458 2.37776 -13 192 1 0 1
-138.843 43.1711 162.663 -29.9765 13.9638 30.1572 1.5141 -13 597 1 0 1
-139.935 63.9238 162.663 -27.1498 13.1357 22.6187 1.08298 -13 607 1 0 1
-124.028 37.0481 162.663 -17.5887 7.29447 21.0408 2.67832 -13 627 1 0 1
-138.437 24.1737 162.663 -14.5397 5.99701 13.2467 1.87015 -13 835 1 0 1
-140.816 57.4445 162.663 -30.8024 18.8212 28.5553 2.02892 -13 920 1 0 1
-115.115 -19.6154 162.663 -25.3229 -6.75369 32.273 0.642912 -13 958 1 0 1
