#BLTrackFile NTuple/Z109
#x y z Px Py Pz t PDGid EventID TrackID ParentID Weight
#mm mm mm MeV/c MeV/c MeV/c ns - - - - -
5.99192 2.16555 109.345 -1.09597 -1.69132 81.0307 0.534091 -13 2 1 0 1
-7.07481 -3.17261 109.345 -9.14701 -2.40043 70.9006 1.51782 -13 3 1 0 1
-10.2991 -3.11694 109.345 -12.0375 -1.46196 74.0743 -0.170428 -13 6 1 0 1
-4.48718 -10.0702 109.345 -5.28531 -5.75224 60.6436 -0.209427 -13 7 1 0 1
5.5902 16.91 109.345 0.384779 11.0833 63.3296 1.77142 -13 9 1 0 1
-0.234237 -7.92744 109.345 -3.10271 -4.3867 66.72 1.33273 -13 10 1 0 1
3.57467 13.8703 109.345 -1.63117 9.61624 71.624 0.098072 -13 11 1 0 1
-15.5436 -12.5978 109.345 -17.1097 -3.60263 41.0947 2.38187 -13 12 1 0 1
11.4121 14.3456 109.345 2.25684 5.2896 39.1795 0.0707705 -13 13 1 0 1
12.5742 -11.0373 109.345 5.00635 -5.96121 67.9391 -0.889059 -13 14 1 0 1
10.2431 -7.30761 109.345 3.78345 -4.71528 67.4914 2.121 -13 15 1 0 1
-12.5478 16.0947 109.345 -10.9477 10.8384 62.531 0.014006 -13 17 1 0 1
-1.42467 -14.4177 109.345 -3.99277 -8.85623 63.9451 3.61525 -13 20 1 0 1
-14.9878 5.52195 109.345 -10.6663 4.54322 55.3421 -0.466066 -13 22 1 0 1
3.706 -3.80304 109.345 -1.23945 -1.31195 70.8052 0.921312 -13 25 1 0 1
-5.12645 4.03076 109.345 -6.78422 2.98756 68.1182 0.512145 -13 26 1 0 1
-2.2925 -2.58678 109.345 -4.74703 0.444858 66.3677 2.11071 -13 27 1 0 1
-1.14155 -19.5222 109.345 -5.02567 -14.0216 72.398 0.88473 -13 28 1 0 1
-11.0057 9.39514 109.345 -10.7324 7.38521 65.98 1.67101 -13 30 1 0 1
-7.89915 1.65359 109.345 -9.78188 1.93615 71.2519 0.355693 -13 31 1 0 1
-12.3721 3.37877 109.345 -10.3722 2.16702 61.391 0.194061 -13 32 1 0 1
-12.8213 -0.185274 109.345 -4.82208 0.30128 18.7943 2.67463 -13 33 1 0 1
-7.01855 9.01616 109.345 -7.73793 7.57706 65.472 -0.446906 -13 36 1 0 1
-3.63437 -9.99347 109.345 -8.01844 -8.87748 79.0498 -0.858028 -13 37 1 0 1
-3.78903 -18.6107 109.345 -4.95278 -11.7805 59.3893 2.15288 -13 38 1 0 1
-14.1958 8.96993 109.345 -9.89963 4.57288 50.6492 1.53338 -13 40 1 0 1
6.36861 22.117 109.345 0.876654 13.0059 61.4399 0.532271 -13 41 1 0 1
-4.87117 3.87817 109.345 -6.98502 1.33593 68.4239 1.89261 -13 42 1 0 1
-2.25912 1.49892 109.345 -3.5384 0.309094 55.8605 1.36746 -13 44 1 0 1
-4.28304 -10.1795 109.345 -6.61941 -6.80033 67.5122 1.04363 -13 46 1 0 1
-2.94591 15.9659 109.345 -4.55462 7.97508 59.3623 1.62404 -13 47 1 0 1
-11.7627 15.3567 109.345 -11.3418 11.8934 65.4956 1.35315 -13 48 1 0 1
-8.84732 -17.4622 109.345 -9.87645 -14.6266 68.6234 0.0885994 -13 49 1 0 1
4.80319 0.830091 109.345 0.349971 0.83917 42.93 0.209027 -13 50 1 0 1
0.411339 8.5366 109.345 -4.10511 4.83803 72.6568 0.318418 -13 51 1 0 1
-11.693 20.7638 109.345 -8.71626 11.7861 54.1572 0.81862 -13 52 1 0 1
4.06171 8.39622 109.345 0.14856 4.2203 56.9312 -1.64112 -13 53 1 0 1
-2.41044 15.3465 109.345 -2.96006 5.97774 42.4695 0.887637 -13 54 1 0 1
-11.4569 -7.08536 109.345 -12.0226 -5.64083 69.5068 1.53187 -13 55 1 0 1
-15.1104 -12.4219 109.345 -11.73 -4.17145 58.7024 0.265401 -13 58 1 0 1
-0.627837 -15.3289 109.345 -3.90006 -10.3998 67.2898 2.5968 -13 59 1 0 1
5.67643 24.4218 109.345 0.654012 14.8381 56.2213 0.974392 -13 60 1 0 1
-13.566 6.13487 109.345 -11.3251 4.50918 61.6366 -0.176516 -13 61 1 0 1
-4.10464 1.62345 109.345 -6.47908 2.51384 69.5715 0.0710377 -13 62 1 0 1
-0.506625 -12.7473 109.345 -2.50305 -4.50612 34.4416 1.18027 -13 63 1 0 1
-3.99452 -0.840847 109.345 -5.13277 -0.205644 60.1772 0.813313 -13 64 1 0 1
0.648797 2.46981 109.345 -2.71145 1.00231 65.7283 -0.805138 -13 65 1 0 1
-3.21861 2.42691 109.345 -6.04997 1.34315 71.1907 1.06237 -13 66 1 0 1
-0.260725 -4.99514 109.345 -2.71518 -2.09414 61.3159 -0.00999413 -13 67 1 0 1
-1.92343 21.8254 109.345 -3.19838 10.7553 53.2169 -0.222338 -13 68 1 0 1
-10.6642 -9.77616 109.345 -9.45891 -6.36585 62.2047 0.656826 -13 69 1 0 1
-9.93863 -10.6431 109.345 -13.2929 -11.2097 78.9572 0.809482 -13 70 1 0 1
-10.7521 6.66184 109.345 -8.61962 2.64412 59.2245 -0.776628 -13 71 1 0 1
6.93958 19.3414 109.345 1.18108 11.17 64.5984 1.76707 -13 72 1 0 1
-6.10377 -0.338591 109.345 -8.93307 -1.7783 73.9888 -0.311852 -13 73 1 0 1
-0.581858 14.3801 109.345 -2.85933 8.60217 58.3673 0.955087 -13 74 1 0 1
-1.54016 9.53031 109.345 -5.7016 6.38822 74.6827 -2.26132 -13 75 1 0 1
7.80697 2.89404 109.345 -0.283472 2.06037 79.8265 -1.13827 -13 76 1 0 1
-12.3206 0.749634 109.345 -9.62983 -1.05864 55.7736 3.10097 -13 77 1 0 1
-12.531 -0.00698313 109.345 -10.1877 -0.776214 58.9971 -0.0702954 -13 78 1 0 1
-1.82344 -5.72857 109.345 -4.18254 -3.90682 62.6508 2.1045 -13 79 1 0 1
-3.34255 -9.44902 109.345 -6.60453 -5.74058 72.0615 0.66717 -13 80 1 0 1
-1.91665 12.7117 109.345 -5.35742 11.2715 69.3483 0.712835 -13 81 1 0 1
-0.823938 0.610657 109.345 -3.00274 1.04683 62.5989 1.88988 -13 82 1 0 1
-0.319097 -0.559582 109.345 -4.48351 -0.987041 75.5307 1.75429 -13 85 1 0 1
-1.02222 -8.63498 109.345 -4.17538 -8.26199 67.8062 0.469434 -13 86 1 0 1
-7.32818 -18.986 109.345 -5.59817 -10.0178 49.3648 1.64468 -13 87 1 0 1
-11.0735 -9.69876 109.345 -10.9033 -6.38006 67.0256 0.25603 -13 88 1 0 1
0.0364898 -3.12258 109.345 -2.95095 -0.815003 62.0389 0.116463 -13 89 1 0 1
-2.80183 7.7172 109.345 -4.86326 4.81392 65.4489 0.488809 -13 90 1 0 1
5.92813 2.56787 109.345 1.26903 1.4572 55.2455 0.732761 -13 92 1 0 1
2.22404 1.40853 109.345 -1.04307 0.068634 59.1225 1.55058 -13 93 1 0 1
-3.34618 33.1654 109.345 -4.35052 17.4307 52.4183 -0.559567 -13 94 1 0 1
0.964506 4.74467 109.345 -2.96744 3.88554 70.2905 0.715496 -13 95 1 0 1
-2.99399 14.4537 109.345 -4.72977 9.92876 60.4343 -1.09805 -13 96 1 0 1
-2.07294 -0.731692 109.345 -3.05101 1.24826 57.6756 -0.306478 -13 97 1 0 1
-5.32488 -3.75656 109.345 -6.80323 -1.22001 66.9626 1.10883 -13 98 1 0 1
-10.2768 15.8468 109.345 -9.41838 9.96074 62.1439 1.20729 -13 99 1 0 1
4.78503 -4.89663 109.345 -0.182922 -1.74679 67.5206 -0.197518 -13 100 1 0 1
9.89959 0.227749 109.345 3.19323 -0.66049 68.48 -0.000316516 -13 101 1 0 1
0.351683 3.73815 109.345 -3.31229 2.25657 67.1653 0.591069 -13 102 1 0 1
14.2801 -1.36546 109.345 5.86705 1.2448 61.8848 -1.73518 -13 103 1 0 1
4.36546 -1.03164 109.345 -0.427185 -1.64905 67.5689 0.370772 -13 104 1 0 1
-11.8194 8.97094 109.345 -9.54977 7.59168 59.3166 -0.733712 -13 105 1 0 1
-6.1817 -9.67078 109.345 -8.21784 -6.9422 69.7318 -0.385563 -13 107 1 0 1
8.51398 10.474 109.345 2.48029 8.31827 63.2635 -0.106162 -13 108 1 0 1
-4.17421 3.15183 109.345 -6.0059 2.48024 67.2259 1.67306 -13 109 1 0 1
-10.6935 3.44101 109.345 -12.1618 2.82856 71.5733 0.3969 -13 110 1 0 1
-11.4309 -8.39606 109.345 -13.555 -4.87608 75.9146 0.34081 -13 111 1 0 1
3.9495 0.487258 109.345 -0.722685 -0.596287 56.3626 -1.10012 -13 112 1 0 1
1.58129 9.46948 109.345 -1.46756 5.00932 54.753 1.54391 -13 113 1 0 1
4.81406 -9.3845 109.345 0.201606 -6.29147 63.1901 0.639415 -13 114 1 0 1
8.30019 3.91545 109.345 2.17128 1.66946 49.6706 0.6501 -13 115 1 0 1
-7.86569 2.73643 109.345 -6.97055 2.08667 54.862 0.408311 -13 117 1 0 1
-0.157376 -13.5998 109.345 -1.91073 -7.88514 45.247 0.449634 -13 118 1 0 1
-6.2925 -5.77832 109.345 -8.14614 -3.35077 69.959 1.16202 -13 119 1 0 1
2.10737 -13.5725 109.345 -1.61006 -6.70413 60.9346 2.23887 -13 121 1 0 1
-11.9835 -8.38482 109.345 -13.8089 -5.57155 75.6918 1.25496 -13 122 1 0 1
-5.69257 -15.8002 109.345 -7.73808 -10.6282 70.1165 1.40812 -13 123 1 0 1
6.42695 -7.57289 109.345 -10.0473 -9.39566 24.0086 1.21239 -13 124 1 0 1
-8.39963 -1.36517 109.345 -11.935 -3.20634 78.0595 1.56307 -13 126 1 0 1
-1.6802 16.5911 109.345 -3.75066 9.04994 59.4948 -0.379811 -13 127 1 0 1
-2.90173 -6.91157 109.345 -4.80844 -5.90521 64.3944 1.0086 -13 128 1 0 1
7.46498 -3.95174 109.345 1.65493 -0.757908 50.3188 1.3899 -13 130 1 0 1
-3.64875 6.99884 109.345 -6.34962 4.80823 68.4407 0.189052 -13 131 1 0 1
-9.7841 3.51283 109.345 -11.3277 2.11336 72.9791 1.92121 -13 132 1 0 1
8.198 0.169452 109.345 2.35725 -0.294863 64.129 -0.655957 -13 133 1 0 1
7.28633 1.44455 109.345 0.83232 0.893774 75.7058 1.01299 -13 134 1 0 1
5.56257 3.20536 109.345 -0.0619915 0.732159 70.4633 1.4842 -13 135 1 0 1
14.3812 8.3763 109.345 5.62034 3.67762 55.9725 0.773981 -13 136 1 0 1
-15.1458 1.5806 109.345 -7.72799 -2.50341 48.78 2.1883 -13 137 1 0 1
-9.26896 26.0054 109.345 -7.59936 14.4042 53.5953 1.04867 -13 140 1 0 1
0.910135 -2.6877 109.345 -1.52894 -0.359571 51.6549 0.642258 -13 141 1 0 1
11.1344 7.36089 109.345 4.12608 6.11251 64.6798 2.57649 -13 142 1 0 1
-15.6744 -7.43504 109.345 -16.299 -12.9409 52.4462 -0.231382 -13 143 1 0 1
6.26661 -3.882 109.345 0.57883 -3.70456 71.8544 3.52119 -13 144 1 0 1
-2.2721 -31.5728 109.345 -3.91466 -16.8036 54.1087 2.42597 -13 145 1 0 1
4.76668 -8.34516 109.345 -0.0798823 -4.40516 65.9837 0.858321 -13 146 1 0 1
-6.07946 -3.44607 109.345 -6.97246 -2.30793 64.8345 -0.569268 -13 147 1 0 1
-13.1697 -12.3111 109.345 -12.7378 -6.92324 68.5099 0.866316 -13 148 1 0 1
7.81523 13.4917 109.345 1.60707 7.23605 56.3305 0.191761 -13 149 1 0 1
-0.374994 16.3921 109.345 -3.44007 11.2411 65.2111 0.454585 -13 150 1 0 1
-0.181628 -18.1274 109.345 -2.76329 -10.7652 56.3422 1.87177 -13 151 1 0 1
-1.08423 -3.23585 109.345 -3.63859 -2.32701 64.2897 2.73859 -13 152 1 0 1
-11.1849 -9.53664 109.345 -10.8848 -8.0025 66.7224 0.110234 -13 153 1 0 1
-13.6651 -12.0534 109.345 -15.7769 -9.45856 76.5889 -1.54239 -13 154 1 0 1
-14.6805 0.671753 109.345 -12.9567 -0.107984 65.4382 -0.857635 -13 155 1 0 1
14.7568 -9.90115 109.345 4.67724 -3.87649 46.3577 0.200544 -13 156 1 0 1
-6.53215 -1.94083 109.345 -6.85518 -0.246869 61.6724 0.506468 -13 157 1 0 1
-5.61902 5.69145 109.345 -10.2776 3.00078 78.7917 1.84255 -13 158 1 0 1
6.55581 0.0911451 109.345 0.743059 -1.51358 70.6908 2.10707 -13 161 1 0 1
-11.6491 9.54585 109.345 -11.8257 8.20495 69.074 -1.16274 -13 163 1 0 1
6.54449 -13.999 109.345 0.990502 -10.4113 65.6793 0.613565 -13 164 1 0 1
9.23523 16.2412 109.345 2.85169 10.1783 62.2808 1.17218 -13 167 1 0 1
-10.1258 11.083 109.345 -13.8673 9.42461 77.6765 1.60485 -13 168 1 0 1
13.3995 -9.76413 109.345 5.00533 -6.40266 57.9483 0.319318 -13 169 1 0 1
-13.6409 -4.14063 109.345 -12.6368 -3.32592 66.4703 -0.121266 -13 170 1 0 1
-6.96354 6.72473 109.345 -6.30244 2.91337 56.2833 0.21345 -13 172 1 0 1
10.233 -11.7893 109.345 3.60286 -7.15742 58.6949 0.732514 -13 173 1 0 1
-1.31595 9.75176 109.345 -4.24396 4.64914 68.4944 0.773913 -13 174 1 0 1
-14.7069 -11.5812 109.345 -9.00269 -6.47814 47.4178 0.500988 -13 176 1 0 1
-3.05183 -8.91206 109.345 -3.79556 -4.09776 52.3072 0.041506 -13 178 1 0 1
7.55129 -18.6035 109.345 1.4001 -14.1513 68.8884 -0.222758 -13 179 1 0 1
3.74233 -12.2064 109.345 -0.358907 -6.13251 52.2773 2.1684 -13 180 1 0 1
9.68773 20.1868 109.345 2.17112 9.98375 42.5385 0.749066 -13 183 1 0 1
-13.4453 -8.32139 109.345 -10.602 -5.84438 59.2031 -0.210036 -13 185 1 0 1
4.10264 9.7056 109.345 -0.306039 4.78054 43.3804 0.0609859 -13 186 1 0 1
1.00713 2.29124 109.345 -2.97912 3.69202 71.1868 1.65179 -13 188 1 0 1
-6.70269 4.68221 109.345 -11.131 5.76596 79.4369 1.33394 -13 192 1 0 1
-3.12048 18.7542 109.345 -5.78305 13.9886 68.5921 0.276278 -13 194 1 0 1
-2.88009 -0.196322 109.345 -4.32497 -0.029086 60.1305 2.82436 -13 195 1 0 1
4.02928 -2.75706 109.345 -3.3889 -4.44889 80.5259 3.05656 -13 196 1 0 1
-13.2599 14.1574 109.345 -11.1473 8.63944 62.1894 -0.367811 -13 197 1 0 1
13.8385 1.05819 109.345 4.544 0.634608 49.998 0.0403346 -13 198 1 0 1
-12.2949 -8.97341 109.345 -8.61007 -3.99823 50.0586 1.30066 -13 200 1 0 1
-9.17917 31.4419 109.345 -8.10833 17.1684 56.8895 -0.259577 -13 202 1 0 1
-5.38545 4.08693 109.345 -6.1673 1.6526 61.8281 0.821537 -13 203 1 0 1
-6.63154 4.77076 109.345 -5.60863 1.17778 49.5632 2.06286 -13 205 1 0 1
0.937907 19.2693 109.345 -1.87269 4.56087 22.0856 1.39916 -13 209 1 0 1
14.6277 12.9136 109.345 3.97436 4.67378 42.8041 1.30792 -13 211 1 0 1
-11.8566 24.0001 109.345 -12.9562 17.163 71.3039 2.6086 -13 212 1 0 1
-6.21521 14.5839 109.345 -8.97465 9.93852 74.5741 1.53569 -13 214 1 0 1
-0.906621 -10.4808 109.345 -4.80248 -9.67695 71.9028 2.25653 -13 215 1 0 1
-1.54566 -2.54503 109.345 -4.92315 -1.63951 70.079 1.66575 -13 216 1 0 1
-8.42954 -5.59614 109.345 -11.1373 -4.24715 76.8985 0.558189 -13 219 1 0 1
-0.982516 2.28582 109.345 -4.67268 0.564037 71.9782 2.92015 -13 220 1 0 1
12.9057 1.55057 109.345 5.29695 0.0960225 55.3437 1.59668 -13 221 1 0 1
-7.37067 13.4133 109.345 -9.23399 9.98503 71.6258 -0.242921 -13 222 1 0 1
-1.35254 18.7445 109.345 -3.13985 10.534 53.6803 0.373642 -13 226 1 0 1
-5.29947 -0.422407 109.345 -9.48994 -0.554556 77.7009 -1.37033 -13 228 1 0 1
-15.6302 1.4238 109.345 -12.5552 1.11994 53.6685 0.820491 -13 229 1 0 1
3.8863 -17.5063 109.345 -0.327881 -7.9307 45.7478 0.381175 -13 230 1 0 1
6.3976 3.00966 109.345 0.847273 1.96764 68.0317 -0.0287837 -13 234 1 0 1
2.67941 -9.19266 109.345 -2.42065 -8.28316 73.3668 0.846642 -13 235 1 0 1
12.4219 -27.0204 109.345 3.92323 -13.2729 51.7433 1.48332 -13 237 1 0 1
-5.34169 2.27217 109.345 -6.29291 1.18068 62.4532 0.707248 -13 238 1 0 1
6.70097 29.757 109.345 0.885547 13.5268 44.8657 0.41184 -13 240 1 0 1
7.677 3.9172 109.345 0.63286 1.42466 34.0411 1.69952 -13 241 1 0 1
-10.7237 -3.06186 109.345 -8.7814 -3.0738 58.0122 2.4834 -13 242 1 0 1
10.0873 -14.4343 109.345 3.43341 -8.7899 68.3925 0.48799 -13 243 1 0 1
-1.0678 6.10901 109.345 -5.51034 4.5479 75.6439 1.23937 -13 244 1 0 1
5.56 9.96932 109.345 -0.0323215 9.28404 71.5001 -0.106948 -13 245 1 0 1
-2.56583 7.0759 109.345 -5.60101 6.73258 70.463 0.394512 -13 246 1 0 1
-1.3832 -9.26296 109.345 -3.67642 -4.58233 60.8962 0.3219 -13 247 1 0 1
-8.86725 -9.1351 109.345 -9.40391 -5.98538 67.1754 1.28691 -13 248 1 0 1
5.84923 -11.7622 109.345 0.33296 -8.22834 68.4565 -0.886452 -13 250 1 0 1
9.48492 24.9392 109.345 2.86692 13.1093 61.7149 -0.364553 -13 251 1 0 1
9.3283 0.56848 109.345 3.22326 -0.352064 63.8141 0.913458 -13 252 1 0 1
-1.77265 18.7386 109.345 -5.47451 14.5418 70.5595 -0.746418 -13 253 1 0 1
-0.111577 7.77074 109.345 -2.36467 4.61835 54.3599 0.210606 -13 254 1 0 1
-6.94838 3.01005 109.345 -10.2063 3.74724 76.8642 0.528563 -13 255 1 0 1
-10.2809 6.41133 109.345 -7.72165 3.40342 52.0724 -0.210528 -13 256 1 0 1
-3.0067 -25.7783 109.345 -3.53929 -12.465 45.085 0.544308 -13 257 1 0 1
-3.85767 -0.433572 109.345 -5.50711 -0.954867 63.1231 0.772238 -13 258 1 0 1
3.76873 -1.26198 109.345 0.0577843 -1.7152 57.0925 -0.488408 -13 259 1 0 1
-9.09113 -6.52938 109.345 -10.4615 -6.0468 71.7327 0.305067 -13 260 1 0 1
-9.91571 14.9226 109.345 -8.74953 8.78171 59.2886 -0.453068 -13 261 1 0 1
2.14456 -1.0586 109.345 -1.14261 -0.271829 63.1706 2.75685 -13 262 1 0 1
9.63807 -9.67079 109.345 3.14623 -6.03223 63.3269 -0.82636 -13 263 1 0 1
-6.5366 -6.96835 109.345 -5.65117 -3.64558 50.3951 0.536707 -13 264 1 0 1
10.8925 10.3949 109.345 3.87883 7.29932 63.4617 1.35557 -13 265 1 0 1
4.6466 7.58123 109.345 -0.389354 4.18874 70.7085 1.20211 -13 266 1 0 1
-8.26038 3.98489 109.345 -8.25974 0.719512 63.0696 0.356998 -13 267 1 0 1
-4.23247 7.60281 109.345 -3.91689 4.00374 42.4513 -0.239824 -13 268 1 0 1
-11.9226 6.3022 109.345 -14.2141 2.71374 76.7586 1.06624 -13 269 1 0 1
-11.3987 -4.92879 109.345 -10.1235 -4.60295 63.0099 1.91867 -13 270 1 0 1
7.26861 -7.86001 109.345 0.666612 -7.65894 77.5828 -0.242247 -13 271 1 0 1
4.32609 -16.8661 109.345 -0.17002 -11.05 62.6395 2.25342 -13 272 1 0 1
1.88808 1.58202 109.345 -2.05379 2.3544 67.3513 -1.39997 -13 274 1 0 1
9.14106 -5.14461 109.345 2.56819 -4.03583 59.3931 0.389036 -13 275 1 0 1
9.91821 -11.4742 109.345 3.44198 -7.1657 57.8664 1.87816 -13 277 1 0 1
1.40856 3.9013 109.345 -2.00652 1.66173 61.4116 0.910312 -13 280 1 0 1
-5.01349 -5.14137 109.345 -6.97253 -2.42421 66.2577 -0.655299 -13 281 1 0 1
-7.27614 17.0288 109.345 -5.75819 8.88322 47.4083 -0.0356115 -13 282 1 0 1
6.95585 -18.5964 109.345 1.17138 -9.26235 49.8264 -0.83056 -13 283 1 0 1
-12.762 10.6831 109.345 -8.99248 3.97864 52.2014 0.39108 -13 284 1 0 1
-8.60138 0.883881 109.345 -6.80666 -0.660038 51.3633 -0.858733 -13 287 1 0 1
-4.01765 45.9766 109.345 -8.32751 34.6543 71.1599 0.352906 -13 288 1 0 1
-9.25182 16.0993 109.345 -11.9667 12.4853 76.4479 1.04953 -13 289 1 0 1
-3.09096 -14.8495 109.345 -7.15615 -11.9968 74.8068 1.04234 -13 291 1 0 1
-10.0312 0.626411 109.345 -11.3553 1.1533 71.9927 0.335664 -13 292 1 0 1
-12.581 -0.786079 109.345 -11.3146 -0.834357 64.4449 0.725674 -13 295 1 0 1
11.5579 -6.92668 109.345 3.90491 -4.49019 54.2249 3.26546 -13 297 1 0 1
0.298342 1.70224 109.345 -3.18 -0.111403 67.2154 -1.2371 -13 298 1 0 1
-14.7404 10.7403 109.345 -11.8301 5.59799 61.393 -0.108178 -13 301 1 0 1
-15.7159 9.8108 109.345 -5.69931 4.8074 26.2844 0.897436 -13 302 1 0 1
-6.34625 2.76615 109.345 -6.77781 3.2649 61.8383 0.664136 -13 303 1 0 1
-6.91646 9.70777 109.345 -7.8724 7.57257 65.0482 1.16872 -13 304 1 0 1
-9.57618 -4.37954 109.345 -9.58636 -3.91183 65.9162 -0.41332 -13 306 1 0 1
-5.84323 -24.0722 109.345 -7.80497 -18.4757 66.9277 -0.669929 -13 307 1 0 1
-8.78787 -19.6946 109.345 -10.6011 -14.1451 71.7842 0.684112 -13 308 1 0 1
-13.7367 8.07246 109.345 -12.2016 5.31545 64.5714 -0.222568 -13 309 1 0 1
9.50103 -3.92618 109.345 2.53309 -2.71821 72.3357 0.19805 -13 310 1 0 1
-2.39195 -17.0567 109.345 -3.02834 -4.09971 31.3924 -0.534865 -13 311 1 0 1
-8.6603 8.47729 109.345 -9.96209 6.70739 70.6311 0.43635 -13 312 1 0 1
-11.6974 -7.87646 109.345 -11.7216 -5.08372 66.9151 0.0227846 -13 314 1 0 1
10.3104 -1.78488 109.345 3.73969 0.357145 62.4452 -0.818566 -13 315 1 0 1
-2.79714 -32.3155 109.345 -3.86838 -16.603 50.4539 -0.488808 -13 316 1 0 1
-8.49709 -16.043 109.345 -8.40783 -10.5917 62.7517 1.39242 -13 317 1 0 1
-4.34424 -3.83531 109.345 -6.60599 -1.77703 68.8763 -0.817438 -13 318 1 0 1
-8.25548 9.3491 109.345 -9.8128 8.38178 69.3175 2.6093 -13 319 1 0 1
10.0858 1.25158 109.345 3.34343 0.9593 72.3584 1.17171 -13 320 1 0 1
4.67425 -1.60852 109.345 0.0252298 -1.31169 57.1352 -0.99075 -13 321 1 0 1
-11.1582 4.37405 109.345 -15.3523 4.10855 78.6273 2.40879 -13 322 1 0 1
6.56047 -6.32162 109.345 0.32326 -2.38284 75.9074 0.781703 -13 323 1 0 1
0.711007 12.1218 109.345 -2.61489 8.10879 65.6299 -0.0704579 -13 324 1 0 1
-1.08982 -7.26135 109.345 -4.82038 -5.72227 72.2983 0.556866 -13 325 1 0 1
-5.98991 13.2443 109.345 -7.58702 9.86049 68.1735 1.6778 -13 329 1 0 1
5.89921 -4.47463 109.345 -0.275304 -2.1148 76.6488 -0.294615 -13 330 1 0 1
-12.4473 5.97939 109.345 -5.35734 2.10036 24.9412 0.0232873 -13 332 1 0 1
5.19724 7.40678 109.345 0.363575 4.18426 48.965 4.77442 -13 333 1 0 1
-14.7403 -9.14275 109.345 -12.4318 -5.62335 64.4768 0.926189 -13 334 1 0 1
4.79847 -12.6723 109.345 0.108558 -8.72316 66.3572 0.921194 -13 335 1 0 1
-6.41803 -14.6717 109.345 -8.43128 -9.66818 68.0535 -0.0869583 -13 336 1 0 1
7.0762 -13.5488 109.345 1.31033 -9.07026 54.2333 1.5418 -13 338 1 0 1
-4.84242 -11.4669 109.345 -4.76513 -5.34386 49.9625 1.05395 -13 339 1 0 1
-0.773958 11.413 109.345 -4.01905 8.55737 69.0545 0.770604 -13 340 1 0 1
3.80638 1.25253 109.345 -1.7249 -0.734684 77.7391 0.48455 -13 341 1 0 1
-8.86424 8.43211 109.345 -10.8068 7.03788 72.6214 1.16472 -13 342 1 0 1
-2.04473 -6.91028 109.345 -4.0839 -5.91934 62.0637 0.230678 -13 343 1 0 1
9.89644 0.857501 109.345 2.72585 1.85926 49.9584 0.36956 -13 344 1 0 1
-7.00175 -1.06123 109.345 -8.1979 0.144135 68.4366 -0.287202 -13 345 1 0 1
-10.0223 -0.169736 109.345 3.41441 1.08202 25.932 1.40509 -13 346 1 0 1
-9.85974 1.80586 109.345 -10.0001 1.31464 67.582 -0.274656 -13 347 1 0 1
-6.08811 7.65657 109.345 -5.23537 5.83936 51.7708 0.161043 -13 348 1 0 1
7.81829 17.1311 109.345 1.76417 9.06936 56.5094 1.47357 -13 349 1 0 1
-0.464402 -7.80612 109.345 -3.43265 -4.76727 65.269 1.34734 -13 350 1 0 1
-8.81498 10.6276 109.345 -8.79673 6.36899 65.0555 0.339931 -13 353 1 0 1
-6.40618 13.5351 109.345 -5.87184 6.14885 52.8515 1.04978 -13 354 1 0 1
-12.6725 6.58556 109.345 -13.7933 5.19335 72.7559 0.0622427 -13 355 1 0 1
8.22265 14.3459 109.345 2.21413 9.82141 59.5185 0.881441 -13 356 1 0 1
-5.62108 2.67339 109.345 -4.55104 1.73203 41.8936 0.782996 -13 357 1 0 1
13.023 13.494 109.345 4.30288 8.19342 51.7658 1.26099 -13 358 1 0 1
4.22414 3.63434 109.345 -0.00716791 3.94772 62.2922 1.03774 -13 359 1 0 1
-13.6073 -6.93953 109.345 -14.3859 -4.97496 73.7569 -0.0802244 -13 360 1 0 1
1.22206 2.38191 109.345 -4.10055 2.99144 77.1302 0.387174 -13 361 1 0 1
-13.8219 0.262318 109.345 -12.112 -1.03444 64.7554 -2.21548 -13 362 1 0 1
-6.25113 7.23238 109.345 -9.19277 6.4658 74.62 0.216725 -13 363 1 0 1
-3.72148 -7.11826 109.345 -5.88509 -3.97592 64.3654 0.81374 -13 364 1 0 1
5.58509 11.0323 109.345 0.802004 6.45261 50.6986 -1.23658 -13 365 1 0 1
14.2423 -2.20582 109.345 4.59407 -1.21652 45.8778 2.95532 -13 366 1 0 1
13.0019 -5.28012 109.345 3.60746 -3.29134 41.8157 2.07748 -13 367 1 0 1
-9.4227 10.2431 109.345 -9.05509 7.32741 64.0942 1.12289 -13 368 1 0 1
-4.25861 -3.03873 109.345 -5.19852 -0.77933 60.124 -0.499237 -13 369 1 0 1
-6.44091 -8.2013 109.345 -7.15913 -4.80824 65.653 2.95439 -13 371 1 0 1
-5.62969 -15.4014 109.345 -5.09362 -9.9109 52.8409 1.46598 -13 372 1 0 1
-14.8862 -0.173674 109.345 -15.8915 0.610311 74.9834 1.15436 -13 374 1 0 1
14.9474 -9.32238 109.345 6.55898 -8.39876 78.31 1.70314 -13 377 1 0 1
-9.42456 -12.9375 109.345 -5.64387 -5.93753 37.2949 3.06408 -13 378 1 0 1
-7.33233 -23.6579 109.345 -8.6006 -16.9411 66.0379 1.21233 -13 379 1 0 1
5.76178 1.59511 109.345 0.842143 2.56799 60.065 1.76052 -13 381 1 0 1
6.85632 -13.5315 109.345 0.877899 -9.93817 72.4964 0.203735 -13 382 1 0 1
14.6818 4.89246 109.345 6.25916 1.81426 58.8411 -0.73132 -13 384 1 0 1
-6.15749 -5.69715 109.345 -7.31401 -5.20279 66.893 2.34018 -13 385 1 0 1
0.319031 -1.36472 109.345 -3.23184 -1.42424 70.014 2.4806 -13 386 1 0 1
-14.7753 -3.5383 109.345 -14.4029 -3.19943 70.1324 0.675046 -13 387 1 0 1
-1.85111 -1.70921 109.345 -3.09132 -0.560005 51.6848 -0.0898992 -13 388 1 0 1
-13.6543 1.65412 109.345 -11.3575 0.56737 62.7946 1.33757 -13 390 1 0 1
-5.16078 35.3747 109.345 -13.3007 20.2384 18.5707 0.803437 -13 391 1 0 1
-6.81304 18.2018 109.345 -7.0884 10.1701 59.9982 -0.196794 -13 394 1 0 1
-8.81393 18.3417 109.345 -10.8308 15.0076 73.3401 -1.11533 -13 395 1 0 1
15.074 7.04996 109.345 2.19203 -2.58684 59.6403 0.435107 -13 396 1 0 1
2.71947 -10.5524 109.345 -1.15845 -5.67081 59.9151 1.87566 -13 397 1 0 1
-3.08649 -2.85984 109.345 -5.45036 -2.4334 66.5261 1.43375 -13 398 1 0 1
-11.6792 -10.8696 109.345 -12.3443 -6.71072 70.0286 2.59925 -13 399 1 0 1
-1.88646 5.92254 109.345 -4.25813 6.38789 64.4023 0.556382 -13 400 1 0 1
5.24093 0.521474 109.345 -0.29205 0.787119 72.0038 0.319611 -13 401 1 0 1
-3.69764 14.0257 109.345 -4.47522 7.89494 57.7915 0.329461 -13 402 1 0 1
-5.39268 -33.6923 109.345 -7.32343 -24.4069 67.1086 0.807547 -13 403 1 0 1
4.8572 -15.4794 109.345 0.0205614 -11.5773 65.6356 1.7937 -13 404 1 0 1
-11.0075 -10.1592 109.345 -9.50028 -7.58639 59.1841 0.0375953 -13 406 1 0 1
-9.7276 -8.52701 109.345 -9.47454 -4.67075 65.0611 1.86424 -13 407 1 0 1
14.9054 12.6956 109.345 6.06318 7.64811 57.9438 2.43505 -13 408 1 0 1
8.15323 -2.32109 109.345 2.3072 -1.52345 64.4976 0.906527 -13 409 1 0 1
-10.9303 -8.72278 109.345 -12.7556 -6.52348 74.9471 -2.03891 -13 410 1 0 1
-13.5159 10.9279 109.345 -7.59696 3.14759 41.7535 1.34135 -13 411 1 0 1
-12.4805 -21.7827 109.345 -11.3839 -14.0315 63.1833 1.86002 -13 412 1 0 1
-13.3011 8.16193 109.345 -15.3492 5.48208 77.2367 0.614253 -13 413 1 0 1
5.19496 13.1057 109.345 0.302481 8.01631 57.2094 0.977327 -13 415 1 0 1
8.81858 -34.2277 109.345 1.27888 -13.1402 40.3187 0.705653 -13 417 1 0 1
-3.72037 5.24499 109.345 -6.21013 2.59957 69.2955 2.0309 -13 418 1 0 1
12.3019 -0.370386 109.345 4.8732 -0.0651255 64.342 1.09741 -13 419 1 0 1
-4.67804 -12.2364 109.345 -7.59679 -10.2158 72.9429 0.103846 -13 421 1 0 1
1.58936 31.6086 109.345 -2.38664 20.6315 63.7379 0.990999 -13 422 1 0 1
-8.76991 2.29083 109.345 -8.45253 2.03879 63.4812 0.526521 -13 425 1 0 1
-6.17868 4.33389 109.345 -9.17075 4.62265 73.3252 -0.882403 -13 426 1 0 1
11.1723 -10.3481 109.345 3.89261 -5.37419 63.5013 0.060495 -13 427 1 0 1
-11.784 16.9403 109.345 -10.9379 12.3723 64.2065 0.969315 -13 428 1 0 1
13.9907 -18.2839 109.345 5.57511 -11.1829 57.2867 0.52393 -13 429 1 0 1
-2.61961 -7.11236 109.345 -6.75316 -5.70206 75.4977 2.42167 -13 431 1 0 1
2.77096 7.1523 109.345 -1.51402 5.88339 67.8252 2.50696 -13 432 1 0 1
-5.75316 -14.3059 109.345 -7.89924 -11.7166 68.9974 1.93471 -13 433 1 0 1
0.936698 13.441 109.345 -2.12777 9.67356 59.2294 0.727177 -13 434 1 0 1
-1.39577 -0.13759 109.345 -4.41252 0.285693 67.252 -1.75524 -13 437 1 0 1
-10.4258 -1.07627 109.345 -7.85974 -0.419561 54.8431 2.5862 -13 438 1 0 1
-6.31485 -19.8155 109.345 -7.15975 -11.6477 62.3686 -0.540747 -13 439 1 0 1
3.34462 9.36985 109.345 -0.832859 6.21225 61.345 0.806295 -13 440 1 0 1
-14.9949 0.421082 109.345 -14.5755 0.129552 70.2748 1.90426 -13 441 1 0 1
-12.319 -1.45633 109.345 -11.08 0.761393 64.5775 0.429489 -13 442 1 0 1
0.590711 4.96104 109.345 -1.96715 4.50933 56.6285 1.65789 -13 443 1 0 1
6.92493 -1.56228 109.345 1.10993 -2.93879 69.5734 0.607835 -13 445 1 0 1
-10.7189 -10.5727 109.345 -10.8223 -5.70115 68.1841 -1.00902 -13 446 1 0 1
8.02852 2.02332 109.345 2.08753 1.42913 57.2987 0.170418 -13 447 1 0 1
-5.95645 3.9632 109.345 -7.8061 3.73998 70.1344 -1.46762 -13 448 1 0 1
-5.24264 0.121296 109.345 -5.09112 -0.539292 52.3474 0.458065 -13 449 1 0 1
2.54443 3.95205 109.345 -3.61119 1.74299 81.1178 0.571111 -13 451 1 0 1
-2.33701 -6.34334 109.345 -4.67499 -4.76643 67.5623 1.63971 -13 452 1 0 1
4.02473 -5.99439 109.345 0.158488 -3.25039 59.7645 0.257336 -13 453 1 0 1
-14.3532 5.79911 109.345 -9.08893 2.67849 49.791 2.02225 -13 454 1 0 1
8.58119 -5.84813 109.345 2.51662 -4.28969 55.6939 0.814169 -13 455 1 0 1
10.7388 17.8401 109.345 3.71585 12.0102 64.4811 -0.067506 -13 456 1 0 1
11.9942 7.12788 109.345 4.65862 5.2789 57.1518 1.41223 -13 457 1 0 1
4.94217 -32.5061 109.345 -0.202849 -17.1053 53.4497 -0.45205 -13 458 1 0 1
9.77204 10.6928 109.345 3.10763 6.5469 74.6648 2.19681 -13 459 1 0 1
-11.218 -0.257764 109.345 -10.6404 0.691354 64.5493 0.404395 -13 460 1 0 1
-15.0654 14.1818 109.345 -13.8534 11.7783 61.6728 0.91727 -13 461 1 0 1
-9.65446 0.693258 109.345 -9.13374 0.712521 63.4399 0.281474 -13 462 1 0 1
1.24731 -5.23375 109.345 -2.73414 -3.39559 68.9178 2.0173 -13 463 1 0 1
7.1343 29.6872 109.345 1.22065 18.2164 60.0598 0.451959 -13 464 1 0 1
2.71406 13.3405 109.345 -1.12749 8.09968 56.9277 0.951327 -13 466 1 0 1
12.6725 3.41961 109.345 2.98938 1.88084 37.2231 0.737185 -13 467 1 0 1
0.657443 -4.57686 109.345 -1.81215 -4.2162 56.43 -0.213723 -13 468 1 0 1
-8.97219 24.8506 109.345 -6.77347 12.2303 49.1835 1.14812 -13 469 1 0 1
1.60938 -10.1597 109.345 -2.19088 -5.73253 65.0714 0.105161 -13 470 1 0 1
-1.6912 17.0572 109.345 -2.97205 8.18255 49.0192 1.89258 -13 471 1 0 1
5.88703 -22.5592 109.345 0.380695 -9.67799 42.7189 1.9747 -13 472 1 0 1
-4.84584 -6.2842 109.345 -4.85709 -3.7292 55.0899 0.0226215 -13 473 1 0 1
9.20829 -11.1419 109.345 3.03485 -6.94468 61.9199 -0.02689 -13 474 1 0 1
0.431681 9.27894 109.345 -3.50587 7.53736 72.0574 2.11116 -13 475 1 0 1
-1.60216 18.8485 109.345 -4.05491 11.462 66.5656 -0.716588 -13 477 1 0 1
-7.03325 -7.31694 109.345 -7.42436 -4.12949 61.6638 -1.18974 -13 478 1 0 1
1.06748 -1.38238 109.345 -1.8176 -1.32336 48.0946 0.0927554 -13 479 1 0 1
9.54566 7.55762 109.345 2.83345 4.7991 55.0398 0.961736 -13 480 1 0 1
8.02933 -8.77215 109.345 0.953408 -3.0422 33.732 1.55431 -13 481 1 0 1
-1.57109 -14.5886 109.345 -2.69125 -7.86961 45.6316 1.14183 -13 482 1 0 1
-4.48069 -20.105 109.345 -5.34979 -12.8627 57.5438 3.38648 -13 486 1 0 1
9.53162 2.00446 109.345 2.80013 0.41274 69.1998 0.707875 -13 487 1 0 1
-3.84194 11.0138 109.345 -3.71367 6.43602 41.3082 2.15789 -13 489 1 0 1
-8.16261 -19.3047 109.345 -7.99543 -13.1916 61.683 -1.19776 -13 490 1 0 1
0.34756 -2.3089 109.345 -3.51003 -3.3101 70.4114 1.42884 -13 491 1 0 1
1.02522 7.50675 109.345 -2.20669 5.98822 61.3777 1.79719 -13 492 1 0 1
-2.01329 -5.70831 109.345 -2.73177 -2.84746 35.9235 1.01548 -13 494 1 0 1
2.90011 14.8112 109.345 -0.588689 4.66631 42.1506 -1.89045 -13 495 1 0 1
0.264992 -19.7856 109.345 -2.03954 -8.55151 43.3818 1.07067 -13 496 1 0 1
-0.992566 7.38217 109.345 -3.81741 5.02398 64.109 0.873874 -13 497 1 0 1
-11.4336 9.69826 109.345 -11.3673 6.9017 67.8549 0.158618 -13 498 1 0 1
-1.38211 8.02772 109.345 -3.03119 3.26541 52.0569 -0.141932 -13 499 1 0 1
1.45752 9.62121 109.345 -4.18447 6.67397 79.1374 0.242578 -13 501 1 0 1
-4.48159 -23.5123 109.345 -6.59651 -14.3219 67.9835 -1.03827 -13 503 1 0 1
-9.34809 -0.552469 109.345 -9.63059 0.215692 66.0927 0.882732 -13 504 1 0 1
-14.8378 -4.05659 109.345 -16.8926 -3.92227 77.4056 1.81157 -13 506 1 0 1
11.0809 29.1657 109.345 2.62297 14.0358 47.2582 1.20218 -13 507 1 0 1
9.51664 -13.7007 109.345 3.2473 -7.89491 63.3144 1.57516 -13 508 1 0 1
8.98379 -11.5622 109.345 2.28095 -8.0845 72.6252 0.571215 -13 509 1 0 1
1.5699 3.57604 109.345 -1.48581 2.61744 51.4856 1.80089 -13 513 1 0 1
-11.2922 -2.99399 109.345 -8.8015 -1.58608 54.3837 -2.82791 -13 514 1 0 1
-11.1188 3.2016 109.345 -8.87759 3.29992 55.8476 -1.30628 -13 516 1 0 1
-0.902482 -4.01198 109.345 -4.62397 -4.13117 72.297 -0.581919 -13 517 1 0 1
-7.0195 1.20013 109.345 -7.51697 1.36404 64.5224 1.39225 -13 518 1 0 1
-39.5538 3.67378 109.345 -35.1943 4.84696 16.7042 0.628152 -13 519 1 0 1
-2.84533 -8.57595 109.345 -4.18785 -6.38689 60.3175 3.12381 -13 520 1 0 1
-11.1645 -16.0835 109.345 -11.2949 -10.4798 68.6807 -0.919459 -13 521 1 0 1
-2.79941 6.77221 109.345 -7.87656 5.16013 80.1821 1.41602 -13 522 1 0 1
-12.0102 13.1893 109.345 -11.8729 8.14851 68.5386 1.41917 -13 523 1 0 1
-1.36729 -6.24957 109.345 -3.51862 -1.49879 61.8483 1.31131 -13 524 1 0 1
-1.23995 18.5776 109.345 -2.45927 7.04712 39.3283 1.48624 -13 525 1 0 1
-12.2524 17.4422 109.345 -9.89388 10.2958 58.049 1.63798 -13 527 1 0 1
-12.0364 6.4745 109.345 -8.67327 3.33904 53.4149 3.32898 -13 528 1 0 1
14.4604 -8.59933 109.345 6.30752 -7.96785 71.2096 1.33347 -13 529 1 0 1
-3.73794 7.25881 109.345 -5.66328 4.81424 66.7304 -0.0515403 -13 530 1 0 1
-5.27362 -5.54123 109.345 -5.61413 -2.94638 59.6022 1.58578 -13 531 1 0 1
3.34423 10.6427 109.345 12.9647 1.38986 25.4235 2.5521 -13 532 1 0 1
4.97661 -1.01386 109.345 -0.194959 -0.194094 70.3487 1.50595 -13 534 1 0 1
-0.63535 13.2241 109.345 -4.29173 11.5394 69.2081 -2.28751 -13 535 1 0 1
3.01617 0.89913 109.345 -0.832687 1.59238 55.1716 -0.283742 -13 536 1 0 1
8.75683 13.7727 109.345 2.93068 8.01786 62.4312 0.687923 -13 538 1 0 1
12.8361 -4.64858 109.345 4.92079 -3.07842 77.1915 1.88967 -13 540 1 0 1
-8.77379 14.0325 109.345 -10.1432 10.7734 69.711 1.48884 -13 541 1 0 1
1.95642 5.38248 109.345 -2.08343 4.39305 67.7172 0.558653 -13 542 1 0 1
7.66091 -9.06741 109.345 1.99985 -7.42852 66.9825 0.0336324 -13 543 1 0 1
2.90248 -3.86149 109.345 -1.04189 -2.84581 63.7982 0.993103 -13 544 1 0 1
-6.91178 -33.5106 109.345 -8.75621 -23.793 67.9592 1.70002 -13 545 1 0 1
-3.7677 -29.4099 109.345 -4.11229 -12.4361 42.8095 1.25163 -13 546 1 0 1
-6.73796 23.21 109.345 -5.95153 12.4836 51.0695 -0.0395976 -13 547 1 0 1
2.68394 8.35792 109.345 -1.28383 6.63443 61.827 2.84391 -13 548 1 0 1
2.29966 -6.88646 109.345 -1.17973 -2.80565 57.8996 3.17086 -13 549 1 0 1
2.69294 -10.074 109.345 -1.20711 -2.28987 35.3952 2.12481 -13 551 1 0 1
-14.913 4.83896 109.345 -11.6183 2.47311 60.4786 0.810619 -13 553 1 0 1
-0.250679 5.69949 109.345 -4.81995 4.26074 73.7131 1.75842 -13 555 1 0 1
-10.0569 15.0006 109.345 -8.25925 8.16206 55.5396 1.11614 -13 556 1 0 1
4.52432 -0.416942 109.345 0.00926109 -0.719217 61.6402 3.01006 -13 557 1 0 1
-9.21274 -5.26127 109.345 -8.49609 -4.05144 61.2372 -2.02578 -13 558 1 0 1
-0.357802 -6.31402 109.345 -4.23282 -5.57208 70.5413 0.190943 -13 564 1 0 1
-13.6148 -7.95369 109.345 -9.50124 -3.61562 52.68 0.840841 -13 567 1 0 1
-12.6649 12.8069 109.345 -12.6075 9.6279 69.7894 0.710843 -13 568 1 0 1
-2.97013 -8.78911 109.345 -4.77442 -5.69692 61.4213 2.37148 -13 569 1 0 1
-4.4284 -9.78532 109.345 -4.42253 -4.36172 52.0994 -1.7599 -13 570 1 0 1
-5.86584 26.8759 109.345 -3.7231 6.57093 22.0467 1.22295 -13 571 1 0 1
-2.56073 -8.27607 109.345 -6.36569 -7.37256 75.0752 0.362063 -13 572 1 0 1
-14.2426 -4.44308 109.345 -13.0186 -4.68149 67.4751 2.48431 -13 573 1 0 1
-1.45035 -4.51329 109.345 -4.70402 -3.17291 69.4353 0.713523 -13 575 1 0 1
-5.38826 3.11013 109.345 -7.12007 0.13422 68.273 -0.358146 -13 576 1 0 1
0.13183 -7.35674 109.345 -3.23784 -2.86743 65.6202 -1.42344 -13 577 1 0 1
-13.6994 19.1726 109.345 -13.8217 13.9063 70.5717 2.47133 -13 578 1 0 1
9.10489 -21.7429 109.345 2.87689 -13.5793 61.5528 0.332884 -13 579 1 0 1
10.3394 4.32995 109.345 3.63602 1.84375 62.6369 0.64274 -13 581 1 0 1
2.65592 -0.730349 109.345 -1.95685 -1.14902 71.3162 0.0807044 -13 583 1 0 1
6.73968 7.44103 109.345 1.02254 3.4912 64.6207 -0.200434 -13 584 1 0 1
-9.28453 -9.66355 109.345 -9.39014 -7.21658 64.0113 -1.49108 -13 585 1 0 1
-0.790125 -16.1003 109.345 -4.58729 -12.2182 70.8411 2.70965 -13 586 1 0 1
5.74928 0.286445 109.345 0.554223 1.20489 66.9714 -1.57795 -13 588 1 0 1
-4.29566 5.18046 109.345 -6.74668 3.02385 70.0242 -0.716035 -13 589 1 0 1
-14.691 -0.767875 109.345 -16.2419 0.515434 76.3977 3.08811 -13 591 1 0 1
-7.10808 -0.861758 109.345 -8.57956 -1.20027 70.8785 -2.08693 -13 592 1 0 1
0.302472 6.10099 109.345 -2.57081 2.11254 64.1793 2.5042 -13 593 1 0 1
-2.72371 -3.37133 109.345 -4.88849 -1.09044 63.8782 1.1493 -13 595 1 0 1
-2.7832 -13.3433 109.345 -8.04535 -11.2653 80.3346 -1.21992 -13 598 1 0 1
-13.8589 -1.84548 109.345 -8.37384 -0.847162 45.7527 -0.843473 -13 599 1 0 1
-5.6479 -17.2585 109.345 -5.03118 -8.81956 50.2416 1.23685 -13 600 1 0 1
1.70672 -0.0143658 109.345 -1.84395 -0.201384 59.5524 1.78713 -13 601 1 0 1
-2.83609 -2.89051 109.345 -4.63655 -1.63483 63.7566 1.21182 -13 602 1 0 1
9.78209 -4.34889 109.345 2.9527 -2.73168 47.927 0.873471 -13 604 1 0 1
-8.24725 -36.927 109.345 -7.55444 -20.4186 56.7303 0.699628 -13 605 1 0 1
8.06064 -3.01191 109.345 1.78922 -2.02441 67.1148 3.18873 -13 606 1 0 1
9.61614 17.7991 109.345 2.21342 15.1828 75.8459 -0.222886 -13 607 1 0 1
-13.1109 7.242 109.345 -12.1634 7.26239 66.4052 -1.09566 -13 610 1 0 1
-9.62918 1.4956 109.345 -7.46657 -0.234909 53.4364 1.58139 -13 611 1 0 1
14.6625 5.6283 109.345 5.57606 4.30042 56.9344 -1.5911 -13 612 1 0 1
14.0913 -15.1058 109.345 3.28913 -5.74903 38.8945 2.22103 -13 613 1 0 1
-2.77476 -7.51962 109.345 -4.62741 -5.95381 64.2515 0.29151 -13 614 1 0 1
4.81307 7.42265 109.345 -1.18052 6.72489 78.3135 0.317333 -13 616 1 0 1
-3.34611 -14.0309 109.345 -5.24954 -8.23605 63.3514 -0.0884119 -13 617 1 0 1
-9.93869 35.8264 109.345 -8.62445 20.8392 56.0847 -0.362037 -13 618 1 0 1
13.7967 21.9215 109.345 4.56773 11.9198 50.8234 1.43324 -13 619 1 0 1
-10.5401 4.66264 109.345 -13.1604 3.37579 76.7973 -1.66908 -13 620 1 0 1
-0.202833 -7.01735 109.345 -2.7394 -2.55895 59.952 1.31237 -13 621 1 0 1
9.39596 -40.7999 109.345 2.37697 -21.2138 55.2492 1.04504 -13 622 1 0 1
-5.56449 -0.301983 109.345 -5.9725 1.2389 60.48 0.333051 -13 623 1 0 1
1.47179 -1.84226 109.345 -1.91151 -2.08008 65.4996 0.301678 -13 624 1 0 1
3.48709 3.44363 109.345 -1.52952 1.48557 70.878 3.02559 -13 626 1 0 1
9.5059 -10.3017 109.345 3.1116 -6.9664 72.4539 0.712159 -13 628 1 0 1
-6.94999 21.5602 109.345 -7.35437 14.6463 64.2964 0.805811 -13 629 1 0 1
-3.2209 3.92697 109.345 -4.10297 2.65462 58.8984 -0.00730701 -13 631 1 0 1
-7.58138 -11.9374 109.345 -8.38677 -7.65846 66.1596 -0.907739 -13 632 1 0 1
6.73052 -0.596587 109.345 0.651114 -1.13371 72.3767 0.662101 -13 637 1 0 1
-1.69278 -20.0268 109.345 -4.47582 -12.9104 64.8028 -1.34751 -13 639 1 0 1
4.58217 10.3038 109.345 -0.449874 4.00885 39.1925 -1.27623 -13 640 1 0 1
13.6623 -16.1416 109.345 5.42805 -10.4767 61.8377 -0.683498 -13 641 1 0 1
0.868576 -13.418 109.345 -1.80577 -6.88027 57.5622 0.623385 -13 642 1 0 1
-9.0688 -16.8616 109.345 -10.2265 -11.91 69.4991 0.203693 -13 643 1 0 1
-14.602 -18.299 109.345 -9.6522 -9.521 48.745 2.9856 -13 644 1 0 1
1.76133 -14.7975 109.345 -1.49008 -8.03887 56.8534 1.66788 -13 645 1 0 1
5.80133 1.93037 109.345 0.708019 1.7587 68.4221 0.464363 -13 649 1 0 1
-6.83861 -8.24478 109.345 -9.36402 -5.0736 73.0268 1.50991 -13 650 1 0 1
-1.21304 3.81507 109.345 -4.42136 2.33758 67.9768 1.06529 -13 651 1 0 1
-8.81072 -7.07859 109.345 -9.13936 -5.0834 65.2308 1.58473 -13 652 1 0 1
-2.71338 -8.63083 109.345 -5.49137 -5.00339 68.129 1.19243 -13 653 1 0 1
6.45612 -5.91371 109.345 1.14508 -2.31853 40.8753 0.415739 -13 654 1 0 1
-10.9869 -22.27 109.345 -6.00225 -8.18644 33.5769 1.13896 -13 655 1 0 1
7.36022 0.626951 109.345 1.71465 1.80988 61.3023 1.21083 -13 657 1 0 1
-9.23824 -12.4717 109.345 -10.1458 -7.04633 68.182 2.78358 -13 659 1 0 1
-4.96944 -2.85161 109.345 -6.76581 -1.48302 66.4548 -0.940071 -13 660 1 0 1
-9.93562 -6.15544 109.345 -12.4901 -6.61916 75.4936 2.15411 -13 661 1 0 1
6.06899 5.42524 109.345 0.996337 3.83993 57.7562 1.06245 -13 663 1 0 1
-11.2817 -12.5336 109.345 -11.965 -8.24574 69.2998 2.28383 -13 664 1 0 1
-8.68064 -5.93137 109.345 -11.3071 -5.21759 76.0227 0.82049 -13 665 1 0 1
-6.04701 0.772894 109.345 -6.48032 0.795193 59.9727 -1.55464 -13 667 1 0 1
-1.89408 -20.1886 109.345 -4.41656 -13.4126 66.8357 1.94404 -13 669 1 0 1
1.10947 -13.7348 109.345 -3.21914 -9.50392 72.2217 0.561785 -13 670 1 0 1
12.9493 -19.6146 109.345 5.13872 -12.0281 62.3705 1.07301 -13 671 1 0 1
10.5726 14.9656 109.345 2.97164 8.17239 56.4994 2.18995 -13 672 1 0 1
-5.28805 36.404 109.345 -5.9032 20.1943 57.0713 0.969005 -13 673 1 0 1
14.4326 7.48956 109.345 5.5576 4.74637 62.3821 1.44258 -13 674 1 0 1
-9.12022 -20.8935 109.345 -8.5498 -13.4831 61.4291 3.76608 -13 675 1 0 1
-3.10031 12.5214 109.345 -6.11252 11.49 71.1362 2.08879 -13 678 1 0 1
-13.584 4.79707 109.345 -9.80996 1.97505 55.1443 -0.249526 -13 680 1 0 1
-6.3383 -6.76748 109.345 -8.67365 -7.46151 72.6433 -2.69976 -13 681 1 0 1
-10.6631 -29.2034 109.345 -5.59348 -10.7026 30.5789 1.05181 -13 682 1 0 1
-6.77335 -9.79869 109.345 -6.993 -5.67949 60.911 0.389256 -13 684 1 0 1
4.26541 15.407 109.345 -0.67128 10.9132 69.4825 0.970817 -13 686 1 0 1
6.27207 2.0078 109.345 1.09826 1.88069 53.5653 2.34128 -13 687 1 0 1
-7.38271 7.12274 109.345 -8.17184 3.64959 66.0433 0.543147 -13 688 1 0 1
10.023 -19.2676 109.345 3.33761 -12.4505 60.0654 1.61556 -13 690 1 0 1
-0.48512 0.433544 109.345 -3.63505 -0.914484 64.679 -1.37065 -13 691 1 0 1
-10.1901 4.14324 109.345 -9.27617 1.00985 61.4686 -0.344326 -13 692 1 0 1
5.07848 7.30907 109.345 0.126935 1.41749 50.8415 2.52049 -13 693 1 0 1
-10.0138 -13.4604 109.345 -9.72162 -7.20997 63.8828 2.95991 -13 694 1 0 1
-3.43052 12.9034 109.345 -5.19223 8.4244 64.1338 0.944339 -13 696 1 0 1
-10.2397 10.0326 109.345 -11.3797 7.80763 69.7164 1.09672 -13 697 1 0 1
-2.60374 -7.27353 109.345 -5.97493 -5.14426 71.9191 1.95107 -13 700 1 0 1
2.05071 12.8145 109.345 -2.13158 10.2125 69.8635 1.90608 -13 701 1 0 1
3.53385 2.89672 109.345 -0.649296 1.52523 44.5695 2.09773 -13 702 1 0 1
-16.083 7.71341 109.345 -7.68221 10.7019 57.3286 -1.68351 -13 703 1 0 1
8.96795 18.5947 109.345 2.69661 11.6499 56.7877 0.181186 -13 704 1 0 1
-2.3531 7.53506 109.345 -3.52376 3.54451 53.5258 2.09175 -13 705 1 0 1
-11.0606 6.19409 109.345 -8.1728 3.50897 53.7287 -0.925983 -13 706 1 0 1
-5.4867 4.10774 109.345 -7.94831 5.09434 71.7781 3.87795 -13 707 1 0 1
-6.73485 -9.69188 109.345 -7.41512 -7.23643 65.0111 0.677438 -13 709 1 0 1
-2.20638 -6.42787 109.345 -2.87709 -3.87269 44.0439 -0.183947 -13 710 1 0 1
3.91421 1.55567 109.345 -0.370739 -0.229863 50.8784 0.378779 -13 711 1 0 1
-2.51174 -10.5603 109.345 -5.4197 -7.01965 68.925 1.96333 -13 712 1 0 1
-8.75724 -12.3423 109.345 -12.6911 -10.8895 79.4354 0.538188 -13 713 1 0 1
-2.99444 0.647988 109.345 -3.6793 -0.679557 49.5284 2.37141 -13 714 1 0 1
10.3246 15.3412 109.345 3.20096 7.64387 50.4897 1.93452 -13 716 1 0 1
-6.26589 -5.86622 109.345 -5.50963 -3.43304 52.5571 2.4767 -13 717 1 0 1
-11.9699 0.568336 109.345 -12.5929 -0.493507 71.1446 1.50725 -13 718 1 0 1
0.998984 4.37327 109.345 -3.15722 4.2252 71.8198 0.463613 -13 719 1 0 1
-4.99014 19.069 109.345 -6.4328 12.529 64.886 2.685 -13 720 1 0 1
3.56229 -16.4453 109.345 -1.51128 -11.5288 70.9935 0.482218 -13 721 1 0 1
2.49113 -10.1914 109.345 -1.11732 -5.90021 53.4504 -0.847101 -13 722 1 0 1
-3.69782 -8.21743 109.345 -5.21031 -3.93905 61.241 -0.585647 -13 723 1 0 1
-3.34662 16.0859 109.345 -6.50531 10.8514 71.7767 2.56859 -13 724 1 0 1
-13.0949 17.3202 109.345 -9.74739 8.77518 54.2882 0.397049 -13 725 1 0 1
5.65238 5.11027 109.345 0.273712 2.4962 44.8433 2.7143 -13 727 1 0 1
5.22765 41.0914 109.345 -0.431761 17.2098 40.2928 0.531311 -13 728 1 0 1
-1.74707 -7.49011 109.345 -6.17984 -5.25274 75.9406 -1.27846 -13 729 1 0 1
-12.1929 -22.4631 109.345 -6.14115 -7.20011 34.5529 0.755348 -13 730 1 0 1
-12.8479 -8.20129 109.345 -12.5935 -4.97327 68.8739 -0.663034 -13 731 1 0 1
-10.6041 12.8447 109.345 -10.5797 7.83085 67.8507 2.59248 -13 732 1 0 1
1.94966 0.997664 109.345 -2.27817 -2.96813 71.4605 2.81257 -13 734 1 0 1
2.26325 11.9641 109.345 -1.14899 5.64275 47.0767 0.541041 -13 736 1 0 1
-10.1298 14.7525 109.345 -9.03866 8.75016 62.0381 2.67922 -13 737 1 0 1
12.2327 1.1038 109.345 4.45787 1.53458 58.8037 2.17004 -13 738 1 0 1
3.96427 -3.60394 109.345 -0.351416 -1.14638 59.4423 -0.515451 -13 739 1 0 1
-10.642 0.759147 109.345 -11.866 0.328879 72.1612 1.33604 -13 740 1 0 1
-8.81781 6.24556 109.345 -10.0222 5.28331 71.2514 1.89124 -13 743 1 0 1
-12.0218 10.5983 109.345 -9.08573 4.9564 54.8879 0.926648 -13 744 1 0 1
11.4933 15.5225 109.345 3.81704 10.7394 72.2542 2.51511 -13 745 1 0 1
-8.72391 -8.88887 109.345 -9.47603 -6.06054 67.5337 -1.23875 -13 746 1 0 1
-3.59696 -4.20778 109.345 -5.82724 -2.7047 67.8313 0.7552 -13 747 1 0 1
2.57186 -9.88311 109.345 -2.41084 -7.36659 72.9434 1.67934 -13 749 1 0 1
-4.0762 9.60805 109.345 -5.49666 3.30573 63.8015 1.30751 -13 750 1 0 1
-11.5183 15.3016 109.345 -8.38107 8.56102 51.7358 0.706877 -13 751 1 0 1
-7.99516 18.965 109.345 -8.60973 13.8101 66.0135 0.104227 -13 752 1 0 1
-6.81683 3.65193 109.345 -7.18023 1.15352 63.902 -0.439501 -13 753 1 0 1
3.14066 -2.12902 109.345 -2.16441 -2.14755 75.4539 -0.889087 -13 755 1 0 1
2.15174 10.0623 109.345 -2.10094 8.34099 67.9787 -0.462485 -13 756 1 0 1
-0.520722 -8.65057 109.345 -2.3153 -6.38535 56.439 1.00402 -13 758 1 0 1
10.0323 -16.9541 109.345 3.0448 -11.1116 62.2192 1.76043 -13 759 1 0 1
-0.498641 9.21345 109.345 -2.6433 4.88781 54.1811 0.867454 -13 760 1 0 1
0.120149 -11.2645 109.345 -2.74055 -5.97498 59.3615 1.31769 -13 761 1 0 1
14.843 9.28823 109.345 5.91798 6.99888 60.6652 1.88926 -13 763 1 0 1
3.0356 4.22092 109.345 -1.62356 3.33435 70.6014 -2.03141 -13 764 1 0 1
-7.4057 -9.00707 109.345 -7.43817 -6.25801 64.3697 0.0404948 -13 765 1 0 1
7.50323 -32.8378 109.345 -0.197232 -9.28823 26.8586 0.0329345 -13 766 1 0 1
-2.30309 -3.64842 109.345 -3.99119 -2.6211 58.5773 0.184307 -13 767 1 0 1
8.44417 -31.6903 109.345 2.10285 -20.7632 65.4231 1.2194 -13 768 1 0 1
1.80192 -2.22253 109.345 -1.1925 -1.82636 39.9062 0.957839 -13 769 1 0 1
-14.4444 -7.2257 109.345 -13.6786 -8.03787 69.4853 -0.479278 -13 770 1 0 1
-2.14886 -33.1007 109.345 -2.94158 -12.7589 37.037 0.219245 -13 771 1 0 1
6.82217 -1.29646 109.345 1.62286 -1.26926 56.0323 0.472298 -13 772 1 0 1
7.96027 0.445983 109.345 1.17426 0.704477 76.9725 1.04536 -13 773 1 0 1
-15.3624 -4.73124 109.345 1.45543 4.93228 36.243 1.58443 -13 774 1 0 1
-10.3178 10.647 109.345 -8.03001 6.0534 54.5734 3.18464 -13 776 1 0 1
-13.9765 -9.92837 109.345 -12.8087 -7.3242 66.301 0.551131 -13 777 1 0 1
-7.81188 17.0799 109.345 -5.80581 9.01465 45.3848 3.34207 -13 778 1 0 1
5.53044 -1.01352 109.345 0.867439 -0.458985 67.8674 -0.334489 -13 780 1 0 1
-9.01028 5.50354 109.345 -9.07046 2.78701 65.4915 0.472314 -13 781 1 0 1
-13.9833 -9.94815 109.345 -11.8693 -6.17122 62.1047 1.11368 -13 782 1 0 1
10.9953 -8.2327 109.345 3.87814 -4.37913 59.1888 1.6078 -13 783 1 0 1
-7.85026 -12.0878 109.345 13.024 -14.3059 35.4245 0.439852 -13 785 1 0 1
10.0995 -1.55759 109.345 3.36898 -2.74644 71.1688 0.991617 -13 789 1 0 1
-0.685044 -6.1159 109.345 -3.39985 -5.13654 60.1271 2.62455 -13 790 1 0 1
4.6925 -18.2439 109.345 -0.179853 -13.4627 67.4991 -0.843407 -13 791 1 0 1
-10.3439 -2.07884 109.345 -9.99136 -1.19863 66.1918 2.77014 -13 792 1 0 1
4.52736 -1.68523 109.345 -0.014546 -1.76586 53.2964 2.45187 -13 793 1 0 1
2.88782 -14.5091 109.345 -1.42174 -9.21541 69.2324 0.851809 -13 794 1 0 1
-4.42704 -1.60986 109.345 -4.16302 -1.98639 47.9673 -0.108145 -13 797 1 0 1
-4.87055 23.3795 109.345 -8.18451 17.5546 73.2137 2.54926 -13 798 1 0 1
-5.81564 8.75178 109.345 -6.58424 4.98149 62.5552 1.51036 -13 799 1 0 1
9.79751 4.78001 109.345 3.56146 1.35612 69.2801 2.79347 -13 801 1 0 1
-6.82738 -11.2859 109.345 -7.75601 -8.42152 65.7082 -0.699695 -13 802 1 0 1
0.000711742 3.08799 109.345 -4.71068 4.48093 75.6566 -1.15098 -13 803 1 0 1
5.36667 -3.36832 109.345 -10.9154 -4.35019 31.2494 0.323035 -13 804 1 0 1
-11.6385 -4.73822 109.345 -4.99259 -1.02866 22.135 1.02002 -13 805 1 0 1
1.71994 -0.748646 109.345 -1.51286 -0.765779 56.8165 1.62917 -13 806 1 0 1
-14.2819 -15.7 109.345 -12.4193 -9.51077 65.1267 0.978895 -13 807 1 0 1
-11.5307 -4.05367 109.345 -13.464 -3.97104 75.8048 -0.138732 -13 810 1 0 1
-0.709575 5.4326 109.345 -3.90203 4.61404 70.2549 0.344766 -13 811 1 0 1
5.79149 16.3352 109.345 0.662259 10.0989 56.5027 1.40456 -13 813 1 0 1
-4.05958 0.912575 109.345 -5.29656 1.77054 62.4434 1.30995 -13 814 1 0 1
6.38639 12.3677 109.345 1.11116 7.18946 55.4174 -1.40713 -13 815 1 0 1
-2.29827 -3.52065 109.345 -6.74139 -2.64615 76.636 2.01874 -13 816 1 0 1
-1.51693 -0.716623 109.345 -2.31406 -0.196316 39.8437 -0.850847 -13 817 1 0 1
2.46616 -17.5894 109.345 -0.904993 -9.36002 48.6424 0.603144 -13 820 1 0 1
-0.653759 3.78653 109.345 -2.51041 3.28209 53.5497 -1.08719 -13 821 1 0 1
-15.7747 5.74084 109.345 -18.0445 3.35275 68.0178 1.14912 -13 822 1 0 1
2.26428 -1.14752 109.345 -1.0233 -1.49496 57.8173 0.534234 -13 823 1 0 1
-11.7956 -7.7373 109.345 -10.255 -4.89917 60.3967 0.88112 -13 825 1 0 1
-1.82861 11.5951 109.345 -4.69365 8.98327 66.6525 -0.825663 -13 826 1 0 1
-1.09866 -18.2066 109.345 -3.57397 -12.2306 62.1031 3.25694 -13 827 1 0 1
-8.19093 4.04467 109.345 -8.19206 1.52809 64.0093 -1.87839 -13 828 1 0 1
13.6818 -34.4361 109.345 3.75102 -16.9771 48.1797 1.51497 -13 829 1 0 1
-1.37039 -15.1259 109.345 -3.96872 -10.0368 64.0139 0.418074 -13 830 1 0 1
1.91959 -4.1749 109.345 -2.02457 -3.61863 65.8095 2.55361 -13 831 1 0 1
-5.63533 -12.1983 109.345 -5.48081 -7.10276 55.2887 1.00125 -13 832 1 0 1
-6.43766 -5.64678 109.345 -6.94849 -3.67043 61.5393 0.965977 -13 833 1 0 1
-9.86218 -14.6003 109.345 -8.61861 -7.94706 59.8089 0.376273 -13 834 1 0 1
-10.5284 -18.428 109.345 -13.4103 -14.7912 76.1557 -0.417714 -13 835 1 0 1
6.23975 18.5186 109.345 0.484353 12.6833 65.4494 0.459486 -13 836 1 0 1
13.6738 -21.9344 109.345 5.52324 -12.7299 66.1602 1.60851 -13 837 1 0 1
4.17143 6.38444 109.345 -0.978728 3.0268 71.7856 -0.785754 -13 838 1 0 1
-3.94328 -13.704 109.345 -4.44638 -6.63792 55.194 0.230736 -13 839 1 0 1
-9.78412 -3.69336 109.345 -11.2421 -2.17721 72.6966 -0.43696 -13 842 1 0 1
-10.4081 -18.2689 109.345 -12.154 -15.509 72.4091 1.02859 -13 843 1 0 1
4.1887 -0.652894 109.345 -0.14224 0.386132 60.353 1.58469 -13 845 1 0 1
12.4036 -25.0159 109.345 2.18365 -8.68288 36.8625 1.33951 -13 846 1 0 1
7.28839 -11.254 109.345 1.65861 -4.33581 58.3462 -0.550291 -13 847 1 0 1
-10.3237 3.94545 109.345 -8.08351 1.28073 54.8631 -0.164359 -13 848 1 0 1
13.3932 -18.6143 109.345 5.36529 -12.4422 67.9414 -0.315473 -13 850 1 0 1
-11.7029 10.0776 109.345 -9.56298 5.25712 58.9271 0.136378 -13 851 1 0 1
7.5635 -2.21769 109.345 0.768643 -1.33979 75.8341 1.03276 -13 852 1 0 1
-8.81429 9.15212 109.345 -8.19465 5.59026 60.7753 1.68653 -13 853 1 0 1
-3.60137 2.67354 109.345 -6.52378 0.160178 69.5029 -0.269953 -13 854 1 0 1
-11.8841 16.0356 109.345 -10.086 9.88501 60.7942 0.723067 -13 855 1 0 1
0.809352 -2.67942 109.345 -2.44305 0.222961 65.8799 -0.300001 -13 857 1 0 1
-3.71095 -3.21546 109.345 -4.13397 -1.17806 55.1359 2.23052 -13 859 1 0 1
-9.33327 5.35753 109.345 -9.61699 3.77569 67.1642 1.88767 -13 860 1 0 1
-14.208 -6.99642 109.345 -15.3751 -5.67639 75.4393 -1.2892 -13 861 1 0 1
-5.4523 7.63912 109.345 -6.47152 5.54431 63.4763 0.503472 -13 862 1 0 1
-6.73882 1.74659 109.345 -6.95486 1.52387 62.2826 -0.0167514 -13 864 1 0 1
-10.2826 -8.216 109.345 -8.08755 -3.51642 54.7566 2.42915 -13 865 1 0 1
0.82014 21.256 109.345 -2.18299 13.0665 55.8741 0.584899 -13 866 1 0 1
6.42928 12.7033 109.345 0.344228 8.57704 74.2541 -0.114228 -13 867 1 0 1
-10.3089 1.83565 109.345 -13.3184 0.418265 77.5819 -1.10848 -13 868 1 0 1
-3.71243 -8.02663 109.345 -5.03298 -5.56109 59.6932 1.36455 -13 870 1 0 1
-1.46115 -26.1528 109.345 -4.31789 -17.441 64.4621 -0.600078 -13 871 1 0 1
-10.1641 -4.17637 109.345 -10.1831 -2.12748 66.9031 -0.557557 -13 872 1 0 1
3.06062 -1.11196 109.345 -1.62729 -1.79813 71.7201 -0.53119 -13 873 1 0 1
-9.78989 11.4743 109.345 -9.90251 7.88575 66.058 3.1554 -13 874 1 0 1
-12.7652 -8.24017 109.345 -10.9319 -5.59039 61.9971 0.807269 -13 875 1 0 1
1.07209 15.2469 109.345 -3.75665 10.7931 74.4021 0.535055 -13 876 1 0 1
1.37984 16.2743 109.345 -2.32759 13.4068 68.2548 -1.44264 -13 877 1 0 1
-3.48895 15.0595 109.345 -6.77946 12.3837 72.32 -3.164 -13 878 1 0 1
4.92433 -10.5942 109.345 0.0535487 -7.59713 68.4478 1.37083 -13 880 1 0 1
0.194779 -10.7306 109.345 -2.38966 -6.13011 56.733 2.44696 -13 881 1 0 1
13.3449 26.8141 109.345 5.17663 19.5783 73.2691 -0.0198303 -13 882 1 0 1
12.6014 24.3998 109.345 4.33809 16.3819 63.3946 0.234332 -13 883 1 0 1
1.42299 -3.65653 109.345 -4.24343 -5.38337 79.5563 2.8398 -13 886 1 0 1
-1.19197 6.86846 109.345 -2.81183 2.77197 55.5322 0.658137 -13 888 1 0 1
-7.57068 -6.87796 109.345 -6.81254 -3.65226 56.8843 -0.0203999 -13 889 1 0 1
6.35334 -22.0051 109.345 0.703783 -15.2762 67.5319 -0.600556 -13 890 1 0 1
-1.06227 -3.25134 109.345 -2.45701 -0.92006 34.6635 -0.257758 -13 891 1 0 1
-7.99166 -3.13083 109.345 -9.49423 -0.517376 71.2186 0.955324 -13 892 1 0 1
7.52 -6.611 109.345 1.15541 -4.52824 76.2909 0.467757 -13 894 1 0 1
-13.5094 21.457 109.345 -12.6692 15.1508 67.1511 -1.14282 -13 896 1 0 1
-8.48676 -10.1332 109.345 -6.61665 -4.88458 48.4962 -1.10386 -13 897 1 0 1
-0.247822 -2.4913 109.345 -2.72689 -0.915715 55.5469 -0.0946997 -13 898 1 0 1
2.14008 1.69371 109.345 -2.06559 -0.250689 68.5764 1.09554 -13 901 1 0 1
-4.05098 -15.8793 109.345 -7.55572 -9.22967 74.102 1.64626 -13 903 1 0 1
3.35924 -3.77739 109.345 -0.810831 -3.4179 58.8607 2.50459 -13 904 1 0 1
-1.49704 15.7233 109.345 -4.47261 9.52426 67.4454 0.823204 -13 907 1 0 1
-14.9267 -14.8192 109.345 -7.61803 -5.44186 36.1012 1.02191 -13 908 1 0 1
-3.38098 -12.7547 109.345 -6.87524 -8.03449 72.5825 1.17331 -13 909 1 0 1
-8.152 -7.46335 109.345 -9.48311 -5.45008 69.8221 0.334034 -13 910 1 0 1
-6.43017 36.6071 109.345 -5.32689 15.9432 41.64 0.114407 -13 911 1 0 1
3.43701 23.5381 109.345 -1.13754 11.5845 54.7084 -0.206334 -13 912 1 0 1
-7.51982 14.6471 109.345 -12.1281 13.6906 78.1447 1.76894 -13 913 1 0 1
2.9393 -14.2185 109.345 -1.03595 -8.0277 61.4024 -0.314859 -13 915 1 0 1
-12.0949 15.7518 109.345 -6.92536 6.92344 40.0287 0.533321 -13 917 1 0 1
-9.69507 5.49662 109.345 -9.52387 2.7435 65.7095 -0.0885881 -13 919 1 0 1
-15.8911 -1.34211 109.345 -25.8438 3.85078 61.4843 0.915023 -13 920 1 0 1
7.93972 -2.60342 109.345 0.616015 -2.20535 34.3881 1.22733 -13 921 1 0 1
-15.4641 -16.3414 109.345 -13.7044 -16.6013 68.6607 2.90495 -13 922 1 0 1
-15.2957 -0.423671 109.345 -14.9361 8.48484 44.1686 0.408797 -13 923 1 0 1
-5.96434 5.24062 109.345 -7.50514 2.66958 67.9762 -0.542309 -13 924 1 0 1
-7.11388 10.991 109.345 -7.46631 7.14333 62.1033 0.906626 -13 925 1 0 1
-11.7474 7.58008 109.345 -13.8771 4.99566 76.1356 1.8415 -13 926 1 0 1
-7.50183 -4.84974 109.345 -7.92621 -1.74863 67.3878 1.05765 -13 927 1 0 1
1.10481 -6.91302 109.345 -1.85079 -4.46762 58.0609 0.330897 -13 928 1 0 1
-4.2904 1.26532 109.345 -6.62095 0.822831 70.4422 1.82595 -13 930 1 0 1
9.93494 -2.59242 109.345 3.17849 -2.77368 63.1785 2.52504 -13 931 1 0 1
-11.5808 -12.0533 109.345 -8.32329 -6.48983 51.3025 2.50202 -13 932 1 0 1
4.18798 17.5621 109.345 -0.77579 13.132 68.1859 1.53424 -13 933 1 0 1
-10.75 5.21525 109.345 -12.3828 4.55514 73.59 -0.0784527 -13 934 1 0 1
-8.01089 -5.71937 109.345 -10.1656 -2.60172 72.6692 0.266215 -13 938 1 0 1
-8.00284 -5.14015 109.345 -7.44941 -3.10452 60.7491 -0.00561274 -13 939 1 0 1
-6.63297 4.69829 109.345 -6.66456 3.55312 60.093 0.508506 -13 940 1 0 1
-11.9063 8.43857 109.345 -11.0517 6.68371 65.6491 0.729932 -13 941 1 0 1
12.1044 -2.75144 109.345 4.49073 -2.04275 72.2021 1.03574 -13 942 1 0 1
4.21121 -5.94729 109.345 -0.645062 -3.47767 67.7886 1.92137 -13 943 1 0 1
-7.33852 4.12915 109.345 -5.98934 3.54511 52.3378 0.170712 -13 944 1 0 1
-2.38657 21.5537 109.345 -5.74113 16.4839 70.2467 1.3814 -13 945 1 0 1
-7.42523 11.8801 109.345 -5.54852 5.39177 44.5729 -0.0570679 -13 946 1 0 1
7.16697 0.358454 109.345 1.58318 1.36667 65.3431 -0.660287 -13 947 1 0 1
10.8159 -9.24923 109.345 3.12356 -3.9936 50.8656 1.9234 -13 948 1 0 1
-9.05597 8.33104 109.345 -8.86746 4.773 65.1502 0.584363 -13 950 1 0 1
5.30048 -8.14755 109.345 0.466709 -4.922 59.4668 3.22204 -13 952 1 0 1
-1.21291 -8.98653 109.345 -3.75144 -5.72815 59.4029 0.820491 -13 953 1 0 1
-3.68591 -28.6806 109.345 -4.47192 -15.5268 54.2088 0.369334 -13 954 1 0 1
2.22328 -7.85506 109.345 -1.59287 -6.56143 60.7546 1.09075 -13 955 1 0 1
-9.61006 4.90857 109.345 -7.63927 1.53375 53.7474 0.507138 -13 956 1 0 1
14.4632 -9.95797 109.345 5.88993 -6.55785 62.0339 0.949284 -13 959 1 0 1
-14.6537 -3.41324 109.345 -15.04 -3.04572 72.5429 -1.52148 -13 960 1 0 1
5.849 -4.43508 109.345 1.17224 -1.69522 56.1511 0.773237 -13 961 1 0 1
8.22015 -4.6255 109.345 1.03839 -1.76001 35.4889 1.56455 -13 962 1 0 1
-5.54123 0.83449 109.345 -5.94943 0.0546658 61.7345 2.49659 -13 964 1 0 1
-8.91674 -13.2759 109.345 -8.89785 -9.09855 63.7478 1.95427 -13 965 1 0 1
5.43958 -3.17147 109.345 0.832478 -1.12409 54.3373 1.17894 -13 967 1 0 1
2.12882 -11.3891 109.345 -0.835689 -6.17896 50.119 1.23065 -13 969 1 0 1
6.50123 -11.6351 109.345 1.01439 -8.25212 64.5162 0.471882 -13 970 1 0 1
3.40134 3.12675 109.345 -0.925592 3.73884 68.409 -0.617026 -13 971 1 0 1
-13.5655 -2.49832 109.345 -6.71894 -0.390028 32.4992 0.151653 -13 973 1 0 1
-11.0821 7.57751 109.345 -10.9953 5.36753 68.3146 -0.0852112 -13 974 1 0 1
-13.8015 -0.182354 109.345 -14.1958 2.14988 72.9651 2.16989 -13 975 1 0 1
-15.7234 -19.499 109.345 -18.9161 -16.4885 37.2744 0.97078 -13 977 1 0 1
-14.9872 -3.87181 109.345 -14.6159 -3.51974 69.9448 -0.892701 -13 979 1 0 1
-12.8182 -16.7309 109.345 -11.1349 -11.5692 61.2174 -0.0928525 -13 981 1 0 1
0.572641 15.5216 109.345 -2.58113 9.10987 64.1547 -0.0983206 -13 982 1 0 1
-10.3431 5.86879 109.345 -11.3223 6.42601 70.7449 0.215148 -13 983 1 0 1
2.11872 11.3721 109.345 -1.34693 7.10762 59.9436 1.48348 -13 985 1 0 1
0.416302 -26.2232 109.345 -2.68567 -16.1991 59.807 1.04544 -13 987 1 0 1
0.0536988 -10.2016 109.345 -3.41739 -6.51136 69.7142 1.61571 -13 989 1 0 1
-7.161 -8.22054 109.345 -8.50529 -7.48855 69.1774 0.830993 -13 990 1 0 1
5.17583 -12.1215 109.345 0.885032 -5.80996 50.1125 2.33057 -13 993 1 0 1
7.51173 4.76406 109.345 1.83456 3.46767 64.4274 -1.22087 -13 995 1 0 1
-15.0676 0.593542 109.345 -15.9338 -1.81654 65.5914 0.769891 -13 996 1 0 1
-14.5706 -0.362795 109.345 -9.11159 -0.0141796 46.2468 3.15309 -13 997 1 0 1
9.00916 -3.1083 109.345 2.60474 -1.49504 56.9599 0.611906 -13 999 1 0 1
-11.3621 -9.03881 109.345 -7.62138 -4.3001 46.9732 0.187511 -13 1000 1 0 1
