#BLTrackFile NTuple/Z91
#x y z Px Py Pz t PDGid EventID TrackID ParentID Weight
#mm mm mm MeV/c MeV/c MeV/c ns - - - - -
-9.65543 -9.63303 90.5569 -10.1412 -7.46556 71.9256 -0.651223 -13 1 1 0 1
8.53844 2.55989 90.5569 4.79199 -1.68548 80.8965 0.431626 -13 2 1 0 1
-2.40672 -2.38593 90.5569 -3.58429 -2.27836 71.4834 1.40373 -13 3 1 0 1
-13.1823 -4.96537 90.5569 -15.2229 -2.95814 76.8329 0.840814 -13 4 1 0 1
-14.6219 -0.213854 90.5569 -10.4644 -1.44503 59.9307 1.05265 -13 5 1 0 1
-8.19048 -2.06327 90.5569 -9.3031 -0.839933 74.417 -0.279297 -13 6 1 0 1
-0.0148941 -7.88612 90.5569 0.469489 -5.47744 61.1972 -0.337999 -13 7 1 0 1
8.55698 13.4222 90.5569 6.44154 10.9116 63.1342 1.64976 -13 9 1 0 1
3.4553 -7.20349 90.5569 2.83327 -4.79827 66.6819 1.21597 -13 10 1 0 1
6.95776 3.37325 90.5569 4.59363 2.53969 71.1717 -0.0129649 -13 11 1 0 1
-0.577611 -13.8527 90.5569 -0.0788941 -11.4729 61.2513 2.23721 -13 12 1 0 1
13.9548 12.3302 90.5569 7.6072 5.52904 38.7262 -0.107662 -13 13 1 0 1
13.9644 -9.28517 90.5569 10.9077 -5.84109 67.3468 -1.00331 -13 14 1 0 1
16.0364 -9.957 90.5569 11.8824 -6.21424 34.0067 2.01618 -13 15 1 0 1
-6.03223 13.3703 90.5569 -4.81261 11.3851 63.4541 -0.112836 -13 17 1 0 1
-9.17631 -12.2855 90.5569 -4.93239 -8.82002 51.8177 2.01595 -13 18 1 0 1
2.49835 -11.6665 90.5569 1.81916 -8.77401 64.1749 3.49314 -13 20 1 0 1
-8.11775 4.35416 90.5569 -4.85822 4.86802 56.447 -0.606462 -13 22 1 0 1
6.74639 -3.72243 90.5569 4.7345 -1.54878 70.7226 0.809189 -13 25 1 0 1
-0.660736 3.4176 90.5569 -0.98634 3.18182 68.5177 0.395414 -13 26 1 0 1
1.32509 -2.87413 90.5569 0.708828 0.305069 66.6414 1.99212 -13 27 1 0 1
2.92712 -15.9648 90.5569 1.11394 -14.1273 72.6167 0.772819 -13 28 1 0 1
-5.26513 7.38968 90.5569 -4.94028 7.52236 66.7702 1.54993 -13 30 1 0 1
-2.74875 1.48929 90.5569 -3.91846 2.25835 71.8899 0.241814 -13 31 1 0 1
-6.74939 3.17146 90.5569 -4.94186 2.55612 62.2647 0.0660629 -13 32 1 0 1
4.00535 -0.520605 90.5569 2.23398 0.395231 25.2431 2.0002 -13 33 1 0 1
-1.05816 6.50138 90.5569 -1.06103 7.34508 66.0797 -0.568285 -13 36 1 0 1
0.646927 -7.86886 90.5569 -2.07867 -8.90612 79.5646 -0.964147 -13 37 1 0 1
0.998772 -14.4214 90.5569 1.08584 -11.501 59.8163 2.02243 -13 38 1 0 1
-6.71858 8.05594 90.5569 -3.90209 5.15793 51.6809 1.38286 -13 40 1 0 1
9.15471 18.305 90.5569 6.85468 13.1107 61.1754 0.408026 -13 41 1 0 1
-3.4631 2.42792 90.5569 -3.78888 0.385652 68.2549 1.77933 -13 42 1 0 1
-12.9138 -3.51239 90.5569 -16.36 -3.62308 78.2473 0.805909 -13 43 1 0 1
3.80345 3.27945 90.5569 3.45091 1.66153 56.5768 1.22898 -13 44 1 0 1
-0.695509 -9.38587 90.5569 -1.53705 -7.73019 67.7623 0.926983 -13 46 1 0 1
1.44319 13.3823 90.5569 1.23759 7.9736 59.722 1.49432 -13 47 1 0 1
-5.75999 12.0508 90.5569 -5.47727 12.0772 66.3091 1.23106 -13 48 1 0 1
1.96177 -16.6874 90.5569 0.707146 -17.6351 69.6771 -0.0299964 -13 49 1 0 1
8.03518 -0.61941 90.5569 5.74144 0.254412 42.8516 0.0415113 -13 50 1 0 1
-2.81083 4.73025 90.5569 -4.33176 2.56473 72.7313 0.207817 -13 51 1 0 1
-5.88962 17.2129 90.5569 -3.19917 12.275 54.8741 0.677766 -13 52 1 0 1
7.44755 6.97533 90.5569 6.17635 4.19389 56.7127 -1.77219 -13 53 1 0 1
3.27324 13.0918 90.5569 3.00646 6.26101 42.8835 0.71509 -13 54 1 0 1
-3.85206 -5.60804 90.5569 -4.66553 -5.74392 70.4916 1.41424 -13 55 1 0 1
-6.59959 -12.4418 90.5569 -4.94044 -8.70559 62.7356 0.135873 -13 58 1 0 1
0.645903 -10.6944 90.5569 -0.102572 -9.01604 67.6688 2.47774 -13 59 1 0 1
8.6158 18.9477 90.5569 6.56037 14.4789 56.0991 0.839845 -13 60 1 0 1
-4.67621 7.84891 90.5569 -3.56136 7.0117 62.7741 -0.305487 -13 61 1 0 1
0.690621 1.3442 90.5569 -0.249493 2.87213 70.032 -0.044297 -13 62 1 0 1
4.31767 -10.3123 90.5569 2.61608 -4.59949 35.0221 0.966963 -13 63 1 0 1
0.170593 -0.799924 90.5569 0.419659 -0.193154 60.3234 0.686781 -13 64 1 0 1
4.0724 2.40702 90.5569 3.04419 1.19729 65.797 -0.923829 -13 65 1 0 1
-0.521016 2.24966 90.5569 -1.45996 1.50772 71.4138 0.949941 -13 66 1 0 1
3.55402 -4.21343 90.5569 3.15922 -1.99151 61.4332 -0.13521 -13 67 1 0 1
2.42506 18.0883 90.5569 2.60275 10.8496 53.4001 -0.363018 -13 68 1 0 1
-5.04944 -8.15873 90.5569 -3.72471 -6.66006 62.9019 0.530819 -13 69 1 0 1
-4.388 -7.85293 90.5569 -7.35503 -11.1656 79.8017 0.702144 -13 70 1 0 1
-3.5455 2.9245 90.5569 -1.70569 0.605427 60.354 -0.910654 -13 71 1 0 1
9.45477 16.2564 90.5569 7.10445 11.2785 64.3025 1.64762 -13 72 1 0 1
-1.43021 0.239887 90.5569 -3.13505 -1.66558 74.5624 -0.422652 -13 73 1 0 1
3.34724 11.4915 90.5569 2.95091 8.53574 58.5219 0.824531 -13 74 1 0 1
2.41715 7.859 90.5569 0.245257 6.35425 75.0078 -2.37082 -13 75 1 0 1
10.2018 2.41336 90.5569 5.60344 2.06171 79.6301 -1.24157 -13 76 1 0 1
-5.09431 -1.18271 90.5569 -3.27828 -2.71746 56.839 2.96149 -13 77 1 0 1
-6.12507 -1.37992 90.5569 -4.34209 -1.96786 60.0139 -0.203225 -13 78 1 0 1
2.59024 -4.33609 90.5569 1.88278 -3.73956 62.8924 1.98081 -13 79 1 0 1
1.68844 -7.8151 90.5569 -0.0325931 -5.64795 72.4701 0.554724 -13 80 1 0 1
2.49143 9.70858 90.5569 0.821235 11.3642 69.6999 0.597169 -13 81 1 0 1
2.21777 1.41755 90.5569 2.24479 1.93952 62.7216 1.7666 -13 82 1 0 1
-12.1224 21.0656 90.5569 -10.573 18.7423 66.4585 0.568455 -13 83 1 0 1
3.22727 0.492259 90.5569 1.40313 -0.245175 75.696 1.64626 -13 85 1 0 1
3.00578 -6.0779 90.5569 1.86514 -8.05378 68.0163 0.35258 -13 86 1 0 1
-2.49967 -14.8144 90.5569 -0.317732 -9.9002 50.0192 1.49181 -13 87 1 0 1
-5.80216 -7.45111 90.5569 -5.46599 -6.05515 67.8289 0.136282 -13 88 1 0 1
3.67734 -3.07834 90.5569 2.76077 -0.978018 62.1969 -0.0078477 -13 89 1 0 1
1.28392 5.97675 90.5569 0.931147 4.53731 65.7475 0.368765 -13 90 1 0 1
-12.3824 -4.18197 90.5569 -9.54892 -3.66942 63.5588 1.4414 -13 91 1 0 1
8.2975 2.57693 90.5569 6.76749 1.81095 54.9767 0.59847 -13 92 1 0 1
5.21328 0.856305 90.5569 4.5094 -0.327044 58.9903 1.42301 -13 93 1 0 1
2.29437 26.7213 90.5569 2.11291 17.399 52.7544 -0.703834 -13 94 1 0 1
4.36601 2.84972 90.5569 2.90313 3.1427 70.4207 0.601913 -13 95 1 0 1
1.57592 11.0091 90.5569 1.23508 9.7065 60.8039 -1.22624 -13 96 1 0 1
-1.92461 -3.83555 90.5569 -0.256345 -0.688319 57.0689 -0.432335 -13 97 1 0 1
-0.778025 -3.75278 90.5569 -1.01068 -1.51643 67.386 0.990557 -13 98 1 0 1
-4.55111 12.9571 90.5569 -3.56343 10.1464 62.8449 1.0809 -13 99 1 0 1
7.72403 -2.79375 90.5569 5.85038 -0.382025 67.3845 -0.313407 -13 100 1 0 1
11.5643 0.42547 90.5569 8.91611 -0.644236 68.0549 -0.114272 -13 101 1 0 1
4.01972 2.8014 90.5569 2.56837 2.00947 67.256 0.474177 -13 102 1 0 1
15.5318 -1.95964 90.5569 19.0311 -0.316697 41.6614 -1.85531 -13 103 1 0 1
7.05534 1.61305 90.5569 5.31879 0.140629 67.4552 0.254833 -13 104 1 0 1
-6.041 6.77921 90.5569 -3.91729 7.81479 60.0989 -0.864904 -13 105 1 0 1
-12.8891 -4.38618 90.5569 -9.38513 -3.31169 59.5179 0.877797 -13 106 1 0 1
-1.20376 -7.72739 90.5569 -2.21598 -6.91621 70.2875 -0.501142 -13 107 1 0 1
10.6015 7.63144 90.5569 8.29279 7.99734 62.8981 -0.227317 -13 108 1 0 1
5.6561 3.4425 90.5569 4.46201 3.2662 67.8167 1.55452 -13 109 1 0 1
-4.87204 2.40118 90.5569 -6.24717 2.58477 72.412 0.282603 -13 110 1 0 1
-5.48011 -7.20018 90.5569 -7.53283 -4.93389 76.8396 0.230682 -13 111 1 0 1
7.60293 0.783402 90.5569 5.25503 -0.523867 56.2393 -1.23253 -13 112 1 0 1
5.52025 7.23153 90.5569 4.48866 4.66591 54.8595 1.40668 -13 113 1 0 1
7.45202 -7.66683 90.5569 5.91387 -6.41135 63.0236 0.517797 -13 114 1 0 1
10.5299 3.5046 90.5569 7.61558 1.80606 49.2909 0.504233 -13 115 1 0 1
-9.29854 -3.37436 90.5569 -9.8943 -3.15722 72.2381 1.05457 -13 116 1 0 1
-2.37326 2.46329 90.5569 -1.25263 2.41473 55.4387 0.269883 -13 117 1 0 1
4.73429 -9.35453 90.5569 4.11598 -7.47927 46.2352 0.278465 -13 118 1 0 1
-1.23705 2.92771 90.5569 -2.06657 3.42509 70.5309 1.04676 -13 119 1 0 1
-12.0165 0.227067 90.5569 -6.75341 0.638658 49.458 0.485573 -13 120 1 0 1
5.67137 -11.5141 90.5569 4.32834 -6.726 60.9156 2.11346 -13 121 1 0 1
-6.11046 -6.88289 90.5569 -7.93417 -5.50928 76.6083 1.14465 -13 122 1 0 1
-1.21198 -13.1308 90.5569 -2.01596 -10.8452 70.6121 1.29306 -13 123 1 0 1
-15.5957 -20.676 90.5569 -3.79693 -13.5406 29.4824 -0.916697 -13 125 1 0 1
-3.34944 -0.560222 90.5569 -6.24367 -3.18959 78.7977 1.45568 -13 126 1 0 1
3.30408 13.0462 90.5569 2.71278 8.57864 59.8399 -0.509614 -13 127 1 0 1
1.03674 -4.638 90.5569 0.822096 -5.47377 64.7097 0.886938 -13 128 1 0 1
10.3539 -3.89769 90.5569 7.4218 -0.894589 49.9361 1.24604 -13 130 1 0 1
1.02144 6.11427 90.5569 -0.256652 5.21513 68.9512 0.0720595 -13 131 1 0 1
-4.16977 3.3032 90.5569 -5.29824 2.43684 73.7337 1.80878 -13 132 1 0 1
10.2815 0.266972 90.5569 8.13619 -0.285277 63.7375 -0.775367 -13 133 1 0 1
9.38925 1.14383 90.5569 6.58244 0.819963 75.4847 0.906059 -13 134 1 0 1
3.78855 3.45961 90.5569 1.98429 1.10925 69.9923 1.37286 -13 135 1 0 1
-8.12631 -0.519198 90.5569 -6.32067 -0.884814 62.9724 2.0579 -13 137 1 0 1
-7.54978 16.4362 90.5569 -4.60547 11.5688 54.7995 0.900277 -13 140 1 0 1
0.365435 8.75081 90.5569 1.09748 7.01106 52.5533 0.492349 -13 141 1 0 1
12.6078 5.45031 90.5569 9.83498 5.97606 64.1678 2.45787 -13 142 1 0 1
-11.1611 -4.02329 90.5569 -10.7064 -4.02745 70.5902 -0.349316 -13 143 1 0 1
9.96194 0.108214 90.5569 7.56727 -1.04469 71.6751 3.41033 -13 144 1 0 1
8.28641 -22.1486 90.5569 6.16398 -14.8635 55.7489 2.27392 -13 145 1 0 1
7.2604 -6.96048 90.5569 5.53583 -4.29621 65.8467 0.740405 -13 146 1 0 1
-1.52209 -2.72317 90.5569 -1.32838 -2.2762 65.3244 -0.690677 -13 147 1 0 1
-4.9232 -13.0681 90.5569 -5.04581 -9.1933 68.8247 0.751291 -13 148 1 0 1
11.0123 10.8432 90.5569 7.82142 7.04558 55.9625 0.0600286 -13 149 1 0 1
3.92341 13.1872 90.5569 2.87723 11.2966 65.3734 0.3344 -13 150 1 0 1
4.49101 -14.846 90.5569 3.52819 -11.007 56.4116 1.73818 -13 151 1 0 1
2.23442 -2.34765 90.5569 1.75055 -2.16037 64.4593 2.61755 -13 152 1 0 1
-5.17417 -7.4504 90.5569 -4.84086 -8.2083 67.5388 -0.0100354 -13 153 1 0 1
-7.48876 -9.68925 90.5569 -10.0061 -9.50627 77.6392 -1.65245 -13 154 1 0 1
-8.19837 0.639056 90.5569 -7.15687 -0.161542 66.5222 -0.980555 -13 155 1 0 1
-4.71631 0.393919 90.5569 -3.47283 1.4456 62.3302 0.379578 -13 157 1 0 1
-0.822787 4.9638 90.5569 -4.39079 3.00693 79.3375 1.73643 -13 158 1 0 1
-8.09949 10.8795 90.5569 -4.78358 6.66178 55.9873 -0.145658 -13 159 1 0 1
8.78512 0.388197 90.5569 6.456 -1.60476 70.5062 1.99491 -13 161 1 0 1
-14.371 4.75172 90.5569 -6.13905 2.19208 39.9549 0.0696545 -13 162 1 0 1
-5.99273 7.01388 90.5569 -6.14052 8.00844 69.9188 -1.28017 -13 163 1 0 1
1.8512 -2.80117 90.5569 1.00851 -3.76643 66.5206 0.48701 -13 164 1 0 1
10.7477 13.4022 90.5569 8.30501 10.3084 61.795 1.05012 -13 167 1 0 1
-4.38117 8.76254 90.5569 -7.9647 9.45004 78.4986 1.4966 -13 168 1 0 1
14.993 -7.72315 90.5569 10.867 -6.38349 57.2536 0.191524 -13 169 1 0 1
-7.71276 -3.68784 90.5569 -7.11776 -3.76625 67.3554 -0.241713 -13 170 1 0 1
-1.57958 5.95215 90.5569 -0.397799 3.08254 56.8054 0.0779238 -13 172 1 0 1
13.4902 -7.22332 90.5569 10.4121 -5.51667 58.3271 0.604047 -13 173 1 0 1
4.12825 7.91894 90.5569 3.0012 4.21641 68.7791 0.657794 -13 174 1 0 1
-7.35813 -8.62708 90.5569 -3.1535 -6.33946 48.4519 0.341244 -13 176 1 0 1
1.97157 -7.24817 90.5569 2.21205 -3.99369 52.5804 -0.101149 -13 178 1 0 1
9.65324 -14.9921 90.5569 7.15715 -14.3293 68.5666 -0.337047 -13 179 1 0 1
7.34452 -10.4136 90.5569 5.50463 -6.40172 52.0986 2.02804 -13 180 1 0 1
-10.0779 -3.95786 90.5569 -3.84443 -1.90841 38.509 -0.850914 -13 181 1 0 1
-12.1765 4.36707 90.5569 -4.87066 2.66137 39.9919 -0.306728 -13 182 1 0 1
12.3881 14.6342 90.5569 7.76997 9.35301 42.2667 0.579978 -13 183 1 0 1
-5.1545 -9.54504 90.5569 -3.30077 -8.2702 59.913 -0.340309 -13 185 1 0 1
8.71393 7.42554 90.5569 5.73368 4.69688 43.327 -0.104687 -13 186 1 0 1
4.67403 0.462763 90.5569 3.16015 2.93479 71.3382 1.53915 -13 188 1 0 1
-10.3251 -5.33176 90.5569 -13.1185 -5.5683 78.9519 0.566473 -13 189 1 0 1
9.64764 8.69433 90.5569 7.99793 6.66609 60.8014 2.34108 -13 191 1 0 1
-1.73681 3.30589 90.5569 -5.23696 5.77827 80.0409 1.22813 -13 192 1 0 1
-14.017 -1.54125 90.5569 -5.65218 -1.87065 38.1174 -0.414286 -13 193 1 0 1
1.41134 14.9351 90.5569 0.388362 14.0556 68.9369 0.159542 -13 194 1 0 1
0.84412 -0.172946 90.5569 1.04516 -0.0209807 60.3721 2.69691 -13 195 1 0 1
7.11954 -1.7199 90.5569 2.50252 -4.44939 80.5583 2.95325 -13 196 1 0 1
-7.42646 11.5379 90.5569 -5.61348 8.70768 62.964 -0.494144 -13 197 1 0 1
14.8716 0.462465 90.5569 9.78817 0.404665 49.4192 -0.104397 -13 198 1 0 1
-13.7361 20.0203 90.5569 -8.81276 12.1546 56.4228 -1.14364 -13 199 1 0 1
-6.39824 -6.89498 90.5569 -3.3572 -3.66747 50.8135 1.15067 -13 200 1 0 1
-14.7728 -4.91592 90.5569 -13.4979 -5.19745 68.6551 0.72898 -13 201 1 0 1
-3.94959 23.3095 90.5569 -2.56988 15.6239 57.9551 -0.399759 -13 202 1 0 1
-2.10256 2.78116 90.5569 -1.49735 1.0233 62.1587 0.696612 -13 203 1 0 1
-0.70349 4.23408 90.5569 0.370029 1.12982 49.9826 1.91345 -13 205 1 0 1
-11.5596 -14.0007 90.5569 -7.54122 -9.9347 56.8282 -0.610759 -13 207 1 0 1
10.5801 14.2671 90.5569 4.30975 4.56655 23.6518 1.01501 -13 209 1 0 1
12.4484 11.1714 90.5569 -6.87693 1.07054 19.6261 1.2137 -13 211 1 0 1
-5.85785 19.2926 90.5569 -7.00544 17.156 72.2241 2.49268 -13 212 1 0 1
-1.7113 11.7049 90.5569 -3.28478 9.64596 75.1527 1.42507 -13 214 1 0 1
1.14145 -8.58886 90.5569 -0.460945 -10.245 71.986 2.14513 -13 215 1 0 1
2.06517 -2.05524 90.5569 0.669192 -1.60155 70.3193 1.55182 -13 216 1 0 1
-13.7778 3.13872 90.5569 -11.3693 2.34795 64.0842 0.615394 -13 218 1 0 1
-3.35351 -4.35029 90.5569 -5.30116 -4.07544 77.5842 0.449841 -13 219 1 0 1
2.63987 2.23224 90.5569 1.07478 0.652171 72.1891 2.80841 -13 220 1 0 1
14.7744 1.08909 90.5569 11.3412 -0.206731 54.5214 1.46539 -13 221 1 0 1
-2.01605 12.3686 90.5569 -2.99671 11.416 72.0528 -0.355429 -13 222 1 0 1
-11.1512 1.96653 90.5569 -8.55812 2.81707 61.4382 1.48798 -13 223 1 0 1
-9.44493 -0.517921 90.5569 -7.06344 0.240718 62.2368 0.0148431 -13 224 1 0 1
3.05039 15.1853 90.5569 2.71889 10.6724 53.9304 0.233434 -13 226 1 0 1
-7.7441 -6.87649 90.5569 -5.77761 -5.77552 61.9428 0.514702 -13 227 1 0 1
-0.601375 -0.130663 90.5569 -3.58433 -0.405398 78.2906 -1.4776 -13 228 1 0 1
-9.07631 1.79014 90.5569 -9.75262 -0.211271 71.7751 0.70272 -13 229 1 0 1
7.32392 -14.5504 90.5569 5.18265 -8.11526 45.6721 0.222943 -13 230 1 0 1
-10.9555 -1.64231 90.5569 -9.1145 -1.94599 65.0952 -0.988022 -13 233 1 0 1
8.47439 2.45557 90.5569 6.37895 1.96144 67.8316 -0.143984 -13 234 1 0 1
5.93759 -6.59131 90.5569 3.62193 -7.92211 74.0192 0.733869 -13 235 1 0 1
-10.4037 -7.2145 90.5569 -8.38393 -7.40425 64.3664 1.76207 -13 236 1 0 1
14.9227 -15.952 90.5569 10.4377 -9.53361 52.8987 1.3245 -13 237 1 0 1
-0.753454 2.08928 90.5569 -0.60422 1.32611 62.9089 0.58252 -13 238 1 0 1
-10.3222 -0.0240715 90.5569 -10.175 1.99412 70.2576 1.74447 -13 239 1 0 1
10.784 24.2822 90.5569 7.09596 13.5864 44.5198 0.25265 -13 240 1 0 1
13.2612 2.69714 90.5569 6.76507 1.23963 33.8417 1.49468 -13 241 1 0 1
-5.0948 -2.5046 90.5569 -3.1867 -3.43284 58.7124 2.35051 -13 242 1 0 1
11.8299 -11.6213 90.5569 9.30793 -8.42578 67.9624 0.373544 -13 243 1 0 1
3.19275 5.07211 90.5569 0.803467 4.65454 75.9461 1.13097 -13 244 1 0 1
8.24813 7.6472 90.5569 5.95126 9.37768 71.3213 -0.218345 -13 245 1 0 1
1.01565 6.03128 90.5569 -0.167076 7.39591 70.676 0.281229 -13 246 1 0 1
2.96533 -7.7939 90.5569 2.36824 -4.55816 61.0767 0.195811 -13 247 1 0 1
-3.5436 -7.4673 90.5569 -3.5557 -6.0388 67.8507 1.16784 -13 248 1 0 1
4.987 -12.4726 90.5569 3.28921 -10.7412 68.2143 -1.0007 -13 250 1 0 1
12.0477 20.7656 90.5569 9.14452 12.9161 61.2621 -0.48781 -13 251 1 0 1
11.2384 0.464947 90.5569 9.04579 -0.51747 63.3281 0.793965 -13 252 1 0 1
2.52749 14.6968 90.5569 0.675226 14.4471 70.8777 -0.860899 -13 253 1 0 1
9.26733 7.73825 90.5569 7.08625 5.76524 55.0486 0.069504 -13 254 1 0 1
-0.207389 4.22034 90.5569 -2.55432 5.80009 77.4245 0.42074 -13 255 1 0 1
-4.93331 4.83483 90.5569 -2.53273 3.20544 53.117 -0.358645 -13 256 1 0 1
-0.926915 -17.8626 90.5569 0.665685 -10.1822 42.5926 0.416312 -13 257 1 0 1
0.582106 0.114044 90.5569 0.298023 -0.775027 63.4509 0.649092 -13 258 1 0 1
7.01396 -0.818696 90.5569 5.96572 -1.80044 56.8854 -0.619218 -13 259 1 0 1
-3.58384 -4.89378 90.5569 -4.39919 -6.04118 72.439 0.191307 -13 260 1 0 1
-4.50677 8.0734 90.5569 -3.18588 5.78719 60.0443 -0.585295 -13 261 1 0 1
4.94801 -0.194292 90.5569 4.37683 0.351773 63.1084 2.63502 -13 262 1 0 1
11.7659 -7.89378 90.5569 9.12242 -6.01881 62.8349 -0.946572 -13 263 1 0 1
-1.75654 -5.94747 90.5569 -0.373203 -3.89244 50.7899 0.389529 -13 264 1 0 1
12.6947 8.39189 90.5569 9.77082 7.38651 62.8868 1.23577 -13 265 1 0 1
8.0029 8.88498 90.5569 6.06534 6.27372 70.5333 1.09052 -13 266 1 0 1
-3.32604 3.43745 90.5569 -2.72015 0.473198 63.6319 0.232955 -13 267 1 0 1
2.30295 5.65769 90.5569 2.27245 3.94892 42.9918 -0.413129 -13 268 1 0 1
-5.84695 5.58705 90.5569 -8.17162 2.69608 77.7045 0.956899 -13 269 1 0 1
-5.96831 -2.63983 90.5569 -4.66888 -3.9285 63.8842 1.79291 -13 270 1 0 1
9.45104 -5.8491 90.5569 6.51869 -7.50201 77.3863 -0.347761 -13 271 1 0 1
7.39042 -13.1725 90.5569 5.81366 -10.75 62.5597 2.13014 -13 272 1 0 1
-12.978 4.0625 90.5569 -7.71362 2.12386 54.2314 3.40371 -13 273 1 0 1
4.64233 0.125653 90.5569 3.34808 1.69855 67.48 -1.51716 -13 274 1 0 1
11.3758 -3.90858 90.5569 8.38421 -4.05151 58.9694 0.262724 -13 275 1 0 1
12.7723 -8.58976 90.5569 9.87166 -6.75194 57.367 1.74944 -13 277 1 0 1
-12.6752 -4.60235 90.5569 -11.4157 -6.87185 68.1233 -1.95396 -13 279 1 0 1
4.63344 3.31166 90.5569 3.57787 1.60014 61.4393 0.785586 -13 280 1 0 1
-0.291763 -4.87049 90.5569 -1.11283 -2.78519 66.6893 -0.774477 -13 281 1 0 1
-2.33468 14.6757 90.5569 -0.567327 9.67296 47.855 -0.190913 -13 282 1 0 1
9.94312 -14.8806 90.5569 6.97353 -9.16661 49.9055 -0.980433 -13 283 1 0 1
-6.57115 9.20673 90.5569 -3.46817 3.9991 52.9598 0.246233 -13 284 1 0 1
-10.117 -7.7911 90.5569 -9.2327 -2.43167 68.9553 -0.944673 -13 286 1 0 1
-3.14413 1.33342 90.5569 -1.31526 -0.512405 51.9466 -1.0048 -13 287 1 0 1
-1.82918 38.2852 90.5569 -4.32831 35.7821 71.0008 0.239806 -13 288 1 0 1
-3.91955 12.9685 90.5569 -6.07568 12.5137 77.201 0.94011 -13 289 1 0 1
3.94618 -9.88015 90.5569 1.33938 -10.1874 74.8461 0.933404 -13 291 1 0 1
-4.2743 2.61673 90.5569 -5.26817 3.24258 72.7188 0.222424 -13 292 1 0 1
-6.69725 1.33034 90.5569 -5.65519 0.692215 65.2468 0.602745 -13 295 1 0 1
-12.3034 5.19748 90.5569 -8.36997 3.61509 58.8177 0.281411 -13 296 1 0 1
13.4999 -5.29368 90.5569 9.67169 -4.40921 53.602 3.13084 -13 297 1 0 1
3.51801 2.58644 90.5569 2.35906 0.611559 67.352 -1.3542 -13 298 1 0 1
-8.88662 8.45527 90.5569 -6.56842 5.22068 62.4001 -0.236866 -13 301 1 0 1
-8.56222 6.91585 90.5569 -6.73726 7.09605 63.2602 0.764129 -13 302 1 0 1
-0.99561 1.41623 90.5569 -0.644287 2.99889 62.4489 0.537539 -13 303 1 0 1
-1.96823 7.50006 90.5569 -2.10221 7.60655 65.646 1.04695 -13 304 1 0 1
-4.15744 -3.80827 90.5569 -3.79225 -4.39676 66.6151 -0.533964 -13 306 1 0 1
8.25971 -20.4939 90.5569 5.79298 -19.6837 66.631 -0.784251 -13 307 1 0 1
-3.67735 -15.6188 90.5569 -4.88061 -13.9225 72.5508 0.569519 -13 308 1 0 1
-2.89593 10.0322 90.5569 -2.78148 8.35322 66.0521 -0.349015 -13 309 1 0 1
10.8435 -3.49937 90.5569 7.90831 -2.96139 72.0159 0.0878667 -13 310 1 0 1
4.88182 -12.9868 90.5569 2.79144 -3.5141 31.97 -0.766702 -13 311 1 0 1
-8.05304 2.09477 90.5569 -8.18889 2.63951 71.183 0.322226 -13 312 1 0 1
-7.87433 13.5388 90.5569 -8.26863 11.4833 71.5471 1.41872 -13 313 1 0 1
-7.96153 -1.26723 90.5569 -7.75964 -0.864431 67.6583 -0.0966278 -13 314 1 0 1
11.8648 -2.18077 90.5569 9.37525 0.127648 61.9345 -0.940061 -13 315 1 0 1
2.26589 -26.4138 90.5569 2.18288 -16.8736 50.7191 -0.636882 -13 316 1 0 1
-7.08904 -10.8243 90.5569 -5.70199 -9.11891 63.7119 1.26491 -13 317 1 0 1
0.0928338 -3.50937 90.5569 -0.739576 -1.92582 69.229 -0.933053 -13 318 1 0 1
-3.07954 7.28701 90.5569 -4.04221 8.62057 69.9879 2.49287 -13 319 1 0 1
14.3703 7.60527 90.5569 11.2869 6.67294 70.3641 1.07062 -13 320 1 0 1
5.8766 -1.91479 90.5569 4.44186 -1.85111 57.0493 -1.1226 -13 321 1 0 1
-5.1145 3.37392 90.5569 -9.4627 4.1208 79.5506 2.30127 -13 322 1 0 1
8.88174 -5.53906 90.5569 6.17028 -2.19955 75.7199 0.674876 -13 323 1 0 1
3.75556 9.29695 90.5569 2.87276 7.70624 65.7417 -0.189933 -13 324 1 0 1
3.15529 -5.62178 90.5569 1.47023 -5.6045 72.5411 0.44522 -13 325 1 0 1
-13.7607 -30.4012 90.5569 -7.53266 -19.0795 47.9911 0.796901 -13 327 1 0 1
-11.1612 -0.471244 90.5569 -7.79052 -3.65638 58.9573 -1.00548 -13 328 1 0 1
-1.42512 10.6317 90.5569 -1.87339 9.99974 68.6327 1.56064 -13 329 1 0 1
8.34776 -3.9118 90.5569 5.58122 -2.07393 76.5791 -0.401143 -13 330 1 0 1
-11.2128 8.14973 90.5569 -11.1816 4.12233 71.271 -1.11405 -13 331 1 0 1
-5.75528 -5.00419 90.5569 -0.973079 -0.998498 24.2718 -0.200148 -13 332 1 0 1
8.1987 5.82841 90.5569 5.86232 4.19433 48.7703 4.62602 -13 333 1 0 1
-8.52014 -7.25534 90.5569 -6.7784 -5.47875 65.4553 0.802317 -13 334 1 0 1
7.48483 -9.9189 90.5569 5.96271 -8.48478 66.199 0.803581 -13 335 1 0 1
-0.963047 -12.1791 90.5569 -2.16015 -9.87451 68.6171 -0.204678 -13 336 1 0 1
10.4885 -9.6986 90.5569 7.53917 -8.5682 53.9375 1.40532 -13 338 1 0 1
0.00988747 -8.97718 90.5569 0.751971 -5.09662 50.6195 0.902561 -13 339 1 0 1
3.23218 8.95255 90.5569 2.09785 8.47127 69.2576 0.655273 -13 340 1 0 1
6.76482 1.43749 90.5569 4.31585 -0.726664 77.6942 0.379106 -13 341 1 0 1
-3.49557 6.54102 90.5569 -4.89205 7.02284 73.3572 1.05179 -13 342 1 0 1
1.06551 -6.32659 90.5569 0.972998 -6.85166 62.1424 0.107211 -13 343 1 0 1
12.2949 0.164101 90.5569 8.40439 1.85361 49.4587 0.225321 -13 344 1 0 1
-2.49097 -0.332404 90.5569 -2.68534 0.809643 68.9756 -0.403998 -13 345 1 0 1
-4.72122 1.63159 90.5569 -4.43931 1.48793 68.2849 -0.393105 -13 347 1 0 1
-1.03963 5.30457 90.5569 0.388847 5.72118 52.3473 0.0150364 -13 348 1 0 1
15.0712 -1.07704 90.5569 4.70504 -5.49561 54.2712 1.341 -13 349 1 0 1
-2.04264 -17.3438 90.5569 -1.97659 -13.5828 64.1688 1.23735 -13 350 1 0 1
-7.61866 1.2991 90.5569 -7.66201 0.160983 70.434 -1.11279 -13 352 1 0 1
-3.55349 8.31654 90.5569 -2.99396 6.02591 65.716 0.217959 -13 353 1 0 1
-1.15862 10.8048 90.5569 -0.179676 5.87633 53.82 0.903084 -13 354 1 0 1
-6.49228 5.1709 90.5569 -7.85436 5.17336 73.722 -0.0512737 -13 355 1 0 1
10.5908 11.6929 90.5569 8.07898 10.1187 59.0665 0.755398 -13 356 1 0 1
-0.352916 1.68692 90.5569 0.721166 1.63652 42.5059 0.607314 -13 357 1 0 1
15.0093 10.5077 90.5569 11.1715 8.70846 50.5345 1.12109 -13 358 1 0 1
7.15564 1.69307 90.5569 5.85075 3.35839 62.1987 0.914462 -13 359 1 0 1
-5.53251 -3.04289 90.5569 -6.82551 -2.61944 75.3945 -0.196023 -13 360 1 0 1
4.60728 1.58479 90.5569 1.78018 2.93081 77.3047 0.280535 -13 361 1 0 1
-1.44103 5.58433 90.5569 -3.28294 6.4814 75.1988 0.106427 -13 363 1 0 1
0.477221 -6.22253 90.5569 -0.303189 -4.21261 64.8135 0.691708 -13 364 1 0 1
-7.31844 8.52125 90.5569 -3.48466 6.07316 48.6227 -1.36341 -13 365 1 0 1
14.2437 -1.79865 90.5569 -7.27808 -1.3929 35.7071 2.80878 -13 366 1 0 1
-4.14955 7.61152 90.5569 -3.37257 6.9866 64.7928 0.999359 -13 368 1 0 1
-0.0850843 -2.87361 90.5569 0.3104 -0.850964 60.4685 -0.627129 -13 369 1 0 1
-12.0139 1.7322 90.5569 -12.0967 1.06611 71.7815 1.28536 -13 370 1 0 1
-1.62959 -6.36348 90.5569 -1.30472 -4.44862 66.1629 2.83387 -13 371 1 0 1
0.1503 -11.7588 90.5569 1.18716 -9.91085 53.3394 1.32269 -13 372 1 0 1
-8.73675 -7.7449 90.5569 -7.08201 -6.8596 64.293 1.14921 -13 373 1 0 1
-8.56638 -0.475868 90.5569 -10.1618 0.472537 76.055 1.04295 -13 374 1 0 1
-15.4852 6.46144 90.5569 -18.6798 8.93538 68.1663 -0.984462 -13 375 1 0 1
-8.64184 -17.1777 90.5569 -8.12424 -14.4964 68.1164 0.915012 -13 376 1 0 1
15.6152 -7.17481 90.5569 7.39879 5.39325 61.5501 1.6003 -13 377 1 0 1
1.72731 -6.2968 90.5569 2.0038 -4.54661 41.2983 2.81558 -13 378 1 0 1
-2.44649 -18.2962 90.5569 -2.91255 -16.6269 66.6962 1.09058 -13 379 1 0 1
-10.2527 -23.144 90.5569 -4.16098 -12.9259 41.7271 -0.115105 -13 380 1 0 1
8.45415 0.963898 90.5569 6.6272 2.69411 59.8081 1.63476 -13 381 1 0 1
9.24613 -10.9287 90.5569 6.83966 -9.89704 72.2504 0.0934552 -13 382 1 0 1
14.9099 3.41995 90.5569 -3.35531 -4.09654 17.9403 -0.84603 -13 384 1 0 1
-1.50272 -3.86529 90.5569 -1.55456 -4.91545 67.3894 2.22136 -13 385 1 0 1
3.06187 -2.10068 90.5569 1.96347 -2.46321 69.9079 2.36803 -13 386 1 0 1
-9.35068 -1.94336 90.5569 -9.59129 -2.60133 71.7637 0.555888 -13 387 1 0 1
2.18486 -1.03281 90.5569 2.37255 -0.24862 51.9209 -0.233929 -13 388 1 0 1
-7.75824 2.04443 90.5569 -5.81929 1.02384 63.6105 1.21224 -13 390 1 0 1
-9.15371 -0.338309 90.5569 -5.26012 -2.13458 53.9258 0.725016 -13 392 1 0 1
-2.5702 14.8705 90.5569 -1.96047 10.1216 60.5002 -0.32587 -13 394 1 0 1
-6.63489 14.3545 90.5569 -7.71254 14.9201 73.7834 -1.22637 -13 395 1 0 1
5.91184 -8.46948 90.5569 4.5529 -5.44379 59.8851 1.74857 -13 397 1 0 1
1.10748 -2.53809 90.5569 0.344002 -2.74728 66.8128 1.31544 -13 398 1 0 1
-5.71722 -9.22586 90.5569 -6.45168 -6.91191 70.9178 2.48292 -13 399 1 0 1
3.00803 3.89674 90.5569 2.28711 6.27729 64.6543 0.435073 -13 400 1 0 1
7.75958 0.266678 90.5569 5.47926 0.741919 71.8629 0.208847 -13 401 1 0 1
-4.03053 11.2413 90.5569 -2.2027 7.74422 57.7734 0.199733 -13 402 1 0 1
-0.651323 -26.4615 90.5569 -1.28567 -24.2306 67.6638 0.686395 -13 403 1 0 1
4.18172 -8.14231 90.5569 3.08393 -8.31661 66.1548 1.66986 -13 404 1 0 1
-4.20613 -7.82539 90.5569 -3.08544 -7.71139 60.0099 -0.0942667 -13 406 1 0 1
-3.49851 -7.76551 90.5569 -3.05421 -5.1897 65.85 1.74187 -13 407 1 0 1
10.3362 -1.79658 90.5569 8.16373 -1.45425 64.0936 0.787707 -13 409 1 0 1
-5.17469 -7.06217 90.5569 -6.78927 -6.55345 75.7916 -2.14975 -13 410 1 0 1
-5.37655 10.89 90.5569 -1.5368 4.02134 43.1774 1.15722 -13 411 1 0 1
-2.27361 -11.5619 90.5569 -2.48654 -9.73479 66.7039 1.71693 -13 412 1 0 1
-9.42093 6.19123 90.5569 -11.6187 4.90309 77.9879 0.50661 -13 413 1 0 1
-10.8284 -0.266428 90.5569 -7.08711 0.542378 58.963 1.4813 -13 414 1 0 1
8.57023 10.0366 90.5569 6.3896 7.6993 57.0394 0.846014 -13 415 1 0 1
12.2307 -27.0959 90.5569 7.10985 -12.7369 40.4545 0.52232 -13 417 1 0 1
-0.97734 1.60009 90.5569 -1.73386 0.0429869 69.6259 1.91575 -13 418 1 0 1
13.9293 2.2906 90.5569 10.7678 1.9979 63.2539 0.981879 -13 419 1 0 1
-0.245944 -9.58448 90.5569 -1.73308 -10.2429 73.3916 -0.0079572 -13 421 1 0 1
5.34097 25.7074 90.5569 3.78866 20.8159 63.8206 0.867887 -13 422 1 0 1
-2.065 3.24325 90.5569 -1.50087 3.31892 64.1173 0.402693 -13 425 1 0 1
-1.35068 3.07061 90.5569 -3.32226 4.57346 73.9069 -0.993965 -13 426 1 0 1
12.6168 -8.82886 90.5569 9.51213 -5.40069 62.9625 -0.0594996 -13 427 1 0 1
-5.29344 13.8099 90.5569 -4.66227 12.8776 64.981 0.845618 -13 428 1 0 1
-14.6407 16.2601 90.5569 -13.8767 14.3646 69.0934 -1.25761 -13 430 1 0 1
1.62576 -5.62199 90.5569 -0.746183 -5.65568 75.8643 2.31291 -13 431 1 0 1
5.55908 5.07645 90.5569 4.08833 5.53355 67.8435 2.39068 -13 432 1 0 1
-0.791231 -11.0615 90.5569 -1.85835 -11.7398 69.5689 1.81783 -13 433 1 0 1
4.68562 10.6767 90.5569 3.76665 9.91616 59.2428 0.598849 -13 434 1 0 1
2.68464 -0.0946006 90.5569 1.55574 0.379019 67.4699 -1.87246 -13 437 1 0 1
-3.73973 0.482297 90.5569 -1.42006 0.578002 55.0302 2.45111 -13 438 1 0 1
-0.829031 -16.1052 90.5569 -0.9137 -11.5626 62.8894 -0.666435 -13 439 1 0 1
6.54315 7.84902 90.5569 5.01374 6.50994 61.2407 0.681942 -13 440 1 0 1
-8.30517 0.346665 90.5569 -8.57532 0.0964821 71.3326 1.7877 -13 441 1 0 1
-6.73653 -2.05756 90.5569 -5.6111 0.452213 65.4227 0.3065 -13 442 1 0 1
3.81543 2.55066 90.5569 3.42601 3.85316 56.7878 1.52397 -13 443 1 0 1
14.9232 -0.5915 90.5569 11.6556 0.226426 69.6254 1.40575 -13 444 1 0 1
9.24164 -0.0411369 90.5569 6.95094 -2.31321 69.3202 0.49465 -13 445 1 0 1
-5.01268 -9.13033 90.5569 -4.92347 -5.85743 68.9525 -1.12709 -13 446 1 0 1
10.2728 1.44004 90.5569 7.73933 1.34283 56.9198 0.0404178 -13 447 1 0 1
-1.55117 2.88985 90.5569 -2.19519 3.69634 70.6066 -1.58224 -13 448 1 0 1
-1.3771 0.198628 90.5569 -0.199147 -0.614023 52.7616 0.314939 -13 449 1 0 1
5.65979 3.54936 90.5569 2.2751 1.74661 81.1662 0.46829 -13 451 1 0 1
0.567159 -2.97052 90.5569 0.351273 -3.1014 67.4345 1.52434 -13 452 1 0 1
6.64047 -4.49683 90.5569 5.72513 -2.89234 59.6626 0.130138 -13 453 1 0 1
-7.8199 4.55286 90.5569 -3.55859 2.55703 50.5637 1.87173 -13 454 1 0 1
8.70527 -10.9857 90.5569 6.73198 -8.83167 54.815 0.68575 -13 455 1 0 1
15.9164 11.2782 90.5569 3.24763 -3.40568 39.4345 -0.184365 -13 456 1 0 1
13.781 4.40556 90.5569 10.5728 4.55202 56.5257 1.28259 -13 457 1 0 1
8.36599 -26.6037 90.5569 5.78185 -17.1802 53.3203 -0.591807 -13 458 1 0 1
11.3966 9.02146 90.5569 8.91941 6.50664 74.2695 2.08914 -13 459 1 0 1
-3.97456 0.976428 90.5569 -3.73458 1.86977 65.4696 0.280708 -13 460 1 0 1
-8.54326 10.7738 90.5569 -6.99127 9.84776 65.2755 0.79219 -13 461 1 0 1
6.51034 3.7519 90.5569 5.26857 3.30649 64.7995 0.154041 -13 462 1 0 1
2.86109 -2.48738 90.5569 1.61235 -1.83886 69.2189 1.90111 -13 463 1 0 1
9.89043 23.0774 90.5569 7.30214 17.5354 59.9314 0.323333 -13 464 1 0 1
-8.36989 21.6418 90.5569 -3.08235 10.2829 38.0154 -0.169605 -13 465 1 0 1
6.5236 10.3003 90.5569 4.93094 7.83873 56.8689 0.819213 -13 466 1 0 1
11.9907 5.7432 90.5569 7.07028 3.49663 38.0624 0.525348 -13 467 1 0 1
4.2813 -3.03157 90.5569 3.91314 -4.11771 56.4862 -0.347134 -13 468 1 0 1
-2.89416 19.6597 90.5569 -0.941345 12.0426 49.9209 0.994225 -13 469 1 0 1
5.15281 -8.56664 90.5569 3.76688 -5.78881 65.0901 -0.014322 -13 470 1 0 1
4.19589 12.8678 90.5569 3.61611 7.56373 49.3161 1.74103 -13 471 1 0 1
10.0661 -17.833 90.5569 6.38503 -9.44108 42.6289 1.80598 -13 472 1 0 1
0.366847 -5.16726 90.5569 1.19789 -3.87154 55.4758 -0.114685 -13 473 1 0 1
11.2806 -8.88869 90.5569 8.91897 -6.80769 61.4867 -0.149556 -13 474 1 0 1
3.73451 7.34165 90.5569 2.24359 7.57696 72.187 1.99952 -13 475 1 0 1
-14.1871 14.467 90.5569 -10.5124 11.4136 60.2798 0.478104 -13 476 1 0 1
2.47838 15.6829 90.5569 2.0196 11.5504 66.7442 -0.834999 -13 477 1 0 1
-2.53994 -6.381 90.5569 -2.12366 -4.40861 62.1246 -1.31543 -13 478 1 0 1
5.33122 -0.344273 90.5569 3.90958 -1.00237 48.1859 -0.0593291 -13 479 1 0 1
11.6007 6.10901 90.5569 8.46817 4.91029 54.5886 0.827768 -13 480 1 0 1
11.9133 -8.17963 90.5569 6.42439 -3.53568 33.6086 1.34505 -13 481 1 0 1
2.43025 -11.0257 90.5569 2.60232 -7.6511 45.4632 0.98608 -13 482 1 0 1
-12.7793 12.8444 90.5569 -11.5277 10.1161 67.928 1.2471 -13 483 1 0 1
-9.82491 0.899459 90.5569 -8.8724 -0.072277 67.0454 -0.806218 -13 484 1 0 1
0.520217 -15.9327 90.5569 0.658567 -12.947 57.9115 3.25337 -13 486 1 0 1
11.37 1.92894 90.5569 8.59686 0.439817 68.785 0.594795 -13 487 1 0 1
1.00298 8.92155 90.5569 1.51822 6.95053 41.7497 1.98144 -13 489 1 0 1
-2.89281 -15.2526 90.5569 -2.1597 -13.2605 62.2795 -1.32488 -13 490 1 0 1
4.8039 5.52539 90.5569 3.15196 2.77286 69.9792 1.31829 -13 491 1 0 1
4.27298 5.59748 90.5569 3.36777 5.92981 61.394 1.67237 -13 492 1 0 1
-2.7013 -4.71855 90.5569 -1.16136 -3.85321 59.5605 1.52405 -13 493 1 0 1
3.98602 -5.04612 90.5569 2.95043 -3.28621 36.5346 0.810769 -13 494 1 0 1
6.72594 12.9007 90.5569 4.8891 4.74183 41.8804 -2.05706 -13 495 1 0 1
4.19922 -15.9044 90.5569 3.25802 -8.52131 43.6713 0.901647 -13 496 1 0 1
2.99035 5.53882 90.5569 2.0776 4.73641 64.2957 0.752424 -13 497 1 0 1
-5.55115 7.6977 90.5569 -5.466 6.88847 68.7058 0.0396953 -13 498 1 0 1
2.67956 6.39722 90.5569 2.49938 2.97088 52.1915 -0.284306 -13 499 1 0 1
4.61733 7.69805 90.5569 1.55113 6.35912 79.3119 0.137538 -13 501 1 0 1
-12.6591 9.38982 90.5569 -10.966 6.30207 66.2056 -0.69335 -13 502 1 0 1
0.0325961 -19.441 90.5569 -0.64807 -14.3097 68.4564 -1.15635 -13 503 1 0 1
-2.58647 4.57314 90.5569 -2.76395 4.50776 66.2145 0.765716 -13 504 1 0 1
-8.17894 -2.92043 90.5569 -10.8879 -3.78252 78.5593 1.70207 -13 506 1 0 1
13.2898 24.3269 90.5569 8.21993 14.3824 46.6957 1.05089 -13 507 1 0 1
11.5656 -10.8982 90.5569 9.20562 -7.49906 62.8685 1.45439 -13 508 1 0 1
10.9121 -9.45446 90.5569 8.14409 -8.05233 72.3022 0.46128 -13 509 1 0 1
-12.0116 9.67754 90.5569 -8.58141 6.89238 60.2579 1.64558 -13 510 1 0 1
-8.97459 -4.7604 90.5569 -6.23649 -3.15139 58.2999 0.0916057 -13 512 1 0 1
5.57881 2.98455 90.5569 4.33359 2.85966 51.4691 1.65799 -13 513 1 0 1
-6.23967 -0.767276 90.5569 -3.87687 -0.422068 55.0859 -2.96762 -13 514 1 0 1
-14.3578 0.854013 90.5569 -12.304 1.06259 65.4921 -0.984817 -13 515 1 0 1
-4.87199 2.77917 90.5569 -3.01894 3.82241 56.5899 -1.44342 -13 516 1 0 1
0.92319 -2.50179 90.5569 -0.443512 -3.75231 72.5811 -0.693786 -13 517 1 0 1
-0.928279 -3.79644 90.5569 -0.789545 -2.46549 65.492 1.26787 -13 518 1 0 1
-10.6619 3.04765 90.5569 -13.1044 2.15089 77.6477 0.33875 -13 519 1 0 1
1.2356 -6.72528 90.5569 1.5033 -6.51512 60.5713 2.9964 -13 520 1 0 1
-5.35276 -12.72 90.5569 -5.35612 -10.1446 69.545 -1.03777 -13 521 1 0 1
1.3468 5.55441 90.5569 -1.9864 5.16832 80.543 1.31156 -13 522 1 0 1
-8.18314 7.55019 90.5569 -7.80709 5.31741 69.5087 1.30027 -13 523 1 0 1
2.49775 -5.54333 90.5569 2.23205 -1.32032 62.003 1.18685 -13 524 1 0 1
3.91909 16.316 90.5569 3.14303 7.65469 39.4727 1.30507 -13 525 1 0 1
-9.83908 -1.88062 90.5569 -10.1817 0.331368 71.5382 0.467137 -13 526 1 0 1
-6.12904 14.2344 90.5569 -4.17311 10.5088 58.9224 1.50379 -13 527 1 0 1
-5.87935 5.16621 90.5569 -3.02641 3.29661 54.3556 3.18515 -13 528 1 0 1
13.2728 -14.1673 90.5569 10.2226 -14.5492 70.0982 1.22665 -13 529 1 0 1
0.974733 5.84967 90.5569 0.530115 4.78891 67.101 -0.170094 -13 530 1 0 1
-1.25803 6.12387 90.5569 -0.2219 5.15404 59.1991 1.46249 -13 531 1 0 1
-8.37967 -24.4735 90.5569 -2.48134 -8.82037 29.2372 4.1218 -13 533 1 0 1
7.86825 -1.09242 90.5569 5.87016 -0.308215 70.1874 1.39355 -13 534 1 0 1
2.99617 10.3162 90.5569 1.46103 11.7528 69.3632 -2.40252 -13 535 1 0 1
6.94042 0.389124 90.5569 5.26868 1.61583 55.1492 -0.419126 -13 536 1 0 1
10.5829 11.1565 90.5569 8.628 7.83374 62.0461 0.565583 -13 538 1 0 1
14.0071 -3.95229 90.5569 10.7464 -3.11596 76.6533 1.78474 -13 540 1 0 1
-3.12523 11.4283 90.5569 -3.9977 11.1139 70.4383 1.37248 -13 541 1 0 1
5.1837 4.49167 90.5569 3.74708 4.66893 67.7047 0.442731 -13 542 1 0 1
10.0272 -6.9872 90.5569 8.02241 -7.40904 66.5986 -0.0822145 -13 543 1 0 1
5.79495 -2.96285 90.5569 4.6108 -2.8057 63.9028 0.871159 -13 544 1 0 1
-5.8863 -27.8053 90.5569 -6.10682 -24.5217 68.0921 1.58366 -13 545 1 0 1
2.43516 -24.9634 90.5569 1.98091 -13.0615 43.0454 1.08329 -13 546 1 0 1
-0.658776 19.326 90.5569 0.229122 13.0416 51.5384 -0.186284 -13 547 1 0 1
5.92017 7.34126 90.5569 4.49947 7.39449 61.7459 2.72035 -13 548 1 0 1
5.52175 -5.95035 90.5569 4.45893 -2.7848 57.8504 3.04068 -13 549 1 0 1
8.09469 -9.31423 90.5569 4.52242 -2.5229 35.5597 1.92323 -13 551 1 0 1
-13.4895 -3.99048 90.5569 -9.37344 -3.62239 58.7553 0.699887 -13 553 1 0 1
-11.6738 -2.67904 90.5569 -9.72263 -2.96576 64.7799 -0.5675 -13 554 1 0 1
10.5292 9.03651 90.5569 7.48344 8.27685 73.7171 1.65084 -13 555 1 0 1
-4.27935 12.2475 90.5569 -2.58065 8.25137 56.2892 0.977808 -13 556 1 0 1
7.10333 -0.469546 90.5569 5.57254 -0.932275 61.5509 2.88587 -13 557 1 0 1
-3.9905 -4.02259 90.5569 -2.92183 -4.07721 61.9138 -2.15329 -13 558 1 0 1
-13.8114 5.96342 90.5569 -12.6091 3.72925 68.2612 1.52898 -13 562 1 0 1
7.60589 -3.32464 90.5569 5.33891 -4.24773 70.5545 0.0786204 -13 564 1 0 1
-10.7953 11.9551 90.5569 -6.74937 9.1948 55.1205 1.75694 -13 565 1 0 1
-14.5283 -3.46184 90.5569 -14.5856 -3.58827 72.0173 1.15471 -13 566 1 0 1
-7.95524 -5.90936 90.5569 -4.38464 -3.17624 53.2672 0.698706 -13 567 1 0 1
-6.27347 10.3545 90.5569 -6.40383 9.83794 70.7201 0.593848 -13 568 1 0 1
1.31551 -6.96573 90.5569 0.99464 -5.65248 61.6988 2.2458 -13 569 1 0 1
0.442177 -8.81543 90.5569 1.31069 -4.79299 52.4199 -1.90306 -13 570 1 0 1
2.81225 19.02 90.5569 1.64889 6.5105 24.3189 0.818922 -13 571 1 0 1
1.50474 -6.6631 90.5569 -0.453271 -7.60971 75.3832 0.253095 -13 572 1 0 1
-8.17131 -2.76133 90.5569 -7.40603 -4.39806 68.4648 2.3645 -13 573 1 0 1
-9.57108 25.0502 90.5569 -6.74324 19.2127 57.6567 -0.485363 -13 574 1 0 1
2.64955 -3.10609 90.5569 1.33693 -2.70489 69.6844 0.598716 -13 575 1 0 1
-1.20477 3.02681 90.5569 -1.64025 0.101637 68.7016 -0.474765 -13 576 1 0 1
3.66496 -6.35157 90.5569 2.48757 -2.7269 65.7433 -1.54252 -13 577 1 0 1
-7.70464 14.7842 90.5569 -8.19021 13.453 71.652 2.35415 -13 578 1 0 1
11.0907 -17.3218 90.5569 8.70829 -13.3237 61.1556 0.208788 -13 579 1 0 1
-14.8038 9.2701 90.5569 -12.6326 9.01412 65.4911 1.91199 -13 580 1 0 1
11.8483 3.46444 90.5569 9.21516 1.59788 62.145 0.521393 -13 581 1 0 1
5.37231 -0.203755 90.5569 3.58567 -0.952414 71.3262 -0.0312542 -13 583 1 0 1
8.82986 7.13602 90.5569 6.5302 4.04453 64.3671 -0.319683 -13 584 1 0 1
-1.6584 -6.88553 90.5569 -1.91015 -6.81575 65.1376 -1.61732 -13 585 1 0 1
3.86566 -12.6179 90.5569 2.08471 -12.0508 71.1349 2.59573 -13 586 1 0 1
-9.63411 16.3851 90.5569 -10.3535 16.3731 72.2841 0.776029 -13 587 1 0 1
8.27182 -0.0163799 90.5569 6.36306 1.23471 66.7438 -1.69416 -13 588 1 0 1
0.341843 4.5889 90.5569 -0.699459 3.23514 70.4967 -0.830889 -13 589 1 0 1
-12.2785 -13.5816 90.5569 -12.5985 -13.9407 72.8128 -0.452587 -13 590 1 0 1
-8.21711 -0.928855 90.5569 -10.3453 0.483486 77.5339 2.9778 -13 591 1 0 1
-2.4997 -0.616456 90.5569 -2.93565 -1.2719 71.4164 -2.20087 -13 592 1 0 1
3.55973 5.07085 90.5569 3.02258 1.79379 64.2709 2.3832 -13 593 1 0 1
-11.7574 0.950153 90.5569 -9.62737 -0.299913 63.0466 0.690033 -13 594 1 0 1
4.52921 -3.98822 90.5569 3.36496 -1.83041 63.8424 1.0294 -13 595 1 0 1
-15.2692 -2.48869 90.5569 -6.37964 -11.2736 68.7844 0.326767 -13 597 1 0 1
1.3883 -10.6907 90.5569 -2.1381 -11.2828 80.7057 -1.32458 -13 598 1 0 1
-7.11834 -1.01222 90.5569 -2.93443 -0.571855 46.7954 -1.00827 -13 599 1 0 1
-0.167275 -14.0868 90.5569 0.873453 -8.96782 50.6779 1.08825 -13 600 1 0 1
5.41324 0.289043 90.5569 4.07013 -0.0214562 59.5383 1.65977 -13 601 1 0 1
2.01473 -8.49076 90.5569 1.69153 -6.5333 64.4338 1.08811 -13 602 1 0 1
11.7424 -4.07503 90.5569 8.36024 -3.18482 47.3693 0.72455 -13 604 1 0 1
-3.21335 -30.1919 90.5569 -1.98119 -20.6073 57.3297 0.562887 -13 605 1 0 1
10.1926 -2.27615 90.5569 7.55803 -1.87796 66.805 3.07284 -13 606 1 0 1
11.3656 14.2044 90.5569 8.00635 15.2997 75.5033 -0.330074 -13 607 1 0 1
-15.2164 3.22851 90.5569 -11.6225 -4.23815 67.3211 0.592669 -13 609 1 0 1
-6.8045 5.28955 90.5569 -6.21387 7.41575 67.3669 -1.21692 -13 610 1 0 1
-4.09909 1.16292 90.5569 -1.95106 -0.507026 54.1564 1.43905 -13 611 1 0 1
2.22859 -6.54676 90.5569 1.8971 -6.62142 64.5192 0.170137 -13 614 1 0 1
-10.196 -2.21124 90.5569 -10.366 -4.16869 73.0557 1.2588 -13 615 1 0 1
5.01317 6.1073 90.5569 2.35658 7.00594 78.1451 0.212471 -13 616 1 0 1
2.22525 -11.0386 90.5569 1.54851 -7.84545 63.7845 -0.212267 -13 617 1 0 1
-3.84384 28.8352 90.5569 -2.55529 20.8333 56.2988 -0.496796 -13 618 1 0 1
-4.87487 3.79528 90.5569 -7.25149 3.36337 77.6377 -1.77799 -13 620 1 0 1
2.81599 -7.1624 90.5569 2.44846 -3.29706 60.0345 1.18525 -13 621 1 0 1
12.9926 -33.5909 90.5569 9.21603 -21.2111 54.9772 0.908419 -13 622 1 0 1
-0.117365 -0.679989 90.5569 0.362915 1.31779 60.831 0.205885 -13 623 1 0 1
7.25957 5.35327 90.5569 5.94636 3.27342 65.2723 0.184626 -13 624 1 0 1
-9.54618 16.5266 90.5569 -6.15814 9.86655 56.36 -0.311334 -13 625 1 0 1
6.18573 3.64905 90.5569 4.07093 2.01307 70.8492 2.9133 -13 626 1 0 1
-11.9155 8.96461 90.5569 -13.2159 11.1741 75.2077 1.02542 -13 627 1 0 1
9.87188 -8.03147 90.5569 7.75651 -6.52769 72.2886 0.60089 -13 628 1 0 1
-2.03884 17.3769 90.5569 -1.47177 14.8168 64.7959 0.682878 -13 629 1 0 1
-13.8822 10.6498 90.5569 -10.8155 9.26 62.2005 1.16597 -13 630 1 0 1
1.51047 2.69878 90.5569 2.01864 2.37873 59.1778 -0.137119 -13 631 1 0 1
-1.80265 -10.033 90.5569 -1.98078 -7.92398 66.7696 -1.02798 -13 632 1 0 1
-10.5178 9.50606 90.5569 -10.7874 10.3344 71.9675 -1.644 -13 636 1 0 1
8.97252 -0.107868 90.5569 6.40473 -0.958611 72.2097 0.55168 -13 637 1 0 1
-4.83663 -18.8385 90.5569 -0.883118 -6.58612 27.9673 0.976291 -13 638 1 0 1
7.12878 -11.5521 90.5569 5.25469 -9.29809 65.7868 -1.47384 -13 639 1 0 1
8.85407 8.36242 90.5569 5.13953 4.00343 39.1189 -1.45703 -13 640 1 0 1
14.8878 -12.4426 90.5569 11.2228 -10.0302 61.2331 -0.806404 -13 641 1 0 1
4.05278 -11.3352 90.5569 3.65822 -7.02023 57.6571 0.491612 -13 642 1 0 1
-0.784261 -19.6666 90.5569 -1.80776 -17.121 69.6481 0.0917741 -13 643 1 0 1
-8.25759 -15.0961 90.5569 -4.45896 -9.96495 49.745 2.83022 -13 644 1 0 1
5.21564 -12.5273 90.5569 4.22166 -8.32674 56.8025 1.53581 -13 645 1 0 1
-11.005 3.94713 90.5569 -11.3918 3.20411 71.5963 1.8089 -13 646 1 0 1
7.9712 0.983628 90.5569 6.30162 1.36866 68.2102 0.349706 -13 649 1 0 1
-1.79146 -7.17728 90.5569 -3.37021 -5.3222 73.6055 1.39809 -13 650 1 0 1
2.51113 3.45565 90.5569 1.28916 2.58871 68.1845 0.949002 -13 651 1 0 1
-3.6387 -6.28766 90.5569 -3.48685 -5.6738 65.8398 1.4636 -13 652 1 0 1
1.36918 -7.25619 90.5569 0.289245 -5.02663 68.4283 1.07593 -13 653 1 0 1
9.34577 -4.74796 90.5569 6.45381 -2.25962 40.5068 0.244145 -13 654 1 0 1
-9.14703 -13.1726 90.5569 -3.08813 -6.31561 34.3429 0.922447 -13 655 1 0 1
-14.0508 15.2634 90.5569 -11.4272 13.2855 62.8494 0.364761 -13 656 1 0 1
-3.5125 -2.64446 90.5569 -2.6993 -0.249124 61.4808 1.08299 -13 657 1 0 1
-3.76803 -10.5743 90.5569 -4.27446 -7.14233 68.8906 2.66565 -13 659 1 0 1
0.232696 -6.31862 90.5569 -0.430726 -4.74388 67.1133 -1.05995 -13 660 1 0 1
-4.28588 -4.49846 90.5569 -6.52249 -6.6543 76.3055 2.04392 -13 661 1 0 1
-8.31816 5.25844 90.5569 -5.55654 3.77863 57.8063 0.2206 -13 662 1 0 1
9.02049 4.35796 90.5569 6.92755 3.96923 57.4543 0.933138 -13 663 1 0 1
-4.81568 -10.4969 90.5569 -5.58705 -8.49306 70.1753 2.16653 -13 664 1 0 1
-3.57456 -4.72991 90.5569 -5.53823 -5.33494 76.7358 0.711236 -13 665 1 0 1
-13.5173 0.111542 90.5569 -9.90933 0.826779 61.0371 1.44865 -13 666 1 0 1
-0.171425 1.56788 90.5569 0.00595864 1.60593 60.4814 -1.68351 -13 667 1 0 1
-5.01868 -11.775 90.5569 -1.44329 -5.66246 35.1235 1.45538 -13 668 1 0 1
1.99519 -16.3502 90.5569 1.43983 -13.3965 67.0769 1.82547 -13 669 1 0 1
4.30029 -11.3501 90.5569 2.51441 -9.59186 72.2925 0.450432 -13 670 1 0 1
14.7121 -15.1478 90.5569 11.3233 -11.3548 61.8868 0.9501 -13 671 1 0 1
12.7959 12.6485 90.5569 8.80809 8.41575 55.9884 2.05902 -13 672 1 0 1
0.0416706 29.3363 90.5569 0.312555 20.0526 57.6079 0.83263 -13 673 1 0 1
15.6821 5.60867 90.5569 3.94743 2.06897 16.0507 1.32534 -13 674 1 0 1
-3.37777 -17.1463 90.5569 -2.4867 -13.8776 62.0124 3.63886 -13 675 1 0 1
1.27077 9.62723 90.5569 -0.0450421 11.6503 71.4556 1.97542 -13 678 1 0 1
-10.2943 16.2515 90.5569 -9.11566 13.6794 66.2692 0.460575 -13 679 1 0 1
-7.48518 4.31065 90.5569 -4.33023 2.12411 55.943 -0.388159 -13 680 1 0 1
-1.64652 -4.45929 90.5569 -2.8648 -7.15576 73.2098 -2.81219 -13 681 1 0 1
-2.20911 -23.4575 90.5569 0.0822653 -11.6095 32.3166 0.791244 -13 682 1 0 1
-1.58406 -8.17692 90.5569 -1.08941 -5.81358 61.4355 0.261794 -13 684 1 0 1
7.23716 12.2834 90.5569 5.36713 10.7676 69.4077 0.8566 -13 686 1 0 1
9.33158 -0.362437 90.5569 6.96607 0.769698 53.3522 2.20324 -13 687 1 0 1
-2.49311 6.33326 90.5569 -2.46406 3.88315 66.5829 0.423281 -13 688 1 0 1
11.7794 -15.1695 90.5569 9.05448 -12.2606 59.6374 1.48931 -13 690 1 0 1
3.23687 0.582014 90.5569 2.10344 -1.01167 64.8641 -1.4912 -13 691 1 0 1
-4.93871 0.505465 90.5569 -3.89665 -1.56949 62.2891 -0.472055 -13 692 1 0 1
8.27614 3.84595 90.5569 5.76443 -0.450542 50.7193 2.3761 -13 693 1 0 1
0.980962 -11.2779 90.5569 0.387809 -7.30871 64.9205 2.83411 -13 694 1 0 1
1.94954 10.2637 90.5569 1.51922 8.32639 64.5573 0.821722 -13 696 1 0 1
-4.36581 7.68141 90.5569 -5.35327 7.65537 70.5372 0.980099 -13 697 1 0 1
1.32228 -4.84576 90.5569 -0.255109 -4.2416 73.2304 1.83434 -13 700 1 0 1
5.3183 10.2445 90.5569 3.82686 10.3697 69.8401 1.79244 -13 701 1 0 1
8.26829 1.43107 90.5569 5.42701 1.05084 44.4344 1.93742 -13 702 1 0 1
-9.28443 6.22853 90.5569 -12.0311 5.13118 78.9579 -1.79514 -13 703 1 0 1
12.0376 14.6413 90.5569 9.11513 11.5316 56.2992 0.0504368 -13 704 1 0 1
2.36426 6.11319 90.5569 2.41263 3.43649 53.7743 1.95184 -13 705 1 0 1
-3.6106 5.59675 90.5569 -1.47449 3.99598 54.5846 -1.06863 -13 706 1 0 1
-0.972517 2.84678 90.5569 -2.17607 5.17812 72.2451 3.76516 -13 707 1 0 1
-15.4621 -4.65616 90.5569 -16.6309 2.24057 41.1129 1.02222 -13 708 1 0 1
-1.0496 -7.68105 90.5569 -0.943586 -7.34554 65.5975 0.555618 -13 709 1 0 1
2.46248 -3.79387 90.5569 2.61553 -3.34766 44.524 -0.352009 -13 710 1 0 1
7.46396 1.79164 90.5569 5.38371 -0.130341 50.8204 0.234267 -13 711 1 0 1
0.979355 -9.17315 90.5569 -0.077027 -7.48193 69.1315 1.84824 -13 712 1 0 1
-3.42496 -9.72842 90.5569 -6.78373 -10.9154 80.1527 0.431757 -13 713 1 0 1
1.88997 0.436898 90.5569 2.074 -0.989491 49.8791 2.22155 -13 714 1 0 1
-3.95297 7.32318 90.5569 -4.69582 7.4985 71.0294 -0.620933 -13 715 1 0 1
13.4595 12.1555 90.5569 9.51429 7.38776 49.9326 1.79162 -13 716 1 0 1
-2.3668 -4.51086 90.5569 -0.651809 -3.34832 52.844 2.33525 -13 717 1 0 1
-6.50154 0.61979 90.5569 -7.13585 -0.564643 72.0307 1.39244 -13 718 1 0 1
4.22402 3.25871 90.5569 2.57538 4.22337 71.9136 0.351961 -13 719 1 0 1
-0.10071 15.1838 90.5569 -0.333177 12.3973 65.3584 2.56295 -13 720 1 0 1
8.40889 -13.4438 90.5569 6.03646 -11.5904 71.0731 0.369384 -13 721 1 0 1
10.8978 -12.3953 90.5569 8.06168 -9.04402 55.2047 -0.999104 -13 722 1 0 1
0.569243 -7.33667 90.5569 0.41426 -4.20825 61.7518 -0.712846 -13 723 1 0 1
0.998594 13.3421 90.5569 -0.517133 10.9889 72.1916 2.45557 -13 724 1 0 1
-6.19503 14.7539 90.5569 -3.73312 9.21531 55.1711 0.255674 -13 725 1 0 1
9.83056 4.00779 90.5569 6.26775 2.46657 44.6588 2.5546 -13 727 1 0 1
9.62619 33.7629 90.5569 5.54972 17.6 40.1906 0.353538 -13 728 1 0 1
5.0153 -6.80793 90.5569 2.35036 -5.85691 76.261 -1.38648 -13 729 1 0 1
-5.49789 -17.6947 90.5569 -1.08629 -7.06471 35.9557 0.532929 -13 730 1 0 1
-3.95253 -5.3824 90.5569 -4.41658 -3.8581 70.4414 -0.784569 -13 731 1 0 1
-5.22713 10.861 90.5569 -4.91154 8.05783 68.5669 2.47417 -13 732 1 0 1
-8.32312 -0.184246 90.5569 -3.62991 -1.45919 46.5349 0.177483 -13 733 1 0 1
4.72874 1.94602 90.5569 3.24755 -2.82524 71.4949 2.70067 -13 734 1 0 1
6.15801 9.38193 90.5569 4.48699 5.46107 47.1766 0.385391 -13 736 1 0 1
-4.19824 11.4468 90.5569 -2.95337 8.30915 62.816 2.55201 -13 737 1 0 1
-0.923759 -1.78344 90.5569 -0.514712 -0.284463 57.7435 2.04461 -13 738 1 0 1
7.09599 -3.22773 90.5569 5.46962 -1.13966 59.2748 -0.64243 -13 739 1 0 1
-7.65807 1.60356 90.5569 -8.40593 1.17945 72.7854 1.22388 -13 740 1 0 1
-3.3996 5.22228 90.5569 -3.97842 5.64294 71.9364 1.7771 -13 743 1 0 1
-5.59414 9.61175 90.5569 -3.21355 5.52147 55.6722 0.787312 -13 744 1 0 1
13.2473 12.6635 90.5569 9.8747 10.6429 71.7889 2.40501 -13 745 1 0 1
-3.11671 -7.4867 90.5569 -3.38537 -6.35799 68.2881 -1.35773 -13 746 1 0 1
1.80174 -3.49798 90.5569 0.953236 -2.75218 68.0531 0.638878 -13 747 1 0 1
-9.26709 2.2551 90.5569 -4.50964 1.96889 48.9976 -1.23986 -13 748 1 0 1
5.85754 -7.96125 90.5569 3.6063 -7.3548 72.9837 1.5689 -13 749 1 0 1
-0.0990913 8.7316 90.5569 -0.00305934 3.39502 64.0424 1.18578 -13 750 1 0 1
-4.49917 12.9558 90.5569 -2.169 9.17331 52.497 0.560545 -13 751 1 0 1
-2.58754 14.9754 90.5569 -2.52503 13.8595 66.648 -0.0168675 -13 752 1 0 1
-2.39961 3.01792 90.5569 -1.75882 0.921222 64.3822 -0.562078 -13 753 1 0 1
-10.0581 -2.03238 90.5569 -9.38587 -0.899764 69.7934 0.76608 -13 754 1 0 1
1.48554 -2.75431 90.5569 -0.616227 -3.23665 75.7734 -0.998175 -13 755 1 0 1
8.54548 9.4075 90.5569 6.41556 9.72192 67.9226 -0.577256 -13 756 1 0 1
3.03071 -6.16288 90.5569 3.24465 -6.1373 56.5526 0.870197 -13 758 1 0 1
8.34931 -21.475 90.5569 6.03863 -16.8845 61.127 1.64432 -13 759 1 0 1
5.06505 -4.17801 90.5569 4.19778 -3.17984 54.9554 0.723941 -13 760 1 0 1
3.41321 -9.75912 90.5569 2.64912 -6.27958 59.4522 1.18942 -13 761 1 0 1
5.92511 3.12421 90.5569 4.12494 3.15146 70.589 -2.14411 -13 764 1 0 1
-2.56007 -7.15309 90.5569 -1.69898 -6.27613 64.9007 -0.0818469 -13 765 1 0 1
13.0265 24.2341 90.5569 5.71514 8.83898 28.4852 -0.286103 -13 766 1 0 1
4.11723 -3.48452 90.5569 3.35929 -3.11954 58.9818 0.053305 -13 767 1 0 1
10.7867 -25.5951 90.5569 8.23066 -20.6096 65.093 1.09971 -13 768 1 0 1
6.35514 0.624757 90.5569 4.40628 -0.811563 40.0729 0.777113 -13 769 1 0 1
-8.39508 -4.99535 90.5569 -8.07204 -8.05089 70.4394 -0.596478 -13 770 1 0 1
4.70753 -26.0569 90.5569 3.3812 -12.7506 37.7777 0.0168119 -13 771 1 0 1
8.79046 2.33336 90.5569 6.94106 1.00845 55.7628 0.339232 -13 772 1 0 1
10.0702 0.267602 90.5569 7.04139 0.697704 76.7218 0.939667 -13 773 1 0 1
-8.6335 -3.91204 90.5569 -5.61568 -1.8578 58.3271 1.44665 -13 774 1 0 1
-4.33229 8.59994 90.5569 -2.23058 6.13105 55.2638 3.04493 -13 776 1 0 1
-7.60642 -8.08976 90.5569 -6.96722 -7.59799 67.2686 0.429826 -13 777 1 0 1
-1.21583 13.2923 90.5569 0.238132 9.06887 45.9844 3.17892 -13 778 1 0 1
-15.4207 -4.49114 90.5569 0.771304 -1.21771 50.0168 2.15227 -13 779 1 0 1
7.64927 -0.537873 90.5569 6.43351 -0.15944 67.6353 -0.449697 -13 780 1 0 1
-4.37297 3.5846 90.5569 -3.84439 1.90692 66.1655 0.35112 -13 781 1 0 1
-7.18845 -8.34512 90.5569 -5.79643 -6.45458 63.0541 0.98637 -13 782 1 0 1
12.9744 -6.57655 90.5569 9.79754 -4.15934 58.6301 1.48159 -13 783 1 0 1
-15.2936 -23.0696 90.5569 0.33467 -19.354 42.3604 -0.383956 -13 784 1 0 1
-13.791 -3.64482 90.5569 -15.5319 -6.53098 76.4442 0.228736 -13 785 1 0 1
11.6552 -0.783091 90.5569 9.09381 -2.69631 70.7238 0.880686 -13 789 1 0 1
3.3122 -4.62732 90.5569 2.40068 -5.23822 60.2874 2.49731 -13 790 1 0 1
7.27296 -14.7198 90.5569 5.57744 -13.6412 67.34 -0.959796 -13 791 1 0 1
-4.69279 -1.6626 90.5569 -4.08761 -1.14573 66.9291 2.64968 -13 792 1 0 1
7.88106 -1.00968 90.5569 5.7909 -1.72185 53.1324 2.31346 -13 793 1 0 1
5.11823 -12.3759 90.5569 3.78983 -9.51759 69.1299 0.737724 -13 794 1 0 1
-10.5784 -13.565 90.5569 -7.07122 -9.83222 55.8893 -1.89082 -13 795 1 0 1
-10.1924 2.07692 90.5569 -6.62804 1.31281 58.6431 0.394589 -13 796 1 0 1
0.391306 -0.552555 90.5569 1.33715 -1.81119 48.3425 -0.262107 -13 797 1 0 1
-0.188529 18.8033 90.5569 -2.15421 17.5813 73.7201 2.43684 -13 798 1 0 1
0.141284 6.70253 90.5569 0.0361353 4.64519 63.5818 1.38225 -13 799 1 0 1
-14.1298 7.19335 90.5569 -10.0288 6.56104 59.0042 1.69228 -13 800 1 0 1
11.311 4.30775 90.5569 9.25717 1.2644 68.8157 2.68052 -13 801 1 0 1
-1.79099 -8.75459 90.5569 -1.84267 -8.37567 66.3088 -0.82069 -13 802 1 0 1
3.59347 1.79359 90.5569 1.1604 4.32025 75.8772 -1.25916 -13 803 1 0 1
0.0238725 -1.19666 90.5569 0.740186 -0.268697 23.8354 0.654991 -13 805 1 0 1
4.15437 -2.40703 90.5569 3.44983 -2.10168 56.6147 1.49835 -13 806 1 0 1
-7.71535 -12.8629 90.5569 -6.3976 -9.53439 66.1099 0.855633 -13 807 1 0 1
-10.6193 0.914717 90.5569 -8.60853 0.604127 64.7843 -0.0867325 -13 809 1 0 1
-5.83538 -2.96709 90.5569 -7.67098 -3.9019 76.6921 -0.248761 -13 810 1 0 1
2.17626 2.51725 90.5569 1.3008 3.18677 70.6372 0.229949 -13 811 1 0 1
-11.8533 -8.8612 90.5569 -4.72842 -3.5949 39.2568 2.6243 -13 812 1 0 1
9.64769 12.9633 90.5569 7.15529 10.0571 56.1848 1.27301 -13 813 1 0 1
-0.358663 0.320796 90.5569 -0.0551366 1.74913 62.6884 1.18624 -13 814 1 0 1
9.63393 9.1934 90.5569 7.22315 6.65648 55.1655 -1.54142 -13 815 1 0 1
1.76213 -3.61927 90.5569 -0.855584 -3.35225 77.0577 1.91099 -13 816 1 0 1
3.18101 -1.08418 90.5569 3.07059 -0.432782 39.7169 -1.02571 -13 817 1 0 1
6.58243 -13.7106 90.5569 5.03592 -9.23684 48.7398 0.451292 -13 820 1 0 1
-3.98664 -4.38642 90.5569 -1.76158 -1.54629 52.8402 -1.21975 -13 821 1 0 1
-8.76781 5.12455 90.5569 -13.158 2.65095 80.3805 1.04045 -13 822 1 0 1
7.53989 -1.07873 90.5569 6.13449 -1.7441 57.0633 0.409368 -13 823 1 0 1
-5.71915 -6.66418 90.5569 -4.50082 -5.28573 61.206 0.751834 -13 825 1 0 1
2.72864 7.95692 90.5569 1.63569 8.05707 66.7864 -0.943684 -13 826 1 0 1
3.08987 -14.8452 90.5569 2.48521 -12.5267 62.2534 3.13245 -13 827 1 0 1
3.21416 0.587911 90.5569 2.78955 -0.85681 65.009 -2.00367 -13 828 1 0 1
3.04868 -11.6079 90.5569 2.24197 -9.63262 64.3342 0.295378 -13 830 1 0 1
5.04277 -3.06227 90.5569 3.65114 -3.55705 65.8202 2.43512 -13 831 1 0 1
-0.629721 -10.0834 90.5569 0.301617 -7.37136 55.7715 0.863644 -13 832 1 0 1
-2.03636 -4.46408 90.5569 -1.61843 -3.64259 62.0346 0.839733 -13 833 1 0 1
-2.40939 -12.0505 90.5569 -1.40945 -7.97997 60.5398 0.245815 -13 834 1 0 1
-4.67776 -14.7499 90.5569 -7.37766 -14.8807 77.0272 -0.528016 -13 835 1 0 1
8.91746 15.0131 90.5569 6.41266 12.78 65.2445 0.34067 -13 836 1 0 1
15.1122 -17.9919 90.5569 14.9146 -13.8704 61.1093 1.4917 -13 837 1 0 1
6.85256 5.5774 90.5569 4.77455 3.01736 71.7143 -0.896989 -13 838 1 0 1
0.555322 -11.2526 90.5569 1.22856 -6.54027 55.5427 0.0935718 -13 839 1 0 1
-10.2493 8.14034 90.5569 -7.44515 5.61659 59.9662 2.90757 -13 840 1 0 1
-4.04353 10.6827 90.5569 -2.40043 6.53697 58.6392 -1.34092 -13 841 1 0 1
-4.47305 -2.9669 90.5569 -5.48673 -2.04312 73.4329 -0.549601 -13 842 1 0 1
-4.55466 -13.3583 90.5569 -6.08434 -14.8363 73.2781 0.913962 -13 843 1 0 1
-8.64523 15.5351 90.5569 -5.76963 11.2425 58.273 1.38087 -13 844 1 0 1
6.73527 -1.26639 90.5569 5.31663 0.00657624 60.2196 1.45881 -13 845 1 0 1
10.7453 -12.1783 90.5569 8.13501 -5.98047 57.7963 -0.676582 -13 847 1 0 1
-8.15656 -1.06834 90.5569 -5.03195 -1.99249 55.4564 -0.302155 -13 848 1 0 1
-13.3118 -5.05825 90.5569 -8.19321 -2.66725 53.4478 -1.48413 -13 849 1 0 1
14.6619 -15.0862 90.5569 11.2845 -12.3021 67.3133 -0.430097 -13 850 1 0 1
-5.3506 8.24629 90.5569 -3.52966 5.19653 59.7589 0.00418486 -13 851 1 0 1
9.53928 -2.02329 90.5569 6.39162 -1.46679 75.6427 0.925809 -13 852 1 0 1
0.527487 5.69569 90.5569 0.584839 4.41063 62.09 1.55378 -13 853 1 0 1
-2.83322 -0.9591 90.5569 -3.74236 -2.91646 69.4803 -0.382678 -13 854 1 0 1
-6.0839 12.7328 90.5569 -4.45307 9.80575 61.7038 0.59331 -13 855 1 0 1
-14.8996 -3.11862 90.5569 -10.4986 -4.64076 57.8346 0.820741 -13 856 1 0 1
2.71586 -3.31282 90.5569 2.11442 -0.263413 66.0638 -0.41929 -13 857 1 0 1
0.625854 -2.27453 90.5569 1.46668 -0.802734 55.433 2.09374 -13 859 1 0 1
-4.25954 4.39157 90.5569 -4.04174 3.88081 67.8467 1.7687 -13 860 1 0 1
-1.45404 -6.658 90.5569 -3.45856 -6.77063 77.0051 -1.40312 -13 861 1 0 1
-0.462779 6.3106 90.5569 -0.437169 5.82344 63.8997 0.380398 -13 862 1 0 1
-2.2838 1.17764 90.5569 -1.5241 1.44984 62.6864 -0.141269 -13 864 1 0 1
-4.68009 -7.07435 90.5569 -2.55327 -3.59837 55.3782 2.29049 -13 865 1 0 1
5.03261 16.7938 90.5569 3.91402 13.0407 55.9497 0.449759 -13 866 1 0 1
4.9943 4.18821 90.5569 2.75129 2.80679 74.956 -0.227943 -13 867 1 0 1
-4.7361 1.77905 90.5569 -7.48399 0.4676 78.4194 -1.21661 -13 868 1 0 1
0.743366 -6.78843 90.5569 0.704913 -5.97436 60.0246 1.23596 -13 870 1 0 1
3.41766 -20.8295 90.5569 2.29636 -17.3446 64.8202 -0.723014 -13 871 1 0 1
-4.70854 -3.8406 90.5569 -4.43992 -2.36874 67.6189 -0.676925 -13 872 1 0 1
5.99034 -0.835881 90.5569 4.1991 -1.97646 71.8039 -0.643053 -13 873 1 0 1
-4.39275 9.74131 90.5569 -4.18286 8.37084 66.7523 3.03489 -13 874 1 0 1
-6.63249 -6.98657 90.5569 -5.15339 -5.99123 62.7966 0.680653 -13 875 1 0 1
5.83682 9.28227 90.5569 3.41511 7.88585 74.9031 0.423411 -13 876 1 0 1
4.87018 12.3967 90.5569 3.73781 13.2638 68.3206 -1.55895 -13 877 1 0 1
0.769648 11.8516 90.5569 -0.899214 12.4404 72.7092 -3.27643 -13 878 1 0 1
-10.1583 5.84158 90.5569 -5.26584 3.2061 51.4326 1.67699 -13 879 1 0 1
7.49818 -8.27489 90.5569 5.85876 -7.39684 68.293 1.25585 -13 880 1 0 1
4.0298 -8.68502 90.5569 3.36727 -6.13356 56.8148 2.31407 -13 881 1 0 1
14.5554 21.6487 90.5569 11.1561 19.3775 72.7537 -0.129919 -13 882 1 0 1
4.82816 -2.37785 90.5569 1.72687 -5.38241 79.714 2.7353 -13 886 1 0 1
0.384202 6.93692 90.5569 1.18387 3.48701 55.4521 0.524507 -13 888 1 0 1
-2.44343 -5.59445 90.5569 -1.17515 -3.62315 57.454 -0.155023 -13 889 1 0 1
9.16014 -17.5655 90.5569 6.88602 -15.0944 67.3051 -0.717013 -13 890 1 0 1
4.98358 -2.37439 90.5569 3.21056 -0.759896 35.0787 -0.466067 -13 891 1 0 1
-8.08058 -9.63243 90.5569 -8.13789 -6.37954 70.9936 0.846717 -13 892 1 0 1
-14.0894 1.553 90.5569 -9.51594 2.16267 58.5202 -1.20777 -13 893 1 0 1
9.55148 -5.056 90.5569 6.93547 -4.10946 76.0561 0.361257 -13 894 1 0 1
-7.38165 17.2813 90.5569 -6.85767 15.3286 68.0178 -1.26316 -13 896 1 0 1
-2.47896 -7.96673 90.5569 -0.926624 -4.76677 49.2305 -1.25877 -13 897 1 0 1
3.32179 -2.17308 90.5569 2.69056 -0.912858 55.6781 -0.22993 -13 898 1 0 1
5.02862 0.806427 90.5569 3.50969 -1.04051 68.5779 0.980585 -13 901 1 0 1
-0.694451 -15.6625 90.5569 -2.61152 -11.2478 74.651 1.5359 -13 903 1 0 1
6.23419 -2.31714 90.5569 4.69311 -3.1408 58.7872 2.37602 -13 904 1 0 1
-16.172 4.46817 90.5569 -8.36864 13.0994 39.2342 0.513433 -13 905 1 0 1
2.32939 12.9815 90.5569 1.31569 9.48104 67.6886 0.705735 -13 907 1 0 1
-7.24825 -10.9006 90.5569 -2.37436 -5.07548 37.4887 0.811448 -13 908 1 0 1
-1.33153 -5.49095 90.5569 -3.04212 -3.42755 73.6688 1.05777 -13 909 1 0 1
-3.15056 -5.95988 90.5569 -3.76417 -5.45129 70.4407 0.218501 -13 910 1 0 1
-0.748989 30.8729 90.5569 0.328862 15.9963 40.0377 -0.029817 -13 911 1 0 1
7.02526 19.1908 90.5569 4.71011 11.3442 54.6938 -0.343406 -13 912 1 0 1
-2.23611 11.3114 90.5569 -6.20438 13.7233 78.8308 1.66125 -13 913 1 0 1
6.30408 -11.9711 90.5569 4.90433 -8.19449 61.317 -0.439315 -13 915 1 0 1
-2.91834 14.4691 90.5569 -0.260558 8.12751 41.0562 0.346973 -13 917 1 0 1
-14.5509 10.4043 90.5569 -14.1481 9.10843 70.7479 2.41105 -13 918 1 0 1
-4.16642 4.70397 90.5569 -3.63881 2.7612 66.4135 -0.209596 -13 919 1 0 1
-8.18347 -3.00735 90.5569 -10.7911 -1.27698 78.8956 0.804139 -13 920 1 0 1
12.0429 -2.12253 90.5569 6.09175 -2.4954 34.0399 1.02745 -13 921 1 0 1
-8.77626 -13.284 90.5569 -12.1211 -12.3549 79.318 2.79559 -13 922 1 0 1
-8.39072 -0.628571 90.5569 -5.77705 -0.569173 58.8583 0.273529 -13 923 1 0 1
-1.51284 4.27812 90.5569 -1.90693 2.49146 68.4736 -0.659627 -13 924 1 0 1
-0.447184 9.94254 90.5569 -0.46457 8.08049 62.7815 0.78025 -13 925 1 0 1
-5.87258 6.53425 90.5569 -7.98154 5.21641 77.0158 1.73182 -13 926 1 0 1
-2.95346 -4.22038 90.5569 -2.37484 -1.64218 67.8944 0.939658 -13 927 1 0 1
4.78231 -5.62995 90.5569 3.97431 -4.59286 58.0508 0.200953 -13 928 1 0 1
-2.60905 1.85647 90.5569 -3.067 1.51333 70.3795 1.71424 -13 930 1 0 1
11.7317 -1.74948 90.5569 8.89598 -2.74931 62.7564 2.40422 -13 931 1 0 1
-4.18564 -9.38344 90.5569 -1.92887 -6.41627 52.5859 2.3499 -13 932 1 0 1
7.47975 13.88 90.5569 5.47145 13.073 68.0757 1.41857 -13 933 1 0 1
-6.64682 6.45729 90.5569 -7.91296 6.73764 74.0442 -0.188316 -13 934 1 0 1
-3.08504 -6.03516 90.5569 -4.49944 -3.51273 73.2667 0.154148 -13 938 1 0 1
0.711975 -4.56085 90.5569 1.10583 -3.41824 61.324 -0.13347 -13 939 1 0 1
-1.7028 3.72668 90.5569 -0.93851 3.6659 60.5605 0.3801 -13 940 1 0 1
-5.90246 6.57418 90.5569 -5.14289 6.77978 66.4908 0.608185 -13 941 1 0 1
13.3999 -2.38829 90.5569 10.2549 -2.18481 71.6835 0.926053 -13 942 1 0 1
6.2865 -4.30578 90.5569 4.57449 -2.92597 67.8716 1.80458 -13 943 1 0 1
-3.72659 3.13126 90.5569 -1.44508 3.70321 52.4738 0.0304299 -13 944 1 0 1
-2.4624 21.1515 90.5569 -3.41488 19.8318 69.8236 1.27207 -13 945 1 0 1
-1.19678 9.83048 90.5569 0.240361 5.57411 45.1467 -0.222279 -13 946 1 0 1
9.41372 -0.0227453 90.5569 7.34991 1.37066 65.036 -0.778367 -13 947 1 0 1
13.0225 -8.06671 90.5569 8.81179 -4.16346 50.3584 1.78106 -13 948 1 0 1
-11.1796 -5.41874 90.5569 -6.32851 -3.57236 54.06 0.863552 -13 949 1 0 1
-3.85476 7.0409 90.5569 -3.13431 4.88317 65.8619 0.46244 -13 950 1 0 1
8.02956 -6.81254 90.5569 6.18171 -5.08622 59.2602 3.09501 -13 952 1 0 1
3.98384 -6.77443 90.5569 2.83627 -5.46603 59.6313 0.691656 -13 953 1 0 1
1.14552 -23.7528 90.5569 1.46983 -15.9053 54.4433 0.230368 -13 954 1 0 1
5.79895 -5.52813 90.5569 4.3493 -6.35484 60.8376 0.964352 -13 955 1 0 1
-3.91886 5.63334 90.5569 -2.07995 2.43886 54.6059 0.364432 -13 956 1 0 1
-12.2863 -6.72648 90.5569 -8.22299 -6.26536 57.271 -0.575772 -13 957 1 0 1
-11.1834 -0.524043 90.5569 -16.0003 -1.3411 79.1496 -0.431684 -13 958 1 0 1
15.6902 -7.59799 90.5569 10.6355 3.9624 31.0102 0.83117 -13 959 1 0 1
-8.10033 -2.60008 90.5569 -9.08563 -3.05184 73.6031 -1.63551 -13 960 1 0 1
7.08824 -9.28197 90.5569 5.83924 -5.44565 55.273 0.645783 -13 961 1 0 1
11.9823 -4.51717 90.5569 6.53373 -2.12231 35.2418 1.36748 -13 962 1 0 1
-1.00463 2.39969 90.5569 -0.375472 1.1646 62.5305 2.36861 -13 964 1 0 1
-3.68616 -10.9537 90.5569 -3.21738 -9.44711 64.3434 1.83089 -13 965 1 0 1
-11.6636 -5.33827 90.5569 -6.99651 -1.94311 53.7067 2.7772 -13 966 1 0 1
10.6053 2.17031 90.5569 8.10073 2.19562 53.8931 1.04525 -13 967 1 0 1
4.98569 -8.87506 90.5569 4.34186 -6.08791 50.1901 1.08297 -13 969 1 0 1
9.11792 -9.34308 90.5569 6.94683 -8.32534 64.234 0.352495 -13 970 1 0 1
4.26011 3.55756 90.5569 3.21049 4.92804 68.0551 -0.73069 -13 971 1 0 1
-4.05907 17.5463 90.5569 -0.492972 7.71407 31.01 -0.168618 -13 972 1 0 1
-4.59227 1.66642 90.5569 -1.05615 1.34249 33.7239 -0.0784432 -13 973 1 0 1
-5.44972 6.05415 90.5569 -5.19238 5.37129 69.107 -0.20322 -13 974 1 0 1
-8.11723 -1.88808 90.5569 -8.83628 1.09558 74.2235 2.05556 -13 975 1 0 1
-5.09275 -16.2963 90.5569 -3.72491 -11.3903 61.1329 0.831069 -13 977 1 0 1
-8.15505 -2.5992 90.5569 -8.5292 -3.26393 71.0398 -1.00991 -13 979 1 0 1
-11.9905 -1.73054 90.5569 -8.37688 -1.72 59.2194 -0.937834 -13 980 1 0 1
-6.05239 -13.1546 90.5569 -4.95393 -11.6803 62.1731 -0.222179 -13 981 1 0 1
4.88805 12.2953 90.5569 3.89342 8.69275 64.3189 -0.220089 -13 982 1 0 1
1.05451 1.37204 90.5569 -0.436302 4.07447 73.3828 0.0908509 -13 983 1 0 1
6.68304 8.61648 90.5569 5.35645 6.72735 59.9842 1.35605 -13 985 1 0 1
-9.30839 -6.50162 90.5569 -6.90986 -4.43626 61.0857 0.163386 -13 986 1 0 1
4.38555 -20.7897 90.5569 3.35073 -16.003 59.9984 0.916062 -13 987 1 0 1
-10.5808 27.3598 90.5569 -2.43669 7.57922 23.0946 0.992483 -13 988 1 0 1
3.11936 -8.36565 90.5569 2.04356 -6.45251 69.8519 1.50146 -13 989 1 0 1
-2.08222 -6.00728 90.5569 -2.52188 -7.37946 69.7706 0.714567 -13 990 1 0 1
-8.10405 11.9984 90.5569 -4.14364 6.40082 51.1947 -1.67733 -13 991 1 0 1
-11.0244 9.76749 90.5569 -4.42209 4.65944 41.8217 1.4915 -13 992 1 0 1
7.49307 -9.33613 90.5569 6.12914 -5.43797 50.0631 2.18296 -13 993 1 0 1
9.82503 4.05351 90.5569 7.68565 3.70262 64.0718 -1.33994 -13 995 1 0 1
-8.87898 0.374796 90.5569 -8.21356 0.119771 68.5027 0.650171 -13 996 1 0 1
-2.38975 4.76361 90.5569 -0.550324 3.02952 48.2958 2.97925 -13 997 1 0 1
0.192468 -24.4722 90.5569 0.798144 -5.81483 17.2082 1.92615 -13 998 1 0 1
11.1096 -2.51791 90.5569 8.25856 -1.41801 56.5227 0.481554 -13 999 1 0 1
-4.94052 -7.96501 90.5569 -2.05395 -4.76405 47.8149 0.02804 -13 1000 1 0 1
