#BLTrackFile NTuple/Z25
#x y z Px Py Pz t PDGid EventID TrackID ParentID Weight
#mm mm mm MeV/c MeV/c MeV/c ns - - - - -
-1.44322 -2.77434 25.4558 -15.5724 -6.84047 70.3278 -1.03755 -13 1 1 0 1
3.89151 3.91546 25.4558 -0.478973 -1.69217 81.0367 0.0739936 -13 2 1 0 1
0.307208 -0.737305 25.4558 -7.19193 -4.18928 69.8437 1.01749 -13 3 1 0 1
-0.653306 -2.52844 25.4558 -18.1727 -3.25687 75.8254 0.469697 -13 4 1 0 1
-3.8114 1.76328 25.4558 -13.4023 0.376482 58.4372 0.612436 -13 5 1 0 1
-0.407513 -1.49523 25.4558 -12.1141 -1.62148 73.6788 -0.656861 -13 6 1 0 1
-1.30264 -2.08664 25.4558 -3.95451 -5.70674 60.0597 -0.770506 -13 7 1 0 1
-5.82926 -2.06259 25.4558 -13.203 2.6857 42.2542 0.0583221 -13 8 1 0 1
0.553242 2.32657 25.4558 -0.477427 11.434 62.6709 1.22456 -13 9 1 0 1
-0.272601 -3.06496 25.4558 -2.65766 -6.96323 65.9648 0.809434 -13 10 1 0 1
2.18503 2.77246 25.4558 0.537184 10.3193 71.3487 -0.401848 -13 11 1 0 1
-2.59395 -0.800679 25.4558 -9.09439 -7.13855 58.5486 1.80515 -13 12 1 0 1
0.552771 3.08747 25.4558 4.81794 5.46971 37.6137 -0.737676 -13 13 1 0 1
1.30435 -3.79022 25.4558 0.524221 -6.49569 67.4553 -1.40978 -13 14 1 0 1
0.389777 -2.36692 25.4558 -1.27174 -8.33754 66.4698 1.59944 -13 15 1 0 1
4.82897 -4.16095 25.4558 13.5556 -17.756 56.2845 2.25772 -13 16 1 0 1
-2.35142 1.82237 25.4558 -11.0973 11.8046 61.4975 -0.534714 -13 17 1 0 1
-3.90001 -1.43359 25.4558 -9.02397 -9.69942 49.6382 1.52409 -13 18 1 0 1
-4.52344 0.528111 25.4558 -22.7279 6.199 60.6303 0.247405 -13 19 1 0 1
-1.31582 -3.87909 25.4558 -7.19835 -13.1408 62.1862 3.07616 -13 20 1 0 1
-2.59488 -1.51422 25.4558 -6.65029 3.84503 56.3062 -1.06811 -13 22 1 0 1
-5.70341 2.68717 25.4558 -17.7256 9.18083 49.5386 0.822256 -13 24 1 0 1
1.54756 -2.30813 25.4558 -0.351752 -1.63767 70.5068 0.41862 -13 25 1 0 1
-0.412274 0.249551 25.4558 -5.29545 2.48963 67.9027 -0.00334818 -13 26 1 0 1
0.439725 -3.58644 25.4558 -0.684839 -1.52562 65.9237 1.58579 -13 27 1 0 1
0.912279 -3.29086 25.4558 -4.74851 -14.1016 72.055 0.387487 -13 28 1 0 1
-0.875438 0.320105 25.4558 -7.76739 8.48522 65.3091 1.14388 -13 30 1 0 1
-0.272169 -0.536878 25.4558 -9.78896 2.20418 70.7078 -0.143409 -13 31 1 0 1
-2.79608 -1.06349 25.4558 -10.1478 -5.23926 59.8804 -0.359357 -13 32 1 0 1
-3.61355 -1.24829 25.4558 -17.881 0.465547 62.7539 -0.481826 -13 34 1 0 1
-4.49091 -4.04458 25.4558 -26.6836 -12.6693 66.4013 2.32409 -13 35 1 0 1
-1.06431 -0.599382 25.4558 -6.7264 7.81214 65.0026 -0.977434 -13 36 1 0 1
1.44691 -0.607372 25.4558 -7.78024 -8.9411 78.5459 -1.32526 -13 37 1 0 1
-1.53435 -0.140308 25.4558 -5.32071 -4.20833 59.0375 1.58007 -13 38 1 0 1
-2.82806 0.541857 25.4558 -8.49988 1.24941 50.4726 0.889386 -13 40 1 0 1
0.837484 4.2667 25.4558 1.69171 12.5551 60.7119 -0.0281193 -13 41 1 0 1
-0.0231411 1.07412 25.4558 -5.78721 -3.82295 67.6642 1.37948 -13 42 1 0 1
-0.167077 -0.506367 25.4558 -21.626 -3.62267 76.9585 0.43916 -13 43 1 0 1
-0.48726 1.4406 25.4558 1.01042 1.71646 56.0471 0.769398 -13 44 1 0 1
0.183191 -1.87149 25.4558 -5.29361 -7.33446 67.1437 0.52445 -13 46 1 0 1
-1.10081 4.2321 25.4558 -4.30874 5.90017 58.6627 1.05317 -13 47 1 0 1
-1.22682 0.0729869 25.4558 -10.1476 11.4043 64.929 0.821534 -13 48 1 0 1
0.1184 -0.636384 25.4558 -5.72136 -18.8329 67.6476 -0.426114 -13 49 1 0 1
-2.00657 0.0450355 25.4558 0.521122 3.30861 40.6489 -0.532372 -13 50 1 0 1
0.319197 1.87453 25.4558 -9.00469 -0.0471641 71.9088 -0.17479 -13 51 1 0 1
-3.09051 2.29796 25.4558 -7.82481 10.7706 53.385 0.205734 -13 52 1 0 1
-0.440644 1.53778 25.4558 1.84292 1.98386 56.4598 -2.23209 -13 53 1 0 1
-2.7252 4.22806 25.4558 -2.22993 8.25027 39.7848 0.143207 -13 54 1 0 1
-0.806635 -0.1068 25.4558 -11.5207 -4.83333 69.2683 1.02339 -13 55 1 0 1
2.72708 2.08198 25.4558 8.46762 8.46944 61.1408 -0.860386 -13 56 1 0 1
-0.805024 -2.2082 25.4558 -3.2587 -4.16826 63.0778 -0.291541 -13 58 1 0 1
0.0486469 -2.31847 25.4558 -4.3882 -10.3206 66.7716 2.07494 -13 59 1 0 1
-0.547527 2.66305 25.4558 -0.852853 16.2663 55.1594 0.374003 -13 60 1 0 1
-1.96707 0.137386 25.4558 -8.8254 5.01458 61.6652 -0.730488 -13 61 1 0 1
0.0497893 -1.67424 25.4558 -5.25386 1.32517 69.3375 -0.436878 -13 62 1 0 1
-1.97718 -1.92143 25.4558 -2.12401 -4.66763 32.0454 0.28577 -13 63 1 0 1
-0.538187 -0.750857 25.4558 -2.92453 0.0482383 60.5969 0.248497 -13 64 1 0 1
0.361213 1.19072 25.4558 -1.06786 0.822132 65.3432 -1.33439 -13 65 1 0 1
0.0809843 0.631219 25.4558 -6.10023 0.42707 70.5489 0.562844 -13 66 1 0 1
-0.671062 -2.20762 25.4558 -1.57817 -2.39136 60.5351 -0.566576 -13 67 1 0 1
-1.65865 4.95082 25.4558 -1.68486 10.0717 50.654 -0.842265 -13 68 1 0 1
-2.00158 -1.22091 25.4558 -8.11058 -6.4777 61.7064 0.106681 -13 69 1 0 1
0.930158 1.56475 25.4558 -11.9772 -9.59948 79.0827 0.340449 -13 70 1 0 1
-1.94676 2.18469 25.4558 -4.13417 0.333733 59.9258 -1.34807 -13 71 1 0 1
1.29054 4.67528 25.4558 1.71193 10.4746 64.2843 1.22736 -13 72 1 0 1
-0.146819 1.82896 25.4558 -11.1286 -1.21119 73.0062 -0.798079 -13 73 1 0 1
-1.00872 2.50192 25.4558 -2.31676 10.7436 56.9582 0.376951 -13 74 1 0 1
1.06544 2.24964 25.4558 -6.34549 5.92047 74.2826 -2.74585 -13 75 1 0 1
4.81792 0.726707 25.4558 0.338255 2.06101 79.8263 -1.60295 -13 76 1 0 1
-2.62392 2.86122 25.4558 -9.57893 1.40531 55.0017 2.50512 -13 77 1 0 1
-2.81269 1.06343 25.4558 -9.87806 -0.493111 56.9293 -0.639599 -13 78 1 0 1
-0.416367 -0.265601 25.4558 -3.57453 -2.9164 62.0976 1.55678 -13 79 1 0 1
0.707929 -3.54843 25.4558 -5.79054 -9.21621 70.7568 0.172072 -13 80 1 0 1
0.671307 -0.617991 25.4558 -5.1178 12.4948 68.9907 0.201898 -13 81 1 0 1
-1.082 -1.5707 25.4558 -2.92492 -2.48704 61.9696 1.34191 -13 82 1 0 1
-2.91368 2.77885 25.4558 -16.2255 18.8435 64.4233 0.15661 -13 83 1 0 1
-5.0367 1.61258 25.4558 -22.6539 5.32687 57.3053 0.281412 -13 84 1 0 1
1.03302 0.47559 25.4558 -4.40011 -1.28423 75.0781 1.27381 -13 85 1 0 1
0.950811 1.76343 25.4558 -0.333327 -7.24652 67.2016 -0.0487487 -13 86 1 0 1
-3.06328 -1.96649 25.4558 -4.28364 -9.57388 47.8694 0.985734 -13 87 1 0 1
-1.36236 -1.6005 25.4558 -10.0481 -5.78574 66.679 -0.265461 -13 88 1 0 1
0.0690854 -2.07044 25.4558 -1.20664 -1.12296 61.4192 -0.435252 -13 89 1 0 1
-0.573912 1.83122 25.4558 -4.34403 6.0491 64.8539 -0.0415995 -13 90 1 0 1
-3.57646 -0.162516 25.4558 -14.5833 -2.54289 61.7385 1.02049 -13 91 1 0 1
-0.376551 0.119149 25.4558 3.04632 0.607691 54.6541 0.12758 -13 92 1 0 1
-0.307679 1.5207 25.4558 0.729518 0.942075 58.9158 0.977353 -13 93 1 0 1
-0.784992 4.89483 25.4558 -0.642754 15.7539 52.0629 -1.19438 -13 94 1 0 1
0.58627 0.362282 25.4558 -3.19758 4.95637 69.7785 0.210737 -13 95 1 0 1
-1.07539 0.623563 25.4558 -5.23843 9.4617 59.6296 -1.66174 -13 96 1 0 1
-1.93085 -2.84839 25.4558 -2.056 0.235561 56.2466 -0.888214 -13 97 1 0 1
-0.41897 -2.07036 25.4558 -4.93362 -0.462971 66.8197 0.587247 -13 98 1 0 1
-1.83005 2.42973 25.4558 -8.75929 9.77468 61.7631 0.655474 -13 99 1 0 1
0.964511 -3.12605 25.4558 -0.481562 -3.58343 66.8697 -0.717262 -13 100 1 0 1
3.21361 -0.632603 25.4558 8.15186 -7.88062 66.9209 -0.514746 -13 101 1 0 1
0.383395 1.12313 25.4558 -3.65169 3.21118 66.5484 0.0702258 -13 102 1 0 1
2.1432 -3.0746 25.4558 6.82074 1.15889 61.3712 -2.29253 -13 103 1 0 1
0.254304 0.0527451 25.4558 -2.90565 -5.39873 66.5056 -0.148201 -13 104 1 0 1
-1.24067 -1.68659 25.4558 -3.20791 7.2254 60.3221 -1.30546 -13 105 1 0 1
-4.03664 -1.07641 25.4558 -15.5291 -4.32176 56.0893 0.43811 -13 106 1 0 1
-0.0789264 -1.16936 25.4558 -7.55653 -6.20993 69.3952 -0.893102 -13 107 1 0 1
0.966448 -0.452177 25.4558 2.60751 8.84584 62.6496 -0.653522 -13 108 1 0 1
0.769017 0.42078 25.4558 0.515571 3.8429 67.6534 1.15227 -13 109 1 0 1
-0.304151 0.278692 25.4558 -12.1833 3.45522 71.128 -0.100858 -13 110 1 0 1
0.220401 -2.59802 25.4558 -11.9932 -2.84039 75.9343 -0.138753 -13 111 1 0 1
0.637319 1.15624 25.4558 0.796922 -1.50293 55.7693 -1.69468 -13 112 1 0 1
-1.7655 2.95434 25.4558 -4.52145 9.76548 53.6497 0.936288 -13 113 1 0 1
0.485222 -1.14479 25.4558 1.20064 -6.8288 62.5927 0.0932066 -13 114 1 0 1
0.0198293 1.37946 25.4558 5.24986 2.81702 48.6791 -0.00949119 -13 115 1 0 1
-1.42028 -0.537815 25.4558 -15.6189 -3.10276 70.3645 0.670265 -13 116 1 0 1
-1.61764 -0.701535 25.4558 -5.00115 1.04536 54.4291 -0.19648 -13 117 1 0 1
-1.47027 2.00621 25.4558 1.64468 -5.13096 45.135 -0.26289 -13 118 1 0 1
1.27152 -0.293647 25.4558 -0.863481 3.24787 70.4705 0.655515 -13 119 1 0 1
-3.49671 -0.823063 25.4558 -8.89302 0.121939 48.1226 -0.025643 -13 120 1 0 1
0.262327 -4.46641 25.4558 0.131178 -7.01766 60.255 1.67849 -13 121 1 0 1
-0.206983 -2.31475 25.4558 -13.1083 -6.00219 75.4853 0.774615 -13 122 1 0 1
-0.0230621 -3.07498 25.4558 -6.07095 -10.4729 69.7374 0.901505 -13 123 1 0 1
2.07122 -0.118814 25.4558 9.47716 2.23678 57.2338 0.443272 -13 124 1 0 1
-3.89786 -3.86741 25.4558 -14.4055 -15.9651 55.8608 -1.37323 -13 125 1 0 1
1.02195 2.33876 25.4558 -11.3065 -1.88458 77.8047 1.09267 -13 126 1 0 1
-0.623744 3.43098 25.4558 -2.64771 7.45974 58.9227 -0.950489 -13 127 1 0 1
-0.665888 0.281679 25.4558 -4.09256 -8.15846 63.7263 0.471814 -13 128 1 0 1
2.39643 1.81404 25.4558 9.51462 8.56035 57.7154 -0.329588 -13 129 1 0 1
-0.373729 -2.19872 25.4558 2.33792 0.962411 49.6319 0.737204 -13 130 1 0 1
0.968059 0.564114 25.4558 -2.87852 2.55226 68.6181 -0.325392 -13 131 1 0 1
-2.19818 0.622609 25.4558 -18.9192 -0.27406 70.9389 1.43171 -13 132 1 0 1
1.18192 0.387725 25.4558 3.51093 -1.06792 63.5092 -1.1965 -13 133 1 0 1
3.33045 0.525715 25.4558 3.36461 1.12373 74.4307 0.532924 -13 134 1 0 1
1.23073 2.55268 25.4558 -2.49996 1.65749 69.5331 0.979967 -13 135 1 0 1
1.01716 2.575 25.4558 5.46824 2.63046 56.1233 0.170202 -13 136 1 0 1
-2.5469 0.9475 25.4558 -11.0812 1.54057 61.3008 1.63492 -13 137 1 0 1
-2.21697 2.58337 25.4558 -6.1528 11.3185 53.7068 0.42732 -13 140 1 0 1
-2.1196 -0.506261 25.4558 -3.67095 4.76636 51.014 0.00572983 -13 141 1 0 1
1.68301 -0.622517 25.4558 4.69953 5.95569 64.2207 2.03746 -13 142 1 0 1
-1.73629 -0.767064 25.4558 -14.1856 -5.73566 69.0098 -0.740382 -13 143 1 0 1
1.95747 0.428508 25.4558 1.2629 -3.78111 71.4972 3.02286 -13 144 1 0 1
-1.38086 -5.57738 25.4558 -3.74686 -16.7272 53.1132 1.80812 -13 145 1 0 1
1.10354 -2.90733 25.4558 1.46591 -5.152 65.5304 0.329433 -13 146 1 0 1
-1.04464 -0.577976 25.4558 -6.30823 -2.86364 64.3426 -1.10277 -13 147 1 0 1
-1.61521 -3.69107 25.4558 -12.7364 -6.28952 68.1049 0.352581 -13 148 1 0 1
0.800375 2.67448 25.4558 2.41357 7.05041 55.6397 -0.405469 -13 149 1 0 1
-0.642242 1.89824 25.4558 -5.45512 11.0751 64.4307 -0.0792881 -13 150 1 0 1
-0.968646 -1.34017 25.4558 -3.07266 -7.392 56.1444 1.27488 -13 151 1 0 1
-0.422992 -0.380996 25.4558 -3.13234 -3.13036 63.0563 2.20179 -13 152 1 0 1
-1.66666 0.634648 25.4558 -11.0111 -7.31844 66.2136 -0.413181 -13 153 1 0 1
-0.0116801 -2.26529 25.4558 -15.4339 -11.8623 75.8831 -2.01961 -13 154 1 0 1
-2.17961 0.8451 25.4558 -12.4075 0.0971697 64.8967 -1.38715 -13 155 1 0 1
0.299634 -2.75908 25.4558 4.14032 -3.48432 45.361 -0.502072 -13 156 1 0 1
-2.18916 -1.02288 25.4558 -9.16894 1.77695 60.688 -0.046218 -13 157 1 0 1
1.96975 2.50013 25.4558 -9.65205 3.01798 78.8701 1.37483 -13 158 1 0 1
-3.46853 2.84617 25.4558 -9.13898 5.35165 54.3857 -0.608668 -13 159 1 0 1
3.08998 -0.314736 25.4558 9.12363 -0.616089 63.2228 0.0253336 -13 160 1 0 1
2.0826 1.92215 25.4558 1.86048 -1.38091 70.1597 1.60341 -13 161 1 0 1
-4.58184 1.5158 25.4558 -8.13289 3.22407 39.9931 -0.545971 -13 162 1 0 1
-1.35066 -0.253724 25.4558 -12.1526 8.75528 68.5199 -1.67358 -13 163 1 0 1
2.72172 4.86155 25.4558 7.84918 10.7874 64.433 0.0824719 -13 164 1 0 1
-6.89166 1.29559 25.4558 -10.7233 -0.0442039 29.6798 2.12981 -13 165 1 0 1
-4.4166 -0.477217 25.4558 -25.157 -3.12677 65.8914 -0.200873 -13 166 1 0 1
1.82246 2.19657 25.4558 5.85033 9.05534 62.2223 0.617115 -13 167 1 0 1
1.39483 0.936461 25.4558 -13.2343 9.44688 77.7842 1.13144 -13 168 1 0 1
1.33496 -0.472778 25.4558 4.6082 -6.44541 57.4907 -0.267341 -13 169 1 0 1
-1.15644 0.228179 25.4558 -9.47124 -2.46431 66.4244 -0.645742 -13 170 1 0 1
3.1545 -4.51481 25.4558 10.6455 -4.30741 39.7081 0.71995 -13 171 1 0 1
-2.09126 2.32411 25.4558 -5.25221 2.71739 55.7445 -0.37959 -13 172 1 0 1
-1.08215 -2.4052 25.4558 -1.7926 -9.59315 56.596 0.154517 -13 173 1 0 1
-0.91604 2.16249 25.4558 -6.54507 -3.08002 66.3691 0.261496 -13 174 1 0 1
-3.99346 -0.408451 25.4558 -6.94393 -7.25644 46.1677 -0.177014 -13 176 1 0 1
1.9246 -2.06376 25.4558 8.09343 -6.96456 50.5514 -0.383922 -13 177 1 0 1
-2.25707 -2.47829 25.4558 -4.68594 -4.53004 51.2746 -0.587174 -13 178 1 0 1
2.03556 -1.39705 25.4558 2.33522 -14.2892 68.4529 -0.739072 -13 179 1 0 1
-0.583158 -2.02125 25.4558 0.616745 -4.70775 51.7276 1.53603 -13 180 1 0 1
-4.22442 -0.434299 25.4558 -6.62587 -0.888345 36.3287 -1.48044 -13 181 1 0 1
-4.79488 0.557488 25.4558 -6.50009 4.20417 36.0051 -0.911731 -13 182 1 0 1
-0.652635 0.695207 25.4558 3.34578 10.5634 40.7913 -0.00472409 -13 183 1 0 1
-4.35397 0.830585 25.4558 -15.4416 -4.29151 53.6078 0.0141129 -13 184 1 0 1
-2.93114 0.245482 25.4558 -9.99038 -4.24774 58.3125 -0.780058 -13 185 1 0 1
-1.46046 0.69454 25.4558 -0.161625 4.74388 40.4896 -0.672093 -13 186 1 0 1
0.70066 -1.81757 25.4558 -3.23678 4.80065 70.8175 1.15129 -13 188 1 0 1
-0.214626 -0.849113 25.4558 -17.7127 -6.02819 77.7616 0.202515 -13 189 1 0 1
-4.03835 1.22178 25.4558 -13.5623 5.9384 56.9093 1.90807 -13 191 1 0 1
1.71561 -1.39077 25.4558 -10.5125 5.76565 79.5211 0.868269 -13 192 1 0 1
-6.47837 1.40209 25.4558 -9.20122 -2.85801 25.0219 -1.00844 -13 193 1 0 1
0.110494 1.83594 25.4558 -4.82081 14.7028 67.9754 -0.23938 -13 194 1 0 1
-1.63311 -0.56379 25.4558 -4.94582 -1.54508 58.7737 2.26089 -13 195 1 0 1
4.30331 1.8759 25.4558 -2.77158 -4.44957 80.5495 2.59479 -13 196 1 0 1
-2.0334 2.48311 25.4558 -8.87556 8.44918 62.3837 -0.919366 -13 197 1 0 1
1.01191 -0.0897919 25.4558 5.35401 0.314965 49.2496 -0.618612 -13 198 1 0 1
-4.86509 6.28764 25.4558 -14.6703 12.826 53.4369 -1.6043 -13 199 1 0 1
-0.585615 -1.87571 25.4558 1.85614 -2.16472 50.9461 0.649024 -13 200 1 0 1
-2.19863 -0.73818 25.4558 -15.6283 -8.36864 67.773 0.3286 -13 201 1 0 1
-1.54403 6.40905 25.4558 -6.04462 17.8572 56.4871 -0.85314 -13 202 1 0 1
-0.999239 1.81349 25.4558 -4.62469 1.7292 61.3504 0.269117 -13 203 1 0 1
-2.06631 2.30516 25.4558 -4.35147 -0.844621 49.3156 1.40653 -13 205 1 0 1
-1.9756 1.09376 25.4558 -29.3983 1.70735 72.345 0.221661 -13 206 1 0 1
-3.90208 -2.77714 25.4558 -12.0703 -10.2201 55.1788 -1.06963 -13 207 1 0 1
-3.33737 0.0681916 25.4558 -18.9803 1.59325 66.3917 -0.276772 -13 208 1 0 1
1.40594 -0.261953 25.4558 8.68952 2.9983 46.1665 -0.409514 -13 210 1 0 1
1.03252 4.24095 25.4558 5.79622 5.82852 41.1396 0.557957 -13 211 1 0 1
-0.226835 3.92294 25.4558 -11.2117 17.3978 71.1378 2.10484 -13 212 1 0 1
-4.61027 2.45079 25.4558 -16.0582 4.83376 56.1842 -1.32465 -13 213 1 0 1
0.169075 2.39353 25.4558 -9.06184 4.89766 74.6759 1.04948 -13 214 1 0 1
1.05679 0.516591 25.4558 -4.05816 -10.912 71.3408 1.7588 -13 215 1 0 1
0.82732 -0.0414043 25.4558 -3.41076 0.718125 69.5671 1.1605 -13 216 1 0 1
2.83556 0.0564744 25.4558 10.2041 7.26171 43.4751 -0.981755 -13 217 1 0 1
-2.82603 0.413345 25.4558 -14.8489 1.39215 62.4573 0.196355 -13 218 1 0 1
1.05054 -1.50516 25.4558 -6.67714 -6.76008 76.57 0.0832614 -13 219 1 0 1
0.960722 1.41641 25.4558 -3.56511 -0.473578 71.7852 2.42376 -13 220 1 0 1
0.691775 -0.418606 25.4558 8.24143 -7.46957 54.1306 0.990461 -13 221 1 0 1
-0.376797 1.79569 25.4558 -9.15934 10.1778 71.1896 -0.741817 -13 222 1 0 1
-2.68492 -0.40666 25.4558 -12.0676 5.28334 60.1291 1.05622 -13 223 1 0 1
-2.47363 -0.396346 25.4558 -9.90408 1.39847 61.3648 -0.412933 -13 224 1 0 1
-1.64359 1.87528 25.4558 -3.56978 9.29836 53.3941 -0.246175 -13 226 1 0 1
-1.27531 2.92117 25.4558 -5.77557 8.51403 61.7999 0.0845084 -13 227 1 0 1
2.008 0.458176 25.4558 -6.70834 0.792085 77.7594 -1.84212 -13 228 1 0 1
-0.986982 1.8244 25.4558 -14.2446 -0.95478 70.371 0.316395 -13 229 1 0 1
-1.13293 -2.87443 25.4558 0.622999 -7.65271 44.4562 -0.324092 -13 230 1 0 1
3.41139 2.17814 25.4558 9.065 18.0415 64.4849 1.29496 -13 231 1 0 1
3.57179 4.44087 25.4558 14.1734 16.4326 57.9456 0.919963 -13 232 1 0 1
-3.43624 0.642094 25.4558 -17.0953 -0.222237 62.6216 -1.40049 -13 233 1 0 1
8.88898 10.8175 25.4558 24.8991 34.3444 53.4997 -0.516959 -13 234 1 0 1
0.719893 0.581537 25.4558 -6.87371 -6.80227 72.7363 0.355477 -13 235 1 0 1
-3.41417 0.240529 25.4558 -15.8042 -7.25221 62.1009 1.3455 -13 236 1 0 1
0.916085 -5.81727 25.4558 4.92049 -14.5867 51.3528 0.838805 -13 237 1 0 1
-0.719293 0.633082 25.4558 -4.11655 0.912249 61.6225 0.159371 -13 238 1 0 1
-1.90805 -1.80094 25.4558 -15.7075 2.27806 68.4324 1.3527 -13 239 1 0 1
-1.4618 4.24018 25.4558 -0.353141 12.8283 43.6585 -0.310268 -13 240 1 0 1
-1.88438 0.625707 25.4558 -0.264684 1.793 31.6116 0.78881 -13 241 1 0 1
-1.79358 1.47006 25.4558 -5.2559 -2.58368 57.9454 1.904 -13 242 1 0 1
1.94233 -3.98399 25.4558 3.762 -10.2396 67.8332 -0.0297004 -13 243 1 0 1
1.23168 0.718521 25.4558 -6.27743 2.82739 75.2275 0.759163 -13 244 1 0 1
1.96101 -0.996628 25.4558 0.799705 8.93736 71.0837 -0.60784 -13 245 1 0 1
0.489026 -0.463489 25.4558 -4.4478 8.88837 69.632 -0.109049 -13 246 1 0 1
-0.572301 -3.22529 25.4558 -2.85332 -5.81599 60.2773 -0.237595 -13 247 1 0 1
-1.07422 -1.62356 25.4558 -8.86628 -5.64386 66.801 0.766341 -13 248 1 0 1
3.53752 4.14751 25.4558 10.4694 4.2882 60.7985 -0.84932 -13 249 1 0 1
0.600372 -2.52046 25.4558 -3.36449 -11.8941 66.9762 -1.40148 -13 250 1 0 1
1.04282 7.39449 25.4558 2.72484 14.3631 60.9465 -0.924119 -13 251 1 0 1
1.14293 1.06817 25.4558 4.55672 -0.196786 63.3404 0.370312 -13 252 1 0 1
0.170144 1.90168 25.4558 -8.26041 16.0857 69.2853 -1.25151 -13 253 1 0 1
-1.16244 0.866585 25.4558 -1.51269 5.16868 52.8902 -0.399271 -13 254 1 0 1
0.583751 -1.17557 25.4558 -10.3748 3.20914 76.4817 0.0536388 -13 255 1 0 1
-3.2137 0.287589 25.4558 -8.35583 1.07118 50.5649 -0.838958 -13 256 1 0 1
-2.11112 -2.14744 25.4558 -1.98924 -10.4664 43.8522 -0.169366 -13 257 1 0 1
-0.266873 0.787137 25.4558 -3.0926 -1.16349 62.7996 0.227848 -13 258 1 0 1
-0.717675 1.47968 25.4558 1.11755 -0.691677 56.5686 -1.07752 -13 259 1 0 1
-0.560923 0.641771 25.4558 -9.75771 -5.42933 71.275 -0.192395 -13 260 1 0 1
-2.06978 1.43212 25.4558 -8.42647 4.24608 58.9547 -1.02438 -13 261 1 0 1
-0.429521 -1.23557 25.4558 -0.528605 -2.63399 62.6732 2.21174 -13 262 1 0 1
1.49804 -2.24924 25.4558 4.48716 -8.13151 62.3683 -1.37245 -13 263 1 0 1
-1.88832 -0.913351 25.4558 -3.76852 -3.50381 49.9663 -0.110818 -13 264 1 0 1
1.57271 0.671405 25.4558 4.33342 7.03804 63.1285 0.808653 -13 265 1 0 1
1.51764 2.15985 25.4558 0.950837 2.08203 70.3217 0.698513 -13 266 1 0 1
-1.06376 3.37475 25.4558 -6.27856 2.15151 62.9028 -0.187322 -13 267 1 0 1
-2.68746 -0.706703 25.4558 -3.64087 2.48157 40.2916 -0.984358 -13 268 1 0 1
-0.183757 3.64942 25.4558 -15.0547 4.23179 76.7961 0.590422 -13 269 1 0 1
-1.93137 1.14702 25.4558 -8.7614 -4.77651 62.6262 1.37394 -13 270 1 0 1
2.47555 -0.352609 25.4558 -1.94755 -11.3448 77.4618 -0.716316 -13 271 1 0 1
-1.35505 -1.80134 25.4558 -6.44888 -9.97381 60.7508 1.70351 -13 272 1 0 1
-5.36084 1.99163 25.4558 -14.746 3.99907 50.2374 2.93266 -13 273 1 0 1
0.677025 -0.717603 25.4558 -0.565653 4.97855 66.3603 -1.91964 -13 274 1 0 1
1.38287 0.434028 25.4558 4.41312 -4.602 58.8137 -0.184132 -13 275 1 0 1
-0.131999 -1.6376 25.4558 2.45728 -9.18543 56.1188 1.29342 -13 277 1 0 1
-4.28179 0.267652 25.4558 -15.7703 0.776162 58.6967 1.67735 -13 278 1 0 1
-2.72873 1.80647 25.4558 -16.5709 -7.36646 66.0554 -2.35494 -13 279 1 0 1
0.224898 1.93506 25.4558 -0.0519521 3.12761 61.0143 0.353791 -13 280 1 0 1
0.0792649 -2.03835 25.4558 -5.43164 -2.33501 65.9497 -1.18077 -13 281 1 0 1
-2.54643 0.795634 25.4558 -4.32562 6.48302 46.1788 -0.716658 -13 282 1 0 1
-0.157148 -3.27776 25.4558 2.40249 -10.3135 48.452 -1.48909 -13 283 1 0 1
-2.05097 4.93886 25.4558 -4.61012 6.32547 53.4396 -0.239483 -13 284 1 0 1
-4.28408 0.459038 25.4558 -18.1723 6.66153 58.8409 -0.377495 -13 285 1 0 1
-2.30898 -5.6583 25.4558 -14.2977 -3.14909 67.3346 -1.34163 -13 286 1 0 1
-2.13689 1.93287 25.4558 -4.91792 -0.909237 51.0182 -1.49575 -13 287 1 0 1
1.59879 5.278 25.4558 -8.01012 34.8727 70.7 -0.164813 -13 288 1 0 1
0.358767 2.47282 25.4558 -11.3143 12.6608 76.1517 0.570807 -13 289 1 0 1
3.2229 0.194176 25.4558 11.4146 -2.27716 43.71 0.276058 -13 290 1 0 1
1.18639 -0.670541 25.4558 -7.45059 -8.58641 74.7742 0.556509 -13 291 1 0 1
0.407096 0.311905 25.4558 -6.83847 5.70793 72.0149 -0.160426 -13 292 1 0 1
-5.90185 -0.352392 25.4558 -15.0247 8.39582 44.3924 2.17938 -13 293 1 0 1
5.083 -0.899819 25.4558 13.0797 11.5407 68.4805 1.70388 -13 294 1 0 1
1.03419 0.356221 25.4558 2.56697 -0.317556 65.62 0.188712 -13 295 1 0 1
-4.14698 0.307297 25.4558 -13.4975 0.0810022 56.6227 -0.163791 -13 296 1 0 1
0.724461 0.0139867 25.4558 4.7377 -4.5443 53.5837 2.64881 -13 297 1 0 1
0.285466 1.30133 25.4558 -3.09004 -2.55103 66.7585 -1.7577 -13 298 1 0 1
-7.37796 -2.4286 25.4558 -19.4659 1.54474 40.2076 2.86394 -13 299 1 0 1
-2.64692 3.38137 25.4558 -9.86927 6.63566 60.7037 -0.663144 -13 301 1 0 1
-2.62561 -0.276949 25.4558 -11.9019 7.39044 61.5817 0.341945 -13 302 1 0 1
-1.08171 -1.79722 25.4558 -4.8863 2.61125 61.512 0.111628 -13 303 1 0 1
-1.07413 1.15911 25.4558 -8.09507 12.2444 63.3105 0.637466 -13 304 1 0 1
-6.32072 1.58505 25.4558 -12.5709 5.0395 38.9786 1.32176 -13 305 1 0 1
-0.0877703 0.604534 25.4558 -3.66589 -3.76135 66.5154 -0.941544 -13 306 1 0 1
-0.0754219 -0.873645 25.4558 -6.98902 -18.0228 66.6832 -1.19723 -13 307 1 0 1
-0.32644 -2.9803 25.4558 -10.6364 -13.1065 71.5336 0.184239 -13 308 1 0 1
-2.02592 0.689861 25.4558 -11.559 2.93577 64.1972 -0.75787 -13 309 1 0 1
3.2555 -0.647034 25.4558 4.63183 -2.13848 71.8904 -0.298417 -13 310 1 0 1
-1.26701 -4.4236 25.4558 -0.327902 1.16797 33.959 -1.52386 -13 311 1 0 1
-1.95017 -0.345424 25.4558 -15.5745 2.46523 68.6791 -0.0650188 -13 312 1 0 1
-2.16372 2.83886 25.4558 -17.2427 10.1696 69.2953 1.03123 -13 313 1 0 1
2.59417 -1.09526 25.4558 3.0974 -3.08211 67.8872 -0.500207 -13 314 1 0 1
0.339916 -1.4777 25.4558 1.05829 3.60238 61.4889 -1.37043 -13 315 1 0 1
-2.10645 -4.91515 25.4558 -4.18809 -16.5894 48.5345 -1.14045 -13 316 1 0 1
-1.83658 -1.7508 25.4558 -9.46549 -9.76493 62.1206 0.844528 -13 317 1 0 1
0.416651 -0.389649 25.4558 -3.73819 3.98422 69.2229 -1.32935 -13 318 1 0 1
0.0480117 -1.04381 25.4558 -7.96633 7.03927 68.9963 2.09935 -13 319 1 0 1
2.41871 0.100006 25.4558 3.20013 0.774854 72.0397 0.674891 -13 320 1 0 1
0.496176 0.323062 25.4558 2.32078 -1.27578 56.4676 -1.57941 -13 321 1 0 1
1.80779 0.00648261 25.4558 -14.7305 4.11563 78.7458 1.93978 -13 322 1 0 1
2.86816 -3.65545 25.4558 1.50453 -2.23076 75.6087 0.30165 -13 323 1 0 1
-0.0775156 1.61668 25.4558 -2.76191 7.38277 65.3172 -0.601516 -13 324 1 0 1
1.2771 0.0682044 25.4558 -2.46154 -2.56379 72.412 0.0611995 -13 325 1 0 1
-5.51785 4.59452 25.4558 -22.5351 13.6412 54.3157 0.0322946 -13 326 1 0 1
-5.56181 -3.16748 25.4558 -14.4312 -12.8654 44.2424 0.269448 -13 327 1 0 1
-3.00061 4.23058 25.4558 -10.54 -0.742754 57.9896 -1.45136 -13 328 1 0 1
-0.248569 1.01404 25.4558 -5.39932 9.49869 67.7192 1.16144 -13 329 1 0 1
2.81736 -2.27968 25.4558 0.506539 -2.68228 76.2057 -0.771315 -13 330 1 0 1
-1.99931 4.66865 25.4558 -16.5492 5.51325 69.4691 -1.50241 -13 331 1 0 1
-0.737088 0.341226 25.4558 0.794184 4.69349 47.9293 4.10812 -13 333 1 0 1
-2.83978 -1.86049 25.4558 -12.4714 -5.60456 63.7611 0.390639 -13 334 1 0 1
0.707478 -1.70961 25.4558 0.68477 -8.86464 65.8852 0.393486 -13 335 1 0 1
-0.123751 -1.38551 25.4558 -8.87551 -3.76981 68.3052 -0.60468 -13 336 1 0 1
6.43782 -4.73427 25.4558 22.3719 -16.2907 58.8746 -2.3791 -13 337 1 0 1
-0.75286 -0.165236 25.4558 -1.95622 -11.515 52.9667 0.92682 -13 338 1 0 1
-1.81196 -2.73386 25.4558 -3.19871 -6.16787 48.816 0.402149 -13 339 1 0 1
-0.874151 0.280994 25.4558 -8.60215 5.23235 68.2411 0.25897 -13 340 1 0 1
2.244 2.08474 25.4558 -1.41472 -0.509475 77.476 0.0124397 -13 341 1 0 1
0.0379404 0.299707 25.4558 -9.81044 6.91749 72.372 0.671004 -13 342 1 0 1
-0.931447 0.863556 25.4558 -4.21332 -6.9761 61.2958 -0.321003 -13 343 1 0 1
0.155391 -2.31489 25.4558 3.4921 1.70061 49.2257 -0.288104 -13 344 1 0 1
-0.0368329 -1.89179 25.4558 -4.18015 -2.90163 68.3519 -0.800826 -13 345 1 0 1
-4.12101 0.264942 25.4558 -18.6523 0.494874 61.8697 0.626638 -13 346 1 0 1
-1.38835 0.0230535 25.4558 -9.56534 0.580705 66.6665 -0.791954 -13 347 1 0 1
-2.07293 -1.86255 25.4558 -2.48942 6.00479 51.6243 -0.473861 -13 348 1 0 1
1.78593 1.27962 25.4558 6.84809 0.22008 56.2917 0.876709 -13 349 1 0 1
0.113205 -1.81614 25.4558 -2.1757 -5.30439 64.8165 0.815333 -13 350 1 0 1
-0.817909 2.38485 25.4558 -9.96113 5.73946 68.9045 -1.5036 -13 352 1 0 1
-1.32541 2.49189 25.4558 -7.00772 6.77984 64.456 -0.192472 -13 353 1 0 1
-1.97637 3.9068 25.4558 -4.83107 6.56308 51.5321 0.427287 -13 354 1 0 1
0.620023 1.45928 25.4558 -8.21321 9.08809 73.1479 -0.431258 -13 355 1 0 1
0.538479 0.451674 25.4558 2.27139 9.5923 58.943 0.307764 -13 356 1 0 1
-2.29401 -0.837296 25.4558 -2.68986 1.48297 40.0833 0.0304681 -13 357 1 0 1
1.1804 0.137281 25.4558 5.8742 7.92373 50.6338 0.620121 -13 358 1 0 1
-2.24251 -2.08202 25.4558 -8.21125 2.0891 60.031 0.487813 -13 359 1 0 1
-0.819519 -1.41405 25.4558 -13.4177 -5.48828 73.4296 -0.568711 -13 360 1 0 1
2.19138 -0.866116 25.4558 -3.91632 3.01924 76.9413 -0.0871217 -13 361 1 0 1
-1.92338 1.46978 25.4558 -9.94767 -1.63384 64.4426 -2.74923 -13 362 1 0 1
0.354888 -0.220369 25.4558 -9.33995 5.45246 73.7421 -0.267512 -13 363 1 0 1
0.212955 -1.67857 25.4558 -3.76378 -2.90363 64.0628 0.276813 -13 364 1 0 1
-0.672784 0.633416 25.4558 2.08594 7.45866 49.7467 -1.88507 -13 365 1 0 1
0.228343 -0.0734404 25.4558 5.49203 -1.50141 45.0335 2.24685 -13 366 1 0 1
-0.545601 1.57031 25.4558 3.91267 -2.45104 40.6678 1.31115 -13 367 1 0 1
-1.5919 0.930765 25.4558 -7.7781 8.4666 63.3175 0.584703 -13 368 1 0 1
-1.05079 -1.87601 25.4558 -3.58232 -0.18461 59.7882 -1.06362 -13 369 1 0 1
-3.28041 1.37333 25.4558 -22.7229 3.90319 68.2677 0.900911 -13 370 1 0 1
-1.50779 -2.09345 25.4558 -7.56632 -4.94282 65.0891 2.42549 -13 371 1 0 1
-1.7377 0.504768 25.4558 -1.94498 -9.15676 53.0775 0.839471 -13 372 1 0 1
-2.71534 -1.08938 25.4558 -12.9339 -8.01748 62.3531 0.732312 -13 373 1 0 1
-0.505383 -0.899627 25.4558 -14.3065 0.359108 74.8966 0.671024 -13 374 1 0 1
-1.53029 0.277027 25.4558 -22.1529 7.42494 75.323 -1.35614 -13 375 1 0 1
-2.23604 -2.26237 25.4558 -15.0565 -9.77855 66.8579 0.511686 -13 376 1 0 1
4.0216 -0.206769 25.4558 4.81397 -7.96621 78.026 1.22959 -13 377 1 0 1
-3.39054 1.13843 25.4558 -3.39702 -5.29902 33.9519 2.23676 -13 378 1 0 1
0.294013 -3.62914 25.4558 -4.30387 -22.8532 64.444 0.683114 -13 379 1 0 1
-5.02438 -3.41395 25.4558 -7.62266 -12.9184 35.9821 -0.697443 -13 380 1 0 1
-0.126395 -2.60298 25.4558 -0.153342 -0.144992 59.6849 1.19304 -13 381 1 0 1
2.20273 -2.21266 25.4558 1.58362 -10.8095 71.9831 -0.292748 -13 382 1 0 1
-6.55844 1.11008 25.4558 -18.3146 1.25931 44.6644 1.36358 -13 383 1 0 1
1.36265 2.30633 25.4558 7.31148 1.79877 58.3103 -1.31098 -13 384 1 0 1
-0.947489 0.555772 25.4558 -6.84012 -6.35735 66.344 1.81826 -13 385 1 0 1
0.587639 0.0743957 25.4558 -2.49527 -2.94709 69.044 1.9752 -13 386 1 0 1
-1.10929 0.662642 25.4558 -12.5887 -1.35527 70.1273 0.169557 -13 387 1 0 1
-2.38759 -0.199464 25.4558 -4.58099 1.59687 49.96 -0.723449 -13 388 1 0 1
1.91513 1.64498 25.4558 7.13515 11.2055 60.3047 1.08076 -13 389 1 0 1
-2.25255 0.385161 25.4558 -9.04879 -1.68485 62.8463 0.79141 -13 390 1 0 1
1.95353 1.03466 25.4558 9.8915 1.10999 51.5234 -0.205044 -13 391 1 0 1
-3.85723 2.08165 25.4558 -10.0734 -2.79058 51.4269 0.250111 -13 392 1 0 1
-0.724033 3.67941 25.4558 -3.71006 8.79369 59.8874 -0.763967 -13 394 1 0 1
0.132229 1.46859 25.4558 -9.21483 16.0176 73.0847 -1.60826 -13 395 1 0 1
2.75861 2.10053 25.4558 8.40117 0.173284 62.6292 -0.106411 -13 396 1 0 1
0.0899862 -2.87472 25.4558 -0.0913388 -6.80925 59.3404 1.30804 -13 397 1 0 1
-0.00188709 0.43164 25.4558 -4.12381 -1.33034 66.2034 0.909487 -13 398 1 0 1
0.188322 -4.10163 25.4558 -7.59773 -12.236 69.6192 2.09359 -13 399 1 0 1
-0.0667672 -2.61285 25.4558 -2.24997 5.25847 64.1782 0.0188357 -13 400 1 0 1
2.06901 -0.350142 25.4558 0.798578 1.01795 71.7054 -0.177548 -13 401 1 0 1
-0.088867 1.94466 25.4558 2.86666 5.12754 57.8558 -0.253934 -13 402 1 0 1
-0.311454 -3.58965 25.4558 -6.27139 -25.765 66.2339 0.277935 -13 403 1 0 1
1.08598 -1.51971 25.4558 1.82959 -14.9533 64.5109 1.26186 -13 404 1 0 1
-1.58853 0.62061 25.4558 -7.26364 -7.14249 59.0308 -0.533914 -13 406 1 0 1
-1.63784 -1.97008 25.4558 -9.05377 -2.45164 64.4701 1.33206 -13 407 1 0 1
1.78345 1.70873 25.4558 7.90896 7.90817 56.908 1.8481 -13 408 1 0 1
1.25753 -0.350853 25.4558 3.53915 -1.55125 64.0481 0.368074 -13 409 1 0 1
-0.305222 -1.36181 25.4558 -12.498 -6.10473 74.6518 -2.52235 -13 410 1 0 1
-3.62789 3.73995 25.4558 -3.07932 0.219659 38.8003 0.59157 -13 411 1 0 1
-1.57335 -3.28525 25.4558 -10.2984 -14.2803 62.7228 1.31345 -13 412 1 0 1
0.211353 2.33817 25.4558 -13.1381 6.05641 77.2757 0.139675 -13 413 1 0 1
-4.87335 -1.58309 25.4558 -15.8323 -2.64082 55.3135 1.03922 -13 414 1 0 1
-0.171986 1.71029 25.4558 -0.406661 9.34349 56.1814 0.388355 -13 415 1 0 1
-4.46961 -6.20197 25.4558 -7.5709 -8.90228 29.6683 -0.0571445 -13 417 1 0 1
-0.0483545 2.16345 25.4558 -6.03882 2.88749 69.0013 1.52162 -13 418 1 0 1
2.09826 -0.285881 25.4558 6.45576 -0.0710617 63.8835 0.55673 -13 419 1 0 1
0.620873 -0.399011 25.4558 -6.03585 -9.62912 72.6005 -0.389216 -13 421 1 0 1
-1.43737 3.21826 25.4558 -10.3603 15.047 63.7899 0.441124 -13 422 1 0 1
-5.90858 -6.37465 25.4558 -12.8209 -9.25182 39.7734 -0.177459 -13 423 1 0 1
0.23798 6.77288 25.4558 6.00587 10.9953 45.3568 0.670498 -13 424 1 0 1
-0.150863 -0.349602 25.4558 -0.984121 2.28682 63.9264 -0.0158524 -13 425 1 0 1
0.710055 -0.893001 25.4558 -8.5189 4.83663 72.9437 -1.37236 -13 426 1 0 1
1.7568 -3.39694 25.4558 3.7836 -6.2342 63.2838 -0.485804 -13 427 1 0 1
-1.70315 0.697225 25.4558 -10.353 11.6569 63.6673 0.429818 -13 428 1 0 1
0.987306 -2.1798 25.4558 5.57328 -12.2628 56.4218 -0.0694086 -13 429 1 0 1
-2.26516 3.15801 25.4558 -17.8129 15.9357 67.1989 -1.65737 -13 430 1 0 1
1.46265 -0.854743 25.4558 -5.80367 -6.03001 75.1597 1.94078 -13 431 1 0 1
0.78821 -1.13278 25.4558 -1.10277 1.4101 67.886 1.98801 -13 432 1 0 1
-0.188008 0.110487 25.4558 -8.07172 -10.715 68.4861 1.42214 -13 433 1 0 1
-0.318738 -0.426686 25.4558 -0.721319 8.71033 58.7593 0.153588 -13 434 1 0 1
3.92483 1.50803 25.4558 12.154 2.00666 58.428 1.09617 -13 435 1 0 1
0.653613 -0.646272 25.4558 -1.97711 -0.354984 67.0932 -2.27565 -13 437 1 0 1
-2.93483 -0.14117 25.4558 -5.90845 0.826862 53.5148 1.9829 -13 438 1 0 1
0.935621 -2.15802 25.4558 1.32924 -3.15413 63.1699 -1.09348 -13 439 1 0 1
0.316728 1.61807 25.4558 0.545713 8.79936 59.8906 0.249281 -13 440 1 0 1
-1.95995 -1.02365 25.4558 -15.901 -5.48315 68.3388 1.40171 -13 441 1 0 1
-1.38416 -2.46306 25.4558 -7.65337 0.610065 64.5614 -0.10566 -13 442 1 0 1
-1.29177 -1.50729 25.4558 -2.07931 5.41463 55.5811 1.06641 -13 443 1 0 1
3.32916 -0.534013 25.4558 7.36721 1.47597 69.8449 1.00916 -13 444 1 0 1
1.78055 1.91884 25.4558 1.52995 -3.21733 68.7412 0.0985334 -13 445 1 0 1
-1.20028 -3.25178 25.4558 -9.59978 -4.31608 67.9033 -1.52427 -13 446 1 0 1
0.711205 0.101347 25.4558 3.89237 2.1148 56.6827 -0.41814 -13 447 1 0 1
-0.25803 -0.340166 25.4558 -6.71583 4.44513 69.8588 -1.97263 -13 448 1 0 1
-1.43571 1.48333 25.4558 -2.03013 1.38244 51.6852 -0.169677 -13 449 1 0 1
3.04871 2.14825 25.4558 -2.98832 1.7473 81.143 0.111717 -13 451 1 0 1
-0.117231 -0.427811 25.4558 -2.69065 -4.8094 67.24 1.12079 -13 452 1 0 1
-0.379454 -1.99814 25.4558 1.59604 -5.74527 58.9749 -0.311297 -13 453 1 0 1
-2.96893 -0.856985 25.4558 -4.84171 -3.88425 50.8342 1.36822 -13 454 1 0 1
0.148792 0.182652 25.4558 3.28869 -6.24491 54.6049 0.212335 -13 455 1 0 1
1.22224 1.51398 25.4558 1.79333 9.3853 64.2391 -0.609893 -13 456 1 0 1
0.555801 0.0755188 25.4558 5.2869 7.83184 56.2306 0.820656 -13 457 1 0 1
0.214432 -5.53819 25.4558 0.665455 -16.6163 52.7237 -1.0787 -13 458 1 0 1
3.30047 3.25261 25.4558 6.29134 6.41525 74.6709 1.70986 -13 459 1 0 1
-1.46387 -1.30772 25.4558 -9.99123 0.170183 64.2144 -0.130551 -13 460 1 0 1
-2.65018 1.07436 25.4558 -12.5461 10.1124 62.8013 0.379582 -13 461 1 0 1
-0.00112575 1.01672 25.4558 -1.15895 5.97086 63.8796 -0.260915 -13 462 1 0 1
1.15864 -1.14475 25.4558 -0.428833 -3.58376 68.6504 1.50533 -13 463 1 0 1
0.456653 4.48175 25.4558 0.0162701 19.1273 59.2766 -0.121284 -13 464 1 0 1
-3.29738 4.4541 25.4558 -4.47581 10.4504 34.2203 -0.802433 -13 465 1 0 1
-0.237362 1.5147 25.4558 -0.5527 8.40192 55.8873 0.360807 -13 466 1 0 1
-0.189805 -2.32126 25.4558 6.1788 -2.02424 33.4677 -0.103024 -13 467 1 0 1
-1.14508 1.57458 25.4558 -0.961247 -4.72338 55.648 -0.807211 -13 468 1 0 1
-2.62531 4.4867 25.4558 -5.07395 13.8794 47.7348 0.486781 -13 469 1 0 1
0.615879 -2.90182 25.4558 -0.578853 -6.26056 64.1336 -0.428034 -13 470 1 0 1
-3.22283 4.37892 25.4558 -7.1227 11.764 46.2233 1.23141 -13 471 1 0 1
-1.00955 -3.53236 25.4558 0.98902 -9.39847 41.2616 1.22552 -13 472 1 0 1
-2.40966 -0.433568 25.4558 -5.32351 -2.77762 53.9756 -0.580258 -13 473 1 0 1
0.874917 -1.81161 25.4558 3.85982 -7.28074 61.4059 -0.583153 -13 474 1 0 1
0.961696 0.687717 25.4558 -2.49355 8.23634 70.5688 1.61522 -13 475 1 0 1
-3.74274 2.18636 25.4558 -14.6925 11.235 58.1033 0.0388445 -13 476 1 0 1
-0.296117 4.56113 25.4558 -2.37917 12.1709 65.7415 -1.24249 -13 477 1 0 1
-1.21429 -1.86275 25.4558 -6.79535 -4.49656 60.6135 -1.74246 -13 478 1 0 1
-1.004 0.942405 25.4558 -0.82142 -1.21522 47.2108 -0.58149 -13 479 1 0 1
-0.105768 0.525298 25.4558 0.966762 6.1213 54.3147 0.353112 -13 480 1 0 1
0.752455 0.000740944 25.4558 8.83523 0.272592 29.814 0.642216 -13 481 1 0 1
-2.06588 -0.0214253 25.4558 -1.49533 -7.28167 44.8689 0.436362 -13 482 1 0 1
-2.43154 2.93423 25.4558 -15.4262 8.87458 66.4296 0.843928 -13 483 1 0 1
-2.27012 0.807108 25.4558 -14.5164 -0.89402 65.4144 -1.21089 -13 484 1 0 1
-4.44021 -1.65955 25.4558 -14.5412 -10.7224 54.1573 1.90682 -13 485 1 0 1
-0.890551 -2.08681 25.4558 -3.04134 -15.3466 56.9347 2.80039 -13 486 1 0 1
2.12908 1.83184 25.4558 2.38586 1.81534 69.0505 0.195473 -13 487 1 0 1
-4.79336 -0.499892 25.4558 -17.8962 -2.01881 57.6417 -0.833673 -13 488 1 0 1
-2.68281 -2.71058 25.4558 -3.244 3.91796 39.0334 1.39513 -13 489 1 0 1
-0.67782 -1.07035 25.4558 -3.91224 -12.0606 62.3836 -1.75536 -13 490 1 0 1
0.209958 3.049 25.4558 -4.91089 3.28805 69.5133 0.925131 -13 491 1 0 1
-0.158206 -0.555404 25.4558 -1.53802 6.5239 60.8382 1.24009 -13 492 1 0 1
-2.44681 -0.701023 25.4558 -6.44554 -4.69188 58.2554 1.08307 -13 493 1 0 1
-2.13655 0.877659 25.4558 0.0451797 -2.92549 31.9954 0.159831 -13 494 1 0 1
-1.33534 5.36069 25.4558 1.93548 4.34387 42.0825 -2.64779 -13 495 1 0 1
-1.89393 -2.91677 25.4558 -1.562 -7.15655 41.961 0.334448 -13 496 1 0 1
-0.995437 -0.677154 25.4558 -7.60966 -1.37775 63.5599 0.334991 -13 497 1 0 1
-1.3235 1.37175 25.4558 -10.8245 7.68473 67.2188 -0.358193 -13 498 1 0 1
-0.729543 3.02026 25.4558 0.129095 4.41814 51.6401 -0.774111 -13 499 1 0 1
2.71038 1.28279 25.4558 10.939 -2.48812 50.9724 -1.08039 -13 500 1 0 1
2.45925 2.73141 25.4558 -4.07629 7.46049 78.1476 -0.223751 -13 501 1 0 1
-2.60398 3.30329 25.4558 -14.9023 6.47633 64.5493 -1.10282 -13 502 1 0 1
-2.00898 -8.31844 25.4558 -12.5455 -22.856 62.8705 -1.55115 -13 503 1 0 1
-1.47401 -0.395052 25.4558 -10.376 2.06901 64.5645 0.357982 -13 504 1 0 1
2.35478 0.467349 25.4558 10.53 1.6547 56.2356 -1.07818 -13 505 1 0 1
0.0123152 0.370524 25.4558 -16.0702 -2.98432 77.3163 1.33771 -13 506 1 0 1
0.429737 2.98006 25.4558 2.84383 10.6852 48.3348 0.503856 -13 507 1 0 1
0.844638 -3.40467 25.4558 3.00373 -8.64433 62.7599 1.02782 -13 508 1 0 1
2.65445 -2.17902 25.4558 2.63613 -7.90125 72.2719 0.0751451 -13 509 1 0 1
-4.08801 2.00029 25.4558 -15.2386 5.76012 58.043 1.20787 -13 510 1 0 1
-3.2686 -1.17486 25.4558 -20.6196 0.445228 68.0689 2.11333 -13 511 1 0 1
-2.34778 -1.24749 25.4558 -8.33373 -3.44132 56.5015 -0.356551 -13 512 1 0 1
-0.980668 -0.635826 25.4558 -0.761918 2.8688 50.8442 1.1624 -13 513 1 0 1
-2.03892 -0.179296 25.4558 -6.10131 -0.583991 54.1593 -3.43656 -13 514 1 0 1
-2.67416 -0.00667361 25.4558 -15.6485 1.85225 64.105 -1.39775 -13 515 1 0 1
-0.982075 -2.47886 25.4558 -2.3501 1.75171 57.6233 -1.90538 -13 516 1 0 1
0.380107 1.24079 25.4558 -5.975 -1.92717 71.5402 -1.07667 -13 517 1 0 1
-0.541947 -0.417902 25.4558 -3.4735 2.16382 64.5391 0.856522 -13 518 1 0 1
-0.697661 1.12633 25.4558 -19.0398 1.55561 76.0089 -0.0284352 -13 519 1 0 1
-1.06295 0.489519 25.4558 -2.2403 -5.49235 59.8452 2.55987 -13 520 1 0 1
-1.12113 -3.41843 25.4558 -9.95901 -10.9838 68.3267 -1.43323 -13 521 1 0 1
2.15729 1.3795 25.4558 -7.24994 5.17091 80.2405 0.95325 -13 522 1 0 1
-1.59486 2.31491 25.4558 -12.0339 4.00629 68.4576 0.904959 -13 523 1 0 1
-0.818422 -4.45093 25.4558 -2.92747 -2.49284 61.2687 0.75846 -13 524 1 0 1
-2.25123 3.19792 25.4558 -0.732027 5.67964 37.7865 0.686827 -13 525 1 0 1
-1.07586 -2.33399 25.4558 -13.6024 -0.413507 70.1659 0.0797433 -13 526 1 0 1
-2.50642 2.57361 25.4558 -8.65137 9.96825 56.9518 1.05829 -13 527 1 0 1
-2.22078 1.46819 25.4558 -4.85381 3.78948 54.9652 2.70929 -13 528 1 0 1
3.47716 -0.180041 25.4558 7.79626 -12.2745 70.3612 0.829719 -13 529 1 0 1
-0.801072 0.693386 25.4558 -6.6222 2.48872 66.52 -0.575008 -13 530 1 0 1
-0.472158 0.178817 25.4558 0.536999 3.56683 59.1317 1.01803 -13 531 1 0 1
-5.16644 0.353691 25.4558 -14.5659 7.34746 50.3843 1.67875 -13 532 1 0 1
-6.41121 -3.20851 25.4558 -7.46421 -2.76034 16.1406 3.40302 -13 533 1 0 1
1.59425 -0.730764 25.4558 0.843984 0.0164213 69.9874 1.00076 -13 534 1 0 1
0.0288456 0.176381 25.4558 -6.56329 15.0805 67.1454 -2.7976 -13 535 1 0 1
-0.270698 -1.5985 25.4558 0.398757 1.25265 54.5264 -0.888271 -13 536 1 0 1
0.960257 3.21198 25.4558 5.10858 9.14632 63.1102 0.133596 -13 538 1 0 1
-8.2261 9.94352 25.4558 -34.9431 28.0446 51.7951 1.07718 -13 539 1 0 1
4.17119 -1.43063 25.4558 6.03279 -3.70929 76.8181 1.41341 -13 540 1 0 1
-0.45027 0.61819 25.4558 -9.6847 8.74553 69.6055 0.979865 -13 541 1 0 1
0.95364 -0.478106 25.4558 -0.435434 2.58411 67.6061 0.0397954 -13 542 1 0 1
1.5191 0.255354 25.4558 3.77515 -7.27573 66.5844 -0.49097 -13 543 1 0 1
0.48174 -0.172169 25.4558 0.824596 -3.02739 62.9459 0.452071 -13 544 1 0 1
-1.45524 -4.37472 25.4558 -13.3795 -24.0796 66.4342 1.17645 -13 545 1 0 1
-2.31742 -4.57268 25.4558 -4.65077 -10.653 41.9845 0.505344 -13 546 1 0 1
-4.38196 2.58473 25.4558 -12.7697 11.7533 47.0712 -0.677797 -13 547 1 0 1
0.00354029 -0.590304 25.4558 -1.25197 6.86116 61.0775 2.28946 -13 548 1 0 1
-0.115197 -2.48192 25.4558 0.877561 -1.56899 57.4824 2.5885 -13 549 1 0 1
-3.37012 2.54964 25.4558 -18.8804 15.1219 63.7736 -2.46501 -13 550 1 0 1
-0.770353 -5.09797 25.4558 1.95654 -3.52116 32.8404 1.25062 -13 551 1 0 1
-3.91383 0.144502 25.4558 -13.4492 -3.37787 56.4937 0.254035 -13 553 1 0 1
-2.98848 0.135642 25.4558 -15.141 -3.62098 62.4863 -0.981886 -13 554 1 0 1
2.80186 1.34003 25.4558 1.0774 6.52706 73.7101 1.26969 -13 555 1 0 1
-2.01865 2.13863 25.4558 -6.84174 6.12157 55.6051 0.515439 -13 556 1 0 1
0.531042 0.530416 25.4558 1.66855 -0.875259 61.0995 2.45441 -13 557 1 0 1
-1.8917 0.334163 25.4558 -7.9555 -3.963 60.6507 -2.58181 -13 558 1 0 1
-4.73793 0.19342 25.4558 -10.907 1.66468 44.7789 -1.40598 -13 560 1 0 1
-3.0403 2.55309 25.4558 -19.0381 4.36326 65.957 1.12899 -13 562 1 0 1
1.74215 0.342545 25.4558 -0.148408 -5.4182 70.264 -0.312753 -13 564 1 0 1
-4.12157 1.15637 25.4558 -12.6899 9.31456 52.7516 1.28836 -13 565 1 0 1
-2.32098 -0.298922 25.4558 -19.8525 -3.8925 69.9192 0.768418 -13 566 1 0 1
-1.40994 -2.86728 25.4558 -2.79392 -5.89966 55.0916 0.213454 -13 567 1 0 1
-0.672346 1.28385 25.4558 -8.86442 9.7003 69.9193 0.202413 -13 568 1 0 1
-0.705322 -1.0819 25.4558 -4.26973 -6.10869 60.9534 1.81544 -13 569 1 0 1
-1.79191 -3.25691 25.4558 -1.60757 -5.43367 50.2227 -2.38872 -13 570 1 0 1
0.845187 -0.117114 25.4558 -6.68708 -7.64832 74.7417 -0.120966 -13 572 1 0 1
-2.48884 1.10643 25.4558 -14.0814 -5.69154 66.3132 1.96648 -13 573 1 0 1
-2.98957 3.4914 25.4558 -11.4361 18.9627 55.2849 -0.942037 -13 574 1 0 1
-0.0793243 -0.862059 25.4558 -6.51266 -3.9566 68.8761 0.204941 -13 575 1 0 1
-0.253792 3.00451 25.4558 -5.58256 0.441447 68.0983 -0.872632 -13 576 1 0 1
0.3231 -3.91447 25.4558 -2.61545 -3.96361 65.2479 -1.95324 -13 577 1 0 1
-1.12373 2.47069 25.4558 -13.1541 12.8953 70.4145 1.96535 -13 578 1 0 1
0.563463 -3.45212 25.4558 2.29182 -14.5704 60.7199 -0.227931 -13 579 1 0 1
-3.16179 0.372311 25.4558 -17.3575 9.03846 63.6302 1.49853 -13 580 1 0 1
1.54102 2.31195 25.4558 5.39037 3.64007 61.9555 0.0920813 -13 581 1 0 1
1.42385 -1.1064 25.4558 7.30196 2.54256 48.0771 0.00757877 -13 582 1 0 1
1.83115 0.301685 25.4558 1.09965 -2.55882 70.8655 -0.419074 -13 583 1 0 1
0.147645 0.919016 25.4558 -3.28721 -4.08572 63.4876 -0.737188 -13 584 1 0 1
0.400114 -0.193076 25.4558 -3.39232 -7.56936 65.2423 -2.03191 -13 585 1 0 1
-0.0149756 -1.36323 25.4558 -8.05846 -10.7401 69.9795 2.20603 -13 586 1 0 1
-0.685993 1.14213 25.4558 -13.2333 13.9942 71.4498 0.387476 -13 587 1 0 1
1.37455 -1.21415 25.4558 2.18588 1.19474 66.502 -2.10113 -13 588 1 0 1
-0.204509 1.19682 25.4558 -7.1394 1.37029 69.3185 -1.22128 -13 589 1 0 1
-1.71755 -1.34911 25.4558 -16.703 -14.7054 71.1348 -0.837819 -13 590 1 0 1
-0.475269 -1.31 25.4558 -15.9972 0.592784 76.0294 2.61084 -13 591 1 0 1
-0.422127 0.730634 25.4558 -6.76957 -0.303771 70.6926 -2.5882 -13 592 1 0 1
-0.0429569 3.61916 25.4558 -0.332168 3.15287 63.696 1.96583 -13 593 1 0 1
-2.88306 1.34845 25.4558 -14.9255 0.045687 61.0346 0.267184 -13 594 1 0 1
0.292438 -2.37174 25.4558 -1.13987 -3.0558 63.3107 0.60982 -13 595 1 0 1
-1.16516 -0.212315 25.4558 -23.5271 -2.48254 76.2578 -0.0425178 -13 597 1 0 1
2.31822 -1.59453 25.4558 -7.40476 -11.2836 80.3936 -1.68344 -13 598 1 0 1
-3.99414 -1.21848 25.4558 -6.71758 -4.37519 43.6976 -1.53934 -13 599 1 0 1
-2.47015 -2.22957 25.4558 -4.35114 -7.41149 49.4788 0.586244 -13 600 1 0 1
0.152259 0.107674 25.4558 -0.461883 -0.917697 59.0846 1.21769 -13 601 1 0 1
-0.482749 -1.54442 25.4558 -2.61193 -4.67766 63.3347 0.671448 -13 602 1 0 1
-3.86117 -0.855225 25.4558 -20.3098 -2.10417 64.1721 -1.22255 -13 603 1 0 1
-0.319083 1.34132 25.4558 5.30489 0.137455 47.1172 0.1927 -13 604 1 0 1
-2.06672 -6.52449 25.4558 -7.16411 -19.2318 56.285 0.101926 -13 605 1 0 1
1.94057 -0.507677 25.4558 2.46573 -2.15468 66.5501 2.66586 -13 606 1 0 1
3.4485 0.898364 25.4558 1.93656 14.8216 75.6683 -0.707158 -13 607 1 0 1
-2.43345 -1.3827 25.4558 -19.4493 6.88673 69.9855 0.204715 -13 609 1 0 1
-1.21841 -1.34342 25.4558 -8.82625 9.93939 65.9494 -1.62061 -13 610 1 0 1
-2.1783 1.73431 25.4558 -4.40523 -1.12232 53.1106 0.96419 -13 611 1 0 1
1.68214 -0.968732 25.4558 5.75677 3.29078 56.5987 -2.1861 -13 612 1 0 1
0.471933 -3.02318 25.4558 4.5696 -6.82515 37.2843 1.40517 -13 613 1 0 1
-1.2323 0.0206673 25.4558 -5.56297 -6.75986 63.1883 -0.24587 -13 614 1 0 1
-1.91723 1.61508 25.4558 -15.7916 -3.62848 71.5506 0.876814 -13 615 1 0 1
2.17043 0.126383 25.4558 -3.18321 6.24819 77.4807 -0.152887 -13 616 1 0 1
-1.49179 -2.85726 25.4558 -8.58075 -7.01235 62.2827 -0.631814 -13 617 1 0 1
-2.00157 4.117 25.4558 -7.46981 18.7058 55.8462 -0.965757 -13 618 1 0 1
1.0306 2.0623 25.4558 5.49737 11.3579 50.188 0.779584 -13 619 1 0 1
0.486528 1.04917 25.4558 -11.9823 3.67662 77.0427 -2.14495 -13 620 1 0 1
-0.720313 -4.50353 25.4558 -2.15433 -7.41747 58.9306 0.746722 -13 621 1 0 1
0.0168905 -8.56726 25.4558 1.15905 -20.7288 53.9173 0.430389 -13 622 1 0 1
-1.26498 -2.94984 25.4558 -3.57788 -3.49105 59.8775 -0.228352 -13 623 1 0 1
-1.0896 -0.363516 25.4558 -5.1749 -5.7713 63.3306 -0.227429 -13 624 1 0 1
-3.45672 4.89054 25.4558 -10.8837 8.78131 53.969 -0.771841 -13 625 1 0 1
2.11 0.893384 25.4558 1.39411 -2.21951 70.5122 2.52348 -13 626 1 0 1
-1.87251 -1.40042 25.4558 -20.7741 7.91198 73.3339 0.649196 -13 627 1 0 1
0.0188313 -4.37248 25.4558 -6.08731 -15.4753 69.8066 0.217753 -13 628 1 0 1
-1.90537 2.75913 25.4558 -8.57548 15.6435 63.1837 0.266237 -13 629 1 0 1
-3.52203 0.659811 25.4558 -15.6438 7.62991 60.2254 0.737108 -13 630 1 0 1
-1.95687 0.372289 25.4558 -4.39451 3.65338 58.1357 -0.580528 -13 631 1 0 1
-1.2699 -1.71285 25.4558 -8.98584 -5.60451 65.5369 -1.43427 -13 632 1 0 1
1.27484 1.54228 25.4558 6.96473 2.76946 55.483 -0.739941 -13 633 1 0 1
-4.43521 5.74779 25.4558 -16.1424 21.4125 53.9021 -0.0395098 -13 634 1 0 1
1.99991 -1.13157 25.4558 9.31785 -0.0242644 51.5195 0.269517 -13 635 1 0 1
-1.55086 -0.083553 25.4558 -15.5947 9.17836 70.7272 -2.03137 -13 636 1 0 1
1.9567 0.503062 25.4558 -0.517616 -2.0994 72.041 0.166357 -13 637 1 0 1
1.31688 -2.08179 25.4558 1.61349 -8.02424 65.7051 -1.88621 -13 639 1 0 1
-0.796534 1.98361 25.4558 0.773684 4.89592 37.7907 -2.08014 -13 640 1 0 1
0.941512 -2.53781 25.4558 1.94019 -12.8013 60.974 -1.24257 -13 641 1 0 1
-0.693296 -3.12099 25.4558 0.439573 -5.88034 57.0312 0.037959 -13 642 1 0 1
-0.509947 -2.51019 25.4558 -9.26138 -11.844 69.2442 -0.306457 -13 643 1 0 1
-2.39081 -2.28286 25.4558 -5.38236 -10.6773 49.2096 2.31892 -13 644 1 0 1
-0.376484 -2.69832 25.4558 0.351729 -6.89861 56.3963 1.0762 -13 645 1 0 1
-2.10887 1.28103 25.4558 -18.8554 4.04642 69.4322 1.42231 -13 646 1 0 1
-1.96257 -0.955819 25.4558 -24.2631 0.615535 74.2288 -1.42644 -13 647 1 0 1
1.11038 0.880538 25.4558 1.23826 6.49377 67.762 -0.0506487 -13 649 1 0 1
0.255401 -2.37637 25.4558 -9.01094 -4.87166 72.9637 1.01823 -13 650 1 0 1
0.37968 0.792671 25.4558 -3.93795 1.77071 67.6409 0.548828 -13 651 1 0 1
-1.43967 -0.440772 25.4558 -9.77344 -4.55592 64.3564 1.05384 -13 652 1 0 1
0.398117 -2.27791 25.4558 -4.02382 -4.03543 67.82 0.676646 -13 653 1 0 1
-1.51834 -1.38948 25.4558 4.08462 -2.99505 39.1235 -0.360393 -13 654 1 0 1
-5.41805 -2.38583 25.4558 -8.12101 -7.92118 26.1648 0.250511 -13 655 1 0 1
-3.06231 1.08665 25.4558 -15.7897 11.2243 61.413 -0.062866 -13 656 1 0 1
0.908615 -3.5599 25.4558 3.18935 -5.40509 60.6552 0.652273 -13 657 1 0 1
-1.25922 -3.83371 25.4558 -12.0375 -7.00883 67.1736 2.26891 -13 659 1 0 1
0.077742 -0.160605 25.4558 -3.84263 1.53563 65.6918 -1.46397 -13 660 1 0 1
0.25687 1.23863 25.4558 -12.5729 -6.29044 75.2451 1.67294 -13 661 1 0 1
-3.4676 -0.434171 25.4558 -11.9594 -1.81924 55.6089 -0.23004 -13 662 1 0 1
0.157398 0.0255148 25.4558 1.88809 4.46377 57.0847 0.477927 -13 663 1 0 1
-0.049574 -2.47232 25.4558 -8.68494 -7.92804 69.6029 1.77318 -13 664 1 0 1
0.167975 0.272624 25.4558 -11.278 -3.01713 75.6078 0.341915 -13 665 1 0 1
-4.28525 -1.0432 25.4558 -16.3927 0.353686 58.5487 1.01585 -13 666 1 0 1
-1.01903 -0.688937 25.4558 -4.50595 -0.782214 59.4944 -2.11955 -13 667 1 0 1
-3.84805 -0.780068 25.4558 -5.91707 -3.74297 30.7775 0.780144 -13 668 1 0 1
-0.32731 -3.53862 25.4558 -3.68968 -14.2452 66.2349 1.41876 -13 669 1 0 1
-0.809673 0.38183 25.4558 -11.7539 4.80177 71.3261 0.0654371 -13 670 1 0 1
-0.300249 -5.3107 25.4558 -2.38728 -19.2582 59.3138 0.520032 -13 671 1 0 1
1.47952 2.86865 25.4558 3.69606 8.41171 55.8223 1.59286 -13 672 1 0 1
0.625079 3.85007 25.4558 2.91467 9.91322 60.4756 0.368135 -13 673 1 0 1
2.85357 1.24867 25.4558 6.79299 5.35027 61.8139 0.888547 -13 674 1 0 1
-1.73792 -2.56757 25.4558 -7.55474 -13.6189 60.9917 3.20805 -13 675 1 0 1
1.54552 0.203825 25.4558 6.96357 5.39706 48.6416 -0.139259 -13 676 1 0 1
3.48309 -0.0148556 25.4558 7.84164 -3.27615 66.0832 1.0418 -13 677 1 0 1
0.459133 -0.95076 25.4558 -5.13231 11.7834 70.8037 1.58671 -13 678 1 0 1
-2.90243 2.7858 25.4558 -16.7159 13.203 64.3593 0.0503406 -13 679 1 0 1
-3.12827 1.60113 25.4558 -8.30417 1.10217 54.8413 -0.851348 -13 680 1 0 1
0.42429 1.72148 25.4558 -6.28542 -7.89403 72.4781 -3.1935 -13 681 1 0 1
3.59093 -1.8136 25.4558 10.4264 4.69485 60.9283 2.08093 -13 683 1 0 1
-1.57249 -2.10937 25.4558 -6.72387 -6.28394 60.8129 -0.170198 -13 684 1 0 1
5.86344 -0.559299 25.4558 17.1188 -10.1352 67.6803 -1.62874 -13 685 1 0 1
1.18019 2.41703 25.4558 -0.521358 11.6684 68.786 0.459878 -13 686 1 0 1
-2.44709 1.3461 25.4558 -4.95108 9.90224 48.8115 1.72737 -13 687 1 0 1
-1.51389 -0.0383655 25.4558 -9.43281 -6.34285 64.54 0.0178811 -13 688 1 0 1
1.01339 -2.10411 25.4558 4.40242 -13.3543 59.2442 1.04462 -13 690 1 0 1
0.363194 1.50457 25.4558 -2.2933 -1.42499 64.274 -1.90579 -13 691 1 0 1
-1.10735 3.21397 25.4558 -5.71375 2.75602 61.4225 -0.899104 -13 692 1 0 1
-1.64212 6.29013 25.4558 -4.31694 5.83937 48.7635 1.87676 -13 693 1 0 1
-0.239624 -3.91801 25.4558 -4.3423 -7.04463 64.2085 2.41927 -13 694 1 0 1
-1.81282 1.89093 25.4558 -9.21438 8.62058 62.6239 0.406217 -13 696 1 0 1
-0.446776 0.459608 25.4558 -11.0373 6.81003 69.3794 0.589002 -13 697 1 0 1
0.52382 -3.98437 25.4558 7.52945 -7.04616 42.9493 -0.660595 -13 699 1 0 1
1.39414 -0.709832 25.4558 -2.38549 -2.73795 71.9873 1.45392 -13 700 1 0 1
0.663757 0.670658 25.4558 -2.31763 10.7531 69.4083 1.39745 -13 701 1 0 1
-0.972098 0.323178 25.4558 0.0065113 2.58899 43.509 1.37825 -13 702 1 0 1
-0.111452 1.79139 25.4558 -16.8042 4.08013 77.6588 -2.1587 -13 703 1 0 1
0.436968 1.50943 25.4558 3.89081 11.874 55.8541 -0.414211 -13 704 1 0 1
-1.41493 2.10388 25.4558 -1.94181 4.1496 52.7829 1.47405 -13 705 1 0 1
-4.35627 -0.640593 25.4558 -10.8503 -1.78398 49.9084 -1.53561 -13 706 1 0 1
0.323024 -2.01597 25.4558 -6.53804 4.19936 71.7016 3.38046 -13 707 1 0 1
-4.4115 -0.885312 25.4558 -15.5055 -3.15208 56.1184 0.573337 -13 708 1 0 1
-0.613038 0.40063 25.4558 -4.05644 -3.79472 64.8951 0.143756 -13 709 1 0 1
-2.15918 -0.2245 25.4558 0.217643 -7.6949 39.8373 -0.901894 -13 710 1 0 1
0.230862 2.13834 25.4558 3.30986 0.604327 49.7788 -0.265596 -13 711 1 0 1
-1.0789 -3.04911 25.4558 -10.4131 -11.2734 67.0114 1.45321 -13 712 1 0 1
1.27563 -0.873219 25.4558 -12.0558 -10.9111 79.5313 0.0712449 -13 713 1 0 1
-1.85261 1.97419 25.4558 -2.49543 0.200581 48.5136 1.71477 -13 714 1 0 1
-0.644761 0.565161 25.4558 -10.2295 7.92306 69.7209 -1.00991 -13 715 1 0 1
-0.767561 2.6562 25.4558 1.5857 7.46277 49.6369 1.28098 -13 716 1 0 1
-1.02351 0.380086 25.4558 0.454122 -0.501005 52.7389 1.84981 -13 717 1 0 1
-0.824059 0.975034 25.4558 -11.7651 -1.33869 70.8043 1.00742 -13 718 1 0 1
1.18377 -0.67627 25.4558 -1.93049 3.75489 70.9058 -0.0334466 -13 719 1 0 1
-1.45281 0.681321 25.4558 -8.74353 2.84732 64.4464 2.14864 -13 720 1 0 1
1.79127 -2.99195 25.4558 -0.180452 -12.2127 70.5559 -0.0213028 -13 721 1 0 1
-0.0310727 -1.49093 25.4558 1.76094 -8.18255 54.3396 -1.46954 -13 722 1 0 1
-0.612352 -2.78952 25.4558 -3.66393 -3.78607 60.4871 -1.14211 -13 723 1 0 1
0.417359 3.40064 25.4558 -6.5328 10.8026 71.3612 2.06986 -13 724 1 0 1
-3.06851 3.08162 25.4558 -9.5438 5.72354 53.6912 -0.213409 -13 725 1 0 1
1.61062 -3.32993 25.4558 7.87689 -12.8164 52.6752 -0.91868 -13 726 1 0 1
-0.166152 0.71171 25.4558 2.4512 3.31442 43.5969 1.99807 -13 727 1 0 1
-1.08941 4.88286 25.4558 -0.620512 15.799 39.0756 -0.262972 -13 728 1 0 1
2.09793 -1.75492 25.4558 -3.29725 -5.53532 75.8007 -1.75763 -13 729 1 0 1
-4.78935 -5.64296 25.4558 -4.61409 -7.74196 28.7391 -0.119234 -13 730 1 0 1
-0.483766 -1.38162 25.4558 -8.31557 -1.6447 69.6912 -1.1758 -13 731 1 0 1
-1.54124 3.0379 25.4558 -10.4475 7.0218 67.5044 2.07515 -13 732 1 0 1
-3.84495 2.10504 25.4558 -6.78164 -1.10173 45.0667 -0.35911 -13 733 1 0 1
1.18081 4.25311 25.4558 -0.676962 -3.85135 71.0887 2.31336 -13 734 1 0 1
3.3528 3.41064 25.4558 11.1697 4.99007 44.9915 -1.11988 -13 735 1 0 1
-0.94147 2.07043 25.4558 0.400529 6.25164 45.5828 -0.145531 -13 736 1 0 1
-2.41193 3.0318 25.4558 -9.2674 9.01648 60.7908 2.12812 -13 737 1 0 1
1.8497 -0.765979 25.4558 6.78294 2.84752 58.0072 1.59202 -13 738 1 0 1
0.37557 -2.06133 25.4558 1.39061 -1.36042 59.0485 -1.08649 -13 739 1 0 1
-0.522204 0.670589 25.4558 -11.4615 1.87855 72.0069 0.840831 -13 740 1 0 1
3.37969 -0.242607 25.4558 5.01327 0.95134 16.9524 1.8648 -13 741 1 0 1
-5.88043 -0.236009 25.4558 -10.2161 2.38861 38.0584 -2.15694 -13 742 1 0 1
-0.00858405 2.2699 25.4558 -6.01465 14.9624 69.8704 1.39305 -13 743 1 0 1
-2.72664 2.78397 25.4558 -7.57631 3.80411 54.2745 0.322475 -13 744 1 0 1
3.30098 3.05221 25.4558 4.07351 10.7367 71.8964 2.01597 -13 745 1 0 1
-0.834883 -0.476631 25.4558 -8.53375 -2.10944 67.0392 -1.75739 -13 746 1 0 1
0.00236909 -0.906389 25.4558 -4.39846 -2.72869 67.4611 0.238308 -13 747 1 0 1
-3.60985 -0.570826 25.4558 -6.01446 0.923365 46.9306 -1.75338 -13 748 1 0 1
1.77965 -0.293116 25.4558 -1.51755 -2.48347 72.5964 1.18616 -13 749 1 0 1
-0.367353 5.01946 25.4558 -2.55494 2.66658 63.789 0.766876 -13 750 1 0 1
-3.09269 1.05065 25.4558 -7.80704 6.76243 50.9406 0.0728658 -13 751 1 0 1
-1.26488 1.2848 25.4558 -8.65986 12.8496 65.5168 -0.425395 -13 752 1 0 1
-0.984861 2.31132 25.4558 -4.35217 1.99179 63.7316 -0.978866 -13 753 1 0 1
-3.24822 -0.91889 25.4558 -18.4988 0.482117 66.3562 0.374447 -13 754 1 0 1
1.84318 -0.0932394 25.4558 -2.7481 -3.82136 75.0819 -1.37035 -13 755 1 0 1
0.851007 -0.125648 25.4558 -1.6099 8.75665 67.5607 -0.980434 -13 756 1 0 1
1.07625 -2.41731 25.4558 6.89675 -4.86955 52.6471 -1.06497 -13 757 1 0 1
-0.796286 0.210047 25.4558 2.3259 -9.13471 55.3785 0.410997 -13 758 1 0 1
0.67018 -3.4116 25.4558 -0.184178 -16.5754 60.9215 1.206 -13 759 1 0 1
-1.01459 1.86239 25.4558 -1.30549 5.7791 53.3805 0.255076 -13 760 1 0 1
0.0205525 -2.6417 25.4558 -0.129454 -5.15011 58.8803 0.746513 -13 761 1 0 1
-6.10255 -0.657083 25.4558 -10.1475 3.45477 28.4503 -0.884771 -13 762 1 0 1
2.33749 -0.404442 25.4558 6.81667 7.0612 60.1578 1.32237 -13 763 1 0 1
1.38199 0.481303 25.4558 -0.446247 4.36022 70.2007 -2.53502 -13 764 1 0 1
-1.80404 -1.07342 25.4558 -6.73379 -7.22463 63.6643 -0.496045 -13 765 1 0 1
1.01563 -1.85557 25.4558 6.92505 -5.06972 26.3965 -1.11224 -13 766 1 0 1
0.418603 -0.321384 25.4558 1.49529 -3.75636 58.7848 -0.391953 -13 767 1 0 1
1.27858 -5.02416 25.4558 1.51575 -20.7604 65.0961 0.678987 -13 768 1 0 1
-3.74174 1.31909 25.4558 -5.32535 -2.47632 34.4817 0.178588 -13 769 1 0 1
-1.43892 2.52648 25.4558 -11.359 -7.60863 69.5494 -0.988839 -13 770 1 0 1
-4.39176 -3.9986 25.4558 -6.40985 -10.2156 31.4142 -0.613967 -13 771 1 0 1
-0.634058 -0.998241 25.4558 0.615892 -7.85702 54.4541 -0.12493 -13 772 1 0 1
3.15664 -0.417293 25.4558 1.22595 0.238575 76.6155 0.56954 -13 773 1 0 1
-3.34792 -2.12744 25.4558 -10.4677 -3.04161 56.2551 0.999195 -13 774 1 0 1
2.50391 -0.0132449 25.4558 9.27707 -5.45454 60.5706 -0.0246547 -13 775 1 0 1
-2.21671 1.09987 25.4558 -4.85534 5.03358 54.2641 2.57678 -13 776 1 0 1
-1.31724 -0.569839 25.4558 -9.69287 -6.72077 65.7681 0.025439 -13 777 1 0 1
-2.17164 0.612073 25.4558 -3.08046 9.56587 45.8157 2.63301 -13 778 1 0 1
-1.69184 -2.64889 25.4558 -10.8805 -10.5879 66.5995 1.7435 -13 779 1 0 1
0.800752 -0.661673 25.4558 2.28548 -1.50512 67.5298 -0.852953 -13 780 1 0 1
0.739541 2.11868 25.4558 0.490246 2.72866 66.6487 -0.058667 -13 781 1 0 1
-1.47245 -2.48981 25.4558 -8.22886 -9.46703 61.7948 0.563077 -13 782 1 0 1
1.7493 -0.856508 25.4558 6.92534 0.0465803 58.2927 1.0329 -13 783 1 0 1
-4.09409 -3.3476 25.4558 -18.0819 -19.5481 59.761 -0.814191 -13 784 1 0 1
0.0103752 1.2857 25.4558 -14.2407 -9.44709 75.9485 -0.144709 -13 785 1 0 1
1.08146 1.79136 25.4558 6.42531 1.50354 46.8841 -0.984654 -13 787 1 0 1
-4.03178 0.128387 25.4558 -16.0701 -2.66008 58.0194 -0.876458 -13 788 1 0 1
3.27091 1.06325 25.4558 7.53649 -5.34807 70.5364 0.489665 -13 789 1 0 1
-0.203567 1.16286 25.4558 -2.53823 -4.57061 59.7781 2.05903 -13 790 1 0 1
0.564654 -2.03162 25.4558 -1.25846 -15.5022 66.4796 -1.36567 -13 791 1 0 1
-0.972106 -0.825171 25.4558 -5.91148 -2.50858 65.932 2.24457 -13 792 1 0 1
-0.0241596 1.07911 25.4558 1.75763 -2.00891 52.3429 1.8305 -13 793 1 0 1
-1.93952 -0.294711 25.4558 -12.1129 3.5628 67.889 0.340582 -13 794 1 0 1
-3.1173 -2.24363 25.4558 -10.7911 -10.0899 54.1435 -2.35542 -13 795 1 0 1
-3.23733 0.712477 25.4558 -9.03679 1.67513 57.4714 -0.0523891 -13 796 1 0 1
-1.5576 1.75256 25.4558 0.273185 -2.66632 47.0804 -0.781953 -13 797 1 0 1
0.623884 3.32506 25.4558 -8.40674 17.583 72.7638 2.05462 -13 798 1 0 1
-1.18838 1.65229 25.4558 -5.96886 3.07266 61.9904 0.962425 -13 799 1 0 1
-3.79576 -0.217561 25.4558 -13.6059 5.69494 57.2089 1.24677 -13 800 1 0 1
1.88903 3.27348 25.4558 5.03681 1.85668 68.8854 2.28147 -13 801 1 0 1
-1.07155 -0.497739 25.4558 -7.59005 -8.07433 64.9358 -1.22882 -13 802 1 0 1
1.50567 -1.68552 25.4558 -5.28063 5.37963 75.2975 -1.6312 -13 803 1 0 1
2.00615 -0.245027 25.4558 8.52688 1.14478 49.6102 -0.453892 -13 804 1 0 1
-0.0843311 0.445816 25.4558 0.96375 -0.628081 56.3666 1.03868 -13 806 1 0 1
-2.42986 -3.41383 25.4558 -11.767 -9.25988 64.6699 0.44586 -13 807 1 0 1
-2.85623 0.281635 25.4558 -13.4025 0.508268 63.1835 -0.501604 -13 809 1 0 1
-0.117966 0.249719 25.4558 -12.6529 -4.35878 75.501 -0.618302 -13 810 1 0 1
0.983589 -0.795933 25.4558 0.365074 1.26948 70.9046 -0.16116 -13 811 1 0 1
-2.8432 -2.48446 25.4558 -5.3838 -4.62762 46.3335 1.98529 -13 812 1 0 1
0.182045 0.785926 25.4558 1.22221 8.357 54.6949 0.810101 -13 813 1 0 1
0.176423 -1.82281 25.4558 0.154849 -0.280371 61.0679 0.762583 -13 814 1 0 1
-0.0230805 1.76206 25.4558 1.66849 8.34509 54.6088 -2.01149 -13 815 1 0 1
1.75482 -0.588417 25.4558 -5.66036 -2.45285 76.4567 1.54277 -13 816 1 0 1
-2.10248 -0.705668 25.4558 1.06108 -1.19779 39.4268 -1.64238 -13 817 1 0 1
-1.52129 -1.82648 25.4558 -0.748851 -10.5129 46.8903 -0.0660212 -13 820 1 0 1
-2.33391 -1.78911 25.4558 -5.06049 0.986515 51.7588 -1.70381 -13 821 1 0 1
1.06466 2.98649 25.4558 -18.4188 2.68146 79.3395 0.680788 -13 822 1 0 1
-0.044076 0.926745 25.4558 2.56322 -1.55676 56.9182 -0.048101 -13 823 1 0 1
-1.86169 -0.547858 25.4558 -9.21775 -3.4209 59.9611 0.319134 -13 825 1 0 1
0.173811 0.236468 25.4558 -3.72453 8.60056 66.0895 -1.35032 -13 826 1 0 1
-0.502235 -2.07502 25.4558 -2.8181 -13.9258 61.358 2.70328 -13 827 1 0 1
0.189762 1.65065 25.4558 0.079013 0.0355268 64.2518 -2.41729 -13 828 1 0 1
1.6027 -4.51803 25.4558 5.31815 -16.092 47.6096 0.828396 -13 829 1 0 1
-0.882092 -2.32875 25.4558 -5.60165 -11.2935 62.7499 -0.121798 -13 830 1 0 1
0.629773 -0.355913 25.4558 -1.02765 -6.77971 65.4829 2.02453 -13 831 1 0 1
-1.52078 -1.52626 25.4558 -2.76655 -6.99767 54.304 0.399622 -13 832 1 0 1
-0.430389 -2.91864 25.4558 -2.59046 -12.9857 59.5002 0.41403 -13 833 1 0 1
-2.80344 -1.68721 25.4558 -10.7303 -0.562765 59.5586 -0.191187 -13 834 1 0 1
0.836064 -2.52834 25.4558 -11.9767 -16.3225 75.6809 -0.898409 -13 835 1 0 1
1.69062 2.3377 25.4558 1.53226 12.7285 64.7741 -0.0748239 -13 836 1 0 1
2.65381 -5.72806 25.4558 6.37287 -12.6768 65.6124 1.0756 -13 837 1 0 1
1.75316 3.12745 25.4558 -0.00268937 4.32459 70.9371 -1.28339 -13 838 1 0 1
-1.77192 -3.50264 25.4558 -3.32258 -6.05851 54.6061 -0.372794 -13 839 1 0 1
-2.92127 0.299524 25.4558 -11.0438 -1.13058 58.4622 2.46774 -13 840 1 0 1
-2.77801 3.19303 25.4558 -9.06937 5.40128 56.9813 -1.78724 -13 841 1 0 1
-0.0936798 -1.63715 25.4558 -8.924 -4.27855 72.5317 -0.929761 -13 842 1 0 1
0.191483 -0.418908 25.4558 -10.285 -15.7491 72.2144 0.530962 -13 843 1 0 1
-3.94081 1.56291 25.4558 -13.5873 5.56759 56.3889 0.930645 -13 844 1 0 1
0.361511 -1.0946 25.4558 1.60398 0.767055 59.8756 1.02019 -13 845 1 0 1
0.417856 -5.45002 25.4558 3.37501 -8.90486 34.4683 0.486716 -13 846 1 0 1
0.610738 -5.25428 25.4558 3.27976 -5.10085 57.5426 -1.13046 -13 847 1 0 1
-2.14317 2.74655 25.4558 -4.96355 4.74109 54.2008 -0.768244 -13 848 1 0 1
-3.87752 -0.0844421 25.4558 -11.5311 4.78774 52.2259 -1.96498 -13 849 1 0 1
2.75848 -3.10561 25.4558 5.71329 -11.8864 67.6806 -0.838281 -13 850 1 0 1
-2.41571 3.23624 25.4558 -8.11916 7.53771 58.4977 -0.436079 -13 851 1 0 1
3.52581 -0.729012 25.4558 2.65514 -1.31141 75.4876 0.552416 -13 852 1 0 1
-1.86568 0.569901 25.4558 -8.11986 1.78203 60.6085 1.12644 -13 853 1 0 1
-0.0830479 2.07969 25.4558 -8.30864 -1.60943 68.594 -0.777415 -13 854 1 0 1
-2.58998 2.71811 25.4558 -10.374 10.9883 59.6869 0.163431 -13 855 1 0 1
-3.32547 2.63588 25.4558 -12.4782 -2.74172 57.0115 0.36714 -13 856 1 0 1
-2.39338 -6.93469 25.4558 -10.804 -15.0557 60.3487 -0.821727 -13 857 1 0 1
-5.13147 1.21132 25.4558 -23.7413 2.49641 60.1586 -2.35338 -13 858 1 0 1
-3.22269 -0.929795 25.4558 -6.90741 0.306686 51.1665 1.63203 -13 859 1 0 1
-1.18453 0.61556 25.4558 -8.74075 3.56269 66.7162 1.36746 -13 860 1 0 1
0.456726 -0.952807 25.4558 -9.6238 -6.79463 76.1196 -1.77175 -13 861 1 0 1
-0.856236 -0.080488 25.4558 -4.87288 3.66506 62.6782 -0.038599 -13 862 1 0 1
-4.05122 -3.28053 25.4558 -15.6012 -8.76564 56.7556 0.242502 -13 863 1 0 1
-1.26536 -0.987929 25.4558 -5.2898 -1.14809 62.1462 -0.566401 -13 864 1 0 1
-1.89406 -3.21256 25.4558 -4.59068 -4.25773 54.6842 1.82332 -13 865 1 0 1
-0.121644 1.19711 25.4558 0.364666 11.76 55.5234 -0.0169824 -13 866 1 0 1
2.38857 3.04156 25.4558 0.605295 8.57622 73.757 -0.602227 -13 867 1 0 1
0.889869 1.40389 25.4558 -11.5959 0.532487 77.6584 -1.58101 -13 868 1 0 1
-5.59573 -3.77082 25.4558 -20.4674 -13.4435 55.093 -0.634359 -13 869 1 0 1
-0.889701 -0.107984 25.4558 -3.80176 -5.17744 59.1191 0.796674 -13 870 1 0 1
-0.709065 -0.858699 25.4558 -6.64844 -7.0682 65.8973 -1.14461 -13 871 1 0 1
-1.04507 -1.52438 25.4558 -8.27474 -2.11375 66.7753 -1.07936 -13 872 1 0 1
1.33188 1.21477 25.4558 -0.998604 -0.72062 71.3939 -1.02937 -13 873 1 0 1
-0.953224 1.16971 25.4558 -7.89851 6.50301 65.5084 2.62826 -13 874 1 0 1
-1.42171 -1.01831 25.4558 -7.75062 -6.42192 63.2322 0.254149 -13 875 1 0 1
2.16168 2.47921 25.4558 -1.23328 8.09018 74.6072 0.0473276 -13 876 1 0 1
0.100093 0.00842512 25.4558 -2.911 14.2621 67.3477 -1.96035 -13 877 1 0 1
0.894724 0.757918 25.4558 -5.25011 12.5642 72.0794 -3.66078 -13 878 1 0 1
-5.29527 2.50248 25.4558 -10.627 5.13858 45.6373 1.18881 -13 879 1 0 1
1.36984 -2.17108 25.4558 2.47923 -11.54 67.0835 0.856087 -13 880 1 0 1
0.228423 -1.34809 25.4558 2.25813 -5.05981 56.239 1.85568 -13 881 1 0 1
3.74616 4.43089 25.4558 6.0882 19.7872 72.6882 -0.518498 -13 882 1 0 1
2.54347 2.51976 25.4558 4.90915 15.7441 63.0893 -0.317219 -13 883 1 0 1
0.39395 0.258403 25.4558 6.96783 3.90105 35.2517 -0.195428 -13 885 1 0 1
2.64324 2.1305 25.4558 -3.40534 -4.81384 79.3835 2.37459 -13 886 1 0 1
-2.26053 2.54443 25.4558 -16.9274 8.65014 67.7486 0.540534 -13 887 1 0 1
-1.11066 1.44264 25.4558 -0.471982 -2.25142 55.2229 0.0572921 -13 888 1 0 1
-1.82201 -1.4827 25.4558 -5.05103 -3.60961 56.2827 -0.608535 -13 889 1 0 1
1.46044 -3.03764 25.4558 1.02935 -15.3067 67.0223 -1.12449 -13 890 1 0 1
-3.20498 -0.64394 25.4558 -4.14606 0.271292 32.4892 -1.14785 -13 891 1 0 1
-0.453355 -3.89537 25.4558 -8.65004 -6.91859 70.5351 0.456318 -13 892 1 0 1
-5.18636 -1.00129 25.4558 -16.299 1.13587 54.4397 -1.65242 -13 893 1 0 1
2.88671 -1.93564 25.4558 2.14116 -5.96056 75.9226 -0.0110313 -13 894 1 0 1
-2.34784 -0.489195 25.4558 -21.6446 19.1003 68.0911 1.53315 -13 895 1 0 1
-1.65312 2.88458 25.4558 -11.5301 16.4385 66.5242 -1.66638 -13 896 1 0 1
-2.50143 -1.38658 25.4558 -6.31696 -3.72308 47.548 -1.7708 -13 897 1 0 1
-0.350958 -0.747748 25.4558 -0.988646 0.582949 55.5439 -0.695628 -13 898 1 0 1
2.25277 -0.281842 25.4558 8.44512 4.11225 60.7786 -0.285297 -13 899 1 0 1
0.574768 2.85118 25.4558 -2.62739 3.04851 67.9182 0.582136 -13 901 1 0 1
1.61999 0.411709 25.4558 7.94767 -4.47167 54.1947 0.554295 -13 902 1 0 1
0.882691 -5.19485 25.4558 -7.17467 -8.13475 73.1405 1.15914 -13 903 1 0 1
0.40103 0.824223 25.4558 0.997974 -4.59541 58.3345 1.92945 -13 904 1 0 1
-1.66372 -0.320027 25.4558 -23.1069 3.00971 75.2177 0.136136 -13 905 1 0 1
-5.05252 -1.75579 25.4558 -14.1112 -3.74561 51.3079 1.25928 -13 906 1 0 1
-0.401697 3.16942 25.4558 -6.09357 6.51104 66.7894 0.302569 -13 907 1 0 1
-4.84313 -3.72396 25.4558 -7.27548 -9.26585 30.9019 0.180971 -13 908 1 0 1
0.687523 -3.55347 25.4558 -7.38765 -8.32927 72.1405 0.679297 -13 909 1 0 1
-1.52475 -0.59826 25.4558 -13.0033 -3.94119 68.3207 -0.171503 -13 910 1 0 1
-2.98677 4.4072 25.4558 -5.93526 14.4486 38.7018 -0.646311 -13 911 1 0 1
0.232795 5.84364 25.4558 -0.909538 11.8757 54.1148 -0.817687 -13 912 1 0 1
2.06306 -0.0100319 25.4558 -11.492 13.7107 78.2373 1.29622 -13 913 1 0 1
-4.56935 -0.633021 25.4558 -25.0598 9.82449 65.4169 0.984753 -13 914 1 0 1
-0.0907824 -3.44456 25.4558 -1.24178 -8.71069 60.7603 -0.872697 -13 915 1 0 1
-0.582575 -0.413383 25.4558 -25.8027 2.59465 75.9694 4.29968 -13 916 1 0 1
-3.75108 1.89973 25.4558 -4.6081 8.76104 36.8704 -0.244659 -13 917 1 0 1
-2.77095 1.65034 25.4558 -20.534 7.13992 68.404 2.01954 -13 918 1 0 1
-0.91766 1.78149 25.4558 -5.83951 1.73517 65.6741 -0.617232 -13 919 1 0 1
-0.209069 -1.58093 25.4558 -16.4489 0.525819 77.551 0.441044 -13 920 1 0 1
-0.405439 2.07731 25.4558 2.61026 -3.74864 33.3427 0.320751 -13 921 1 0 1
0.34014 -3.16678 25.4558 -17.3752 -12.3703 78.3325 2.43159 -13 922 1 0 1
-3.22045 0.160388 25.4558 -11.7761 0.183204 56.8566 -0.170764 -13 923 1 0 1
-0.840339 1.50261 25.4558 -8.09923 0.891468 67.3305 -1.05798 -13 924 1 0 1
-1.94096 1.36818 25.4558 -9.10114 7.62849 60.3692 0.356829 -13 925 1 0 1
-0.501755 1.6743 25.4558 -15.5469 2.94809 75.0361 1.36386 -13 926 1 0 1
-1.24611 -2.89031 25.4558 -6.05498 -2.83649 67.1395 0.538524 -13 927 1 0 1
-1.66344 -0.606312 25.4558 -5.0941 -4.21105 56.7537 -0.249261 -13 928 1 0 1
-0.619448 -0.307253 25.4558 -8.05066 -1.8618 69.4672 1.32317 -13 930 1 0 1
1.54142 1.17269 25.4558 3.67493 -2.45485 62.7902 1.97762 -13 931 1 0 1
-5.13946 -1.11217 25.4558 -12.5552 -5.69679 44.8761 1.87387 -13 932 1 0 1
1.05089 1.36848 25.4558 -0.967805 12.9257 67.7938 1.01524 -13 933 1 0 1
-0.267315 -0.176838 25.4558 -11.8099 3.52213 73.2765 -0.567419 -13 934 1 0 1
-3.96345 4.17404 25.4558 -14.7118 15.0593 54.1209 0.92551 -13 935 1 0 1
1.936 -2.45075 25.4558 8.83848 0.0229047 60.219 0.0133909 -13 936 1 0 1
0.139111 -2.82975 25.4558 -9.28524 -3.08776 72.3978 -0.22658 -13 938 1 0 1
-4.82129 0.519838 25.4558 -16.9845 2.61484 54.7086 -0.557949 -13 939 1 0 1
-1.85279 -0.783581 25.4558 -7.02162 1.63238 59.5566 -0.0557715 -13 940 1 0 1
-1.95148 -0.352121 25.4558 -10.9066 5.34172 65.1775 0.200785 -13 941 1 0 1
3.31855 -0.319706 25.4558 5.50634 -1.78293 71.8091 0.53779 -13 942 1 0 1
0.90623 -1.94258 25.4558 -1.19069 -4.88579 67.3364 1.40288 -13 943 1 0 1
-2.72934 -1.75154 25.4558 -5.31497 2.21691 50.9969 -0.456079 -13 944 1 0 1
0.844838 1.74894 25.4558 -4.15972 15.733 70.0764 0.872564 -13 945 1 0 1
-2.87501 1.62363 25.4558 -5.1155 4.97792 42.8849 -0.77156 -13 946 1 0 1
1.12639 -1.21924 25.4558 2.0936 2.12398 64.9286 -1.1934 -13 947 1 0 1
-1.11728 -1.27116 25.4558 -0.628016 0.89892 47.861 1.27749 -13 948 1 0 1
-4.2692 -0.713959 25.4558 -10.0991 -1.95239 52.3514 0.3881 -13 949 1 0 1
-1.50289 2.2545 25.4558 -7.39591 5.17486 64.8274 0.0524508 -13 950 1 0 1
5.46382 -3.14563 25.4558 18.1533 -5.71509 52.3889 0.603556 -13 951 1 0 1
0.755096 -0.567071 25.4558 3.14651 -2.29855 59.3983 2.64989 -13 952 1 0 1
-0.681635 -0.920502 25.4558 -4.68725 -5.51707 58.6958 0.250301 -13 953 1 0 1
-1.57447 -4.0808 25.4558 -3.28763 -13.3772 54.4218 -0.248437 -13 954 1 0 1
0.136126 1.18122 25.4558 -0.883015 -6.35308 60.1913 0.52902 -13 955 1 0 1
-2.16977 2.25637 25.4558 -4.72369 0.810289 52.593 -0.106074 -13 956 1 0 1
-4.82284 1.28578 25.4558 -16.0368 -2.83873 54.5119 -1.02985 -13 957 1 0 1
1.12502 0.577659 25.4558 -21.267 -1.33026 77.9 -0.795524 -13 958 1 0 1
2.40664 -1.11837 25.4558 7.35125 -6.8061 61.4106 0.392305 -13 959 1 0 1
-0.418403 1.41112 25.4558 -11.9201 3.07055 72.8944 -2.01595 -13 960 1 0 1
-2.04899 -3.55819 25.4558 -4.31778 -8.16407 53.6925 0.178156 -13 961 1 0 1
-1.0731 0.0692813 25.4558 2.61691 -0.699306 32.7805 0.688065 -13 962 1 0 1
3.82219 3.32646 25.4558 10.159 -2.67464 68.0844 1.98544 -13 963 1 0 1
-1.44991 0.719205 25.4558 -4.31715 -0.0812724 60.9657 1.94389 -13 964 1 0 1
-0.469843 -0.473941 25.4558 -4.77132 -5.95678 64.465 1.41155 -13 965 1 0 1
-2.63508 -0.330829 25.4558 -6.19654 6.69395 53.711 2.29703 -13 966 1 0 1
-0.451398 -1.13905 25.4558 1.96877 -0.224243 53.6944 0.566194 -13 967 1 0 1
-5.20376 -0.0782792 25.4558 -21.3762 -5.15969 58.0208 -1.03482 -13 968 1 0 1
-1.65486 -0.938983 25.4558 -0.203489 -6.00501 48.6394 0.57806 -13 969 1 0 1
1.04082 -0.762617 25.4558 1.3754 -7.59771 64.1407 -0.067187 -13 970 1 0 1
1.1835 -3.3325 25.4558 1.31061 -3.54928 68.3588 -1.13238 -13 971 1 0 1
-5.19051 0.436393 25.4558 -6.61178 4.61593 26.0298 -0.92144 -13 972 1 0 1
-4.09095 -1.89997 25.4558 -5.46318 -1.55751 28.576 -0.774232 -13 973 1 0 1
-1.47501 1.06415 25.4558 -10.4255 5.63984 67.9231 -0.599542 -13 974 1 0 1
-1.09243 -1.02593 25.4558 -13.2035 9.4595 72.0044 1.67897 -13 975 1 0 1
-4.2799 -2.58448 25.4558 -15.5476 -5.40322 56.5287 0.400478 -13 977 1 0 1
-1.53762 0.457474 25.4558 -15.0259 -2.92014 69.322 -1.39849 -13 979 1 0 1
-4.17507 -0.059609 25.4558 -14.8034 -2.67584 56.0736 -1.37926 -13 980 1 0 1
-2.61038 -0.473879 25.4558 -12.7377 -9.62484 60.1153 -0.650363 -13 981 1 0 1
-0.4944 3.92376 25.4558 -3.19817 10.3127 63.1939 -0.637775 -13 982 1 0 1
-1.33163 -2.11445 25.4558 -13.6579 4.65071 69.8239 -0.286595 -13 983 1 0 1
6.59183 -4.99555 25.4558 13.9165 -8.21902 32.9514 1.2839 -13 984 1 0 1
0.33167 -0.977963 25.4558 1.62078 -1.54772 60.0269 0.914858 -13 985 1 0 1
-2.97893 -2.0146 25.4558 -11.7738 -4.86807 59.1727 -0.269322 -13 986 1 0 1
-0.602949 -3.74909 25.4558 -3.15473 -16.9332 58.8741 0.473708 -13 987 1 0 1
0.587312 -2.26762 25.4558 -1.94893 -6.07985 69.6572 1.10724 -13 989 1 0 1
0.191661 0.292414 25.4558 -4.09207 -9.89735 69.1787 0.320381 -13 990 1 0 1
-3.98872 3.306 25.4558 -9.36247 4.60311 49.2584 -2.17388 -13 991 1 0 1
-6.19306 3.26878 25.4558 -10.2393 5.31225 33.5398 0.920557 -13 992 1 0 1
-1.8508 -2.87972 25.4558 0.143085 -7.53546 48.5334 1.67698 -13 993 1 0 1
2.72322 -9.51037 25.4558 8.71315 -18.7754 43.2213 -0.724262 -13 994 1 0 1
0.427366 -0.353561 25.4558 -0.0522399 1.01886 63.871 -1.75994 -13 995 1 0 1
-1.81718 -0.00491501 25.4558 -12.3524 -1.02088 66.9251 0.251585 -13 996 1 0 1
-2.63537 0.474349 25.4558 -4.83967 1.97934 46.1877 2.46026 -13 997 1 0 1
0.651919 -0.771243 25.4558 3.53061 -1.41297 56.5909 0.0197817 -13 999 1 0 1
-2.64834 -0.961869 25.4558 -4.33277 -2.59887 46.254 -0.496749 -13 1000 1 0 1
