#BLTrackFile NTuple/Z25
#x y z Px Py Pz t PDGid EventID TrackID ParentID Weight
#mm mm mm MeV/c MeV/c MeV/c ns - - - - -
-0.721273 -2.8493 25.4558 -11.5568 -7.30633 71.5831 -1.03867 -13 1 1 0 1
4.46611 3.91597 25.4558 3.35446 -1.68888 80.9687 0.0740949 -13 2 1 0 1
0.699794 -0.341125 25.4558 -4.60797 -2.42988 71.2953 1.01615 -13 3 1 0 1
-0.177963 -2.63861 25.4558 -15.1176 -3.80922 76.8666 0.468884 -13 4 1 0 1
-3.52862 1.36064 25.4558 -11.8659 -1.43599 59.462 0.611381 -13 5 1 0 1
0.36999 -1.47828 25.4558 -7.6134 -1.54948 74.5893 -0.657644 -13 6 1 0 1
-0.737429 -2.14085 25.4558 -0.782806 -5.88831 60.724 -0.771192 -13 7 1 0 1
-5.00022 -1.74732 25.4558 -10.2702 3.86442 45.0133 0.0536802 -13 8 1 0 1
1.60423 2.22951 25.4558 4.79619 11.1579 63.0831 1.22422 -13 9 1 0 1
0.498147 -2.61741 25.4558 1.64756 -5.22258 66.6814 0.808691 -13 10 1 0 1
2.45003 2.63204 25.4558 2.84879 9.75198 71.5343 -0.402069 -13 11 1 0 1
-2.27098 -0.962228 25.4558 -7.28924 -8.02641 59.3506 1.80432 -13 12 1 0 1
1.03219 2.9507 25.4558 6.95424 5.20563 38.4976 -0.7402 -13 13 1 0 1
3.16642 -3.67377 25.4558 9.46228 -6.01131 67.4121 -1.40936 -13 14 1 0 1
1.15642 -2.27328 25.4558 2.94459 -8.05938 66.8491 1.59913 -13 15 1 0 1
5.77676 -4.58792 25.4558 17.593 -19.0691 55.075 2.25987 -13 16 1 0 1
-1.42831 1.55272 25.4558 -6.5173 10.6838 63.0565 -0.536371 -13 17 1 0 1
-3.27373 -1.18888 25.4558 -6.27582 -8.72192 51.2901 1.52171 -13 18 1 0 1
-3.34916 0.679921 25.4558 -17.5031 7.02368 62.9619 0.244682 -13 19 1 0 1
0.365808 -2.8414 25.4558 0.275494 -9.03025 63.9807 3.07398 -13 20 1 0 1
-2.76285 -1.46379 25.4558 -6.03914 3.98401 55.9626 -1.06752 -13 22 1 0 1
-5.93495 4.5402 25.4558 -9.06956 9.40208 34.7114 0.641374 -13 23 1 0 1
-4.59275 2.51799 25.4558 -13.0957 8.89714 52.1696 0.81845 -13 24 1 0 1
2.13083 -2.2309 25.4558 3.21212 -1.23941 70.7056 0.418496 -13 25 1 0 1
0.0676543 0.335726 25.4558 -2.26948 2.89937 68.3815 -0.0037251 -13 26 1 0 1
0.495217 -3.12747 25.4558 -0.105612 0.526308 66.4806 1.58521 -13 27 1 0 1
1.62062 -3.26898 25.4558 -0.636634 -13.9908 72.5374 0.387136 -13 28 1 0 1
-0.681857 -0.00749912 25.4558 -6.20762 7.24385 66.5111 1.14263 -13 30 1 0 1
0.298428 -0.9516 25.4558 -6.36994 0.418961 71.43 -0.144031 -13 31 1 0 1
-1.72297 0.397505 25.4558 -5.72156 2.03583 61.8965 -0.361708 -13 32 1 0 1
-2.78862 -1.30416 25.4558 -0.284362 0.601716 17.9807 1.12374 -13 33 1 0 1
-3.00235 -1.46052 25.4558 -14.835 -0.520763 64.4447 -0.483514 -13 34 1 0 1
-3.72494 -4.08583 25.4558 -22.977 -13.1479 68.3513 2.3222 -13 35 1 0 1
-0.492673 -0.657222 25.4558 -3.56624 7.66334 65.7522 -0.978187 -13 36 1 0 1
2.11713 -0.58206 25.4558 -3.56669 -8.88302 79.3099 -1.32581 -13 37 1 0 1
-0.577282 -2.01494 25.4558 -0.826686 -11.9431 59.4916 1.58005 -13 38 1 0 1
-2.15066 1.35917 25.4558 -5.43478 4.36532 51.1931 0.888599 -13 40 1 0 1
1.559 4.33052 25.4558 5.34367 12.9784 61.1491 -0.0285197 -13 41 1 0 1
0.60239 2.64612 25.4558 -2.21373 3.1136 68.2378 1.37897 -13 42 1 0 1
0.464407 -0.500109 25.4558 -17.7962 -3.6229 77.9332 0.438349 -13 43 1 0 1
-0.368733 1.26841 25.4558 2.34906 1.35922 56.2706 0.769095 -13 44 1 0 1
0.725593 -1.76087 25.4558 -2.14457 -6.91702 67.7463 0.523904 -13 46 1 0 1
-0.208817 4.68405 25.4558 -0.173148 7.94055 59.4414 1.05237 -13 47 1 0 1
-0.579282 0.157405 25.4558 -6.61297 11.894 66.0334 0.8205 -13 48 1 0 1
-0.00114745 0.389409 25.4558 -5.33015 -14.6053 69.0269 -0.427824 -13 49 1 0 1
-0.851948 -0.695246 25.4558 5.00624 1.20864 42.4571 -0.536137 -13 50 1 0 1
2.15143 2.9678 25.4558 0.235732 4.92801 72.7253 -0.17544 -13 51 1 0 1
-2.27807 2.51 25.4558 -4.06794 11.6677 54.6084 0.204248 -13 52 1 0 1
0.033264 2.17158 25.4558 4.55799 4.2291 56.6883 -2.23225 -13 53 1 0 1
-1.62313 3.4802 25.4558 1.75765 5.77681 42.3574 0.137659 -13 54 1 0 1
-0.120771 -0.252108 25.4558 -7.60999 -5.46642 70.0979 1.02269 -13 55 1 0 1
3.48593 2.12452 25.4558 12.3492 8.61649 60.767 -0.859783 -13 56 1 0 1
-0.112801 -0.622062 25.4558 0.557144 3.31932 63.603 -0.292082 -13 58 1 0 1
0.811051 -2.13466 25.4558 -0.174767 -9.51007 67.484 2.07427 -13 59 1 0 1
0.60974 2.41638 25.4558 4.64141 15.5116 55.7795 0.373213 -13 60 1 0 1
-1.71539 -0.0276401 25.4558 -6.84023 4.33376 62.2297 -0.731007 -13 61 1 0 1
0.579765 -1.44268 25.4558 -2.11827 2.33205 69.7664 -0.437226 -13 62 1 0 1
-0.605541 -1.7644 25.4558 2.2236 -4.49266 34.1688 0.278781 -13 63 1 0 1
-0.347348 -0.525794 25.4558 -0.50361 -0.152499 60.4435 0.248681 -13 64 1 0 1
0.854558 1.17656 25.4558 1.8427 0.923871 65.7145 -1.3347 -13 65 1 0 1
0.919747 0.841494 25.4558 -1.40989 1.33175 71.4052 0.562104 -13 66 1 0 1
0.0126456 -2.12558 25.4558 2.0791 -2.08032 61.2739 -0.567277 -13 67 1 0 1
-0.984072 4.8789 25.4558 1.43999 10.7831 53.2017 -0.846295 -13 68 1 0 1
-1.445 -1.17504 25.4558 -5.08312 -6.22978 62.6537 0.105737 -13 69 1 0 1
1.37557 1.2466 25.4558 -8.85987 -11.1813 79.5532 0.340205 -13 70 1 0 1
-1.5247 2.16371 25.4558 -1.54679 0.356762 60.4814 -1.34865 -13 71 1 0 1
2.00416 4.80817 25.4558 5.66441 11.1269 64.3155 1.22746 -13 72 1 0 1
1.0997 1.66168 25.4558 -4.43901 -1.83034 74.3428 -0.799232 -13 73 1 0 1
-0.198791 2.02206 25.4558 1.63646 8.6479 58.3295 0.375313 -13 74 1 0 1
1.82956 2.21046 25.4558 -1.81594 5.77384 74.8194 -2.74627 -13 75 1 0 1
5.4013 0.727416 25.4558 4.16748 2.06131 79.7181 -1.60281 -13 76 1 0 1
-1.72647 2.41664 25.4558 -5.06675 -0.698999 56.2589 2.50354 -13 77 1 0 1
-1.69898 1.11433 25.4558 -5.50616 -0.667285 59.5597 -0.642757 -13 78 1 0 1
0.30114 -0.484516 25.4558 0.142827 -3.85233 62.738 1.55617 -13 79 1 0 1
1.24965 -2.78727 25.4558 -2.55308 -5.8299 72.2698 0.17062 -13 80 1 0 1
1.47721 -0.882275 25.4558 -0.591645 11.4059 69.4825 0.201425 -13 81 1 0 1
-0.146529 -0.698084 25.4558 1.28585 1.14809 62.9535 1.3408 -13 82 1 0 1
-2.04511 2.72305 25.4558 -11.9857 18.7803 66.01 0.155028 -13 83 1 0 1
-3.72694 0.0710323 25.4558 -17.1041 -1.1063 60.6902 0.277258 -13 84 1 0 1
1.8098 0.525403 25.4558 -0.0177748 -1.02694 75.6223 1.27343 -13 85 1 0 1
1.03852 1.56534 25.4558 0.720654 -8.33065 67.88 -0.0493262 -13 86 1 0 1
-2.24524 -2.00811 25.4558 -0.940969 -10.1169 49.4792 0.983311 -13 87 1 0 1
-1.13753 -1.32939 25.4558 -8.25272 -4.71256 67.5356 -0.266258 -13 88 1 0 1
0.57699 -2.00739 25.4558 1.60046 -0.770692 62.013 -0.435845 -13 89 1 0 1
0.138628 1.57892 25.4558 -0.361415 4.95377 65.5639 -0.0423327 -13 90 1 0 1
-2.94047 -0.390367 25.4558 -11.3002 -3.55609 63.0302 1.01923 -13 91 1 0 1
0.133726 0.315384 25.4558 5.90331 1.30512 54.8771 0.127333 -13 92 1 0 1
0.108007 1.35237 25.4558 3.55252 0.248064 59.0065 0.977242 -13 93 1 0 1
-0.774789 5.29781 25.4558 0.0307597 17.5282 52.4708 -1.19486 -13 94 1 0 1
1.42008 0.182908 25.4558 1.41962 4.23591 70.2707 0.210301 -13 95 1 0 1
-0.0439637 0.757261 25.4558 -0.2487 10.2673 60.4758 -1.66261 -13 96 1 0 1
-1.71489 -2.55062 25.4558 -1.06038 0.703886 57.1214 -0.889277 -13 97 1 0 1
-0.0143578 -2.20166 25.4558 -2.27524 -1.11057 67.2233 0.586845 -13 98 1 0 1
-1.10931 2.41088 25.4558 -4.92213 9.90177 62.6071 0.6547 -13 99 1 0 1
1.65536 -3.12187 25.4558 3.46555 -3.54799 67.1337 -0.717432 -13 100 1 0 1
2.84261 1.05113 25.4558 7.74947 -0.600886 68.0876 -0.516355 -13 101 1 0 1
1.28141 0.926739 25.4558 1.15372 2.29138 67.1685 0.0697096 -13 102 1 0 1
2.80062 -3.06134 25.4558 10.3885 1.24193 61.244 -2.29232 -13 103 1 0 1
1.49699 0.75176 25.4558 3.128 -2.76632 67.325 -0.14896 -13 104 1 0 1
-1.98315 -1.75438 25.4558 -4.95358 7.52319 59.7996 -1.30496 -13 105 1 0 1
-2.99313 -0.947854 25.4558 -11.1732 -4.13532 58.8748 0.43465 -13 106 1 0 1
0.568672 -1.32209 25.4558 -3.80652 -6.92675 70.0579 -0.89364 -13 107 1 0 1
1.78326 -0.552927 25.4558 6.98395 8.41896 62.8657 -0.653657 -13 108 1 0 1
0.123895 0.0505528 25.4558 -1.49103 2.44138 67.4425 1.15236 -13 109 1 0 1
0.492894 0.158015 25.4558 -7.7202 2.94618 72.1452 -0.1018 -13 110 1 0 1
0.630306 -3.00939 25.4558 -9.15963 -4.86785 76.5213 -0.13914 -13 111 1 0 1
1.22333 1.32695 25.4558 3.81291 -0.794366 56.1747 -1.6951 -13 112 1 0 1
-0.203369 1.93604 25.4558 2.62681 5.63277 54.542 0.93519 -13 113 1 0 1
1.13523 -1.02008 25.4558 4.7581 -6.26745 62.9526 0.0928897 -13 114 1 0 1
0.31462 1.07855 25.4558 6.83131 1.62201 49.1612 -0.0103429 -13 115 1 0 1
-1.22412 -0.416968 25.4558 -13.8249 -2.55015 70.9872 0.669829 -13 116 1 0 1
-1.13111 -0.489673 25.4558 -2.42282 1.90952 55.1754 -0.197313 -13 117 1 0 1
-1.3791 0.911157 25.4558 2.77652 -8.29983 44.8705 -0.262208 -13 118 1 0 1
0.148408 -1.4759 25.4558 -4.73659 -2.10105 70.2387 0.655695 -13 119 1 0 1
-3.31203 -0.803339 25.4558 -7.67251 -0.0414778 49.0182 -0.0268718 -13 120 1 0 1
0.758876 -4.34158 25.4558 2.83896 -6.71046 60.8292 1.67785 -13 121 1 0 1
0.111866 -2.24233 25.4558 -10.7911 -5.69182 76.1621 0.774122 -13 122 1 0 1
0.457082 -3.09014 25.4558 -3.16306 -10.615 70.4068 0.900946 -13 123 1 0 1
2.75332 -0.250437 25.4558 12.9065 1.69779 57.0038 0.443601 -13 124 1 0 1
-3.21111 -3.74169 25.4558 -11.3394 -15.8396 57.5516 -1.37539 -13 125 1 0 1
1.64305 1.96226 25.4558 -7.3838 -3.71414 78.3987 1.09224 -13 126 1 0 1
-0.0956576 3.85786 25.4558 0.589349 9.17181 59.4634 -0.951013 -13 127 1 0 1
0.0390794 0.70856 25.4558 -0.174471 -6.22718 64.4858 0.470997 -13 128 1 0 1
2.9918 1.35656 25.4558 12.5804 6.6978 57.8089 -0.329732 -13 129 1 0 1
0.424031 -2.66344 25.4558 6.17336 -0.695859 49.8934 0.736879 -13 130 1 0 1
1.59683 0.558429 25.4558 0.843959 2.59086 69.1909 -0.32591 -13 131 1 0 1
-1.64614 1.05501 25.4558 -15.7258 1.77695 72.1022 1.43077 -13 132 1 0 1
1.7418 0.519775 25.4558 6.81466 -0.46427 63.7555 -1.19671 -13 133 1 0 1
3.5256 0.459763 25.4558 5.35001 0.922806 75.4899 0.532 -13 134 1 0 1
2.57677 2.35549 25.4558 4.39678 0.834494 70.2922 0.979433 -13 135 1 0 1
2.02862 2.86208 25.4558 10.1099 3.72001 55.2834 0.171689 -13 136 1 0 1
-1.93855 0.750456 25.4558 -7.90329 0.638535 62.3669 1.63382 -13 137 1 0 1
-1.67459 2.58464 25.4558 -3.52947 11.6169 54.9275 0.42568 -13 140 1 0 1
-2.14488 -0.898821 25.4558 -3.22196 3.58615 51.5994 0.00492825 -13 141 1 0 1
2.42186 -0.574386 25.4558 8.66758 6.15977 64.1777 2.03768 -13 142 1 0 1
-1.01611 -0.687348 25.4558 -10.179 -5.44508 70.3713 -0.741646 -13 143 1 0 1
2.74213 0.368609 25.4558 5.69489 -4.03693 71.6311 3.02287 -13 144 1 0 1
-0.401855 -5.50833 25.4558 0.595039 -16.7532 54.1651 1.80679 -13 145 1 0 1
1.61375 -2.74969 25.4558 4.48314 -4.45262 65.7867 0.329233 -13 146 1 0 1
-0.368408 -0.46593 25.4558 -2.41186 -2.32646 65.0996 -1.10349 -13 147 1 0 1
-0.788774 -3.82339 25.4558 -8.19853 -6.85266 69.1639 0.351651 -13 148 1 0 1
1.52429 2.70683 25.4558 5.98651 7.27534 55.9571 -0.405747 -13 149 1 0 1
0.649634 1.94304 25.4558 0.853046 11.3005 65.2117 -0.0799826 -13 150 1 0 1
0.00482238 -2.07055 25.4558 1.5614 -10.6603 56.3313 1.275 -13 151 1 0 1
0.350949 -0.211806 25.4558 0.997394 -2.38915 64.3378 2.2006 -13 152 1 0 1
-0.618876 0.170151 25.4558 -5.6382 -9.40789 67.1447 -0.413955 -13 153 1 0 1
0.708617 -1.71925 25.4558 -11.2567 -9.48196 77.3341 -2.02095 -13 154 1 0 1
-1.4412 0.828774 25.4558 -8.49266 0.00193115 66.0984 -1.38837 -13 155 1 0 1
1.46298 -2.84991 25.4558 8.91948 -3.84301 45.6076 -0.502223 -13 156 1 0 1
-1.45786 -1.0545 25.4558 -5.35916 1.5824 61.9343 -0.0475457 -13 157 1 0 1
2.55991 2.49723 25.4558 -5.82567 3.00907 79.245 1.37456 -13 158 1 0 1
-2.31589 2.75371 25.4558 -4.46276 5.41196 56.7492 -0.611661 -13 159 1 0 1
3.71543 -0.198904 25.4558 12.5539 -0.10317 62.9859 0.0256782 -13 160 1 0 1
2.63838 1.89778 25.4558 5.27797 -1.46903 70.4451 1.60321 -13 161 1 0 1
-4.44293 0.927787 25.4558 -6.42012 1.42039 39.2265 -0.543812 -13 162 1 0 1
-0.459241 -0.370503 25.4558 -7.26433 8.32464 69.6427 -1.67465 -13 163 1 0 1
1.92108 -0.689593 25.4558 5.32672 -10.4292 65.4251 0.0807967 -13 164 1 0 1
-6.49565 -1.9346 25.4558 -3.90509 -4.86789 15.5535 2.22421 -13 165 1 0 1
-4.19598 -1.34211 25.4558 -23.2616 -6.8282 66.3322 -0.200928 -13 166 1 0 1
1.92972 2.48573 25.4558 7.56222 10.1038 61.8856 0.61742 -13 167 1 0 1
1.99931 0.927971 25.4558 -9.40187 9.44917 78.3396 1.131 -13 168 1 0 1
2.29353 -0.457728 25.4558 9.22217 -6.3643 57.3794 -0.266986 -13 169 1 0 1
-0.970394 0.0793706 25.4558 -8.0101 -3.17419 67.1457 -0.646342 -13 170 1 0 1
3.53703 -4.2678 25.4558 12.5285 -3.61639 40.0936 0.718587 -13 171 1 0 1
-1.42177 2.37367 25.4558 -1.87913 2.88468 56.5262 -0.380482 -13 172 1 0 1
1.1804 -1.75709 25.4558 7.42323 -7.9315 58.0931 0.152878 -13 173 1 0 1
0.55713 4.12443 25.4558 -0.433673 4.8995 68.4844 0.259666 -13 174 1 0 1
-3.41479 -0.178728 25.4558 -4.47271 -6.55193 47.9035 -0.179802 -13 176 1 0 1
2.63509 -2.30451 25.4558 11.2754 -7.88471 50.2948 -0.383318 -13 177 1 0 1
-1.09792 -2.34784 25.4558 0.630664 -4.1252 52.3593 -0.588613 -13 178 1 0 1
2.65189 -1.34703 25.4558 5.92979 -14.1317 68.6112 -0.739216 -13 179 1 0 1
0.170816 -2.32968 25.4558 4.13 -6.03907 52.051 1.53577 -13 180 1 0 1
-3.86318 -0.654475 25.4558 -4.82404 -1.60587 37.4643 -1.48304 -13 181 1 0 1
-4.48366 0.223808 25.4558 -5.66461 3.27643 38.7887 -0.918288 -13 182 1 0 1
0.199944 0.48701 25.4558 6.80004 10.1684 41.8666 -0.0070536 -13 183 1 0 1
-3.8033 0.947623 25.4558 -13.0274 -3.90081 55.186 0.0121092 -13 184 1 0 1
-2.14753 -0.0172598 25.4558 -6.17442 -5.62193 59.7635 -0.781616 -13 185 1 0 1
-0.360218 0.49982 25.4558 3.9494 4.88981 42.9811 -0.677493 -13 186 1 0 1
1.46219 -1.99448 25.4558 1.35038 4.00213 71.1665 1.15101 -13 188 1 0 1
0.255946 -0.738591 25.4558 -14.5952 -5.54723 78.6933 0.201803 -13 189 1 0 1
-3.24828 1.10549 25.4558 -9.72365 5.34482 58.5055 1.90623 -13 191 1 0 1
2.30344 -1.39317 25.4558 -6.67574 5.7756 79.934 0.867969 -13 192 1 0 1
-5.01285 2.09747 25.4558 -6.33817 -1.33255 31.7463 -1.03609 -13 193 1 0 1
0.7834 1.69766 25.4558 -1.07421 14.1827 68.7288 -0.240113 -13 194 1 0 1
-0.365602 -0.15187 25.4558 0.372751 -0.00394888 60.2407 2.25933 -13 195 1 0 1
4.88057 1.87588 25.4558 1.06413 -4.45033 80.5901 2.59481 -13 196 1 0 1
-1.73087 2.52486 25.4558 -6.49215 8.64992 62.8241 -0.919722 -13 197 1 0 1
1.89258 0.0111383 25.4558 9.24688 0.717682 49.2592 -0.618443 -13 198 1 0 1
-3.93613 5.96849 25.4558 -10.5526 11.87 55.8109 -1.60743 -13 199 1 0 1
-2.14051 -2.32858 25.4558 -3.7971 -4.19049 50.585 0.649503 -13 200 1 0 1
-2.05153 -0.259007 25.4558 -14.2281 -6.23093 68.458 0.32799 -13 201 1 0 1
-1.16529 6.18818 25.4558 -3.35561 17.3009 57.2945 -0.854205 -13 202 1 0 1
-0.349536 1.8631 25.4558 -1.02157 1.77263 62.1083 0.26836 -13 203 1 0 1
-1.48823 2.75465 25.4558 -1.19808 1.11052 49.819 1.40585 -13 205 1 0 1
-1.26285 1.08672 25.4558 -25.5694 1.69395 73.7856 0.220312 -13 206 1 0 1
-3.1628 -2.63637 25.4558 -8.71518 -9.91775 56.3358 -1.07105 -13 207 1 0 1
-2.9985 0.159436 25.4558 -16.9688 1.89061 67.4364 -0.27766 -13 208 1 0 1
-1.8483 1.97423 25.4558 2.50771 4.51347 20.7984 0.0396193 -13 209 1 0 1
1.95628 -0.383353 25.4558 11.2259 2.61732 46.375 -0.409918 -13 210 1 0 1
1.70914 3.73359 25.4558 8.59633 4.6727 41.9888 0.555849 -13 211 1 0 1
0.209642 3.8584 25.4558 -8.44325 17.2349 71.914 2.10416 -13 212 1 0 1
-3.98366 2.76148 25.4558 -13.2256 6.46105 57.8195 -1.3265 -13 213 1 0 1
0.611484 2.74735 25.4558 -6.15969 6.6485 75.1772 1.04916 -13 214 1 0 1
1.6866 0.79234 25.4558 -0.276447 -9.72402 72.0234 1.75816 -13 215 1 0 1
1.3049 -0.586309 25.4558 -0.319271 -1.65077 70.222 1.15993 -13 216 1 0 1
3.90819 -0.159353 25.4558 14.3344 6.58085 43.3399 -0.981311 -13 217 1 0 1
-2.33827 0.569637 25.4558 -12.0983 1.82737 63.7652 0.195093 -13 218 1 0 1
0.883809 -0.987244 25.4558 -6.66129 -4.33905 77.3813 0.0826357 -13 219 1 0 1
1.48731 1.61903 25.4558 -0.141956 0.525843 72.0955 2.42353 -13 220 1 0 1
1.38223 1.13911 25.4558 11.7754 -1.12528 54.2677 0.990162 -13 221 1 0 1
0.386296 1.73126 25.4558 -4.74061 9.97806 72.0138 -0.742545 -13 222 1 0 1
-2.90592 -1.2454 25.4558 -12.2765 2.07909 60.8719 1.05551 -13 223 1 0 1
-2.30046 -0.784558 25.4558 -8.32795 0.0801405 61.8307 -0.413298 -13 224 1 0 1
-0.498077 2.29277 25.4558 1.52198 10.5299 53.3379 -0.245519 -13 226 1 0 1
-2.409 0.0691125 25.4558 -9.04826 -2.3124 61.3405 0.0849869 -13 227 1 0 1
2.14949 0.160517 25.4558 -5.04688 -0.62527 78.0683 -1.84231 -13 228 1 0 1
-0.425999 1.91394 25.4558 -10.9307 -0.533303 71.3842 0.315497 -13 229 1 0 1
-0.251478 -2.92444 25.4558 4.31958 -7.86815 45.327 -0.325613 -13 230 1 0 1
4.0476 2.30544 25.4558 12.5104 18.5402 64.1035 1.29552 -13 231 1 0 1
4.81874 3.30026 25.4558 20.0942 11.7811 58.2671 0.919401 -13 232 1 0 1
-2.01202 0.305156 25.4558 -10.0887 -1.93233 64.6956 -1.40278 -13 233 1 0 1
1.87576 0.830685 25.4558 4.69816 3.11856 67.8833 -0.546697 -13 234 1 0 1
2.41079 0.274106 25.4558 1.67076 -8.29975 73.3417 0.355098 -13 235 1 0 1
-2.28813 0.321858 25.4558 -10.2632 -7.10225 63.8913 1.34349 -13 236 1 0 1
1.6148 -5.27193 25.4558 8.15309 -12.4204 50.9655 0.839533 -13 237 1 0 1
-0.323036 0.674672 25.4558 -1.73202 1.126 62.6734 0.158274 -13 238 1 0 1
-1.13103 -1.8474 25.4558 -11.5314 2.09695 69.8604 1.35136 -13 239 1 0 1
-0.0331893 4.4006 25.4558 5.31896 13.5336 44.429 -0.31143 -13 240 1 0 1
-0.291282 0.442244 25.4558 4.93144 1.54813 33.4451 0.782742 -13 241 1 0 1
-1.75347 1.38592 25.4558 -4.21098 -2.98082 58.4483 1.90341 -13 242 1 0 1
2.67305 -3.67767 25.4558 7.90524 -8.96769 67.9602 -0.0298354 -13 243 1 0 1
2.13625 1.05171 25.4558 -1.28001 4.46439 75.7794 0.75879 -13 244 1 0 1
2.5535 -0.940347 25.4558 4.40373 9.23904 71.3289 -0.607977 -13 245 1 0 1
1.05999 -0.934225 25.4558 -0.990868 6.72718 70.6412 -0.110005 -13 246 1 0 1
0.120755 -2.94111 25.4558 0.732888 -4.54419 60.9432 -0.238334 -13 247 1 0 1
-0.368563 -1.67158 25.4558 -4.90974 -5.99014 67.5918 0.765593 -13 248 1 0 1
4.01487 3.95884 25.4558 13.3008 3.61235 60.5606 -0.849094 -13 249 1 0 1
2.24238 -1.70231 25.4558 4.70547 -8.37117 68.2214 -1.40271 -13 250 1 0 1
1.9377 7.10339 25.4558 7.208 13.1758 61.2905 -0.924425 -13 251 1 0 1
1.69668 1.04641 25.4558 7.70587 -0.288115 63.3903 0.370338 -13 252 1 0 1
1.55873 1.46748 25.4558 -1.23961 14.5793 70.7093 -1.25303 -13 253 1 0 1
0.28018 0.558304 25.4558 4.82419 4.4127 56.2996 -0.403897 -13 254 1 0 1
1.33874 -1.08674 25.4558 -5.848 3.67015 77.2885 0.0530154 -13 255 1 0 1
-2.00783 0.934409 25.4558 -3.14183 3.4475 52.3355 -0.841348 -13 256 1 0 1
-1.31886 -2.49666 25.4558 1.19995 -12.0819 44.9817 -0.171315 -13 257 1 0 1
0.0505246 0.837078 25.4558 -1.02899 -0.934145 63.2942 0.227426 -13 258 1 0 1
-0.0856149 1.27 25.4558 4.52151 -1.67287 56.8588 -1.07787 -13 259 1 0 1
0.0798433 0.524171 25.4558 -6.07938 -6.06306 72.1937 -0.19315 -13 260 1 0 1
-1.42101 2.03734 25.4558 -5.03815 6.70408 59.9706 -1.02536 -13 261 1 0 1
0.257905 -0.766176 25.4558 3.31692 -0.580554 63.052 2.21135 -13 262 1 0 1
2.01801 -1.66865 25.4558 7.57947 -6.03713 62.9037 -1.37319 -13 263 1 0 1
-1.3636 -0.890639 25.4558 -0.991708 -3.57449 50.6482 -0.111774 -13 264 1 0 1
2.31897 0.715931 25.4558 8.35764 7.25271 62.9967 0.808935 -13 265 1 0 1
1.74095 2.16637 25.4558 2.73837 2.17132 70.579 0.698292 -13 266 1 0 1
-0.672449 3.08342 25.4558 -3.65086 0.980299 63.4644 -0.18789 -13 267 1 0 1
-1.59564 -0.301742 25.4558 0.477835 4.00905 42.4142 -0.988625 -13 268 1 0 1
0.72372 3.33784 25.4558 -9.82846 2.73428 77.4069 0.589838 -13 269 1 0 1
-1.38865 1.18075 25.4558 -5.66517 -4.61672 63.4909 1.37311 -13 270 1 0 1
3.78101 0.411309 25.4558 5.25777 -7.73414 77.37 -0.716302 -13 271 1 0 1
-0.541114 -1.92956 25.4558 -2.32448 -10.5393 61.7011 1.70259 -13 272 1 0 1
-4.32407 2.13637 25.4558 -10.431 5.04575 52.9141 2.92892 -13 273 1 0 1
1.2707 -1.26806 25.4558 2.54933 2.69237 67.2442 -1.92053 -13 274 1 0 1
1.96732 0.477757 25.4558 7.50656 -4.42172 58.9045 -0.184107 -13 275 1 0 1
1.06973 -1.1273 25.4558 7.65998 -7.35781 57.326 1.29211 -13 277 1 0 1
-3.75819 0.0480957 25.4558 -13.2273 -0.22958 60.0747 1.67584 -13 278 1 0 1
-1.99707 1.8553 25.4558 -12.6974 -7.33429 67.6217 -2.35645 -13 279 1 0 1
0.675959 1.63619 25.4558 2.59041 1.69736 61.3392 0.353483 -13 280 1 0 1
0.583582 -2.05244 25.4558 -2.35436 -2.34917 66.5471 -1.18131 -13 281 1 0 1
-1.65042 1.26892 25.4558 -0.98682 8.63938 47.6528 -0.718844 -13 282 1 0 1
0.585568 -2.98688 25.4558 5.73878 -9.31744 49.3402 -1.49046 -13 283 1 0 1
-2.50137 4.31305 25.4558 -4.57668 4.0749 52.7231 -0.238551 -13 284 1 0 1
-3.73357 0.479008 25.4558 -15.3166 6.79407 60.2901 -0.379 -13 285 1 0 1
-1.68529 -5.51839 25.4558 -10.8218 -2.518 68.5543 -1.34275 -13 286 1 0 1
-1.64819 1.95624 25.4558 -2.18002 -0.674006 51.702 -1.49667 -13 287 1 0 1
2.40663 5.1655 25.4558 -3.56673 34.6888 71.4923 -0.165602 -13 288 1 0 1
0.992815 2.42865 25.4558 -7.42484 12.5389 76.9827 0.570139 -13 289 1 0 1
4.01516 0.327863 25.4558 14.6191 -1.91296 43.21 0.277133 -13 290 1 0 1
2.55329 -0.421991 25.4558 -0.0911549 -7.46218 75.2061 0.556124 -13 291 1 0 1
0.171313 -0.834787 25.4558 -6.87489 0.559203 72.5225 -0.160897 -13 292 1 0 1
-5.42504 -0.345426 25.4558 -13.5113 8.73525 46.9301 2.1753 -13 293 1 0 1
5.31785 -1.28226 25.4558 15.1631 9.99424 69.109 1.70306 -13 294 1 0 1
-1.18202 0.136637 25.4558 -6.56817 -1.54381 65.0635 0.189174 -13 295 1 0 1
-3.3418 1.27257 25.4558 -9.83982 3.94918 58.2375 -0.165618 -13 296 1 0 1
1.49279 0.0340037 25.4558 8.41539 -4.51227 53.6518 2.64885 -13 297 1 0 1
1.0863 1.76221 25.4558 1.37265 -0.464592 67.2217 -1.75812 -13 298 1 0 1
-5.83953 -1.5513 25.4558 -14.7849 5.16528 44.4663 2.85583 -13 299 1 0 1
-2.12097 3.14499 25.4558 -7.09741 5.78671 62.0065 -0.664499 -13 301 1 0 1
-1.95114 -0.29769 25.4558 -8.40542 7.457 62.7616 0.340641 -13 302 1 0 1
-0.640319 -1.6593 25.4558 -2.29013 3.247 62.1158 0.111008 -13 303 1 0 1
-0.0708422 -0.0617716 25.4558 -3.19486 7.49084 65.4015 0.634884 -13 304 1 0 1
-5.96383 0.423257 25.4558 -11.1601 3.48898 40.0671 1.31933 -13 305 1 0 1
-0.671337 0.633681 25.4558 -5.085 -3.69565 66.3561 -0.941345 -13 306 1 0 1
0.56944 -0.947783 25.4558 -3.35875 -18.5033 67.2428 -1.1977 -13 307 1 0 1
0.514388 -3.21828 25.4558 -6.03973 -14.2934 72.2256 0.18368 -13 308 1 0 1
-1.30276 1.09896 25.4558 -7.73296 4.92355 65.2055 -0.758825 -13 309 1 0 1
3.61455 -0.747379 25.4558 7.19907 -2.61394 71.986 -0.298496 -13 310 1 0 1
-1.17438 -6.16926 25.4558 1.52826 -4.33633 31.2132 -1.5142 -13 311 1 0 1
-0.102787 0.961432 25.4558 -6.25748 8.58982 70.7382 -0.0668414 -13 312 1 0 1
-1.15693 2.68211 25.4558 -12.0466 9.65647 70.9737 1.0296 -13 313 1 0 1
0.241393 -2.04514 25.4558 -5.1764 -7.17069 67.7215 -0.500131 -13 314 1 0 1
1.83425 -2.24875 25.4558 8.30958 0.444589 61.9604 -1.37074 -13 315 1 0 1
-0.87103 -4.70279 25.4558 0.696445 -16.5576 50.4731 -1.14359 -13 316 1 0 1
-0.74757 -1.8852 25.4558 -3.84672 -10.5166 63.1516 0.843503 -13 317 1 0 1
0.599574 -1.66729 25.4558 -2.016 -1.76537 69.1416 -1.32926 -13 318 1 0 1
0.854796 -1.70595 25.4558 -3.4828 4.29651 69.9573 2.09835 -13 319 1 0 1
3.20979 0.13602 25.4558 7.78487 0.950525 71.9792 0.675067 -13 320 1 0 1
0.852385 0.331158 25.4558 4.42533 -1.25927 56.9119 -1.57986 -13 321 1 0 1
2.4068 0.00278517 25.4558 -10.8994 4.11955 79.3666 1.9393 -13 322 1 0 1
3.36242 -3.69928 25.4558 4.79777 -2.45206 75.7246 0.301602 -13 323 1 0 1
0.563859 1.56994 25.4558 0.95707 7.22882 65.7352 -0.601893 -13 324 1 0 1
1.43088 -0.572516 25.4558 -0.7458 -5.46219 72.4345 0.0612543 -13 325 1 0 1
-2.91813 3.7601 25.4558 -12.3178 11.1599 59.5602 0.024943 -13 326 1 0 1
-6.10277 -2.26044 25.4558 -16.3701 -10.6263 45.7065 0.266818 -13 327 1 0 1
-2.74589 3.69242 25.4558 -8.85221 -3.12456 58.6451 -1.45194 -13 328 1 0 1
0.15138 1.11844 25.4558 -3.0378 9.83844 68.4846 1.16083 -13 329 1 0 1
3.38872 -2.16318 25.4558 4.19201 -2.13914 76.47 -0.771482 -13 330 1 0 1
-1.24846 4.31079 25.4558 -12.5806 3.75906 70.8972 -1.50374 -13 331 1 0 1
-3.22684 -2.41975 25.4558 -1.596 -2.2139 30.7275 -1.20354 -13 332 1 0 1
0.199424 0.22372 25.4558 4.99915 4.18441 48.6285 4.10711 -13 333 1 0 1
-2.10192 -2.30038 25.4558 -8.56948 -7.36213 64.5421 0.38997 -13 334 1 0 1
1.38969 -1.66318 25.4558 4.60257 -8.84258 66.141 0.393251 -13 335 1 0 1
0.732543 -2.75717 25.4558 -4.04049 -9.65355 68.403 -0.604474 -13 336 1 0 1
7.30347 -4.35882 25.4558 26.358 -14.9207 57.9759 -2.37815 -13 337 1 0 1
0.960289 0.438172 25.4558 5.56996 -9.32744 53.8478 0.925658 -13 338 1 0 1
-1.14485 -2.5178 25.4558 -0.155193 -5.41925 49.9846 0.40043 -13 339 1 0 1
0.942012 1.03263 25.4558 0.352991 8.60711 69.1157 0.25835 -13 340 1 0 1
2.88597 2.04332 25.4558 2.67546 -0.73821 77.684 0.0123371 -13 341 1 0 1
0.599618 0.32206 25.4558 -6.35488 7.06725 73.0931 0.670414 -13 342 1 0 1
-0.00102197 1.06862 25.4558 0.426225 -6.01867 62.1141 -0.321829 -13 343 1 0 1
0.991407 -2.27652 25.4558 7.27521 1.85174 49.4244 -0.288243 -13 344 1 0 1
-0.0686179 -1.30649 25.4558 -3.51317 -0.196184 68.7854 -0.801189 -13 345 1 0 1
-3.17929 -0.210808 25.4558 -14.2815 -1.43535 63.8858 0.624425 -13 346 1 0 1
-0.643437 0.163028 25.4558 -5.41583 1.2534 68.0445 -0.793225 -13 347 1 0 1
-1.78534 -1.73432 25.4558 -0.716339 6.10624 51.7483 -0.473848 -13 348 1 0 1
2.02003 3.67074 25.4558 8.54429 9.01419 55.9642 0.877412 -13 349 1 0 1
0.6683 -1.82492 25.4558 1.01009 -5.4755 65.3171 0.814889 -13 350 1 0 1
-1.72908 1.21161 25.4558 -13.1437 0.412129 68.8613 -1.50332 -13 352 1 0 1
-0.823795 2.45599 25.4558 -4.30495 6.53155 65.4349 -0.193488 -13 353 1 0 1
-1.1884 3.82745 25.4558 -1.31759 6.346 52.8893 0.42537 -13 354 1 0 1
0.189753 0.615794 25.4558 -9.35512 5.22026 73.4127 -0.4315 -13 355 1 0 1
1.42099 0.440467 25.4558 6.71735 9.64668 59.1378 0.3077 -13 356 1 0 1
-1.58256 -0.772488 25.4558 0.141799 1.78354 41.9487 0.0265562 -13 357 1 0 1
1.78171 0.176724 25.4558 8.81014 8.20888 51.1044 0.619396 -13 358 1 0 1
0.762004 -1.62525 25.4558 4.43206 4.21111 62.0393 0.485933 -13 359 1 0 1
-0.235018 -1.31994 25.4558 -9.87118 -5.1119 74.4381 -0.569555 -13 360 1 0 1
2.66024 -0.51424 25.4558 -0.728695 4.69874 77.0695 -0.0871457 -13 361 1 0 1
-1.52279 1.57132 25.4558 -7.63781 -1.1447 65.3462 -2.75011 -13 362 1 0 1
1.16041 -0.0249628 25.4558 -4.74633 6.47523 74.9888 -0.268485 -13 363 1 0 1
0.620953 -1.89406 25.4558 -1.274 -3.79264 64.5673 0.27639 -13 364 1 0 1
-0.0172163 0.371751 25.4558 5.31461 6.59092 50.3355 -1.88594 -13 365 1 0 1
1.04332 0.0269112 25.4558 9.04257 -1.21395 45.1181 2.24678 -13 366 1 0 1
0.484478 1.35965 25.4558 7.99008 -3.27449 41.08 1.31049 -13 367 1 0 1
-0.980098 0.695216 25.4558 -4.55349 7.45535 64.4946 0.58348 -13 368 1 0 1
-0.550128 -1.94839 25.4558 -0.597938 -0.764822 60.3392 -1.06418 -13 369 1 0 1
-2.57168 1.08806 25.4558 -18.986 2.60127 69.8835 0.899388 -13 370 1 0 1
-0.605578 -2.08654 25.4558 -2.72634 -4.94054 65.9205 2.42468 -13 371 1 0 1
-1.71103 0.317591 25.4558 -0.708214 -9.88618 52.9683 0.839645 -13 372 1 0 1
-2.83772 -1.08777 25.4558 -12.3152 -7.94129 61.9271 0.733037 -13 373 1 0 1
0.118181 -0.835976 25.4558 -10.519 0.707169 75.9147 0.670193 -13 374 1 0 1
-1.04605 0.52417 25.4558 -19.0384 8.62544 76.1121 -1.35673 -13 375 1 0 1
-1.46628 -2.46764 25.4558 -10.9729 -10.7985 68.0151 0.510639 -13 376 1 0 1
4.38118 -0.415662 25.4558 7.50468 -8.93903 78.1003 1.22961 -13 377 1 0 1
-2.52942 0.230277 25.4558 -0.532889 -6.36912 36.1669 2.23111 -13 378 1 0 1
0.223244 -2.21399 25.4558 -3.98063 -17.1279 66.3822 0.680459 -13 379 1 0 1
-3.79783 -3.34995 25.4558 -3.98116 -13.9019 40.0373 -0.706886 -13 380 1 0 1
1.0026 -2.00821 25.4558 5.34991 2.51035 59.7789 1.19318 -13 381 1 0 1
3.36168 -1.97518 25.4558 7.64384 -9.68171 72.0534 -0.292682 -13 382 1 0 1
-4.87074 0.92567 25.4558 -13.0529 0.690434 49.7404 1.35516 -13 383 1 0 1
2.03604 2.3184 25.4558 10.8004 1.89229 58.1341 -1.31068 -13 384 1 0 1
-0.21865 0.789455 25.4558 -2.80661 -5.33444 67.1734 1.81743 -13 385 1 0 1
1.30298 1.45346 25.4558 1.77998 3.48827 70.18 1.97416 -13 386 1 0 1
-0.679027 0.308216 25.4558 -9.82357 -3.05621 70.8772 0.168963 -13 387 1 0 1
-0.915359 -0.791394 25.4558 1.68884 -0.523617 51.6487 -0.72596 -13 388 1 0 1
3.32732 -1.2035 25.4558 13.942 -0.371476 60.8956 1.07993 -13 389 1 0 1
-1.92648 0.831696 25.4558 -6.72175 0.284909 63.4244 0.790905 -13 390 1 0 1
2.6936 0.898766 25.4558 13.3199 0.613199 51.2627 -0.204573 -13 391 1 0 1
-4.60598 -0.0229021 25.4558 -11.2302 -9.62644 48.9272 0.254824 -13 392 1 0 1
-0.503078 4.00274 25.4558 -2.30746 10.2334 60.3001 -0.76425 -13 394 1 0 1
0.547062 1.20914 25.4558 -6.31261 15.0459 73.8249 -1.60898 -13 395 1 0 1
3.20162 2.82846 25.4558 11.0651 3.24846 63.5519 -0.107392 -13 396 1 0 1
0.744862 -2.63247 25.4558 3.37386 -5.78973 59.7669 1.30757 -13 397 1 0 1
0.558195 0.235754 25.4558 -0.927338 -2.29929 66.7078 0.909109 -13 398 1 0 1
-0.0464778 -2.83733 25.4558 -7.8946 -6.70057 70.6148 2.09247 -13 399 1 0 1
0.247283 -2.38555 25.4558 -0.0523289 6.40109 64.475 0.018591 -13 400 1 0 1
2.60081 -0.39245 25.4558 4.2183 0.804681 71.8466 -0.177629 -13 401 1 0 1
-0.671635 2.51862 25.4558 1.2147 7.68067 58.0212 -0.254181 -13 402 1 0 1
0.321276 -3.24814 25.4558 -2.75686 -24.5684 67.343 0.276654 -13 403 1 0 1
1.74761 -0.90653 25.4558 5.64664 -12.7317 65.1038 1.26101 -13 404 1 0 1
-1.29069 0.58445 25.4558 -5.20563 -7.52574 59.6387 -0.534568 -13 406 1 0 1
-0.925645 -2.45036 25.4558 -5.26604 -4.44243 65.469 1.33118 -13 407 1 0 1
2.32734 1.57146 25.4558 10.6696 7.54827 57.1835 1.8478 -13 408 1 0 1
1.8025 -0.344132 25.4558 6.78559 -1.55419 64.1437 0.368015 -13 409 1 0 1
0.398905 -1.44152 25.4558 -8.34068 -6.56589 75.5196 -2.52306 -13 410 1 0 1
-3.49986 4.49071 25.4558 -3.11816 2.75042 41.9307 0.585097 -13 411 1 0 1
-0.916396 -3.22546 25.4558 -6.83364 -14.1938 63.7385 1.31239 -13 412 1 0 1
0.49989 2.22652 25.4558 -10.8772 5.53758 77.9526 0.139205 -13 413 1 0 1
-3.92326 -1.83114 25.4558 -11.4136 -4.05345 57.1587 1.03708 -13 414 1 0 1
0.919546 1.37446 25.4558 4.68154 8.15984 56.9222 0.387466 -13 415 1 0 1
1.40476 -0.397669 25.4558 6.32341 2.14047 25.246 4.94818 -13 416 1 0 1
0.457514 -6.89267 25.4558 5.82148 -13.3791 39.5702 -0.0877035 -13 417 1 0 1
0.679436 2.11289 25.4558 -1.76614 2.6729 69.5177 1.52117 -13 418 1 0 1
2.58 -0.28579 25.4558 9.4143 -0.0632634 63.8016 0.556807 -13 419 1 0 1
1.02978 -0.53296 25.4558 -3.29439 -10.3765 73.1928 -0.389659 -13 421 1 0 1
1.22747 4.3244 25.4558 2.46348 20.1248 63.804 0.441683 -13 422 1 0 1
-5.13125 -5.95443 25.4558 -10.4579 -8.24346 43.047 -0.184006 -13 423 1 0 1
1.33851 6.43726 25.4558 10.3624 10.3693 46.4686 0.668464 -13 424 1 0 1
-1.07721 -0.619601 25.4558 -4.28412 1.01357 63.8548 -0.0158228 -13 425 1 0 1
1.34959 -0.937753 25.4558 -4.69962 4.65993 73.7026 -1.373 -13 426 1 0 1
2.62474 -3.22976 25.4558 8.4858 -5.35821 63.0234 -0.485425 -13 427 1 0 1
-0.982248 0.779544 25.4558 -6.53651 12.1997 64.6208 0.428908 -13 428 1 0 1
1.89168 -1.90534 25.4558 9.93652 -11.3628 56.5881 -0.069643 -13 429 1 0 1
-1.87073 2.6847 25.4558 -15.4903 14.1301 68.6561 -1.65888 -13 430 1 0 1
2.00385 -0.809192 25.4558 -2.34128 -5.84186 75.7147 1.94036 -13 431 1 0 1
1.47451 -0.133323 25.4558 3.02828 5.85248 67.7345 1.98832 -13 432 1 0 1
1.13668 -0.364776 25.4558 -1.37858 -12.8808 69.0734 1.42178 -13 433 1 0 1
0.275665 -0.279647 25.4558 2.35941 9.5888 59.1638 0.153203 -13 434 1 0 1
4.62945 1.56037 25.4558 15.7082 2.21885 58.2124 1.0966 -13 435 1 0 1
0.941025 -0.496502 25.4558 0.193621 0.279477 67.3665 -2.27589 -13 437 1 0 1
-2.29208 -0.381605 25.4558 -3.10124 -0.168823 55.221 1.98069 -13 438 1 0 1
-0.0868751 -2.95202 25.4558 -1.89298 -6.55057 62.6611 -1.09297 -13 439 1 0 1
0.961185 0.843456 25.4558 3.65976 6.09382 61.1887 0.247943 -13 440 1 0 1
-0.757639 0.269335 25.4558 -10.1706 0.145034 71.0065 1.39904 -13 441 1 0 1
-1.26811 -2.40414 25.4558 -6.42704 0.893754 65.1381 -0.106163 -13 442 1 0 1
-0.280302 -1.6568 25.4558 2.62369 4.79332 56.4772 1.06529 -13 443 1 0 1
4.78886 -1.33658 25.4558 14.6494 -1.94091 69.1588 1.01023 -13 444 1 0 1
2.46845 1.98245 25.4558 5.50856 -2.94758 69.3251 0.0981067 -13 445 1 0 1
-0.624055 -3.54809 25.4558 -6.35811 -5.65175 68.6928 -1.52493 -13 446 1 0 1
1.21868 -0.0609237 25.4558 6.65146 1.4756 56.8909 -0.418386 -13 447 1 0 1
0.315487 -0.4935 25.4558 -3.22894 3.78273 70.4539 -1.97316 -13 448 1 0 1
-1.10425 1.00145 25.4558 -0.232595 -0.477126 52.5062 -0.170789 -13 449 1 0 1
3.62048 2.14826 25.4558 0.839624 1.74604 81.1937 0.111721 -13 451 1 0 1
0.284279 -0.439412 25.4558 -0.152976 -4.83462 67.6552 1.12045 -13 452 1 0 1
0.217617 -1.46951 25.4558 4.75066 -3.43259 59.4868 -0.311904 -13 453 1 0 1
-3.37663 1.31088 25.4558 -4.45512 2.74736 50.377 1.36858 -13 454 1 0 1
0.918386 0.542149 25.4558 7.10131 -4.66978 55.1588 0.211623 -13 455 1 0 1
1.78907 1.53733 25.4558 5.08396 9.56445 64.3604 -0.609979 -13 456 1 0 1
1.31273 -0.552457 25.4558 9.08607 5.61901 56.5334 0.820178 -13 457 1 0 1
1.00462 -5.62058 25.4558 4.35877 -17.0919 53.1751 -1.07922 -13 458 1 0 1
3.37118 3.33398 25.4558 7.6015 6.57222 74.3035 1.71011 -13 459 1 0 1
-0.765792 -1.20254 25.4558 -6.14478 0.47848 65.0812 -0.131393 -13 460 1 0 1
-1.81351 1.03811 25.4558 -8.30614 10.2222 64.8515 0.377527 -13 461 1 0 1
-0.971364 -0.271573 25.4558 -4.52504 0.610836 63.8107 -0.260991 -13 462 1 0 1
1.49961 -1.11978 25.4558 1.96853 -3.48411 68.9025 1.50511 -13 463 1 0 1
1.64088 4.26664 25.4558 5.69181 18.4596 59.6756 -0.121746 -13 464 1 0 1
-3.27013 4.21584 25.4558 -3.82711 10.2687 35.5731 -0.806331 -13 465 1 0 1
0.547733 1.41541 25.4558 3.31614 8.17713 56.7684 0.359786 -13 466 1 0 1
0.250472 -1.14886 25.4558 8.1498 1.07697 35.6904 -0.110308 -13 467 1 0 1
-0.454403 1.68948 25.4558 2.68528 -4.22808 56.309 -0.80801 -13 468 1 0 1
-1.95603 4.02603 25.4558 -2.21667 12.2783 49.4704 0.483913 -13 469 1 0 1
1.10193 -2.7593 25.4558 2.24269 -5.71032 65.0226 -0.428938 -13 470 1 0 1
-1.13854 3.12112 25.4558 1.16371 8.46035 48.9005 1.22694 -13 471 1 0 1
-0.0496208 -3.54248 25.4558 4.87245 -9.77086 42.255 1.22352 -13 472 1 0 1
-1.38898 -0.608639 25.4558 -0.482929 -3.70589 55.1967 -0.581734 -13 473 1 0 1
1.56868 -1.73023 25.4558 7.50343 -7.00245 61.47 -0.583117 -13 474 1 0 1
1.16397 0.844127 25.4558 -0.652729 9.06962 70.6251 1.61521 -13 475 1 0 1
-3.2933 2.34022 25.4558 -12.6176 11.9602 60.1366 0.0365934 -13 476 1 0 1
0.215164 4.40226 25.4558 0.437743 11.4686 66.6342 -1.24331 -13 477 1 0 1
-0.702145 -2.01486 25.4558 -3.92483 -5.22767 61.2693 -1.74313 -13 478 1 0 1
-0.222471 0.899914 25.4558 2.67321 -1.42235 47.9634 -0.582624 -13 479 1 0 1
1.12707 0.32805 25.4558 6.6955 5.24936 54.5887 0.35302 -13 480 1 0 1
-0.719478 -1.09889 25.4558 5.61538 -2.82195 33.0132 0.629093 -13 481 1 0 1
-1.29506 -0.145956 25.4558 2.04861 -8.00407 45.7088 0.434942 -13 482 1 0 1
-1.9201 3.12014 25.4558 -12.5914 9.91956 67.5393 0.842928 -13 483 1 0 1
-1.59603 0.827841 25.4558 -10.8909 -0.771983 66.5811 -1.21204 -13 484 1 0 1
-3.8278 -1.43953 25.4558 -11.7759 -10.0335 55.8616 1.90465 -13 485 1 0 1
-0.498193 -1.34192 25.4558 -0.75475 -12.7526 57.6962 2.79919 -13 486 1 0 1
2.85126 2.02 25.4558 6.54812 2.63119 69.0192 0.195602 -13 487 1 0 1
-4.03598 -0.806771 25.4558 -14.2583 -3.659 59.3366 -0.835628 -13 488 1 0 1
-1.51608 -2.06363 25.4558 0.911978 6.34612 41.2578 1.3904 -13 489 1 0 1
-0.923295 -1.42443 25.4558 -3.70118 -13.3444 61.9909 -1.75474 -13 490 1 0 1
1.41542 1.58442 25.4558 0.682575 -3.51025 70.4473 0.924367 -13 491 1 0 1
0.555567 -0.668159 25.4558 2.37876 6.04527 61.3302 1.23956 -13 492 1 0 1
-2.57438 -1.2109 25.4558 -5.78719 -6.39794 58.2467 1.08324 -13 493 1 0 1
-1.41949 1.09123 25.4558 2.40749 -2.35908 35.674 0.148183 -13 494 1 0 1
-1.00078 5.4903 25.4558 4.08322 4.64762 41.9502 -2.64754 -13 495 1 0 1
-0.770885 -3.25899 25.4558 2.74387 -8.62125 43.1257 0.332431 -13 496 1 0 1
-0.541126 -1.00288 25.4558 -4.77424 -2.82043 64.1154 0.334482 -13 497 1 0 1
-0.645484 1.23103 25.4558 -7.01734 7.13884 68.3684 -0.35928 -13 498 1 0 1
-0.591735 2.79486 25.4558 1.58124 3.41422 52.0673 -0.774694 -13 499 1 0 1
3.15761 1.13977 25.4558 13.2274 -3.12603 50.8275 -1.08022 -13 500 1 0 1
3.16723 2.5906 25.4558 0.321301 6.89156 79.2018 -0.224529 -13 501 1 0 1
-2.19795 3.11086 25.4558 -12.6028 5.88275 65.6774 -1.10388 -13 502 1 0 1
0.395556 -5.8561 25.4558 -2.11057 -14.3695 68.1858 -1.55803 -13 503 1 0 1
-0.350924 -0.954457 25.4558 -4.81288 -0.386862 66.5414 0.355959 -13 504 1 0 1
3.07446 0.307995 25.4558 14.1024 0.990756 56.0377 -1.07783 -13 505 1 0 1
0.568675 0.16421 25.4558 -12.532 -4.00623 78.1879 1.33705 -13 506 1 0 1
1.30162 3.64885 25.4558 6.45417 13.067 48.4977 0.504084 -13 507 1 0 1
1.74451 -3.26544 25.4558 7.67201 -8.09215 62.858 1.02777 -13 508 1 0 1
3.35175 -2.21668 25.4558 6.75735 -8.10217 72.296 0.0752161 -13 509 1 0 1
-3.16445 2.16301 25.4558 -10.7147 6.55572 59.7152 1.20606 -13 510 1 0 1
-2.67409 -1.12279 25.4558 -17.4285 0.727269 69.5428 2.11198 -13 511 1 0 1
-2.34362 -1.01932 25.4558 -7.85495 -2.19975 57.8884 -0.358158 -13 512 1 0 1
-0.180343 -0.657547 25.4558 3.00767 2.76172 51.3482 1.1618 -13 513 1 0 1
-1.57759 -0.663791 25.4558 -3.74915 -2.05183 54.9014 -3.43738 -13 514 1 0 1
-2.25032 -0.139925 25.4558 -13.1084 1.31286 65.1543 -1.39872 -13 515 1 0 1
-1.97224 -1.62554 25.4558 -5.68495 3.81534 56.1622 -1.90322 -13 516 1 0 1
1.47887 0.796076 25.4558 -0.156536 -4.05031 72.4055 -1.0773 -13 517 1 0 1
-0.538127 -0.55575 25.4558 -2.77421 1.44294 64.8615 0.856227 -13 518 1 0 1
0.323577 1.19687 25.4558 -13.4487 1.92021 77.3795 -0.029671 -13 519 1 0 1
-0.586254 0.311578 25.4558 0.380427 -6.34937 60.3932 2.55931 -13 520 1 0 1
-0.59495 -3.33335 25.4558 -6.82059 -10.6365 69.1917 -1.43401 -13 521 1 0 1
2.73598 1.37742 25.4558 -3.42191 5.16869 80.4948 0.953085 -13 522 1 0 1
-1.02909 2.3666 25.4558 -8.69122 4.32347 69.2629 0.904256 -13 523 1 0 1
-0.0661802 -4.24466 25.4558 0.983433 -1.62319 61.8855 0.757831 -13 524 1 0 1
-1.50957 3.48753 25.4558 2.1567 6.89066 39.2045 0.683508 -13 525 1 0 1
-0.808994 -2.29205 25.4558 -11.5625 -0.188978 71.1886 0.0789032 -13 526 1 0 1
-1.78619 2.59822 25.4558 -5.40152 10.3195 58.5319 1.05645 -13 527 1 0 1
-2.48625 1.34325 25.4558 -4.15538 3.806 53.8065 2.71085 -13 528 1 0 1
3.52667 -0.55381 25.4558 8.78043 -14.1409 70.169 0.829884 -13 529 1 0 1
0.0221167 1.20647 25.4558 -1.76087 4.80847 66.8933 -0.575273 -13 530 1 0 1
-0.981709 -1.41643 25.4558 -1.14064 -3.03713 59.8186 1.01707 -13 531 1 0 1
-4.3337 0.782086 25.4558 -10.3693 8.41872 51.6905 1.67716 -13 532 1 0 1
-4.0435 -4.3869 25.4558 -5.34813 -7.24767 27.3789 3.31322 -13 533 1 0 1
2.13406 -0.773765 25.4558 4.20941 -0.157433 70.1808 1.00065 -13 534 1 0 1
1.43358 -0.775059 25.4558 0.269096 11.4632 69.3155 -2.79993 -13 535 1 0 1
0.360953 -1.52666 25.4558 3.54069 1.57582 54.9612 -0.888724 -13 536 1 0 1
1.3334 2.99873 25.4558 7.48784 8.10003 61.978 0.134894 -13 538 1 0 1
-6.97564 9.73886 25.4558 -30.441 27.5833 54.9791 1.0727 -13 539 1 0 1
4.67383 -1.29482 25.4558 9.40115 -3.06078 76.7463 1.4135 -13 540 1 0 1
0.24954 1.05862 25.4558 -5.76257 10.642 70.1488 0.979547 -13 541 1 0 1
1.36996 -0.0889046 25.4558 2.44129 4.27799 67.6745 0.0397974 -13 542 1 0 1
1.90281 0.241883 25.4558 6.42734 -7.4573 66.6647 -0.491079 -13 543 1 0 1
0.93539 -0.111542 25.4558 3.59079 -2.80644 63.4981 0.451551 -13 544 1 0 1
0.491825 -4.16744 25.4558 -4.23297 -23.7765 68.3574 1.17432 -13 545 1 0 1
-0.965301 -4.98269 25.4558 0.421807 -12.2463 42.9356 0.503932 -13 546 1 0 1
-1.35073 2.619 25.4558 -1.57882 12.078 51.3941 -0.68453 -13 547 1 0 1
0.940813 -0.663512 25.4558 3.25702 6.57214 61.7045 2.28887 -13 548 1 0 1
0.318668 -2.81083 25.4558 3.4119 -2.79833 57.7625 2.58819 -13 549 1 0 1
-3.4512 2.52734 25.4558 -18.8428 15.2448 64.5668 -2.46558 -13 550 1 0 1
-0.305012 -4.70183 25.4558 3.93588 -2.50512 34.9399 1.24364 -13 551 1 0 1
-3.19824 0.0415507 25.4558 -10.0251 -3.56114 58.3994 0.251901 -13 553 1 0 1
-2.00508 0.130546 25.4558 -10.4631 -3.62349 64.3235 -0.983872 -13 554 1 0 1
2.31271 0.835294 25.4558 -0.323513 4.184 73.8353 1.26948 -13 555 1 0 1
-1.55885 2.65544 25.4558 -3.86642 8.02332 55.9557 0.515177 -13 556 1 0 1
1.04539 0.580255 25.4558 4.59991 -0.637885 61.3926 2.45416 -13 557 1 0 1
-1.11011 0.297122 25.4558 -3.94886 -3.98722 61.6349 -2.58287 -13 558 1 0 1
-5.05568 0.871613 25.4558 -10.7349 3.48204 43.881 -1.40374 -13 560 1 0 1
-1.98748 2.4626 25.4558 -13.7327 3.98485 67.8487 1.12704 -13 562 1 0 1
2.64035 0.602689 25.4558 4.80551 -4.22904 70.5186 -0.312922 -13 564 1 0 1
-3.30137 0.96912 25.4558 -8.9833 8.57985 54.5369 1.28605 -13 565 1 0 1
-2.21496 -0.810975 25.4558 -18.4336 -6.15945 70.3835 0.768309 -13 566 1 0 1
-2.47267 -2.29868 25.4558 -4.48863 -3.86724 53.4124 0.215655 -13 567 1 0 1
-0.711825 1.2446 25.4558 -8.24896 9.57517 70.3852 0.202089 -13 568 1 0 1
0.0321333 -1.02485 25.4558 -0.298087 -5.76851 61.5488 1.81485 -13 569 1 0 1
-1.45265 -2.73593 25.4558 0.0617968 -4.27173 52.1926 -2.39182 -13 570 1 0 1
-1.75796 2.29648 25.4558 0.951179 7.08108 21.1922 -0.12824 -13 571 1 0 1
1.66155 -0.022964 25.4558 -1.90878 -7.27532 75.2973 -0.121391 -13 572 1 0 1
-1.31092 1.33361 25.4558 -8.46723 -4.79024 68.1234 1.96458 -13 573 1 0 1
-2.25814 3.51816 25.4558 -8.10554 19.6227 56.7904 -0.943965 -13 574 1 0 1
1.09007 -0.697445 25.4558 -0.419379 -3.24608 69.5504 0.204324 -13 575 1 0 1
0.233113 2.94366 25.4558 -2.48759 0.150403 68.5651 -0.873034 -13 576 1 0 1
0.349664 -4.16885 25.4558 -1.45811 -4.90093 65.5038 -1.95347 -13 577 1 0 1
-0.461284 2.69317 25.4558 -9.3308 13.987 71.236 1.96473 -13 578 1 0 1
1.57668 -3.22803 25.4558 7.41487 -13.6904 61.0964 -0.22828 -13 579 1 0 1
-2.48804 0.289844 25.4558 -13.9101 8.84691 65.045 1.49707 -13 580 1 0 1
2.02859 1.89192 25.4558 8.22702 1.97752 62.157 0.0918295 -13 581 1 0 1
2.08884 -1.06877 25.4558 10.3196 2.68637 48.0846 0.00763727 -13 582 1 0 1
1.97379 0.597947 25.4558 2.66002 -1.25206 71.256 -0.41946 -13 583 1 0 1
2.12304 2.80987 25.4558 5.71098 3.13866 64.3537 -0.737859 -13 584 1 0 1
-1.09722 -1.2876 25.4558 -7.81229 -11.4795 63.722 -2.02984 -13 585 1 0 1
1.4643 -1.64914 25.4558 -0.521239 -12.2723 70.904 2.20532 -13 586 1 0 1
-0.522761 1.59666 25.4558 -11.6279 16.1304 72.002 0.387294 -13 587 1 0 1
2.28687 -1.14086 25.4558 6.90426 1.56563 66.7641 -2.10123 -13 588 1 0 1
0.66398 1.54013 25.4558 -2.41766 2.94136 70.2213 -1.22204 -13 589 1 0 1
-1.23455 -1.0937 25.4558 -13.9083 -13.7803 72.4629 -0.839056 -13 590 1 0 1
0.232938 -1.3255 25.4558 -11.7937 0.527994 77.1514 2.60992 -13 591 1 0 1
0.0103435 0.561071 25.4558 -4.00966 -1.17122 71.2418 -2.58863 -13 592 1 0 1
0.33489 3.37829 25.4558 2.01328 2.28203 64.1405 1.96534 -13 593 1 0 1
-1.5223 2.14744 25.4558 -8.28482 3.41875 63.0532 0.264884 -13 594 1 0 1
0.345585 -1.93471 25.4558 -0.314501 -1.08414 63.9818 0.609123 -13 595 1 0 1
-0.520604 -0.207719 25.4558 -19.6971 -2.4844 77.3356 -0.0434323 -13 597 1 0 1
2.8967 -1.59034 25.4558 -3.57446 -11.2828 80.6548 -1.68361 -13 598 1 0 1
-3.22812 -0.324403 25.4558 -3.70775 -0.9417 46.1663 -1.54365 -13 599 1 0 1
-1.54307 -2.4768 25.4558 -0.271903 -8.55326 50.426 0.58498 -13 600 1 0 1
0.694958 0.248784 25.4558 2.60713 -0.28478 59.4782 1.21725 -13 601 1 0 1
-1.1137 -1.35326 25.4558 -4.39857 -4.31749 63.6499 0.671099 -13 602 1 0 1
-2.89523 -0.552426 25.4558 -15.8264 -1.08346 66.3796 -1.22491 -13 603 1 0 1
0.133234 0.530861 25.4558 7.6491 -2.47224 47.3577 0.192224 -13 604 1 0 1
-1.12164 -6.75485 25.4558 -2.75626 -20.3929 57.0698 0.10114 -13 605 1 0 1
2.61233 -0.491443 25.4558 6.29522 -2.08539 66.7957 2.66571 -13 606 1 0 1
4.27416 0.975015 25.4558 6.76842 15.1264 75.5504 -0.706918 -13 607 1 0 1
-1.92985 -1.74485 25.4558 -16.4637 5.40937 71.2234 0.203563 -13 609 1 0 1
-1.07315 -1.94708 25.4558 -7.72204 7.05115 67.0139 -1.6217 -13 610 1 0 1
-1.91761 1.89611 25.4558 -2.82313 -0.112802 53.781 0.963384 -13 611 1 0 1
2.5729 -0.725883 25.4558 10.0084 4.31797 56.2786 -2.18544 -13 612 1 0 1
1.35421 -2.63041 25.4558 7.96727 -5.69529 38.0557 1.40302 -13 613 1 0 1
-0.149813 0.271225 25.4558 -0.350946 -5.80589 64.3281 -0.247017 -13 614 1 0 1
-1.33602 1.3013 25.4558 -12.3473 -5.17662 72.5156 0.876054 -13 615 1 0 1
2.84684 0.280573 25.4558 1.00895 7.01755 77.7678 -0.153022 -13 616 1 0 1
0.0583334 -3.15137 25.4558 -1.24083 -8.34226 63.4402 -0.632951 -13 617 1 0 1
-1.52443 4.17195 25.4558 -5.02597 19.1373 56.6964 -0.966737 -13 618 1 0 1
1.8228 2.18142 25.4558 9.06667 11.9256 50.124 0.779851 -13 619 1 0 1
0.973617 0.984665 25.4558 -8.71124 3.39663 77.3968 -2.14521 -13 620 1 0 1
0.0522729 -4.06021 25.4558 1.79146 -5.46807 59.7451 0.745808 -13 621 1 0 1
1.48831 -8.56892 25.4558 6.90152 -21.3239 54.6431 0.429603 -13 622 1 0 1
-1.17137 -2.19396 25.4558 -2.97063 0.134965 60.6065 -0.229127 -13 623 1 0 1
-0.0768168 0.486959 25.4558 -0.705256 -3.43549 65.2345 -0.229304 -13 624 1 0 1
-2.62854 5.074 25.4558 -7.14471 9.57857 56.0283 -0.774495 -13 625 1 0 1
2.51367 1.45464 25.4558 4.14505 0.402241 70.7546 2.52325 -13 626 1 0 1
-1.11119 -1.53444 25.4558 -16.5245 7.38024 74.7764 0.647925 -13 627 1 0 1
1.11172 -4.35093 25.4558 -0.386932 -15.6437 70.7757 0.216908 -13 628 1 0 1
-0.803206 2.46879 25.4558 -2.82219 14.6299 64.589 0.264718 -13 629 1 0 1
-2.89581 1.00084 25.4558 -12.4453 9.42916 61.5638 0.735762 -13 630 1 0 1
-1.05559 0.168149 25.4558 0.255237 2.74208 58.9577 -0.581406 -13 631 1 0 1
-0.307175 -2.20058 25.4558 -4.15356 -7.54188 66.5006 -1.4351 -13 632 1 0 1
4.85483 2.73258 25.4558 20.4724 6.88339 54.0157 -0.735874 -13 633 1 0 1
-3.63138 5.48455 25.4558 -12.7995 20.987 56.0449 -0.0424212 -13 634 1 0 1
2.43235 -1.18334 25.4558 11.5808 -0.211372 51.5344 0.26946 -13 635 1 0 1
-0.954197 0.185343 25.4558 -11.9634 10.443 71.6119 -2.03205 -13 636 1 0 1
3.00917 0.700236 25.4558 5.16779 -1.21737 72.1405 0.166388 -13 637 1 0 1
-3.9557 -3.71228 25.4558 -3.56963 -6.36989 24.6995 0.143208 -13 638 1 0 1
1.75133 -2.25908 25.4558 4.23546 -8.88567 65.8077 -1.88624 -13 639 1 0 1
0.0684828 1.71721 25.4558 4.15774 4.05971 38.8371 -2.08277 -13 640 1 0 1
2.71501 -1.94119 25.4558 9.94862 -10.6675 61.1849 -1.24265 -13 641 1 0 1
-0.244725 -3.44788 25.4558 2.78276 -7.17676 57.4028 0.0376216 -13 642 1 0 1
0.10428 -2.5153 25.4558 -5.68341 -11.962 69.9672 -0.307101 -13 643 1 0 1
-2.49575 -1.9654 25.4558 -4.82796 -9.54865 49.2976 2.31885 -13 644 1 0 1
0.150669 -2.90679 25.4558 3.06701 -7.94486 56.7366 1.07588 -13 645 1 0 1
-0.896019 1.05847 25.4558 -12.8273 3.29896 71.221 1.42048 -13 646 1 0 1
-1.29992 -1.08141 25.4558 -20.5423 0.0448234 75.7174 -1.42773 -13 647 1 0 1
1.80978 -0.176973 25.4558 5.29682 1.97112 68.1802 -0.051141 -13 649 1 0 1
0.928743 -2.39864 25.4558 -4.93938 -4.97631 73.427 1.01788 -13 650 1 0 1
1.09339 0.9087 25.4558 0.133687 2.24093 68.0833 0.54849 -13 651 1 0 1
-0.331163 -0.247535 25.4558 -4.37045 -3.83261 65.795 1.05237 -13 652 1 0 1
0.870319 -2.44931 25.4558 -1.045 -4.90796 68.3106 0.676241 -13 653 1 0 1
-1.12382 -1.17447 25.4558 5.85423 -2.42408 40.254 -0.362969 -13 654 1 0 1
-6.17636 -3.30632 25.4558 -7.37103 -8.29938 21.4975 0.282044 -13 655 1 0 1
-2.42774 1.35748 25.4558 -12.5566 12.5923 62.5325 -0.0639997 -13 656 1 0 1
1.52859 -1.93427 25.4558 6.34742 1.45463 60.9407 0.651884 -13 657 1 0 1
0.0191454 -3.80664 25.4558 -5.72015 -7.04178 68.6459 2.26743 -13 659 1 0 1
0.334637 -0.458203 25.4558 -2.03372 0.375848 66.621 -1.46487 -13 660 1 0 1
1.00048 1.21158 25.4558 -8.12239 -6.41393 75.4622 1.67275 -13 661 1 0 1
-2.7275 0.743318 25.4558 -8.58542 2.76739 57.0965 -0.231692 -13 662 1 0 1
0.871934 -0.163999 25.4558 5.44477 3.80563 57.4484 0.477553 -13 663 1 0 1
0.0184864 -2.61112 25.4558 -7.45851 -8.46991 69.858 1.77308 -13 664 1 0 1
0.930587 -0.17656 25.4558 -6.79285 -5.18326 76.5177 0.34123 -13 665 1 0 1
-3.25643 -0.869076 25.4558 -11.4892 0.589328 60.5346 1.01363 -13 666 1 0 1
-0.574291 -0.406412 25.4558 -1.97666 0.484955 60.2284 -2.12037 -13 667 1 0 1
-2.89529 -1.30447 25.4558 -3.19062 -5.61714 34.107 0.76912 -13 668 1 0 1
0.367701 -3.38349 25.4558 0.145188 -13.5529 66.9039 1.41813 -13 669 1 0 1
1.85552 -2.68455 25.4558 1.33062 -9.4704 72.2577 0.0647587 -13 670 1 0 1
2.43899 -3.51263 25.4558 9.54115 -12.4418 61.6718 0.517079 -13 671 1 0 1
2.27677 2.78106 25.4558 7.48285 8.07665 56.0243 1.59274 -13 672 1 0 1
-0.674285 6.76616 25.4558 -1.41505 20.3114 57.2275 0.373237 -13 673 1 0 1
3.45823 1.11299 25.4558 10.1006 4.83489 61.7614 0.888605 -13 674 1 0 1
-1.31133 -2.7847 25.4558 -4.95029 -14.3018 61.0501 3.20826 -13 675 1 0 1
2.45468 0.211823 25.4558 10.9018 5.45428 48.5902 -0.138956 -13 676 1 0 1
4.09764 0.15393 25.4558 11.3771 -2.58912 65.8997 1.04202 -13 677 1 0 1
0.778784 0.755565 25.4558 -2.70215 19.535 70.1703 1.58798 -13 678 1 0 1
-1.70835 2.84948 25.4558 -11.0195 13.7687 65.763 0.048895 -13 679 1 0 1
-2.57159 1.78244 25.4558 -5.14085 1.94825 55.7234 -0.852365 -13 680 1 0 1
0.686486 1.80123 25.4558 -4.17823 -7.61507 72.9846 -3.19394 -13 681 1 0 1
-3.01727 0.19677 25.4558 -1.58137 -9.97305 29.947 0.0533824 -13 682 1 0 1
5.14378 -0.189271 25.4558 17.6476 11.1518 60.2865 2.08252 -13 683 1 0 1
-0.713314 -1.96522 25.4558 -2.52465 -5.62316 61.1885 -0.170477 -13 684 1 0 1
6.54798 -0.534375 25.4558 20.7162 -9.94016 66.5841 -1.62752 -13 685 1 0 1
1.92214 2.24145 25.4558 3.74536 10.9938 69.318 0.459391 -13 686 1 0 1
0.464024 -0.759432 25.4558 5.42402 2.41411 53.0932 1.72102 -13 687 1 0 1
-0.271286 2.45111 25.4558 -3.6346 3.4808 66.4225 0.0158404 -13 688 1 0 1
1.68896 -1.87092 25.4558 7.93152 -12.5577 59.5643 1.04419 -13 690 1 0 1
0.917964 1.62645 25.4558 0.897336 -0.870205 64.7155 -1.90619 -13 691 1 0 1
-1.0041 2.81298 25.4558 -4.52116 1.21753 61.9394 -0.899574 -13 692 1 0 1
0.562109 5.24752 25.4558 4.36633 2.40748 50.4964 1.8741 -13 693 1 0 1
0.621798 -4.24919 25.4558 0.142379 -8.4994 64.7475 2.41884 -13 694 1 0 1
-0.138399 1.88663 25.4558 -1.18207 8.43365 64.2157 0.404588 -13 696 1 0 1
0.278321 0.670888 25.4558 -6.99233 7.877 70.2378 0.588244 -13 697 1 0 1
1.33683 -3.68337 25.4558 10.9061 -6.19127 43.3026 -0.661382 -13 699 1 0 1
1.8229 -0.430577 25.4558 0.512966 -1.3699 73.2236 1.45288 -13 700 1 0 1
1.49059 0.53575 25.4558 2.31753 10.1512 69.8295 1.39712 -13 701 1 0 1
-0.0844416 0.0668772 25.4558 3.76307 1.69068 44.314 1.37682 -13 702 1 0 1
0.409671 2.00244 25.4558 -13.4465 5.13615 78.6242 -2.15941 -13 703 1 0 1
1.02439 1.36745 25.4558 6.9537 11.7069 56.3276 -0.41489 -13 704 1 0 1
-0.854959 1.98352 25.4558 0.940345 3.57664 53.5432 1.47308 -13 705 1 0 1
-2.41845 0.56939 25.4558 -3.95081 2.8299 54.0975 -1.54145 -13 706 1 0 1
0.791598 -1.76045 25.4558 -3.44866 5.46601 72.0765 3.38021 -13 707 1 0 1
-3.74892 -0.846655 25.4558 -12.4834 -3.03441 57.844 0.571318 -13 708 1 0 1
-0.561346 -0.310366 25.4558 -3.11934 -6.99187 65.304 0.14347 -13 709 1 0 1
-1.55294 0.924724 25.4558 1.87024 -3.91021 43.7715 -0.910169 -13 710 1 0 1
0.313479 1.92514 25.4558 4.16012 -0.263252 50.6015 -0.266926 -13 711 1 0 1
-0.0214178 -2.98085 25.4558 -5.04754 -10.9902 68.217 1.45205 -13 712 1 0 1
1.86524 -0.865214 25.4558 -8.22159 -10.9143 80.0182 0.0708821 -13 713 1 0 1
-1.11529 1.81824 25.4558 0.735222 -0.565322 49.536 1.71328 -13 714 1 0 1
-0.930948 0.622426 25.4558 -10.4807 8.11689 69.715 -1.00969 -13 715 1 0 1
0.585264 2.63106 25.4558 7.45883 7.71958 49.9299 1.2807 -13 716 1 0 1
-1.4351 -0.383565 25.4558 -0.498645 -3.44041 52.8367 1.84961 -13 717 1 0 1
-0.235541 1.01465 25.4558 -8.27195 -1.13847 71.7 1.00662 -13 718 1 0 1
1.69617 -0.557574 25.4558 1.3721 4.23908 71.8388 -0.0342039 -13 719 1 0 1
-0.0866422 2.90698 25.4558 -2.02243 12.6274 65.0866 2.14844 -13 720 1 0 1
2.45347 -2.97792 25.4558 3.7571 -12.2077 70.7717 -0.021449 -13 721 1 0 1
0.317701 -0.895846 25.4558 3.86892 -5.77821 53.2595 -1.46802 -13 722 1 0 1
-0.0548759 -2.82107 25.4558 -0.590051 -3.93995 61.2794 -1.14296 -13 723 1 0 1
1.19943 3.39829 25.4558 -2.06641 10.8083 71.9775 2.06939 -13 724 1 0 1
-2.13241 3.75016 25.4558 -5.30185 8.64632 54.8067 -0.214672 -13 725 1 0 1
2.73297 -2.83236 25.4558 12.8019 -10.9667 52.7921 -0.918835 -13 726 1 0 1
0.326167 0.440874 25.4558 4.73612 2.5147 44.4601 1.99627 -13 727 1 0 1
0.290648 5.15101 25.4558 4.25232 17.0835 39.8978 -0.264645 -13 728 1 0 1
2.24209 -1.66067 25.4558 -1.65677 -5.11906 76.1503 -1.7579 -13 729 1 0 1
-3.59191 -5.07312 25.4558 -1.22124 -7.35011 34.6061 -0.138734 -13 730 1 0 1
-0.686746 -2.17457 25.4558 -8.02471 -5.09099 69.4968 -1.17539 -13 731 1 0 1
-0.741961 3.16438 25.4558 -6.0039 7.77725 68.3628 2.07434 -13 732 1 0 1
-3.43991 1.98103 25.4558 -4.64208 -1.14798 46.1809 -0.360976 -13 733 1 0 1
1.65133 4.46663 25.4558 2.37004 -3.00388 71.4184 2.31305 -13 734 1 0 1
4.45275 3.4835 25.4558 15.3644 5.27851 44.4549 -1.11852 -13 735 1 0 1
-0.263678 1.91622 25.4558 3.42682 5.72233 46.8144 -0.147608 -13 736 1 0 1
-1.49054 2.98627 25.4558 -4.73112 8.99622 62.4069 2.12644 -13 737 1 0 1
2.19986 -1.06765 25.4558 9.05508 1.63474 58.2115 1.59163 -13 738 1 0 1
0.846623 -1.98884 25.4558 4.14185 -1.15768 59.2561 -1.08671 -13 739 1 0 1
0.162306 0.370255 25.4558 -7.19887 0.295015 72.7168 0.840233 -13 740 1 0 1
3.61214 -0.433514 25.4558 7.77959 0.88407 20.9838 1.81273 -13 741 1 0 1
-5.12631 -0.248667 25.4558 -7.96856 2.80185 41.8203 -2.16476 -13 742 1 0 1
-0.100203 -0.00189051 25.4558 -5.6358 5.12521 71.6827 1.39089 -13 743 1 0 1
-2.10943 3.05176 25.4558 -4.54341 5.06388 55.3561 0.32119 -13 744 1 0 1
4.00491 3.04503 25.4558 8.22177 10.7819 71.8314 2.01608 -13 745 1 0 1
-0.214868 -1.34738 25.4558 -5.13053 -5.94792 67.913 -1.7581 -13 746 1 0 1
0.76602 -0.824229 25.4558 -0.0900041 -2.43863 67.9925 0.237846 -13 747 1 0 1
-3.5688 -0.588497 25.4558 -5.83969 0.922304 48.5081 -1.75576 -13 748 1 0 1
2.37717 -1.67138 25.4558 2.05406 -8.52733 72.6866 1.18634 -13 749 1 0 1
-0.182401 5.24595 25.4558 -0.850408 3.28183 64.0227 0.766706 -13 750 1 0 1
-2.23213 1.39793 25.4558 -4.06284 8.34184 52.1637 0.0713565 -13 751 1 0 1
-0.427272 1.44571 25.4558 -4.18282 13.8348 66.3674 -0.426185 -13 752 1 0 1
-0.729813 2.16533 25.4558 -2.51671 1.30342 64.2037 -0.979289 -13 753 1 0 1
-1.50522 -1.16407 25.4558 -10.5724 -0.748487 69.4562 0.371308 -13 754 1 0 1
2.68519 0.174418 25.4558 2.26065 -2.54985 75.4022 -1.37059 -13 755 1 0 1
1.54993 -0.225307 25.4558 2.34477 8.3704 67.9257 -0.980736 -13 756 1 0 1
2.08176 -2.43861 25.4558 11.4452 -4.98801 52.2941 -1.06424 -13 757 1 0 1
-0.934539 0.768305 25.4558 2.01773 -6.72095 56.3459 0.409548 -13 758 1 0 1
2.3924 -1.95782 25.4558 7.56405 -11.1502 61.7831 1.20482 -13 759 1 0 1
-0.341417 1.67244 25.4558 2.02405 5.01262 54.1075 0.254141 -13 760 1 0 1
0.378482 -2.80157 25.4558 1.87126 -5.91142 59.339 0.74602 -13 761 1 0 1
-5.31614 -0.975541 25.4558 -8.90932 2.54554 33.5892 -0.90246 -13 762 1 0 1
3.0177 -0.400821 25.4558 10.374 7.08149 60.0195 1.32267 -13 763 1 0 1
1.92165 0.277415 25.4558 2.8826 3.42761 70.5155 -2.53528 -13 764 1 0 1
-1.11896 -0.889665 25.4558 -3.10586 -6.40071 64.6449 -0.49704 -13 765 1 0 1
-3.07199 -4.67799 25.4558 -1.43455 -9.49655 21.3462 -1.08081 -13 766 1 0 1
-0.263813 0.0852206 25.4558 0.466105 -2.69242 58.6282 -0.392208 -13 767 1 0 1
2.68321 -5.09411 25.4558 8.46697 -21.2779 64.7988 0.67952 -13 768 1 0 1
-1.09708 1.50412 25.4558 3.20677 -2.15153 39.5121 0.165648 -13 769 1 0 1
-1.0694 2.45754 25.4558 -8.95978 -7.98002 70.2143 -0.98935 -13 770 1 0 1
-1.65361 -4.19854 25.4558 1.62574 -12.6835 36.7078 -0.629752 -13 771 1 0 1
0.564898 0.370795 25.4558 6.22006 -2.24702 55.596 -0.126523 -13 772 1 0 1
3.87642 -0.321669 25.4558 5.63475 0.706819 76.7432 0.569517 -13 773 1 0 1
-2.60503 -1.92856 25.4558 -6.84234 -2.24251 57.9035 0.997277 -13 774 1 0 1
3.28379 0.0994673 25.4558 13.2355 -4.99448 60.1706 -0.0240665 -13 775 1 0 1
-1.90432 1.30345 25.4558 -3.22822 5.83517 55.0121 2.57597 -13 776 1 0 1
-1.06228 -0.672129 25.4558 -8.07086 -7.25129 66.7582 0.0245788 -13 777 1 0 1
-1.35132 0.710347 25.4558 0.379948 10.0199 46.9258 2.63137 -13 778 1 0 1
-2.71756 -1.15742 25.4558 -14.8925 -4.06506 66.5365 1.74359 -13 779 1 0 1
1.31009 -0.476219 25.4558 5.46989 -0.609535 67.6172 -0.852992 -13 780 1 0 1
-0.605539 2.07684 25.4558 -4.10044 3.33281 65.9143 -0.0580273 -13 781 1 0 1
-0.281634 -1.93089 25.4558 -2.29852 -7.34372 63.1937 0.561399 -13 782 1 0 1
1.80463 -2.03766 25.4558 8.32168 -4.48115 58.6631 1.03226 -13 783 1 0 1
-3.04088 -3.1376 25.4558 -13.3653 -19.2908 62.2849 -0.817146 -13 784 1 0 1
0.740023 1.73751 25.4558 -9.94362 -7.45835 77.1482 -0.145783 -13 785 1 0 1
1.73269 1.973 25.4558 9.42506 2.02615 47.0129 -0.984896 -13 787 1 0 1
-3.36467 0.129387 25.4558 -13.0406 -2.72463 60.1734 -0.878881 -13 788 1 0 1
3.09437 1.67848 25.4558 7.88821 -2.77113 70.7801 0.489163 -13 789 1 0 1
0.468871 1.07604 25.4558 1.05799 -5.00974 60.1779 2.05872 -13 790 1 0 1
1.67291 -1.48571 25.4558 4.38981 -13.3984 67.3143 -1.36661 -13 791 1 0 1
-0.973688 -0.566122 25.4558 -5.53486 -1.22133 66.6536 2.24391 -13 792 1 0 1
0.5171 1.09888 25.4558 4.48882 -1.77693 53.028 1.8296 -13 793 1 0 1
1.54345 -3.29825 25.4558 3.37093 -9.0745 69.168 0.339765 -13 794 1 0 1
-2.49561 -2.16889 25.4558 -7.85358 -10.0085 55.5036 -2.35714 -13 795 1 0 1
-3.00272 0.665348 25.4558 -7.59669 1.53642 58.3008 -0.0532221 -13 796 1 0 1
-1.57779 1.85114 25.4558 0.505988 -2.04093 48.0342 -0.783621 -13 797 1 0 1
1.45196 3.29021 25.4558 -3.71239 17.5913 73.5226 2.05395 -13 798 1 0 1
-0.47655 2.02646 25.4558 -2.17237 4.75929 62.7767 0.961662 -13 799 1 0 1
-3.29695 -0.0842377 25.4558 -11.1847 6.37452 58.5532 1.24525 -13 800 1 0 1
2.37232 3.15156 25.4558 8.10816 1.41448 68.8631 2.2815 -13 801 1 0 1
-0.252878 -0.557423 25.4558 -3.29562 -8.46647 65.9932 -1.22985 -13 802 1 0 1
2.36941 -1.85823 25.4558 -0.255124 4.5652 75.7601 -1.63156 -13 803 1 0 1
2.86456 -0.301919 25.4558 12.3126 0.922485 49.4693 -0.453483 -13 804 1 0 1
-2.60909 -1.15845 25.4558 -0.71593 -1.59576 21.6316 -0.316069 -13 805 1 0 1
0.235073 0.527316 25.4558 3.16659 -0.258902 56.7332 1.03819 -13 806 1 0 1
-1.71982 -3.46883 25.4558 -8.00943 -9.51995 65.7468 0.444856 -13 807 1 0 1
-7.04215 1.05346 25.4558 -8.98783 2.10703 26.0753 1.46759 -13 808 1 0 1
-2.21532 0.335671 25.4558 -9.96348 0.750801 64.4031 -0.502792 -13 809 1 0 1
0.45922 0.312268 25.4558 -9.04341 -4.06353 76.4086 -0.619008 -13 810 1 0 1
0.855387 -0.0447216 25.4558 0.448743 4.76703 70.3143 -0.160587 -13 811 1 0 1
-4.16242 -2.80228 25.4558 -5.14113 -3.276 38.0292 2.00266 -13 812 1 0 1
0.87434 1.32454 25.4558 4.92338 10.1235 56.218 0.807915 -13 813 1 0 1
-0.328337 -1.44964 25.4558 -0.591645 1.78251 62.6532 0.760668 -13 814 1 0 1
0.74622 1.51731 25.4558 5.46074 7.40471 55.0662 -2.01206 -13 815 1 0 1
2.27556 -0.633427 25.4558 -2.21438 -2.68589 76.8703 1.54247 -13 816 1 0 1
-0.493686 -1.38278 25.4558 3.54156 -9.15021 48.4114 -0.0686713 -13 820 1 0 1
-1.07562 -2.54766 25.4558 1.32215 -1.74647 52.638 -1.70507 -13 821 1 0 1
1.66613 2.97973 25.4558 -14.5928 2.65817 80.1322 0.680168 -13 822 1 0 1
-0.0472432 0.363185 25.4558 3.62693 -3.7552 57.0672 -0.04839 -13 823 1 0 1
-1.19923 -0.87992 25.4558 -5.85649 -4.6351 60.9286 0.318182 -13 825 1 0 1
1.59053 0.94945 25.4558 3.07209 11.7074 66.4633 -1.35032 -13 826 1 0 1
0.189336 -1.66403 25.4558 0.88585 -12.1305 62.1331 2.70244 -13 827 1 0 1
-0.713866 2.14277 25.4558 -3.18288 2.05652 64.4327 -2.41753 -13 828 1 0 1
2.33434 -4.70575 25.4558 8.41309 -16.7675 47.582 0.828672 -13 829 1 0 1
0.288738 -2.05856 25.4558 -0.058826 -10.386 63.9947 -0.123115 -13 830 1 0 1
1.24738 0.428759 25.4558 2.53299 -3.65836 65.7501 2.02416 -13 831 1 0 1
-1.24201 -1.39822 25.4558 -0.951805 -6.95707 55.4537 0.397984 -13 832 1 0 1
0.262108 -2.75099 25.4558 0.930605 -12.3638 60.2837 0.413099 -13 833 1 0 1
-1.49842 -3.45913 25.4558 -4.40467 -7.93124 60.1999 -0.191569 -13 834 1 0 1
1.32703 -2.18637 25.4558 -8.81046 -14.9005 76.7646 -0.89938 -13 835 1 0 1
2.26315 2.21311 25.4558 5.00204 12.5366 65.225 -0.0753758 -13 836 1 0 1
3.27656 -5.78508 25.4558 9.94479 -12.8449 65.575 1.07574 -13 837 1 0 1
2.32902 2.88352 25.4558 3.56662 3.20773 71.5904 -1.28393 -13 838 1 0 1
-1.096 -3.61831 25.4558 0.116948 -6.65777 55.2899 -0.373537 -13 839 1 0 1
-1.88846 0.0132558 25.4558 -6.6394 -2.5097 61.2299 2.46456 -13 840 1 0 1
-3.46925 2.71582 25.4558 -10.4842 3.69024 55.0697 -1.78457 -13 841 1 0 1
0.194888 -1.19277 25.4558 -6.73244 -2.23082 73.2132 -0.930312 -13 842 1 0 1
0.612789 -0.34748 25.4558 -7.52083 -15.5566 72.9795 0.530301 -13 843 1 0 1
-2.97824 2.76349 25.4558 -9.3308 10.397 57.5727 0.929577 -13 844 1 0 1
0.856541 -1.16248 25.4558 4.4834 0.506535 60.1325 1.01995 -13 845 1 0 1
1.34259 -5.2149 25.4558 6.71422 -8.7763 36.022 0.48165 -13 846 1 0 1
1.18846 -5.01442 25.4558 6.17064 -4.32442 57.98 -1.131 -13 847 1 0 1
-1.67772 2.2516 25.4558 -2.49531 2.50744 55.2226 -0.769627 -13 848 1 0 1
-3.52958 -1.94966 25.4558 -9.05833 -3.2395 52.5604 -1.96531 -13 849 1 0 1
3.49839 -3.23233 25.4558 9.85116 -12.4962 67.3889 -0.837886 -13 850 1 0 1
-1.81715 2.6149 25.4558 -5.15941 5.31585 59.3705 -0.437055 -13 851 1 0 1
3.88791 -0.725404 25.4558 5.32548 -1.29777 75.6128 0.55232 -13 852 1 0 1
-1.0693 1.42951 25.4558 -3.66503 5.5329 61.1775 1.12596 -13 853 1 0 1
1.21167 2.47988 25.4558 -1.86167 0.178585 69.7497 -0.778501 -13 854 1 0 1
-1.59001 2.44158 25.4558 -5.50038 9.97426 61.2504 0.161565 -13 855 1 0 1
-3.40277 2.10113 25.4558 -11.9927 -4.6804 57.2246 0.367182 -13 856 1 0 1
0.7061 -4.76027 25.4558 2.19551 -7.97611 65.2768 -0.827945 -13 857 1 0 1
-3.84135 0.896509 25.4558 -19.1688 1.48812 65.0839 -2.35905 -13 858 1 0 1
-1.36012 -1.50206 25.4558 0.206869 -1.52363 55.1628 1.62663 -13 859 1 0 1
-0.535219 0.647379 25.4558 -5.01063 3.77296 67.6107 1.36663 -13 860 1 0 1
1.02023 -0.928678 25.4558 -5.98793 -6.72091 76.7858 -1.77224 -13 861 1 0 1
-0.329515 0.29025 25.4558 -2.06315 5.41598 63.7205 -0.0395382 -13 862 1 0 1
-3.36927 -3.25925 25.4558 -12.6868 -9.0022 58.6217 0.240276 -13 863 1 0 1
-0.934352 -0.533874 25.4558 -2.90794 0.592389 62.5463 -0.566776 -13 864 1 0 1
-1.81996 -2.82646 25.4558 -3.46173 -3.49724 55.1967 1.82262 -13 865 1 0 1
0.128058 1.63036 25.4558 2.26478 13.0756 55.767 -0.017066 -13 866 1 0 1
3.08379 3.0347 25.4558 4.68122 8.70365 74.057 -0.602416 -13 867 1 0 1
1.26686 1.37669 25.4558 -8.84551 0.399785 78.188 -1.58138 -13 868 1 0 1
-4.60537 -3.95399 25.4558 -16.3262 -14.7261 57.4218 -0.637181 -13 869 1 0 1
-0.251889 -0.182715 25.4558 -0.506146 -5.41951 59.8335 0.79598 -13 870 1 0 1
0.570365 -3.46951 25.4558 -0.294219 -17.4551 64.5063 -1.14208 -13 871 1 0 1
-1.18451 -1.54986 25.4558 -7.80264 -2.22037 66.615 -1.07906 -13 872 1 0 1
1.84214 1.54096 25.4558 2.21754 0.614115 71.5351 -1.02942 -13 873 1 0 1
-0.52367 1.43813 25.4558 -5.36136 7.72679 66.5488 2.62735 -13 874 1 0 1
-1.49847 -0.657575 25.4558 -6.40275 -5.43286 62.5939 0.254934 -13 875 1 0 1
2.36946 3.09387 25.4558 0.679049 10.8715 74.4443 0.047624 -13 876 1 0 1
0.990421 -0.183784 25.4558 1.96881 13.5102 68.1894 -1.96113 -13 877 1 0 1
1.34892 0.706005 25.4558 -2.28155 12.3849 72.5566 -3.66117 -13 878 1 0 1
-5.73745 2.84686 25.4558 -10.3283 5.87668 43.704 1.19276 -13 879 1 0 1
1.6995 -1.30077 25.4558 4.56705 -7.69874 68.2453 0.854775 -13 880 1 0 1
-0.0751551 -1.66438 25.4558 2.13637 -6.1341 56.673 1.85492 -13 881 1 0 1
3.48829 3.85279 25.4558 5.95271 17.2449 73.0979 -0.519289 -13 882 1 0 1
3.29361 2.63337 25.4558 8.81 16.2195 62.9288 -0.316889 -13 883 1 0 1
1.1522 0.259022 25.4558 9.92012 3.71768 36.0048 -0.19786 -13 885 1 0 1
3.17636 2.01683 25.4558 0.17555 -5.38387 79.6389 2.37446 -13 886 1 0 1
-2.03342 2.11423 25.4558 -15.0121 6.92753 68.5068 0.539847 -13 887 1 0 1
-0.57007 2.47145 25.4558 2.66051 1.91828 55.6416 0.0567959 -13 888 1 0 1
-1.30626 -1.51349 25.4558 -2.23978 -3.73814 57.1188 -0.609442 -13 889 1 0 1
2.17962 -3.02697 25.4558 5.11489 -15.3571 67.2815 -1.12469 -13 890 1 0 1
-1.26442 -1.04722 25.4558 2.11239 -0.998616 34.4419 -1.15361 -13 891 1 0 1
0.125363 -2.52268 25.4558 -5.10203 -0.527334 71.616 0.455279 -13 892 1 0 1
-3.69946 -0.917131 25.4558 -10.4844 1.8338 58.0758 -1.65692 -13 893 1 0 1
3.42592 -1.66264 25.4558 5.67065 -4.6947 76.0524 -0.0111392 -13 894 1 0 1
-1.35709 -0.549918 25.4558 -16.7527 19.2269 69.8813 1.53128 -13 895 1 0 1
-1.04196 2.60096 25.4558 -8.15718 15.2995 67.7624 -1.66766 -13 896 1 0 1
-1.50143 -1.66925 25.4558 -2.04741 -4.80097 48.794 -1.77269 -13 897 1 0 1
0.0487886 -1.10533 25.4558 1.94034 -0.910608 55.517 -0.695648 -13 898 1 0 1
2.99452 -0.305974 25.4558 12.315 4.08531 60.4897 -0.284876 -13 899 1 0 1
1.5456 2.10827 25.4558 2.46472 0.169735 68.5214 0.581612 -13 901 1 0 1
2.13557 0.597514 25.4558 10.6737 -3.78662 54.1701 0.554287 -13 902 1 0 1
1.5334 -5.44895 25.4558 -3.17324 -9.309 74.3554 1.15821 -13 903 1 0 1
0.891809 1.067 25.4558 3.80968 -3.54909 58.6875 1.92904 -13 904 1 0 1
-0.795959 -0.257495 25.4558 -18.3777 3.3521 76.8172 0.134711 -13 905 1 0 1
-4.39047 -1.70562 25.4558 -11.4248 -3.6427 53.8257 1.25606 -13 906 1 0 1
0.83935 3.88323 25.4558 0.0395485 9.55868 67.5359 0.302139 -13 907 1 0 1
-3.28309 -2.25909 25.4558 -2.88742 -5.58675 36.4208 0.163979 -13 908 1 0 1
1.5411 -3.4961 25.4558 -2.52599 -8.1495 72.8104 0.678715 -13 909 1 0 1
0.13087 -0.925958 25.4558 -4.95781 -5.46486 70.2466 -0.173329 -13 910 1 0 1
-0.896425 4.52042 25.4558 0.587853 15.9055 41.8191 -0.653011 -13 911 1 0 1
1.14994 5.78562 25.4558 3.38906 11.7054 54.5232 -0.818062 -13 912 1 0 1
2.66383 -0.0191461 25.4558 -7.64647 13.7204 78.7045 1.29586 -13 913 1 0 1
-3.6412 -0.94538 25.4558 -20.8472 8.57443 67.8604 0.982221 -13 914 1 0 1
0.803212 -3.23389 25.4558 3.40377 -7.98259 61.2546 -0.873224 -13 915 1 0 1
0.0739973 -0.417507 25.4558 -21.9718 2.60539 77.1642 4.29865 -13 916 1 0 1
-3.13424 1.18001 25.4558 -2.6115 6.54001 40.265 -0.252554 -13 917 1 0 1
-1.71354 1.86606 25.4558 -15.2295 8.32457 70.41 2.01761 -13 918 1 0 1
-0.855259 1.98569 25.4558 -5.08882 2.69743 66.1466 -0.617654 -13 919 1 0 1
0.302492 -1.62796 25.4558 -13.1235 0.303105 78.4682 0.440352 -13 920 1 0 1
0.219721 2.8638 25.4558 5.2707 -2.06552 33.8862 0.318705 -13 921 1 0 1
0.94721 -3.14927 25.4558 -13.5541 -12.3583 79.0852 2.43099 -13 922 1 0 1
-2.25102 0.0580592 25.4558 -7.06957 -0.295912 58.4821 -0.172742 -13 923 1 0 1
0.131312 1.96427 25.4558 -2.94669 2.76179 68.2688 -1.05884 -13 924 1 0 1
-0.658655 1.42557 25.4558 -3.40699 7.51517 62.0735 0.35496 -13 925 1 0 1
0.644378 2.06816 25.4558 -9.42182 4.93039 76.7899 1.36237 -13 926 1 0 1
-0.818021 -2.6823 25.4558 -3.32331 -1.80621 67.727 0.538009 -13 927 1 0 1
0.0219862 -0.414187 25.4558 2.41627 -4.28064 58.0014 -0.25056 -13 928 1 0 1
-0.0463194 -0.0616141 25.4558 -4.55456 -0.736754 70.104 1.32263 -13 930 1 0 1
2.25914 1.10307 25.4558 7.55356 -2.75404 62.7656 1.97775 -13 931 1 0 1
-2.32623 -1.42069 25.4558 -4.14655 -6.32496 51.583 1.86316 -13 932 1 0 1
1.88937 1.40258 25.4558 3.56159 13.1623 68.0431 1.01511 -13 933 1 0 1
0.383422 -0.0123025 25.4558 -7.92196 4.33765 74.1768 -0.568161 -13 934 1 0 1
-2.95199 4.38675 25.4558 -10.1776 16.3986 55.718 0.923401 -13 935 1 0 1
2.49375 -2.41649 25.4558 11.8736 0.146304 60.0812 0.013623 -13 936 1 0 1
0.724308 -2.72591 25.4558 -5.71586 -2.65083 73.1111 -0.227191 -13 938 1 0 1
-1.44826 -0.667 25.4558 -3.78851 -2.22113 61.0563 -0.565968 -13 939 1 0 1
-0.924079 -0.27585 25.4558 -2.17664 3.50486 60.3668 -0.0565886 -13 940 1 0 1
-0.0838042 -1.20932 25.4558 -2.15448 1.7179 66.8378 0.198987 -13 941 1 0 1
3.88279 -0.36165 25.4558 8.98827 -1.98392 71.7476 0.5379 -13 942 1 0 1
1.81624 -1.62874 25.4558 3.76992 -3.42076 67.6431 1.40267 -13 943 1 0 1
-1.98003 -1.56988 25.4558 -2.01053 3.37019 52.478 -0.458091 -13 944 1 0 1
1.31685 1.89421 25.4558 -1.22006 16.5515 70.4102 0.872306 -13 945 1 0 1
-1.87912 1.68062 25.4558 -1.15207 5.17739 44.8025 -0.775012 -13 946 1 0 1
1.83933 -1.40124 25.4558 6.09396 1.36017 65.0329 -1.1934 -13 947 1 0 1
-0.2405 -1.08799 25.4558 3.2653 1.68263 48.9187 1.27594 -13 948 1 0 1
-3.78108 -1.09637 25.4558 -7.34741 -3.43585 53.5523 0.386596 -13 949 1 0 1
-0.962409 2.20628 25.4558 -4.3047 4.86792 65.5173 0.0518098 -13 950 1 0 1
6.40537 -3.16755 25.4558 22.0246 -5.80769 51.3797 0.605276 -13 951 1 0 1
1.15519 -0.658832 25.4558 5.56713 -2.89917 59.7635 2.64945 -13 952 1 0 1
0.388169 -0.926768 25.4558 0.488287 -5.80233 59.4426 0.249495 -13 953 1 0 1
-0.910011 -4.64427 25.4558 0.0782304 -15.4691 54.3083 -0.247833 -13 954 1 0 1
0.834598 1.19812 25.4558 2.74803 -6.5748 60.6496 0.528521 -13 955 1 0 1
-1.73506 2.51334 25.4558 -3.10911 1.58675 54.0126 -0.107947 -13 956 1 0 1
-3.21927 0.286252 25.4558 -9.54473 -6.7272 56.6674 -1.03239 -13 957 1 0 1
1.74711 0.578683 25.4558 -17.4366 -1.33844 78.8457 -0.796294 -13 958 1 0 1
2.95764 -1.06188 25.4558 10.4163 -6.54412 61.3911 0.392372 -13 959 1 0 1
0.35477 1.42446 25.4558 -7.46561 3.17775 73.8858 -2.0168 -13 960 1 0 1
-0.136063 -2.59492 25.4558 4.09384 -4.48054 55.4196 0.176001 -13 961 1 0 1
-0.280983 -0.339516 25.4558 5.66882 -1.47493 34.8142 0.681307 -13 962 1 0 1
4.03771 2.6392 25.4558 11.9389 -5.54663 67.3741 1.98614 -13 963 1 0 1
-0.902471 0.768545 25.4558 -1.25999 0.111773 61.8647 1.94295 -13 964 1 0 1
-0.637784 -1.29693 25.4558 -4.34858 -9.00667 64.1713 1.41217 -13 965 1 0 1
-3.48254 -2.46131 25.4558 -8.2997 -0.0920337 53.1726 2.29774 -13 966 1 0 1
0.210341 -1.38017 25.4558 5.39761 -0.931326 54.0081 0.56577 -13 967 1 0 1
-5.05063 0.949086 25.4558 -20.8479 -1.20516 59.8697 -1.0368 -13 968 1 0 1
-0.74757 -1.07261 25.4558 3.86873 -6.27269 49.8292 0.576429 -13 969 1 0 1
1.80438 -0.885966 25.4558 5.47059 -8.22061 64.2477 -0.0671712 -13 970 1 0 1
1.58098 -1.65557 25.4558 4.31648 2.96557 68.3805 -1.13242 -13 971 1 0 1
-3.60171 1.28401 25.4558 -2.29395 7.3731 29.8782 -0.937433 -13 972 1 0 1
-2.82535 -1.64835 25.4558 -1.94674 -0.896151 32.7881 -0.789719 -13 973 1 0 1
-0.780472 1.0014 25.4558 -6.49409 5.38778 68.831 -0.600375 -13 974 1 0 1
-0.508916 -2.62034 25.4558 -9.75245 2.2488 73.6036 1.67739 -13 975 1 0 1
-2.31288 -4.04026 25.4558 -8.26845 -10.8292 59.6681 0.397023 -13 977 1 0 1
-0.64806 0.317995 25.4558 -10.2466 -3.60932 70.6698 -1.39974 -13 979 1 0 1
-6.08312 0.0770783 25.4558 -20.4112 -2.02037 52.6876 -1.3737 -13 980 1 0 1
-1.2284 -0.917656 25.4558 -6.75256 -11.5699 61.7676 -0.652187 -13 981 1 0 1
0.478746 3.65022 25.4558 1.57399 9.29464 64.0825 -0.638692 -13 982 1 0 1
-0.0265989 -1.7273 25.4558 -6.91085 6.44595 71.2675 -0.287942 -13 983 1 0 1
9.02805 -4.97439 25.4558 19.3246 -7.6292 31.8633 1.2901 -13 984 1 0 1
0.169493 1.52075 25.4558 2.19893 7.54147 59.7216 0.915392 -13 985 1 0 1
-2.22844 -1.64353 25.4558 -8.3296 -3.84102 60.654 -0.271009 -13 986 1 0 1
0.434503 -3.53064 25.4558 1.79896 -16.3293 59.7244 0.472691 -13 987 1 0 1
-4.6383 4.78677 25.4558 -3.55429 3.78191 17.551 0.0219921 -13 988 1 0 1
1.09579 -2.37073 25.4558 1.21324 -6.54615 69.7434 1.10724 -13 989 1 0 1
-0.00790822 0.83129 25.4558 -4.07847 -7.54871 69.518 0.319982 -13 990 1 0 1
-3.2243 3.72341 25.4558 -5.89875 5.95353 50.6612 -2.17569 -13 991 1 0 1
-3.97202 2.49856 25.4558 -3.57471 4.57097 40.9135 0.902324 -13 992 1 0 1
-0.672311 -2.4245 25.4558 5.26041 -5.97405 49.6803 1.67521 -13 993 1 0 1
3.38635 -9.84215 25.4558 11.3626 -20.108 43.4188 -0.724611 -13 994 1 0 1
1.12216 -0.239489 25.4558 3.79132 1.55135 64.2417 -1.76019 -13 995 1 0 1
-1.22329 0.303536 25.4558 -9.14361 0.302017 68.1935 0.250419 -13 996 1 0 1
-2.93793 -0.304813 25.4558 -4.87029 0.0608388 46.0311 2.46066 -13 997 1 0 1
1.38822 -0.901178 25.4558 7.16694 -1.49268 56.5129 0.0200621 -13 999 1 0 1
-2.33113 -1.32332 25.4558 -2.88554 -4.09715 47.3801 -0.498515 -13 1000 1 0 1
