#BLTrackFile NTuple/Z25
#x y z Px Py Pz t PDGid EventID TrackID ParentID Weight
#mm mm mm MeV/c MeV/c MeV/c ns - - - - -
-0.18749 -2.90412 25.4558 -8.53112 -7.66657 72.3429 -1.03939 -13 1 1 0 1
4.89856 3.91665 25.4558 6.22953 -1.68091 80.7986 0.074235 -13 2 1 0 1
1.11936 -0.33486 25.4558 -2.05748 -2.38603 71.6607 1.01582 -13 3 1 0 1
-0.0010243 -2.33862 25.4558 -13.5942 -2.39876 77.3115 0.468554 -13 4 1 0 1
-2.6893 1.09385 25.4558 -8.37616 -2.52335 60.9896 0.609589 -13 5 1 0 1
0.613532 -1.30395 25.4558 -5.81538 -0.684041 75.2293 -0.658156 -13 6 1 0 1
-0.318793 -1.95405 25.4558 1.59605 -4.93467 61.5573 -0.772109 -13 7 1 0 1
-4.39392 -1.24006 25.4558 -7.87484 5.92774 46.3977 0.0515235 -13 8 1 0 1
2.20371 2.08837 25.4558 7.99139 10.5582 63.1745 1.22411 -13 9 1 0 1
1.03077 -2.38414 25.4558 4.66243 -4.25135 66.8266 0.808532 -13 10 1 0 1
2.73785 2.60587 25.4558 4.83565 9.69647 71.672 -0.402229 -13 11 1 0 1
-1.67761 -1.35952 25.4558 -4.37829 -10.0217 59.9696 1.80367 -13 12 1 0 1
1.37207 3.08272 25.4558 8.48986 5.72498 38.9091 -0.741426 -13 13 1 0 1
3.68688 -3.56121 25.4558 12.4098 -5.4754 67.2508 -1.40919 -13 14 1 0 1
1.66456 -2.43181 25.4558 5.9546 -8.8847 67.1524 1.5989 -13 15 1 0 1
6.64615 -4.71737 25.4558 21.1356 -19.2867 54.0515 2.26158 -13 16 1 0 1
-0.726333 1.81472 25.4558 -2.93034 12.0205 63.771 -0.537025 -13 17 1 0 1
-2.66008 -1.16809 25.4558 -3.45189 -8.66619 52.2763 1.5203 -13 18 1 0 1
-2.76294 0.594882 25.4558 -14.6704 6.69294 64.2299 0.243265 -13 19 1 0 1
0.899489 -2.72414 25.4558 3.17822 -8.67456 64.3068 3.07357 -13 20 1 0 1
-2.19982 -1.12625 25.4558 -3.35549 5.43539 57.0217 -1.06872 -13 22 1 0 1
-4.5279 5.16993 25.4558 -6.24783 12.6418 40.6548 0.627646 -13 23 1 0 1
-3.56129 2.60968 25.4558 -8.531 9.60155 53.8461 0.816048 -13 24 1 0 1
2.58241 -2.32676 25.4558 5.95258 -1.6859 70.7537 0.418471 -13 25 1 0 1
0.555721 0.449065 25.4558 0.648538 3.44059 68.6161 -0.00392192 -13 26 1 0 1
0.780402 -3.19896 25.4558 1.58559 0.166283 66.784 1.58493 -13 27 1 0 1
1.87619 -2.71919 25.4558 1.17223 -11.4299 73.1893 0.386426 -13 28 1 0 1
-0.232275 0.121606 25.4558 -3.75345 7.81683 66.9907 1.14218 -13 30 1 0 1
1.01985 -0.486843 25.4558 -2.58218 2.60229 72.0589 -0.144605 -13 31 1 0 1
-1.45624 0.608446 25.4558 -4.2206 3.11441 62.5554 -0.362402 -13 32 1 0 1
-1.4987 -2.36209 25.4558 2.85575 -1.36421 26.2326 1.06087 -13 33 1 0 1
-2.33821 -1.41258 25.4558 -11.4596 -0.243927 65.6446 -0.484786 -13 34 1 0 1
-3.61676 -4.13135 25.4558 -21.9473 -13.4471 68.9011 2.32188 -13 35 1 0 1
0.3635 -0.82718 25.4558 0.945241 6.95362 66.3408 -0.978835 -13 36 1 0 1
2.48114 -0.56651 25.4558 -1.06152 -8.85935 79.8729 -1.32622 -13 37 1 0 1
0.072559 -1.81519 25.4558 2.36433 -11.1589 60.1027 1.57931 -13 38 1 0 1
-1.53801 1.79572 25.4558 -2.69718 6.10527 52.0129 0.887437 -13 40 1 0 1
2.16481 4.40772 25.4558 8.37816 13.3742 61.1222 -0.0284447 -13 41 1 0 1
0.337928 1.64729 25.4558 -2.53779 -1.45245 68.3754 1.37884 -13 42 1 0 1
0.929033 -0.496077 25.4558 -14.9238 -3.6233 78.5338 0.437824 -13 43 1 0 1
0.108074 1.28076 25.4558 4.9104 1.34639 56.5994 0.768733 -13 44 1 0 1
1.25378 -1.92686 25.4558 0.752985 -7.76596 68.0572 0.523644 -13 46 1 0 1
0.33412 4.73006 25.4558 2.36298 8.15803 59.9261 1.0518 -13 47 1 0 1
-0.439979 -0.911014 25.4558 -5.61195 7.41495 67.0513 0.819218 -13 48 1 0 1
1.51876 -0.923433 25.4558 2.02992 -20.2745 68.0364 -0.426305 -13 49 1 0 1
-0.434241 -1.421 25.4558 6.8471 -1.13992 43.1666 -0.537707 -13 50 1 0 1
1.2952 2.55811 25.4558 -2.93759 3.14462 72.8926 -0.175596 -13 51 1 0 1
-1.72275 2.6041 25.4558 -1.46093 12.065 55.3397 0.203325 -13 52 1 0 1
0.712274 2.15241 25.4558 7.92999 4.16425 56.6817 -2.23217 -13 53 1 0 1
-0.714059 3.61775 25.4558 5.22157 6.44716 43.2611 0.13583 -13 54 1 0 1
0.362114 -0.343059 25.4558 -4.84482 -5.89479 70.7578 1.02211 -13 55 1 0 1
4.02492 2.07621 25.4558 15.1054 8.37057 60.3926 -0.859301 -13 56 1 0 1
-0.160236 -0.622989 25.4558 0.937034 3.28988 63.7634 -0.292297 -13 58 1 0 1
0.959027 -2.08326 25.4558 1.18556 -9.33504 67.7897 2.07395 -13 59 1 0 1
1.27891 1.96346 25.4558 7.88819 13.6566 56.6806 0.371861 -13 60 1 0 1
-0.663337 0.56053 25.4558 -1.8697 6.90606 63.0316 -0.731771 -13 61 1 0 1
1.34754 -1.31253 25.4558 2.01287 2.92264 70.2496 -0.43765 -13 62 1 0 1
-0.135449 -1.83428 25.4558 4.04816 -4.89324 35.5875 0.274251 -13 63 1 0 1
-0.199473 -0.617017 25.4558 1.278 0.0241847 60.2914 0.248821 -13 64 1 0 1
1.31358 1.23434 25.4558 4.47602 1.30188 65.84 -1.3348 -13 65 1 0 1
0.879586 0.740054 25.4558 -0.960692 0.968326 71.5152 0.56201 -13 66 1 0 1
0.472959 -2.07057 25.4558 4.59246 -1.85056 61.5446 -0.567541 -13 67 1 0 1
-0.495193 4.87529 25.4558 3.84494 11.0436 53.5179 -0.846745 -13 68 1 0 1
-1.01124 -1.3916 25.4558 -2.68832 -7.25342 63.0606 0.105351 -13 69 1 0 1
1.87437 1.40246 25.4558 -5.72705 -10.4909 80.1271 0.339708 -13 70 1 0 1
-1.27996 2.33064 25.4558 -0.0314086 1.26544 60.8015 -1.34899 -13 71 1 0 1
2.55834 4.89438 25.4558 8.71389 11.5428 64.2119 1.22762 -13 72 1 0 1
0.761827 1.18123 25.4558 -5.24821 -4.04707 74.1714 -0.798966 -13 73 1 0 1
0.317637 2.02109 25.4558 4.2209 8.66075 58.642 0.374969 -13 74 1 0 1
2.5486 2.17793 25.4558 2.14516 5.50047 74.9022 -2.74634 -13 75 1 0 1
5.84079 0.728316 25.4558 7.0394 2.06225 79.516 -1.60264 -13 76 1 0 1
0.0176363 1.83412 25.4558 2.47247 -3.19908 57.6183 2.50185 -13 77 1 0 1
-1.41725 1.26217 25.4558 -3.82617 0.128944 60.0557 -0.643306 -13 78 1 0 1
0.934981 -0.35656 25.4558 3.41141 -3.2139 63.0326 1.55585 -13 79 1 0 1
2.10846 -2.71539 25.4558 2.11897 -5.57005 72.5995 0.17031 -13 80 1 0 1
2.04605 -0.91697 25.4558 2.59332 11.3861 69.9278 0.201001 -13 81 1 0 1
-0.19518 -0.354225 25.4558 2.09681 2.99591 62.8259 1.34093 -13 82 1 0 1
-0.123775 -1.31439 25.4558 -3.76398 1.85383 70.6597 0.149202 -13 83 1 0 1
-3.11658 -0.252881 25.4558 -14.2061 -2.62011 62.1266 0.275674 -13 84 1 0 1
2.31825 1.03749 25.4558 3.18648 1.20992 75.8855 1.27323 -13 85 1 0 1
1.50848 1.72776 25.4558 3.5265 -7.61923 68.1206 -0.0495944 -13 86 1 0 1
-1.80642 -1.92452 25.4558 0.858706 -10.0095 50.4929 0.981761 -13 87 1 0 1
-0.286828 -1.60737 25.4558 -3.95598 -5.92772 68.2006 -0.266901 -13 88 1 0 1
1.02351 -2.1217 25.4558 4.04226 -1.28041 62.3225 -0.436165 -13 89 1 0 1
0.581515 1.36724 25.4558 2.20925 4.01436 65.8981 -0.0427232 -13 90 1 0 1
-2.24546 -0.387703 25.4558 -7.69278 -3.427 64.0628 1.01815 -13 91 1 0 1
0.431278 0.576968 25.4558 7.6103 2.45332 55.0491 0.127097 -13 92 1 0 1
0.327333 1.06348 25.4558 5.30459 -0.990815 58.9532 0.977249 -13 93 1 0 1
0.00361154 5.36682 25.4558 3.57812 17.8964 52.7958 -1.1953 -13 94 1 0 1
1.94916 -0.342731 25.4558 4.42871 1.83878 70.5288 0.210018 -13 95 1 0 1
0.551439 0.534274 25.4558 2.73091 9.4029 61.0264 -1.66329 -13 96 1 0 1
-1.53075 -2.88937 25.4558 0.32897 0.109641 57.2889 -0.889566 -13 97 1 0 1
0.448937 -2.34059 25.4558 0.440555 -1.76048 67.5503 0.586493 -13 98 1 0 1
-0.646726 2.45033 25.4558 -2.37102 10.2391 63.0598 0.654294 -13 99 1 0 1
2.22077 -2.5071 25.4558 6.83745 -0.772065 67.5039 -0.717814 -13 100 1 0 1
3.24269 1.06257 25.4558 10.152 -0.544092 67.9981 -0.516243 -13 101 1 0 1
1.77758 0.842393 25.4558 3.95166 1.96201 67.3644 0.0695479 -13 102 1 0 1
3.15372 -1.54177 25.4558 12.1634 7.34458 60.5741 -2.29132 -13 103 1 0 1
1.69658 2.13117 25.4558 4.89336 2.7126 67.3073 -0.14899 -13 104 1 0 1
-1.62451 -1.59478 25.4558 -2.93346 8.21189 60.3401 -1.30548 -13 105 1 0 1
-2.2861 -0.554853 25.4558 -7.7138 -2.3557 60.0939 0.433147 -13 106 1 0 1
1.30631 -1.41622 25.4558 0.285913 -7.34565 70.3485 -0.8939 -13 107 1 0 1
2.29912 -0.669564 25.4558 9.80677 7.88982 62.8321 -0.653627 -13 108 1 0 1
1.54055 0.258227 25.4558 5.51925 3.06326 67.8595 1.15206 -13 109 1 0 1
0.669593 0.0421657 25.4558 -6.19912 2.42838 72.4811 -0.102082 -13 110 1 0 1
1.09003 -2.48113 25.4558 -6.26637 -2.37744 77.1717 -0.139717 -13 111 1 0 1
1.95334 1.16062 25.4558 7.27026 -1.48477 56.1568 -1.69499 -13 112 1 0 1
0.531356 1.55582 25.4558 6.10295 4.14464 55.0754 0.934417 -13 113 1 0 1
1.53951 -1.10164 25.4558 7.01595 -6.71125 63.0578 0.0928084 -13 114 1 0 1
0.584465 1.19737 25.4558 8.22616 2.14554 49.4585 -0.0108646 -13 115 1 0 1
-0.185133 -0.539217 25.4558 -8.70262 -3.22674 72.5567 0.668255 -13 116 1 0 1
0.14701 -0.0485784 25.4558 2.59545 4.25279 55.0816 -0.196457 -13 117 1 0 1
-0.963403 2.99242 25.4558 4.32843 -1.59456 48.1936 -0.26837 -13 118 1 0 1
0.866634 -0.22731 25.4558 -0.805653 3.43523 70.6769 0.655313 -13 119 1 0 1
-2.91012 -0.363813 25.4558 -5.70306 1.57118 49.8789 -0.0281286 -13 120 1 0 1
1.33887 -4.3178 25.4558 5.85063 -6.77046 60.9505 1.67772 -13 121 1 0 1
0.836219 -1.65914 25.4558 -6.66156 -2.90912 77.0278 0.773298 -13 122 1 0 1
0.87738 -3.23091 25.4558 -0.660811 -11.35 70.7578 0.900667 -13 123 1 0 1
3.05679 -0.198505 25.4558 14.5956 1.95026 56.8809 0.443665 -13 124 1 0 1
-3.14954 -2.97238 25.4558 -11.1071 -12.882 58.9763 -1.37735 -13 125 1 0 1
2.01236 2.08641 25.4558 -4.90286 -3.14238 79.0083 1.09176 -13 126 1 0 1
0.835257 3.43445 25.4558 5.02193 7.37265 60.1551 -0.951883 -13 127 1 0 1
0.392547 0.97726 25.4558 1.88281 -4.96694 64.8743 0.470546 -13 128 1 0 1
3.43264 1.28425 25.4558 14.8198 6.45349 57.6042 -0.329494 -13 129 1 0 1
0.955714 -2.80114 25.4558 8.75894 -1.10657 49.93 0.736792 -13 130 1 0 1
1.77327 0.506929 25.4558 2.30128 2.33216 69.0753 -0.325814 -13 131 1 0 1
-1.14153 1.3683 25.4558 -12.8504 3.32255 72.8724 1.43011 -13 132 1 0 1
2.19899 0.559218 25.4558 9.44331 -0.282208 63.6793 -1.19663 -13 133 1 0 1
3.91904 0.61523 25.4558 7.9144 1.63055 75.4484 0.532056 -13 134 1 0 1
2.14102 2.41187 25.4558 3.22233 1.04374 70.1645 0.979436 -13 135 1 0 1
2.5716 2.78588 25.4558 12.7798 3.46003 55.0486 0.171992 -13 136 1 0 1
-1.04295 -0.270298 25.4558 -3.50801 -3.71821 63.1794 1.63294 -13 137 1 0 1
-1.26569 2.55252 25.4558 -1.54054 11.6107 55.5316 0.424861 -13 140 1 0 1
-0.541839 -0.00581163 25.4558 3.19509 7.14467 52.6128 0.0037577 -13 141 1 0 1
2.78271 -0.702684 25.4558 10.755 5.5572 64.188 2.0377 -13 142 1 0 1
-1.10905 -0.293585 25.4558 -9.6147 -3.9596 70.8927 -0.742079 -13 143 1 0 1
3.27709 1.11456 25.4558 8.77963 -0.799121 71.7145 3.02279 -13 144 1 0 1
1.37636 -4.77181 25.4558 7.53599 -14.8598 55.84 1.80425 -13 145 1 0 1
2.52397 -2.48901 25.4558 8.87271 -3.26341 65.9538 0.329196 -13 146 1 0 1
-0.0491073 -0.431373 25.4558 -0.332063 -2.16545 65.5401 -1.10393 -13 147 1 0 1
-0.503166 -4.01372 25.4558 -6.38607 -7.70971 69.5444 0.351371 -13 148 1 0 1
2.23623 2.55444 25.4558 9.3764 6.67474 55.9404 -0.40568 -13 149 1 0 1
1.53674 2.02415 25.4558 5.24034 11.7187 65.3559 -0.080075 -13 150 1 0 1
0.922776 -2.21634 25.4558 5.87483 -11.3267 56.3388 1.27513 -13 151 1 0 1
0.660154 -0.19019 25.4558 2.88393 -2.27334 64.5503 2.20041 -13 152 1 0 1
-0.191022 0.42142 25.4558 -3.12247 -8.40603 67.7909 -0.414629 -13 153 1 0 1
1.09802 -1.71829 25.4558 -8.73034 -9.53486 77.9215 -2.02143 -13 154 1 0 1
-1.05978 0.897033 25.4558 -6.26027 0.364417 66.9127 -1.38918 -13 155 1 0 1
2.26374 -2.75056 25.4558 12.1957 -3.47009 45.4689 -0.501901 -13 156 1 0 1
-0.816761 -1.16943 25.4558 -2.00301 1.19098 62.5777 -0.0482982 -13 157 1 0 1
2.99987 2.49581 25.4558 -2.9559 3.00543 79.404 1.37443 -13 158 1 0 1
-2.23722 3.07674 25.4558 -3.35051 6.40457 56.4181 -0.611091 -13 159 1 0 1
4.11131 -0.183472 25.4558 14.7986 -0.0458219 62.7567 0.025923 -13 160 1 0 1
3.69484 1.84405 25.4558 10.3556 -1.84505 70.2521 1.60354 -13 161 1 0 1
-4.07566 1.32609 25.4558 -5.04172 2.57249 40.8196 -0.547086 -13 162 1 0 1
-0.131309 -0.558581 25.4558 -5.20443 7.47975 70.1744 -1.67516 -13 163 1 0 1
2.51665 -0.782049 25.4558 8.52674 -10.916 65.254 0.0810202 -13 164 1 0 1
-6.91402 -0.45762 25.4558 -8.01009 -4.13132 27.4758 2.1393 -13 165 1 0 1
-3.14874 -0.169247 25.4558 -18.8669 -1.74269 68.9348 -0.203921 -13 166 1 0 1
2.07167 2.58949 25.4558 9.06232 10.482 61.7031 0.617536 -13 167 1 0 1
2.44822 0.923086 25.4558 -6.52753 9.45089 78.631 1.13075 -13 168 1 0 1
2.91899 -0.46061 25.4558 12.254 -6.35826 57.1373 -0.266608 -13 169 1 0 1
-0.640331 -0.113589 25.4558 -5.95342 -4.06236 67.5839 -0.64673 -13 170 1 0 1
4.01277 -4.17993 25.4558 14.491 -3.37742 40.1309 0.718231 -13 171 1 0 1
-0.786777 2.46403 25.4558 1.26555 3.28015 57.0217 -0.381075 -13 172 1 0 1
2.20223 -0.412742 25.4558 12.0107 -3.30483 58.559 0.152241 -13 173 1 0 1
1.72588 3.72235 25.4558 5.26235 3.4019 68.8697 0.259332 -13 174 1 0 1
-3.19424 0.0264952 25.4558 -3.05841 -5.8638 48.268 -0.18036 -13 176 1 0 1
3.07298 -2.28005 25.4558 13.317 -7.7883 50.1547 -0.383103 -13 177 1 0 1
-0.449985 -2.18481 25.4558 3.75506 -3.5349 52.7912 -0.589237 -13 178 1 0 1
3.10429 -1.35691 25.4558 8.57973 -14.2008 68.5468 -0.739171 -13 179 1 0 1
0.752497 -2.46938 25.4558 6.85209 -6.64975 52.1914 1.53565 -13 180 1 0 1
-2.9701 -0.799015 25.4558 -1.71881 -2.21067 39.6238 -1.48813 -13 181 1 0 1
-4.12145 -0.0663624 25.4558 -4.4495 2.36392 41.0215 -0.923032 -13 182 1 0 1
0.698752 0.183078 25.4558 8.94424 9.28758 42.5407 -0.00863969 -13 183 1 0 1
-3.3733 0.98769 25.4558 -11.0568 -3.82508 56.2822 0.0107218 -13 184 1 0 1
-1.45171 -0.31246 25.4558 -2.6885 -7.13713 60.3663 -0.782274 -13 185 1 0 1
-0.383502 0.677623 25.4558 4.59503 5.2043 42.044 -0.6755 -13 186 1 0 1
2.01297 -2.50101 25.4558 4.41714 1.60976 71.5062 1.15069 -13 188 1 0 1
0.718123 -0.738022 25.4558 -11.6823 -5.56862 79.1771 0.201385 -13 189 1 0 1
-2.38993 0.755219 25.4558 -5.51694 3.94958 59.8226 1.90463 -13 191 1 0 1
2.74135 -1.39441 25.4558 -3.79818 5.78037 80.1219 0.867812 -13 192 1 0 1
-3.91637 1.30639 25.4558 -4.1363 -3.13877 39.3359 -1.05794 -13 193 1 0 1
1.38856 1.67701 25.4558 2.25721 14.1619 69.0469 -0.240432 -13 194 1 0 1
-0.191578 -0.179514 25.4558 1.73494 -0.182131 60.4752 2.25906 -13 195 1 0 1
5.31405 1.87556 25.4558 3.94092 -4.44778 80.5009 2.59488 -13 196 1 0 1
-1.51637 2.54209 25.4558 -4.74237 8.75848 63.0871 -0.919953 -13 197 1 0 1
2.17508 -0.105879 25.4558 10.745 0.264916 49.4357 -0.618797 -13 198 1 0 1
-3.32723 5.93836 25.4558 -7.68991 12.0285 57.0871 -1.6091 -13 199 1 0 1
-2.00912 -2.0391 25.4558 -2.7352 -3.03223 51.0711 0.648809 -13 200 1 0 1
-1.78929 -0.0671119 25.4558 -12.4373 -5.60073 69.0399 0.327458 -13 201 1 0 1
-0.739618 5.93575 25.4558 -0.779662 16.4914 57.9092 -0.855077 -13 202 1 0 1
-0.44626 1.39914 25.4558 -0.75219 -0.382862 62.2629 0.268196 -13 203 1 0 1
-0.951346 2.67201 25.4558 1.64018 0.706399 50.1609 1.40532 -13 205 1 0 1
-0.744413 1.08205 25.4558 -22.6977 1.68546 74.7192 0.219412 -13 206 1 0 1
-2.67774 -2.62774 25.4558 -6.34081 -10.0589 57.2473 -1.0722 -13 207 1 0 1
-2.70351 0.178704 25.4558 -15.3099 2.02774 68.2964 -0.278433 -13 208 1 0 1
-0.746669 1.36993 25.4558 6.16953 4.25427 25.8589 0.00640852 -13 209 1 0 1
2.43915 -0.909731 25.4558 13.3391 0.869876 46.5282 -0.410265 -13 210 1 0 1
2.2362 4.07314 25.4558 10.7047 6.18747 42.0541 0.555616 -13 211 1 0 1
0.711863 3.81854 25.4558 -5.519 17.1648 72.4908 2.10361 -13 212 1 0 1
-3.53782 2.7749 25.4558 -11.1271 6.61568 58.9049 -1.32775 -13 213 1 0 1
1.31771 3.28896 25.4558 -2.11901 9.36061 75.3481 1.04909 -13 214 1 0 1
1.03904 0.573219 25.4558 -2.63852 -10.6615 71.8792 1.75837 -13 215 1 0 1
1.75411 -0.0598553 25.4558 2.40051 0.514981 70.0967 1.16006 -13 216 1 0 1
4.6861 -0.351482 25.4558 17.2744 5.9406 42.9617 -0.98056 -13 217 1 0 1
-1.82943 1.50754 25.4558 -9.41496 5.30273 64.4734 0.194439 -13 218 1 0 1
2.17728 -0.850392 25.4558 0.369569 -3.60408 77.6111 0.0823633 -13 219 1 0 1
1.87273 1.67545 25.4558 2.38252 0.806148 72.2567 2.42339 -13 220 1 0 1
1.40393 1.31543 25.4558 12.2959 -0.277857 54.4624 0.989718 -13 221 1 0 1
0.751362 1.8238 25.4558 -2.38322 10.4884 72.3206 -0.742801 -13 222 1 0 1
-1.89887 -1.16778 25.4558 -7.49892 2.26622 61.7777 1.05444 -13 223 1 0 1
-1.80063 -0.872496 25.4558 -5.73839 -0.168497 62.6323 -0.414152 -13 224 1 0 1
0.058729 2.34015 25.4558 4.02092 10.8688 54.1154 -0.246481 -13 226 1 0 1
-0.792567 -1.29167 25.4558 -1.9038 -7.73172 62.4592 0.0838574 -13 227 1 0 1
2.97997 0.472879 25.4558 -0.342379 0.869683 78.5148 -1.84269 -13 228 1 0 1
0.629886 2.56637 25.4558 -5.89755 2.45398 72.8928 0.314007 -13 229 1 0 1
0.0671513 -3.10655 25.4558 5.81761 -8.60089 45.9102 -0.326704 -13 230 1 0 1
4.95655 1.48054 25.4558 17.0555 15.1569 64.0933 1.29533 -13 231 1 0 1
1.57344 2.08037 25.4558 6.7747 7.06425 62.3698 0.913075 -13 232 1 0 1
-1.66701 0.297335 25.4558 -8.11703 -1.98432 65.4347 -1.40353 -13 233 1 0 1
2.53536 0.556035 25.4558 7.50574 1.92095 67.8826 -0.546572 -13 234 1 0 1
3.19574 0.509115 25.4558 6.02753 -7.32731 74.0651 0.354494 -13 235 1 0 1
-1.62755 0.259326 25.4558 -6.83075 -7.55605 64.9028 1.3424 -13 236 1 0 1
2.32878 -4.1793 25.4558 11.6228 -9.38924 52.8736 0.836004 -13 237 1 0 1
0.0702384 0.768529 25.4558 0.539911 1.57003 63.0636 0.15784 -13 238 1 0 1
-0.782806 -2.55725 25.4558 -9.2026 -0.775243 70.4579 1.3508 -13 239 1 0 1
0.901797 4.48756 25.4558 9.04559 13.8034 44.4011 -0.311317 -13 240 1 0 1
0.462633 0.339273 25.4558 7.67132 1.39933 34.326 0.779705 -13 241 1 0 1
-1.20625 1.3075 25.4558 -1.37492 -3.46427 59.0502 1.90269 -13 242 1 0 1
2.86862 -3.14465 25.4558 9.40099 -6.59181 68.2241 -0.0302526 -13 243 1 0 1
3.21039 1.16767 25.4558 4.59152 5.0384 76.5104 0.758256 -13 244 1 0 1
3.90334 -0.992332 25.4558 11.1708 9.06841 71.0311 -0.607523 -13 245 1 0 1
1.29915 -0.752985 25.4558 0.728556 7.5456 70.779 -0.110094 -13 246 1 0 1
-0.432244 -3.98949 25.4558 -0.611755 -8.59748 60.6863 -0.237876 -13 247 1 0 1
0.144747 -1.65525 25.4558 -1.9201 -5.99136 68.0983 0.765079 -13 248 1 0 1
4.63474 4.01433 25.4558 16.2288 3.726 60.1579 -0.848499 -13 249 1 0 1
2.20046 -2.27579 25.4558 5.17629 -11.0204 68.2103 -1.40263 -13 250 1 0 1
2.62759 7.01281 25.4558 10.6594 12.8277 61.2515 -0.924321 -13 251 1 0 1
2.17105 0.985989 25.4558 10.3334 -0.561454 63.2685 0.3705 -13 252 1 0 1
2.23633 1.37426 25.4558 2.50192 14.2523 71.0062 -1.25337 -13 253 1 0 1
0.603771 1.37962 25.4558 6.22379 7.26331 54.0243 -0.400338 -13 254 1 0 1
2.14197 -0.788336 25.4558 -1.23092 5.16456 77.6054 0.0527567 -13 255 1 0 1
-1.50958 1.05463 25.4558 -1.39769 3.89667 54.044 -0.843612 -13 256 1 0 1
-1.56616 -2.37951 25.4558 2.15563 -10.6095 43.3037 -0.168226 -13 257 1 0 1
0.379963 0.570968 25.4558 0.956246 -1.94911 63.3753 0.22739 -13 258 1 0 1
0.0279771 1.28854 25.4558 5.74856 -1.6302 56.5677 -1.07757 -13 259 1 0 1
0.927484 1.73217 25.4558 -1.37984 -0.375402 72.782 -0.193804 -13 260 1 0 1
-0.745604 1.83394 25.4558 -1.60319 5.93183 60.3039 -1.02573 -13 261 1 0 1
0.545215 -0.349284 25.4558 5.13968 1.28209 63.1491 2.21119 -13 262 1 0 1
2.61464 -1.66304 25.4558 10.6792 -6.07069 62.7252 -1.37295 -13 263 1 0 1
-1.10906 -0.983767 25.4558 0.636343 -3.98167 50.8979 -0.112146 -13 264 1 0 1
2.87249 0.793887 25.4558 11.3165 7.60051 62.7081 0.809311 -13 265 1 0 1
2.118 2.01523 25.4558 5.12215 1.48682 70.7729 0.698126 -13 266 1 0 1
-0.417813 2.88707 25.4558 -1.79784 0.295679 63.7856 -0.188234 -13 267 1 0 1
-0.82576 -0.210999 25.4558 3.54777 4.38691 43.5147 -0.990783 -13 268 1 0 1
1.25509 2.80289 25.4558 -6.62357 0.159743 78.1645 0.589187 -13 269 1 0 1
-0.884272 1.0394 25.4558 -2.82189 -5.36446 63.8095 1.37282 -13 270 1 0 1
4.17275 0.512242 25.4558 7.87379 -7.26872 77.3698 -0.716323 -13 271 1 0 1
0.452322 -1.83994 25.4558 2.57092 -10.2234 62.2735 1.70195 -13 272 1 0 1
-3.51254 1.60178 25.4558 -6.79007 2.60356 54.8763 2.92623 -13 273 1 0 1
1.63264 -0.297311 25.4558 4.87619 7.22894 67.4472 -1.92063 -13 274 1 0 1
2.34945 0.560865 25.4558 9.59349 -4.07133 58.9663 -0.184142 -13 275 1 0 1
2.05356 -0.699108 25.4558 12.0749 -5.95975 57.2814 1.29221 -13 277 1 0 1
-3.6244 0.398194 25.4558 -12.6229 1.37621 60.8925 1.67499 -13 278 1 0 1
-1.80881 1.63639 25.4558 -11.2605 -8.26359 68.2733 -2.35695 -13 279 1 0 1
0.990839 1.58992 25.4558 4.48501 1.47196 61.5241 0.353273 -13 280 1 0 1
1.06171 -2.26224 25.4558 0.38972 -3.2801 66.8056 -1.18155 -13 281 1 0 1
-1.42289 1.72349 25.4558 0.0716662 10.5379 48.0329 -0.719285 -13 282 1 0 1
1.29764 -2.99502 25.4558 8.91594 -9.45803 49.8546 -1.49121 -13 283 1 0 1
-2.18111 4.09556 25.4558 -2.63413 3.3984 53.2077 -0.239249 -13 284 1 0 1
-3.19244 0.384894 25.4558 -12.7249 6.49784 61.4927 -0.380381 -13 285 1 0 1
-1.22375 -5.85597 25.4558 -8.06847 -3.96909 69.2389 -1.34337 -13 286 1 0 1
-1.32059 1.87684 25.4558 -0.39341 -0.855542 52.1902 -1.49737 -13 287 1 0 1
2.74038 5.18604 25.4558 -1.38521 34.8812 71.7345 -0.165802 -13 288 1 0 1
1.71254 2.12432 25.4558 -3.29354 11.2291 77.5572 0.569528 -13 289 1 0 1
4.54572 0.419939 25.4558 16.786 -1.66572 42.7643 0.27793 -13 290 1 0 1
3.04519 -1.00333 25.4558 2.93516 -10.1283 74.9216 0.556479 -13 291 1 0 1
0.893961 0.460155 25.4558 -2.74789 6.79446 72.7128 -0.160971 -13 292 1 0 1
-4.94638 -0.110559 25.4558 -11.8245 9.9139 48.6864 2.17267 -13 293 1 0 1
5.83738 -1.22076 25.4558 18.1294 10.2379 68.7966 1.70341 -13 294 1 0 1
-0.704727 1.1911 25.4558 -3.73384 3.18013 65.44 0.18884 -13 295 1 0 1
-2.76562 1.0917 25.4558 -7.03092 3.1392 59.4278 -0.167035 -13 296 1 0 1
2.04736 0.0698367 25.4558 11.0674 -4.38454 53.5264 2.64905 -13 297 1 0 1
1.33667 2.20394 25.4558 3.07482 1.59013 67.4804 -1.75839 -13 298 1 0 1
-5.07567 -0.730385 25.4558 -12.566 8.36657 47.2234 2.85128 -13 299 1 0 1
-1.90436 2.73631 25.4558 -5.8247 3.98471 62.802 -0.665314 -13 301 1 0 1
-1.45581 -0.232934 25.4558 -5.73725 7.66527 63.3322 0.34002 -13 302 1 0 1
-0.199999 -1.78483 25.4558 0.133754 2.62247 62.6791 0.11036 -13 303 1 0 1
0.360171 -0.0652137 25.4558 -0.737569 7.53903 65.9575 0.634327 -13 304 1 0 1
-4.82072 2.19448 25.4558 -8.04623 8.42149 44.5091 1.31106 -13 305 1 0 1
-0.2385 0.395037 25.4558 -2.53911 -4.84403 66.8743 -0.941808 -13 306 1 0 1
1.22525 -1.03732 25.4558 0.213887 -18.9787 67.4838 -1.19791 -13 307 1 0 1
0.901639 -3.04498 25.4558 -3.65206 -13.6012 72.8322 0.183075 -13 308 1 0 1
0.0260427 0.644875 25.4558 -1.67228 3.6094 67.0009 -0.760857 -13 309 1 0 1
3.94312 -0.569435 25.4558 9.37068 -1.7884 71.8899 -0.29843 -13 310 1 0 1
6.60433 6.83131 25.4558 15.2812 19.7695 24.1405 -1.46376 -13 311 1 0 1
-0.390926 -0.411019 25.4558 -7.11077 2.18933 71.5787 -0.0676544 -13 312 1 0 1
-0.0808877 3.05726 25.4558 -6.73568 11.3856 71.9086 1.02871 -13 313 1 0 1
0.299624 1.34635 25.4558 -4.38646 6.47965 68.2004 -0.500572 -13 314 1 0 1
2.17983 -2.36539 25.4558 10.4065 -0.115972 61.8929 -1.37071 -13 315 1 0 1
-0.197827 -4.68016 25.4558 3.69944 -16.6837 51.0384 -1.14447 -13 316 1 0 1
-0.812595 -1.52665 25.4558 -3.34887 -9.24082 64.0536 0.842413 -13 317 1 0 1
1.21665 -1.67998 25.4558 1.71684 -1.87126 69.2735 -1.32938 -13 318 1 0 1
0.968823 -0.702027 25.4558 -2.41236 8.8035 70.2562 2.09828 -13 319 1 0 1
3.66362 0.15068 25.4558 10.5558 1.01581 71.8026 0.675253 -13 320 1 0 1
1.42725 0.385222 25.4558 7.12802 -0.989355 56.946 -1.57972 -13 321 1 0 1
2.85105 0.000584041 25.4558 -8.02603 4.12194 79.7083 1.93901 -13 322 1 0 1
3.96697 -4.89509 25.4558 8.34744 -7.94263 75.1934 0.302234 -13 323 1 0 1
0.670434 1.30551 25.4558 2.27233 6.13102 65.9137 -0.602167 -13 324 1 0 1
2.2312 -0.513428 25.4558 3.63743 -5.28096 72.6155 0.0610916 -13 325 1 0 1
-3.19808 3.62704 25.4558 -12.5213 10.6437 59.435 0.025351 -13 326 1 0 1
-3.16724 -4.48524 25.4558 -6.04523 -19.1923 48.7169 0.262454 -13 327 1 0 1
-2.36703 3.43716 25.4558 -6.70243 -4.20044 59.248 -1.45255 -13 328 1 0 1
0.550355 1.16206 25.4558 -0.716473 10.1073 68.8242 1.16052 -13 329 1 0 1
3.81881 -2.13282 25.4558 6.98075 -2.00191 76.6772 -0.771635 -13 330 1 0 1
-0.753074 4.46922 25.4558 -9.78697 4.54237 71.5984 -1.50436 -13 331 1 0 1
-3.36502 -2.25586 25.4558 -1.74776 -1.16668 28.4199 -1.19194 -13 332 1 0 1
0.493628 0.2519 25.4558 6.51417 4.27434 48.9091 4.10662 -13 333 1 0 1
-1.59083 -1.76492 25.4558 -5.72825 -5.29779 65.7858 0.388624 -13 334 1 0 1
0.658973 -1.24915 25.4558 2.16882 -7.05311 65.6754 0.393497 -13 335 1 0 1
1.46109 -2.84788 25.4558 -0.180798 -10.0282 68.7844 -0.60482 -13 336 1 0 1
8.05974 -3.9474 25.4558 29.6671 -13.3858 57.0507 -2.37714 -13 337 1 0 1
1.7623 0.843346 25.4558 9.29275 -7.8187 53.9837 0.925399 -13 338 1 0 1
-0.908659 -2.94794 25.4558 1.3599 -6.70792 50.4277 0.399892 -13 339 1 0 1
1.59819 0.923838 25.4558 3.94673 8.22688 69.3733 0.258095 -13 340 1 0 1
3.43479 1.89474 25.4558 6.03972 -1.46472 77.6554 0.0123887 -13 341 1 0 1
1.09207 0.28969 25.4558 -3.42328 6.95128 73.5906 0.669963 -13 342 1 0 1
0.254185 0.822784 25.4558 2.08512 -6.94265 62.2831 -0.321952 -13 343 1 0 1
1.47832 -2.26279 25.4558 9.55138 1.90427 49.459 -0.288284 -13 344 1 0 1
0.197495 -0.930467 25.4558 -1.65076 1.61923 69.1299 -0.801471 -13 345 1 0 1
-2.91171 0.225165 25.4558 -12.6609 0.272476 64.7143 0.623615 -13 346 1 0 1
-0.310257 0.246224 25.4558 -3.33811 1.63898 68.5678 -0.79372 -13 347 1 0 1
-1.20154 -1.72663 25.4558 1.75907 6.05562 52.814 -0.475327 -13 348 1 0 1
2.74322 0.605251 25.4558 11.9325 -2.1636 56.1355 0.876762 -13 349 1 0 1
1.06297 -1.84764 25.4558 3.36415 -5.63065 65.297 0.814939 -13 350 1 0 1
0.200228 2.43394 25.4558 -4.02157 6.1547 70.2559 -1.50485 -13 352 1 0 1
-0.382243 2.2707 25.4558 -1.83026 5.68283 66.0016 -0.194118 -13 353 1 0 1
-0.709453 3.71736 25.4558 0.914095 5.99983 54.1651 0.423579 -13 354 1 0 1
0.35301 1.40361 25.4558 -7.82081 8.8398 73.6769 -0.431544 -13 355 1 0 1
1.95779 0.537667 25.4558 9.46875 10.1283 58.99 0.307942 -13 356 1 0 1
-1.17865 -0.894233 25.4558 1.87339 1.3797 42.9189 0.0245793 -13 357 1 0 1
2.36921 0.135564 25.4558 11.5248 8.0796 51.0659 0.619416 -13 358 1 0 1
1.27827 -1.92805 25.4558 7.16844 2.92893 62.2599 0.485686 -13 359 1 0 1
0.236061 -1.23119 25.4558 -7.08446 -4.64717 75.1219 -0.570156 -13 360 1 0 1
3.3241 -0.905698 25.4558 3.17955 2.8253 77.3895 -0.0874168 -13 361 1 0 1
-0.980222 1.83977 25.4558 -4.58689 0.169986 66.0836 -2.75089 -13 362 1 0 1
1.62383 -0.033406 25.4558 -1.90191 6.46271 75.3751 -0.26881 -13 363 1 0 1
0.935966 -2.07761 25.4558 0.640703 -4.59318 65.1277 0.275874 -13 364 1 0 1
-1.48121 0.37363 25.4558 1.07936 6.51088 49.7802 -1.8857 -13 365 1 0 1
1.49759 0.0170768 25.4558 11.1301 -1.30905 45.2252 2.2465 -13 366 1 0 1
1.21448 1.38747 25.4558 10.8864 -3.2009 41.1606 1.31032 -13 367 1 0 1
-0.178117 0.644188 25.4558 -0.541355 7.25933 64.9603 0.582962 -13 368 1 0 1
-0.350423 -1.98522 25.4558 0.942671 -1.00247 60.5947 -1.06447 -13 369 1 0 1
-0.850557 0.758123 25.4558 -10.9113 1.04263 72.1234 0.896885 -13 370 1 0 1
-0.00771826 -1.93077 25.4558 0.505584 -4.18541 66.3602 2.42421 -13 371 1 0 1
-0.870726 0.491034 25.4558 3.17508 -9.33914 53.7836 0.838457 -13 372 1 0 1
-2.07497 -0.561368 25.4558 -8.65507 -5.7646 62.6704 0.732034 -13 373 1 0 1
0.328718 -0.915196 25.4558 -8.89443 0.303675 76.3188 0.669889 -13 374 1 0 1
-0.532522 0.275872 25.4558 -16.1246 7.56593 77.346 -1.35784 -13 375 1 0 1
-0.535585 -3.35234 25.4558 -6.33478 -14.6574 68.4443 0.510428 -13 376 1 0 1
5.43382 -0.282685 25.4558 13.2599 -8.27423 77.6284 1.23014 -13 377 1 0 1
-0.18648 0.850668 25.4558 5.11719 -5.60403 45.4124 2.21033 -13 378 1 0 1
1.95666 -3.01626 25.4558 4.29273 -20.8178 66.0048 0.681173 -13 379 1 0 1
-3.27764 -3.37186 25.4558 -2.45542 -14.6631 42.4209 -0.711775 -13 380 1 0 1
1.47984 -1.90902 25.4558 7.90809 2.96647 59.7959 1.1932 -13 381 1 0 1
3.34464 -1.99731 25.4558 8.37679 -9.83388 72.1918 -0.292895 -13 382 1 0 1
-5.19951 1.36253 25.4558 -12.9959 2.02816 48.5191 1.35764 -13 383 1 0 1
2.4579 2.16588 25.4558 13.033 1.22515 57.9315 -1.31045 -13 384 1 0 1
0.184387 0.953433 25.4558 -0.458271 -4.61465 67.5688 1.817 -13 385 1 0 1
0.482439 0.258402 25.4558 -1.31321 -2.15081 69.9679 1.97432 -13 386 1 0 1
-0.133151 0.736983 25.4558 -6.76615 -1.44944 71.3997 0.168439 -13 387 1 0 1
-0.653899 -0.666234 25.4558 3.10772 -0.0528472 52.1622 -0.726813 -13 388 1 0 1
4.08814 -1.17894 25.4558 17.4559 0.0737295 61.4152 1.07925 -13 389 1 0 1
-1.68904 1.04736 25.4558 -4.95031 1.25048 63.7709 0.790594 -13 390 1 0 1
3.24722 0.813159 25.4558 15.8278 0.303952 50.8497 -0.203964 -13 391 1 0 1
-2.53098 2.35544 25.4558 -3.97538 -1.59339 54.3948 0.246147 -13 392 1 0 1
-0.22555 4.08978 25.4558 -0.724259 10.6158 60.6108 -0.764518 -13 394 1 0 1
0.914666 1.09755 25.4558 -3.97113 14.6299 74.3232 -1.60946 -13 395 1 0 1
3.52581 2.79229 25.4558 13.0125 3.05283 63.4149 -0.107274 -13 396 1 0 1
1.13587 -2.44764 25.4558 5.53685 -4.99354 59.9996 1.30726 -13 397 1 0 1
1.01099 0.0593667 25.4558 1.73601 -3.1117 66.9006 0.908972 -13 398 1 0 1
1.57928 -3.78307 25.4558 0.2272 -11.0061 71.0375 2.09217 -13 399 1 0 1
1.01988 -2.44116 25.4558 3.95177 6.25781 64.8254 0.0182601 -13 400 1 0 1
2.75587 -0.5698 25.4558 5.70736 0.0282805 71.9312 -0.17774 -13 401 1 0 1
-2.68765 0.0351856 25.4558 -7.0367 -2.88606 57.733 -0.253821 -13 402 1 0 1
0.729342 -3.16607 25.4558 -0.349849 -24.3436 67.8476 0.276102 -13 403 1 0 1
1.34809 0.0539131 25.4558 4.27539 -8.31861 66.2521 1.25952 -13 404 1 0 1
-2.0261 -1.31332 25.4558 3.42631 -2.8824 17.9282 -2.40641 -13 405 1 0 1
-0.527654 0.47651 25.4558 -1.41791 -7.98042 60.2839 -0.535308 -13 406 1 0 1
0.0611083 -2.78779 25.4558 -0.506298 -5.83552 66.4039 1.33032 -13 407 1 0 1
2.88565 1.57437 25.4558 13.3757 7.68113 57.0175 1.84806 -13 408 1 0 1
2.298 -0.307049 25.4558 9.59299 -1.4136 64.0182 0.368151 -13 409 1 0 1
0.887743 -1.45961 25.4558 -5.36299 -6.71094 75.9955 -2.52347 -13 410 1 0 1
-2.58929 4.83573 25.4558 0.229773 3.95536 44.0875 0.581085 -13 411 1 0 1
0.438652 -2.05734 25.4558 -0.899767 -9.78739 66.98 1.30855 -13 412 1 0 1
0.643447 2.09946 25.4558 -9.52035 4.92708 78.3738 0.138919 -13 413 1 0 1
-3.41029 -1.949 25.4558 -8.5299 -4.62101 57.9585 1.03617 -13 414 1 0 1
1.61003 1.1241 25.4558 7.99483 7.23606 57.1075 0.387196 -13 415 1 0 1
2.0979 -0.423156 25.4558 8.73885 2.22439 26.6463 4.93925 -13 416 1 0 1
1.02075 -6.39775 25.4558 8.07893 -12.3442 41.2004 -0.0919252 -13 417 1 0 1
0.758848 1.46135 25.4558 -0.859112 -0.397586 69.7535 1.52095 -13 418 1 0 1
3.00198 -0.552823 25.4558 11.8832 -1.21479 63.5752 0.557015 -13 419 1 0 1
1.51264 -0.499117 25.4558 -0.365032 -10.2732 73.5212 -0.389961 -13 421 1 0 1
1.82086 4.52947 25.4558 5.56494 21.1201 63.9573 0.441665 -13 422 1 0 1
-4.6418 -6.87091 25.4558 -8.79077 -11.2443 45.1821 -0.187585 -13 423 1 0 1
2.32783 5.70921 25.4558 14.3725 8.26253 46.713 0.667763 -13 424 1 0 1
-0.165278 -0.0251344 25.4558 0.56997 3.82053 64.264 -0.0162177 -13 425 1 0 1
1.56399 -0.985036 25.4558 -3.03718 4.47986 74.254 -1.37347 -13 426 1 0 1
2.93431 -3.25519 25.4558 10.5216 -5.42522 62.8859 -0.485326 -13 427 1 0 1
-0.92168 0.6015 25.4558 -5.5721 11.4763 64.8788 0.428649 -13 428 1 0 1
2.56223 -1.58058 25.4558 13.1919 -10.133 56.5376 -0.0696858 -13 429 1 0 1
-1.32908 2.78086 25.4558 -12.5633 14.6445 69.4296 -1.65964 -13 430 1 0 1
2.53322 -0.777205 25.4558 0.876532 -5.70403 75.9531 1.94016 -13 431 1 0 1
1.82823 -0.172049 25.4558 5.25452 5.83572 67.8594 1.98815 -13 432 1 0 1
1.22515 -0.0864531 25.4558 -0.300479 -11.8312 69.852 1.42096 -13 433 1 0 1
0.875721 -0.146737 25.4558 5.44436 10.2932 59.2385 0.153163 -13 434 1 0 1
5.11665 1.62678 25.4558 18.1125 2.4801 57.7024 1.09729 -13 435 1 0 1
1.31397 -0.535537 25.4558 2.51579 0.10513 67.5063 -2.27603 -13 437 1 0 1
-1.90031 -0.309378 25.4558 -0.54739 0.0553521 55.2501 1.98067 -13 438 1 0 1
0.496121 -4.1493 25.4558 1.04105 -11.6139 63.0396 -1.09305 -13 439 1 0 1
1.4762 1.01903 25.4558 6.41263 6.94101 61.2169 0.247983 -13 440 1 0 1
-0.124316 0.267752 25.4558 -6.59763 0.146559 71.6402 1.39842 -13 441 1 0 1
-1.05006 -2.65358 25.4558 -4.852 -0.194104 65.7108 -0.106672 -13 442 1 0 1
0.0621372 -1.99649 25.4558 4.25258 3.27946 57.0606 1.06447 -13 443 1 0 1
4.26764 -0.78502 25.4558 13.0588 0.317862 69.4894 1.00957 -13 444 1 0 1
3.02093 1.98088 25.4558 8.68057 -2.92474 69.1858 0.0982782 -13 445 1 0 1
0.964582 -3.34811 25.4558 1.00022 -5.02175 69.8444 -1.52612 -13 446 1 0 1
1.61095 -0.124752 25.4558 8.7738 1.23356 56.9345 -0.418466 -13 447 1 0 1
0.672171 -0.540135 25.4558 -0.94488 3.62741 70.7539 -1.97344 -13 448 1 0 1
-1.03213 0.965352 25.4558 0.383036 -0.522316 52.9805 -0.17143 -13 449 1 0 1
4.04971 2.14876 25.4558 3.71058 1.74775 81.1132 0.111787 -13 451 1 0 1
0.193576 0.0384857 25.4558 0.409416 -2.98187 67.545 1.12048 -13 452 1 0 1
0.526574 -1.20957 25.4558 6.50335 -2.33333 59.8195 -0.312322 -13 453 1 0 1
-3.09074 1.20667 25.4558 -2.61037 2.34806 50.7349 1.36809 -13 454 1 0 1
0.413465 -0.592708 25.4558 6.16368 -8.94696 54.241 0.212861 -13 455 1 0 1
2.16346 1.53082 25.4558 7.314 9.68432 64.3539 -0.610013 -13 456 1 0 1
1.85246 -1.10805 25.4558 11.8822 3.5381 56.4944 0.820105 -13 457 1 0 1
1.60867 -5.61801 25.4558 7.21234 -17.2001 53.4443 -1.07962 -13 458 1 0 1
4.60363 3.47984 25.4558 13.9541 7.2626 73.9595 1.71066 -13 459 1 0 1
-0.239694 -0.628587 25.4558 -3.24301 2.86164 65.5694 -0.131878 -13 460 1 0 1
-1.37695 0.569296 25.4558 -5.93693 8.07305 65.8607 0.37642 -13 461 1 0 1
1.59503 0.00860035 25.4558 7.11113 1.43371 64.9441 -0.262014 -13 462 1 0 1
1.71356 -0.723341 25.4558 3.62263 -1.79931 69.1072 1.50486 -13 463 1 0 1
2.21668 3.89315 25.4558 8.65056 17.0256 60.0787 -0.122404 -13 464 1 0 1
-3.06741 3.91552 25.4558 -2.79301 10.0999 38.5018 -0.815154 -13 465 1 0 1
1.07459 1.33308 25.4558 5.95382 7.91881 56.9663 0.359544 -13 466 1 0 1
0.02256 0.450908 25.4558 7.52713 5.16391 39.2844 -0.120027 -13 467 1 0 1
-0.249802 1.92412 25.4558 4.08781 -3.30592 56.2602 -0.808 -13 468 1 0 1
-1.41354 3.71456 25.4558 0.1939 11.1095 50.4941 0.48223 -13 469 1 0 1
1.52554 -2.7813 25.4558 4.7812 -5.80628 65.0075 -0.428899 -13 470 1 0 1
-0.284778 2.75475 25.4558 4.95668 7.093 49.5541 1.22587 -13 471 1 0 1
0.680037 -3.29762 25.4558 7.89548 -9.11545 42.8569 1.22217 -13 472 1 0 1
-1.35047 -0.744106 25.4558 0.382848 -4.11434 55.2585 -0.581811 -13 473 1 0 1
2.10643 -1.59661 25.4558 10.3383 -6.44834 61.4784 -0.583094 -13 474 1 0 1
1.89893 0.524288 25.4558 3.46454 7.67593 72.2519 1.61378 -13 475 1 0 1
-2.46517 2.13095 25.4558 -8.74855 11.4463 60.8353 0.0356738 -13 476 1 0 1
0.827027 4.44639 25.4558 3.72938 11.7048 66.7927 -1.24342 -13 477 1 0 1
-0.137991 -2.04 25.4558 -1.05108 -5.3304 61.8843 -1.74385 -13 478 1 0 1
0.196276 1.09819 25.4558 4.67119 -0.665468 48.5141 -0.58354 -13 479 1 0 1
1.69342 0.311029 25.4558 9.46156 5.14584 54.6111 0.353067 -13 480 1 0 1
-0.425 -1.43037 25.4558 6.99692 -3.86755 34.2706 0.624922 -13 481 1 0 1
-1.59857 0.0654089 25.4558 2.04546 -7.07837 44.9957 0.436063 -13 482 1 0 1
-1.56728 3.18071 25.4558 -10.5684 10.3209 68.2634 0.842253 -13 483 1 0 1
-1.12843 0.153722 25.4558 -8.21146 -3.74019 67.0305 -1.21246 -13 484 1 0 1
-3.12319 -1.67126 25.4558 -8.56839 -11.0279 56.9405 1.90336 -13 485 1 0 1
0.111739 -1.38209 25.4558 2.3185 -12.9847 58.0668 2.79878 -13 486 1 0 1
4.10465 1.86363 25.4558 12.6301 1.87156 68.0992 0.196729 -13 487 1 0 1
-3.67415 -0.915091 25.4558 -12.4873 -4.25755 60.3569 -0.836755 -13 488 1 0 1
-1.01861 -2.01181 25.4558 2.87607 6.70972 42.4139 1.38796 -13 489 1 0 1
-0.39988 -1.40728 25.4558 -0.857236 -13.3906 62.4675 -1.7553 -13 490 1 0 1
2.05191 1.78792 25.4558 4.26718 -2.5757 70.0204 0.924775 -13 491 1 0 1
0.802669 -0.686378 25.4558 4.17465 5.9239 61.4206 1.23941 -13 492 1 0 1
-1.18325 -0.417798 25.4558 0.169699 -3.44268 59.8309 1.08125 -13 493 1 0 1
-0.838145 0.749049 25.4558 4.47107 -3.49543 37.3162 0.143627 -13 494 1 0 1
-0.745498 5.56341 25.4558 5.69698 4.82255 41.8021 -2.64733 -13 495 1 0 1
0.67991 -3.23418 25.4558 7.54975 -8.67792 43.7069 0.331865 -13 496 1 0 1
1.38999 -0.0304588 25.4558 4.63026 1.40128 64.5135 0.334036 -13 497 1 0 1
-0.119785 1.14676 25.4558 -4.00643 6.81359 68.9887 -0.359896 -13 498 1 0 1
-0.363987 2.50562 25.4558 3.06927 2.17572 52.3371 -0.775141 -13 499 1 0 1
3.7728 1.21243 25.4558 15.9722 -2.87341 50.4274 -1.07959 -13 500 1 0 1
3.5047 2.00759 25.4558 2.71424 4.10046 79.5395 -0.224864 -13 501 1 0 1
-2.51218 2.81544 25.4558 -12.9939 4.67773 65.6871 -1.1037 -13 502 1 0 1
0.626291 -5.81175 25.4558 -0.376289 -14.2449 68.5667 -1.55841 -13 503 1 0 1
0.596333 0.175784 25.4558 -0.452492 4.73709 66.4655 0.356168 -13 504 1 0 1
3.51045 0.0469747 25.4558 16.2974 -0.118412 55.7173 -1.07745 -13 505 1 0 1
1.04424 0.230877 25.4558 -9.58619 -3.71348 78.8459 1.3365 -13 506 1 0 1
1.94398 3.09673 25.4558 9.4704 11.5132 48.9396 0.502945 -13 507 1 0 1
2.29556 -2.98511 25.4558 10.6205 -6.83134 62.8569 1.02772 -13 508 1 0 1
3.79699 -2.19456 25.4558 9.48521 -8.01522 72.2829 0.0752416 -13 509 1 0 1
-2.33567 2.26323 25.4558 -6.51628 7.05573 60.763 1.20488 -13 510 1 0 1
-2.06087 -1.12175 25.4558 -14.2025 0.744626 70.7485 2.1108 -13 511 1 0 1
-1.74971 -1.26137 25.4558 -4.94455 -3.17151 58.6974 -0.359103 -13 512 1 0 1
0.400695 -0.514023 25.4558 5.76323 3.34412 51.5155 1.16159 -13 513 1 0 1
-1.45898 0.0368695 25.4558 -2.82839 0.81971 55.3519 -3.43794 -13 514 1 0 1
-1.9737 -0.336114 25.4558 -11.3522 0.478358 65.8547 -1.39936 -13 515 1 0 1
-1.0652 -1.45524 25.4558 -1.40911 4.53087 56.814 -1.90398 -13 516 1 0 1
1.26582 0.679108 25.4558 -0.363893 -4.5609 72.3612 -1.07724 -13 517 1 0 1
0.564317 -0.572332 25.4558 3.0026 1.28294 65.2743 0.855804 -13 518 1 0 1
0.482372 1.19253 25.4558 -12.0272 1.91017 77.9685 -0.0300814 -13 519 1 0 1
-0.166371 0.206468 25.4558 2.66639 -6.84994 60.7009 2.55898 -13 520 1 0 1
-0.0664 -3.20062 25.4558 -3.79281 -10.0691 69.7923 -1.43461 -13 521 1 0 1
3.16855 1.3767 25.4558 -0.550892 5.16821 80.5656 0.953027 -13 522 1 0 1
-0.676294 2.5755 25.4558 -6.64354 5.3655 69.7888 0.903804 -13 523 1 0 1
0.345033 -4.06798 25.4558 3.38634 -1.01276 62.0682 0.757606 -13 524 1 0 1
-1.14072 3.78621 25.4558 3.72039 8.07283 39.9275 0.681824 -13 525 1 0 1
-0.434818 -2.15341 25.4558 -9.25146 0.457222 71.8044 0.0783492 -13 526 1 0 1
-1.29001 2.74056 25.4558 -3.12839 11.1265 59.2462 1.05564 -13 527 1 0 1
-1.88911 1.20111 25.4558 -1.32173 3.09529 55.1182 2.70909 -13 528 1 0 1
3.91805 -0.730003 25.4558 11.1508 -14.8947 70.01 0.830097 -13 529 1 0 1
0.787272 1.12811 25.4558 2.29115 4.42312 67.2738 -0.57562 -13 530 1 0 1
-0.394164 0.44426 25.4558 2.73078 4.66226 59.0719 1.01802 -13 531 1 0 1
-3.80899 0.817125 25.4558 -8.00513 8.74637 52.7897 1.67566 -13 532 1 0 1
-2.46909 -4.67693 25.4558 -1.46276 -8.82503 30.8382 3.29797 -13 533 1 0 1
2.65687 -0.844837 25.4558 7.25909 -0.487422 70.1897 1.00069 -13 534 1 0 1
1.8308 -0.643632 25.4558 2.7289 12.085 69.3748 -2.79992 -13 535 1 0 1
1.16936 -1.5139 25.4558 7.3796 1.63627 55.2783 -0.889054 -13 536 1 0 1
1.71789 2.89067 25.4558 9.72513 7.63555 62.0743 0.134762 -13 538 1 0 1
-7.95982 6.82574 25.4558 -35.8191 18.3451 57.9757 1.06841 -13 539 1 0 1
5.25132 -1.49619 25.4558 12.8783 -4.03032 76.5039 1.41377 -13 540 1 0 1
0.89191 1.23586 25.4558 -2.21375 11.4898 70.6544 0.979134 -13 541 1 0 1
1.78371 0.0645363 25.4558 5.00015 4.93324 67.737 0.0397577 -13 542 1 0 1
2.42612 0.321051 25.4558 9.42368 -7.10942 66.5675 -0.490996 -13 543 1 0 1
1.31941 -0.0448533 25.4558 5.88969 -2.5353 63.9143 0.451138 -13 544 1 0 1
0.202388 -4.37805 25.4558 -4.71318 -24.6631 68.3007 1.17457 -13 545 1 0 1
-0.0779736 -5.50546 25.4558 3.80885 -14.0819 42.9897 0.504193 -13 546 1 0 1
-0.639304 2.75918 25.4558 1.65589 12.7278 52.0651 -0.685443 -13 547 1 0 1
0.909705 -0.412249 25.4558 3.75889 7.53369 61.5932 2.28903 -13 548 1 0 1
0.74234 -2.8533 25.4558 5.7391 -2.92712 57.9058 2.58801 -13 549 1 0 1
-2.53799 2.28832 25.4558 -14.6741 14.383 66.3516 -2.46764 -13 550 1 0 1
0.173486 -4.86234 25.4558 5.8265 -3.06238 35.953 1.24052 -13 551 1 0 1
-2.80439 -0.178572 25.4558 -7.86874 -4.4022 59.2573 0.250969 -13 553 1 0 1
-1.71323 0.360232 25.4558 -8.67447 -2.69531 65.1929 -0.984787 -13 554 1 0 1
4.35834 2.08271 25.4558 9.7944 9.85641 73.3226 1.27037 -13 555 1 0 1
-1.27738 2.62464 25.4558 -2.40159 7.90826 56.6697 0.51427 -13 556 1 0 1
1.40729 0.448474 25.4558 6.69892 -1.24475 61.6201 2.45394 -13 557 1 0 1
-0.794292 0.225218 25.4558 -2.21968 -4.1975 62.1872 -2.58347 -13 558 1 0 1
-3.93531 1.09806 25.4558 -6.54646 4.45613 46.1812 -1.40786 -13 560 1 0 1
-1.61285 2.35114 25.4558 -11.8185 3.8514 68.7125 1.12616 -13 562 1 0 1
2.88359 0.606637 25.4558 6.58904 -4.17762 70.5862 -0.313013 -13 564 1 0 1
-2.39944 1.18674 25.4558 -4.7139 9.62312 55.5226 1.28478 -13 565 1 0 1
0.175096 0.668462 25.4558 -7.84978 0.117456 73.6607 0.764604 -13 566 1 0 1
-2.58046 -1.79374 25.4558 -3.85672 -2.57933 53.3136 0.215732 -13 567 1 0 1
0.255813 1.06257 25.4558 -3.16974 8.74132 71.1352 0.201285 -13 568 1 0 1
0.427726 -1.04599 25.4558 1.95388 -5.84795 61.81 1.81458 -13 569 1 0 1
-0.925479 -3.07249 25.4558 2.52896 -5.67464 52.5543 -2.39224 -13 570 1 0 1
-1.78433 1.13273 25.4558 1.495 5.89266 26.2725 -0.162593 -13 571 1 0 1
2.15823 -0.163165 25.4558 1.1389 -7.95954 75.438 -0.12147 -13 572 1 0 1
-0.917754 1.52329 25.4558 -6.18696 -3.92519 68.7875 1.96391 -13 573 1 0 1
-0.825244 4.30481 25.4558 -2.06062 22.7383 57.3661 -0.944248 -13 574 1 0 1
1.06385 -0.736774 25.4558 0.186266 -3.44658 69.7614 0.204105 -13 575 1 0 1
0.436406 2.90394 25.4558 -0.934018 3.75428e-05 68.8323 -0.873279 -13 576 1 0 1
1.39463 -3.62972 25.4558 3.65963 -2.66124 65.8139 -1.95383 -13 577 1 0 1
0.249521 2.67154 25.4558 -5.58297 14.0284 72.0522 1.96394 -13 578 1 0 1
2.03508 -3.02181 25.4558 9.8766 -12.8385 61.2332 -0.228503 -13 579 1 0 1
-1.92297 0.0330096 25.4558 -11.0534 7.9252 66.1842 1.4958 -13 580 1 0 1
2.31866 1.70503 25.4558 10.0132 1.2862 62.1372 0.0917878 -13 581 1 0 1
2.75999 -1.0846 25.4558 13.1895 2.61499 47.8045 0.00814111 -13 582 1 0 1
2.21416 0.727546 25.4558 4.459 -0.677133 71.3823 -0.419598 -13 583 1 0 1
2.39036 3.20974 25.4558 7.60013 4.7196 64.388 -0.737905 -13 584 1 0 1
0.750978 -0.282555 25.4558 0.577325 -7.72752 65.2569 -2.03188 -13 585 1 0 1
2.36925 -1.49478 25.4558 4.31776 -11.664 71.3313 2.20491 -13 586 1 0 1
-0.0585866 1.66829 25.4558 -8.89374 16.556 72.5632 0.386813 -13 587 1 0 1
2.27705 -1.2267 25.4558 7.62729 1.22563 66.7258 -2.1013 -13 588 1 0 1
1.25353 1.70426 25.4558 0.731239 3.75852 70.6885 -1.22244 -13 589 1 0 1
-0.771272 -1.12716 25.4558 -11.167 -14.03 73.1508 -0.839663 -13 590 1 0 1
0.709244 -1.34609 25.4558 -8.86766 0.428979 77.8772 2.60931 -13 591 1 0 1
0.338592 0.525758 25.4558 -1.87679 -1.36797 71.5685 -2.5889 -13 592 1 0 1
0.633933 3.13751 25.4558 3.91234 1.34586 64.386 1.96503 -13 593 1 0 1
-1.53115 1.18909 25.4558 -8.1307 -0.618271 63.4363 0.264504 -13 594 1 0 1
1.34951 -2.0247 25.4558 4.75153 -1.36999 63.978 0.609154 -13 595 1 0 1
-0.0474371 -0.204727 25.4558 -16.8246 -2.48576 78.0108 -0.0440316 -13 597 1 0 1
3.32907 -1.58884 25.4558 -0.701728 -11.2829 80.731 -1.68367 -13 598 1 0 1
-2.91169 -0.278146 25.4558 -2.45909 -0.943176 47.4775 -1.5458 -13 599 1 0 1
-0.944472 -2.58137 25.4558 2.42362 -9.06313 50.9277 0.584269 -13 600 1 0 1
1.26062 0.38671 25.4558 5.66304 0.293523 59.5495 1.21717 -13 601 1 0 1
0.601048 -1.83115 25.4558 3.27905 -6.32061 64.5778 0.670256 -13 602 1 0 1
-2.88114 -1.12039 25.4558 -15.3625 -3.45959 66.8396 -1.22519 -13 603 1 0 1
0.392494 0.120635 25.4558 9.16301 -3.72977 47.3338 0.192151 -13 604 1 0 1
-0.696301 -6.73129 25.4558 -0.71404 -20.438 57.7213 0.100347 -13 605 1 0 1
2.98064 -0.168334 25.4558 8.57507 -0.858028 66.8163 2.66567 -13 606 1 0 1
4.63862 1.06471 25.4558 9.18693 15.5366 75.4271 -0.706777 -13 607 1 0 1
-1.38909 -1.66914 25.4558 -13.4731 5.8391 72.2326 0.202602 -13 609 1 0 1
-0.94506 -2.13264 25.4558 -6.57414 6.112 67.1041 -1.62176 -13 610 1 0 1
-1.57854 1.62431 25.4558 -1.06504 -0.995871 54.5586 0.96239 -13 611 1 0 1
3.23872 -0.782242 25.4558 13.1518 4.06948 55.8976 -2.18486 -13 612 1 0 1
1.60482 -2.68685 25.4558 9.2785 -5.97264 38.6707 1.40117 -13 613 1 0 1
0.657622 0.192475 25.4558 3.56197 -6.52889 64.7543 -0.247431 -13 614 1 0 1
-0.78039 1.02803 25.4558 -9.06567 -6.54355 73.1628 0.875511 -13 615 1 0 1
3.28563 0.371496 25.4558 3.86384 7.529 78.37 -0.153433 -13 616 1 0 1
1.27857 -2.91926 25.4558 4.5193 -7.33026 63.928 -0.63348 -13 617 1 0 1
-0.546602 4.59128 25.4558 -0.959322 20.3587 56.8571 -0.96644 -13 618 1 0 1
2.33005 2.9079 25.4558 11.155 14.024 48.6577 0.782843 -13 619 1 0 1
1.45939 0.972562 25.4558 -5.67991 3.36609 77.8601 -2.1456 -13 620 1 0 1
0.424181 -3.58726 25.4558 3.82807 -3.31935 60.1428 0.745311 -13 621 1 0 1
2.54329 -8.49606 25.4558 10.9955 -21.5189 55.0771 0.429097 -13 622 1 0 1
-0.3484 -2.16948 25.4558 1.57721 1.19092 60.7959 -0.229342 -13 623 1 0 1
1.76622 1.77819 25.4558 8.13529 2.1058 65.3933 -0.229282 -13 624 1 0 1
0.0754973 4.25791 25.4558 3.25817 6.86852 59.6249 -0.779303 -13 625 1 0 1
1.77311 0.827001 25.4558 1.30855 -2.5462 70.973 2.52298 -13 626 1 0 1
-0.370724 -1.44454 25.4558 -12.4521 7.86641 75.7153 0.647049 -13 627 1 0 1
3.55871 0.084799 25.4558 11.3847 3.82094 72.2714 0.215117 -13 628 1 0 1
-0.34473 2.50472 25.4558 -0.248056 14.9589 64.9509 0.264345 -13 629 1 0 1
-2.36276 0.879348 25.4558 -9.78667 8.88866 62.6552 0.734551 -13 630 1 0 1
-0.396963 -0.115207 25.4558 3.62168 1.49428 59.359 -0.581869 -13 631 1 0 1
0.400874 -2.4686 25.4558 -0.600244 -8.58474 66.9478 -1.43549 -13 632 1 0 1
5.32354 2.41939 25.4558 22.6716 5.74732 53.6012 -0.735463 -13 633 1 0 1
-3.14695 5.43108 25.4558 -10.6161 21.1055 57.1144 -0.0438111 -13 634 1 0 1
3.00814 -1.13472 25.4558 14.2223 -0.0049142 51.1981 0.269979 -13 635 1 0 1
-0.541871 0.194902 25.4558 -9.49222 10.5431 72.3154 -2.03267 -13 636 1 0 1
3.38603 0.819824 25.4558 7.63585 -0.662916 72.2763 0.166266 -13 637 1 0 1
-1.87279 -3.70616 25.4558 1.61898 -7.63906 30.3069 0.115949 -13 638 1 0 1
2.09853 -2.38204 25.4558 6.2815 -9.459 65.8275 -1.88623 -13 639 1 0 1
0.50057 1.67816 25.4558 6.01908 3.932 39.3726 -2.0842 -13 640 1 0 1
3.16734 -1.59359 25.4558 12.3762 -9.29356 61.2944 -1.2429 -13 641 1 0 1
0.0284273 -3.50808 25.4558 4.25163 -7.49973 57.8308 0.0370856 -13 642 1 0 1
1.16274 -3.59743 25.4558 -0.330729 -16.8725 69.9069 -0.306701 -13 643 1 0 1
-2.35591 -2.18037 25.4558 -4.10732 -10.52 50.1278 2.31768 -13 644 1 0 1
0.63794 -3.0539 25.4558 5.53287 -8.67037 56.8351 1.0758 -13 645 1 0 1
-0.349435 0.995205 25.4558 -9.72045 3.04637 71.9818 1.41975 -13 646 1 0 1
-0.878192 -1.09256 25.4558 -18.0004 -0.00705647 76.5543 -1.42845 -13 647 1 0 1
2.09354 -0.431821 25.4558 7.26498 0.937698 68.2153 -0.0512363 -13 649 1 0 1
1.47279 -2.54378 25.4558 -1.68723 -5.67761 73.751 1.01761 -13 650 1 0 1
1.53287 1.00843 25.4558 2.75995 2.69354 68.2811 0.548329 -13 651 1 0 1
0.0339975 -0.763189 25.4558 -2.22117 -6.05916 66.0378 1.05223 -13 652 1 0 1
1.29475 -2.47962 25.4558 1.514 -5.0551 68.529 0.676039 -13 653 1 0 1
-0.992265 -1.0107 25.4558 6.72861 -1.91979 41.0808 -0.364854 -13 654 1 0 1
-2.87783 -1.1787 25.4558 -1.7318 -6.40027 35.3907 0.21539 -13 655 1 0 1
-2.06283 1.18149 25.4558 -10.5298 12.2266 63.5086 -0.0651664 -13 656 1 0 1
1.95645 -3.07238 25.4558 9.0233 -3.17146 61.0391 0.651722 -13 657 1 0 1
0.526007 -3.85264 25.4558 -2.81002 -7.28247 69.0941 2.26699 -13 659 1 0 1
0.709593 -1.70033 25.4558 0.0526261 -4.50787 66.4483 -1.46452 -13 660 1 0 1
1.53746 1.17843 25.4558 -4.94955 -6.6729 76.5206 1.67188 -13 661 1 0 1
-1.52323 1.02139 25.4558 -3.09341 3.7159 58.3115 -0.23314 -13 662 1 0 1
1.43271 -0.151061 25.4558 8.24795 3.96467 57.4528 0.477573 -13 663 1 0 1
0.561231 -2.44262 25.4558 -4.30484 -7.74863 70.4394 1.77249 -13 664 1 0 1
1.31013 -0.244199 25.4558 -4.31393 -5.55048 76.9238 0.340909 -13 665 1 0 1
-2.72305 -0.495357 25.4558 -8.74014 1.90733 61.4242 1.0127 -13 666 1 0 1
0.360108 -0.72877 25.4558 2.68375 -0.933771 60.8435 -2.12108 -13 667 1 0 1
-1.72649 -1.04033 25.4558 0.585679 -5.01727 36.0412 0.763302 -13 668 1 0 1
0.819487 -3.32988 25.4558 2.69436 -13.3154 67.2076 1.41783 -13 669 1 0 1
2.45692 -2.93382 25.4558 4.62086 -10.4129 72.4968 0.06456 -13 670 1 0 1
3.10102 -2.91129 25.4558 12.8596 -10.3302 62.0252 0.516538 -13 671 1 0 1
2.83745 2.96153 25.4558 10.1581 8.82406 55.9363 1.59295 -13 672 1 0 1
0.072064 6.53842 25.4558 2.15295 19.579 57.9491 0.372261 -13 673 1 0 1
3.92179 1.04129 25.4558 12.6602 4.58262 61.8245 0.888495 -13 674 1 0 1
-0.442935 -2.72058 25.4558 -0.802806 -14.6022 62.0849 3.20697 -13 675 1 0 1
2.96137 0.186191 25.4558 13.2023 5.38026 48.5388 -0.138873 -13 676 1 0 1
4.48268 0.338386 25.4558 13.7091 -1.81962 65.7745 1.0421 -13 677 1 0 1
1.60642 -0.942922 25.4558 1.65207 11.8728 71.5282 1.58612 -13 678 1 0 1
-1.04356 1.43707 25.4558 -7.62571 7.60075 67.2971 0.0469236 -13 679 1 0 1
-2.28884 1.96895 25.4558 -3.39736 2.5753 56.1664 -0.852866 -13 680 1 0 1
1.27388 1.97821 25.4558 -0.852652 -6.77844 73.3477 -3.19431 -13 681 1 0 1
-1.65123 -0.127874 25.4558 2.18282 -12.433 33.9015 0.0394548 -13 682 1 0 1
6.2157 -0.851241 25.4558 22.382 8.53092 59.7301 2.08328 -13 683 1 0 1
-0.555454 -2.55177 25.4558 -1.20543 -7.77211 61.0822 -0.170142 -13 684 1 0 1
7.19605 -0.294111 25.4558 24.0931 -8.9472 66.2196 -1.62711 -13 685 1 0 1
1.62367 2.11616 25.4558 3.15758 10.5131 69.7357 0.458883 -13 686 1 0 1
0.501669 -3.25705 25.4558 6.28122 -5.87225 52.6543 1.72156 -13 687 1 0 1
0.0824588 2.56147 25.4558 -1.38337 4.0027 66.7584 0.0155269 -13 688 1 0 1
2.1063 -1.71852 25.4558 10.2082 -12.0478 59.7168 1.04391 -13 690 1 0 1
1.39738 1.47805 25.4558 3.6047 -1.53143 65.1972 -1.90668 -13 691 1 0 1
0.207054 1.6774 25.4558 1.0708 -3.73145 62.6774 -0.900329 -13 692 1 0 1
0.881503 3.87626 25.4558 6.05485 -2.28403 50.8012 1.87351 -13 693 1 0 1
0.890324 -3.85959 25.4558 2.02463 -6.91267 65.0614 2.41842 -13 694 1 0 1
0.933478 1.77309 25.4558 4.07297 7.88144 64.7866 0.404013 -13 696 1 0 1
0.53898 -0.0736999 25.4558 -5.22095 4.58205 71.0006 0.58744 -13 697 1 0 1
1.79838 -3.42971 25.4558 12.9424 -5.39878 43.5243 -0.662032 -13 699 1 0 1
1.54714 -0.976475 25.4558 -0.0587824 -3.69855 72.5609 1.45348 -13 700 1 0 1
1.79582 1.35346 25.4558 4.83012 13.1331 68.866 1.3983 -13 701 1 0 1
0.597739 -0.187352 25.4558 6.65614 0.76803 44.6054 1.37626 -13 702 1 0 1
0.858386 1.99008 25.4558 -10.6187 5.10963 79.2607 -2.15994 -13 703 1 0 1
1.95067 1.20544 25.4558 11.2001 11.1616 56.2226 -0.414704 -13 704 1 0 1
-0.329736 1.93823 25.4558 3.56225 3.36996 53.9263 1.47258 -13 705 1 0 1
-1.3538 0.724243 25.4558 0.777083 3.61821 55.019 -1.54263 -13 706 1 0 1
1.47187 -1.99091 25.4558 0.710453 4.20743 72.0611 3.38019 -13 707 1 0 1
-3.05598 -0.914674 25.4558 -9.15674 -3.41342 58.9927 0.569921 -13 708 1 0 1
0.411915 -0.32161 25.4558 1.54568 -6.9956 65.926 0.142851 -13 709 1 0 1
-1.22292 1.37504 25.4558 3.19229 -2.35806 45.0527 -0.912601 -13 710 1 0 1
0.79694 1.9404 25.4558 6.50932 -0.209781 51.0039 -0.267521 -13 711 1 0 1
1.07932 -2.33606 25.4558 0.433148 -8.3529 69.0861 1.45101 -13 712 1 0 1
2.30383 -0.860775 25.4558 -5.34586 -10.9164 80.2613 0.0706781 -13 713 1 0 1
-0.501265 1.56538 25.4558 3.49593 -1.71709 50.0976 1.71245 -13 714 1 0 1
0.665876 0.438673 25.4558 -2.93743 7.48456 71.3293 -1.01139 -13 715 1 0 1
1.33801 2.32349 25.4558 10.8346 6.68915 50.0854 1.28038 -13 716 1 0 1
-1.62802 -0.340989 25.4558 -0.509132 -3.1154 52.8538 1.84956 -13 717 1 0 1
0.327236 0.753872 25.4558 -4.99827 -2.272 71.3849 1.00688 -13 718 1 0 1
2.07231 -0.545171 25.4558 3.70228 4.3365 71.9509 -0.0343014 -13 719 1 0 1
0.574094 2.7528 25.4558 1.48988 12.1112 65.5766 2.14784 -13 720 1 0 1
3.15527 -2.78761 25.4558 7.63982 -11.4185 71.0667 -0.0217249 -13 721 1 0 1
0.672625 -1.77098 25.4558 5.48443 -9.38589 54.3443 -1.46938 -13 722 1 0 1
0.330778 -2.92489 25.4558 1.5259 -4.32253 61.8977 -1.14363 -13 723 1 0 1
1.74063 3.46004 25.4558 1.08728 11.1426 72.4032 2.06906 -13 724 1 0 1
-1.68918 3.11658 25.4558 -2.83078 6.33037 55.8308 -0.216121 -13 725 1 0 1
3.43754 -2.8467 25.4558 15.9045 -11.1257 52.5603 -0.918495 -13 726 1 0 1
1.03422 0.356871 25.4558 7.70123 2.31444 44.7743 1.9956 -13 727 1 0 1
1.03471 5.28111 25.4558 7.03212 17.8565 40.4425 -0.265981 -13 728 1 0 1
3.20565 -1.75552 25.4558 3.6552 -5.63065 76.5039 -1.75816 -13 729 1 0 1
-3.23064 -4.90292 25.4558 -0.058409 -7.34091 37.1223 -0.14558 -13 730 1 0 1
0.317096 -1.84681 25.4558 -3.2386 -4.02329 70.6408 -1.17665 -13 731 1 0 1
-0.395125 3.28234 25.4558 -3.85767 8.46258 68.7363 2.07398 -13 732 1 0 1
-3.03898 1.70433 25.4558 -2.55921 -1.871 46.8461 -0.362122 -13 733 1 0 1
1.91242 4.63157 25.4558 4.23629 -2.34531 71.5567 2.31288 -13 734 1 0 1
5.29404 3.387 25.4558 18.479 4.96329 43.832 -1.11721 -13 735 1 0 1
0.180699 1.79377 25.4558 5.48992 5.26191 47.4414 -0.14868 -13 736 1 0 1
-0.919325 2.79096 25.4558 -1.83068 8.13683 63.0794 2.12569 -13 737 1 0 1
2.40832 -1.27005 25.4558 10.5262 0.857537 58.2159 1.59149 -13 738 1 0 1
1.36163 -1.97423 25.4558 6.93106 -1.16731 59.2402 -1.0867 -13 739 1 0 1
0.414803 0.846733 25.4558 -5.54835 2.50643 73.2113 0.839838 -13 740 1 0 1
3.72674 -1.36459 25.4558 9.37001 -0.789579 22.9995 1.79346 -13 741 1 0 1
-5.25673 -0.578496 25.4558 -8.9645 1.53495 43.5637 -2.16801 -13 742 1 0 1
0.520065 0.253427 25.4558 -2.24001 6.27116 72.1281 1.39053 -13 743 1 0 1
-1.01228 3.43417 25.4558 0.315172 6.76135 55.4769 0.321317 -13 744 1 0 1
4.59576 2.97941 25.4558 11.5938 10.5003 71.6947 2.01622 -13 745 1 0 1
0.714337 -1.48406 25.4558 -0.277146 -6.67785 68.5247 -1.75869 -13 746 1 0 1
1.08245 -0.816302 25.4558 2.12589 -2.53081 68.1569 0.237631 -13 747 1 0 1
-3.02197 -0.350835 25.4558 -3.3474 2.04387 49.5264 -1.75729 -13 748 1 0 1
2.91784 -1.39647 25.4558 5.2136 -7.36484 73.0113 1.18602 -13 749 1 0 1
-0.0362083 5.31565 25.4558 0.787548 3.51394 64.0071 0.766714 -13 750 1 0 1
-0.107483 1.33756 25.4558 4.56433 8.94698 53.1756 0.0700623 -13 751 1 0 1
0.189116 1.43183 25.4558 -0.837955 13.8923 66.8899 -0.426727 -13 752 1 0 1
-0.486408 1.95937 25.4558 -1.17489 -0.0822904 64.5916 -0.979623 -13 753 1 0 1
-1.02006 -1.21166 25.4558 -7.7844 -0.999307 70.1566 0.370646 -13 754 1 0 1
2.40165 0.0413722 25.4558 1.56436 -3.19515 75.9009 -1.37102 -13 755 1 0 1
2.21049 -0.085273 25.4558 5.98452 8.94492 67.8556 -0.980611 -13 756 1 0 1
2.66028 -2.42013 25.4558 14.1116 -4.93505 52.0138 -1.06381 -13 757 1 0 1
-0.583058 2.10756 25.4558 2.82012 -0.82505 55.8498 0.410367 -13 758 1 0 1
2.17791 -3.56401 25.4558 7.38882 -17.1987 61.0384 1.20616 -13 759 1 0 1
0.255223 -0.33822 25.4558 5.11888 -2.86349 55.1179 0.252647 -13 760 1 0 1
-0.671561 -1.32994 25.4558 -1.09421 -0.951687 58.8907 0.746314 -13 761 1 0 1
-4.0916 -0.61524 25.4558 -5.32143 3.70327 36.5768 -0.910865 -13 762 1 0 1
3.62085 -0.569594 25.4558 13.4094 6.33469 59.6975 1.3231 -13 763 1 0 1
1.97831 0.561524 25.4558 3.78007 4.60761 70.1837 -2.53494 -13 764 1 0 1
-0.643991 -0.878756 25.4558 -0.548832 -6.42344 65.1115 -0.497531 -13 765 1 0 1
-3.6965 5.26109 25.4558 -2.53681 10.0961 24.3061 -1.10128 -13 766 1 0 1
1.42199 0.262416 25.4558 7.84826 -1.62268 58.7741 -0.392135 -13 767 1 0 1
2.87873 -4.90855 25.4558 9.9485 -20.3269 65.0939 0.679108 -13 768 1 0 1
-0.684258 2.16958 25.4558 5.10315 -0.10223 40.2551 0.163764 -13 769 1 0 1
-0.043831 1.74632 25.4558 -3.89814 -11.2993 71.077 -0.990026 -13 770 1 0 1
-0.352627 -3.72804 25.4558 6.02364 -11.9544 38.7575 -0.635252 -13 771 1 0 1
0.416537 1.99359 25.4558 6.0162 4.46533 55.8161 -0.12695 -13 772 1 0 1
4.31508 -0.327999 25.4558 8.45041 0.684891 76.6722 0.569587 -13 773 1 0 1
-2.11948 -1.7306 25.4558 -4.33839 -1.38796 58.688 0.996345 -13 774 1 0 1
3.95918 0.0928292 25.4558 16.5285 -5.03487 59.5821 -0.0232932 -13 775 1 0 1
-1.43847 1.38415 25.4558 -0.923739 6.12793 55.5443 2.57536 -13 776 1 0 1
-0.137275 -0.700928 25.4558 -3.59648 -7.6173 67.9467 0.0233636 -13 777 1 0 1
-1.31458 0.544629 25.4558 1.27035 9.42543 46.3003 2.63259 -13 778 1 0 1
-0.624212 -2.33055 25.4558 -4.88858 -9.79535 68.4049 1.74157 -13 779 1 0 1
1.58669 -0.270832 25.4558 7.30949 0.396734 67.6445 -0.853026 -13 780 1 0 1
-0.370691 1.65029 25.4558 -2.56133 1.68572 66.3892 -0.0584964 -13 781 1 0 1
-0.880436 -1.6541 25.4558 -4.09246 -6.37049 63.3642 0.561203 -13 782 1 0 1
2.40112 -1.8519 25.4558 11.3323 -3.71363 58.5392 1.03242 -13 783 1 0 1
-2.49047 -3.08476 25.4558 -10.6535 -19.3524 63.3635 -0.818377 -13 784 1 0 1
-0.336574 1.82338 25.4558 -14.2612 -7.05602 77.3875 -0.145533 -13 785 1 0 1
2.79093 2.09631 25.4558 13.6759 2.35942 46.3877 -0.983687 -13 787 1 0 1
-3.06313 0.826697 25.4558 -11.1175 -0.24231 61.1585 -0.880063 -13 788 1 0 1
4.66941 1.17347 25.4558 15.4281 -4.93426 70.4088 0.489988 -13 789 1 0 1
0.945893 1.0228 25.4558 3.63502 -5.28777 60.4151 2.05852 -13 790 1 0 1
2.04502 -1.65449 25.4558 6.5495 -14.2328 67.2801 -1.36653 -13 791 1 0 1
-0.764018 -0.877066 25.4558 -3.93579 -2.52779 66.7835 2.24383 -13 792 1 0 1
1.08558 1.13081 25.4558 7.22266 -1.54734 53.1831 1.82942 -13 793 1 0 1
1.52256 -3.52298 25.4558 4.0715 -9.93791 69.0867 0.339824 -13 794 1 0 1
-2.13642 -2.14478 25.4558 -6.04078 -10.0522 56.2198 -2.35803 -13 795 1 0 1
-2.65539 0.611766 25.4558 -5.5812 1.23026 58.9263 -0.0538874 -13 796 1 0 1
-1.19238 1.85972 25.4558 2.37993 -1.84455 48.5911 -0.784563 -13 797 1 0 1
1.9814 3.26562 25.4558 -0.563073 17.5692 73.8802 2.05362 -13 798 1 0 1
0.390444 1.93663 25.4558 1.4255 4.70519 63.8101 0.960555 -13 799 1 0 1
-2.86496 -0.0598697 25.4558 -9.01264 6.47344 59.4153 1.24423 -13 800 1 0 1
2.12107 2.8196 25.4558 7.83758 -0.0112687 68.9229 2.28126 -13 801 1 0 1
1.01301 -0.149515 25.4558 2.03804 -6.85094 67.2103 -1.23116 -13 802 1 0 1
2.80854 -1.96336 25.4558 2.49363 4.09988 75.9631 -1.63174 -13 803 1 0 1
3.54773 -0.2358 25.4558 15.2424 1.17049 49.0978 -0.452814 -13 804 1 0 1
-1.98411 -0.161323 25.4558 0.992812 0.390056 26.3415 -0.346706 -13 805 1 0 1
-0.107745 -0.570193 25.4558 2.92016 -4.30276 56.29 1.03869 -13 806 1 0 1
-1.11118 -3.49779 25.4558 -4.78105 -9.63518 66.408 0.444207 -13 807 1 0 1
-5.40812 1.17793 25.4558 -5.52853 3.04509 32.3666 1.44379 -13 808 1 0 1
-1.7571 0.261721 25.4558 -7.40969 0.372285 65.1042 -0.503494 -13 809 1 0 1
0.858166 0.415706 25.4558 -6.49509 -3.56409 76.968 -0.619463 -13 810 1 0 1
1.2194 -0.465819 25.4558 2.75341 2.96218 70.7302 -0.160994 -13 811 1 0 1
-3.89094 -3.27841 25.4558 -4.38227 -4.97077 40.1788 1.99804 -13 812 1 0 1
1.78779 1.3494 25.4558 9.15131 10.2094 56.0297 0.808319 -13 813 1 0 1
-0.411026 -1.64253 25.4558 -0.256794 1.4241 62.7707 0.760534 -13 814 1 0 1
1.33123 1.23784 25.4558 8.3786 6.25139 55.291 -2.0124 -13 815 1 0 1
1.89787 -0.975408 25.4558 -3.25912 -4.31265 77.4574 1.54209 -13 816 1 0 1
-1.7586 -0.508757 25.4558 3.81357 -0.876613 39.4583 -1.64258 -13 817 1 0 1
0.143311 -1.17753 25.4558 6.31095 -8.58685 49.2144 -0.0701064 -13 820 1 0 1
-1.8343 -2.16198 25.4558 -1.64723 -0.178252 53.0329 -1.70557 -13 821 1 0 1
2.11067 2.97546 25.4558 -11.7233 2.64455 80.6025 0.679775 -13 822 1 0 1
0.714572 0.942172 25.4558 7.14924 -1.63352 57.1066 -0.0483293 -13 823 1 0 1
-0.798896 -1.14125 25.4558 -3.75902 -5.65756 61.4444 0.31769 -13 825 1 0 1
1.37824 0.0601974 25.4558 3.02623 7.88414 66.908 -1.35112 -13 826 1 0 1
0.762853 -1.70832 25.4558 3.95057 -12.3729 62.4224 2.70219 -13 827 1 0 1
-0.813476 1.77956 25.4558 -2.68012 0.0351135 65.0932 -2.41826 -13 828 1 0 1
3.06888 -4.79819 25.4558 11.3814 -17.0514 47.3538 0.829187 -13 829 1 0 1
1.18331 -1.71166 25.4558 4.10857 -9.16469 64.6469 -0.123857 -13 830 1 0 1
1.60776 0.471953 25.4558 4.73502 -3.506 65.8649 2.02403 -13 831 1 0 1
-0.707439 -1.58464 25.4558 1.62613 -7.8887 55.9903 0.397273 -13 832 1 0 1
-0.182695 -0.693488 25.4558 -0.703907 -3.88457 62.2189 0.410414 -13 833 1 0 1
-0.575991 -3.43902 25.4558 0.221624 -7.82922 60.7774 -0.192214 -13 834 1 0 1
1.8287 -2.17972 25.4558 -5.7468 -14.9499 77.2548 -0.899799 -13 835 1 0 1
2.7875 2.29379 25.4558 7.88185 12.9503 65.2398 -0.0753477 -13 836 1 0 1
3.85646 -5.64053 25.4558 13.0155 -12.2029 65.4232 1.0759 -13 837 1 0 1
2.71623 2.83604 25.4558 6.02175 3.03138 71.7418 -1.28407 -13 838 1 0 1
-0.670405 -3.52412 25.4558 2.36191 -6.27947 55.8045 -0.374168 -13 839 1 0 1
-1.85696 2.29715 25.4558 -5.9451 6.65678 60.3042 2.466 -13 840 1 0 1
-1.20641 3.49999 25.4558 -1.37903 6.77268 58.9222 -1.78947 -13 841 1 0 1
1.16687 -2.6853 25.4558 -1.51695 -8.67086 72.7023 -0.929679 -13 842 1 0 1
1.01814 -0.491484 25.4558 -4.98627 -16.278 73.2667 0.530092 -13 843 1 0 1
-1.8804 3.06849 25.4558 -4.34583 11.5021 58.6755 0.928335 -13 844 1 0 1
1.43136 -0.851672 25.4558 7.46149 1.44507 60.1168 1.02004 -13 845 1 0 1
2.01853 -4.96703 25.4558 9.23391 -8.37088 36.819 0.478981 -13 846 1 0 1
1.89421 -5.47904 25.4558 9.63213 -6.24565 57.7884 -1.13065 -13 847 1 0 1
-2.0597 1.25844 25.4558 -4.07912 -2.05276 55.8528 -0.770407 -13 848 1 0 1
-2.96133 -1.78322 25.4558 -6.45252 -2.59141 53.9482 -1.96718 -13 849 1 0 1
4.00271 -3.13688 25.4558 12.7353 -12.0684 67.2044 -0.837731 -13 850 1 0 1
-1.26055 2.61458 25.4558 -2.2014 5.34715 60.0067 -0.437795 -13 851 1 0 1
4.18834 -0.806745 25.4558 7.45543 -1.68408 75.6526 0.552278 -13 852 1 0 1
-0.720036 1.35433 25.4558 -1.47842 5.2024 61.362 1.12578 -13 853 1 0 1
0.957356 2.00945 25.4558 -2.13684 -1.9062 69.791 -0.778507 -13 854 1 0 1
-1.14547 2.33023 25.4558 -3.21919 9.62786 62.1557 0.160507 -13 855 1 0 1
-2.80479 2.16823 25.4558 -9.19579 -4.32006 58.4496 0.365677 -13 856 1 0 1
0.729893 -3.00075 25.4558 2.81009 -0.0536991 66.1969 -0.829099 -13 857 1 0 1
-3.82077 1.39557 25.4558 -17.9412 3.54843 63.9966 -2.35759 -13 858 1 0 1
-2.14718 -0.959555 25.4558 -1.70363 0.163194 53.5273 1.62883 -13 859 1 0 1
-0.197151 0.70888 25.4558 -2.91805 4.09263 68.0909 1.36618 -13 860 1 0 1
1.71037 -0.910392 25.4558 -1.93539 -6.67089 77.166 -1.77257 -13 861 1 0 1
0.323405 0.448899 25.4558 1.32982 6.1525 64.0262 -0.0398049 -13 862 1 0 1
-3.18081 -2.83867 25.4558 -11.2928 -7.41342 59.1268 0.23973 -13 863 1 0 1
-1.60184 -0.153734 25.4558 -4.82235 2.05804 61.7488 -0.565686 -13 864 1 0 1
-1.56409 -2.85849 25.4558 -1.75844 -3.69452 55.5342 1.82221 -13 865 1 0 1
0.745917 1.66049 25.4558 5.2013 13.2163 56.0547 -0.0173788 -13 866 1 0 1
3.68959 2.67511 25.4558 8.24533 7.10576 74.353 -0.602701 -13 867 1 0 1
1.67976 1.41055 25.4558 -6.15068 0.56215 78.6203 -1.58172 -13 868 1 0 1
-4.30312 -3.07418 25.4558 -14.9472 -10.733 59.0988 -0.639284 -13 869 1 0 1
0.306854 -0.407625 25.4558 2.37248 -6.41475 60.2236 0.795612 -13 870 1 0 1
1.52769 -3.29687 25.4558 4.3437 -16.9925 65.1137 -1.14273 -13 871 1 0 1
-0.217618 -1.66783 25.4558 -3.17613 -2.88475 67.8093 -1.08028 -13 872 1 0 1
2.28983 0.732414 25.4558 5.00903 -3.08825 72.0547 -1.02985 -13 873 1 0 1
-0.0861734 1.60103 25.4558 -2.93786 8.49152 67.2582 2.6267 -13 874 1 0 1
-0.931199 -0.977033 25.4558 -3.17003 -6.94675 62.9631 0.254578 -13 875 1 0 1
3.14643 2.52235 25.4558 5.07667 8.23645 74.7771 0.0472429 -13 876 1 0 1
1.4309 -0.407443 25.4558 4.51832 12.5673 68.5256 -1.96153 -13 877 1 0 1
1.79405 0.721722 25.4558 0.454965 12.5024 72.836 -3.66141 -13 878 1 0 1
-3.17362 1.81992 25.4558 -3.73601 3.43097 51.9067 1.17949 -13 879 1 0 1
1.26525 -2.39811 25.4558 4.25458 -12.6591 66.8427 0.856178 -13 880 1 0 1
0.414197 -1.6661 25.4558 4.58802 -6.20828 56.9395 1.85463 -13 881 1 0 1
3.42446 3.07263 25.4558 6.63684 14.3687 74.7041 -0.521126 -13 882 1 0 1
3.92822 2.79246 25.4558 12.0934 16.8249 62.4234 -0.316244 -13 883 1 0 1
1.42707 0.31554 25.4558 11.3819 3.71628 36.2961 -0.199154 -13 885 1 0 1
3.66641 2.02703 25.4558 3.31342 -5.33946 79.7507 2.37438 -13 886 1 0 1
-1.15461 2.7027 25.4558 -10.8888 9.70856 70.1141 0.538284 -13 887 1 0 1
-1.08863 2.88303 25.4558 1.12771 3.70724 55.5138 0.0569125 -13 888 1 0 1
-0.909148 -1.56525 25.4558 -0.0663963 -3.9656 57.6207 -0.610001 -13 889 1 0 1
2.75812 -2.87328 25.4558 8.37259 -14.7007 67.3646 -1.12483 -13 890 1 0 1
-0.662659 -0.831764 25.4558 4.39328 -0.353818 35.6268 -1.1572 -13 891 1 0 1
0.63689 -3.53331 25.4558 -2.03211 -5.41857 71.716 0.455256 -13 892 1 0 1
-3.27965 -0.711443 25.4558 -8.3925 2.87938 58.9285 -1.65788 -13 893 1 0 1
3.66445 -1.94323 25.4558 7.48595 -6.07227 76.0909 -0.0111554 -13 894 1 0 1
-0.945309 -0.952077 25.4558 -14.4038 17.7698 71.0636 1.52997 -13 895 1 0 1
-0.588396 2.55025 25.4558 -5.5576 15.098 68.3613 -1.66826 -13 896 1 0 1
-0.876569 -1.48251 25.4558 0.557759 -4.16222 50.0065 -1.77468 -13 897 1 0 1
0.284202 -1.03701 25.4558 3.37521 -0.64899 55.8759 -0.696133 -13 898 1 0 1
3.43533 -0.329774 25.4558 14.7129 4.03417 60.3226 -0.284705 -13 899 1 0 1
1.78033 1.55711 25.4558 4.28626 -1.96176 68.6064 0.58151 -13 901 1 0 1
2.38615 0.585362 25.4558 12.15 -3.90872 54.1269 0.554241 -13 902 1 0 1
2.17001 -5.59057 25.4558 0.401641 -10.0146 74.7063 1.15794 -13 903 1 0 1
1.08105 1.30537 25.4558 5.13106 -2.51067 58.9022 1.92873 -13 904 1 0 1
-0.445648 -0.175756 25.4558 -16.1068 3.76703 77.5281 0.134144 -13 905 1 0 1
-2.72523 -2.27352 25.4558 -4.40497 -5.61535 56.4966 1.25259 -13 906 1 0 1
1.25652 3.82389 25.4558 2.44446 9.31698 67.8169 0.301884 -13 907 1 0 1
-2.95162 -2.14194 25.4558 -1.77783 -5.3131 38.3172 0.159217 -13 908 1 0 1
2.11103 -3.46179 25.4558 0.810087 -8.04325 73.1598 0.678383 -13 909 1 0 1
0.83525 -1.38321 25.4558 -1.08021 -7.49369 70.2052 -0.173228 -13 910 1 0 1
-0.83074 4.79011 25.4558 1.89998 16.0694 40.7017 -0.650335 -13 911 1 0 1
1.65451 5.49721 25.4558 5.90771 10.6151 54.8976 -0.818611 -13 912 1 0 1
3.11087 -0.0240744 25.4558 -4.76228 13.7258 78.9306 1.29566 -13 913 1 0 1
-3.20437 -0.793813 25.4558 -18.5521 9.39657 68.8792 0.981297 -13 914 1 0 1
1.41237 -3.19944 25.4558 6.51492 -7.91172 61.4078 -0.873374 -13 915 1 0 1
0.55473 -0.420213 25.4558 -19.0986 2.61244 77.9248 4.29797 -13 916 1 0 1
-2.15208 1.4904 25.4558 1.08607 7.84662 41.7776 -0.255629 -13 917 1 0 1
-1.25658 2.12015 25.4558 -12.6163 9.6132 71.1294 2.01699 -13 918 1 0 1
-0.385368 1.96449 25.4558 -2.38696 2.60238 66.6583 -0.618174 -13 919 1 0 1
0.886753 -1.79357 25.4558 -9.65056 -0.499606 79.2163 0.439714 -13 920 1 0 1
0.555099 2.42421 25.4558 6.8856 -2.94615 34.1319 0.31759 -13 921 1 0 1
1.39613 -3.13839 25.4558 -10.6882 -12.3521 79.5242 2.43061 -13 922 1 0 1
-1.78342 -0.0260337 25.4558 -4.62591 -0.703238 59.2025 -0.173638 -13 923 1 0 1
0.467081 1.84782 25.4558 -0.871787 2.1865 68.6575 -1.05923 -13 924 1 0 1
0.681301 1.47296 25.4558 2.26402 7.71622 63.3628 0.353586 -13 925 1 0 1
1.02331 2.03861 25.4558 -6.93506 4.79583 77.2361 1.36199 -13 926 1 0 1
-0.554294 -2.60779 25.4558 -1.51594 -1.47671 68.0379 0.537725 -13 927 1 0 1
0.592238 -0.521145 25.4558 5.3634 -4.79558 58.0738 -0.250598 -13 928 1 0 1
0.488165 0.550817 25.4558 -1.58274 1.91958 70.5768 1.32222 -13 930 1 0 1
2.70672 1.11296 25.4558 10.0604 -2.69627 62.7797 1.97774 -13 931 1 0 1
-3.54724 -1.63702 25.4558 -6.81185 -7.2045 49.6256 1.86638 -13 932 1 0 1
2.62824 1.33004 25.4558 7.48463 12.8671 68.0539 1.01512 -13 933 1 0 1
0.647941 0.00630744 25.4558 -6.03461 4.45525 74.6046 -0.568513 -13 934 1 0 1
-3.35846 0.908342 25.4558 -11.5213 2.6698 58.294 0.919594 -13 935 1 0 1
2.98801 -2.39077 25.4558 14.4629 0.234587 59.7791 0.0140051 -13 936 1 0 1
1.27919 -2.80548 25.4558 -2.40158 -3.03216 73.4462 -0.227502 -13 938 1 0 1
-0.31203 -0.850015 25.4558 2.02155 -2.99992 61.5428 -0.566515 -13 939 1 0 1
-0.458082 -0.116028 25.4558 0.32122 4.02664 60.7136 -0.0569588 -13 940 1 0 1
-0.611327 -0.0320513 25.4558 -3.75292 6.92598 66.7507 0.199263 -13 941 1 0 1
4.31378 -0.375004 25.4558 11.6343 -2.04751 71.633 0.538014 -13 942 1 0 1
2.42306 -1.80755 25.4558 7.15723 -4.28853 67.6077 1.40275 -13 943 1 0 1
-1.66153 -1.99317 25.4558 -0.224548 2.12897 52.0547 -0.457479 -13 944 1 0 1
1.82595 1.7542 25.4558 1.75728 16.0391 70.8378 0.871825 -13 945 1 0 1
-1.27853 1.81368 25.4558 1.36918 5.62335 45.4819 -0.776186 -13 946 1 0 1
2.27392 -1.39742 25.4558 8.60673 1.33797 65.0078 -1.19335 -13 947 1 0 1
1.8453 -2.78642 25.4558 9.85525 -4.58793 50.4162 1.2745 -13 948 1 0 1
-3.26159 -0.898522 25.4558 -4.93653 -2.53053 54.6902 0.385055 -13 949 1 0 1
-0.566558 2.25678 25.4558 -2.0411 5.07014 66.1915 0.0511833 -13 950 1 0 1
7.05063 -3.23412 25.4558 24.5926 -6.04608 50.4169 0.606782 -13 951 1 0 1
1.45277 -1.2942 25.4558 7.33435 -5.43681 59.287 2.65011 -13 952 1 0 1
1.43919 -0.556025 25.4558 5.44742 -4.59502 59.7412 0.249122 -13 953 1 0 1
-0.378355 -4.87119 25.4558 2.5759 -16.5382 54.5028 -0.248022 -13 954 1 0 1
1.44844 1.3886 25.4558 5.94597 -5.95803 61.1874 0.52788 -13 955 1 0 1
-1.0152 2.96295 25.4558 -0.482517 3.53407 55.3951 -0.109719 -13 956 1 0 1
-3.6066 1.24501 25.4558 -10.4905 -3.00031 57.425 -1.03336 -13 957 1 0 1
2.20519 0.579337 25.4558 -14.5639 -1.34355 79.4264 -0.796793 -13 958 1 0 1
3.8812 -2.31505 25.4558 14.4463 -11.1569 60.2344 0.39431 -13 959 1 0 1
0.594853 1.50457 25.4558 -5.72574 3.59951 74.3015 -2.01714 -13 960 1 0 1
0.327209 -1.87584 25.4558 6.73702 -1.58163 55.8116 0.175414 -13 961 1 0 1
0.0855375 -0.729065 25.4558 7.3384 -2.40538 35.5214 0.678867 -13 962 1 0 1
4.19457 3.33118 25.4558 13.4554 -2.77844 67.5244 1.98575 -13 963 1 0 1
-0.695424 0.492041 25.4558 -0.34904 -1.04055 62.2545 1.94252 -13 964 1 0 1
-0.137591 -1.48048 25.4558 -1.6707 -9.83023 64.5104 1.41188 -13 965 1 0 1
-3.05369 -2.84699 25.4558 -6.10955 -1.50421 53.9158 2.29681 -13 966 1 0 1
0.72614 -1.29071 25.4558 7.90757 -0.505106 54.1706 0.565553 -13 967 1 0 1
-4.67123 0.985325 25.4558 -19.1763 -1.10278 61.2197 -1.03828 -13 968 1 0 1
-0.344955 -0.888039 25.4558 5.69382 -5.90103 50.3963 0.575501 -13 969 1 0 1
2.35913 -0.940549 25.4558 8.46081 -8.49676 64.1639 -0.0670424 -13 970 1 0 1
0.748411 -0.909037 25.4558 1.93012 5.91333 67.8036 -1.13194 -13 971 1 0 1
-2.59279 1.31008 25.4558 0.944746 7.70489 32.0285 -0.945238 -13 972 1 0 1
-2.13799 -0.568748 25.4558 0.323775 2.54636 34.702 -0.795678 -13 973 1 0 1
-0.332779 0.986437 25.4558 -3.86324 5.34974 69.3495 -0.600865 -13 974 1 0 1
0.119673 -1.51729 25.4558 -6.14162 7.41189 74.2408 1.67697 -13 975 1 0 1
-1.03889 -4.13208 25.4558 -2.92327 -11.2883 61.2389 0.395251 -13 977 1 0 1
-0.121871 0.432494 25.4558 -7.24339 -3.07334 71.3225 -1.40037 -13 979 1 0 1
-2.57235 0.106325 25.4558 -7.32795 -1.98182 59.6346 -1.38359 -13 980 1 0 1
-0.394626 0.725619 25.4558 -2.35196 -4.71652 62.9627 -0.653912 -13 981 1 0 1
1.2664 3.35517 25.4558 5.52544 8.17902 64.6507 -0.639306 -13 982 1 0 1
1.64978 -2.29496 25.4558 0.881828 3.85122 73.5065 -0.290143 -13 983 1 0 1
8.68311 -5.49939 25.4558 19.4608 -8.95365 30.839 1.29143 -13 984 1 0 1
1.31384 1.15316 25.4558 7.37462 6.14016 60.1672 0.914891 -13 985 1 0 1
-1.62608 -1.9134 25.4558 -5.31335 -5.0764 61.4298 -0.271818 -13 986 1 0 1
1.13486 -3.45973 25.4558 5.21688 -16.2544 60.0389 0.472293 -13 987 1 0 1
-3.68473 6.69518 25.4558 -2.57552 10.1255 25.8029 -0.0435094 -13 988 1 0 1
1.35702 -2.34663 25.4558 2.99235 -6.42408 69.935 1.10707 -13 989 1 0 1
1.51789 0.628251 25.4558 3.30951 -8.5989 70.6936 0.318999 -13 990 1 0 1
-2.43676 4.00578 25.4558 -2.35471 6.95247 51.9277 -2.17736 -13 991 1 0 1
-3.98308 2.55991 25.4558 -3.939 4.87227 42.7898 0.898667 -13 992 1 0 1
-0.390446 -2.22862 25.4558 6.53269 -5.45044 50.4151 1.67398 -13 993 1 0 1
4.1932 -9.97738 25.4558 14.3341 -20.6264 43.2597 -0.724259 -13 994 1 0 1
2.27586 0.390987 25.4558 9.09694 4.17229 63.9903 -1.75962 -13 995 1 0 1
-0.880769 -0.640901 25.4558 -7.12472 -3.9232 68.6257 0.250104 -13 996 1 0 1
-1.46208 0.557086 25.4558 0.327391 2.61331 48.7757 2.45591 -13 997 1 0 1
-1.24326 -1.73514 25.4558 4.59301 -5.88631 22.2215 0.527614 -13 998 1 0 1
1.79002 -0.845374 25.4558 9.27768 -1.24495 56.5225 0.020071 -13 999 1 0 1
-1.79295 -1.58014 25.4558 -0.532135 -5.2298 48.2992 -0.499961 -13 1000 1 0 1
