#BLTrackFile NTuple/Z25
#x y z Px Py Pz t PDGid EventID TrackID ParentID Weight
#mm mm mm MeV/c MeV/c MeV/c ns - - - - -
-0.666639 -2.73654 25.4558 -10.8513 -6.83273 71.8833 -1.03891 -13 1 1 0 1
4.7542 3.9164 25.4558 5.27117 -1.68409 80.8667 0.0741822 -13 2 1 0 1
0.943695 -0.319249 25.4558 -3.08092 -2.31582 71.5461 1.01593 -13 3 1 0 1
-0.217387 -2.44538 25.4558 -14.8082 -2.89713 76.9658 0.468878 -13 4 1 0 1
-3.18121 1.33547 25.4558 -10.0785 -1.54012 60.0685 0.61069 -13 5 1 0 1
0.487816 -1.29462 25.4558 -6.63088 -0.641089 75.0954 -0.658038 -13 6 1 0 1
-0.457193 -2.02007 25.4558 0.806555 -5.28623 61.4169 -0.771943 -13 7 1 0 1
-4.58912 -1.43393 25.4558 -8.66411 5.13168 46.0149 0.0521039 -13 8 1 0 1
2.01878 2.14194 25.4558 6.99287 10.7869 63.1455 1.22415 -13 9 1 0 1
0.800259 -2.47733 25.4558 3.42844 -4.63097 66.7366 0.808634 -13 10 1 0 1
2.61919 2.5987 25.4558 4.06141 9.6419 71.608 -0.402163 -13 11 1 0 1
-0.414571 -1.65053 25.4558 0.358225 -11.4545 61.3009 1.80226 -13 12 1 0 1
1.12078 3.11919 25.4558 7.53654 5.81655 38.8119 -0.741133 -13 13 1 0 1
3.50649 -3.62324 25.4558 11.3948 -5.76544 67.318 -1.40925 -13 14 1 0 1
1.46336 -2.40315 25.4558 4.82325 -8.69824 67.0166 1.59901 -13 15 1 0 1
6.33527 -4.66966 25.4558 19.8995 -19.2121 54.4434 2.26093 -13 16 1 0 1
-0.970062 1.74821 25.4558 -4.17764 11.6814 63.5785 -0.536844 -13 17 1 0 1
-2.87627 -1.19881 25.4558 -4.45544 -8.79883 51.974 1.52075 -13 18 1 0 1
-2.93664 0.5424 25.4558 -15.5372 6.4332 63.8793 0.243642 -13 19 1 0 1
0.734848 -2.74963 25.4558 2.26997 -8.73033 64.2247 3.07368 -13 20 1 0 1
-2.41629 -1.2185 25.4558 -4.39244 5.04392 56.6657 -1.06831 -13 22 1 0 1
-4.94507 5.07823 25.4558 -7.08567 11.9331 38.7807 0.631624 -13 23 1 0 1
-3.94123 2.60485 25.4558 -10.2414 9.48275 53.2931 0.816852 -13 24 1 0 1
2.45286 -2.30627 25.4558 5.14013 -1.5922 70.7356 0.418486 -13 25 1 0 1
0.352621 0.414557 25.4558 -0.525552 3.27802 68.5563 -0.00386871 -13 26 1 0 1
0.661336 -3.18015 25.4558 0.900017 0.263793 66.6895 1.58502 -13 27 1 0 1
2.12509 -2.05619 25.4558 2.10646 -8.27493 73.0916 0.386362 -13 28 1 0 1
-0.370371 0.0720673 25.4558 -4.5166 7.59489 66.8512 1.14231 -13 30 1 0 1
0.872126 -0.534509 25.4558 -3.47804 2.36471 71.9497 -0.144507 -13 31 1 0 1
-1.5783 0.591399 25.4558 -4.88763 3.0165 62.3579 -0.362184 -13 32 1 0 1
-1.30221 -1.27705 25.4558 3.43962 0.828799 28.6436 1.04837 -13 33 1 0 1
-2.56877 -1.43843 25.4558 -12.6359 -0.388795 65.2554 -0.484369 -13 34 1 0 1
-3.52491 -4.20339 25.4558 -21.8286 -13.7789 68.8568 2.32181 -13 35 1 0 1
0.16996 -0.777894 25.4558 -0.111508 7.15545 66.1806 -0.978656 -13 36 1 0 1
2.27206 -0.915972 25.4558 -2.30541 -10.4216 78.8185 -1.32536 -13 37 1 0 1
-0.0847093 -1.87766 25.4558 1.57178 -11.4002 59.9131 1.57954 -13 38 1 0 1
-1.67683 1.66109 25.4558 -3.34302 5.57162 51.8069 0.887721 -13 40 1 0 1
1.95657 4.37198 25.4558 7.33947 13.2027 61.1633 -0.0285061 -13 41 1 0 1
0.188991 1.9146 25.4558 -3.47894 -0.263818 68.2932 1.37892 -13 42 1 0 1
0.774929 -0.49736 25.4558 -15.8812 -3.62315 78.3458 0.437991 -13 43 1 0 1
-0.0840535 1.26937 25.4558 3.93894 1.29285 56.5571 0.768768 -13 44 1 0 1
0.854885 -1.94009 25.4558 -1.10999 -7.6539 67.8238 0.523881 -13 46 1 0 1
0.175638 4.69339 25.4558 1.61992 7.98819 59.805 1.05194 -13 47 1 0 1
-0.636155 -0.966319 25.4558 -6.81382 7.09012 67.3293 0.818964 -13 48 1 0 1
1.3087 -0.913429 25.4558 0.883238 -20.2017 67.9521 -0.426227 -13 49 1 0 1
-0.599148 -1.145 25.4558 6.12274 -0.209189 42.9644 -0.53726 -13 50 1 0 1
1.1409 2.46843 25.4558 -3.87639 2.72383 72.7905 -0.175508 -13 51 1 0 1
-1.97293 2.64169 25.4558 -2.63329 12.237 55.0324 0.203741 -13 52 1 0 1
0.4817 2.15217 25.4558 6.78721 4.15571 56.7008 -2.23221 -13 53 1 0 1
-1.13139 3.66609 25.4558 3.61218 6.58312 42.9931 0.136385 -13 54 1 0 1
0.524688 -0.317501 25.4558 -4.25443 -5.80194 70.5649 1.02223 -13 55 1 0 1
3.85075 2.09894 25.4558 14.2121 8.4809 60.5234 -0.85946 -13 56 1 0 1
-0.00368483 -0.680586 25.4558 1.51454 3.01254 63.6961 -0.292217 -13 58 1 0 1
0.815427 -2.03818 25.4558 0.323352 -9.10729 67.7139 2.07402 -13 59 1 0 1
1.15453 2.16257 25.4558 7.19212 14.4286 56.4438 0.372256 -13 60 1 0 1
-0.880314 0.578278 25.4558 -3.01714 7.00782 62.8616 -0.73159 -13 61 1 0 1
1.06164 -1.28828 25.4558 0.492562 3.0492 70.117 -0.437528 -13 62 1 0 1
-0.458794 -1.7829 25.4558 2.94302 -4.69026 35.2437 0.275309 -13 63 1 0 1
-0.254149 -0.603037 25.4558 0.724699 -0.138522 60.3023 0.24882 -13 64 1 0 1
1.14306 1.22583 25.4558 3.51306 1.23025 65.816 -1.33478 -13 65 1 0 1
0.776288 0.727458 25.4558 -1.64971 0.916295 71.4326 0.562089 -13 66 1 0 1
0.293885 -2.09162 25.4558 3.63109 -1.94212 61.4754 -0.567474 -13 67 1 0 1
-0.662853 4.8619 25.4558 3.02052 10.8976 53.4487 -0.846643 -13 68 1 0 1
-1.13085 -1.29982 25.4558 -3.36743 -6.82008 62.9634 0.105438 -13 69 1 0 1
1.68913 1.26585 25.4558 -6.86153 -11.1264 79.8835 0.339939 -13 70 1 0 1
-1.85804 2.77973 25.4558 -2.39718 2.29606 60.0465 -1.34808 -13 71 1 0 1
2.35115 4.85001 25.4558 7.59797 11.3384 64.287 1.22752 -13 72 1 0 1
1.37592 1.70767 25.4558 -2.70113 -1.59718 74.6308 -0.799477 -13 73 1 0 1
0.133847 1.9903 25.4558 3.30503 8.51287 58.5784 0.375033 -13 74 1 0 1
2.28911 2.33785 25.4558 0.761048 6.33322 75.0587 -2.74645 -13 75 1 0 1
5.69405 0.727981 25.4558 6.08209 2.06187 79.5949 -1.6027 -13 76 1 0 1
-0.935403 1.69703 25.4558 -1.56779 -3.69512 57.1433 2.50246 -13 77 1 0 1
-1.49081 0.887695 25.4558 -4.31787 -1.52462 59.8846 -0.643098 -13 78 1 0 1
0.740751 -0.435188 25.4558 2.399 -3.59288 62.9437 1.55596 -13 79 1 0 1
1.84476 -2.73688 25.4558 0.66842 -5.64087 72.5198 0.170388 -13 80 1 0 1
1.83041 -0.909402 25.4558 1.40531 11.3717 69.7757 0.201146 -13 81 1 0 1
-0.111096 -0.516606 25.4558 2.32517 2.28773 62.7633 1.34101 -13 82 1 0 1
-1.64058 2.70066 25.4558 -9.94864 18.734 66.625 0.154412 -13 83 1 0 1
-3.29687 -0.139321 25.4558 -15.0998 -2.08732 61.7567 0.276076 -13 84 1 0 1
2.12702 0.611874 25.4558 1.97652 -0.649033 75.7601 1.27332 -13 85 1 0 1
1.31681 1.66041 25.4558 2.41971 -7.92205 68.0549 -0.0495147 -13 86 1 0 1
-1.98436 -1.92413 25.4558 0.110172 -9.92356 50.1918 0.982216 -13 87 1 0 1
-0.468273 -1.63199 25.4558 -4.97346 -6.02834 67.9524 -0.266655 -13 88 1 0 1
0.865184 -2.10283 25.4558 3.18245 -1.19761 62.2485 -0.436086 -13 89 1 0 1
0.435714 1.44845 25.4558 1.35989 4.37897 65.8015 -0.0426034 -13 90 1 0 1
-2.49776 -0.424087 25.4558 -9.00506 -3.65221 63.7205 1.01852 -13 91 1 0 1
0.324792 0.490491 25.4558 7.01331 2.06898 55.0108 0.127153 -13 92 1 0 1
0.271732 1.16721 25.4558 4.79491 -0.541948 58.9799 0.977241 -13 93 1 0 1
-0.209496 5.28245 25.4558 2.59333 17.5418 52.7839 -1.19531 -13 94 1 0 1
1.73259 -0.135762 25.4558 3.2194 2.78118 70.4626 0.210093 -13 95 1 0 1
0.356669 0.600652 25.4558 1.75003 9.65738 60.8791 -1.6631 -13 96 1 0 1
-1.62451 -3.01464 25.4558 -0.190003 -0.509527 57.1454 -0.889381 -13 97 1 0 1
0.279333 -2.31459 25.4558 -0.539574 -1.64277 67.4419 0.586613 -13 98 1 0 1
-0.781129 2.4544 25.4558 -3.13038 10.209 62.9171 0.654426 -13 99 1 0 1
2.12248 -2.44901 25.4558 6.18277 -0.496943 67.4137 -0.717725 -13 100 1 0 1
3.10479 1.04788 25.4558 9.33039 -0.614636 68.0385 -0.516288 -13 101 1 0 1
1.59841 0.837712 25.4558 2.95159 1.9275 67.3099 0.0695941 -13 102 1 0 1
3.10162 -3.06308 25.4558 12.0363 1.23987 61.1138 -2.29217 -13 103 1 0 1
1.93659 1.74301 25.4558 5.53045 1.19383 67.4374 -0.149067 -13 104 1 0 1
-1.74119 -1.6585 25.4558 -3.59669 7.93462 60.1934 -1.30534 -13 105 1 0 1
-2.51776 -0.709516 25.4558 -8.86215 -3.06617 59.7128 0.433619 -13 106 1 0 1
0.967038 -1.34487 25.4558 -1.56301 -7.02424 70.3428 -0.893895 -13 107 1 0 1
2.10739 -0.665547 25.4558 8.7782 7.90836 62.8879 -0.653691 -13 108 1 0 1
1.4336 0.284455 25.4558 4.83807 3.16775 67.8343 1.15209 -13 109 1 0 1
0.829216 0.0437202 25.4558 -5.74999 2.43283 72.4935 -0.102139 -13 110 1 0 1
0.994489 -3.02291 25.4558 -6.97903 -4.95268 76.939 -0.139488 -13 111 1 0 1
1.65655 1.31984 25.4558 5.89637 -0.818446 56.2271 -1.69511 -13 112 1 0 1
0.30068 1.64604 25.4558 5.00136 4.48312 54.9464 0.934611 -13 113 1 0 1
1.41153 -1.05785 25.4558 6.29485 -6.48597 63.0406 0.0928186 -13 114 1 0 1
0.515321 1.14353 25.4558 7.84191 1.91132 49.3318 -0.0106427 -13 115 1 0 1
-0.312538 -0.530746 25.4558 -9.48047 -3.17223 72.3498 0.668444 -13 116 1 0 1
-0.823712 -0.341567 25.4558 -0.851495 2.54774 55.5162 -0.197704 -13 117 1 0 1
-0.829615 1.3673 25.4558 4.89218 -6.84588 46.9549 -0.265967 -13 118 1 0 1
0.86817 -0.197438 25.4558 -1.06798 3.57691 70.6208 0.655363 -13 119 1 0 1
-3.06053 -0.541894 25.4558 -6.42757 0.900313 49.602 -0.0277216 -13 120 1 0 1
1.14435 -4.32273 25.4558 4.83999 -6.73898 60.9316 1.67774 -13 121 1 0 1
0.706946 -2.19135 25.4558 -7.46624 -5.46701 76.6941 0.773621 -13 122 1 0 1
0.722896 -3.1617 25.4558 -1.56788 -10.998 70.6661 0.900735 -13 123 1 0 1
2.9968 -0.226804 25.4558 14.2069 1.81573 56.884 0.443707 -13 124 1 0 1
-3.11158 -3.14475 25.4558 -10.9388 -13.6064 58.643 -1.37694 -13 125 1 0 1
1.87729 2.07871 25.4558 -5.79474 -3.17426 78.8708 1.09187 -13 126 1 0 1
0.516917 3.63712 25.4558 3.49444 8.2529 59.9507 -0.95161 -13 127 1 0 1
0.275371 0.902757 25.4558 1.19815 -5.31591 64.767 0.470674 -13 128 1 0 1
3.2654 1.26285 25.4558 13.9954 6.34305 57.7226 -0.329646 -13 129 1 0 1
0.766778 -2.75396 25.4558 7.85256 -0.961786 49.9411 0.73679 -13 130 1 0 1
1.12749 0.863836 25.4558 -0.685546 3.82283 69.1335 -0.325855 -13 131 1 0 1
-1.23605 -0.513411 25.4558 -13.3026 -5.50973 72.5802 1.43038 -13 132 1 0 1
2.046 0.558995 25.4558 8.56694 -0.282853 63.7222 -1.19667 -13 133 1 0 1
3.74125 1.153 25.4558 6.84467 4.16029 75.3777 0.532143 -13 134 1 0 1
2.00836 2.42336 25.4558 2.39384 1.09122 70.0474 0.979542 -13 135 1 0 1
2.38847 2.81145 25.4558 11.8838 3.54965 55.1439 0.171873 -13 136 1 0 1
-1.3729 -0.060404 25.4558 -5.10017 -2.79364 62.9375 1.63321 -13 137 1 0 1
-1.48209 2.54759 25.4558 -2.5711 11.5319 55.2981 0.425187 -13 140 1 0 1
-0.719332 -0.0216201 25.4558 2.35465 7.04971 52.5098 0.0038907 -13 141 1 0 1
2.69331 -0.630862 25.4558 10.198 5.89006 64.1632 2.03773 -13 142 1 0 1
-1.22618 -0.304284 25.4558 -10.3354 -4.00713 70.695 -0.741893 -13 143 1 0 1
3.15184 1.07597 25.4558 7.97259 -0.964066 71.6895 3.02281 -13 144 1 0 1
1.18291 -4.7843 25.4558 6.61497 -14.8606 55.788 1.80433 -13 145 1 0 1
1.85888 -2.68823 25.4558 5.95396 -4.18613 65.8781 0.329153 -13 146 1 0 1
-0.145979 -0.449387 25.4558 -0.98545 -2.25136 65.3966 -1.10378 -13 147 1 0 1
-0.0784807 -4.41797 25.4558 -4.63134 -9.40561 68.8716 0.352027 -13 148 1 0 1
2.02083 2.61891 25.4558 8.33871 6.93345 55.9596 -0.405707 -13 149 1 0 1
1.21218 1.95827 25.4558 3.63894 11.4005 65.3881 -0.0801343 -13 150 1 0 1
0.566793 -2.16694 25.4558 4.22329 -11.1137 56.4088 1.275 -13 151 1 0 1
0.503505 -0.156901 25.4558 1.9955 -2.11594 64.4956 2.20046 -13 152 1 0 1
-0.405783 0.445625 25.4558 -4.28548 -8.28623 67.6242 -0.414469 -13 153 1 0 1
0.958196 -1.71932 25.4558 -9.62293 -9.52079 77.7325 -2.02127 -13 154 1 0 1
-2.1466 1.71263 25.4558 -10.8662 3.85913 65.3027 -1.38728 -13 155 1 0 1
2.05413 -2.8122 25.4558 11.3139 -3.69876 45.5095 -0.501964 -13 156 1 0 1
-0.999713 -1.13165 25.4558 -2.99062 1.37118 62.4174 -0.0481083 -13 157 1 0 1
2.85341 2.49621 25.4558 -3.91249 3.00636 79.3625 1.37447 -13 158 1 0 1
-2.43801 3.12187 25.4558 -4.31089 6.61146 56.1317 -0.61072 -13 159 1 0 1
3.93527 -0.202775 25.4558 13.8652 -0.127542 62.8947 0.0257633 -13 160 1 0 1
2.88427 1.8586 25.4558 6.84104 -1.65996 70.5243 1.60314 -13 161 1 0 1
-4.27237 1.24077 25.4558 -5.78022 2.36373 40.2366 -0.545886 -13 162 1 0 1
-0.219351 -0.472178 25.4558 -5.79022 7.87686 70.0055 -1.675 -13 163 1 0 1
2.34522 -0.532296 25.4558 7.53642 -9.71648 65.8876 0.0803271 -13 164 1 0 1
-7.54248 -1.07435 25.4558 -8.88604 -5.34328 24.58 2.1527 -13 165 1 0 1
-3.40904 -0.186347 25.4558 -20.1443 -1.80253 68.4249 -0.203376 -13 166 1 0 1
2.02226 2.55905 25.4558 8.55572 10.3696 61.7646 0.6175 -13 167 1 0 1
2.29894 0.924576 25.4558 -7.48564 9.45032 78.5457 1.13083 -13 168 1 0 1
2.73018 -0.46364 25.4558 11.3281 -6.37665 57.2198 -0.266724 -13 169 1 0 1
-0.769203 -0.0684899 25.4558 -6.73164 -3.8598 67.4348 -0.646591 -13 170 1 0 1
3.84575 -4.21892 25.4558 13.8121 -3.48924 40.1372 0.718311 -13 171 1 0 1
-1.01857 2.43638 25.4558 0.122955 3.15765 56.8889 -0.380911 -13 172 1 0 1
2.0143 -0.822509 25.4558 11.0782 -4.66963 58.425 0.152448 -13 173 1 0 1
1.50055 3.84909 25.4558 4.06854 3.90342 68.8092 0.259392 -13 174 1 0 1
-3.01991 -0.0796385 25.4558 -2.69328 -6.23728 48.6211 -0.180956 -13 176 1 0 1
2.9526 -2.29584 25.4558 12.7296 -7.84678 50.1867 -0.383134 -13 177 1 0 1
-0.65984 -2.26748 25.4558 2.732 -3.85721 52.6615 -0.589041 -13 178 1 0 1
2.94073 -1.37582 25.4558 7.63489 -14.2819 68.5645 -0.739174 -13 179 1 0 1
0.563499 -2.44337 25.4558 5.96062 -6.52879 52.1242 1.53573 -13 180 1 0 1
-3.40885 -0.662623 25.4558 -3.2875 -1.67111 38.9921 -1.48667 -13 181 1 0 1
-4.24559 -0.0492758 25.4558 -4.89822 2.36849 40.4028 -0.921766 -13 182 1 0 1
0.501813 0.182965 25.4558 8.12258 9.22563 42.3829 -0.00828332 -13 183 1 0 1
-3.49591 0.916875 25.4558 -11.6268 -4.11014 55.9231 0.0111757 -13 184 1 0 1
-1.65788 -0.32672 25.4558 -3.72598 -7.17437 60.1313 -0.782001 -13 185 1 0 1
-0.763926 0.791094 25.4558 3.17156 5.4148 41.4982 -0.674262 -13 186 1 0 1
1.88688 -2.31074 25.4558 3.68968 2.48563 71.4102 1.15079 -13 188 1 0 1
0.567549 -0.739542 25.4558 -12.6398 -5.5684 79.0299 0.201515 -13 189 1 0 1
-2.57468 0.743482 25.4558 -6.46863 3.87683 59.5251 1.90497 -13 191 1 0 1
2.5956 -1.39405 25.4558 -4.75737 5.77904 80.0708 0.867858 -13 192 1 0 1
-4.22632 1.55796 25.4558 -5.20043 -2.21562 38.5475 -1.05611 -13 193 1 0 1
1.15699 1.66481 25.4558 1.00014 14.0831 68.9821 -0.240367 -13 194 1 0 1
-0.257735 -0.137816 25.4558 1.25259 0.0305063 60.4136 2.25914 -13 195 1 0 1
5.16944 1.8757 25.4558 2.98199 -4.44893 80.542 2.59485 -13 196 1 0 1
-1.58682 2.53736 25.4558 -5.32214 8.7252 63.0065 -0.91988 -13 197 1 0 1
1.93252 -0.126442 25.4558 9.69308 0.181498 49.5287 -0.618965 -13 198 1 0 1
-3.4596 5.99236 25.4558 -8.30217 12.1879 56.6412 -1.60852 -13 199 1 0 1
-2.07086 -2.14956 25.4558 -3.16217 -3.47971 50.8901 0.649071 -13 200 1 0 1
-1.9085 -0.009226 25.4558 -13.1285 -5.30902 68.7918 0.327686 -13 201 1 0 1
-0.994821 5.77939 25.4558 -2.15101 15.7483 57.9813 -0.855207 -13 202 1 0 1
-0.545815 1.60397 25.4558 -1.42985 0.544282 62.1873 0.268277 -13 203 1 0 1
-1.09504 2.7375 25.4558 0.84719 1.01374 50.0371 1.40552 -13 205 1 0 1
-0.915824 1.08355 25.4558 -23.6549 1.68815 74.4216 0.219702 -13 206 1 0 1
-2.8476 -2.61471 25.4558 -7.18107 -9.93961 56.9726 -1.07185 -13 207 1 0 1
-2.8036 0.174313 25.4558 -15.8739 1.9908 68.007 -0.278172 -13 208 1 0 1
-1.07022 1.58102 25.4558 4.99733 4.46586 24.4342 0.0144595 -13 209 1 0 1
2.25128 -0.876246 25.4558 12.5286 0.989264 46.6008 -0.410379 -13 210 1 0 1
2.05538 3.85387 25.4558 9.99638 5.33211 42.1028 0.555524 -13 211 1 0 1
0.573041 3.9035 25.4558 -6.3554 17.5131 72.2414 2.10387 -13 212 1 0 1
-3.69059 2.79522 25.4558 -11.8529 6.68498 58.5418 -1.32733 -13 213 1 0 1
1.18013 3.32263 25.4558 -2.97253 9.51797 75.2179 1.04921 -13 214 1 0 1
1.51922 1.04075 25.4558 -0.520529 -8.66873 72.2189 1.75791 -13 215 1 0 1
1.65363 -0.024575 25.4558 1.73502 0.70795 70.0238 1.16013 -13 216 1 0 1
4.41796 -0.268761 25.4558 16.269 6.21682 43.1035 -0.980828 -13 217 1 0 1
-2.12408 0.964267 25.4558 -10.8268 3.17483 64.2086 0.194692 -13 218 1 0 1
1.16335 -0.90853 25.4558 -4.85475 -3.97194 77.6455 0.0824154 -13 219 1 0 1
1.73531 1.65358 25.4558 1.49774 0.69908 72.215 2.42343 -13 220 1 0 1
1.28978 1.32832 25.4558 11.6605 -0.233443 54.5037 0.989696 -13 221 1 0 1
0.605937 1.83221 25.4558 -3.27821 10.5087 72.204 -0.74269 -13 222 1 0 1
-2.02904 -1.08095 25.4558 -8.24071 2.57031 61.5457 1.05469 -13 223 1 0 1
-1.9676 -0.80129 25.4558 -6.60502 0.116403 62.3789 -0.41388 -13 224 1 0 1
-0.153202 2.31436 25.4558 3.07315 10.7393 54.0182 -0.246379 -13 226 1 0 1
-1.3831 -1.0081 25.4558 -4.51267 -6.57976 62.1304 0.0841905 -13 227 1 0 1
2.45623 0.22343 25.4558 -3.09291 -0.323966 78.3591 -1.84254 -13 228 1 0 1
-0.166461 1.9851 25.4558 -9.36627 -0.195225 71.9224 0.315014 -13 229 1 0 1
-0.0425731 -3.0467 25.4558 5.30423 -8.35787 45.7253 -0.326358 -13 230 1 0 1
4.06046 1.44399 25.4558 13.2048 15.1547 64.4651 1.29461 -13 231 1 0 1
4.46559 2.68961 25.4558 19.1376 9.38414 59.3084 0.917575 -13 232 1 0 1
-1.80432 0.301144 25.4558 -8.88979 -1.96117 65.2064 -1.40329 -13 233 1 0 1
2.39598 0.575744 25.4558 6.67202 1.98826 67.8527 -0.546536 -13 234 1 0 1
2.90615 0.418506 25.4558 4.45189 -7.73381 74.0423 0.354517 -13 235 1 0 1
-1.82807 0.271386 25.4558 -7.88139 -7.44362 64.5409 1.34278 -13 236 1 0 1
2.15832 -4.20511 25.4558 10.8212 -9.48262 52.8952 0.835981 -13 237 1 0 1
-0.0650064 0.73554 25.4558 -0.236815 1.41384 62.9647 0.157956 -13 238 1 0 1
-0.943873 -2.54085 25.4558 -10.1294 -0.695182 70.2121 1.35104 -13 239 1 0 1
0.557404 4.42563 25.4558 7.69632 13.6186 44.5184 -0.311567 -13 240 1 0 1
0.322666 0.315451 25.4558 7.07801 1.27573 34.0147 0.780798 -13 241 1 0 1
-1.44689 1.30043 25.4558 -2.60299 -3.45866 58.8286 1.90296 -13 242 1 0 1
2.9912 -3.50661 25.4558 9.76217 -8.23933 67.9572 -0.0298711 -13 243 1 0 1
2.62297 1.08205 25.4558 1.48465 4.66797 75.9891 0.758638 -13 244 1 0 1
2.72842 -1.00997 25.4558 5.70574 8.96306 71.3885 -0.608058 -13 245 1 0 1
1.19278 -0.758149 25.4558 0.033963 7.51113 70.7019 -0.110023 -13 246 1 0 1
0.548643 -2.88504 25.4558 2.91991 -4.3431 61.1295 -0.238547 -13 247 1 0 1
-0.0501663 -1.67256 25.4558 -3.01958 -6.04414 67.9446 0.765244 -13 248 1 0 1
4.46235 3.99488 25.4558 15.3439 3.64096 60.2825 -0.848651 -13 249 1 0 1
1.96397 -2.23613 25.4558 3.91122 -10.8186 68.2232 -1.40266 -13 250 1 0 1
2.42976 7.03188 25.4558 9.65129 12.8907 61.2625 -0.924345 -13 251 1 0 1
2.01656 0.993505 25.4558 9.47522 -0.531156 63.3115 0.370448 -13 252 1 0 1
2.01464 1.40994 25.4558 1.27277 14.3848 70.9262 -1.25327 -13 253 1 0 1
0.441756 1.35494 25.4558 5.41874 7.1522 54.0045 -0.400326 -13 254 1 0 1
2.01173 -0.694607 25.4558 -2.09323 5.61731 77.4864 0.0528667 -13 255 1 0 1
-1.74102 0.921642 25.4558 -2.23118 3.26713 53.5081 -0.842917 -13 256 1 0 1
-1.81498 -2.32726 25.4558 1.171 -10.3228 42.81 -0.167253 -13 257 1 0 1
0.182862 0.610519 25.4558 -0.0615315 -1.66066 63.3613 0.227414 -13 258 1 0 1
0.292338 1.23132 25.4558 6.51514 -1.84684 56.8747 -1.07791 -13 259 1 0 1
0.77446 1.70697 25.4558 -2.32383 -0.4873 72.6901 -0.193714 -13 260 1 0 1
-0.950464 1.81605 25.4558 -2.65989 5.86061 60.1342 -1.02555 -13 261 1 0 1
0.473697 -0.487418 25.4558 4.64613 0.66364 63.1246 2.21124 -13 262 1 0 1
2.44083 -1.65916 25.4558 9.75916 -6.03173 62.777 -1.37301 -13 263 1 0 1
-1.21381 -0.965207 25.4558 -0.00778056 -3.92276 50.8337 -0.112044 -13 264 1 0 1
2.67234 0.758154 25.4558 10.2646 7.44364 62.8368 0.80915 -13 265 1 0 1
1.97519 2.05556 25.4558 4.24504 1.67146 70.7001 0.698187 -13 266 1 0 1
-0.501191 2.93261 25.4558 -2.41319 0.417763 63.6854 -0.188124 -13 267 1 0 1
-0.971549 -0.320552 25.4558 2.92843 3.95926 43.1559 -0.990083 -13 268 1 0 1
1.09561 3.32407 25.4558 -7.59567 2.67852 77.7961 0.589503 -13 269 1 0 1
-1.15544 1.34245 25.4558 -4.33108 -4.03374 63.9661 1.37262 -13 270 1 0 1
4.03617 0.478755 25.4558 6.97252 -7.42425 77.3836 -0.716325 -13 271 1 0 1
1.4328 -1.94857 25.4558 6.30375 -10.5792 62.6076 1.70175 -13 272 1 0 1
-3.71025 1.57212 25.4558 -7.69906 2.42634 54.4168 2.92685 -13 273 1 0 1
1.4788 -1.58931 25.4558 3.7149 1.40082 67.5731 -1.92088 -13 274 1 0 1
2.19723 0.563032 25.4558 8.79106 -4.0584 58.9708 -0.184165 -13 275 1 0 1
1.73291 -0.842589 25.4558 10.6115 -6.45522 57.3609 1.2921 -13 277 1 0 1
-3.79937 0.363728 25.4558 -13.4807 1.19587 60.5217 1.67541 -13 278 1 0 1
-1.69367 1.9743 25.4558 -11.0023 -6.84826 68.2492 -2.35706 -13 279 1 0 1
0.895395 1.60905 25.4558 3.89641 1.56518 61.4686 0.35334 -13 280 1 0 1
0.880309 -2.18956 25.4558 -0.627262 -2.95462 66.7324 -1.18148 -13 281 1 0 1
-1.57171 1.64597 25.4558 -0.578427 10.1925 47.8595 -0.719039 -13 282 1 0 1
0.989772 -2.94513 25.4558 7.59537 -9.25904 49.9038 -1.49133 -13 283 1 0 1
-2.29754 4.06736 25.4558 -3.27171 3.30746 53.0454 -0.239033 -13 284 1 0 1
-3.3249 0.414871 25.4558 -13.3818 6.59775 61.1691 -0.380019 -13 285 1 0 1
-1.31812 -5.48418 25.4558 -8.76167 -2.38561 69.0669 -1.34325 -13 286 1 0 1
-1.44125 1.94502 25.4558 -1.01897 -0.616214 52.0266 -1.49713 -13 287 1 0 1
2.24952 5.45653 25.4558 -3.73622 35.7463 71.1083 -0.164957 -13 288 1 0 1
1.27743 2.41349 25.4558 -5.60893 12.5131 77.2687 0.569898 -13 289 1 0 1
4.37524 0.393034 25.4558 16.086 -1.73553 42.917 0.27767 -13 290 1 0 1
2.88901 -1.02243 25.4558 1.96508 -10.208 74.8694 0.556532 -13 291 1 0 1
0.507479 -0.26359 25.4558 -4.85495 3.34838 72.803 -0.161114 -13 292 1 0 1
-5.06457 -0.0850051 25.4558 -12.239 9.99083 48.1964 2.1734 -13 293 1 0 1
5.65696 -1.24838 25.4558 17.109 10.126 68.9119 1.70328 -13 294 1 0 1
-0.969851 0.828538 25.4558 -5.16189 1.54229 65.3122 0.188956 -13 295 1 0 1
-2.92302 1.14333 25.4558 -7.80184 3.36829 59.0221 -0.166564 -13 296 1 0 1
1.85067 0.0643796 25.4558 10.1349 -4.40079 53.5824 2.64897 -13 297 1 0 1
1.27154 2.06924 25.4558 2.60589 0.956901 67.393 -1.7583 -13 298 1 0 1
-5.51335 -1.19205 25.4558 -13.7223 6.70953 45.6106 2.85394 -13 299 1 0 1
-2.02597 2.94633 25.4558 -6.49578 4.94973 62.5262 -0.665016 -13 301 1 0 1
-1.53014 -0.42179 25.4558 -6.21609 6.94635 63.399 0.3399 -13 302 1 0 1
-0.316035 -1.73544 25.4558 -0.544899 2.87177 62.5197 0.110542 -13 303 1 0 1
0.196883 -0.0491034 25.4558 -1.65216 7.591 65.748 0.634542 -13 304 1 0 1
-5.19654 2.26238 25.4558 -9.40964 8.52229 43.5845 1.3128 -13 305 1 0 1
-0.381549 0.459195 25.4558 -3.37965 -4.53682 66.7013 -0.94165 -13 306 1 0 1
2.7001 -1.23671 25.4558 6.33996 -19.5868 66.6553 -1.19685 -13 307 1 0 1
0.741314 -3.08343 25.4558 -4.60533 -13.7415 72.6554 0.183254 -13 308 1 0 1
-0.0509293 1.78015 25.4558 -2.23098 8.27112 66.146 -0.759793 -13 309 1 0 1
4.07807 -1.35534 25.4558 9.78455 -5.35683 71.7755 -0.298198 -13 310 1 0 1
-0.67426 -5.66051 25.4558 3.23121 -3.0684 32.1987 -1.51801 -13 311 1 0 1
-0.504931 -0.346848 25.4558 -7.82579 2.50487 71.3308 -0.0674379 -13 312 1 0 1
-0.260577 3.08039 25.4558 -7.75798 11.4568 71.6708 1.02894 -13 313 1 0 1
-0.410058 0.124818 25.4558 -7.35283 1.38903 67.7867 -0.500211 -13 314 1 0 1
2.064 -2.35337 25.4558 9.70725 -0.0546131 61.9248 -1.37073 -13 315 1 0 1
-0.420022 -4.74419 25.4558 2.69968 -16.8639 50.8158 -1.14409 -13 316 1 0 1
-1.06223 -1.66619 25.4558 -4.66844 -9.88632 63.7466 0.842772 -13 317 1 0 1
0.921848 -1.7183 25.4558 0.0296296 -2.03546 69.2521 -1.32936 -13 318 1 0 1
0.774463 -0.721911 25.4558 -3.5096 8.68089 70.0808 2.09845 -13 319 1 0 1
3.51021 0.15213 25.4558 9.61992 1.02235 71.8412 0.675212 -13 320 1 0 1
1.21294 0.401405 25.4558 6.06341 -0.917277 56.9691 -1.57978 -13 321 1 0 1
2.70337 0.00126442 25.4558 -8.98381 4.12119 79.6061 1.9391 -13 322 1 0 1
3.64794 -3.6522 25.4558 6.62616 -2.21906 75.7128 0.301622 -13 323 1 0 1
0.94405 1.60683 25.4558 3.11454 7.4307 65.7998 -0.601949 -13 324 1 0 1
1.96419 -0.569977 25.4558 2.17566 -5.51505 72.5734 0.0611367 -13 325 1 0 1
-3.37584 3.78192 25.4558 -13.3912 11.209 58.9364 0.0259847 -13 326 1 0 1
-3.43621 -4.53936 25.4558 -7.11026 -19.2235 48.1701 0.263379 -13 327 1 0 1
-2.49512 3.52308 25.4558 -7.42912 -3.83819 59.0573 -1.45236 -13 328 1 0 1
0.411756 1.15774 25.4558 -1.51879 10.0635 68.6847 1.16066 -13 329 1 0 1
3.67478 -2.14374 25.4558 6.04623 -2.05146 76.6127 -0.771585 -13 330 1 0 1
-0.91682 4.41528 25.4558 -10.7159 4.27554 71.3838 -1.50417 -13 331 1 0 1
-2.87161 -1.10168 25.4558 -0.0808248 2.20098 27.0872 -1.18704 -13 332 1 0 1
0.419368 0.232961 25.4558 6.10259 4.20393 48.8153 4.10679 -13 333 1 0 1
-1.71166 -1.79342 25.4558 -6.40815 -5.42365 65.5702 0.388844 -13 334 1 0 1
1.69869 -1.54393 25.4558 6.41984 -8.35776 66.2125 0.393143 -13 335 1 0 1
1.21186 -2.82742 25.4558 -1.49791 -9.94529 68.6771 -0.604717 -13 336 1 0 1
7.80213 -4.09667 25.4558 28.5546 -13.9423 57.3836 -2.3775 -13 337 1 0 1
1.5032 0.702555 25.4558 8.07882 -8.34928 53.9533 0.925472 -13 338 1 0 1
-0.883981 -2.44209 25.4558 1.10011 -5.19183 50.7154 0.399343 -13 339 1 0 1
1.37294 0.968844 25.4558 2.71373 8.39522 69.3022 0.25817 -13 340 1 0 1
3.3941 2.0087 25.4558 5.59579 -0.896909 77.6494 0.0124017 -13 341 1 0 1
0.927942 0.303126 25.4558 -4.40312 7.00309 73.4382 0.670105 -13 342 1 0 1
0.117289 0.842281 25.4558 1.35165 -6.87933 62.1928 -0.321863 -13 343 1 0 1
1.30847 -2.2762 25.4558 8.76319 1.85138 49.464 -0.288292 -13 344 1 0 1
0.0897506 -1.03009 25.4558 -2.36669 1.13293 69.0393 -0.801396 -13 345 1 0 1
-2.37551 -0.296928 25.4558 -10.7498 -1.82679 64.8064 0.623313 -13 346 1 0 1
-0.445897 0.234101 25.4558 -4.15493 1.58796 68.3655 -0.793526 -13 347 1 0 1
-1.45896 -1.78765 25.4558 0.651253 5.80252 52.4626 -0.474851 -13 348 1 0 1
2.60197 0.710169 25.4558 11.1892 -1.77627 56.1905 0.876723 -13 349 1 0 1
0.88403 -1.82523 25.4558 2.52153 -5.47392 65.195 0.815018 -13 350 1 0 1
0.0306673 2.4111 25.4558 -5.00414 6.02731 70.1185 -1.50472 -13 352 1 0 1
-0.520483 2.29375 25.4558 -2.6134 5.7736 65.8107 -0.193912 -13 353 1 0 1
-0.86364 3.69973 25.4558 0.185145 5.90154 53.948 0.423885 -13 354 1 0 1
0.161821 1.40938 25.4558 -8.9183 8.85028 73.4666 -0.431344 -13 355 1 0 1
1.77719 0.53934 25.4558 8.54414 10.1214 59.0455 0.307867 -13 356 1 0 1
-1.36124 -0.837827 25.4558 1.11593 1.57557 42.6532 0.0251166 -13 357 1 0 1
2.1699 0.144897 25.4558 10.6091 8.10877 51.1047 0.619375 -13 358 1 0 1
1.10628 -1.91768 25.4558 6.2541 2.92948 62.2476 0.4857 -13 359 1 0 1
0.102245 -1.22583 25.4558 -7.92521 -4.60739 74.9441 -0.570002 -13 360 1 0 1
3.18087 -0.890401 25.4558 2.2501 2.89767 77.3356 -0.0873736 -13 361 1 0 1
-4.02211 1.69945 25.4558 -16.4506 -0.216469 62.2044 -2.74587 -13 362 1 0 1
1.47899 -0.0278154 25.4558 -2.80521 6.48088 75.2611 -0.268711 -13 363 1 0 1
0.834749 -2.01893 25.4558 0.0182193 -4.33334 64.912 0.276077 -13 364 1 0 1
-1.16927 0.676188 25.4558 1.88044 7.45541 49.2785 -1.88464 -13 365 1 0 1
1.36847 0.0258559 25.4558 10.516 -1.25761 45.1852 2.24661 -13 366 1 0 1
1.04544 1.36628 25.4558 10.1747 -3.26526 41.0913 1.31051 -13 367 1 0 1
-0.648002 0.597969 25.4558 -2.78011 7.0308 64.8778 0.583059 -13 368 1 0 1
-0.387135 -1.96446 25.4558 0.561182 -0.894848 60.5138 -1.06438 -13 369 1 0 1
-0.976328 0.763575 25.4558 -11.692 1.06124 71.901 0.897083 -13 370 1 0 1
-0.235311 -1.97206 25.4558 -0.711331 -4.38167 66.2333 2.42435 -13 371 1 0 1
-1.16951 0.379751 25.4558 1.78637 -9.76248 53.4975 0.838887 -13 372 1 0 1
-1.48155 -0.850397 25.4558 -6.63537 -7.13392 64.3985 0.730023 -13 373 1 0 1
0.187643 -0.910755 25.4558 -9.78858 0.323804 76.1449 0.670039 -13 374 1 0 1
-0.665207 0.240834 25.4558 -16.9521 7.37754 77.0903 -1.35763 -13 375 1 0 1
-0.768006 -3.33378 25.4558 -7.55012 -14.5552 68.2286 0.510648 -13 376 1 0 1
5.34997 -0.294957 25.4558 12.6177 -8.33229 77.6672 1.23012 -13 377 1 0 1
-1.07549 0.83348 25.4558 2.78558 -4.89444 42.7478 2.21546 -13 378 1 0 1
1.81126 -3.57384 25.4558 3.3343 -22.8824 65.2005 0.682351 -13 379 1 0 1
-3.59967 -3.1463 25.4558 -3.59979 -13.6643 42.0033 -0.711002 -13 380 1 0 1
1.32117 -1.95036 25.4558 7.05925 2.77825 59.8117 1.19317 -13 381 1 0 1
3.16963 -2.0063 25.4558 7.34864 -9.87556 72.2357 -0.292936 -13 382 1 0 1
-5.36252 1.45102 25.4558 -13.7812 2.48439 48.4602 1.35754 -13 383 1 0 1
2.32711 2.23752 25.4558 12.3316 1.54047 57.9966 -1.31051 -13 384 1 0 1
0.0609294 0.917017 25.4558 -1.18925 -4.76344 67.4536 1.81712 -13 385 1 0 1
0.921022 0.0541131 25.4558 0.574573 -3.12197 69.9133 1.97436 -13 386 1 0 1
-0.612169 0.355408 25.4558 -9.31616 -2.89411 71.8318 0.168181 -13 387 1 0 1
-0.7401 -0.688893 25.4558 2.63561 -0.122821 52.0001 -0.726539 -13 388 1 0 1
3.58225 -1.30854 25.4558 15.3793 -0.773864 60.6983 1.08009 -13 389 1 0 1
-1.76189 1.02863 25.4558 -5.51762 1.16738 63.667 0.790689 -13 390 1 0 1
3.06776 0.839891 25.4558 15.0141 0.399479 50.9905 -0.204163 -13 391 1 0 1
-2.67201 2.31757 25.4558 -4.646 -1.76933 54.1066 0.246532 -13 392 1 0 1
-0.38264 4.01391 25.4558 -1.55053 10.2771 60.5432 -0.764476 -13 394 1 0 1
0.0124143 1.27649 25.4558 -8.29477 15.1999 73.3077 -1.6084 -13 395 1 0 1
3.43453 2.8121 25.4558 12.4356 3.15276 63.4477 -0.107291 -13 396 1 0 1
1.02793 -2.52209 25.4558 4.9152 -5.31706 59.922 1.30737 -13 397 1 0 1
0.860442 0.087321 25.4558 0.848409 -2.98782 66.8323 0.909026 -13 398 1 0 1
1.368 -3.86591 25.4558 -0.958962 -11.3736 70.8943 2.09233 -13 399 1 0 1
0.809957 -2.42871 25.4558 2.84048 6.2756 64.7164 0.0183665 -13 400 1 0 1
2.86155 -0.41142 25.4558 5.90268 0.713395 71.8625 -0.17764 -13 401 1 0 1
-2.26805 2.16502 25.4558 -5.27715 6.28193 57.6256 -0.253721 -13 402 1 0 1
0.621142 -3.24582 25.4558 -1.00977 -24.5931 67.5607 0.276438 -13 403 1 0 1
1.21888 0.043774 25.4558 3.50348 -8.32628 66.1794 1.2596 -13 404 1 0 1
-0.711641 0.529217 25.4558 -2.36115 -7.75537 60.116 -0.535121 -13 406 1 0 1
-0.317444 -2.71462 25.4558 -2.27891 -5.53388 65.9794 1.33071 -13 407 1 0 1
2.66447 1.59321 25.4558 12.3307 7.73237 57.1345 1.84789 -13 408 1 0 1
2.13606 -0.308812 25.4558 8.67366 -1.40941 64.0592 0.36811 -13 409 1 0 1
0.733665 -1.44084 25.4558 -6.31556 -6.60065 75.8634 -2.52335 -13 410 1 0 1
-2.90747 4.86308 25.4558 -0.971423 4.13018 43.423 0.582308 -13 411 1 0 1
0.244751 -2.05976 25.4558 -1.97491 -9.7498 66.784 1.30875 -13 412 1 0 1
0.393816 2.09976 25.4558 -10.9493 4.91611 78.1189 0.139149 -13 413 1 0 1
-3.58123 -1.94113 25.4558 -9.40077 -4.54417 57.632 1.03654 -13 414 1 0 1
1.4002 1.19424 25.4558 6.97513 7.48739 57.0652 0.387267 -13 415 1 0 1
1.88046 -0.368511 25.4558 7.95605 2.30362 26.2149 4.94196 -13 416 1 0 1
0.812727 -6.45594 25.4558 7.26666 -12.3825 40.8163 -0.090963 -13 417 1 0 1
0.675034 1.53202 25.4558 -1.47763 -0.0805674 69.6796 1.52101 -13 418 1 0 1
0.964226 2.53954 25.4558 3.05891 11.3198 63.1115 0.557597 -13 419 1 0 1
1.36534 -0.498156 25.4558 -1.27643 -10.2502 73.4386 -0.389884 -13 421 1 0 1
1.58819 4.48971 25.4558 4.36657 20.9046 63.8684 0.441725 -13 422 1 0 1
-4.64139 -6.77604 25.4558 -8.76135 -10.7474 44.8475 -0.187055 -13 423 1 0 1
2.09993 6.22044 25.4558 13.3456 9.75295 46.5018 0.668398 -13 424 1 0 1
-0.536088 -0.197784 25.4558 -1.41674 2.96584 64.2094 -0.016163 -13 425 1 0 1
1.6489 -0.964189 25.4558 -2.8735 4.54652 73.9688 -1.37324 -13 426 1 0 1
2.8333 -3.24873 25.4558 9.85191 -5.41088 62.9386 -0.485361 -13 427 1 0 1
-0.583969 0.691597 25.4558 -4.36201 12.0684 65.2077 0.428252 -13 428 1 0 1
2.37886 -1.68256 25.4558 12.2788 -10.5143 56.5511 -0.0696525 -13 429 1 0 1
-1.47585 2.74079 25.4558 -13.3895 14.4466 69.2191 -1.65944 -13 430 1 0 1
2.35411 -0.772327 25.4558 -0.210432 -5.67569 75.8977 1.94021 -13 431 1 0 1
1.7013 -0.218785 25.4558 4.48306 5.6065 67.8517 1.98816 -13 432 1 0 1
1.04024 -0.0793764 25.4558 -1.33993 -11.7705 69.665 1.42113 -13 433 1 0 1
0.633357 -0.177827 25.4558 4.21986 10.1223 59.2396 0.15315 -13 434 1 0 1
4.95953 1.59956 25.4558 17.3351 2.37244 57.8796 1.09706 -13 435 1 0 1
1.22863 -0.454387 25.4558 1.87443 0.394866 67.488 -2.276 -13 437 1 0 1
-2.00849 -0.228054 25.4558 -1.13779 0.446263 55.1068 1.98087 -13 438 1 0 1
0.252775 -4.1065 25.4558 -0.218256 -11.432 62.9653 -1.09298 -13 439 1 0 1
1.30013 0.975639 25.4558 5.47637 6.73103 61.2373 0.247943 -13 440 1 0 1
-0.381373 0.254243 25.4558 -8.01798 0.0765716 71.4337 1.39863 -13 441 1 0 1
-1.11713 -2.55075 25.4558 -5.35079 0.263214 65.5206 -0.106503 -13 442 1 0 1
-0.0470235 -1.9119 25.4558 3.73365 3.65229 56.8827 1.06472 -13 443 1 0 1
4.10567 -0.797736 25.4558 12.1229 0.254208 69.5836 1.00947 -13 444 1 0 1
1.63677 2.20449 25.4558 2.09099 -1.8821 68.465 0.0987797 -13 445 1 0 1
-0.269241 -3.62383 25.4558 -4.40448 -5.96003 69.0509 -1.52525 -13 446 1 0 1
1.48661 -0.106006 25.4558 8.09401 1.30425 56.9263 -0.418441 -13 447 1 0 1
0.539421 -0.52521 25.4558 -1.77865 3.67486 70.6589 -1.97335 -13 448 1 0 1
-1.10036 0.959953 25.4558 -0.0143205 -0.579722 52.8383 -0.171239 -13 449 1 0 1
3.90654 2.14854 25.4558 2.7536 1.74693 81.1513 0.111759 -13 451 1 0 1
-0.00364211 0.0927093 25.4558 -0.73638 -2.73948 67.483 1.12054 -13 452 1 0 1
0.440375 -1.29515 25.4558 5.99655 -2.69791 59.7218 -0.312193 -13 453 1 0 1
-3.19055 1.23835 25.4558 -3.25025 2.46816 50.6209 1.36825 -13 454 1 0 1
1.22794 -0.241854 25.4558 8.88323 -7.86467 55.8001 0.210799 -13 455 1 0 1
2.01665 1.54788 25.4558 6.46268 9.73889 64.3545 -0.610002 -13 456 1 0 1
1.68965 -0.927953 25.4558 11.0201 4.21265 56.521 0.820118 -13 457 1 0 1
1.40717 -5.63257 25.4558 6.25706 -17.22 53.364 -1.07949 -13 458 1 0 1
3.64569 3.314 25.4558 9.35101 6.49048 74.2522 1.71016 -13 459 1 0 1
-0.428623 -0.741296 25.4558 -4.26733 2.42821 65.4244 -0.131732 -13 460 1 0 1
-1.06176 -0.111662 25.4558 -5.16085 4.91834 66.2182 0.375906 -13 461 1 0 1
1.35098 0.295562 25.4558 5.9226 2.6993 64.8583 -0.261912 -13 462 1 0 1
1.58991 -0.777942 25.4558 2.82365 -2.03733 69.0561 1.50492 -13 463 1 0 1
2.04754 3.98606 25.4558 7.76369 17.3746 59.9814 -0.122236 -13 464 1 0 1
-3.08405 3.99487 25.4558 -2.98688 10.2251 38.1699 -0.814337 -13 465 1 0 1
0.947456 1.3192 25.4558 5.28669 7.82392 56.9096 0.359615 -13 466 1 0 1
-0.179567 0.148598 25.4558 6.81378 4.59911 38.6615 -0.118478 -13 467 1 0 1
-0.173717 1.74191 25.4558 4.22945 -3.98917 56.5446 -0.808328 -13 468 1 0 1
-1.57559 3.90211 25.4558 -0.536739 11.8433 50.0928 0.482907 -13 469 1 0 1
1.48342 -2.78065 25.4558 4.2901 -5.80571 65.1025 -0.428985 -13 470 1 0 1
-0.478168 2.84653 25.4558 4.0698 7.43334 49.4 1.22613 -13 471 1 0 1
0.46124 -3.32749 25.4558 6.98739 -9.1741 42.7824 1.22235 -13 472 1 0 1
-0.905118 -0.59844 25.4558 1.84467 -3.79252 55.563 -0.582198 -13 473 1 0 1
1.92615 -1.6611 25.4558 9.38746 -6.72687 61.4856 -0.583106 -13 474 1 0 1
1.77355 0.511875 25.4558 2.64935 7.60119 72.2119 1.61382 -13 475 1 0 1
-2.71667 2.1472 25.4558 -9.95246 11.4703 60.4599 0.036127 -13 476 1 0 1
0.615208 4.42388 25.4558 2.59219 11.5878 66.7657 -1.2434 -13 477 1 0 1
-0.250237 -2.08443 25.4558 -1.68916 -5.52472 61.7302 -1.74367 -13 478 1 0 1
0.101424 1.03452 25.4558 4.17504 -0.909338 48.2951 -0.583167 -13 479 1 0 1
1.56816 0.269631 25.4558 8.80968 4.97691 54.5972 0.353074 -13 480 1 0 1
-0.483898 -1.44728 25.4558 6.64002 -3.90061 33.7625 0.626574 -13 481 1 0 1
-1.31878 -0.0467596 25.4558 2.72266 -7.54386 45.3347 0.43552 -13 482 1 0 1
-1.67705 3.16569 25.4558 -11.2107 10.2118 68.0393 0.842463 -13 483 1 0 1
-1.11948 0.966659 25.4558 -8.37704 -0.0797604 67.1609 -1.21266 -13 484 1 0 1
-3.6221 -1.42576 25.4558 -10.591 -10.0363 56.3611 1.90406 -13 485 1 0 1
-0.114878 -1.38156 25.4558 1.18735 -12.9688 57.9687 2.7989 -13 486 1 0 1
3.3052 1.51432 25.4558 9.02409 0.439689 68.762 0.195872 -13 487 1 0 1
-3.83244 -0.910577 25.4558 -13.2599 -4.2108 59.9752 -0.83632 -13 488 1 0 1
-1.27262 -1.91668 25.4558 1.87895 6.98103 41.9467 1.38896 -13 489 1 0 1
-0.557278 -1.39258 25.4558 -1.72885 -13.2862 62.3515 -1.75517 -13 490 1 0 1
1.92524 2.96245 25.4558 3.51234 2.83942 69.989 0.924802 -13 491 1 0 1
0.739806 -0.691415 25.4558 3.65401 5.91786 61.4061 1.23945 -13 492 1 0 1
-1.3458 -0.457856 25.4558 -0.70288 -3.62221 59.6703 1.08145 -13 493 1 0 1
-1.11931 0.73404 25.4558 3.47125 -3.53502 36.7488 0.145172 -13 494 1 0 1
-0.831298 5.54163 25.4558 5.15817 4.7702 41.8552 -2.6474 -13 495 1 0 1
-0.554825 -3.22534 25.4558 3.66646 -8.62856 43.7509 0.331213 -13 496 1 0 1
-0.592015 -0.197724 25.4558 -4.45693 0.789948 64.2241 0.33438 -13 497 1 0 1
-0.288258 1.16353 25.4558 -4.98252 6.86781 68.8041 -0.359712 -13 498 1 0 1
-0.39434 2.65009 25.4558 2.77155 2.79311 52.2327 -0.774963 -13 499 1 0 1
3.55053 1.19807 25.4558 14.9943 -2.92011 50.5783 -1.07982 -13 500 1 0 1
3.39583 2.44506 25.4558 1.92646 6.20135 79.3424 -0.224659 -13 501 1 0 1
-1.80039 3.23589 25.4558 -10.578 6.51816 66.3757 -1.10458 -13 502 1 0 1
0.458265 -5.82073 25.4558 -1.34987 -14.258 68.395 -1.55824 -13 503 1 0 1
0.287251 0.166932 25.4558 -1.99357 4.65011 66.3067 0.356327 -13 504 1 0 1
3.38087 0.163491 25.4558 15.631 0.376425 55.8181 -1.07756 -13 505 1 0 1
0.911207 0.219423 25.4558 -10.4519 -3.76089 78.6579 1.33665 -13 506 1 0 1
1.70188 3.06558 25.4558 8.44029 11.3872 48.9927 0.502845 -13 507 1 0 1
2.12544 -3.08823 25.4558 9.69924 -7.29848 62.8631 1.02774 -13 508 1 0 1
3.65339 -2.20053 25.4558 8.5987 -8.03812 72.2981 0.0752274 -13 509 1 0 1
-2.54266 2.23081 25.4558 -7.58968 6.8948 60.4526 1.20522 -13 510 1 0 1
-2.29205 -1.13196 25.4558 -15.414 0.689747 70.3328 2.11121 -13 511 1 0 1
-1.92097 -1.25543 25.4558 -5.79513 -3.19123 58.4382 -0.358797 -13 512 1 0 1
0.194146 -0.599117 25.4558 4.79229 2.99626 51.4919 1.16161 -13 513 1 0 1
-1.60523 -0.15936 25.4558 -3.58267 0.0185289 55.1733 -3.43771 -13 514 1 0 1
-2.07551 -0.242853 25.4558 -11.9856 0.886066 65.6191 -1.39914 -13 515 1 0 1
-1.29574 -1.56141 25.4558 -2.51975 4.06878 56.6695 -1.90383 -13 516 1 0 1
1.11439 0.742847 25.4558 -1.29035 -4.26307 72.2922 -1.07719 -13 517 1 0 1
0.500922 -0.633902 25.4558 2.52169 1.01384 65.2138 0.855875 -13 518 1 0 1
0.368951 1.22851 25.4558 -12.786 2.07768 77.7512 -0.0299061 -13 519 1 0 1
-0.311036 0.259125 25.4558 1.88013 -6.60016 60.6194 2.55907 -13 520 1 0 1
-0.248921 -3.21691 25.4558 -4.84017 -10.1242 69.6312 -1.43445 -13 521 1 0 1
3.02444 1.37686 25.4558 -1.5079 5.16826 80.5534 0.95304 -13 522 1 0 1
-0.79 2.57763 25.4558 -7.33979 5.36227 69.6052 0.903969 -13 523 1 0 1
0.223273 -4.14456 25.4558 2.63837 -1.30055 62.0267 0.757665 -13 524 1 0 1
-1.21987 3.76661 25.4558 3.34277 7.93959 39.5781 0.682657 -13 525 1 0 1
-0.524796 -2.17346 25.4558 -9.86103 0.369394 71.6309 0.0784993 -13 526 1 0 1
-1.43063 2.66783 25.4558 -3.77095 10.7402 59.0392 1.05587 -13 527 1 0 1
-2.1829 1.2066 25.4558 -2.67274 3.26916 54.5507 2.70986 -13 528 1 0 1
3.8373 -0.671457 25.4558 10.5903 -14.6262 70.0829 0.830026 -13 529 1 0 1
0.573017 1.19218 25.4558 1.13311 4.73412 67.1619 -0.575511 -13 530 1 0 1
-0.941475 0.453338 25.4558 0.206277 5.14251 59.2417 1.01777 -13 531 1 0 1
-4.00535 0.739483 25.4558 -8.91107 8.33194 52.472 1.67609 -13 532 1 0 1
-2.68298 -4.79441 25.4558 -2.04082 -8.86921 29.8076 3.30224 -13 533 1 0 1
2.50097 -0.818784 25.4558 6.33178 -0.365406 70.1917 1.00068 -13 534 1 0 1
1.6876 -0.687032 25.4558 1.85398 11.8812 69.3674 -2.79994 -13 535 1 0 1
0.854804 -1.51649 25.4558 5.90582 1.62459 55.2098 -0.888993 -13 536 1 0 1
1.58808 2.91013 25.4558 8.97365 7.71476 62.0717 0.134775 -13 538 1 0 1
-8.00634 7.12447 25.4558 -35.8795 19.3474 57.2846 1.06923 -13 539 1 0 1
4.98969 -1.60498 25.4558 11.4009 -4.53469 76.4946 1.41375 -13 540 1 0 1
0.70214 1.18651 25.4558 -3.28361 11.2597 70.5325 0.979233 -13 541 1 0 1
1.65961 0.037688 25.4558 4.21984 4.8257 67.7074 0.0397857 -13 542 1 0 1
2.26593 0.277546 25.4558 8.49167 -7.30787 66.592 -0.491007 -13 543 1 0 1
1.1716 -0.0853322 25.4558 5.03738 -2.71893 63.9099 0.451144 -13 544 1 0 1
0.0365135 -4.36561 25.4558 -5.63908 -24.5659 68.1678 1.1747 -13 545 1 0 1
-0.413005 -5.28915 25.4558 2.54682 -13.345 43.0641 0.503906 -13 546 1 0 1
-0.842574 2.83094 25.4558 0.713454 12.9745 51.7015 -0.68489 -13 547 1 0 1
1.02139 -0.06708 25.4558 4.03946 8.78779 61.3839 2.2894 -13 548 1 0 1
0.581048 -2.82985 25.4558 4.87588 -2.83578 57.8724 2.58805 -13 549 1 0 1
-3.05408 2.09409 25.4558 -17.005 13.4338 65.8038 -2.46701 -13 550 1 0 1
-0.0730094 -4.73433 25.4558 4.93401 -2.65161 35.7119 1.24125 -13 551 1 0 1
-3.06711 -0.0636109 25.4558 -9.16984 -3.97661 58.8564 0.25143 -13 553 1 0 1
-1.83341 0.315153 25.4558 -9.34467 -2.90446 64.9244 -0.984503 -13 554 1 0 1
4.00556 1.71747 25.4558 7.99559 8.23845 73.719 1.2699 -13 555 1 0 1
-1.25298 2.68615 25.4558 -2.36053 8.17531 56.4219 0.514586 -13 556 1 0 1
1.23211 0.472066 25.4558 5.75104 -1.13821 61.6217 2.45392 -13 557 1 0 1
-0.866526 0.255673 25.4558 -2.63756 -4.09691 62.0034 -2.58327 -13 558 1 0 1
-4.28656 1.05277 25.4558 -7.89388 4.2585 45.4946 -1.40665 -13 560 1 0 1
-1.72835 2.37962 25.4558 -12.2764 3.60175 68.3867 1.12651 -13 562 1 0 1
2.74994 0.598686 25.4558 5.76668 -4.22471 70.5676 -0.312991 -13 564 1 0 1
-2.69151 1.12735 25.4558 -6.11606 9.34519 55.2628 1.28512 -13 565 1 0 1
-1.25447 -0.239486 25.4558 -14.094 -3.69522 72.1941 0.766342 -13 566 1 0 1
-2.59284 -1.94533 25.4558 -4.19723 -2.96765 53.2671 0.215812 -13 567 1 0 1
0.415154 1.20437 25.4558 -2.65508 9.3317 71.0444 0.201383 -13 568 1 0 1
0.320522 -1.01504 25.4558 1.31692 -5.71173 61.739 1.81465 -13 569 1 0 1
-1.09218 -2.9308 25.4558 1.74706 -5.07851 52.4703 -2.39215 -13 570 1 0 1
-1.63041 1.454 25.4558 1.68245 6.36752 25.0085 -0.155345 -13 571 1 0 1
1.97497 -0.117933 25.4558 0.0348437 -7.73933 75.402 -0.12145 -13 572 1 0 1
-1.05715 1.45159 25.4558 -6.99321 -4.25683 68.5762 1.96413 -13 573 1 0 1
-1.84091 3.29964 25.4558 -6.20511 19.0424 57.8965 -0.945478 -13 574 1 0 1
1.48412 -0.509425 25.4558 1.82633 -2.379 69.7262 0.204139 -13 575 1 0 1
0.379521 2.92297 25.4558 -1.40004 0.0725222 68.7447 -0.873198 -13 576 1 0 1
1.26662 -3.63638 25.4558 2.8803 -2.66871 65.7703 -1.95378 -13 577 1 0 1
0.0674393 2.66907 25.4558 -6.62188 13.988 71.8522 1.96412 -13 578 1 0 1
1.89432 -3.10283 25.4558 9.10609 -13.1754 61.1752 -0.228406 -13 579 1 0 1
-2.10315 0.0594398 25.4558 -12.0072 7.99981 65.8701 1.49614 -13 580 1 0 1
2.24321 1.75968 25.4558 9.51309 1.48349 62.1393 0.0918134 -13 581 1 0 1
2.51286 -1.07093 25.4558 12.1559 2.67264 47.9456 0.00789348 -13 582 1 0 1
2.13951 0.686693 25.4558 3.88494 -0.858531 71.3464 -0.419555 -13 583 1 0 1
2.2738 3.10344 25.4558 6.86192 4.27766 64.381 -0.737896 -13 584 1 0 1
0.392282 -0.133319 25.4558 -1.199 -7.07378 65.1954 -2.03184 -13 585 1 0 1
2.1002 -1.56045 25.4558 2.85199 -11.9346 71.2051 2.20504 -13 586 1 0 1
-0.226143 1.64837 25.4558 -9.86945 16.4325 72.3814 0.386976 -13 587 1 0 1
2.13541 -1.22295 25.4558 6.78222 1.23075 66.741 -2.10131 -13 588 1 0 1
1.07596 1.62954 25.4558 -0.224817 3.37672 70.5673 -1.22234 -13 589 1 0 1
-0.933537 -1.12049 25.4558 -12.1236 -13.9703 72.9292 -0.839461 -13 590 1 0 1
0.549011 -1.34027 25.4558 -9.85564 0.457005 77.6562 2.6095 -13 591 1 0 1
0.230967 0.536347 25.4558 -2.58038 -1.30841 71.4697 -2.58882 -13 592 1 0 1
0.546917 3.21298 25.4558 3.33474 1.63404 64.3079 1.96513 -13 593 1 0 1
-1.72404 1.23879 25.4558 -9.14322 -0.394229 63.1805 0.264799 -13 594 1 0 1
1.18324 -2.08848 25.4558 3.83234 -1.67216 63.8704 0.609267 -13 595 1 0 1
-0.204271 -0.205682 25.4558 -17.7821 -2.48531 77.7982 -0.0438398 -13 597 1 0 1
3.18503 -1.58919 25.4558 -1.65931 -11.2828 80.717 -1.68366 -13 598 1 0 1
-2.98638 -0.205766 25.4558 -2.73966 -0.558869 47.0152 -1.54505 -13 599 1 0 1
-1.17285 -2.56777 25.4558 1.39565 -8.98349 50.7684 0.584503 -13 600 1 0 1
1.0576 0.335669 25.4558 4.58165 0.0760436 59.5488 1.21717 -13 601 1 0 1
0.40495 -1.8711 25.4558 2.22393 -6.4662 64.4887 0.670357 -13 602 1 0 1
-3.0155 -1.08836 25.4558 -16.0617 -3.2954 66.4926 -1.22485 -13 603 1 0 1
0.293522 0.23765 25.4558 8.60352 -3.37922 47.3629 0.192142 -13 604 1 0 1
-0.870148 -6.77984 25.4558 -1.53957 -20.5869 57.4547 0.100696 -13 605 1 0 1
2.89684 -0.424905 25.4558 7.96879 -1.78131 66.8037 2.66571 -13 606 1 0 1
4.52295 1.02784 25.4558 8.40876 15.3692 75.4811 -0.706833 -13 607 1 0 1
-1.5749 -1.72072 25.4558 -14.506 5.56855 71.9166 0.202905 -13 609 1 0 1
-1.12442 -2.17631 25.4558 -7.55563 5.89363 66.8501 -1.6215 -13 610 1 0 1
-1.69612 1.72791 25.4558 -1.65463 -0.648452 54.3081 0.96271 -13 611 1 0 1
3.00217 -0.754994 25.4558 12.0513 4.18924 56.0582 -2.18509 -13 612 1 0 1
1.52059 -2.69238 25.4558 8.83605 -5.95779 38.4657 1.40179 -13 613 1 0 1
0.431677 0.159562 25.4558 2.46441 -6.55836 64.6094 -0.247277 -13 614 1 0 1
-0.941706 1.07651 25.4558 -10.0348 -6.31114 72.9615 0.875681 -13 615 1 0 1
3.12638 0.294321 25.4558 2.84746 7.12989 78.2158 -0.153339 -13 616 1 0 1
-1.43525 -1.88262 25.4558 -7.08771 -3.07628 63.4614 -0.63306 -13 617 1 0 1
-0.767636 4.68879 25.4558 -1.99419 20.6596 56.5002 -0.965919 -13 618 1 0 1
2.26878 2.13746 25.4558 11.0629 11.8113 50.1124 0.779884 -13 619 1 0 1
1.29185 0.976407 25.4558 -6.72162 3.37422 77.7138 -2.14547 -13 620 1 0 1
0.246778 -3.58736 25.4558 2.89918 -3.30567 60.0756 0.745385 -13 621 1 0 1
2.24977 -8.47095 25.4558 9.86901 -21.2635 54.9959 0.429169 -13 622 1 0 1
-0.438441 -2.1292 25.4558 0.843699 1.26119 60.8164 -0.229353 -13 623 1 0 1
1.38431 2.10596 25.4558 6.3071 3.33456 65.2709 -0.229172 -13 624 1 0 1
-0.0242872 4.26167 25.4558 2.68413 6.85517 59.52 -0.779157 -13 625 1 0 1
2.54287 1.77851 25.4558 4.63593 1.91339 70.8569 2.52314 -13 626 1 0 1
-0.439203 -0.579445 25.4558 -12.9204 11.7676 75.2067 0.647676 -13 627 1 0 1
3.56383 -0.16819 25.4558 11.1672 2.64886 72.2665 0.21515 -13 628 1 0 1
-0.481941 2.5099 25.4558 -1.03344 14.9355 64.8386 0.26447 -13 629 1 0 1
-2.48378 0.947984 25.4558 -10.4156 9.2145 62.3546 0.734881 -13 630 1 0 1
-0.58606 0.0357615 25.4558 2.6494 2.1771 59.2381 -0.581722 -13 631 1 0 1
0.225412 -2.35431 25.4558 -1.49199 -8.11148 66.8396 -1.4354 -13 632 1 0 1
5.1705 2.50203 25.4558 21.9514 6.03767 53.7483 -0.735609 -13 633 1 0 1
-3.27707 5.43101 25.4558 -11.2243 21.015 56.8415 -0.0434669 -13 634 1 0 1
2.80725 -1.14859 25.4558 13.3125 -0.0630403 51.337 0.269769 -13 635 1 0 1
-0.68656 0.1692 25.4558 -10.3546 10.4 72.0878 -2.03247 -13 636 1 0 1
3.26113 0.776259 25.4558 6.81618 -0.866269 72.2318 0.166309 -13 637 1 0 1
-2.4911 -3.58658 25.4558 -0.121392 -6.97905 28.8274 0.122192 -13 638 1 0 1
1.98162 -2.3599 25.4558 5.57819 -9.3443 65.796 -1.8862 -13 639 1 0 1
0.37373 1.69618 25.4558 5.45246 3.99084 39.2053 -2.08374 -13 640 1 0 1
3.02513 -1.71425 25.4558 11.5997 -9.77206 61.2533 -1.24281 -13 641 1 0 1
-0.036106 -3.43096 25.4558 3.88546 -7.13142 57.7283 0.0372104 -13 642 1 0 1
0.992542 -3.6438 25.4558 -1.31007 -17.05 69.7362 -0.306516 -13 643 1 0 1
-2.40233 -2.10016 25.4558 -4.35517 -10.1713 49.9076 2.31798 -13 644 1 0 1
0.438277 -3.04768 25.4558 4.54065 -8.61815 56.7918 1.07585 -13 645 1 0 1
-0.549691 1.0221 25.4558 -10.8469 3.15739 71.7321 1.42 -13 646 1 0 1
-1.0465 -1.11254 25.4558 -18.9697 -0.101664 76.2357 -1.42816 -13 647 1 0 1
2.00325 -0.364623 25.4558 6.62602 1.19855 68.2146 -0.0512127 -13 649 1 0 1
1.2851 -2.4981 25.4558 -2.80314 -5.45782 73.6559 1.01769 -13 650 1 0 1
1.36278 0.993091 25.4558 1.77154 2.62817 68.2204 0.548381 -13 651 1 0 1
-0.116348 -0.705474 25.4558 -3.0671 -5.79952 65.9096 1.05235 -13 652 1 0 1
1.16256 -2.47554 25.4558 0.705291 -5.03454 68.4647 0.676102 -13 653 1 0 1
-0.991453 -1.08469 25.4558 6.63456 -2.16107 40.689 -0.363989 -13 654 1 0 1
-3.17078 -1.17632 25.4558 -2.69377 -6.2889 34.6904 0.217485 -13 655 1 0 1
-2.1168 1.55067 25.4558 -10.9286 13.5193 62.9616 -0.0644157 -13 656 1 0 1
-0.718699 -1.24983 25.4558 -2.9003 4.29855 60.9948 0.651762 -13 657 1 0 1
0.353588 -3.83296 25.4558 -3.79945 -7.18425 68.963 2.26712 -13 659 1 0 1
0.557153 -1.65122 25.4558 -0.773294 -4.29569 66.3379 -1.46442 -13 660 1 0 1
1.3642 1.17831 25.4558 -6.003 -6.66227 76.3806 1.672 -13 661 1 0 1
-1.89717 1.05311 25.4558 -4.81054 3.95588 57.973 -0.232729 -13 662 1 0 1
1.28324 -0.0980568 25.4558 7.47496 4.16832 57.4205 0.477621 -13 663 1 0 1
0.510587 -2.6392 25.4558 -4.83212 -8.5902 70.2696 1.77268 -13 664 1 0 1
1.1872 -0.215301 25.4558 -5.1248 -5.39692 76.8019 0.341006 -13 665 1 0 1
-2.87736 -0.68574 25.4558 -9.53727 1.15547 61.1642 1.01296 -13 666 1 0 1
0.0716025 -0.185422 25.4558 1.20444 1.50882 60.6244 -2.12082 -13 667 1 0 1
-2.15474 -1.23193 25.4558 -0.828055 -5.55087 35.4379 0.765104 -13 668 1 0 1
0.675107 -3.34352 25.4558 1.87495 -13.3764 67.1227 1.41792 -13 669 1 0 1
2.0704 -2.73908 25.4558 2.7834 -9.71626 72.2961 0.0647181 -13 670 1 0 1
2.9111 -3.11026 25.4558 11.8785 -11.0351 61.9399 0.516692 -13 671 1 0 1
2.64955 2.91449 25.4558 9.25854 8.62462 55.9527 1.59291 -13 672 1 0 1
-0.184447 6.62217 25.4558 0.920381 19.8701 57.7504 0.372543 -13 673 1 0 1
3.76 1.05373 25.4558 11.7914 4.62485 61.8987 0.888424 -13 674 1 0 1
-0.65196 -2.62908 25.4558 -1.89106 -14.1365 62.0344 3.20701 -13 675 1 0 1
2.81026 0.2281 25.4558 12.4955 5.52887 48.5337 -0.138843 -13 676 1 0 1
4.35945 0.270247 25.4558 12.9533 -2.10489 65.8217 1.04207 -13 677 1 0 1
1.43544 -0.955305 25.4558 0.64495 11.8052 71.4674 1.58617 -13 678 1 0 1
-1.24664 2.80443 25.4558 -8.61768 13.6566 66.3954 0.0482161 -13 679 1 0 1
-2.39829 1.87248 25.4558 -4.0361 2.23778 56.0161 -0.852694 -13 680 1 0 1
1.02974 2.13927 25.4558 -2.21345 -6.12383 73.4515 -3.19442 -13 681 1 0 1
-2.10832 -0.132398 25.4558 0.84027 -12.0232 32.8875 0.0427848 -13 682 1 0 1
5.55043 -0.230046 25.4558 19.6517 11.0097 59.9615 2.08289 -13 683 1 0 1
-0.763811 -2.50045 25.4558 -2.22994 -7.57278 60.9208 -0.16998 -13 684 1 0 1
7.04717 -0.326913 25.4558 23.2669 -9.09924 66.4313 -1.62731 -13 685 1 0 1
2.29861 2.16525 25.4558 5.91751 10.6939 69.4278 0.459275 -13 686 1 0 1
0.913812 -1.42934 25.4558 7.36945 0.39034 53.3667 1.7206 -13 687 1 0 1
-0.0264903 2.54641 25.4558 -2.09586 3.92965 66.6441 0.0156375 -13 688 1 0 1
1.96807 -1.76198 25.4558 9.44893 -12.1845 59.6668 1.044 -13 690 1 0 1
1.19745 1.58499 25.4558 2.51801 -1.0714 64.9063 -1.90637 -13 691 1 0 1
-0.802191 2.0853 25.4558 -3.53382 -1.82356 62.3548 -0.899959 -13 692 1 0 1
0.890617 4.21283 25.4558 5.89902 -1.16417 50.7622 1.87361 -13 693 1 0 1
0.707556 -3.90143 25.4558 1.00855 -7.09475 64.981 2.41852 -13 694 1 0 1
0.592195 1.84093 25.4558 2.37909 8.20141 64.6482 0.40416 -13 696 1 0 1
0.359822 -0.0670432 25.4558 -6.23645 4.59914 70.83 0.58761 -13 697 1 0 1
1.55406 -3.49595 25.4558 11.9474 -5.61161 43.5559 -0.662051 -13 699 1 0 1
1.42172 -0.967214 25.4558 -0.839065 -3.65908 72.4535 1.45357 -13 700 1 0 1
1.83793 0.596105 25.4558 4.32981 10.4581 69.8324 1.39715 -13 701 1 0 1
0.469405 -0.199946 25.4558 6.04824 0.716611 44.4617 1.37656 -13 702 1 0 1
0.709877 1.9954 25.4558 -11.5602 5.12476 79.0623 -2.15977 -13 703 1 0 1
1.67036 1.29946 25.4558 9.89928 11.519 56.2402 -0.414721 -13 704 1 0 1
-0.436825 1.91704 25.4558 2.9915 3.27613 53.818 1.47272 -13 705 1 0 1
-1.68681 0.772487 25.4558 -0.743895 3.75069 54.7487 -1.54227 -13 706 1 0 1
1.05042 -1.81125 25.4558 -1.76652 5.21623 72.2861 3.38002 -13 707 1 0 1
-3.21061 -0.964177 25.4558 -9.91092 -3.63923 58.6555 0.570322 -13 708 1 0 1
0.0417824 -0.401577 25.4558 -0.204263 -7.38778 65.6917 0.143097 -13 709 1 0 1
-1.30408 1.20514 25.4558 2.84964 -2.97018 44.711 -0.911955 -13 710 1 0 1
0.658811 1.97289 25.4558 5.81874 -0.0735261 50.8795 -0.267331 -13 711 1 0 1
1.06499 -2.18933 25.4558 0.110046 -7.74109 69.1228 1.45094 -13 712 1 0 1
2.15791 -0.862108 25.4558 -6.30444 -10.9157 80.1918 0.0707397 -13 713 1 0 1
-0.714377 1.68172 25.4558 2.53675 -1.20028 49.9796 1.71263 -13 714 1 0 1
0.454601 0.44765 25.4558 -4.11693 7.49892 71.1322 -1.0112 -13 715 1 0 1
1.15231 2.45866 25.4558 9.96649 7.16401 49.9904 1.28058 -13 716 1 0 1
-1.59535 -0.373074 25.4558 -0.645711 -3.27141 52.8437 1.84959 -13 717 1 0 1
-0.0708989 1.11296 25.4558 -7.14325 -0.645473 72.0915 1.00628 -13 718 1 0 1
1.95634 -0.563792 25.4558 2.96926 4.23338 71.9314 -0.0342826 -13 719 1 0 1
0.34063 2.81027 25.4558 0.249664 12.314 65.4365 2.14802 -13 720 1 0 1
2.9727 -2.80418 25.4558 6.57694 -11.4871 71.0802 -0.0217341 -13 721 1 0 1
0.497342 -1.74644 25.4558 4.62742 -9.26865 54.3134 -1.46935 -13 722 1 0 1
0.19926 -2.90559 25.4558 0.787678 -4.23346 61.8047 -1.14352 -13 723 1 0 1
1.5549 3.44271 25.4558 0.00762812 11.0438 72.2584 2.06918 -13 724 1 0 1
-1.97956 3.16188 25.4558 -4.19665 6.56724 55.5312 -0.215722 -13 725 1 0 1
3.20757 -2.7702 25.4558 14.9052 -10.7881 52.6982 -0.918708 -13 726 1 0 1
0.822987 0.396706 25.4558 6.802 2.42698 44.6979 1.99578 -13 727 1 0 1
0.758134 5.30542 25.4558 6.00043 17.8109 40.2466 -0.265458 -13 728 1 0 1
3.07554 -1.79033 25.4558 2.78955 -5.78015 76.3395 -1.75802 -13 729 1 0 1
-3.4128 -4.86956 25.4558 -0.684121 -7.04454 36.4047 -0.14371 -13 730 1 0 1
0.192082 -1.82545 25.4558 -4.02351 -3.90667 70.5111 -1.17652 -13 731 1 0 1
-0.506861 3.23839 25.4558 -4.55693 8.21255 68.6205 2.07409 -13 732 1 0 1
-3.17812 1.81119 25.4558 -3.28188 -1.57772 46.6443 -0.361769 -13 733 1 0 1
1.82043 4.55613 25.4558 3.58527 -2.66542 71.5178 2.31293 -13 734 1 0 1
5.05608 3.44423 25.4558 17.5904 5.15277 44.0537 -1.11764 -13 735 1 0 1
0.026967 1.8037 25.4558 4.78172 5.30093 47.3024 -0.148446 -13 736 1 0 1
-1.05136 2.82493 25.4558 -2.51393 8.27251 62.9085 2.12588 -13 737 1 0 1
2.35848 -0.2638 25.4558 10.1408 4.85069 57.8877 1.59204 -13 738 1 0 1
1.17359 -1.97329 25.4558 5.93007 -1.13962 59.2712 -1.08673 -13 739 1 0 1
-0.0423301 0.523722 25.4558 -7.84371 1.06098 72.8951 0.840157 -13 740 1 0 1
3.79508 -1.02225 25.4558 9.05425 -0.134046 22.3717 1.79911 -13 741 1 0 1
-5.13861 -0.516503 25.4558 -8.3275 1.76255 43.0637 -2.16713 -13 742 1 0 1
0.291948 0.155484 25.4558 -3.47459 5.82067 72.0069 1.39063 -13 743 1 0 1
-1.31044 3.2875 25.4558 -1.07237 6.11504 55.3451 0.321477 -13 744 1 0 1
4.3911 3.00112 25.4558 10.4372 10.5956 71.7641 2.01615 -13 745 1 0 1
0.297475 -1.45606 25.4558 -2.41949 -6.51707 68.3761 -1.75853 -13 746 1 0 1
0.961417 -0.844481 25.4558 1.3797 -2.65666 68.0841 0.237707 -13 747 1 0 1
-3.16193 -0.295592 25.4558 -3.99437 2.27066 49.1703 -1.75675 -13 748 1 0 1
2.73198 -1.39913 25.4558 4.13555 -7.35737 72.9964 1.18603 -13 749 1 0 1
-0.0722442 5.29258 25.4558 0.269779 3.43567 64.0375 0.76669 -13 750 1 0 1
-0.360482 1.32556 25.4558 3.36582 8.86674 53.1294 0.0701216 -13 751 1 0 1
-0.0171943 1.43604 25.4558 -1.96101 13.8728 66.732 -0.42656 -13 752 1 0 1
-0.584173 2.06004 25.4558 -1.50193 0.793187 64.4395 -0.979508 -13 753 1 0 1
-1.21192 -1.19822 25.4558 -8.86871 -0.927469 69.9176 0.37088 -13 754 1 0 1
2.13508 0.0244909 25.4558 0.0679846 -3.25477 75.8218 -1.37095 -13 755 1 0 1
2.02645 -0.086097 25.4558 4.9438 8.93683 67.8672 -0.980623 -13 756 1 0 1
2.52672 -2.43051 25.4558 13.4536 -4.96395 52.0451 -1.06384 -13 757 1 0 1
-0.652602 0.93268 25.4558 3.53731 -6.00815 56.61 0.409167 -13 758 1 0 1
2.00509 -3.51349 25.4558 6.49103 -16.9771 61.1043 1.20606 -13 759 1 0 1
0.152067 -0.383725 25.4558 4.5286 -3.06127 55.011 0.252802 -13 760 1 0 1
-0.470995 -2.61595 25.4558 -0.300833 -5.10232 58.6102 0.74678 -13 761 1 0 1
-4.31568 -0.602711 25.4558 -5.97618 3.74601 35.6758 -0.908465 -13 762 1 0 1
3.41341 -0.523016 25.4558 12.3755 6.54292 59.8322 1.32293 -13 763 1 0 1
1.79364 0.563738 25.4558 2.70737 4.60966 70.0803 -2.53486 -13 764 1 0 1
-0.786949 -0.861085 25.4558 -1.32468 -6.30614 64.9666 -0.49738 -13 765 1 0 1
-2.06348 5.18412 25.4558 0.790584 10.6975 26.1441 -1.11238 -13 766 1 0 1
1.27102 0.206087 25.4558 7.04569 -1.82553 58.7183 -0.392058 -13 767 1 0 1
2.65904 -4.96023 25.4558 8.78518 -20.5259 65.0989 0.679124 -13 768 1 0 1
-0.75715 2.04944 25.4558 4.65257 -0.478783 40.1636 0.164038 -13 769 1 0 1
-0.865061 2.45711 25.4558 -7.6507 -7.99584 70.5337 -0.989615 -13 770 1 0 1
-0.837347 -3.93526 25.4558 4.34162 -12.3957 38.1366 -0.633603 -13 771 1 0 1
0.649544 1.44289 25.4558 6.8531 2.19645 55.79 -0.126875 -13 772 1 0 1
4.16854 -0.325565 25.4558 7.51083 0.693635 76.7084 0.569556 -13 773 1 0 1
-2.28241 -1.79585 25.4558 -5.18678 -1.66889 58.4601 0.99662 -13 774 1 0 1
3.70136 0.103279 25.4558 15.3041 -4.99009 59.8377 -0.0236293 -13 775 1 0 1
-1.61752 1.38096 25.4558 -1.80287 6.13402 55.3538 2.57559 -13 776 1 0 1
-0.78276 -0.763572 25.4558 -6.51826 -7.73315 67.3636 0.0240291 -13 777 1 0 1
-1.47005 0.481948 25.4558 0.594704 9.18114 46.0976 2.6329 -13 778 1 0 1
-1.24856 -1.81839 25.4558 -7.92877 -7.5659 67.5961 1.74233 -13 779 1 0 1
1.50259 -0.352487 25.4558 6.73836 -0.00245395 67.6382 -0.853015 -13 780 1 0 1
-0.531512 1.651 25.4558 -3.50213 1.68236 66.251 -0.0583561 -13 781 1 0 1
-1.08346 -1.69732 25.4558 -5.16964 -6.54641 63.1546 0.561452 -13 782 1 0 1
2.19389 -1.92889 25.4558 10.2947 -4.03866 58.6077 1.03234 -13 783 1 0 1
-2.73157 -3.09612 25.4558 -11.8421 -19.2963 62.9936 -0.817941 -13 784 1 0 1
-0.643723 1.87066 25.4558 -15.8039 -6.75444 76.4928 -0.144777 -13 785 1 0 1
2.59064 2.10598 25.4558 12.8031 2.42984 46.469 -0.98379 -13 787 1 0 1
-3.2056 0.962303 25.4558 -11.9624 0.186295 60.9555 -0.879833 -13 788 1 0 1
3.12213 2.12421 25.4558 8.58012 -0.76828 71.1728 0.488759 -13 789 1 0 1
0.795778 1.02678 25.4558 2.81446 -5.25599 60.333 2.0586 -13 790 1 0 1
1.94639 -1.5559 25.4558 5.95416 -13.7601 67.3355 -1.36661 -13 791 1 0 1
-0.854062 -0.858801 25.4558 -4.47778 -2.44154 66.6561 2.24395 -13 792 1 0 1
0.879755 1.10457 25.4558 6.24388 -1.68725 53.1576 1.82944 -13 793 1 0 1
1.54412 -3.45045 25.4558 3.89954 -9.66133 69.1159 0.339805 -13 794 1 0 1
-2.32264 -2.08161 25.4558 -6.94987 -9.71937 56.0014 -2.35776 -13 795 1 0 1
-2.78156 0.6019 25.4558 -6.31619 1.21724 58.7477 -0.0536943 -13 796 1 0 1
-1.33215 1.91234 25.4558 1.70423 -1.67593 48.4297 -0.784288 -13 797 1 0 1
1.80201 3.27345 25.4558 -1.62916 17.5772 73.7778 2.05372 -13 798 1 0 1
0.154492 1.93952 25.4558 0.282136 4.64532 63.6659 0.960708 -13 799 1 0 1
-2.9951 -0.0491699 25.4558 -9.67788 6.54067 59.1478 1.24455 -13 800 1 0 1
2.39988 2.93241 25.4558 8.72183 0.500497 68.7306 2.28155 -13 801 1 0 1
0.845401 -0.197822 25.4558 1.10858 -7.03255 67.0831 -1.23102 -13 802 1 0 1
2.67097 -1.93103 25.4558 1.61832 4.24079 75.9093 -1.63169 -13 803 1 0 1
3.33872 -0.210216 25.4558 14.3454 1.27181 49.2497 -0.453066 -13 804 1 0 1
-2.02205 -0.342868 25.4558 0.764253 -0.0206503 24.7833 -0.337818 -13 805 1 0 1
0.135586 -0.221836 25.4558 3.45311 -2.97873 56.5159 1.03842 -13 806 1 0 1
-1.31332 -3.48454 25.4558 -5.85575 -9.58143 66.2139 0.4444 -13 807 1 0 1
-6.1834 1.23535 25.4558 -7.62591 3.03294 30.3189 1.45066 -13 808 1 0 1
-1.89671 0.29849 25.4558 -8.20348 0.556891 64.896 -0.503285 -13 809 1 0 1
1.04212 0.119856 25.4558 -5.84133 -4.95634 76.862 -0.6194 -13 810 1 0 1
1.06358 -0.434909 25.4558 1.81244 3.11285 70.6716 -0.160942 -13 811 1 0 1
-3.94113 -3.0378 25.4558 -4.49997 -4.09638 39.5827 1.99925 -13 812 1 0 1
1.49506 1.32351 25.4558 7.79928 10.1108 56.1452 0.808121 -13 813 1 0 1
-0.319211 -1.52338 25.4558 -0.0111831 1.71896 62.7027 0.760607 -13 814 1 0 1
1.18584 1.30551 25.4558 7.61704 6.52561 55.2091 -2.01227 -13 815 1 0 1
2.51548 -0.730606 25.4558 -0.583238 -3.08942 77.1011 1.54229 -13 816 1 0 1
-1.82787 -0.415603 25.4558 3.28876 -0.566748 39.651 -1.64297 -13 817 1 0 1
-0.0396368 -1.31378 25.4558 5.4918 -9.04182 48.8812 -0.0695017 -13 820 1 0 1
-1.83812 -2.38904 25.4558 -1.78837 -1.15359 52.8986 -1.70541 -13 821 1 0 1
1.96305 2.97681 25.4558 -12.6798 2.64873 80.4574 0.679899 -13 822 1 0 1
0.63228 0.897771 25.4558 6.62454 -1.81644 57.0738 -0.0482644 -13 823 1 0 1
-4.2987 -0.150949 25.4558 -1.77341 -0.791997 25.8071 0.0778475 -13 824 1 0 1
-0.873201 -1.07982 25.4558 -4.18847 -5.42997 61.2914 0.317831 -13 825 1 0 1
1.21572 0.0829451 25.4558 2.09964 7.9715 66.8326 -1.35104 -13 826 1 0 1
0.596527 -1.75681 25.4558 3.04252 -12.5836 62.2924 2.70233 -13 827 1 0 1
-0.816924 1.50459 25.4558 -2.80001 -1.22155 64.948 -2.41813 -13 828 1 0 1
2.79549 -4.81659 25.4558 10.286 -17.1258 47.4174 0.829067 -13 829 1 0 1
0.891568 -1.77699 25.4558 2.75792 -9.31014 64.4477 -0.12364 -13 830 1 0 1
1.49165 0.462897 25.4558 4.01867 -3.53257 65.8379 2.02407 -13 831 1 0 1
-0.890378 -1.52559 25.4558 0.74236 -7.5959 55.8492 0.397467 -13 832 1 0 1
-0.333485 -0.638055 25.4558 -1.53571 -3.62623 62.0959 0.410546 -13 833 1 0 1
-0.778871 -3.40465 25.4558 -0.823836 -7.67165 60.648 -0.192078 -13 834 1 0 1
1.64689 -2.17541 25.4558 -6.83985 -14.9042 77.1067 -0.899669 -13 835 1 0 1
2.60725 2.27065 25.4558 6.89729 12.8312 65.2485 -0.0753667 -13 836 1 0 1
3.68563 -5.65202 25.4558 12.0986 -12.2502 65.4978 1.07582 -13 837 1 0 1
2.58395 2.8364 25.4558 5.18849 3.0166 71.7253 -1.28405 -13 838 1 0 1
-0.81066 -3.56905 25.4558 1.61725 -6.46808 55.6334 -0.373953 -13 839 1 0 1
-2.0289 2.10235 25.4558 -6.78614 5.84508 60.126 2.46616 -13 840 1 0 1
-1.41482 3.49895 25.4558 -2.40856 6.78414 58.7032 -1.78921 -13 841 1 0 1
1.41211 -1.73642 25.4558 -0.622634 -4.64094 73.334 -0.930442 -13 842 1 0 1
0.867541 -0.487717 25.4558 -5.90143 -16.2344 73.1294 0.530219 -13 843 1 0 1
-2.10209 3.00467 25.4558 -5.33911 11.3179 58.4111 0.928618 -13 844 1 0 1
1.06719 -1.28295 25.4558 5.75769 -0.0346456 60.2154 1.01985 -13 845 1 0 1
1.80477 -4.9857 25.4558 8.4488 -8.34789 36.6938 0.479439 -13 846 1 0 1
1.68153 -5.45861 25.4558 8.61285 -6.08783 57.7949 -1.13066 -13 847 1 0 1
-2.18243 1.26786 25.4558 -4.69897 -2.00723 55.5975 -0.770076 -13 848 1 0 1
-3.2214 -1.80342 25.4558 -7.67367 -2.65408 53.6168 -1.96672 -13 849 1 0 1
3.83197 -3.17302 25.4558 11.7636 -12.2326 67.2807 -0.837792 -13 850 1 0 1
-1.42482 2.59431 25.4558 -3.09363 5.24508 59.859 -0.43762 -13 851 1 0 1
4.04499 -0.78637 25.4558 6.54182 -1.58781 75.6633 0.552268 -13 852 1 0 1
-0.86583 1.2988 25.4558 -2.31246 4.97785 61.2648 1.12588 -13 853 1 0 1
0.766968 2.00371 25.4558 -3.22531 -1.93978 69.6419 -0.778358 -13 854 1 0 1
-1.34864 2.36918 25.4558 -4.24992 9.74781 61.8344 0.160887 -13 855 1 0 1
-2.99059 2.1114 25.4558 -10.07 -4.60331 58.0389 0.366181 -13 856 1 0 1
0.62395 -2.99688 25.4558 2.14547 -0.00263164 66.1346 -0.829027 -13 857 1 0 1
-4.0305 1.46921 25.4558 -18.9323 3.89012 63.5212 -2.35706 -13 858 1 0 1
-0.915018 -1.44384 25.4558 2.00341 -1.03856 55.6491 1.62606 -13 859 1 0 1
-0.3196 0.679778 25.4558 -3.66623 3.9431 67.9315 1.36633 -13 860 1 0 1
1.54813 -0.927646 25.4558 -2.96081 -6.74489 77.0608 -1.77248 -13 861 1 0 1
0.0949177 0.406072 25.4558 0.145427 5.95567 63.9476 -0.0397349 -13 862 1 0 1
-3.4521 -2.89176 25.4558 -12.5355 -7.61002 58.6052 0.240387 -13 863 1 0 1
-0.708049 -0.380365 25.4558 -1.38868 1.31573 62.6584 -0.566883 -13 864 1 0 1
-1.63497 -2.84957 25.4558 -2.26469 -3.63162 55.4333 1.82233 -13 865 1 0 1
0.583537 1.6202 25.4558 4.41295 13.0427 55.9949 -0.0173221 -13 866 1 0 1
3.50838 2.71948 25.4558 7.16621 7.29175 74.372 -0.602712 -13 867 1 0 1
1.54554 1.39659 25.4558 -7.03513 0.495059 78.4899 -1.58162 -13 868 1 0 1
-4.58841 -3.0052 25.4558 -16.2614 -10.346 58.5908 -0.638671 -13 869 1 0 1
0.0859444 -0.341978 25.4558 1.24969 -6.1219 60.0961 0.795736 -13 870 1 0 1
1.25483 -3.37666 25.4558 2.99668 -17.2507 64.9308 -1.14252 -13 871 1 0 1
-0.363434 -1.58933 25.4558 -4.02708 -2.50827 67.6878 -1.08017 -13 872 1 0 1
2.25765 0.936719 25.4558 4.6595 -2.07441 71.8776 -1.02971 -13 873 1 0 1
-0.236436 1.58541 25.4558 -3.76227 8.40966 66.9088 2.62703 -13 874 1 0 1
-0.942697 -0.922862 25.4558 -3.39893 -6.70137 62.8973 0.25463 -13 875 1 0 1
2.9377 2.4226 25.4558 3.86117 7.85784 74.9157 0.0470933 -13 876 1 0 1
0.570547 -1.14445 25.4558 0.0653419 8.77385 68.6676 -1.96187 -13 877 1 0 1
1.64899 0.715625 25.4558 -0.442749 12.4598 72.7531 -3.66133 -13 878 1 0 1
-3.39837 1.80656 25.4558 -4.81425 3.33273 51.5919 1.17994 -13 879 1 0 1
1.9817 -1.19358 25.4558 6.27698 -7.27148 68.2995 0.854671 -13 880 1 0 1
0.248144 -1.64903 25.4558 3.75439 -6.10884 56.855 1.85472 -13 881 1 0 1
4.65211 4.28589 25.4558 11.6374 19.2811 72.7534 -0.518603 -13 882 1 0 1
3.59926 3.0549 25.4558 10.5475 17.8047 62.3138 -0.316039 -13 883 1 0 1
1.33594 0.357076 25.4558 10.8909 3.89855 36.1777 -0.198649 -13 885 1 0 1
3.49939 2.01955 25.4558 2.24929 -5.37496 79.7299 2.3744 -13 886 1 0 1
-1.297 2.7042 25.4558 -11.6873 9.67174 69.7881 0.538599 -13 887 1 0 1
-1.07719 2.8638 25.4558 0.987783 3.58939 55.4453 0.0570019 -13 888 1 0 1
-1.04527 -1.51416 25.4558 -0.810181 -3.736 57.5134 -0.609884 -13 889 1 0 1
2.62934 -2.93281 25.4558 7.58389 -14.9488 67.2996 -1.12473 -13 890 1 0 1
-0.873385 -0.930342 25.4558 3.59514 -0.658609 35.2727 -1.15614 -13 891 1 0 1
0.510308 -3.57141 25.4558 -2.84946 -5.56849 71.6002 0.455364 -13 892 1 0 1
-3.42524 -0.805866 25.4558 -9.12684 2.40158 58.6705 -1.65759 -13 893 1 0 1
3.66431 -1.5048 25.4558 7.29168 -3.95238 76.0647 -0.0111705 -13 894 1 0 1
-1.28977 -0.718004 25.4558 -16.0459 18.6096 70.3661 1.53082 -13 895 1 0 1
-0.732556 2.55735 25.4558 -6.384 15.0992 68.1666 -1.66807 -13 896 1 0 1
-1.17968 -1.63626 25.4558 -0.585039 -4.65667 49.3872 -1.77363 -13 897 1 0 1
0.211866 -1.09697 25.4558 2.91369 -0.874193 55.738 -0.695942 -13 898 1 0 1
3.29301 -0.327582 25.4558 13.9372 4.02751 60.3967 -0.284777 -13 899 1 0 1
1.72788 1.70472 25.4558 3.7805 -1.38736 68.5872 0.581539 -13 901 1 0 1
2.31041 0.599553 25.4558 11.6894 -3.82594 54.1432 0.554258 -13 902 1 0 1
1.97646 -5.61229 25.4558 -0.725617 -10.0956 74.6022 1.15804 -13 903 1 0 1
1.07402 1.19678 25.4558 4.93754 -2.98511 58.8199 1.92885 -13 904 1 0 1
-0.78079 0.12222 25.4558 -17.8218 5.14528 76.9626 0.134723 -13 905 1 0 1
-3.89054 -1.81343 25.4558 -9.10127 -4.22196 54.7148 1.2549 -13 906 1 0 1
1.13069 3.85067 25.4558 1.70323 9.43007 67.7369 0.301961 -13 907 1 0 1
-3.05491 -2.10449 25.4558 -2.1355 -5.15423 37.7854 0.160499 -13 908 1 0 1
1.43673 -2.44531 25.4558 -2.55095 -3.35349 73.7199 0.677798 -13 909 1 0 1
0.374833 -0.91369 25.4558 -3.45974 -5.41291 70.4917 -0.17355 -13 910 1 0 1
-1.14919 4.88885 25.4558 0.790508 16.1679 40.2028 -0.649127 -13 911 1 0 1
1.50368 5.6446 25.4558 5.1325 11.1804 54.7503 -0.818373 -13 912 1 0 1
2.96213 -0.0226106 25.4558 -5.72368 13.7242 78.867 1.29572 -13 913 1 0 1
-3.39506 -0.859473 25.4558 -19.5354 9.04223 68.5082 0.981652 -13 914 1 0 1
1.20348 -3.24865 25.4558 5.44654 -8.10768 61.352 -0.873308 -13 915 1 0 1
0.395497 -0.419347 25.4558 -20.0563 2.61018 77.6839 4.29819 -13 916 1 0 1
-2.33508 1.61755 25.4558 0.383983 8.28081 41.2701 -0.254555 -13 917 1 0 1
-1.4456 2.04031 25.4558 -13.6661 9.20518 70.8847 2.01722 -13 918 1 0 1
-0.528101 1.98766 25.4558 -3.22223 2.71476 66.4985 -0.618009 -13 919 1 0 1
0.752999 -1.76013 25.4558 -10.5231 -0.336142 79.0275 0.439866 -13 920 1 0 1
0.447153 2.57336 25.4558 6.35743 -2.64854 34.0774 0.317882 -13 921 1 0 1
1.24703 -3.14181 25.4558 -11.6435 -12.3539 79.3896 2.43073 -13 922 1 0 1
-1.91535 -0.0293926 25.4558 -5.33286 -0.714348 58.9762 -0.173356 -13 923 1 0 1
0.312024 1.88014 25.4558 -1.77705 2.34729 68.5326 -1.0591 -13 924 1 0 1
0.284896 1.5543 25.4558 0.59457 8.04272 63.0076 0.353979 -13 925 1 0 1
0.926036 2.09747 25.4558 -7.62294 5.08308 77.0921 1.36212 -13 926 1 0 1
-0.635635 -2.6313 25.4558 -2.08991 -1.57672 67.9434 0.537813 -13 927 1 0 1
0.412118 -0.492154 25.4558 4.42793 -4.65606 58.0648 -0.250597 -13 928 1 0 1
0.310136 0.486818 25.4558 -2.59233 1.64335 70.4477 1.32233 -13 930 1 0 1
2.57186 1.10521 25.4558 9.287 -2.73534 62.7647 1.97776 -13 931 1 0 1
-1.66888 -1.42026 25.4558 -1.39306 -6.32268 52.8587 1.86136 -13 932 1 0 1
2.37091 1.36775 25.4558 6.12703 13.031 68.0729 1.0151 -13 933 1 0 1
0.52707 0.00262509 25.4558 -6.81676 4.43337 74.4569 -0.568384 -13 934 1 0 1
-3.53443 0.904197 25.4558 -12.3728 2.64054 57.9214 0.920066 -13 935 1 0 1
2.8235 -2.42038 25.4558 13.6013 0.109297 59.8817 0.0138795 -13 936 1 0 1
0.998134 -2.89914 25.4558 -3.99142 -3.45224 73.3388 -0.227379 -13 938 1 0 1
-0.347394 -0.877291 25.4558 1.71322 -3.14384 61.4097 -0.566355 -13 939 1 0 1
-0.624199 -0.183469 25.4558 -0.560579 3.77338 60.6126 -0.0568492 -13 940 1 0 1
-0.777329 -0.0547928 25.4558 -4.65746 6.82174 66.5839 0.199432 -13 941 1 0 1
4.1623 -0.394985 25.4558 10.7145 -2.14169 71.669 0.537979 -13 942 1 0 1
2.19671 -1.67966 25.4558 5.89477 -3.68091 67.6626 1.40269 -13 943 1 0 1
-1.71404 -1.42306 25.4558 -0.458421 3.92771 52.6599 -0.458308 -13 944 1 0 1
1.66195 1.77449 25.4558 0.796127 16.0947 70.7434 0.871933 -13 945 1 0 1
-1.45567 1.80241 25.4558 0.613119 5.60099 45.2631 -0.775797 -13 946 1 0 1
2.12867 -1.39319 25.4558 7.76768 1.3715 65.0302 -1.19338 -13 947 1 0 1
1.70796 -2.70876 25.4558 9.18092 -4.26669 50.378 1.27456 -13 948 1 0 1
-3.46393 -1.0684 25.4558 -5.88835 -3.34617 54.2718 0.385627 -13 949 1 0 1
-0.68762 2.22695 25.4558 -2.74158 4.939 65.9767 0.051382 -13 950 1 0 1
6.83328 -3.20176 25.4558 23.7407 -5.9319 50.7607 0.606247 -13 951 1 0 1
1.31087 -1.24368 25.4558 6.56992 -5.18391 59.2742 2.65011 -13 952 1 0 1
1.06961 -0.739235 25.4558 3.69517 -5.24186 59.6824 0.249207 -13 953 1 0 1
-0.531558 -4.77115 25.4558 1.84987 -16.083 54.4787 -0.248018 -13 954 1 0 1
1.24233 1.30685 25.4558 4.86063 -6.23827 60.9263 0.52819 -13 955 1 0 1
-1.31243 2.81517 25.4558 -1.62772 2.83812 54.9254 -0.10912 -13 956 1 0 1
-2.84738 0.397756 25.4558 -7.77963 -6.26833 57.423 -1.03333 -13 957 1 0 1
2.05321 0.57913 25.4558 -15.5215 -1.34194 79.2449 -0.796634 -13 958 1 0 1
3.26162 -1.06662 25.4558 12.0605 -6.55136 61.2678 0.392522 -13 959 1 0 1
0.0284632 0.100523 25.4558 -8.54685 -3.04672 73.7028 -2.01656 -13 960 1 0 1
0.195986 -2.01912 25.4558 5.97079 -2.13326 55.7909 0.175464 -13 961 1 0 1
-0.0329133 -0.651569 25.4558 6.79075 -2.24661 35.3469 0.679502 -13 962 1 0 1
4.75142 3.46491 25.4558 15.6895 -2.20659 67.5468 1.98597 -13 963 1 0 1
-0.51474 1.18191 25.4558 0.175316 1.13412 62.5799 1.94216 -13 964 1 0 1
-0.334923 -1.4228 25.4558 -2.71082 -9.57044 64.4049 1.41197 -13 965 1 0 1
-3.10307 -3.01852 25.4558 -6.59156 -2.07362 53.8378 2.29691 -13 966 1 0 1
0.860088 -0.517454 25.4558 8.33692 2.08255 53.9659 0.566015 -13 967 1 0 1
-4.77111 1.0157 25.4558 -19.632 -0.931649 60.8316 -1.03787 -13 968 1 0 1
-0.594198 -0.956246 25.4558 4.58187 -6.06221 50.2803 0.575692 -13 969 1 0 1
2.16958 -0.914047 25.4558 7.44432 -8.3693 64.2184 -0.0671111 -13 970 1 0 1
1.03651 -1.04919 25.4558 2.7581 5.34752 67.933 -1.13205 -13 971 1 0 1
-2.80328 1.3501 25.4558 0.212487 7.74905 31.3497 -0.942845 -13 972 1 0 1
-2.43936 -0.809378 25.4558 -0.677859 1.72926 34.0621 -0.793737 -13 973 1 0 1
-0.48452 0.991805 25.4558 -4.75746 5.36521 69.1914 -0.600712 -13 974 1 0 1
-0.333263 -1.92294 25.4558 -8.58449 5.48269 74.0426 1.67713 -13 975 1 0 1
-0.797404 -4.26977 25.4558 -2.37194 -11.9113 61.3265 0.395183 -13 977 1 0 1
-0.265503 0.404128 25.4558 -8.09646 -3.20676 71.1377 -1.4002 -13 979 1 0 1
-2.71272 0.14845 25.4558 -8.03211 -1.77683 59.356 -1.38325 -13 980 1 0 1
-0.267698 0.862039 25.4558 -2.1953 -4.1638 63.0698 -0.654066 -13 981 1 0 1
1.06136 3.44943 25.4558 4.46997 8.51694 64.4164 -0.639053 -13 982 1 0 1
1.51155 -2.25999 25.4558 0.00528069 4.00049 73.4262 -0.290061 -13 983 1 0 1
8.364 -5.37043 25.4558 18.6889 -8.73939 31.243 1.28998 -13 984 1 0 1
1.08056 1.26245 25.4558 6.30903 6.53101 60.0101 0.915085 -13 985 1 0 1
-1.83665 -1.81802 25.4558 -6.37225 -4.63918 61.2171 -0.271594 -13 986 1 0 1
0.875018 -3.43325 25.4558 3.95869 -16.0724 60.026 0.472302 -13 987 1 0 1
-3.46705 6.41899 25.4558 -1.95301 8.8269 24.0146 -0.0331436 -13 988 1 0 1
1.21584 -2.33579 25.4558 2.12954 -6.37249 69.893 1.1071 -13 989 1 0 1
0.366497 0.901959 25.4558 -1.98992 -7.28763 69.8493 0.319662 -13 990 1 0 1
-2.6998 3.91341 25.4558 -3.5386 6.60617 51.4378 -2.17671 -13 991 1 0 1
-4.08533 2.51984 25.4558 -4.25398 4.69292 42.1722 0.899847 -13 992 1 0 1
-0.512105 -2.22608 25.4558 5.98592 -5.32676 50.2186 1.6743 -13 993 1 0 1
3.9141 -9.93644 25.4558 13.3154 -20.4768 43.3427 -0.724427 -13 994 1 0 1
2.10126 0.31956 25.4558 8.1508 3.83623 64.0512 -1.75971 -13 995 1 0 1
-1.0359 0.247244 25.4558 -7.96266 0.0614794 68.5921 0.250074 -13 996 1 0 1
-1.58988 0.589301 25.4558 -0.275821 2.68291 48.4319 2.45648 -13 997 1 0 1
-2.15676 -2.22355 25.4558 2.21988 -6.05195 19.3384 0.551042 -13 998 1 0 1
1.66494 -0.87414 25.4558 8.61182 -1.37131 56.5236 0.0200696 -13 999 1 0 1
-2.02979 -1.51137 25.4558 -1.56107 -4.91424 47.9883 -0.499464 -13 1000 1 0 1
